Pesos v (Entrada -> Oculta):
-0.457135 0.583330 -0.795734 -0.945759 0.577438 -0.506278 -0.913224 -0.453073 0.501993 0.809716 0.938347 -0.779845 -0.946779 -0.429083 0.691560
0.484912 -0.654734 -0.295065 -0.228097 0.456829 -0.282742 -0.937463 -0.588904 0.239217 0.982376 -0.040703 0.956385 0.025276 0.173889 -0.239384
-0.331877 -0.818620 0.764992 0.777087 -0.362059 0.208203 0.218887 0.030004 0.654210 -0.749473 -0.282562 -0.475476 -0.991092 0.236377 -0.244418
-0.006639 0.708070 0.464608 -0.966535 0.130155 -0.263523 -0.216926 0.179752 0.591093 -0.735275 -0.109998 0.865332 -0.892635 0.215355 -0.887323
-0.412845 0.225624 0.316298 -0.494424 -0.968396 0.942575 0.677827 -0.654726 0.071070 0.312230 0.171469 -0.288698 -0.848630 0.242317 -0.436213
-0.029902 0.308518 -0.988325 -0.188939 -0.079094 0.061839 0.980971 0.324692 0.445440 -0.096371 0.568291 -0.724906 0.538710 0.931965 -0.416097
-0.060090 0.853651 0.082150 -0.316026 0.134586 0.097623 0.814027 0.610170 0.988543 0.271976 -0.749634 0.189427 -0.805559 -0.314165 -0.152684
0.264001 -0.995271 -0.268176 0.480481 0.702251 -0.926856 0.419547 0.984769 0.244678 0.681512 -0.151426 0.585229 -0.901372 -0.099431 0.093626
-0.079489 -0.285765 0.746630 0.716098 -0.158904 -0.089971 -0.698879 -0.764803 -0.684999 0.847155 0.260959 0.791439 0.607339 -0.686771 0.957096
0.857917 0.876654 0.743404 0.256790 -0.803564 -0.746817 0.930764 -0.969700 0.106666 -0.553120 0.213670 -0.460033 0.508117 -0.413239 0.080643
-0.355092 0.274304 -0.292471 0.565964 -0.751952 -0.671349 0.171924 -0.515411 0.987717 -0.817576 0.572138 0.101460 -0.665773 -0.369467 -0.265985
0.412601 0.873714 0.732645 -0.848102 0.254327 0.174641 -0.494714 -0.233595 0.310894 0.736173 0.902334 -0.817077 0.652751 -0.227738 -0.474697
0.244450 0.068404 -0.387294 -0.783110 -0.426762 0.072463 -0.201481 0.528066 -0.896393 -0.689050 0.020706 -0.696468 -0.852496 0.653413 0.675521
0.347216 -0.810622 0.206178 0.528234 0.160884 0.168988 -0.603612 0.882629 0.228092 0.812764 0.956483 -0.219691 -0.254184 -0.153060 -0.841368
-0.195048 -0.522192 -0.290743 0.365221 0.557858 -0.403295 -0.935958 0.252309 0.736569 -0.184918 0.578571 -0.635800 0.707379 -0.658968 -0.795659
-0.733771 0.625423 0.757257 -0.138597 0.922593 -0.968347 0.945216 0.183063 0.769863 -0.242986 0.355211 -0.589726 0.924024 0.902756 -0.739202
-0.639401 -0.857891 0.270765 -0.917023 0.780783 0.867687 -0.117094 -0.125255 -0.187406 0.221707 0.822995 0.169979 0.528982 -0.929852 0.539619
-0.975055 0.529559 -0.960256 -0.024022 0.312225 0.010533 -0.751754 -0.799189 0.930714 -0.469319 0.775565 0.638288 0.666049 0.798559 0.027153
-0.743720 -0.877603 -0.389131 -0.470371 -0.641625 -0.739409 0.567516 0.187919 -0.650447 -0.019139 -0.519299 -0.955223 0.812068 -0.721883 -0.961945
-0.317781 -0.862652 0.644643 0.490594 -0.752545 -0.091353 0.239444 -0.997626 0.316830 -0.638537 -0.073762 -0.306831 -0.355726 -0.338617 -0.835245
-0.980035 -0.150066 0.472970 0.242339 -0.459404 -0.877458 0.407564 0.077710 -0.855151 0.249972 -0.134394 0.708737 0.444093 -0.238810 -0.689670
0.575468 -0.166870 0.943949 -0.933309 0.331874 0.050533 -0.531369 -0.538762 -0.469866 0.055629 -0.339420 -0.540876 -0.692960 0.253738 0.302859
0.743473 -0.673611 0.073607 0.427937 -0.929101 -0.635148 0.399529 -0.011892 0.705330 0.135232 0.875449 0.627087 -0.199556 -0.087360 -0.700175
-0.667391 -0.827255 -0.758221 0.562296 0.910785 0.906542 -0.441856 -0.175851 0.995580 -0.999792 0.798641 0.606923 0.563556 0.932058 0.060123
0.557225 -0.410344 -0.563317 -0.164452 0.896819 0.220400 -0.919147 0.887426 0.050072 -0.524714 0.257288 0.173959 0.659557 0.038743 -0.156151
-0.631357 -0.782955 -0.224757 0.334070 0.046823 0.671201 0.316694 0.339460 -0.308796 0.362014 0.182077 0.808615 -0.096938 -0.815391 0.443794
0.369473 -0.071963 0.750267 -0.356566 0.796510 0.674916 -0.187189 -0.651481 0.654256 -0.304280 -0.309904 -0.308308 -0.240173 -0.760592 0.127387
-0.307424 -0.509460 -0.049985 -0.282209 0.460965 -0.722318 -0.545185 0.038711 0.485573 -0.819037 0.842969 0.271280 0.064846 0.509645 -0.116195
0.702084 0.462940 -0.168304 -0.488220 0.345018 -0.013240 -0.627378 -0.416780 0.188271 -0.014670 0.202116 -0.228346 0.017784 0.650516 0.862447
-0.182433 0.652307 -0.930859 -0.585095 -0.186386 -0.305566 -0.444952 0.406670 0.894733 -0.838046 0.424138 -0.172716 0.964138 0.268696 -0.646201
-0.675701 -0.735670 -0.401994 0.351499 0.089673 -0.442911 0.591488 -0.303117 0.293128 0.358791 -0.138206 -0.941052 -0.250586 -0.668153 0.995723
0.155030 -0.666067 -0.390351 -0.125163 0.126471 0.727265 -0.151673 -0.021260 -0.689670 -0.469432 -0.217483 -0.905479 0.721871 0.218335 0.860592
-0.423584 0.601418 0.210654 0.585797 -0.978350 -0.136171 -0.339053 -0.275577 -0.431165 -0.054153 -0.585610 0.367772 -0.980537 -0.849627 0.029237
-0.598707 0.031079 0.980259 -0.120941 0.029728 0.103628 -0.717584 0.042002 -0.837232 -0.919911 -0.672251 -0.314925 0.468501 0.815566 0.232923
0.038428 -0.212022 -0.784598 0.271692 -0.250003 0.594270 0.494699 0.765487 0.657728 -0.738691 -0.176005 0.936445 0.564972 0.371773 -0.598616
0.226854 -0.262129 -0.415990 0.623258 -0.550541 0.426737 -0.563348 -0.353778 0.815547 0.929182 -0.056464 0.874403 -0.178885 -0.996138 -0.287259
0.498957 -0.419165 -0.171503 -0.394685 -0.997266 -0.094947 0.745850 0.711605 0.001034 -0.750766 0.779163 0.402163 -0.115981 0.131458 -0.096034
0.605716 -0.725150 0.594130 0.372769 0.674066 -0.111221 0.441553 -0.343659 0.047023 0.399809 0.953373 0.707286 0.262647 -0.445212 -0.269401
0.681664 -0.979122 -0.929740 -0.145500 -0.504974 0.101273 0.330032 -0.410595 0.660457 -0.673757 0.709425 0.091891 0.975198 -0.935086 -0.509610
-0.624203 0.151985 -0.187146 0.208262 0.081026 -0.059032 0.499143 0.321970 -0.700629 -0.809624 0.015108 0.918072 0.035961 -0.946872 -0.299110
0.709390 0.308643 -0.436452 -0.532514 0.822283 0.761252 0.066412 -0.547820 0.776613 -0.022867 -0.993003 -0.414370 -0.896270 -0.914155 -0.524071
0.357352 -0.537912 -0.393220 0.860858 0.075498 0.960448 0.798118 -0.721490 0.601781 -0.869693 0.176344 0.002722 0.372777 -0.142087 -0.348571
-0.422489 0.321798 0.560715 -0.058635 -0.870956 -0.251802 -0.568384 -0.726422 0.863679 0.423127 0.718039 0.926479 -0.027654 0.258349 0.046459
0.646687 -0.252069 -0.116489 0.184690 -0.711298 -0.188162 0.749201 -0.506840 -0.853322 -0.394396 0.640536 -0.448627 0.282318 -0.552191 0.493708
0.921351 0.092856 -0.000188 -0.766542 -0.142766 -0.657884 -0.532974 -0.310759 0.795654 0.224436 -0.754772 -0.324591 0.730219 -0.952618 -0.645675
-0.987811 0.853952 -0.446807 -0.848330 -0.712673 -0.477216 0.079073 0.303805 0.224581 0.219539 0.704368 -0.693418 -0.789910 -0.605725 -0.690602
-0.459087 0.545004 0.358170 -0.456857 0.862379 0.267793 -0.664883 0.836740 -0.157213 -0.525583 -0.282072 0.546523 0.919905 0.744804 0.667375
0.648239 0.435775 0.117103 -0.466796 -0.740339 -0.468457 -0.390218 -0.377940 0.129376 -0.083330 -0.579218 0.915504 0.144778 0.512963 -0.157453
-0.655223 -0.059582 -0.179944 -0.573217 -0.542019 0.146790 -0.500277 0.743890 0.500517 0.219398 -0.643452 0.832634 0.860887 0.623223 0.949454
0.620668 0.405285 -0.412159 0.017993 0.749552 -0.914344 -0.681439 0.878926 0.617205 0.993209 -0.968089 -0.027008 -0.786889 -0.613198 0.062068
0.209807 0.664966 -0.223602 -0.124297 0.178871 -0.134602 0.377389 0.605396 0.625542 -0.721383 -0.479629 0.762421 -0.612473 0.164434 -0.234763
-0.249095 0.820045 0.827622 -0.872048 0.608770 -0.172239 0.422466 0.140605 -0.766104 0.555416 -0.815978 0.574308 -0.433436 0.849305 0.256905
0.482167 -0.793357 -0.421826 -0.081690 0.710152 0.232882 0.780345 0.630276 0.864038 0.457333 -0.754023 0.987044 0.548319 -0.338958 -0.581318
-0.553339 0.759841 -0.825116 0.806437 -0.313201 0.833990 0.223684 0.753040 -0.513916 0.535466 -0.458964 -0.976720 0.348101 -0.222803 0.961148
0.329356 0.584231 0.992720 0.723852 -0.089713 0.308465 -0.773707 0.792206 0.792336 0.795402 -0.210140 -0.223209 -0.317375 0.413212 -0.597428
-0.924334 0.640066 -0.663413 0.242319 -0.664290 -0.094287 -0.653501 0.406895 -0.766872 -0.211750 -0.990941 0.625975 -0.931842 0.610189 -0.994511
-0.885702 0.180325 -0.137484 0.604690 0.743813 0.468523 -0.007166 0.407717 -0.724816 -0.304061 0.203121 -0.601946 -0.668320 0.245328 0.371376
0.905556 0.679386 0.871759 0.635372 0.527089 0.599938 -0.125812 0.835607 0.880349 -0.254250 0.375232 -0.703701 0.652596 0.130243 0.615447
-0.541213 0.062989 0.820988 -0.970022 0.643349 0.819972 -0.758681 -0.309849 0.542521 0.891022 -0.397697 -0.346333 0.172133 0.549617 -0.130045
-0.223576 0.741422 0.299099 -0.372720 -0.955786 0.652965 -0.562438 0.577238 -0.332871 0.205813 -0.683336 -0.635946 0.681107 0.730978 0.610941
0.661006 0.135367 0.837925 -0.303168 0.266744 -0.300369 -0.159806 0.425926 0.331626 -0.010085 -0.875175 -0.996139 0.131791 -0.734034 0.363566
0.485688 -0.989022 -0.951947 0.527886 0.235106 -0.944251 -0.328506 0.306654 -0.277008 0.871183 0.517848 0.359870 0.786872 0.711288 -0.946989
0.513946 -0.016735 0.072707 -0.466063 -0.906702 0.246344 -0.538553 -0.006425 -0.568590 -0.569786 -0.688591 -0.412790 -0.250320 -0.734943 -0.305520
0.865651 -0.263998 0.612670 -0.092762 0.084252 -0.435536 0.375562 0.008670 0.971537 -0.192491 0.396457 -0.638665 -0.657780 -0.085418 0.990508
0.727503 -0.755727 -0.143594 0.150199 0.765077 -0.763296 0.281794 -0.550355 -0.456935 0.025526 -0.967032 -0.824316 0.247608 -0.583659 -0.217095
0.868408 -0.673959 0.630115 0.847252 0.578781 0.851711 -0.006400 -0.956511 -0.721370 -0.865949 -0.751208 0.087121 -0.629106 -0.765248 -0.934548
0.277203 0.411889 0.293992 -0.593873 0.859789 -0.007831 -0.758318 -0.655789 0.682983 -0.938874 0.647306 -0.204801 0.392882 -0.532732 0.338611
-0.635584 0.361300 0.227592 -0.649801 0.087619 -0.047826 -0.377519 -0.491114 0.682173 -0.020381 0.476996 0.607742 0.012279 0.779673 -0.769395
0.805785 -0.291726 0.757686 0.987210 0.029728 0.306048 -0.499583 0.928420 0.943510 0.937609 0.273206 0.723239 0.979702 -0.883169 -0.118037
0.351022 -0.059020 -0.528853 -0.346231 0.094732 -0.112428 0.178718 -0.146748 0.087828 0.160727 -0.303445 -0.765835 0.334527 0.187472 0.196738
0.517078 0.904351 -0.424212 0.598564 0.898187 -0.186406 -0.626243 0.049529 0.224936 0.420641 0.916450 0.715009 -0.245595 0.493438 0.320203
0.399012 -0.066304 -0.100589 0.041068 -0.639673 -0.615916 -0.731642 0.392152 -0.239742 -0.065384 -0.266276 -0.519510 -0.509034 -0.061443 -0.564398
-0.091160 -0.259800 0.922667 -0.849398 -0.886014 0.819639 0.022606 -0.895780 -0.625574 -0.828252 0.398474 -0.130787 0.903529 -0.171125 -0.121152
-0.682351 0.081599 0.000027 -0.033192 0.485918 0.372481 0.939489 0.365416 -0.786115 0.459876 0.008603 -0.200907 0.653523 -0.799442 -0.539210
0.430274 -0.827095 -0.714943 -0.638088 -0.984376 0.910328 -0.281326 0.779154 -0.165240 0.879559 -0.424488 -0.479652 -0.883556 -0.147533 -0.652177
-0.035552 -0.060936 0.826587 0.726504 -0.190737 -0.840214 -0.397251 -0.454207 -0.187508 -0.481509 -0.204788 0.778986 0.629899 0.428350 0.388169
0.566483 -0.363537 0.439292 -0.794560 0.319448 -0.496559 -0.388412 0.700283 -0.796512 -0.705654 -0.269379 0.014519 0.150253 -0.628522 -0.768989
0.924503 -0.690904 0.025923 0.432182 0.547124 -0.342399 0.281402 0.185538 -0.810270 0.639418 -0.198860 -0.149934 0.141483 -0.699072 -0.424248
0.375462 0.409842 -0.431178 0.551555 0.529507 -0.265259 0.423733 -0.266632 -0.423712 -0.299264 -0.011768 0.358221 0.547406 0.159336 -0.244859
-0.198399 -0.443651 -0.113600 0.850378 -0.084923 -0.816107 0.613139 0.329346 0.681602 -0.804445 0.779581 -0.658974 -0.171170 -0.208398 0.937292
0.261062 -0.073369 -0.580985 0.524499 -0.226214 -0.428405 -0.977151 0.165102 0.994941 -0.298467 -0.289815 0.720260 0.927895 0.346670 0.029110
0.084571 -0.119643 -0.967924 0.106728 0.030098 -0.125567 0.448302 -0.196022 -0.344766 0.513048 -0.719723 0.366062 0.610079 -0.415688 -0.037366
-0.237931 0.824595 -0.601147 -0.123841 0.690859 -0.314253 0.026602 -0.871078 0.832875 -0.339072 0.394081 0.968282 0.258334 -0.425876 -0.344573
-0.766230 0.409052 0.108086 0.519458 0.215244 -0.280972 0.458380 -0.042353 0.798171 0.295970 -0.646379 -0.621611 -0.401149 0.523773 -0.010962
-0.529887 -0.457184 0.457613 0.694278 0.820100 -0.820731 0.840470 0.811053 -0.251207 0.282715 0.971735 -0.720025 -0.617029 -0.564550 0.134206
-0.357040 0.143546 0.847582 -0.241829 0.602409 -0.455510 -0.626371 -0.481258 -0.062051 0.327159 -0.879251 0.779044 -0.862445 -0.844610 0.368731
-0.524274 0.822275 -0.604716 0.344715 0.274083 -0.918033 0.876080 -0.727925 -0.923445 0.082529 0.307309 -0.181773 0.684954 -0.159758 -0.233384
0.643819 0.968320 -0.532123 -0.174108 -0.148877 0.679147 -0.464252 -0.521512 0.990126 0.855151 -0.433858 -0.088166 -0.933317 0.233947 0.252909
0.936307 0.510807 0.727384 0.396868 0.095604 -0.415212 -0.061529 0.388223 -0.668791 0.614194 -0.339925 0.902824 -0.003978 -0.502044 0.081848
0.881552 -0.014651 0.230026 0.635701 -0.920121 0.690118 -0.564534 -0.078500 -0.757510 0.108105 -0.666760 -0.769625 -0.073039 -0.511671 0.106116
-0.974386 0.667731 -0.388081 0.362461 -0.604474 -0.310384 -0.164784 0.379338 0.712902 -0.176017 -0.329537 -0.164000 0.852165 0.052334 -0.543884
-0.760776 -0.972595 0.415116 -0.436345 0.147956 0.752722 0.101504 0.592930 -0.583027 0.233595 0.783357 -0.019112 0.710412 0.773805 0.208744
-0.283981 -0.193286 -0.101153 0.509587 0.860918 -0.266957 0.230437 0.741370 0.618585 -0.375424 -0.793946 -0.965013 0.161228 -0.098399 -0.031549
-0.074072 0.297923 -0.155697 -0.302580 -0.838963 -0.046856 -0.690611 -0.211903 0.500270 -0.840446 0.842026 -0.481591 0.035274 -0.000989 -0.410336
-0.423898 0.174323 0.778393 -0.107737 -0.370695 0.714812 0.951106 0.246550 -0.135255 -0.701780 0.990641 -0.081028 0.046184 0.732299 -0.700058
-0.943068 -0.135749 0.219297 -0.563945 -0.532541 -0.427421 -0.116311 -0.428920 -0.068552 -0.549835 0.077315 0.098996 0.688085 -0.382571 0.467323
0.233648 -0.018660 0.287782 0.115293 0.571979 -0.719888 -0.423317 -0.171894 0.994613 0.688267 0.700776 -0.382127 -0.693828 -0.283742 0.815561
0.561709 0.569127 -0.888361 -0.087994 0.695818 -0.099314 0.063748 -0.301828 -0.350437 0.731402 -0.470162 0.654174 -0.492486 0.131579 -0.045945
0.120601 0.249121 0.236770 -0.249039 0.388443 0.401841 -0.189567 -0.917089 0.652364 0.850330 -0.360605 -0.805997 -0.366432 -0.072968 0.350551
-0.834404 -0.767135 0.083091 -0.632244 0.077165 0.681955 -0.352118 -0.851038 0.045584 -0.202202 0.999080 0.746923 -0.189684 0.820149 0.866971
-0.386574 -0.704648 0.805343 -0.344962 -0.635124 -0.400460 0.620620 -0.039120 -0.428408 -0.651471 0.483350 0.105732 -0.982322 -0.903030 -0.797969
0.229198 -0.899744 0.631774 0.030711 -0.029438 -0.393920 0.255588 0.158519 0.138925 -0.690461 0.905654 0.848250 0.767687 -0.679869 -0.194430
-0.926227 0.638304 -0.818844 -0.347395 0.803670 0.802982 0.564688 0.530909 -0.682658 -0.768718 0.989748 -0.896781 -0.782563 -0.569738 0.640245
-0.462300 0.240609 0.144991 -0.137820 0.285017 -0.523005 0.604312 -0.248022 -0.504077 0.419334 -0.562957 -0.700078 -0.627883 -0.009061 0.240607
0.852690 0.867284 -0.029326 0.143503 -0.236161 0.186395 -0.485687 -0.065418 -0.358896 -0.616420 -0.041868 0.802465 -0.855816 -0.564004 0.874162
-0.429504 -0.743262 -0.922469 -0.012199 0.163853 -0.779682 -0.650365 -0.540123 0.866380 -0.089652 0.964679 0.245652 -0.540444 -0.611532 0.932567
0.785190 0.231801 0.347323 0.677053 0.317059 0.444576 -0.811562 -0.358992 0.637418 0.668175 -0.231756 0.351327 -0.348156 -0.700934 -0.609248
0.502414 0.145475 -0.244168 -0.320185 -0.241773 -0.195998 -0.496012 0.258891 0.895438 -0.498973 -0.467665 -0.193706 0.842228 0.953042 -0.318056
-0.811327 0.439381 -0.629266 0.108207 0.157894 -0.108323 -0.799909 -0.614256 -0.591476 -0.155195 0.118758 0.944350 -0.231805 0.732069 0.917247
-0.639783 0.918224 -0.670801 0.694884 -0.917076 0.671504 -0.889608 -0.853491 -0.035886 -0.947313 -0.462432 -0.460024 -0.645381 -0.949360 -0.577696
-0.842916 -0.244489 0.312114 -0.520499 -0.997738 0.203841 0.958741 0.292465 -0.992153 -0.803333 -0.351432 -0.244987 -0.115620 -0.282624 -0.678182
-0.997798 -0.946111 -0.458010 0.425906 -0.147447 -0.225450 0.796916 -0.408996 0.220535 -0.731712 0.670506 0.498693 0.949278 -0.348868 0.270815
0.302509 0.828397 0.560515 0.621216 0.776041 -0.371778 0.624410 0.635593 -0.325167 -0.854691 0.001498 0.456955 0.206009 -0.017823 0.263043
0.088791 -0.847009 0.079831 0.836298 0.611818 -0.543430 0.068867 0.945776 0.401370 0.304149 -0.525200 -0.482251 0.622178 -0.560524 -0.033145
0.155383 -0.991259 0.235552 -0.858297 -0.362148 -0.811077 0.118763 -0.040629 -0.658038 -0.581304 -0.601739 0.287240 0.919928 0.048627 -0.599444
0.495205 0.377970 -0.008020 0.029444 0.400478 -0.883668 0.742720 0.871340 -0.837973 -0.820165 0.822834 0.661651 -0.777666 0.861124 0.870960
-0.017934 -0.909877 -0.396456 -0.323204 -0.226787 0.420118 0.308471 0.372473 0.544388 -0.618579 0.924771 -0.402964 -0.870600 -0.862000 -0.782567
-0.670915 0.250991 0.476494 0.248544 -0.910528 0.855088 -0.938231 0.437031 0.118326 -0.391562 -0.773360 0.857190 0.237347 0.287424 -0.823004
0.442385 -0.043714 0.958669 0.987532 -0.122984 0.653573 -0.974526 0.570579 -0.084002 -0.122536 -0.429154 -0.878740 -0.427535 0.242682 0.681857
-0.631929 -0.070502 0.241630 -0.897806 0.812120 -0.262218 0.535942 -0.711404 0.268647 0.172724 0.834926 -0.324318 0.373293 0.741369 0.753164

Bias v0 (Oculta):
0.038447
-0.704528
-0.398317
0.440094
0.781362
0.365118
0.484593
0.905000
-0.635791
0.002336
-0.284543
0.569607
0.679668
-0.331876
-0.796160

Pesos w (Oculta -> Sa獮a):
-0.825778 -0.232618
0.381988 0.590574
0.139625 -0.402191
-0.998311 -0.614939
0.740275 0.303392
-0.539265 0.023467
-0.730206 0.155756
0.030633 -0.296280
0.163995 -0.138885
0.542701 0.388623
0.111385 -0.119264
-0.833759 0.359963
0.440513 -0.233815
-0.868891 -0.172873
-0.109867 0.283402

Bias w0 (Sa獮a):
-0.909689
0.526671
