Pesos v (Entrada -> Oculta):
0.635284 0.907713 -0.231110 -0.519289 0.315458 -0.921872 -0.272660 -0.505137 0.213610 -0.502752 0.634146 -0.181761 0.684604 0.757550 0.388404 -0.206141 0.806023 0.045787 -0.333252 0.096719 -0.400387 0.757592 0.667415 -0.250153 0.005504 -0.743396 -0.268644 -0.721773 0.451243 0.052118 0.757828 -0.029487 -0.036096 -0.933719 0.597963 -0.285898 -0.709996 -0.755155 0.784627 0.745284 -0.646630 0.797843 -0.634258 -0.971613 -0.279277 0.619847 0.350747 0.913998 0.178850 0.315740
0.271483 0.117418 -0.218331 0.171770 -0.011010 -0.380777 -0.561776 0.255460 0.023561 -0.145546 -0.199256 -0.428203 0.607344 -0.501065 0.049579 0.197182 0.635309 -0.114524 0.548044 -0.927938 -0.283511 -0.819590 -0.171962 -0.323639 -0.036118 -0.093616 0.454040 0.366206 -0.787766 -0.723391 0.470891 -0.907454 0.453895 -0.396049 0.834165 0.607042 0.257843 0.073913 0.194267 0.743991 -0.941106 -0.336406 -0.253255 0.538002 -0.063545 -0.995562 0.801964 -0.389084 -0.758180 0.968808
0.634761 -0.482955 0.912624 -0.724183 -0.974586 0.173948 0.928157 -0.770118 0.326057 0.128216 -0.292123 0.655838 -0.131688 -0.041166 -0.864231 -0.826648 -0.098031 -0.091636 0.665505 -0.867710 0.665515 -0.601951 -0.115674 -0.159379 -0.877893 -0.585365 0.086935 0.433207 -0.455911 0.912658 -0.928563 -0.994894 0.851226 -0.445614 -0.312323 -0.244376 -0.167598 0.517434 0.369023 -0.597587 -0.323921 -0.332328 -0.247673 0.974289 0.701524 0.438415 -0.052278 0.628644 -0.337588 0.603970
-0.308539 -0.457521 0.380262 -0.332185 0.696249 0.786210 -0.263162 -0.531482 -0.661421 -0.979575 -0.337549 0.573378 -0.075545 0.999507 -0.757366 -0.920339 0.693230 -0.954204 0.643213 0.733041 -0.739838 -0.416275 -0.636606 -0.623848 0.875919 0.847789 0.351509 0.284042 0.035575 -0.319454 0.718389 -0.804066 0.311053 -0.449879 0.182342 0.596109 -0.878214 -0.225999 0.351991 0.829829 0.141056 0.242864 0.446576 0.345410 0.037640 -0.925972 0.502353 -0.463210 -0.956925 0.555926
0.995382 -0.043003 -0.671206 -0.676869 0.588863 0.426313 0.829930 0.362952 0.780174 0.243621 0.696246 0.765760 -0.562266 0.496631 -0.411264 -0.499698 -0.167548 0.037350 -0.675760 0.770135 0.548570 -0.500934 0.204087 -0.171910 0.812251 -0.029334 -0.343399 0.507430 -0.068154 0.868262 0.385733 0.753540 -0.819451 0.913340 0.927459 0.251936 0.114597 0.664974 -0.693895 -0.367281 0.960411 -0.775347 -0.300017 0.960387 -0.698067 -0.798507 -0.738835 -0.701442 -0.032768 -0.614232
0.897048 -0.004828 0.056073 0.430661 0.295038 -0.678204 0.998835 -0.824378 -0.128233 -0.180556 -0.488514 0.968593 -0.222845 0.190156 -0.866289 0.179864 -0.112026 0.399067 -0.420644 0.266586 -0.874500 -0.020046 0.012464 -0.598753 0.141415 0.245197 -0.649725 -0.831954 -0.244798 -0.650361 0.242472 0.784989 0.647759 -0.177873 -0.778478 0.659661 0.294825 0.073564 -0.760644 0.894656 -0.709318 0.222036 0.682663 0.187290 -0.679940 0.725411 0.344823 0.636687 -0.139902 -0.534250
0.402830 0.191641 0.401124 -0.924239 -0.618715 0.426314 -0.962898 -0.563504 -0.493508 0.524138 0.739954 0.774091 -0.550169 0.393836 -0.838417 0.669154 -0.893460 0.394020 0.721580 -0.818226 -0.691192 0.778972 -0.853406 0.215591 0.298538 -0.904317 0.524451 -0.590583 -0.734511 -0.045951 -0.546824 0.690391 -0.183869 -0.160688 0.461986 0.091336 0.448394 0.803513 -0.015584 0.184773 -0.400053 0.833573 -0.102663 0.148486 -0.561062 0.672541 0.669845 0.381367 -0.203402 -0.182034
-0.698776 -0.403627 -0.850207 0.317412 -0.797163 -0.079374 0.628277 -0.397200 0.330212 0.761173 0.316456 -0.207544 -0.881115 -0.628518 -0.652669 -0.078422 0.483481 -0.623274 -0.233520 -0.758484 0.275142 0.968027 0.459907 0.060124 0.497908 0.367748 0.750901 -0.362222 -0.835045 -0.722468 -0.002682 -0.731926 0.042286 -0.031649 0.290236 0.880033 0.463184 -0.370391 -0.894714 0.921492 0.933317 -0.811909 -0.022033 -0.160792 -0.238109 -0.675898 -0.769580 -0.024917 -0.110590 -0.132583
-0.841029 -0.653966 0.358855 0.199015 0.933959 -0.630984 0.552223 -0.933989 -0.679378 -0.068801 -0.125527 -0.618041 -0.059525 0.335078 -0.646025 -0.057750 -0.025885 -0.477473 0.841423 0.420533 -0.207222 0.859481 -0.625124 0.113154 0.527537 -0.420944 -0.963643 0.428701 0.601643 0.960506 -0.379744 0.503395 0.028965 -0.969102 0.159249 -0.050632 0.835385 -0.129690 0.127192 -0.269666 0.732958 0.297645 -0.478544 -0.220250 -0.750826 0.462996 0.599238 0.415189 0.374997 -0.037035
0.352779 0.282818 -0.264249 -0.220833 0.959573 0.598445 -0.064228 -0.589162 -0.605682 -0.487317 0.159524 0.066561 0.081968 0.558405 -0.364922 -0.327056 -0.863809 0.263176 0.501153 -0.839525 0.112459 0.356164 0.513224 0.566645 0.900290 0.255151 0.722045 -0.268076 0.679139 -0.160915 -0.535305 -0.397920 0.727063 0.276696 -0.303939 0.199232 0.282143 -0.225908 0.988670 -0.562305 0.518637 -0.140885 0.538792 0.178494 0.865637 -0.329558 0.097060 -0.486373 0.412425 0.606333
-0.702053 -0.116384 -0.301906 0.916712 0.569444 0.581551 0.322506 0.576720 -0.338317 -0.025762 0.586835 -0.240917 -0.544540 -0.988242 -0.128865 0.956908 -0.845864 -0.903763 0.602254 0.667044 -0.516925 0.056509 -0.959196 0.069617 0.509511 0.429774 -0.511214 0.510574 0.773828 0.736740 -0.410338 0.789512 0.366772 0.221608 0.661782 0.740396 0.989568 0.320933 0.431459 0.075613 0.726930 -0.061187 0.259958 -0.987608 -0.050185 -0.934094 -0.755944 -0.691590 -0.345564 -0.683483
0.996822 0.140347 0.286752 -0.685210 -0.592242 0.396578 0.363119 -0.858607 -0.562568 -0.039440 0.240488 -0.165073 -0.840302 0.631441 -0.665618 -0.451530 0.381743 0.392781 -0.572681 0.356957 0.025454 -0.208322 -0.322966 -0.872329 -0.410119 0.384188 -0.238862 -0.884086 -0.803007 0.286901 -0.103621 -0.107192 -0.523556 0.215274 0.332177 -0.960368 -0.981655 0.950480 0.637550 -0.711260 0.077242 -0.179525 -0.755428 -0.863828 0.699202 0.892545 0.631381 -0.034033 0.645192 0.406541
-0.223816 -0.741000 0.482262 0.895371 0.070133 -0.909621 0.254561 0.158808 -0.568679 -0.941204 -0.020326 -0.610924 0.148328 -0.806589 0.367113 0.481694 0.463511 0.128735 0.868043 -0.867490 -0.035228 0.549916 -0.503828 0.060629 -0.135051 -0.710796 -0.521967 -0.282467 -0.036056 0.675312 0.321570 -0.706797 0.315665 0.933898 -0.849102 -0.801746 0.111996 0.197765 0.525280 -0.604049 -0.705386 0.774021 -0.571101 0.554235 0.800322 -0.549141 -0.777036 -0.770475 -0.881202 -0.582622
0.871353 -0.795587 0.532632 -0.397384 0.282304 0.275419 -0.359243 0.718213 0.427011 0.231291 -0.831219 -0.197539 -0.163843 -0.031332 -0.108295 -0.409743 0.601536 -0.647627 0.685354 -0.220663 -0.307305 -0.147435 -0.475369 -0.065467 -0.719705 0.234531 0.414617 0.199051 0.582269 -0.567964 0.563988 0.189194 0.553388 -0.814815 -0.782138 -0.148353 0.474464 0.699775 0.025928 -0.597491 0.962406 -0.823810 0.058868 0.779561 -0.461666 0.558327 0.625486 -0.266795 -0.672533 -0.700797
-0.924840 0.573333 -0.345023 -0.903442 0.268325 -0.708102 0.858819 -0.245160 -0.994871 -0.283951 0.978225 -0.595492 0.892104 -0.870368 -0.860358 -0.468933 -0.032053 -0.447382 -0.837810 0.220605 -0.122553 0.144442 -0.932697 -0.158778 0.040852 0.125836 0.403904 -0.214434 -0.799701 -0.659116 -0.409887 -0.374706 -0.968615 0.909016 0.730335 -0.019959 -0.278249 0.019550 -0.964807 0.254956 -0.568394 0.389637 0.966686 0.198704 -0.844905 0.605799 -0.864745 -0.806925 -0.052186 0.599070
0.779472 -0.926676 -0.272069 -0.744899 0.964232 0.048637 -0.352706 -0.314272 0.292776 0.206533 -0.701871 0.026841 0.070108 -0.003536 0.767709 0.091746 -0.393748 -0.815527 -0.073181 -0.176390 -0.868375 0.014658 0.074260 0.130194 0.195625 0.508566 -0.601689 -0.155740 0.506890 -0.025335 -0.205800 0.569097 -0.684993 -0.874676 0.455529 0.692177 0.566671 0.988637 0.321183 -0.854567 0.535970 0.355648 0.861335 0.405626 0.043267 0.212698 0.184126 0.408197 0.270663 0.674771
-0.119674 0.003852 -0.182003 0.424182 -0.477390 0.739344 0.295676 -0.661790 0.220443 -0.335925 -0.774522 -0.065004 0.621832 -0.808341 -0.228663 -0.023535 -0.924173 -0.233857 -0.745218 0.385428 0.943155 0.163566 -0.263437 0.212623 -0.780450 -0.696064 0.738519 0.236680 0.023263 -0.225975 -0.822975 0.787015 0.956949 0.085374 0.785167 -0.316987 -0.156801 0.899237 0.004912 0.591469 -0.764410 0.129782 -0.006249 -0.524475 -0.962790 0.782249 -0.276821 -0.185112 -0.700563 -0.313742
-0.268767 -0.522162 -0.721030 -0.773275 -0.149413 0.289978 0.762051 0.533602 0.928592 -0.810547 -0.403537 -0.747624 0.213147 -0.513660 -0.502054 -0.300345 -0.375614 0.503364 -0.163970 -0.897262 0.555128 0.147727 -0.708165 0.341598 0.819070 -0.456037 -0.603734 -0.065349 -0.027814 -0.602643 0.161044 -0.269496 0.983638 -0.439224 -0.594615 0.827558 0.281645 0.021149 -0.038698 -0.069133 0.625917 -0.655724 -0.760955 -0.877089 -0.351631 -0.307484 0.655776 -0.068603 -0.829155 0.282794
0.207368 0.296421 -0.971410 -0.122449 -0.692703 -0.940777 0.587991 -0.094678 -0.648763 -0.287395 -0.182142 0.933411 0.514105 -0.256596 -0.232279 0.900133 0.002206 0.809340 -0.529755 -0.396330 -0.783618 0.395054 0.299948 -0.138603 0.951733 -0.246852 -0.727091 0.175706 -0.985129 -0.073328 -0.463116 0.245196 0.575538 0.811383 -0.704641 -0.435387 -0.744815 0.085643 0.148712 -0.998213 0.814053 0.885403 0.367203 0.482057 0.428848 0.909475 -0.709765 -0.591340 0.015428 -0.650430
0.034650 0.680731 -0.179098 -0.161279 -0.882034 -0.826948 0.866022 0.884971 0.133977 -0.689733 -0.280367 -0.520249 0.489997 -0.723868 -0.075216 0.696501 0.688190 0.119809 0.679253 -0.376009 -0.556786 -0.849606 0.259081 0.895754 0.533340 -0.934749 0.382963 -0.147822 -0.429010 0.103621 0.504095 -0.285461 -0.532539 0.390643 -0.079295 0.364596 0.946946 -0.292686 -0.041981 -0.370589 -0.752363 -0.173760 0.342385 0.442746 -0.109992 0.711015 -0.086415 -0.483200 -0.825587 0.405750
-0.717440 0.948600 -0.004239 -0.048993 0.280764 -0.387860 0.042391 0.623381 0.493539 0.042586 0.339369 0.129738 0.485591 -0.457637 0.473029 0.038942 0.200996 -0.533609 0.074029 -0.226842 -0.140486 0.506753 0.916643 -0.827375 -0.845663 0.804494 -0.840833 0.385453 -0.818848 0.809649 -0.275454 0.333172 -0.452644 0.990197 -0.430948 -0.320477 0.348988 -0.096035 0.640408 0.426379 -0.530242 -0.847571 0.071599 0.633389 0.632893 -0.814138 -0.865585 -0.569323 -0.803093 0.093807
0.290750 -0.524671 0.295500 0.305234 -0.271976 0.941750 -0.370528 0.406711 -0.945032 -0.201529 0.483247 -0.217579 0.069152 0.306173 -0.732229 -0.385024 -0.763366 -0.807451 0.808883 0.587804 -0.147171 0.480783 0.256415 0.206245 -0.073949 0.971826 -0.353105 0.158962 0.108409 0.757077 -0.014736 0.801781 0.644214 -0.472198 0.063111 -0.606687 0.305644 0.585778 0.124859 -0.480716 -0.996665 0.580573 0.811346 0.613450 -0.019090 0.398275 0.266291 -0.406838 0.358644 -0.713237
-0.321269 0.300136 0.095962 0.035245 -0.818066 0.633942 -0.522661 0.941709 0.814713 0.865212 -0.738644 -0.559453 -0.545139 -0.341760 0.882105 -0.498329 -0.024534 -0.009075 0.127221 -0.439024 -0.231369 0.149854 0.260533 0.119758 -0.224502 0.954456 0.442045 -0.308188 -0.441591 0.694566 -0.345783 0.517282 0.660594 -0.178264 0.325569 0.499182 0.123859 -0.021497 -0.069014 0.703769 -0.229742 -0.609968 0.492527 -0.558251 0.205105 0.929933 0.430509 -0.337820 -0.989907 0.615503
0.690845 -0.434274 -0.167063 0.304026 -0.443044 0.286681 -0.676604 0.960242 0.373392 0.258842 0.305861 -0.685324 -0.353595 -0.461627 -0.305497 0.572521 -0.195600 -0.167910 0.313686 -0.754517 -0.119475 0.303970 0.746134 0.184086 -0.753929 0.248736 0.754709 -0.748442 -0.638524 -0.514224 0.412180 -0.992495 -0.482882 -0.628366 0.386583 0.514710 0.081268 -0.634447 -0.880852 0.303623 0.277362 -0.011853 0.623719 -0.505860 0.380458 -0.896172 -0.920211 -0.762714 0.967284 0.518262
-0.211656 -0.831053 -0.289041 0.954179 0.687626 0.299409 -0.761688 0.981797 -0.147729 0.459754 -0.976832 0.048450 0.454035 0.013924 0.559003 0.352739 -0.606465 -0.144614 -0.166364 0.194857 -0.115167 0.331691 0.088484 -0.787251 0.268303 -0.039167 -0.772324 -0.043163 -0.424532 -0.905225 -0.764040 0.777823 0.225114 -0.723701 -0.644942 0.593020 0.609431 0.735683 -0.260081 -0.908287 -0.579905 0.235119 -0.001512 -0.694819 -0.725264 0.423635 0.828272 -0.483958 -0.881842 -0.663323
0.235487 0.979937 0.959359 0.172873 -0.808713 -0.536053 0.547773 0.023808 0.064893 -0.958872 -0.831971 -0.642626 -0.855364 0.527415 0.003206 -0.787115 -0.535747 0.799242 0.113323 -0.255437 0.032926 -0.666396 0.501636 0.114039 -0.416118 0.878945 -0.448485 0.897469 -0.012422 0.414959 0.821668 -0.025827 -0.108513 -0.715235 0.671755 -0.054268 0.001112 -0.916886 0.524774 -0.780304 -0.755260 0.773889 -0.299628 0.137594 0.545257 0.699902 -0.617608 -0.445157 -0.664795 -0.959602
-0.054268 0.080768 -0.157691 0.626167 -0.516572 -0.405016 -0.581746 -0.170281 0.516162 -0.510974 0.582603 0.844490 -0.549088 0.462669 0.743754 -0.480304 0.840536 0.274642 0.453938 0.016376 -0.511502 -0.068940 -0.491950 0.140517 -0.470855 0.433346 0.363620 -0.988442 0.263572 0.901421 -0.773187 -0.929000 0.207899 0.534030 -0.758866 0.331994 -0.710835 -0.614711 0.031901 0.567423 0.535472 0.896704 0.184491 -0.902243 0.811656 -0.608040 -0.819714 0.277677 0.590698 -0.570274
0.456067 0.361119 -0.833688 -0.993800 -0.361477 0.244194 0.138867 0.251868 -0.962477 0.302071 -0.582142 0.682160 0.570119 -0.587096 0.621097 0.748161 0.788362 -0.630798 -0.208925 -0.506376 -0.177596 -0.716651 -0.955613 0.536179 0.327647 -0.079787 -0.991710 -0.542028 0.495475 0.827834 0.758208 0.905895 0.248111 0.010167 0.661976 -0.329501 -0.421752 0.175678 0.327170 0.775013 -0.462583 0.380154 0.748928 -0.181554 -0.761316 0.413893 0.177501 0.056386 -0.222199 -0.189015
0.208712 -0.885776 0.122122 -0.085510 0.308234 -0.007850 0.845107 -0.874389 -0.588952 -0.660832 -0.435484 0.478294 -0.764143 0.281131 -0.953865 0.162266 -0.622886 -0.365135 -0.901720 0.349558 -0.598059 0.098473 -0.589101 0.060541 0.325060 -0.602241 -0.017939 -0.872738 0.298107 -0.749778 -0.959923 -0.363653 -0.518191 -0.980572 0.583708 0.884118 -0.094406 0.697977 -0.031401 -0.880293 0.421447 -0.897385 -0.016988 0.217329 -0.542222 -0.208574 0.957843 0.764720 0.993510 0.349567
0.964356 -0.243510 0.014473 -0.236784 0.527113 -0.584627 -0.678673 -0.318424 -0.517016 0.058111 0.699798 -0.055917 0.450280 -0.635436 0.198714 -0.392390 0.975627 0.216450 -0.592019 0.549600 -0.609928 0.411981 -0.906149 -0.572742 -0.470991 0.551758 -0.644678 -0.934943 -0.811675 -0.307074 -0.590733 -0.952581 0.099791 0.579378 0.777339 0.865681 0.776354 -0.226773 0.377008 0.747633 0.519844 0.609436 0.396769 -0.615498 0.816289 -0.705075 0.324745 0.536458 -0.918192 0.835586
-0.820653 0.028096 -0.903982 -0.314710 0.762800 -0.841581 -0.101655 0.455056 -0.112337 0.388773 -0.789668 -0.076749 0.333798 -0.268936 -0.453752 0.714365 0.892749 -0.904631 -0.983325 -0.830427 -0.039107 0.337516 0.399088 -0.627481 -0.626562 0.421719 -0.102688 0.344472 0.796912 -0.611984 -0.483637 0.717593 -0.523361 0.189522 -0.729762 0.885569 0.368787 0.004396 -0.041606 0.863151 -0.279208 0.183462 0.842552 0.387816 -0.970022 0.225785 -0.363262 0.686843 -0.697389 -0.122400
0.608515 -0.344076 0.540110 -0.441549 0.258704 -0.510497 -0.470820 -0.349335 0.757101 -0.507714 0.735506 -0.871037 -0.375296 -0.540604 0.767668 0.666127 0.178971 -0.198257 -0.552278 0.867070 -0.948894 0.678137 -0.831114 0.696570 -0.194210 -0.994452 -0.897300 -0.257350 -0.769801 0.858602 0.157020 0.132693 0.757841 -0.739130 -0.295296 -0.395149 0.577371 -0.479109 0.372525 -0.658517 -0.436480 -0.359692 -0.478916 -0.595104 -0.481854 -0.308181 -0.421048 0.016387 -0.691291 -0.662094
-0.880754 0.648638 -0.235852 -0.444842 -0.560918 -0.252205 -0.750834 -0.109675 0.803821 -0.691090 -0.726544 0.706859 -0.452206 -0.681187 0.594288 -0.794225 -0.862184 0.771317 -0.606089 0.902259 0.752794 -0.602627 0.577815 0.121022 -0.911525 -0.531901 -0.074372 -0.466897 0.987187 -0.074654 0.070175 0.239860 -0.260976 0.032440 0.494412 0.945861 0.941474 0.176930 0.303198 -0.765096 0.577061 -0.903614 -0.469235 -0.935189 -0.366118 0.017578 0.815070 -0.797713 -0.284742 -0.276928
0.513846 0.840605 0.803385 0.885008 0.193748 0.236210 -0.500595 0.111859 -0.240366 -0.438284 -0.666135 0.666497 0.265188 0.443693 0.480163 0.667469 -0.397500 0.148089 0.235576 -0.950789 -0.136655 0.256181 -0.704786 -0.756571 -0.660934 -0.970282 0.432516 0.745884 0.615090 -0.180246 0.542349 0.830259 -0.248345 0.769929 -0.888168 -0.401684 -0.409371 -0.931579 -0.085875 0.625558 0.933477 -0.459776 0.594981 0.095475 0.230846 -0.622714 0.408944 0.609577 0.792326 -0.514235
-0.624288 0.310178 -0.066264 -0.162927 0.633546 0.865083 -0.184002 0.976338 -0.377318 -0.239944 0.860420 -0.930240 -0.900002 0.129869 0.593206 -0.156053 0.246609 -0.010494 0.946150 -0.870521 0.656750 -0.084027 -0.617557 0.997819 0.755418 -0.244800 0.628221 0.664653 0.174425 0.066091 0.736894 -0.796463 0.913793 -0.665111 0.554664 0.020727 -0.294977 -0.226538 0.755075 0.929550 -0.771439 -0.945241 -0.734879 0.492440 0.256147 0.488413 -0.646405 -0.588914 -0.065445 -0.162222
-0.173579 0.867220 -0.276864 -0.647151 0.045224 0.654660 0.977892 -0.471644 0.565873 0.521295 -0.764014 -0.327651 -0.770340 -0.005578 -0.653340 0.821932 0.246117 0.451332 -0.852315 0.911063 -0.651623 0.485475 -0.353934 0.003049 -0.368944 0.387861 0.400812 -0.986453 0.045969 -0.652217 -0.342299 0.839424 0.872576 -0.568050 0.719796 -0.609334 0.527118 -0.527895 -0.130101 -0.096759 0.547034 0.271045 -0.748553 -0.187831 -0.958625 -0.410730 -0.831936 -0.506852 0.086557 -0.464398
-0.203916 -0.840249 -0.549158 -0.724509 0.987409 -0.831778 0.999713 -0.738147 -0.399203 0.716752 -0.608591 -0.510841 0.212814 0.130225 0.215317 0.858655 0.666946 -0.119970 -0.073654 -0.584218 0.341854 -0.308740 -0.021034 0.049337 0.731801 0.366036 0.489254 0.920694 -0.591171 -0.857254 -0.849073 -0.696370 -0.020488 0.265496 -0.864455 -0.947628 -0.011983 0.419179 0.053595 -0.225508 0.383020 0.229952 0.795355 0.653153 -0.902410 0.311718 -0.755688 -0.514770 -0.919935 -0.573123
0.742287 -0.183006 0.282018 0.202285 -0.763922 0.052201 0.977075 -0.367503 0.534291 0.195240 -0.000140 0.354839 -0.869032 0.479380 0.379278 0.888196 0.678395 -0.450463 0.310263 0.493113 0.346089 -0.557869 0.373959 -0.598501 -0.164180 0.572195 0.604896 -0.496000 -0.395302 0.862719 -0.731024 -0.158750 0.419374 -0.769413 -0.455090 0.448578 -0.843511 0.036427 0.095509 0.125224 0.042474 0.508238 0.612796 -0.105985 0.696951 0.300643 -0.823107 -0.786774 -0.432214 0.054199
-0.625237 0.210487 0.043758 0.571278 0.281229 0.065730 0.168452 -0.803223 0.916390 -0.731738 0.197207 -0.114196 -0.033263 0.023786 0.214457 -0.620052 0.338362 -0.566408 0.839772 0.974411 0.502955 -0.851532 -0.361236 0.126121 0.106569 0.446343 0.145229 -0.245051 0.768093 -0.800453 0.328614 0.610632 -0.088328 -0.066171 -0.329329 -0.554466 0.979897 0.480567 0.380593 -0.376289 -0.806126 -0.635965 0.472897 0.852985 0.757818 -0.832905 0.797774 -0.655172 -0.208727 -0.700083
-0.513181 -0.426045 -0.912626 0.138756 0.127783 -0.636370 0.490957 0.289414 0.169248 -0.620818 0.801637 0.125852 0.582785 0.867992 -0.223845 0.059711 -0.889492 -0.783541 -0.761462 0.754265 0.735167 -0.757961 0.748909 0.281728 0.921044 -0.486440 -0.649680 0.160730 -0.457389 0.361671 0.076722 0.208003 -0.848860 0.845240 -0.947054 -0.880818 0.779681 0.788567 0.664226 -0.250101 -0.751392 -0.286920 -0.498216 -0.734264 -0.251224 0.089469 0.583351 -0.245291 0.862225 0.367267
-0.910043 0.730682 0.143086 0.153220 -0.487001 0.850343 -0.277222 0.362926 0.903803 -0.733263 -0.763969 0.485221 -0.955478 -0.825663 -0.698194 -0.244897 -0.079086 -0.523907 0.168420 0.050159 0.129401 -0.561097 -0.159236 0.825843 0.639777 -0.204893 0.591301 0.789601 -0.815169 -0.534691 -0.217658 -0.518926 -0.155024 -0.559756 -0.368589 0.847729 0.533799 -0.495252 0.452056 -0.690480 -0.962616 -0.635324 -0.616001 0.032403 0.915271 -0.133251 -0.004478 0.865910 -0.871328 -0.928900
-0.506432 0.658604 0.479699 0.791055 0.902989 0.123029 -0.292300 0.355800 -0.226274 -0.857344 -0.873058 -0.262861 -0.032914 0.091990 -0.413108 -0.021704 0.671371 0.872225 0.113071 0.469011 0.748619 0.139241 0.900235 -0.383964 -0.987358 -0.251188 0.602792 -0.609729 0.594966 0.854184 0.872073 0.396438 -0.818081 -0.434026 -0.348379 -0.098077 0.575649 -0.611309 0.074236 0.007397 -0.673080 0.926522 -0.770232 -0.195048 -0.201125 -0.919693 -0.021401 0.687593 -0.579999 -0.076217
0.039223 -0.416321 0.642726 -0.561953 -0.532604 0.497076 -0.462946 -0.918864 -0.241816 -0.765456 -0.320859 -0.564394 0.784905 -0.883252 -0.165281 -0.716864 0.535019 0.503770 -0.460235 0.669917 -0.356255 -0.268596 -0.683096 0.539138 -0.231878 0.979739 -0.832627 0.812555 0.132974 -0.529527 0.037107 0.196240 -0.121629 0.047962 -0.307455 0.520155 0.031186 0.083660 -0.446928 0.587219 -0.699783 -0.938105 -0.949767 -0.345392 0.315060 -0.552397 0.779875 0.850609 0.149300 0.187758
0.601824 -0.548066 -0.788183 -0.506438 -0.982997 -0.046929 0.160143 -0.668902 -0.802116 -0.121089 -0.067149 0.681817 -0.557830 -0.050322 -0.412814 0.599296 -0.551578 -0.385964 -0.075851 0.400050 0.923478 -0.813601 -0.319797 0.532161 0.238493 -0.226116 0.103289 0.755713 -0.974080 -0.603962 -0.726097 -0.068340 -0.220440 0.191960 0.535391 0.443189 -0.766325 -0.190976 0.442513 -0.061752 -0.759695 0.858966 0.892106 0.017221 0.586719 0.770235 0.570945 -0.926542 -0.055753 -0.139650
-0.318906 -0.818337 -0.251994 -0.105390 0.553499 0.383119 0.403451 0.028662 0.590697 0.762686 0.665517 -0.789748 -0.406258 0.859066 0.824991 -0.491979 -0.273022 -0.493712 0.784680 -0.445390 -0.298217 -0.018210 0.537012 0.377544 0.613598 -0.962359 0.736710 -0.853352 0.468171 -0.579514 -0.540122 -0.094219 -0.106685 -0.573896 -0.751184 0.147549 0.093887 0.546359 -0.131228 0.746305 -0.023755 -0.090088 -0.789965 0.312366 0.275343 -0.163123 -0.702955 0.366513 0.546118 -0.028050
0.258296 0.052534 -0.294512 -0.532214 -0.216091 -0.179945 0.885564 -0.435205 0.022377 -0.028458 -0.725532 -0.135222 -0.292676 -0.899371 -0.807477 -0.736869 -0.716218 -0.725110 0.787786 -0.817670 -0.569152 0.322202 0.088479 0.914763 -0.854661 -0.886922 0.697444 0.760553 0.646757 0.194138 0.811021 0.044237 -0.909398 -0.628703 -0.261601 0.366354 0.250773 0.727058 -0.676944 -0.766591 -0.199347 0.073880 0.457765 -0.445401 -0.654648 0.381637 -0.044508 0.877508 -0.787838 0.380976
0.051131 0.323504 -0.343820 -0.396415 -0.023778 -0.753176 -0.480489 -0.324410 0.187549 0.540365 0.615127 0.622351 0.931254 -0.068239 -0.031586 -0.454448 -0.085154 0.676968 0.283246 0.130264 0.565925 0.450592 0.978496 -0.389705 -0.936856 -0.793917 -0.951138 0.577654 0.412827 -0.092870 0.504445 -0.571285 -0.966531 0.839684 -0.920445 0.307028 -0.346180 -0.512870 0.382554 -0.181393 -0.342033 -0.582303 0.985459 -0.679630 -0.474232 -0.846522 -0.266035 -0.830235 0.891419 0.347191
0.957855 0.229846 0.069809 -0.498047 -0.004633 -0.167926 -0.290890 0.608725 -0.804165 0.981371 0.518452 0.479422 0.075850 0.997388 0.626444 0.209187 0.181961 -0.198425 -0.574495 -0.669672 0.617656 -0.209309 -0.902563 -0.512832 0.243002 -0.788853 -0.460622 0.590262 -0.126409 -0.602585 -0.614355 -0.233373 0.456983 0.633429 0.506554 -0.121878 0.818691 -0.195740 -0.138481 -0.467585 -0.244740 -0.246401 0.998445 0.381886 0.698703 0.148772 0.885496 0.660953 -0.219567 0.625212
0.063809 -0.403074 0.138353 -0.260039 -0.746010 -0.366799 -0.457981 -0.272514 -0.410899 -0.169257 -0.642238 0.381771 -0.254843 -0.607602 -0.153909 0.376972 0.917809 0.987537 -0.350222 -0.798700 -0.603351 0.520664 -0.317516 0.651015 -0.540705 0.393478 -0.614487 -0.830129 0.283442 -0.129712 0.168945 0.518394 -0.969459 0.091125 0.755693 -0.918042 0.985600 0.534282 -0.634163 0.951755 -0.194562 0.818824 0.018310 -0.324001 -0.784240 0.716408 0.646345 -0.762881 -0.786495 0.584808
-0.700868 0.676988 -0.886619 -0.491345 0.924405 0.221610 0.698895 -0.945198 0.021238 0.795312 0.987728 0.772934 0.839119 -0.583880 -0.326929 -0.333185 0.648950 -0.277530 -0.424837 0.791532 0.859261 0.175713 0.590844 0.668136 -0.470563 -0.296484 -0.764172 -0.804771 0.300768 -0.981033 0.260604 0.563649 0.480180 -0.531400 0.375240 -0.047376 -0.554491 0.047575 -0.002683 0.977985 0.828263 -0.713501 0.448682 0.526640 0.245178 -0.171886 -0.320080 -0.092809 -0.076037 0.835634
-0.282049 0.196767 -0.944810 0.060917 0.715561 0.029943 -0.768848 -0.327871 0.224978 -0.896782 0.812842 0.560534 0.333327 -0.210331 -0.643922 0.129189 -0.383987 0.256800 -0.726637 0.250390 0.137300 0.395843 0.716073 -0.434910 0.487662 -0.350881 -0.670918 -0.241652 -0.319723 0.209301 -0.569435 -0.481823 0.141427 0.407866 0.884247 0.435761 -0.354078 -0.012023 0.458938 -0.105244 -0.710991 -0.910828 0.886937 0.193556 -0.268935 0.888699 0.938264 0.970388 -0.016911 0.682853
-0.100940 -0.378594 0.312742 0.210066 -0.030313 0.968444 0.478303 -0.020228 0.459084 0.937691 0.718255 -0.164260 0.596217 0.181441 -0.380670 -0.796134 0.359171 0.404685 0.986374 -0.958911 0.698879 -0.715200 -0.842231 -0.978704 0.465849 0.346994 -0.877037 -0.682111 0.404771 -0.883188 -0.570549 -0.868337 -0.252335 -0.933743 0.042919 0.177828 -0.732676 -0.857185 0.720665 -0.761976 0.962182 -0.443338 0.217312 -0.408322 0.970054 -0.433491 0.777763 0.151771 -0.391363 -0.513546
0.071961 -0.275687 -0.710920 0.806135 -0.894243 -0.212611 -0.246991 0.130555 -0.715490 0.953310 -0.646936 -0.203359 0.073238 -0.012370 0.053643 0.713029 0.549445 0.948215 0.152035 0.772423 0.342986 -0.986948 0.657207 0.676324 0.710333 -0.982374 0.567135 0.191681 -0.561622 -0.349080 0.895306 0.884654 -0.687045 0.162345 0.733455 0.756507 -0.456681 -0.126975 -0.275835 0.629077 0.553819 -0.903838 0.594550 -0.942726 0.489769 0.426647 0.639919 -0.063211 -0.634364 -0.408747
0.913349 -0.886589 0.159354 0.866842 0.938371 0.076294 -0.116097 -0.148192 0.584671 0.012881 0.584161 -0.776516 -0.807286 -0.892424 -0.645240 -0.589916 -0.376416 0.800013 0.943851 -0.168226 -0.253899 0.572118 0.949064 0.213440 -0.262004 0.482531 -0.106832 -0.218233 -0.273860 0.670685 -0.413346 -0.790366 -0.822854 -0.689232 0.484001 -0.695256 -0.125300 0.107502 0.818509 0.250570 0.112543 0.913513 0.545957 0.283919 0.818066 0.751637 -0.096174 -0.277368 -0.667491 -0.245569
0.184532 -0.254197 0.822884 -0.904500 0.461384 -0.188616 -0.174968 -0.221937 -0.749883 0.053875 0.215090 0.466628 0.433432 -0.265868 -0.800863 0.287887 -0.633902 0.612288 -0.313199 -0.382195 0.955723 0.635024 0.929412 -0.938978 0.019517 0.749608 -0.206535 -0.742686 0.559675 0.967906 0.252048 -0.384623 -0.784046 0.008155 -0.370262 0.524647 -0.433073 0.213422 0.835477 -0.388392 0.546778 -0.168068 -0.790374 -0.230099 -0.059203 -0.027455 -0.763766 0.543172 0.109608 0.446626
0.509485 -0.312222 0.983320 0.204028 -0.769490 0.204719 0.889300 -0.002744 -0.692802 0.257369 0.860816 -0.589770 0.130311 -0.810243 -0.387977 -0.467626 0.828082 0.539446 -0.767692 -0.006573 0.423031 0.496740 0.949912 0.576032 0.800640 -0.718323 0.466878 0.543542 0.065935 0.291895 -0.407264 -0.803726 -0.015165 0.146194 0.868225 0.382968 0.219706 0.577397 -0.242882 -0.026328 0.126696 0.838455 0.378612 0.593022 -0.271738 -0.118298 -0.212774 -0.465362 0.399896 0.306635
0.621771 -0.478713 0.608110 -0.707464 0.674348 0.558425 0.858044 0.380689 0.307120 -0.169414 -0.545727 0.274797 -0.044604 -0.091272 0.338085 -0.150907 0.976310 -0.258375 -0.306591 0.491103 0.060666 -0.900830 0.897656 0.833961 0.340585 0.033976 -0.724483 0.927791 -0.783119 0.589240 -0.222235 -0.205083 -0.157172 0.518974 0.700584 0.797951 -0.627967 -0.838932 -0.626796 -0.171208 0.946735 0.919017 -0.772111 -0.304425 -0.626873 -0.065858 0.878349 0.137458 -0.061600 0.643187
-0.129534 -0.124022 0.960415 0.503702 -0.232085 -0.077529 -0.931133 -0.447614 0.297445 -0.570695 0.226110 0.609082 0.361559 0.646321 -0.995166 0.273600 0.816801 -0.707111 0.069901 0.175425 0.295277 -0.583891 0.417266 0.815619 -0.291421 0.934276 -0.128198 0.518360 -0.585796 -0.942588 -0.150443 -0.107349 0.407519 0.996421 0.023559 -0.555691 -0.487924 0.319457 0.454321 -0.752994 -0.200001 -0.615912 0.284079 0.537932 -0.949368 -0.400843 0.436420 -0.065502 0.994702 0.485955
-0.685259 -0.118736 -0.356749 -0.106937 -0.954441 0.265738 -0.185857 0.702940 0.582164 -0.327264 0.009090 -0.674660 0.058949 0.372116 0.165029 -0.825062 0.141472 -0.932777 -0.653871 -0.273346 -0.785574 0.918370 0.950738 -0.296789 -0.510464 -0.453320 0.973757 0.694140 0.188987 0.421320 -0.852273 0.814736 0.839232 -0.487099 0.919629 0.127570 -0.008640 0.623913 0.222453 -0.053072 -0.035340 -0.885428 -0.307561 -0.925260 0.668594 -0.390403 -0.395801 -0.339719 -0.423037 -0.339867
-0.832925 0.040266 -0.553561 -0.524979 -0.188922 0.630236 0.952041 0.737867 -0.290152 0.691888 0.991409 -0.291373 -0.188819 -0.189970 -0.889500 0.442730 -0.472417 0.370256 -0.090607 0.176117 0.846324 -0.263959 0.919880 0.580487 -0.915292 -0.000828 0.955294 0.311722 -0.586699 0.789342 0.242737 -0.981573 0.431534 -0.759376 -0.422884 0.662609 0.984076 -0.845884 0.911338 0.110237 -0.200937 -0.996462 0.570723 0.723244 0.650368 -0.613780 -0.238189 -0.310682 -0.584656 0.919408
-0.093431 -0.644797 0.422840 0.194155 0.797096 0.163082 0.822444 -0.567959 0.938730 -0.809701 -0.435899 -0.336605 0.150796 -0.658168 0.206004 -0.644227 0.653528 -0.241495 -0.418185 0.400876 0.166699 0.918528 0.371176 0.407372 -0.230170 0.578887 0.826532 -0.562931 0.380479 -0.382192 -0.917561 0.703246 -0.333740 -0.254467 -0.697031 -0.415265 0.477854 0.604226 -0.281819 0.469640 -0.253928 -0.891258 0.459059 0.928471 -0.824355 -0.347717 0.798276 -0.788944 0.587959 -0.794523
-0.063023 0.575592 0.405568 0.440275 0.323081 -0.127870 -0.886599 -0.501476 -0.991402 0.924992 -0.719364 -0.149707 0.306331 0.806237 0.825075 -0.496213 0.961485 0.305314 0.433809 -0.853961 0.895089 -0.128427 -0.155020 -0.083045 -0.849641 -0.203698 0.209468 0.097203 -0.945949 -0.189803 -0.015510 -0.737100 -0.507943 -0.587928 0.898888 0.266965 -0.076027 -0.891815 0.403632 0.201545 0.979669 0.033972 0.080502 -0.673009 -0.330312 -0.316953 0.544452 0.740839 0.859032 -0.386911
0.280242 0.090132 0.442711 0.732584 -0.302624 0.266537 -0.608244 -0.686335 -0.634602 0.673685 0.410007 -0.995536 -0.748115 -0.828468 -0.265115 0.889807 0.316952 -0.448092 0.046464 0.211092 0.576783 -0.407651 0.966061 -0.612684 0.944549 0.754041 0.181810 0.797787 -0.370884 0.384482 0.645519 0.531066 -0.640990 0.217963 0.373577 -0.222636 -0.959517 0.399373 0.743388 0.168161 0.016007 -0.757273 0.642114 -0.337162 -0.130371 0.039920 0.809546 0.162936 0.270866 -0.162766
0.723612 0.121473 -0.496429 0.719364 0.657554 -0.596533 -0.472126 0.915619 0.051194 -0.324464 -0.887665 -0.923080 0.557669 0.766899 -0.059789 0.053561 -0.528484 -0.890936 0.580041 0.044219 0.185136 0.698740 -0.493532 -0.160768 -0.272918 0.070340 -0.854873 0.584019 -0.417896 -0.403728 0.228410 -0.536411 0.642419 0.128390 -0.410073 -0.697977 -0.379772 0.194418 -0.689316 0.464606 0.251680 0.439018 -0.415658 -0.560953 -0.625322 -0.778564 -0.402779 0.587324 0.562886 -0.551280
0.702991 -0.043944 -0.052669 0.573061 0.348512 0.512862 -0.616750 -0.968655 0.750517 0.366943 -0.175636 0.694882 0.399995 0.819736 -0.950306 0.994973 0.801846 0.453237 -0.982446 -0.644921 0.746927 0.017469 0.436481 0.534621 -0.560745 -0.896064 0.807463 -0.357109 -0.350797 -0.266638 0.060051 -0.612466 0.004329 -0.282235 -0.636361 0.650335 0.140424 0.893890 0.930092 0.121957 -0.029733 -0.763716 -0.958685 -0.736419 -0.465039 -0.891977 -0.137842 -0.843015 -0.443486 -0.117343
-0.720354 -0.224056 0.338690 0.486086 -0.375316 0.213638 -0.826900 0.850037 0.841750 -0.915103 -0.894532 0.237263 0.595638 0.705449 0.733170 -0.964889 -0.328682 -0.649293 -0.109938 0.727802 0.974514 0.205633 -0.439590 -0.683405 0.046827 -0.801365 -0.956966 -0.764246 0.364546 0.900951 0.951345 0.597221 0.656030 0.902183 -0.955178 -0.370535 0.402580 0.777274 0.289595 0.208442 0.183621 0.256677 0.502047 0.739765 0.930544 -0.627782 -0.800559 0.654090 0.286444 -0.024564
-0.224155 0.158862 0.760079 -0.522356 -0.968389 -0.883200 0.123870 -0.696146 0.368405 0.635705 0.101893 -0.802428 0.726608 0.681144 0.291572 -0.668453 0.135822 0.433800 0.735958 0.538118 -0.380370 -0.499880 0.383720 -0.784079 0.531345 -0.527017 0.553729 -0.178995 -0.324095 0.421198 0.064054 0.075786 0.710158 -0.632138 -0.513093 0.636013 -0.763416 0.547440 -0.658680 0.857022 0.041556 0.892841 -0.227468 -0.974067 0.379206 -0.174238 0.252859 0.252318 -0.734244 -0.099208
0.088853 0.583082 0.449254 0.294571 0.517276 -0.943252 -0.270215 0.485856 0.646114 -0.708761 -0.723829 -0.538008 -0.030640 -0.424905 0.533654 0.065774 0.571694 -0.522348 -0.899973 -0.944646 -0.032207 -0.208134 0.484185 0.985543 -0.208130 -0.318503 -0.417503 0.369729 -0.687634 0.898499 -0.040640 -0.835372 -0.579578 0.195218 0.001262 -0.333628 0.091873 0.897399 0.224582 -0.503795 0.597295 -0.478306 -0.120756 0.225827 0.112456 -0.086240 -0.560605 -0.984246 0.978611 0.607368
-0.132679 0.378321 0.011949 0.853618 -0.697356 0.254314 -0.511973 -0.846738 -0.352006 -0.263444 -0.194841 0.842288 -0.803652 0.094120 0.638891 0.948453 0.996664 0.724682 -0.913913 -0.626327 -0.290375 0.637504 -0.932314 -0.632910 -0.458201 -0.947574 -0.210906 -0.463383 0.619519 0.635118 0.414920 0.329383 0.980571 0.156235 0.431436 -0.262779 0.112746 0.740740 0.299346 0.423323 0.327323 -0.342869 0.208483 -0.691361 0.631580 -0.681056 0.063595 -0.466999 -0.797612 -0.281328
0.825336 0.153352 0.716122 -0.799037 0.484433 0.115955 -0.073152 -0.797245 0.560806 0.920615 -0.259992 0.305169 -0.589365 0.598232 -0.673385 -0.610956 -0.056707 -0.283002 0.086391 -0.586215 0.765533 0.134978 0.236190 -0.530869 0.008802 -0.045956 -0.203143 0.301447 0.674283 -0.134959 0.549301 0.633650 -0.632743 -0.552918 0.126772 -0.080158 -0.623648 0.043300 -0.147051 -0.575315 -0.920332 -0.880278 -0.381681 -0.509626 0.960808 0.370472 -0.122895 -0.164466 0.336386 -0.025549
-0.024101 0.035591 -0.265568 0.469219 -0.056679 0.219658 0.598150 -0.138590 0.533935 0.631612 -0.223321 -0.305855 0.765359 0.587086 -0.415208 -0.506190 -0.512295 0.161396 0.522951 -0.208335 -0.552278 0.321811 -0.606339 -0.431889 -0.736831 -0.682995 -0.802638 0.687009 -0.711836 -0.286840 -0.079466 -0.813261 0.956685 -0.850376 0.199704 0.705402 -0.691020 0.023244 0.120596 -0.225043 -0.171977 0.950962 -0.247016 0.460807 -0.486428 0.965070 -0.114758 0.622320 0.189177 0.543164
-0.242212 0.202994 0.379369 -0.373722 -0.029811 -0.078234 -0.578702 0.215835 0.620843 0.627322 0.581985 -0.319933 0.991261 -0.475187 -0.480563 0.190173 -0.229475 -0.481833 0.446231 -0.850210 0.263333 0.162376 0.776382 -0.235774 0.398848 0.732546 -0.260452 -0.647958 -0.304476 0.959679 0.794643 -0.920497 0.558924 0.475111 0.720676 0.606206 0.381368 -0.311328 -0.928878 0.264950 0.389295 0.653891 -0.001529 -0.474138 -0.583273 0.999699 -0.969060 -0.266135 0.280343 -0.571504
-0.553068 -0.244083 -0.940132 0.513520 -0.168371 0.092371 -0.921364 0.926553 0.211087 0.162191 -0.163152 0.807600 -0.137141 -0.605133 -0.989260 -0.143945 0.052356 0.318165 0.156136 -0.972065 0.887613 0.840386 0.205765 -0.591078 -0.518296 0.829035 0.354277 -0.670103 0.281635 0.684247 0.439220 0.470260 -0.733322 0.441049 0.554442 -0.536112 0.685548 0.052996 -0.473073 -0.232884 0.026774 0.712802 0.547183 0.831984 0.186582 -0.450989 -0.637329 -0.019293 -0.296779 -0.338750
-0.655099 -0.517797 -0.081116 -0.564215 -0.955808 0.673592 -0.317100 0.885183 -0.343964 0.607935 -0.981743 -0.798670 0.244367 -0.030035 -0.667222 0.821935 0.033741 0.083163 0.860669 -0.991719 0.633024 0.212893 0.514705 0.314191 0.553296 -0.536227 0.803633 -0.236210 0.856930 0.694378 0.322384 0.032959 -0.375887 -0.164648 -0.961318 -0.133712 0.441027 -0.637557 -0.437990 -0.188720 -0.322478 0.384154 -0.354310 -0.738752 0.116143 0.656520 -0.832891 0.217807 0.620237 0.766893
0.508553 0.699712 -0.390621 0.720465 0.194958 0.348926 0.393463 -0.202266 0.410411 -0.100266 -0.922029 0.900539 0.794894 0.740541 0.084595 -0.122160 0.769564 -0.102194 -0.538105 0.967034 0.908007 -0.696677 0.372419 -0.495208 -0.250341 0.730052 0.894728 -0.966951 -0.568478 -0.570232 -0.957933 -0.694705 -0.970416 0.167584 -0.573250 0.243013 -0.372531 0.826749 0.192683 -0.558029 -0.072276 0.672148 -0.765917 0.886270 0.387854 0.183867 -0.237008 -0.140036 0.622299 -0.936720
-0.852962 -0.598369 0.207125 0.634628 0.436021 -0.973791 0.104687 -0.192196 -0.775256 -0.499925 -0.280233 -0.020382 0.924440 0.572987 -0.025904 -0.040879 -0.675387 -0.525373 0.282389 -0.432333 -0.042373 0.681671 0.294212 -0.018982 0.512258 -0.783368 -0.860121 0.983464 0.700670 -0.435851 0.474708 -0.380514 -0.066832 0.787163 -0.187549 0.149566 -0.195387 0.351662 0.360248 0.434761 -0.773899 -0.701629 0.540096 0.362184 0.476956 -0.643018 0.657921 0.111800 0.492977 -0.251191
-0.076396 0.583915 0.133543 -0.428700 0.128941 0.223921 0.925939 -0.102979 0.430853 0.037474 -0.097382 0.763418 -0.924666 0.695113 0.153679 0.352091 -0.479653 0.293258 0.878599 -0.199569 -0.259240 -0.218926 -0.201607 -0.381714 0.023610 0.742264 -0.219752 0.480690 -0.442933 -0.988705 -0.656205 0.008401 0.579443 -0.157100 -0.053289 0.272589 -0.392112 0.149818 0.472213 -0.555363 -0.437941 -0.122339 0.867463 0.518540 0.844282 -0.533544 0.515143 0.097341 -0.814358 0.295703
-0.177259 -0.962917 -0.993772 0.096627 0.155971 -0.202686 -0.617592 0.751768 0.527648 -0.388981 -0.740607 0.992917 0.909174 -0.220960 0.928984 0.744431 -0.455962 -0.428970 -0.233223 -0.781772 -0.536360 0.169274 0.161981 -0.349140 0.906400 0.844402 0.126516 0.936324 -0.082830 -0.118272 0.754553 -0.289860 0.260266 -0.746629 0.421138 -0.471860 0.907427 0.482648 0.456456 -0.053407 -0.646501 -0.504782 -0.308991 0.551998 0.833345 0.098833 -0.308109 0.724607 -0.048376 -0.730364
-0.092329 0.788488 0.491657 0.763064 -0.516886 0.953502 -0.659607 0.777917 -0.720730 -0.816082 0.984164 0.761845 0.951626 -0.432691 0.247738 -0.385217 0.112557 0.210743 0.194713 0.846430 -0.705464 -0.265581 0.310365 -0.813843 -0.300602 0.836639 -0.521210 -0.948439 0.401555 -0.956141 0.095132 0.115404 0.968956 0.501602 -0.590294 0.985229 0.207015 0.249155 0.415552 0.503483 -0.151624 0.309592 0.385503 0.864213 0.920098 -0.480685 0.174396 -0.743372 0.100222 0.483492
-0.004375 -0.290441 0.860594 -0.262979 0.938517 0.255590 -0.261529 0.215916 -0.567551 -0.336902 -0.471993 -0.026406 -0.566893 0.641195 0.911958 -0.505161 -0.455033 0.798330 -0.544596 -0.646093 -0.524564 0.523236 -0.469008 -0.097295 -0.620023 -0.847301 -0.214028 0.863346 0.240882 -0.896116 -0.968452 0.868070 -0.866019 0.077791 0.884746 -0.194855 -0.713658 0.936128 0.275259 -0.186235 -0.843896 -0.718909 -0.535826 -0.794202 0.072800 0.129628 0.378277 -0.864418 -0.853285 0.160169
-0.604610 0.627969 0.085350 0.221053 0.716045 -0.445934 0.436556 -0.373059 -0.101930 0.503804 0.004730 -0.914698 -0.834093 0.128552 0.599844 0.366281 -0.371711 0.395726 0.108060 -0.373174 0.640894 0.055830 0.007880 0.582803 0.706819 -0.000287 0.994492 0.091312 -0.524327 -0.348511 -0.730621 0.053916 -0.906051 -0.302312 -0.275601 -0.406471 -0.068877 0.620073 0.909404 0.797327 -0.234228 0.503130 -0.774314 0.099102 0.722522 0.983589 -0.634789 -0.234082 0.629850 -0.610284
-0.507675 0.796224 -0.129826 -0.196864 0.164235 -0.485613 -0.218935 0.691369 -0.981766 -0.046391 0.130658 -0.299241 -0.032064 0.831904 -0.677074 -0.002962 -0.433028 0.538692 -0.710910 -0.535765 0.364588 0.959873 0.058781 0.145541 -0.893623 0.820215 0.464043 -0.351396 -0.574240 0.804406 0.336791 0.925298 -0.151250 0.476074 -0.877266 -0.271061 -0.973565 -0.365723 -0.522040 -0.883116 0.150887 0.616199 -0.710777 -0.831356 0.378222 0.186895 -0.880961 -0.264663 -0.120363 0.021532
-0.478597 -0.930011 0.670646 -0.925664 -0.502638 -0.239569 0.092595 -0.918675 -0.780616 0.050046 -0.934829 0.336290 0.502950 0.020881 -0.601981 -0.567678 0.640135 -0.959316 -0.604251 0.341215 0.539627 0.174313 0.403416 -0.726079 0.263990 0.453563 0.295672 -0.394510 0.422952 0.901934 -0.105934 -0.286298 -0.117530 0.718757 0.151990 -0.154642 -0.268854 -0.811715 -0.293889 0.552170 -0.206790 -0.862856 0.003856 0.796264 0.686256 -0.857027 -0.288223 -0.965570 -0.630255 0.375576
-0.314862 0.748926 -0.129963 -0.867061 0.277066 -0.865405 -0.407111 -0.940895 -0.234509 0.713716 -0.894073 0.210104 -0.291751 -0.955142 0.505143 -0.037346 0.703928 0.959916 -0.919522 -0.310937 -0.664537 -0.586716 -0.503823 0.662216 0.611763 -0.111581 -0.251501 -0.694803 -0.632374 0.627142 0.833588 -0.005783 -0.155844 -0.286051 0.415753 -0.033272 0.826676 -0.892179 -0.541066 -0.755058 -0.245436 0.072795 0.910501 0.027996 0.770801 0.513933 -0.440314 0.753866 -0.618355 -0.419861
0.716241 -0.109294 -0.353835 0.530449 0.574624 0.694102 0.822262 -0.734921 -0.764730 0.455529 -0.265780 0.232548 0.293734 0.473686 0.700447 0.445146 0.268480 0.516046 0.323753 0.843143 -0.581640 0.937549 -0.549831 -0.491332 0.776715 0.080010 -0.087499 0.488147 0.573148 0.924455 0.416044 0.121503 -0.289101 0.748074 0.547866 0.414109 0.185923 -0.064682 0.571282 0.834134 0.111186 0.779945 0.480653 0.131431 0.182253 0.533468 -0.828868 -0.850741 -0.076281 -0.877926
-0.292924 -0.783920 -0.288229 0.770817 0.351617 -0.463496 0.627657 0.550403 -0.376719 0.005773 0.118251 0.902668 0.058111 0.375409 0.967539 -0.308855 -0.222794 -0.237009 0.985002 -0.355196 -0.447170 -0.391071 -0.728995 -0.596745 0.737506 -0.089419 -0.062164 -0.711325 -0.710494 0.983825 0.616238 -0.799052 -0.283172 0.699282 0.327746 -0.864291 -0.421952 -0.611091 0.012567 -0.489670 -0.889651 -0.993487 -0.221642 0.558015 0.325204 -0.502143 0.092389 -0.130806 0.411122 -0.518391
-0.705466 -0.744394 0.104190 0.642974 -0.596406 -0.812454 0.913442 0.906673 0.463700 0.321801 0.222512 0.342642 -0.179787 -0.319147 0.022071 0.230617 0.883424 -0.653854 0.381116 -0.347519 0.207179 -0.175855 0.513462 0.007310 -0.434927 -0.640293 0.588527 0.503454 -0.666816 0.101290 0.430744 0.681891 0.933072 0.935754 0.838753 0.812065 -0.473410 0.129225 0.938225 -0.864415 0.127667 0.692105 0.883210 -0.990418 0.563993 -0.038943 0.526113 -0.397432 -0.417029 -0.403828
-0.244790 -0.843856 -0.651517 -0.448532 -0.640991 -0.008012 -0.653979 0.843540 -0.409185 0.931468 -0.871722 -0.437501 0.381474 -0.412053 -0.619101 0.334326 0.260502 0.996385 0.738789 -0.137848 0.637211 0.227539 0.338646 -0.458006 -0.709342 -0.084837 0.946493 -0.669077 -0.748853 0.116189 -0.075289 -0.267158 -0.617565 0.812080 -0.566108 0.015882 -0.672141 0.467735 0.942023 0.156407 0.399710 0.153026 0.987034 0.939887 -0.508971 -0.645832 -0.739496 0.351530 0.710618 -0.640594
0.840135 -0.913858 0.094804 0.162193 -0.140297 -0.780401 -0.383404 0.335346 -0.228671 -0.870057 -0.172969 -0.601231 0.005693 -0.493750 -0.411251 -0.816135 -0.510539 -0.919167 0.904822 0.914421 -0.414603 0.544882 -0.115727 -0.458987 -0.172831 -0.772418 -0.024268 0.594911 -0.666032 -0.678161 0.355569 -0.747727 0.893737 0.790653 0.475779 -0.260881 0.284923 -0.274595 0.149687 0.911122 0.140805 0.964779 -0.851875 -0.395136 -0.365402 -0.367237 0.346914 0.078914 -0.933301 -0.817493
-0.525756 0.079752 0.410616 0.329388 0.105011 -0.492818 -0.475479 -0.853700 0.095580 0.095367 -0.716910 -0.943686 -0.978558 -0.257925 0.298922 0.724834 0.048755 0.371562 0.461643 0.221734 0.039712 -0.759463 -0.365657 -0.191701 -0.915812 -0.961360 -0.791827 -0.704404 0.022506 0.364459 0.754621 -0.065651 0.985188 0.552887 -0.607420 -0.462775 -0.090577 -0.157317 -0.865960 0.423809 0.448984 -0.574277 0.294270 -0.825718 0.011824 0.856222 -0.829698 -0.854955 0.471958 -0.399973
0.752125 -0.259245 -0.750689 0.517072 0.574220 0.681409 0.702878 0.472400 0.293421 -0.143671 -0.900528 0.926517 0.683921 0.889582 -0.923505 0.053429 -0.104736 -0.128687 -0.218199 0.476196 0.034293 0.934807 0.083365 0.823510 0.761980 0.172997 0.807882 0.577951 0.660256 -0.115283 0.599045 -0.344140 0.781796 -0.946455 0.102824 0.688690 0.479446 0.160320 0.310597 0.439952 0.878927 0.783888 0.904561 -0.361088 0.564825 0.128493 0.363028 -0.114448 -0.387400 -0.464506
-0.665043 -0.132674 0.687409 -0.643581 -0.453341 0.787119 0.084732 0.030143 0.782196 0.453648 0.569857 0.537985 -0.657798 -0.467118 -0.544566 -0.278827 -0.567378 0.838655 0.667971 0.065163 0.795978 0.216435 0.974160 0.180836 0.953526 -0.125741 0.965158 0.068712 0.345464 0.330808 -0.634409 -0.941468 -0.436844 0.021307 0.835250 -0.717130 0.476699 0.937265 -0.769781 0.755659 0.028696 -0.734529 -0.505000 0.694950 -0.615273 -0.255358 0.190471 0.136762 -0.804395 -0.807542
0.681446 -0.168570 -0.914244 0.113436 -0.641211 -0.066259 0.015811 -0.909653 -0.770536 0.385131 -0.463833 0.801568 -0.028205 -0.339424 -0.060474 0.533895 0.091753 0.614991 -0.935104 -0.921606 -0.701615 -0.973291 -0.019642 -0.130952 0.499851 0.681152 -0.938780 0.087215 -0.079451 -0.791049 0.410607 0.526455 0.444909 -0.495565 0.617608 0.091294 0.281289 -0.652417 0.633782 0.444685 -0.547499 -0.642701 -0.236296 -0.370412 -0.447914 0.463124 0.888153 -0.426406 0.944850 0.325395
-0.732607 -0.475393 -0.367490 -0.752196 -0.401908 -0.520827 -0.161220 0.103693 0.357153 -0.194409 -0.542601 -0.228128 -0.864614 -0.235280 -0.360256 -0.417442 0.540869 0.255046 -0.972787 0.614117 -0.798339 -0.363463 0.155527 -0.862939 0.205137 0.382266 0.384904 0.367859 -0.231202 -0.232739 0.560487 0.330630 -0.270359 -0.504349 0.721772 -0.918929 -0.015193 0.685900 0.922014 -0.937281 0.123766 0.175648 -0.126230 -0.787200 -0.996761 0.401582 -0.679620 -0.351936 -0.815177 -0.871083
-0.466964 -0.590548 0.761756 0.298299 -0.944249 -0.016565 0.728177 -0.966801 0.306179 -0.830075 0.355028 -0.380639 0.451863 0.646883 -0.320939 -0.311129 -0.285687 0.345085 0.764592 0.757816 0.560602 0.573619 -0.424012 -0.164230 0.405988 -0.767148 -0.865257 -0.500566 0.262520 -0.885485 0.991702 0.474629 -0.180628 0.602518 -0.736410 0.912239 -0.601419 0.027865 0.819247 0.326135 0.999362 0.850421 0.076663 -0.645504 0.488630 0.664082 -0.009317 -0.062207 -0.658966 0.130069
0.577573 -0.547809 0.760283 0.005585 -0.561910 -0.543684 0.499468 0.947612 0.925146 0.202512 -0.367427 -0.247181 0.310315 -0.348963 0.199970 0.040166 0.897008 -0.618132 -0.548455 0.593486 0.111041 0.564309 -0.709833 -0.553781 -0.483883 0.726433 0.733161 -0.154969 0.601033 0.915654 0.930111 0.170317 -0.118744 -0.524732 0.843813 0.907980 -0.455631 0.384777 0.642064 0.286054 -0.637875 0.876842 0.386576 0.148357 0.343032 -0.701519 -0.109035 0.098619 0.604656 -0.089690
0.678228 -0.523923 -0.534014 -0.748963 -0.522947 0.833043 0.709489 -0.220409 -0.336585 0.748348 0.401083 0.704925 -0.247099 0.493754 -0.684442 -0.933279 0.996334 -0.337150 -0.163746 -0.842290 0.016382 0.364164 0.014107 -0.501875 0.960428 0.808169 0.377882 -0.566581 -0.829114 0.601739 -0.190096 -0.588184 0.167490 0.644917 -0.851374 -0.520222 0.753633 -0.160239 -0.913244 -0.263690 -0.948779 0.813367 -0.417004 0.057464 0.547536 0.906455 -0.555271 0.739246 -0.323041 -0.545836
0.882565 0.697037 -0.777850 -0.538538 0.671626 0.918529 0.914505 0.280320 0.917651 -0.202104 -0.866057 -0.998511 0.129294 0.526558 0.440847 -0.306018 -0.521394 -0.833173 0.406547 0.875407 -0.222978 0.564911 0.666762 -0.757301 -0.056398 -0.605372 0.308687 -0.564270 0.848320 0.669662 0.483178 0.515306 0.105200 -0.795179 0.593595 -0.829940 -0.398634 0.235954 -0.939058 0.217489 0.130594 0.000633 -0.790315 0.649137 0.929882 0.674022 0.601763 -0.592454 -0.971676 -0.659753
-0.626597 -0.469562 0.883507 0.134803 -0.107319 0.278358 -0.982456 -0.047865 -0.912269 0.670502 0.564827 0.256687 0.148040 -0.000777 -0.021969 0.345986 -0.014612 0.672762 0.967417 -0.205713 -0.213870 -0.821319 0.876651 -0.510041 0.095589 -0.203711 0.613102 -0.446009 0.824189 0.919840 -0.661942 0.187159 0.887152 -0.301200 0.580815 0.790326 -0.376395 -0.722185 -0.692527 -0.105771 0.539641 0.353999 0.844951 -0.748154 -0.095658 -0.128754 0.053870 -0.373819 0.081548 0.410414
-0.957569 0.958680 -0.395161 0.615001 0.000719 -0.879987 0.718426 0.541576 -0.844507 -0.347146 0.590419 -0.406693 0.107110 -0.240725 -0.701620 0.784684 -0.504318 -0.940777 0.627866 0.354170 -0.616488 0.265444 -0.025420 0.321156 -0.830111 -0.887854 0.447884 0.548851 -0.710885 -0.071173 -0.712448 -0.820091 0.363034 0.881410 -0.435507 0.270025 0.208359 -0.471428 0.441937 0.132902 0.750105 0.950798 -0.304440 -0.014328 -0.301198 0.050114 -0.249764 -0.795602 0.629879 0.895286
0.936086 -0.611319 -0.957979 -0.388207 -0.720847 0.268824 0.572064 0.432366 0.313092 -0.868578 -0.634522 0.972551 0.811302 0.395408 -0.553785 -0.528256 0.375081 -0.672743 -0.153435 -0.480423 -0.547949 -0.413912 0.094382 -0.894231 0.511960 0.251480 -0.603075 0.894008 -0.207721 -0.848752 0.880689 -0.650009 -0.814928 0.049479 -0.988570 -0.338685 0.853708 -0.030119 0.148906 0.408402 -0.744733 0.571915 -0.213533 -0.812322 -0.920488 -0.424304 0.557917 0.888946 0.551269 0.781135
0.161626 -0.019664 -0.172969 0.943328 -0.270604 -0.333591 -0.600215 0.915582 0.562759 0.644952 -0.847631 0.574149 -0.719476 0.293700 0.534768 -0.132883 -0.537310 0.673099 -0.413352 0.065584 0.140260 0.535759 -0.767593 0.915052 0.917130 0.483879 0.306951 -0.626776 0.807847 -0.990497 -0.520796 -0.082168 -0.344838 0.621284 0.251268 0.534675 -0.129304 0.803693 0.012677 -0.690248 0.070657 -0.184721 -0.157279 -0.932267 -0.406231 -0.051208 -0.121280 -0.915786 0.460330 0.716184
-0.335378 0.627833 0.910155 -0.160137 -0.238659 -0.211991 0.602572 -0.274181 0.798451 -0.368434 -0.548461 0.987158 0.334289 -0.456312 -0.476880 -0.037755 0.483193 -0.539561 0.368668 -0.886889 -0.085367 0.610559 0.261777 0.000335 -0.081864 -0.915315 0.572604 -0.792774 0.363010 -0.602617 0.945673 -0.846912 -0.402062 0.439697 -0.567755 0.753246 0.789336 0.106767 -0.296509 0.819236 0.783574 -0.599848 0.282643 0.631788 -0.121650 0.242179 -0.961346 -0.640975 -0.508561 -0.682723
-0.402520 0.198815 -0.671394 -0.954773 -0.421970 -0.077552 -0.525380 0.489428 -0.885351 0.879638 0.279388 -0.229510 -0.423690 -0.653270 -0.306161 0.332977 -0.835274 -0.704113 -0.963287 0.019888 -0.566923 -0.706550 -0.854675 0.826225 0.183555 0.593360 -0.830358 0.647604 -0.653893 0.488288 -0.959571 0.678782 0.184180 -0.355291 0.712181 -0.015444 0.698337 -0.214903 -0.371849 -0.574609 0.803255 -0.094838 -0.461305 -0.582126 -0.116643 0.108298 -0.930918 0.942941 -0.374761 0.607511
-0.592647 -0.776704 -0.861520 0.878629 -0.133792 -0.324084 0.663563 -0.773966 -0.851732 -0.447563 0.671153 -0.903964 -0.616844 0.130397 -0.551449 0.072395 -0.104115 -0.407861 -0.281369 -0.188514 -0.778900 -0.769640 0.676099 -0.889759 0.170235 0.557207 -0.343763 -0.345370 0.928681 0.612000 0.516572 0.210990 -0.614386 0.806716 0.666434 -0.437717 -0.778134 0.853068 -0.124668 0.524003 0.052488 -0.445109 0.742212 0.821670 0.770370 -0.637444 0.011616 -0.241284 -0.877501 -0.272596
0.971867 0.401238 0.123360 0.151219 0.979064 -0.061169 0.109817 0.937969 -0.779257 -0.128168 -0.095548 0.627802 0.840228 -0.431890 0.221293 0.342172 -0.796983 -0.638696 -0.186408 -0.059483 -0.316685 0.695135 -0.160048 -0.858587 -0.096306 -0.746948 0.029272 -0.138554 -0.621274 0.395501 0.871027 0.801589 0.894170 0.372188 0.331814 0.903889 0.275027 -0.332610 0.465454 -0.822228 0.619056 -0.379859 0.328014 0.491030 -0.917016 0.684752 -0.091938 0.123238 0.789330 -0.846721
0.989446 0.149992 0.713647 -0.429997 -0.581854 -0.401382 -0.366792 -0.866775 -0.669436 0.864081 -0.126850 0.746413 -0.363500 -0.672987 -0.400910 -0.243923 -0.183085 -0.794877 0.687240 -0.541539 0.139358 -0.219195 -0.221579 0.312805 0.670319 -0.825173 -0.968654 0.143387 0.637148 0.484566 0.491391 0.204731 -0.016519 0.757125 -0.632364 0.941346 0.376665 0.624134 0.512958 0.803666 0.657296 -0.204709 0.122899 -0.335751 0.590891 0.685661 0.455300 -0.561921 -0.755784 0.412306
0.850783 -0.315653 0.431773 -0.047320 -0.318107 0.128762 0.114544 0.872043 0.289078 0.484959 -0.292669 -0.458884 0.790725 0.725996 -0.814010 0.626823 0.279852 -0.077467 -0.010319 0.323533 0.888124 -0.137320 0.635938 -0.944529 0.795467 -0.857327 0.239799 0.475649 -0.488522 -0.174248 -0.163933 0.808510 -0.637408 -0.036955 -0.925860 0.781354 0.049742 0.082695 -0.039881 0.791272 -0.046268 -0.129357 -0.386211 0.182431 0.065459 0.537342 0.143517 -0.710789 -0.038379 0.773114
-0.864921 -0.476921 -0.118598 -0.786189 0.398799 0.675946 -0.795183 0.353940 -0.476967 -0.001887 0.389357 -0.177685 0.771540 -0.658219 -0.163213 0.201358 0.458416 0.981326 -0.557041 0.385087 0.068783 0.965040 -0.867192 -0.792193 0.551286 -0.994544 -0.184632 -0.989642 0.122554 -0.318534 0.461429 -0.855375 -0.448080 0.344087 -0.321683 -0.057718 0.127433 -0.089221 0.374406 -0.405197 0.393403 -0.556928 0.952181 -0.597169 0.359252 0.166142 -0.689965 0.292358 0.673769 0.862593
0.144398 0.307859 -0.365492 -0.335526 0.257744 -0.177341 0.985320 -0.596751 -0.107085 -0.150395 0.086134 0.709866 -0.384647 -0.412658 -0.238465 0.069153 -0.737638 0.887506 0.612563 0.688408 0.667537 0.613466 0.001985 0.472605 -0.707093 -0.677403 -0.384695 0.150098 -0.876076 -0.239063 -0.602089 -0.030106 0.839476 -0.049528 0.234846 -0.416522 0.424287 -0.826623 -0.590242 -0.130988 0.263794 0.468038 -0.805002 0.938647 0.815265 -0.588049 0.120471 0.268621 -0.557136 0.920301
0.714386 0.026200 0.474301 0.571871 0.950517 0.045743 -0.266304 -0.052015 -0.261506 -0.282886 -0.671546 -0.743662 0.755479 -0.904209 -0.514832 0.802049 -0.433971 -0.429289 -0.049778 -0.453880 -0.485660 -0.371898 0.295684 -0.808067 -0.452604 0.964352 -0.356730 -0.661421 0.274548 0.454040 -0.924417 0.680804 0.342398 -0.828103 0.632507 0.453299 0.940593 -0.206879 -0.572941 0.244902 -0.311963 -0.130245 -0.342980 -0.164610 -0.089273 -0.705733 -0.730347 0.915974 -0.399589 -0.850400
-0.952169 -0.312920 -0.877794 -0.776302 0.826267 0.239419 -0.115710 -0.015531 -0.416707 -0.965288 -0.874480 0.607219 0.812082 0.924643 0.389804 0.361512 -0.762986 0.223718 0.345716 -0.129279 0.148699 -0.058352 0.955189 -0.369264 0.757762 0.173517 0.840467 -0.663949 -0.112463 -0.803071 0.997751 -0.282384 0.948410 -0.980620 -0.040489 0.836484 0.663873 0.043456 0.753566 -0.824862 0.148957 0.888040 -0.467698 0.133972 0.471395 0.404364 0.852192 -0.962811 -0.719018 0.591244
-0.216191 0.966645 0.211085 -0.995178 -0.391369 0.877971 -0.905099 0.975912 -0.071169 0.511672 -0.832487 -0.912646 0.053948 0.439450 -0.169907 -0.265200 0.697536 -0.450814 0.105998 0.791587 -0.393456 -0.166774 -0.268476 -0.314278 -0.241696 0.887946 0.873435 0.594818 -0.660553 -0.254438 0.723770 0.959290 -0.160482 0.529021 -0.069865 -0.703112 0.934788 -0.978442 -0.273739 0.837317 -0.486700 0.907781 0.684520 0.313339 -0.810912 -0.156315 -0.094380 -0.750591 0.405281 0.140127
0.705097 -0.236109 -0.064780 0.022355 0.632013 -0.759457 -0.939590 -0.318029 0.376054 -0.896026 0.717462 0.362538 -0.911084 -0.555521 0.569745 -0.540471 -0.255499 -0.093201 0.776802 0.610403 -0.870131 -0.372867 0.521002 0.519013 -0.365336 0.449931 0.380188 -0.362413 -0.893695 -0.980328 0.820470 -0.860652 0.258620 -0.118914 0.218955 -0.589904 -0.960369 -0.123312 0.913923 0.615070 0.903966 0.646159 -0.560845 -0.374502 -0.945524 0.512589 -0.827345 0.536581 -0.659569 0.221034
-0.719060 -0.285285 -0.403028 0.888177 0.266937 -0.146852 0.732921 0.403272 0.111682 0.647991 0.832920 0.336220 0.623601 -0.335869 0.765969 -0.091600 0.703863 -0.176162 -0.881180 -0.086112 0.422667 -0.419863 0.234782 -0.829515 -0.063326 -0.540116 0.758418 0.229900 0.042405 0.055793 0.583776 0.784421 0.200680 -0.091382 -0.154210 -0.754043 -0.577276 -0.477572 -0.878790 -0.519717 -0.814130 0.247444 0.344424 -0.519527 -0.625856 -0.385102 -0.333941 0.180818 -0.753089 -0.427619
-0.879989 0.882934 -0.017998 -0.835545 -0.616163 0.385061 0.093194 -0.600576 0.750491 -0.344201 -0.351537 -0.306292 -0.172860 -0.737277 0.883568 -0.124283 0.098363 0.245136 0.889852 -0.578269 -0.584842 0.465569 0.318399 0.846369 -0.636361 -0.886363 -0.669424 -0.141369 -0.298208 0.698869 0.873892 -0.674708 -0.089477 0.027602 -0.479048 -0.946389 0.924881 0.380760 0.648979 0.120398 -0.803049 -0.143920 0.362350 -0.892297 0.471425 0.949591 0.168934 0.258099 -0.925341 0.494158
-0.294846 -0.109355 0.446796 0.446877 0.559137 0.398007 -0.964796 0.584501 0.178476 -0.690765 -0.186864 -0.891724 -0.844101 0.423973 -0.844833 -0.760464 -0.565573 0.731193 -0.762891 0.331800 0.609699 -0.466312 -0.829661 0.668755 -0.803943 0.898116 0.366168 0.960734 -0.166191 -0.959381 -0.448482 -0.145341 -0.239990 -0.741480 0.951272 -0.487481 0.396236 0.864935 -0.931352 0.534128 0.255310 0.067702 -0.425292 -0.628597 -0.017757 -0.608890 0.960997 0.297799 0.256697 0.442401
-0.209526 -0.090665 -0.423262 -0.828406 -0.937662 0.338112 -0.426886 -0.909783 0.316809 -0.265747 0.386052 0.006460 -0.761044 -0.715401 0.247662 -0.324181 0.853477 0.648612 -0.049177 -0.266384 0.185106 -0.304037 0.746934 -0.073597 0.792458 0.441250 -0.237914 0.052949 0.289679 0.021079 0.160250 0.025813 0.204958 0.855269 -0.922313 -0.389640 -0.599902 -0.201839 -0.025426 -0.023068 -0.131259 0.310861 0.442478 0.631601 -0.918863 0.341805 -0.628678 0.248915 -0.619373 -0.127470
0.735663 0.822931 0.587918 0.134603 -0.321109 -0.218113 0.684258 -0.842554 0.155356 0.536513 0.680833 -0.471291 -0.040723 0.989344 0.478844 -0.113271 0.614520 0.436065 -0.438565 -0.533862 -0.023397 -0.549173 -0.936475 0.535423 0.742928 -0.617769 0.034698 -0.735172 -0.010218 -0.582141 0.156530 -0.907897 0.797801 -0.689682 0.947341 0.096166 -0.856276 0.593476 -0.910599 -0.619257 -0.925263 -0.734941 0.420766 -0.776496 -0.619291 -0.759405 0.400554 -0.472946 -0.979604 -0.007806
0.203458 -0.704651 -0.768471 0.383061 0.849983 -0.689925 0.007641 -0.061343 -0.437825 -0.662418 0.525828 -0.756365 0.828304 -0.107429 0.372706 0.716888 0.621958 -0.609029 -0.054522 -0.669504 -0.925910 0.704255 -0.551463 -0.970088 0.428983 -0.385337 -0.071019 -0.938352 0.601463 0.862907 0.812482 -0.887315 -0.023163 0.141416 0.821205 0.376015 0.619195 -0.743065 -0.784133 -0.236752 -0.716847 0.080047 0.663114 0.556372 0.432681 0.780600 -0.109764 -0.315757 0.548839 -0.929633

Bias v0 (Oculta):
-0.598970
0.200624
-0.573757
-0.172705
-0.709491
0.351577
-0.272052
-0.514691
-0.966433
-0.022706
0.792153
0.504417
0.094310
-0.090066
-0.275835
0.062049
0.123514
-0.427016
-0.027353
-0.715234
0.017920
0.619595
0.382125
-0.660967
-0.816254
0.030327
-0.847682
0.824960
0.211846
0.076135
0.908873
0.881475
-0.401595
-0.107899
-0.580179
0.223522
-0.046088
-0.553699
-0.797977
0.147527
0.160960
-0.445924
-0.858278
-0.584130
0.271032
-0.355112
0.563115
0.084158
0.194983
-0.842184

Pesos w (Oculta -> Sa獮a):
-0.608428 -0.242934
0.555228 -0.279213
-0.951792 -0.354264
-0.227332 -0.413889
0.210540 -0.503026
-0.206888 0.408216
0.108745 0.119867
0.113314 -0.276650
-0.117924 -0.951418
0.146336 -0.016201
0.303907 0.450800
0.976853 -0.938904
0.402707 0.583292
0.003596 0.749449
0.579134 -0.514254
-0.981095 0.500017
-0.955595 0.999709
0.050498 -0.662057
0.454938 -0.134706
-0.048352 0.996535
0.846737 0.792349
-0.234365 -0.472224
0.673256 0.844444
-0.019591 0.276586
0.425698 -0.183977
-0.861487 -0.785457
-0.167744 -0.669581
-0.293590 0.660510
-0.161183 0.287243
-0.227504 0.012408
-0.775572 0.879606
0.102083 0.514756
0.482732 -0.271822
-0.236131 -0.108718
-0.475667 0.627716
0.133869 0.599532
-0.398639 0.641445
0.964419 -0.934758
0.328146 -0.539379
0.799298 -0.098854
-0.998980 -0.125084
0.626694 -0.448819
-0.744559 0.818378
0.662418 -0.488692
-0.348868 0.388635
0.876933 0.815390
-0.624677 -0.152191
0.905961 -0.056034
-0.053345 0.658102
0.968008 -0.663859

Bias w0 (Sa獮a):
0.954522
0.861550
