Pesos v (Entrada -> Oculta):
-0.244499 0.056255 -0.029383 0.545361 -0.781037 -0.931377 0.136357 0.852297 -0.355738 0.078260 0.313669 -0.250024 0.329954 -0.542158 0.662199 0.036829 -0.448307 0.505355 0.790646 -0.962515 0.127299 -0.643714 -0.534312 -0.998764 -0.566446 0.823064 -0.451536 -0.005426 0.191464 -0.825367 -0.076509 0.343937 0.635000 0.554808 0.700343 0.540364 -0.926778 0.258380 -0.402246 -0.030567 0.204748 -0.226921 0.998352 0.122317 -0.476714 -0.136374 0.075925 0.350026 -0.932564 -0.448116
0.647266 0.449349 -0.473305 0.366153 -0.518699 -0.095320 -0.823423 -0.267833 -0.338137 0.525014 0.225983 0.390108 0.123151 0.308750 0.713137 0.735610 -0.768288 0.273068 -0.316457 0.711386 0.690833 0.065803 0.303913 0.573614 -0.663707 0.144786 0.817000 -0.204868 0.760696 0.348544 -0.760003 0.275172 -0.365786 0.987675 -0.550032 -0.401122 0.547438 -0.650601 -0.493930 -0.398753 0.807224 0.880116 0.569107 -0.171805 0.872985 -0.940704 -0.395155 -0.002125 0.367876 0.552684
0.127573 0.091839 0.685706 0.068992 -0.192882 -0.638578 -0.566012 -0.118726 -0.085632 0.477725 -0.602359 -0.698407 0.130080 0.062167 -0.582030 -0.485729 0.132117 0.962438 -0.882144 -0.028495 -0.772828 -0.469413 0.219031 -0.125138 -0.304698 -0.367906 -0.204431 0.412416 0.675719 0.669449 0.181015 -0.421205 0.484070 -0.529944 -0.913687 0.368921 -0.899381 -0.197589 -0.321809 0.101577 -0.270271 -0.290555 -0.534201 0.924896 -0.069897 0.106354 0.732138 -0.272169 -0.631439 -0.129750
-0.386958 0.816803 -0.216864 0.659230 -0.751966 -0.268946 -0.007244 -0.267264 -0.592394 0.057190 0.112927 0.964611 0.193064 0.929750 0.364652 0.644040 0.426873 0.010498 0.792305 0.004353 0.470493 0.142250 0.213492 -0.005207 -0.940165 -0.951623 0.624669 0.027110 0.883622 0.187172 0.551748 -0.315447 0.006504 -0.832581 -0.385404 0.685366 -0.158096 -0.118403 0.797750 0.204915 -0.628234 0.768298 0.058252 0.581497 -0.301453 0.074519 -0.471262 0.366812 0.389487 0.907010
0.535093 -0.752896 -0.115713 0.104497 0.967431 -0.043046 0.743001 0.903850 0.415024 0.691313 -0.804443 -0.413926 0.543390 0.490437 0.474878 -0.154608 -0.405802 0.414068 0.910436 0.666473 -0.261877 0.388316 -0.751359 -0.229589 -0.718884 0.104300 0.521532 -0.189535 0.691628 -0.786253 0.959379 0.990789 0.576001 -0.411896 0.276081 0.075417 0.767719 -0.888847 0.109494 -0.684411 0.851306 0.449451 -0.379904 0.087970 -0.295073 -0.292116 0.792195 -0.595761 0.669237 -0.451118
-0.466231 0.276808 0.644240 0.471231 -0.793946 0.603098 -0.805065 0.069760 0.235150 0.312398 -0.294718 -0.735557 -0.588658 0.551532 -0.186760 -0.872960 0.359879 -0.540475 0.139648 0.269863 -0.790942 0.099618 0.542551 0.077857 -0.868431 0.770284 0.315695 -0.790203 -0.727942 -0.231034 0.768201 -0.453044 0.299598 -0.305723 -0.857194 0.827822 0.421950 0.800255 -0.649798 -0.929750 0.414812 0.161492 -0.763306 0.903226 0.934710 0.962532 0.920797 0.467412 0.917962 -0.467064
-0.154951 0.460621 0.422988 0.982840 0.082191 -0.382863 0.765183 -0.134622 -0.502652 -0.394490 -0.688306 -0.524401 0.505413 0.056217 0.239999 -0.966448 0.970436 -0.965815 -0.179132 0.051923 -0.630774 0.286881 0.420181 -0.086667 -0.289508 0.802324 -0.794329 -0.432232 -0.926562 -0.812879 -0.358520 0.027308 -0.461010 0.181319 0.851904 -0.938831 0.566667 0.213327 0.203848 0.715945 0.804005 -0.824999 -0.293801 0.284695 0.866857 0.657432 0.528409 -0.852225 -0.620440 -0.776223
0.355619 -0.057608 0.153249 -0.386846 0.297905 -0.242532 -0.974668 -0.415845 -0.493943 -0.218480 0.525315 -0.603626 -0.238782 -0.443836 -0.880971 0.469826 0.646951 0.737865 0.445935 0.653200 -0.177920 -0.897859 0.582208 -0.560040 -0.161287 0.984065 0.633460 0.655356 -0.736046 0.350131 -0.092379 -0.485479 -0.322190 0.379434 0.465034 -0.505830 -0.925928 0.871977 -0.308199 0.533071 -0.978517 -0.479851 -0.488327 -0.350856 -0.713722 0.485713 0.802663 -0.156430 -0.812995 -0.928089
0.941798 -0.057949 -0.948801 -0.717069 -0.734223 -0.378443 -0.702123 -0.962838 -0.017840 0.020761 -0.400591 0.715691 -0.578943 -0.227783 -0.313931 -0.956478 -0.684116 0.089564 -0.663536 0.049802 0.394292 0.182733 -0.631310 -0.684377 -0.944367 0.260077 -0.262943 0.577569 -0.666592 0.975759 -0.132084 -0.839358 -0.773630 0.448769 0.968196 -0.386842 0.546186 -0.402419 0.591053 0.117169 0.684313 0.126542 -0.782146 -0.214999 -0.568009 0.712672 0.902673 -0.367247 -0.385632 -0.556249
-0.235749 0.468829 -0.571435 -0.753048 0.221202 0.601612 -0.866193 0.936580 0.483630 0.500329 -0.875109 0.643358 0.886118 -0.711955 -0.233522 0.906357 -0.114690 -0.657869 -0.025199 0.499733 0.396556 -0.528267 -0.555368 0.263664 0.576589 -0.971467 -0.790832 -0.903998 -0.309904 -0.878808 0.858858 -0.392074 -0.222880 0.463967 0.313524 -0.560661 0.279169 0.616089 -0.754983 0.819168 -0.020531 -0.940637 -0.922105 -0.450282 -0.454279 -0.037179 0.043621 0.981682 -0.696664 0.167949
-0.318627 0.018805 -0.150527 0.523995 -0.195304 0.722314 0.983495 0.452666 -0.796085 0.434308 -0.436737 -0.634599 -0.898246 0.027033 -0.006751 0.834884 -0.072561 0.210941 0.553883 -0.673028 -0.832628 -0.873286 0.640331 -0.089774 0.193774 -0.245855 0.719535 -0.348092 0.845385 -0.187397 -0.068263 -0.190103 -0.419537 0.296361 -0.975819 0.821309 0.918654 0.639576 0.881390 -0.299265 0.108245 -0.276614 -0.047212 0.834146 -0.225327 0.910814 -0.300833 -0.441894 -0.921174 0.311827
-0.944032 0.049429 0.732255 -0.972753 0.845984 -0.610698 -0.789628 -0.857478 0.614556 0.600255 -0.667076 -0.077946 -0.325349 -0.846107 0.498573 0.887612 -0.031036 -0.188379 0.530171 -0.052823 -0.039425 0.570721 -0.218085 0.646552 0.468730 -0.631392 0.964020 0.706290 -0.523384 0.217402 0.001548 -0.173639 -0.472995 0.764702 0.484488 -0.402255 -0.058806 -0.517045 0.601678 0.927106 -0.458117 -0.816777 0.647423 -0.085411 0.929589 -0.061101 -0.456529 0.060710 0.507706 0.835271
0.249668 -0.467499 0.888731 -0.315174 -0.160798 -0.137234 0.220892 0.416952 -0.764109 -0.156413 0.356216 0.448088 0.601619 0.095205 -0.435919 -0.823792 -0.865488 0.528824 0.000960 -0.230434 0.568607 0.095234 0.800141 -0.737799 -0.467732 0.454449 0.098414 0.496115 -0.127217 0.035403 0.043266 -0.021884 0.478990 0.780852 -0.234088 0.844192 -0.539993 -0.598538 0.076079 -0.868719 0.647964 0.860032 -0.413039 0.202570 -0.928280 0.059563 0.946744 -0.722261 -0.171511 0.189995
-0.859153 0.752753 -0.054038 -0.609753 -0.656595 -0.800311 0.387628 0.005940 0.487096 0.002056 0.372266 0.147379 0.692704 0.668234 0.826428 -0.329874 -0.114020 0.622173 -0.263798 0.613339 -0.793319 0.725500 -0.320222 -0.324904 -0.761105 0.006594 0.340788 0.149416 0.275738 -0.082353 0.540285 -0.043294 -0.897262 -0.666059 -0.439515 0.488397 0.792748 -0.544022 -0.742190 -0.097648 -0.916228 0.917598 0.967404 0.469748 0.464214 0.756226 0.194083 -0.074239 0.424634 -0.145944
-0.233229 -0.398656 0.876619 0.537862 -0.161577 -0.465708 0.945984 0.942182 -0.158682 0.907809 0.894984 0.623344 0.604087 0.354358 -0.608777 -0.945901 0.589290 -0.825226 0.757355 0.494893 -0.401530 -0.734905 -0.741794 0.439579 -0.393501 0.062777 -0.165746 -0.109877 0.825553 -0.602746 -0.282448 0.424605 -0.496102 -0.547319 -0.527162 -0.436023 -0.727980 -0.885560 0.656112 0.248334 0.644768 -0.591240 0.359860 0.670802 0.272401 0.964787 0.301590 0.702100 0.727908 0.445850
0.130750 0.993293 -0.951022 -0.682067 -0.589032 -0.598720 -0.319061 0.446168 -0.561193 0.370336 0.649068 -0.795582 -0.056355 -0.928522 0.386629 -0.813140 0.191619 0.640574 0.199838 -0.070251 0.843053 -0.539921 -0.262911 0.575126 0.957583 0.540701 -0.907513 0.055158 0.954464 -0.922766 -0.320600 0.859107 -0.631694 0.411652 -0.213465 0.968149 0.772109 -0.873463 -0.838456 -0.694242 0.391233 -0.434526 0.625960 -0.541173 0.340394 -0.419788 -0.819602 0.121019 0.049374 0.880384
-0.616119 0.984795 0.807349 -0.035711 -0.495497 0.618589 0.668318 0.332356 0.018391 0.081807 -0.161109 0.891764 -0.631376 0.460059 0.272101 -0.411841 0.828024 -0.390525 -0.472728 -0.637620 -0.582560 0.991201 0.566218 -0.961361 -0.869776 -0.140114 -0.915549 0.812192 0.514621 -0.092745 -0.669782 0.766791 0.013462 0.258628 0.985503 -0.639800 -0.266249 0.763660 0.891411 -0.576308 0.943273 -0.817511 -0.525579 -0.934509 0.761029 0.359816 -0.621345 0.738213 -0.681719 -0.190190
0.645126 -0.084637 0.274068 -0.873313 0.374861 0.546134 -0.138181 -0.385364 -0.675270 0.870031 0.240356 0.444213 0.920143 -0.407534 -0.151934 0.572097 0.110306 -0.872288 0.310615 0.366839 -0.525560 -0.789620 0.777971 -0.507755 0.051553 0.993448 -0.458079 -0.999706 0.657905 0.205660 0.069529 -0.014941 -0.797065 0.376685 -0.562246 0.088998 0.839819 0.420912 -0.683189 -0.073118 0.396433 -0.925334 -0.006696 -0.990765 0.144326 -0.390086 0.891126 -0.503371 -0.130455 0.149276
-0.713625 -0.479921 -0.792354 0.224776 0.459921 -0.951347 -0.118546 0.240785 0.300595 -0.338444 0.881677 0.942111 -0.763630 -0.582861 0.792206 -0.947721 -0.969127 0.314938 -0.450756 -0.562717 -0.024487 -0.928000 -0.785234 -0.288776 0.547259 0.327910 -0.776242 -0.531385 0.308959 -0.233169 -0.773514 -0.372529 -0.267695 -0.696449 0.269253 0.569028 0.329402 -0.195948 -0.368560 0.370468 -0.611117 -0.975219 -0.902573 0.979079 -0.159387 0.842438 0.040733 0.398601 -0.936433 0.639008
-0.856565 -0.590086 0.617215 0.813636 0.940021 -0.125513 0.485795 0.965988 0.785832 -0.082457 0.332529 -0.064787 0.607341 -0.944141 -0.698427 0.237352 0.292208 -0.395052 -0.141440 0.361376 -0.958140 0.444133 0.502992 -0.015059 -0.966938 0.424415 -0.448880 -0.541026 0.449059 -0.552049 -0.017952 0.681441 -0.573195 -0.806949 0.520297 0.620697 -0.642401 -0.402075 0.086839 -0.903096 -0.330471 0.979478 0.961845 0.614763 -0.257636 0.397941 0.434427 0.120866 0.438050 0.682030
-0.632029 0.304544 -0.585583 0.102049 0.706048 -0.221847 -0.402792 0.377051 0.263292 -0.250741 0.013172 0.779409 -0.256772 0.180246 0.991415 -0.104373 0.530301 0.772897 0.614980 0.305094 0.331229 0.703031 0.383723 0.847313 0.221904 -0.536082 0.469572 -0.186243 0.789655 -0.852345 -0.296687 0.074963 -0.573469 0.194966 -0.622484 -0.327792 -0.918752 0.743483 -0.962489 0.548089 0.444584 -0.614195 -0.352923 -0.490697 -0.511392 -0.121959 0.004938 -0.316382 0.104545 -0.564201
0.540787 -0.253617 0.721723 -0.162380 0.645418 0.262449 -0.838059 0.930034 0.259210 0.109478 0.827210 0.110429 0.478330 -0.508381 -0.221144 0.797383 0.480410 -0.085402 0.971032 -0.113679 -0.389265 0.259187 0.402582 -0.940196 -0.071550 0.753426 -0.750035 -0.948454 0.610942 -0.538010 -0.159592 0.481576 0.208847 0.320020 -0.925748 0.803620 -0.726001 0.658525 -0.859406 0.368447 -0.118374 -0.317149 0.687773 0.279818 -0.840355 -0.094858 -0.439694 0.412139 -0.115530 -0.198291
-0.547392 -0.085117 -0.206422 0.633273 -0.701672 -0.022486 -0.177308 -0.132023 0.442704 0.243403 -0.071411 -0.070377 0.333891 -0.838942 -0.666442 0.204292 0.393902 0.988312 -0.865218 0.668919 -0.817814 -0.393780 -0.408418 -0.095068 0.553045 -0.072102 0.719206 0.598855 0.994308 -0.824556 -0.426790 0.368662 -0.702879 0.072545 -0.967775 0.474049 -0.353463 0.742858 -0.171609 -0.491734 -0.288121 0.605432 0.663231 -0.351739 -0.893321 -0.882968 -0.856060 0.667215 -0.652956 -0.017934
-0.579345 0.161842 -0.485442 -0.130971 0.642540 -0.391710 0.454420 0.263955 -0.877417 -0.929589 -0.284775 -0.418365 -0.336847 0.065497 0.199117 -0.780575 0.722180 0.489352 0.325511 0.815942 0.805099 -0.674942 -0.402861 0.990664 -0.478170 -0.647306 -0.170249 -0.710701 0.777377 -0.160748 -0.107605 -0.320899 -0.071436 -0.553215 0.775843 -0.574564 0.132448 0.227579 0.006208 0.118172 -0.245509 0.017423 0.435642 0.538637 -0.840272 -0.808901 -0.752674 -0.978466 -0.983754 0.202272
-0.359239 -0.848375 -0.772983 -0.473497 0.067605 -0.436002 0.735745 0.069823 0.109676 0.890250 0.268502 0.921820 0.255432 -0.541936 0.660844 -0.096341 0.877395 -0.663543 -0.892478 0.567029 0.650437 0.642101 -0.086951 -0.541545 0.132145 0.350720 0.328120 0.590108 0.864168 0.540319 0.765963 0.391638 -0.313449 -0.966253 -0.753419 -0.426594 -0.806524 -0.509097 0.207644 -0.690760 -0.837055 -0.240287 0.066562 0.916228 0.994138 -0.437399 0.657789 -0.057510 0.176404 -0.245404
-0.141393 -0.306901 -0.238543 -0.524446 0.764746 -0.390785 0.914770 0.125024 0.429249 0.005020 0.282157 0.952475 -0.676124 0.116333 -0.238231 0.485058 0.451833 0.403941 0.736308 -0.754170 0.544938 0.498894 0.064132 -0.507046 0.730704 -0.980123 -0.533853 -0.330809 0.736559 -0.795032 0.693196 -0.837693 -0.886344 0.104364 0.329089 0.314245 0.874343 0.371896 -0.223854 -0.038614 -0.347773 -0.863537 0.602718 0.821866 -0.042599 0.973014 -0.021214 -0.576483 0.017665 -0.429297
0.402559 0.236962 0.597453 -0.482197 0.491170 0.117680 -0.980162 0.553853 -0.250442 0.859853 -0.826627 0.213587 0.612811 -0.916591 -0.754691 -0.203855 0.320935 0.066198 -0.382523 -0.846727 0.606372 0.733812 0.911269 -0.280405 -0.235321 -0.479238 0.490459 -0.318227 -0.274101 -0.635805 0.313518 0.499266 -0.767259 0.539258 -0.208499 0.873481 -0.635977 -0.109940 -0.812085 0.495914 0.358877 0.625686 -0.637987 -0.147821 0.223157 -0.195497 -0.648731 0.692593 -0.934820 0.663772
0.149622 -0.253483 -0.396389 -0.945492 -0.526681 0.332163 0.099213 0.171858 -0.407443 -0.526972 0.676318 -0.058199 -0.432502 0.768706 0.656860 0.549130 -0.725178 -0.223708 0.688646 -0.748111 0.681613 -0.451411 -0.279188 -0.138894 -0.108546 0.301544 0.001533 0.817972 0.576873 0.602638 0.828245 -0.537556 -0.512515 -0.880807 -0.502053 0.067405 -0.048561 -0.021668 0.915249 0.207754 0.848053 0.566168 -0.540711 -0.135427 0.057104 -0.896306 -0.488227 -0.492246 0.348231 -0.392490
-0.525173 0.784669 0.021105 0.986010 0.012212 0.758382 -0.516766 -0.473279 -0.351974 0.488986 0.733959 0.409189 0.272562 -0.452040 -0.724625 0.820158 -0.732970 0.652415 0.820455 -0.829781 0.873519 -0.044471 -0.528102 0.546077 -0.571434 0.110996 0.758200 0.527618 -0.342314 0.658890 -0.615637 0.306159 -0.607262 0.448176 -0.536284 -0.516977 -0.780617 0.452091 -0.737518 0.961524 0.304434 0.192413 -0.966168 0.176410 0.345208 0.389446 -0.442174 0.655632 0.896756 -0.028218
0.345534 -0.358243 -0.319170 -0.930656 0.620063 -0.304986 -0.324328 0.278950 0.518178 0.456571 -0.111154 0.927976 -0.432695 -0.777472 -0.524434 -0.818410 0.097932 -0.884957 0.516952 0.441228 0.274585 0.231613 0.793969 -0.531225 0.201767 0.577981 0.124274 -0.371909 0.639083 0.941072 0.449159 -0.659916 -0.341808 -0.901216 -0.409027 0.720435 -0.791456 0.457938 0.950401 -0.138766 0.219027 0.782992 0.409951 -0.420852 -0.205342 -0.667845 -0.739451 -0.010910 -0.000717 -0.352229
0.216682 -0.660757 -0.919942 0.072518 -0.629722 -0.798711 0.109828 0.013533 0.672913 -0.111160 0.245295 0.115627 0.808477 0.765761 -0.731277 0.635104 0.057463 0.769336 -0.197430 -0.857356 0.891168 0.411468 -0.816808 0.374667 -0.888529 0.597179 0.153035 -0.054633 0.391047 0.817757 0.525427 0.710177 0.518937 0.111606 -0.375776 0.606245 -0.810617 0.283410 -0.061602 0.958692 0.998670 -0.025208 0.221169 0.205178 0.424972 0.725977 -0.042809 0.451941 0.374968 -0.885244
-0.481587 -0.577604 -0.559322 0.960119 0.561975 -0.452336 -0.108456 -0.928022 0.573404 -0.752027 -0.461225 -0.267712 -0.345664 0.483577 0.846638 -0.968236 0.540790 -0.404556 -0.933684 -0.848257 -0.594180 -0.975116 -0.662936 0.773489 -0.745634 -0.421878 0.224317 0.258559 -0.265049 0.663323 -0.054971 -0.449570 0.544390 -0.301553 -0.107252 -0.586551 -0.926598 -0.982154 -0.458325 -0.383229 0.860840 -0.861051 -0.355854 -0.863044 -0.026410 0.839166 -0.225277 -0.603771 0.920062 0.489715
0.410063 -0.414519 -0.745643 0.984109 0.415226 0.309197 0.595162 0.863538 -0.032551 0.806935 -0.732892 0.309796 0.776221 0.164765 -0.789632 0.719973 -0.193047 -0.758707 -0.511249 0.425104 0.150018 -0.473105 0.787661 0.277009 -0.602140 0.110586 0.112495 -0.290967 -0.855001 -0.960947 -0.710260 0.578088 0.070481 0.400599 0.853900 0.786010 -0.349458 0.697355 0.120321 -0.549087 -0.851806 0.188743 0.191488 0.041987 -0.207779 -0.331850 0.566632 0.663641 -0.548174 0.482351
-0.557495 -0.346204 -0.248602 -0.918174 -0.504216 0.268518 -0.608839 -0.407706 -0.320658 -0.119762 -0.507302 0.152494 0.644711 0.068840 -0.906207 0.154192 0.735323 -0.553767 0.451005 0.410647 -0.124219 0.307273 -0.952913 0.371981 -0.361947 -0.427914 0.036240 -0.462736 -0.679544 -0.143604 -0.913275 0.011566 0.501190 0.806744 0.326242 0.197213 0.888435 0.732878 0.497361 -0.728594 0.028254 0.968913 -0.942965 -0.038718 -0.254520 -0.792635 0.670978 0.354868 -0.335453 -0.722488
-0.225814 -0.726108 -0.819414 0.768027 -0.224701 -0.268769 0.572512 -0.609058 -0.189058 0.145761 0.210012 -0.626528 -0.344786 -0.531173 -0.968507 0.441507 0.090936 0.788601 -0.186543 -0.462153 0.539408 0.910599 0.653564 -0.124925 -0.154049 0.605021 -0.204669 -0.402255 0.346471 0.400369 0.982070 0.075740 -0.582192 -0.030581 -0.693004 0.943831 0.662514 0.843287 -0.086070 0.259170 -0.782735 -0.699009 -0.879914 0.073405 -0.304624 -0.642452 -0.308319 -0.756471 0.495412 -0.391115
0.368989 -0.040223 -0.804821 0.905076 -0.856015 0.656192 0.267572 0.492928 0.425880 0.973632 -0.055480 -0.886986 -0.034320 0.490829 0.602261 -0.505034 -0.603352 0.675089 -0.998138 -0.965300 -0.982567 0.978730 -0.926133 0.106128 -0.131268 -0.178199 -0.444402 0.013208 -0.680332 -0.043991 -0.231062 0.445959 -0.812521 -0.261410 0.664173 0.568726 -0.539381 -0.514400 -0.837459 -0.819860 0.830684 0.161837 -0.459872 0.564027 0.150890 -0.929732 0.612789 0.059458 -0.103569 0.137765
0.313828 0.927288 -0.602994 0.527274 -0.537064 -0.405093 0.008388 -0.223983 -0.037222 0.124552 0.389339 -0.733245 0.299228 -0.533214 0.862010 0.270734 0.848206 -0.750364 0.110057 0.916643 -0.337700 0.230099 0.314485 0.452804 -0.124337 -0.448003 0.368504 -0.577392 0.547994 0.217714 0.035284 -0.682685 -0.245665 -0.091454 -0.587643 0.318374 -0.979533 0.061151 0.679272 0.286361 -0.397714 -0.252661 -0.230640 0.615097 0.881425 -0.389714 0.354695 -0.559147 -0.352522 -0.001003
0.222067 0.552726 -0.663017 0.128262 -0.079886 0.807107 0.179470 -0.386518 0.474132 0.811224 0.132605 0.355813 -0.213385 0.049989 -0.834587 0.326415 0.591829 -0.096360 0.993246 -0.066647 0.103171 -0.909628 0.734426 0.944942 0.633444 0.386630 0.473932 0.199030 0.704989 -0.479847 0.750001 -0.150310 -0.575447 0.905596 0.834321 -0.411399 -0.005126 -0.283995 -0.609684 0.477922 -0.998777 0.213356 -0.861643 -0.942197 0.722991 -0.371874 -0.770830 -0.963144 -0.991497 0.112319
-0.904748 -0.412206 0.500069 0.124980 -0.402669 -0.306185 0.804946 0.587114 -0.801227 -0.649048 -0.742420 0.058103 -0.350692 0.716842 -0.921542 0.157180 -0.245777 0.552783 0.330740 0.967032 -0.722444 -0.205144 0.007771 -0.268405 0.859510 -0.255355 0.804989 -0.406512 -0.351161 -0.229914 0.940193 0.891559 -0.509457 -0.296388 -0.230055 0.439327 -0.929699 0.958357 -0.130153 -0.466452 -0.421590 -0.370701 -0.628420 -0.504866 -0.619162 0.141167 0.721938 -0.281967 -0.821861 -0.729000
0.909340 0.070630 0.835439 -0.850006 -0.975117 0.118149 -0.152988 -0.528042 -0.973969 0.287591 0.160982 0.527434 0.146924 -0.587064 -0.714624 -0.538422 0.466286 0.437269 -0.411992 0.540941 -0.094146 -0.237725 -0.409677 -0.995433 0.070356 0.884421 -0.372218 -0.442428 0.469979 0.329612 0.362728 -0.413378 -0.345652 0.746442 -0.339970 0.850452 0.605608 0.832330 -0.965497 -0.270028 -0.752632 0.992943 -0.409897 -0.246597 0.320972 0.578219 0.185037 -0.455921 -0.332616 0.733361
-0.002641 -0.207538 0.835781 0.860970 -0.191294 0.716370 0.016903 0.419556 0.834763 0.322955 -0.050225 -0.732799 -0.955305 0.942393 0.899172 -0.064587 0.047674 0.742105 0.843090 -0.222546 -0.233055 0.346616 -0.211764 0.550033 0.136730 -0.500578 0.548735 0.820511 0.541169 -0.074991 0.484668 -0.500738 0.362230 0.954340 0.952742 -0.234794 0.820309 0.220398 -0.608598 0.494324 -0.317261 -0.933348 0.365075 -0.150116 0.920716 0.256585 0.788801 -0.808284 0.049048 -0.105976
-0.875261 0.839282 -0.419253 0.046977 0.923284 0.388404 0.905172 -0.045531 -0.082468 -0.445232 0.644288 -0.422838 -0.551856 0.074940 0.775015 -0.292841 0.692035 -0.944684 0.875221 -0.997304 -0.614206 0.040074 -0.843885 0.680725 0.004671 0.164465 -0.423957 0.970991 -0.293546 -0.092131 0.486665 -0.789117 -0.464195 0.430161 -0.254044 0.606205 -0.185335 0.465764 0.749460 -0.046127 -0.337407 0.501289 -0.444310 0.123809 -0.823961 -0.243922 0.679964 -0.169357 -0.880064 -0.070638
0.748697 -0.313597 -0.815271 -0.640991 -0.142468 0.007016 -0.323558 0.435707 0.494507 0.795685 -0.279111 -0.377111 0.938763 -0.390646 0.695027 -0.432959 0.405073 0.110654 -0.793405 -0.879315 -0.322728 -0.451737 0.907305 -0.377024 0.930095 0.228529 -0.612579 0.722756 0.290386 -0.066240 -0.595475 -0.362186 0.507033 0.294052 -0.443390 0.038827 0.768960 0.557769 0.571080 -0.031215 0.422001 0.509811 0.737403 0.553461 0.689466 0.744707 -0.164459 -0.037533 0.198280 0.875917
-0.962765 0.880860 0.428565 -0.826710 0.555910 -0.626265 0.831155 0.957707 0.066605 -0.072579 -0.570974 0.563490 -0.902145 -0.187449 -0.676766 0.607949 -0.153601 0.973476 -0.148755 -0.123819 -0.814018 -0.317323 0.765190 0.489561 0.235958 0.756788 -0.724150 0.427182 -0.516138 -0.433075 -0.722844 -0.455847 0.236141 -0.320722 -0.860458 0.164989 -0.669515 -0.605323 0.633815 0.290224 0.453347 -0.713579 -0.712662 0.949854 -0.892538 0.759807 0.689008 0.226187 0.682218 -0.239726
-0.893984 -0.674584 0.160852 0.195975 -0.637473 -0.776038 0.741030 -0.203694 0.439610 -0.908405 0.951638 -0.293903 0.115223 -0.431801 0.234804 0.826673 0.164761 0.475483 0.573453 0.216478 0.701638 -0.312429 -0.324072 0.057134 -0.470453 -0.274943 0.066890 0.730274 0.003523 -0.189108 -0.641579 0.445583 -0.382519 0.116328 0.042430 0.880723 0.208513 0.012073 -0.302325 -0.509773 0.410915 0.513012 -0.729045 -0.732867 -0.026690 0.469571 0.002616 -0.451465 -0.992107 0.572038
0.985055 0.089389 0.728829 -0.132057 -0.403875 -0.585738 -0.164670 0.190399 0.012949 -0.007931 -0.852994 0.194927 -0.147508 -0.968276 0.816084 -0.532889 -0.812467 0.859792 -0.487397 -0.196140 -0.803405 -0.596409 0.917273 0.998812 -0.570509 0.099787 -0.615966 0.441548 0.847525 -0.568524 0.525727 -0.892060 -0.913517 0.473603 0.812867 -0.866535 0.196127 0.650186 -0.241554 0.459477 0.554365 -0.703815 0.357219 -0.302558 0.636217 -0.485079 -0.905356 -0.773886 0.731443 -0.020415
-0.280387 0.997975 -0.186049 -0.308695 -0.324347 -0.507672 -0.323026 0.207606 -0.949739 0.133916 0.515808 0.681541 -0.038049 -0.235786 0.522992 -0.598791 -0.250815 -0.675165 -0.964386 -0.517922 -0.546437 -0.222386 -0.292584 -0.701497 -0.633642 0.073790 -0.045901 -0.226617 0.041575 -0.064333 -0.888360 0.031666 0.460492 -0.362380 -0.942810 -0.762356 -0.247023 -0.401864 -0.616522 -0.358472 0.621386 -0.541579 -0.415250 0.131758 -0.331571 -0.731444 0.375541 0.802009 -0.799851 -0.712108
-0.910619 0.657764 -0.776810 -0.992100 -0.081342 0.864341 -0.909727 0.360549 0.894475 0.683758 0.500869 0.857037 -0.843552 -0.850100 0.000780 0.047000 -0.846680 -0.480120 -0.504835 0.462376 0.533194 -0.855248 0.515754 0.844848 -0.852966 0.532061 -0.850292 0.538313 0.649690 -0.986108 -0.876556 0.579508 0.151903 0.441074 -0.029769 0.677806 0.099307 -0.016926 -0.302748 -0.434902 -0.237436 0.298229 0.099283 0.996807 0.616505 -0.871795 0.392707 -0.867631 -0.169859 0.326533
-0.955318 0.645326 0.366118 0.113694 0.745198 -0.281107 -0.854147 0.400972 -0.974425 -0.646405 -0.614204 -0.374073 -0.952270 0.226245 -0.280745 -0.488151 0.375286 -0.086046 0.190419 0.901372 -0.300272 -0.447890 -0.133043 -0.646417 -0.613758 -0.088554 -0.320791 -0.073595 -0.718176 -0.839245 0.999384 0.250205 -0.034766 0.351004 0.537756 -0.127188 0.401893 -0.927020 -0.470294 0.400954 -0.245654 0.826295 0.933365 -0.066509 0.445971 -0.514923 0.211091 -0.880330 -0.146334 -0.584990
-0.881131 0.797211 0.078492 -0.590203 -0.594932 0.268034 0.941815 -0.005329 -0.352069 0.084985 0.178463 0.645534 -0.989161 0.215619 0.057707 -0.466317 -0.956754 -0.136796 -0.654784 0.464153 -0.658672 -0.801793 0.318656 -0.198259 -0.879782 0.060212 0.274481 -0.994195 -0.989702 -0.485386 0.522876 0.928167 -0.800543 -0.287870 0.052520 -0.741477 0.915176 -0.490307 -0.377654 -0.686022 0.810452 0.531908 0.401555 -0.275262 -0.560233 -0.954441 0.230673 0.095932 0.708420 -0.353557
0.720549 -0.696731 0.838188 -0.757728 -0.016725 0.915972 0.181870 -0.522126 -0.287431 -0.873452 0.431137 0.411443 0.388727 -0.414198 0.610751 -0.306475 -0.744971 -0.562783 0.408364 -0.645564 -0.746270 0.394027 0.753357 -0.733039 -0.566356 0.413336 0.097792 -0.950886 -0.077081 -0.335714 0.603491 0.669865 -0.865823 0.913602 0.393950 0.087417 0.518806 -0.371781 -0.968060 -0.547958 0.545429 0.262116 -0.174297 0.184878 -0.814711 -0.237143 -0.285595 0.067358 -0.627978 0.056812
-0.826521 0.095077 -0.055564 -0.050624 0.918181 -0.510898 0.596213 -0.670201 0.640174 -0.541485 -0.460470 0.388082 0.204249 -0.909565 -0.961060 -0.962580 -0.526811 -0.963419 -0.470843 -0.370710 -0.685511 0.294110 -0.004401 0.439453 -0.425275 -0.880559 -0.893093 -0.256300 -0.196428 -0.360699 -0.937986 -0.253563 0.965447 -0.253491 0.723025 -0.299368 0.197508 0.967566 0.808554 -0.669481 -0.412006 0.190565 -0.299880 -0.616876 -0.254708 0.665879 0.754527 -0.266539 -0.386502 -0.772542
-0.070720 0.818187 0.978241 -0.559230 -0.964559 0.375221 0.407616 -0.149104 -0.609158 0.147033 -0.924590 0.536516 -0.324073 0.189244 0.274071 0.871093 -0.653217 0.434712 0.933862 0.996590 -0.305096 0.193658 0.076058 0.959205 -0.981133 0.706851 0.068115 -0.906681 0.045589 0.911426 -0.538491 -0.176988 -0.939290 0.468116 -0.334609 0.379158 0.046025 0.690731 0.950687 -0.881635 -0.913158 0.480712 0.677408 -0.511422 0.235022 0.719858 0.203971 -0.541080 0.639273 0.194168
0.680000 -0.868301 0.716807 -0.665354 0.775442 0.517932 0.754252 -0.753147 -0.086052 -0.391093 0.199476 0.430783 -0.054603 -0.513553 0.223239 0.283177 0.164420 -0.415674 0.504096 0.755319 -0.661772 0.915452 -0.524101 0.049785 0.251712 0.673452 0.651009 0.170667 0.723006 0.317007 0.682780 -0.334619 0.243029 0.791510 0.088502 -0.567482 0.847691 -0.930100 0.330837 0.938041 -0.351467 0.652905 -0.075722 0.881717 0.137834 -0.446283 0.958446 0.217336 -0.581589 0.074337
0.795029 0.217926 -0.560753 0.819487 0.739459 -0.028115 0.755356 0.032413 0.750082 -0.133081 -0.923102 -0.954536 -0.207835 -0.067315 -0.764640 -0.063866 -0.024657 -0.704350 -0.369906 -0.939041 -0.648585 -0.040852 0.623649 -0.294828 0.914737 0.573556 0.688162 -0.074322 0.251733 -0.443580 0.186607 -0.840158 -0.909229 -0.450008 -0.774391 -0.376575 -0.922455 -0.806724 -0.517808 -0.379784 0.421159 -0.912780 0.899985 0.426174 0.929432 -0.030774 0.656561 -0.047974 0.935711 -0.176446
-0.662381 0.393509 -0.631779 -0.013816 0.873018 -0.107249 0.237687 0.460890 -0.417744 -0.864367 -0.938762 -0.649549 -0.385604 -0.725812 0.065387 -0.755637 -0.348538 0.295632 -0.395925 -0.487336 0.493486 0.181446 0.253758 0.705677 0.387579 -0.666942 -0.901439 -0.552540 0.680757 0.579639 0.390794 0.976245 0.397064 0.457264 -0.858360 0.288652 0.298688 -0.691447 0.313003 0.238141 0.840097 -0.010829 -0.570480 -0.786297 -0.902746 -0.213566 -0.352715 -0.132621 -0.116521 0.911208
0.029833 -0.268257 0.090832 0.904635 -0.661408 0.624191 0.750815 -0.247477 -0.153917 0.355790 -0.483103 0.711125 -0.664495 -0.572834 -0.133657 0.555831 0.657654 0.360527 -0.654713 0.673131 0.667044 -0.175764 0.922978 0.741665 0.481375 -0.941430 0.073128 0.259822 -0.385121 -0.879005 -0.169124 0.839261 -0.065389 -0.866428 0.759403 -0.436615 -0.213351 -0.076231 0.751680 -0.682024 0.430291 0.275880 -0.516825 -0.058574 0.379964 0.734364 -0.967720 -0.305868 0.401213 0.663276
0.803431 -0.366028 -0.332209 -0.326604 0.471987 0.136312 -0.258055 0.416146 -0.912918 0.431957 0.869562 -0.431800 -0.149177 -0.684298 -0.148291 0.409972 -0.318990 -0.294672 -0.946259 0.339925 0.859600 -0.425034 0.722745 -0.578138 0.483193 -0.066589 0.099627 0.226344 -0.656342 0.849236 0.720480 0.554982 0.733643 -0.106272 0.754121 -0.120747 0.473212 0.082975 0.081425 0.414062 0.849195 -0.091717 0.657665 -0.756102 0.725263 0.720959 -0.775322 0.251368 0.320007 -0.449072
0.748868 0.507049 -0.290309 0.341101 0.237621 0.798624 0.199338 0.167819 0.863978 -0.900397 -0.586234 -0.771217 -0.970411 -0.435087 0.612313 0.744205 0.289538 0.116795 0.156777 -0.848550 0.023057 -0.309637 0.302506 -0.637398 0.318750 -0.952494 0.413673 -0.641691 -0.816034 -0.230320 -0.047732 -0.772124 0.246463 -0.767989 0.002989 -0.493550 0.370465 0.429693 -0.681810 -0.723377 0.836009 0.718949 0.303128 0.266509 0.219478 -0.306097 -0.615409 0.119308 0.579346 -0.911662
-0.594435 -0.158105 0.888015 -0.749785 -0.796568 0.481035 0.802599 -0.988891 -0.982842 0.818609 0.823775 0.101189 0.307485 -0.618293 -0.794442 -0.311791 -0.932560 0.453623 0.885177 0.973253 0.953395 -0.508562 -0.096316 -0.911385 -0.984282 0.472245 -0.786100 0.823701 0.972593 -0.385260 -0.853889 -0.716995 0.529610 -0.242563 0.759328 -0.627472 -0.646191 0.616346 -0.859967 0.113581 0.912832 -0.506788 -0.800015 -0.142946 -0.912928 -0.609975 0.202118 0.073368 -0.813485 -0.919884
-0.494041 0.633453 -0.658807 0.211495 -0.641364 0.318976 0.916838 0.043563 -0.638894 -0.052336 -0.668316 -0.846466 0.464867 0.184969 -0.632006 -0.873000 -0.156805 -0.838896 -0.487864 -0.646551 -0.646655 -0.459051 -0.019266 -0.976015 0.551695 0.563983 0.917148 -0.361676 0.621507 -0.709418 0.477754 -0.430758 0.752344 0.445095 -0.818658 -0.461367 0.662824 -0.916396 -0.972152 0.029835 0.637558 0.801683 0.486373 -0.967309 -0.442532 -0.662939 -0.305259 -0.183586 0.424835 0.505142
-0.288252 0.338082 -0.714117 0.104506 -0.016279 -0.600723 -0.102899 -0.220499 -0.985081 0.614639 0.016405 0.497323 0.899143 -0.336571 -0.002959 -0.348234 -0.821316 0.760848 -0.935818 0.469401 -0.202546 0.079529 0.052451 0.888782 -0.048571 0.914984 0.173817 0.201725 0.144521 0.216577 0.419394 0.841943 -0.147319 0.498858 -0.224163 0.809493 0.576794 0.996147 0.505921 -0.553388 -0.157487 -0.715392 0.462454 0.620311 -0.068449 -0.283081 -0.518997 0.326180 0.855303 -0.536344
-0.636253 -0.533227 -0.724642 -0.776275 -0.655137 -0.005284 0.934604 0.258982 0.812626 0.994700 0.247868 -0.146691 0.187843 0.395128 0.017870 0.692046 0.911742 0.537762 -0.700069 0.158688 0.241152 -0.506021 0.031047 0.553556 0.689603 0.528125 0.598422 0.856606 0.788906 0.688259 -0.536297 -0.078272 -0.173500 0.058855 0.269029 -0.544570 0.029382 0.305356 -0.995215 0.821581 0.198978 0.035622 0.807887 -0.961185 0.925337 0.495096 0.869346 0.502340 0.858510 -0.086022
0.284892 0.995636 -0.499248 -0.251768 0.120963 0.379928 0.868290 0.405593 0.085974 -0.188945 -0.225278 -0.355279 0.493834 0.178629 0.036781 -0.474104 0.877329 -0.475644 -0.196100 -0.601512 0.878439 -0.844774 0.347199 -0.627895 0.304311 0.363220 0.403413 0.563814 -0.401693 -0.141062 -0.904085 0.291732 -0.233479 -0.212236 0.184466 -0.202367 0.097724 -0.804137 -0.622806 0.503369 -0.762417 0.154809 -0.445021 0.363999 -0.028850 -0.154785 0.377912 -0.089032 0.161726 0.892823
0.264027 -0.818547 -0.113150 -0.411978 0.534952 0.061054 0.677697 -0.440787 -0.039035 -0.485144 0.466409 0.532610 -0.552940 0.299381 -0.538870 -0.222246 0.454813 -0.995256 -0.527965 -0.337341 -0.492976 0.564476 0.036573 0.201603 0.914451 -0.492773 0.894593 -0.998969 -0.359913 0.511151 0.381580 -0.496060 0.764885 0.543830 0.353596 0.724591 -0.384436 -0.378679 0.748070 -0.827133 0.401962 -0.407041 0.585349 0.010356 -0.096063 0.567209 0.564689 0.332942 0.756636 0.144464
-0.345823 -0.748095 0.674650 0.284840 0.459692 0.210047 0.150688 -0.644445 -0.426364 0.674860 -0.246854 -0.700923 0.220785 0.099101 0.399073 0.232617 0.345683 -0.088919 -0.014240 -0.498224 -0.964192 -0.145265 0.408186 0.445326 0.086284 0.357144 0.376566 0.627503 0.878477 -0.855215 -0.167755 0.554968 0.581525 -0.895478 0.138464 0.059443 0.471614 -0.616600 -0.599574 0.344215 0.450745 0.212531 -0.078130 -0.435934 0.645226 -0.838138 0.767604 0.512963 0.662709 -0.572644
0.090662 -0.362358 0.125124 -0.026099 -0.965646 -0.011539 0.289768 0.938299 -0.003141 0.872574 -0.885888 0.140443 -0.555078 0.035439 -0.059516 -0.341925 0.318000 0.253056 -0.695282 -0.704580 0.670448 -0.754175 0.515613 0.525384 0.157926 -0.162875 -0.224808 0.044651 0.777296 -0.819311 -0.156187 0.353064 -0.999280 0.957816 -0.324882 0.608257 0.395997 0.212791 -0.376674 0.874518 0.840598 -0.877164 -0.692225 0.846234 0.986289 0.065137 -0.647503 0.646317 0.802835 -0.630430
-0.815133 0.397660 -0.114537 0.654662 -0.900390 -0.974009 0.532248 -0.700741 -0.429483 -0.895091 -0.315134 0.096736 0.314802 -0.892225 0.021392 0.756906 -0.053846 0.754860 0.153264 0.100443 -0.421196 -0.543250 0.951228 -0.171972 -0.558382 -0.546275 -0.528552 -0.564103 0.538931 0.653929 0.651680 0.212798 -0.514775 -0.767176 -0.952577 -0.683129 -0.165319 -0.626102 0.030420 0.044271 -0.184611 0.224776 -0.121173 0.448590 0.770997 -0.897982 -0.978056 -0.324142 0.781369 0.018827
0.994684 -0.146308 -0.054974 -0.524284 -0.203749 -0.973879 -0.407081 0.386522 0.227449 -0.695074 -0.503202 -0.438990 -0.445556 0.127256 0.074447 0.402901 -0.622569 -0.812398 0.334929 -0.030471 0.814747 0.345595 -0.808855 -0.907991 -0.870220 -0.566556 0.563615 -0.992456 0.437873 -0.502552 0.236148 -0.726199 -0.884041 0.301695 0.403205 0.357343 -0.673630 0.432467 -0.097504 -0.613894 0.561915 0.713765 0.329868 0.844275 0.975456 -0.768580 -0.946580 -0.807365 0.491639 -0.789497
-0.196165 0.479161 -0.611262 0.034951 0.397396 0.078147 0.875054 0.513065 0.462604 0.612761 0.917028 -0.447062 0.226904 -0.549235 0.193041 -0.855202 -0.316611 0.120088 0.398936 -0.719911 0.907893 0.999877 0.639003 0.579898 0.840367 0.476682 0.956222 0.734336 -0.608404 0.738623 -0.158630 -0.682696 -0.198862 0.165818 -0.685360 -0.294289 -0.110390 0.920572 0.612449 0.661711 -0.009438 -0.786003 0.984194 -0.880617 0.387565 0.282814 -0.124785 0.471235 -0.540146 0.175409
-0.068430 -0.105987 -0.223979 -0.199491 -0.713978 -0.735824 0.380639 -0.880366 0.787907 -0.964835 -0.961278 -0.721097 0.764653 0.295549 0.165083 0.069056 -0.559346 0.836450 0.205694 -0.760497 0.461411 -0.694259 -0.769477 -0.596409 0.260870 -0.878486 -0.693145 0.011866 0.273804 -0.326909 -0.028891 -0.552535 -0.402220 -0.921008 0.151378 -0.097574 0.910333 0.505945 -0.378710 0.708059 -0.634807 0.005818 -0.993288 -0.790468 0.171115 0.919503 0.774859 -0.206958 -0.304120 -0.373941
0.291362 0.271118 -0.397666 -0.223272 -0.502787 0.645164 0.932734 0.083429 0.774672 -0.677212 -0.416989 0.142141 -0.661668 -0.847520 -0.318987 0.043950 -0.042741 -0.082590 0.968738 0.768131 0.435719 -0.412252 -0.134195 -0.380641 0.512759 0.099015 -0.206045 -0.193903 0.919622 -0.216782 0.777371 0.281204 0.976335 -0.438802 0.999789 0.462499 -0.266723 -0.619908 -0.261455 0.495272 -0.754386 -0.527830 0.123253 -0.012598 -0.258894 -0.943950 0.024466 -0.896832 -0.910715 -0.135409
-0.098721 0.474477 0.844388 0.883092 0.076333 0.745483 -0.230988 -0.263543 0.646331 -0.180514 -0.023149 -0.494429 -0.028279 -0.208468 -0.728727 -0.112137 -0.955287 0.860886 0.573088 0.024230 -0.032049 -0.932385 0.425303 0.193967 0.005067 0.636427 0.764675 0.079541 0.534422 -0.561449 0.401328 0.347032 -0.409631 0.207765 0.119344 -0.094168 0.990034 -0.996229 0.635884 -0.829965 -0.788480 0.292545 0.817881 0.936479 0.398224 -0.800448 -0.707575 0.141516 0.759852 -0.908938
-0.339935 0.053579 0.658440 0.550789 0.465918 -0.685036 -0.592291 -0.264673 0.490094 -0.507117 -0.693796 -0.657961 0.159358 0.408035 0.854108 -0.813663 0.424287 -0.078020 0.385286 0.107118 -0.553634 0.037990 -0.974504 0.299712 -0.304824 0.057827 -0.434623 0.389458 0.463223 -0.482821 0.672232 0.038778 -0.725858 -0.327122 -0.913828 0.950349 0.999227 -0.723722 -0.262164 -0.774929 -0.240472 0.099575 -0.712017 0.200183 -0.906351 -0.339254 0.760822 0.051943 0.921553 0.139777
-0.165088 0.362034 0.174477 0.314264 -0.061428 0.244976 -0.576877 -0.260476 0.480898 0.502992 -0.830755 -0.286044 0.236382 0.714627 0.874680 0.687998 0.391524 -0.792971 0.098859 0.792501 -0.748872 0.398555 0.623739 0.670636 -0.403935 0.732594 0.106638 0.407589 0.251880 -0.145695 -0.552091 0.822133 0.856222 0.693711 0.221986 0.086262 -0.628870 0.612305 -0.107654 -0.336306 0.905146 0.270131 -0.708785 0.210357 0.885266 -0.322225 0.152317 0.597120 -0.639131 -0.022961
-0.607740 0.606606 -0.521090 0.525363 -0.325479 0.394218 -0.716600 -0.469272 0.506013 -0.857446 0.022178 0.404783 -0.025100 0.459910 -0.398691 -0.173231 0.126511 0.527238 0.895559 -0.411190 0.048163 0.817831 0.849293 0.898156 -0.890404 -0.285328 -0.196115 -0.635960 -0.291448 -0.698675 -0.982464 -0.500576 -0.494859 -0.081436 0.270288 0.928224 -0.189116 0.645109 -0.380845 -0.204783 0.560564 -0.479875 0.146181 -0.862302 0.037286 0.629473 0.915346 -0.888443 0.354803 -0.912903
-0.751628 -0.785213 0.377066 0.537111 0.601024 0.009024 -0.562251 0.532632 0.035235 0.524425 0.575588 0.804610 -0.533294 0.326896 -0.963657 0.110823 0.604209 -0.092141 -0.967973 0.168248 -0.214452 0.057747 0.135707 0.679614 0.018884 -0.199815 -0.332193 0.176558 0.127077 0.071176 0.617827 0.351179 0.150196 -0.262407 0.255407 0.272826 -0.818002 0.827715 0.389036 -0.949057 0.266125 -0.328066 -0.734117 -0.101579 0.748749 0.158652 0.411819 -0.165269 -0.290811 0.531505
0.377215 -0.036316 -0.361569 0.353700 0.940441 -0.589335 0.857439 0.201821 -0.229500 0.765950 0.559732 0.266358 -0.242657 0.720022 -0.663883 0.830926 -0.542328 0.965856 0.023372 -0.530592 -0.840390 0.939324 0.395134 0.079662 0.784385 -0.433059 -0.384855 -0.620610 0.186413 -0.061896 -0.149311 -0.983630 0.335455 -0.931206 -0.020229 -0.430759 -0.616896 -0.081931 -0.901155 0.687930 -0.564367 0.563916 -0.632640 -0.184954 0.765570 -0.084855 -0.350014 0.794918 0.248000 -0.005585
0.108695 -0.610744 -0.471519 0.276070 -0.451311 -0.776000 -0.100600 0.042267 0.588014 -0.464731 0.110616 -0.767885 -0.362827 0.864064 0.504415 -0.589355 0.510632 0.165921 0.422941 -0.893881 -0.689107 0.907667 0.036424 0.086496 -0.821024 -0.871205 0.200502 0.298001 -0.073453 0.221644 0.824398 -0.435731 -0.721181 0.215622 -0.856797 0.309014 -0.786470 0.847872 0.128532 0.885233 0.844940 0.944445 0.680528 0.889203 0.255290 -0.897210 -0.486719 0.194273 -0.861623 -0.225882
0.549344 -0.232105 0.751938 0.935663 -0.840189 -0.850621 0.910649 -0.010098 0.478461 0.907117 0.149940 0.307366 0.048291 0.049842 -0.817392 0.504000 -0.573825 0.263831 -0.987485 0.419451 -0.229625 -0.204031 -0.607739 0.518307 0.734078 0.121299 0.446719 0.693495 -0.692443 -0.876546 -0.514918 -0.270050 -0.810505 -0.910397 0.002371 -0.481777 0.276906 -0.515353 -0.876805 -0.914339 0.846871 -0.718674 0.482068 -0.520100 -0.598182 -0.971710 0.493593 -0.028971 0.697199 -0.161928
-0.000088 -0.532803 0.012100 0.828944 -0.747788 -0.257569 -0.716290 -0.274957 0.047343 0.778919 -0.030501 0.815435 -0.430264 -0.276963 0.818770 -0.096209 0.493464 0.108630 -0.872129 -0.695374 -0.577860 -0.273215 0.386635 0.205380 -0.042340 0.658542 0.040331 -0.391705 0.493889 0.255075 -0.223029 -0.160876 0.463295 0.005053 -0.792261 0.857927 0.476392 -0.109800 0.524595 0.665820 -0.512029 -0.599097 0.710720 -0.858698 -0.228152 -0.609376 0.190148 -0.990832 -0.435095 -0.298606
-0.298623 0.425517 0.240550 -0.831315 -0.390840 0.500029 0.304380 -0.469869 0.828549 -0.631850 -0.620965 -0.566178 -0.456500 0.208640 0.802197 -0.109419 -0.275076 -0.933957 -0.050141 -0.499956 0.986597 0.982872 -0.577945 0.741858 -0.032077 -0.739969 -0.087786 -0.585121 0.101135 0.979029 0.089893 -0.627137 -0.790891 0.054962 0.642699 0.426476 0.123400 0.060872 0.086318 -0.516516 0.365637 0.765930 -0.176603 -0.541983 -0.551853 0.518499 -0.353307 -0.878667 0.796544 -0.580732
-0.961676 0.843928 0.724439 0.298544 0.933288 -0.543057 -0.102143 0.606183 -0.062048 0.561473 -0.240172 0.039801 -0.882286 0.366364 0.487930 -0.210628 0.456250 -0.092774 -0.827759 0.428994 0.800647 0.739080 -0.859153 0.892744 -0.450940 0.554675 -0.060573 -0.935560 -0.995643 0.971797 0.489419 0.153673 -0.482518 -0.170527 -0.532896 -0.529429 0.464848 -0.806204 0.082771 0.901245 -0.688762 0.716849 0.075368 0.730316 0.255319 0.564187 -0.997216 0.037068 -0.585801 -0.128693
0.197003 0.782167 -0.612369 0.139016 -0.224712 0.551513 0.099275 0.742511 -0.846051 -0.433673 0.160170 -0.233644 0.186705 -0.566480 0.012593 0.159914 0.117180 0.011435 0.330852 0.250325 -0.143005 0.669426 -0.141486 -0.701737 0.949663 0.833287 0.346513 -0.992006 0.175913 -0.468290 -0.095631 -0.517581 -0.506155 0.251828 0.256280 -0.593931 0.423414 0.990421 0.202508 -0.279005 0.309421 0.031538 -0.900132 0.816579 0.171110 0.308650 -0.681299 -0.079249 -0.624902 0.873616
-0.920269 -0.187355 0.376380 -0.518865 -0.004279 0.650757 -0.878798 -0.929283 0.784452 0.477609 -0.583192 -0.849155 -0.742716 -0.387382 -0.066132 0.845897 -0.868267 -0.542599 -0.695006 -0.331608 -0.005582 0.319093 0.448980 -0.346515 -0.887173 0.282887 -0.223230 0.260218 -0.494341 0.048823 0.726106 0.185592 0.310042 -0.997810 -0.752728 0.698298 -0.278787 0.475891 -0.359136 0.299497 -0.325100 0.143220 0.341347 -0.433014 0.694625 0.173178 0.052312 0.933856 0.964339 -0.157366
-0.365719 0.361046 -0.956080 0.040863 -0.779077 0.021667 -0.117953 0.612330 0.570237 -0.010079 -0.361212 -0.214779 0.723233 0.955574 -0.925025 -0.578381 -0.124640 -0.595801 0.568544 -0.557514 -0.232883 -0.832473 -0.705320 -0.381915 -0.368125 0.910648 0.273041 -0.902597 -0.736007 -0.019881 0.394234 0.518404 0.953331 -0.381036 -0.652469 -0.187710 -0.238553 0.849922 -0.497650 -0.777805 0.045621 -0.340870 -0.961201 -0.728281 -0.591377 0.348368 0.212919 0.045514 0.868503 0.272799
-0.663879 -0.228430 0.852385 0.391095 0.131488 0.914052 0.614064 -0.554405 0.723857 0.234974 -0.762490 -0.795065 0.503510 0.684571 -0.592593 -0.522691 0.301698 -0.808292 0.375179 0.538193 0.256597 -0.527085 -0.305480 0.405141 -0.445051 -0.872541 -0.811404 -0.335281 -0.709252 -0.377480 -0.782929 0.072226 -0.160209 0.159538 -0.852413 0.310260 -0.764218 -0.176639 0.239380 0.992215 0.760704 -0.280347 0.788084 0.292048 0.032661 0.086482 0.747880 0.164799 -0.301805 0.639837
-0.452401 -0.508418 -0.303007 -0.254822 0.659939 -0.432276 -0.232632 -0.931551 0.043105 0.920186 0.706147 -0.015739 -0.013084 0.629906 0.165447 0.554292 -0.199256 -0.504282 -0.864712 -0.254826 -0.985270 -0.636327 0.920776 -0.378332 0.218015 -0.489576 0.005801 -0.445023 0.765699 -0.896707 -0.000020 -0.874192 0.255612 0.965642 0.826766 0.281450 -0.434198 0.672207 0.510015 -0.946062 0.752481 0.481195 0.139299 0.141942 -0.720310 -0.675567 0.288652 -0.793371 -0.921910 -0.957981
0.418571 0.581268 0.074211 0.860945 -0.126720 0.336830 -0.989385 0.097827 0.545580 -0.338918 0.902848 0.648676 0.217424 -0.705523 -0.452545 -0.225025 0.122076 -0.961117 0.074007 -0.347506 0.728010 0.686345 0.866096 -0.979613 0.904878 0.488699 -0.066153 0.017934 0.437911 0.834340 0.977294 0.133265 -0.862132 -0.803612 -0.500985 -0.495590 0.705746 0.435116 -0.028513 0.038307 -0.313976 0.783417 0.434105 0.327965 -0.212170 -0.729028 0.933677 -0.537843 0.399027 -0.870667
0.506182 0.361980 0.763257 -0.849312 0.670833 -0.322270 -0.798510 0.456124 -0.372110 0.882106 -0.221787 0.917033 -0.629747 0.108592 -0.562435 -0.874288 -0.652502 -0.506089 0.300369 -0.166600 -0.243239 0.008492 -0.411185 -0.487124 0.995382 0.465077 0.814570 -0.143049 -0.138219 0.847524 0.149382 -0.763676 0.695705 0.390871 0.211899 0.834159 0.541120 -0.996197 0.880474 0.735698 0.097165 -0.246051 0.231416 -0.089766 0.529521 -0.238188 0.026256 0.263790 0.944779 0.737586
-0.996388 -0.148863 0.748549 -0.475346 0.179971 0.347936 0.995781 0.075020 -0.058249 0.596443 0.613307 0.460624 0.966164 -0.908511 -0.580247 0.569652 0.385271 -0.809645 0.042075 0.784851 -0.334327 0.559703 -0.281972 -0.674508 0.754116 0.065662 0.206514 -0.793620 -0.207739 0.918811 0.030366 -0.428544 -0.276331 -0.069873 -0.178630 -0.038047 0.566532 0.889578 0.190580 0.260629 -0.629986 -0.136288 -0.059900 -0.451885 -0.249705 -0.956673 -0.714478 0.936268 -0.011406 -0.944630
-0.635788 0.269104 -0.009693 -0.460674 0.451549 0.746882 0.426671 -0.930187 -0.833102 -0.820244 0.238500 0.240774 -0.704820 0.206582 -0.342299 -0.774325 0.033690 0.102208 -0.348549 0.468976 -0.555984 0.866033 0.700288 -0.243041 0.447865 0.139282 -0.764628 0.907227 -0.394315 0.738447 -0.810985 -0.332574 0.680032 -0.271452 -0.366049 0.114889 0.455724 -0.735670 0.462500 -0.300647 -0.839976 -0.242776 -0.644607 -0.232196 -0.208352 -0.533610 0.965044 -0.451707 -0.132599 0.584790
0.282589 0.651824 0.460034 -0.348415 -0.825107 -0.710621 0.780312 0.512089 0.659739 -0.169999 0.261684 -0.100357 0.628393 0.407657 0.426326 -0.873228 -0.125810 -0.653455 0.637966 0.273768 0.827600 -0.946012 0.643840 0.984163 -0.572294 -0.356209 -0.639416 -0.423179 -0.333145 -0.074597 0.116133 0.495570 -0.580113 0.646822 0.497911 -0.970162 -0.561109 -0.843455 0.960289 0.996464 -0.167579 -0.446746 -0.894691 -0.710549 -0.007688 -0.897980 0.174153 0.147585 -0.548375 -0.690998
-0.592912 -0.552962 -0.923941 0.561512 -0.765347 0.861946 0.481707 0.419929 -0.994618 0.763262 0.078697 -0.465431 -0.892299 0.342829 0.464692 -0.676833 -0.748861 -0.098768 0.333236 -0.196677 -0.842542 0.575434 -0.512186 -0.743721 -0.644824 0.313662 -0.064303 0.371032 -0.951073 -0.973270 0.752425 -0.669195 -0.449779 0.729136 -0.318902 -0.654147 -0.248616 0.979073 0.561179 -0.622338 -0.767137 0.235875 0.642331 -0.331302 -0.776287 -0.822069 -0.990631 -0.631931 0.373984 -0.762564
0.152158 0.044703 0.745997 0.449286 -0.535006 -0.257361 -0.731300 -0.251666 0.625628 -0.146421 0.886878 0.624818 -0.572090 0.310210 0.305960 0.613795 0.088747 0.384980 0.662232 0.830581 0.806695 -0.931347 -0.519074 0.036636 0.533045 0.921564 -0.341721 -0.233332 0.470921 0.467897 -0.183684 0.681579 0.662953 0.351040 -0.399514 0.639409 0.959175 -0.650631 0.238303 0.263012 -0.954159 -0.345078 0.466585 -0.151623 0.471488 0.524808 0.417270 -0.281009 -0.753126 -0.575825
0.091163 0.451752 0.335868 -0.461597 -0.455351 0.858256 0.239070 0.857568 -0.743870 0.923182 0.991982 -0.236704 -0.217451 0.257045 -0.562150 -0.833070 -0.590059 -0.698295 -0.693602 -0.743966 0.535244 0.491609 -0.819692 0.371662 0.736079 0.131050 -0.434460 0.962224 0.995128 0.576379 -0.982280 0.172368 0.490038 -0.683416 0.830807 -0.921507 0.500853 0.730553 -0.085594 0.179068 0.311811 0.393208 0.702025 -0.915969 -0.868770 0.406824 -0.444900 -0.411921 0.937949 -0.508049
0.589579 0.363912 0.113301 -0.790497 -0.974535 0.012106 0.152733 -0.170774 0.065898 0.348879 -0.172064 -0.389071 0.709834 -0.248160 0.582365 0.191311 0.184973 0.568488 -0.682378 -0.349851 0.670795 -0.328983 -0.585400 0.406995 -0.916013 -0.844285 -0.298519 0.917801 -0.416212 -0.546510 -0.069827 -0.687630 -0.898991 -0.340833 0.104108 -0.378019 0.851428 -0.769918 0.842874 0.831797 -0.766251 0.513766 -0.229000 0.998599 0.026867 0.072745 -0.502946 -0.763630 -0.410983 -0.854730
-0.810287 0.906011 -0.130150 0.876929 -0.342589 0.028367 0.899302 -0.898593 0.612762 0.423442 0.876731 -0.228169 -0.262143 0.032765 0.998879 0.678988 0.852720 -0.833340 0.706392 -0.800276 -0.051552 0.602263 -0.973436 0.849385 -0.791761 0.913786 0.300109 -0.225886 -0.323907 0.380585 -0.924742 0.735726 0.406801 -0.786069 0.216018 0.813731 0.060906 -0.318008 -0.658016 -0.639709 -0.945249 -0.184036 -0.211334 0.958199 0.601741 0.348226 0.282774 -0.783530 0.624003 0.149350
0.041068 0.355565 0.973602 0.840143 -0.606292 0.099713 -0.291199 -0.912080 0.884458 -0.554413 -0.785007 -0.156649 0.952261 -0.434053 0.566179 -0.116484 0.072112 -0.641692 -0.243398 -0.701266 0.189516 -0.347195 0.102786 0.867855 -0.882329 0.950596 -0.355231 0.044441 -0.072760 0.925100 -0.541996 0.904993 -0.252442 0.575053 -0.990280 -0.093254 0.757404 0.729549 0.333162 0.023356 0.289668 -0.829201 0.132049 0.430612 -0.940586 0.535440 0.597668 0.510886 -0.377591 0.381368
0.637668 0.204753 -0.365508 -0.397559 0.800924 -0.565312 -0.223144 -0.874821 0.982240 0.935469 -0.961681 0.654509 0.181940 -0.487138 -0.463646 -0.718662 0.089889 -0.035956 0.797400 0.645566 -0.949925 0.331816 0.972508 -0.982177 0.498942 0.568166 0.467296 -0.085099 -0.924006 -0.408912 0.514829 0.808594 -0.648254 -0.042292 -0.893891 0.365300 0.822958 -0.227242 -0.032059 -0.998499 -0.538929 -0.633501 -0.223897 0.794890 -0.765024 0.253297 -0.908346 0.495843 0.687537 0.775985
-0.449840 -0.360667 0.381915 -0.567268 -0.111379 -0.126440 -0.615824 0.312325 -0.331821 0.390962 0.919793 0.261199 0.500670 0.922356 0.545101 -0.907518 -0.191908 0.631359 -0.670958 0.861530 0.988535 0.888914 0.216962 0.834971 -0.323477 0.509735 -0.314917 -0.529217 0.505856 -0.666843 0.317272 -0.212715 0.696273 -0.038032 -0.397302 -0.109564 -0.930887 0.325765 -0.010438 -0.458521 0.019164 0.173506 -0.836907 -0.134221 -0.359825 -0.360320 0.866583 0.997066 -0.293709 0.548957
-0.045443 -0.685737 -0.923584 0.222492 0.358716 0.480074 0.808238 0.467855 -0.010623 -0.086244 0.813266 -0.218181 0.974417 0.178884 0.377477 -0.760147 0.670507 -0.117780 0.541901 -0.599294 0.237309 0.129002 -0.300411 0.061545 -0.943162 0.430910 0.589004 0.806361 0.804499 0.037159 0.534285 0.387835 -0.744413 0.625087 -0.441469 -0.028410 0.807521 0.318997 0.987906 -0.498285 -0.452034 0.193796 -0.867368 -0.160395 -0.965140 -0.914591 -0.217431 -0.825832 0.684458 -0.736523
-0.735446 -0.722217 0.352395 -0.005884 0.668598 0.335838 -0.924279 -0.618518 -0.671088 -0.448472 0.714289 -0.546269 0.389567 -0.574910 -0.970786 -0.924472 0.300442 -0.785583 0.280155 -0.167900 -0.778668 -0.474569 0.435615 0.771147 -0.252769 0.323765 -0.823268 -0.550985 -0.207631 -0.991657 0.202607 0.016158 0.814732 -0.708676 -0.966665 0.780660 -0.692434 0.184991 0.263848 0.957576 0.355994 -0.615110 0.753401 0.251031 0.864835 -0.025946 0.527639 -0.208740 -0.021908 -0.123423
-0.729033 0.466774 0.046384 -0.818967 -0.510508 0.104993 0.851567 0.631769 -0.667039 0.429278 0.043684 -0.183354 -0.088640 -0.004152 -0.462511 0.940280 -0.209989 0.266088 -0.114318 0.170436 0.934677 -0.398454 -0.307848 0.500222 -0.372524 0.435711 0.867250 -0.928981 -0.705839 0.027784 0.220256 -0.952821 0.790365 0.599675 0.500384 0.232517 -0.707151 0.404404 0.033413 -0.784573 -0.106149 -0.478306 -0.626544 -0.374908 0.313375 -0.968969 -0.279005 0.138185 0.151661 -0.009150
-0.003902 0.039467 -0.418302 -0.684026 -0.793773 -0.925828 0.277174 -0.811010 -0.178598 -0.353117 0.911955 -0.951356 0.452511 -0.445276 0.600080 -0.020568 0.043184 0.756107 0.616841 0.069965 0.456350 0.122151 0.557972 -0.520409 -0.965430 -0.282569 0.653088 0.411611 0.047859 0.378510 0.517736 0.737724 -0.816665 0.523221 0.787540 -0.057742 -0.616366 0.291196 -0.916128 -0.896735 -0.468197 0.774537 -0.275137 -0.972698 -0.269291 -0.264890 -0.887927 -0.843340 0.138779 -0.655549
-0.033952 -0.690762 -0.999912 -0.480580 0.452113 0.636735 0.399920 -0.632625 -0.877999 0.969165 0.671502 0.310873 0.112158 0.140333 0.234099 -0.644111 0.394231 0.880186 0.892498 -0.082569 0.260144 -0.637941 -0.246282 -0.270682 0.470833 -0.810308 -0.949129 0.565620 -0.836241 0.642657 0.992620 0.859587 -0.404890 0.163603 -0.790721 0.510425 -0.532348 0.540829 0.516631 0.539633 -0.218849 0.385886 -0.655036 0.245538 0.522743 0.485335 0.050578 -0.047178 0.695800 -0.098495
-0.588303 -0.254136 -0.186736 -0.143035 -0.836470 -0.545897 0.150568 -0.958655 0.023327 -0.689077 0.284046 -0.862713 0.758672 0.927370 0.375004 0.952134 -0.025938 0.069316 -0.103898 -0.646330 -0.484487 0.356080 0.354631 -0.460904 0.698842 0.983762 0.225166 -0.080625 0.581992 -0.886237 -0.354052 -0.456201 -0.277142 -0.941560 0.280153 0.046657 0.568226 -0.330024 0.367702 -0.794671 -0.450353 0.108840 0.660174 -0.711743 -0.151735 -0.699881 -0.357824 -0.717288 -0.020416 0.714728
-0.560668 -0.457748 0.354961 0.923877 0.066102 -0.560908 0.462803 -0.194630 0.848867 -0.911590 -0.764433 0.962603 0.613370 -0.569748 -0.887162 -0.434198 -0.577284 0.606722 0.775402 0.489339 -0.220550 0.054133 -0.843701 -0.601178 0.346005 -0.853742 -0.252794 0.862027 0.350672 0.882046 -0.890155 -0.877393 0.559268 0.577818 0.340820 -0.260437 0.342764 -0.941403 0.470765 0.948677 0.314782 0.075372 -0.061445 0.075256 -0.477774 0.163641 0.109228 0.453677 -0.688174 0.645605
0.056597 -0.450929 0.775707 0.360724 0.769840 -0.930575 -0.127626 0.788695 -0.518618 -0.470485 0.672524 -0.871347 -0.580488 0.688328 0.412599 -0.306081 -0.738276 -0.653431 -0.812917 -0.313696 -0.503351 0.538811 0.042273 -0.033744 -0.039123 0.419080 0.733305 -0.480859 0.522880 0.976143 -0.078154 -0.343987 -0.895113 0.027475 0.765933 0.759481 -0.242612 -0.289850 0.478546 -0.024314 0.529338 -0.313347 0.762173 0.034629 0.481390 0.264229 0.312088 -0.780239 -0.448385 0.548074
-0.298965 -0.281609 -0.355547 0.756007 0.676303 -0.200126 -0.808502 0.741203 -0.784064 0.744654 -0.596776 0.414635 -0.716244 0.231592 -0.256191 0.913723 0.320661 -0.438585 0.934639 -0.492986 0.492478 -0.085095 -0.999806 0.626332 0.160801 0.398058 -0.464075 -0.144297 0.019295 -0.175391 -0.647059 0.076942 -0.943635 0.814201 0.464800 0.403458 0.658177 -0.778610 -0.887120 -0.336251 0.837256 0.860119 0.468964 0.773827 -0.674853 0.140338 0.466816 -0.160334 -0.585263 -0.645601
0.675382 0.199551 0.886862 -0.327912 -0.958103 -0.036278 -0.093415 0.491233 -0.893904 -0.220201 0.182277 0.917328 -0.563372 0.969604 0.197794 -0.079405 0.457602 0.395390 -0.402926 -0.438006 -0.675434 -0.155643 -0.849429 0.964887 -0.618216 -0.392643 0.465946 -0.066043 0.001954 0.298082 0.174196 -0.762256 -0.521647 -0.217359 -0.452601 -0.573922 0.292977 -0.984817 -0.110258 -0.755686 0.774865 0.848776 0.892410 0.023960 0.440967 0.282060 0.311587 -0.522189 -0.615475 0.180287
0.001073 0.298570 0.584719 0.242340 0.351718 0.972627 -0.058545 -0.394854 -0.010941 -0.219690 -0.275200 0.100161 -0.926286 0.081102 0.111942 -0.696249 0.531313 -0.004578 -0.288085 -0.834833 -0.930926 0.917156 0.903903 -0.002697 -0.317019 0.879526 0.564166 -0.692614 0.941424 0.440104 -0.179923 -0.242343 -0.469231 -0.390834 0.842868 0.634651 0.242931 0.932515 0.471061 -0.536949 -0.358188 -0.604905 0.293601 -0.303545 0.797260 -0.099862 -0.902061 0.500912 0.627973 0.001874
0.151013 0.536123 0.260392 0.367553 -0.105632 -0.719347 0.437205 -0.710167 0.774055 0.301872 -0.491596 0.924328 -0.640548 -0.249372 -0.290914 -0.869134 0.389070 0.261589 0.032547 0.712989 0.496955 0.488407 -0.642582 0.194893 -0.923238 0.569440 -0.083355 -0.838528 -0.792496 0.583015 -0.341421 0.672933 -0.222353 -0.337681 -0.971370 -0.780731 0.666897 0.524200 0.836953 0.375154 -0.487067 -0.342723 -0.499287 0.273995 -0.895490 0.511322 0.175033 0.816148 0.688518 0.450152
-0.058839 -0.127281 0.474895 -0.216018 -0.392995 0.096280 0.715164 -0.609425 0.502311 -0.794791 -0.568798 0.501592 -0.483799 0.271350 -0.000736 0.445479 -0.933650 -0.604004 -0.739099 0.692703 0.787875 0.374965 -0.086931 -0.410246 0.758790 -0.079185 -0.805172 -0.282965 -0.458118 0.967417 0.877768 -0.308883 0.975864 0.195242 0.848819 -0.622752 -0.497825 -0.834486 -0.423462 0.560426 -0.467594 0.153723 -0.834540 -0.312940 -0.222680 -0.888916 -0.336840 -0.523142 0.298307 -0.808904
-0.739733 0.956932 0.103805 -0.040919 0.820808 -0.166094 0.352558 0.029831 -0.177643 0.950788 -0.325632 0.988438 0.686638 -0.031060 -0.073131 0.365172 -0.572840 0.586425 -0.024608 0.492038 -0.727287 -0.413309 0.167350 -0.690084 0.300774 -0.435867 -0.709290 0.687548 -0.791132 -0.728179 -0.754580 0.551848 0.330891 -0.174145 0.349178 -0.982443 0.983110 -0.647095 0.244094 0.190686 -0.858136 0.290032 0.923935 0.470615 -0.559425 0.688257 -0.835394 0.216235 0.810509 0.619755
0.678167 0.321019 -0.297258 -0.859454 0.494746 -0.963181 0.694398 0.041132 0.202863 0.195671 0.553195 0.479064 0.795562 -0.205454 -0.517866 0.251791 -0.815367 0.464026 0.616885 -0.971802 0.794973 0.714008 -0.149611 0.453362 -0.322914 0.586277 -0.556457 -0.085022 -0.549349 0.431483 0.305473 -0.667209 -0.856587 -0.485533 -0.057461 -0.958239 0.696492 0.743208 0.295413 0.845696 -0.930714 0.495217 -0.298876 0.923679 -0.804270 0.411773 0.244853 0.949982 0.535119 -0.568871
0.287795 -0.945641 0.790797 -0.973452 0.812240 0.263158 -0.170322 0.817066 0.364427 0.418949 0.678475 0.836385 0.749262 -0.798660 -0.218933 0.189122 -0.482830 0.600797 -0.087241 0.514643 -0.692867 0.482226 0.297237 -0.228415 0.937575 0.204779 -0.010140 0.007722 -0.268180 0.023890 -0.534089 0.466412 -0.975475 0.791151 -0.427355 -0.639055 0.081748 0.472804 0.700103 0.595715 0.300198 -0.537760 0.993756 -0.917493 0.772005 0.998761 -0.819951 0.850436 -0.137416 -0.790204
-0.796438 -0.765860 0.123541 0.538652 0.960598 -0.348102 0.703232 -0.953550 0.046678 -0.601057 -0.566418 0.366174 0.149697 0.285039 0.563015 0.757707 0.702964 0.867954 0.285637 -0.795780 -0.218057 0.850809 0.561900 -0.526905 -0.878640 0.563490 0.556047 0.318486 0.891074 -0.313368 -0.222236 -0.176233 0.786035 0.001543 0.270617 -0.854413 0.002583 -0.894044 0.639947 0.329053 -0.529418 -0.083721 0.859931 -0.265169 0.895162 0.914001 -0.392140 0.129032 0.356002 -0.185088
0.227195 -0.263840 -0.552727 -0.183386 -0.774630 0.774228 -0.753287 0.061214 -0.733003 -0.476502 0.850418 -0.541731 -0.557118 0.738719 0.554323 -0.777659 -0.613400 -0.992765 -0.383498 0.559926 -0.341504 -0.821685 -0.552310 -0.361385 -0.874138 -0.764386 -0.583404 -0.492581 0.010678 0.117387 0.711102 -0.835556 0.108843 -0.256873 0.055589 -0.695059 0.946371 -0.154703 -0.714501 -0.339191 0.059222 -0.917536 0.781073 -0.850418 -0.181860 0.649953 0.528445 0.579849 -0.588340 0.073212
0.612624 0.556167 -0.819001 0.795817 0.132487 0.557722 -0.826854 -0.645952 -0.957859 0.098384 -0.237024 -0.628882 -0.068555 -0.760243 -0.703326 -0.257999 0.921367 0.411806 0.998835 0.461550 -0.704322 -0.400469 -0.702851 -0.898856 -0.569571 -0.652384 -0.589011 0.027464 -0.238319 -0.397050 0.852382 0.129559 0.182389 0.659777 0.971928 -0.548068 0.049306 -0.987810 -0.990049 -0.601335 -0.845841 0.305389 -0.771662 -0.799766 -0.737476 -0.043396 0.760016 -0.863673 -0.972801 -0.385114

Bias v0 (Oculta):
-0.512785
-0.491467
-0.208969
-0.073530
0.264525
-0.767544
-0.467819
0.192217
0.047123
0.603410
-0.693587
-0.701810
0.973224
0.796898
0.240618
0.470680
-0.596546
0.319971
-0.815659
0.823792
0.923129
0.442306
0.233412
-0.039482
-0.118138
-0.066902
-0.769366
-0.548177
0.942832
-0.092749
-0.856803
0.718523
0.328894
-0.237221
-0.027538
0.469305
0.351525
-0.935047
-0.853978
0.761996
0.086429
-0.109521
0.284561
0.409310
-0.965991
-0.389477
-0.121979
0.342540
-0.141207
0.372573

Pesos w (Oculta -> Sa獮a):
0.214774 0.219949 0.336227 -0.972147 -0.508486 0.284753 -0.663532 -0.363177 -0.677456 0.192673 0.382293 0.635992 -0.406144 0.563184 -0.828309 0.365548 -0.457050 -0.949576 -0.571285 -0.954577 -0.948363 -0.480656 -0.031333 0.297337 0.398483 0.363627
-0.447343 -0.214253 0.515508 0.046971 -0.808555 -0.899645 0.390539 -0.535614 0.463832 -0.277553 -0.878580 0.753807 0.297538 0.298747 -0.795591 0.899288 0.361516 0.201259 0.997327 0.271808 -0.391453 -0.223690 -0.229385 -0.913498 -0.461549 -0.356661
0.980968 -0.687401 -0.845837 -0.864787 0.238658 -0.345066 0.064839 -0.412942 0.362506 0.233185 -0.560702 0.588637 0.715610 0.336304 -0.287004 0.222736 0.775670 0.861801 -0.464702 0.331618 -0.781588 0.373485 0.270782 -0.764581 -0.230900 0.641756
-0.715859 -0.130256 -0.411495 -0.775557 0.156660 -0.500124 -0.137713 0.714975 0.061169 -0.975245 -0.751395 -0.827149 0.151499 -0.616278 -0.001972 0.679043 0.644404 -0.642426 -0.097922 -0.202535 0.569340 0.037127 0.681012 0.795733 0.230190 0.432484
0.244155 0.585780 0.754254 0.689756 0.343156 -0.975449 0.293070 0.316164 0.970507 0.812989 0.474851 0.789726 0.393403 0.136045 0.561568 0.665425 0.670539 0.919677 -0.437067 -0.409356 -0.261231 0.153219 -0.468504 0.302062 -0.971611 0.685348
-0.005730 -0.038111 0.646255 0.857103 -0.893710 0.893039 0.992697 -0.095262 0.533415 -0.284681 -0.405000 0.618477 0.933795 0.636202 -0.151368 -0.273225 -0.398115 0.459009 0.142185 -0.566976 0.769193 0.072832 0.409045 -0.193114 0.497103 -0.817862
0.897235 -0.824313 -0.167702 -0.018182 -0.734868 0.195832 0.177662 0.930825 -0.097781 -0.426288 0.219254 -0.155463 0.702815 0.770661 -0.351906 0.504731 0.904320 0.112144 0.092809 0.165353 -0.540848 -0.884288 -0.764050 0.522058 0.512189 -0.500449
-0.686773 0.798345 -0.299485 -0.905018 0.058547 0.365567 0.228079 0.253741 0.957449 0.257767 0.452727 0.978000 -0.197658 -0.685912 0.333657 -0.905718 0.196165 -0.510179 0.893897 0.542397 0.545916 0.988299 -0.938301 -0.251277 0.198914 -0.404297
-0.606203 -0.855180 -0.213721 0.751807 0.212926 -0.717597 0.368117 -0.316631 -0.133355 -0.317091 0.301703 0.645921 0.700651 -0.767185 -0.517643 -0.629635 0.234414 0.817348 0.870517 -0.103452 0.381773 0.254485 0.215814 -0.302304 -0.739338 -0.504737
0.567124 -0.166669 0.699926 0.531808 -0.561254 -0.662105 -0.885323 0.435664 -0.665653 0.167443 0.133869 0.495470 -0.511537 -0.439016 0.108165 0.803718 -0.317123 -0.184733 0.238070 0.976277 -0.016510 0.340359 -0.406253 0.516819 0.805342 0.521193
-0.090745 -0.792469 0.085589 0.883520 -0.385307 -0.756617 0.102803 0.661374 -0.038864 0.947598 0.956740 -0.406412 -0.671019 -0.540341 -0.483992 -0.557919 -0.472825 0.931224 0.175820 -0.978613 0.452533 0.286329 -0.878443 0.468115 0.509041 0.709435
-0.779369 0.893583 -0.534975 0.324245 0.217410 0.683195 -0.156533 -0.320880 -0.587907 -0.784259 -0.132273 -0.491627 0.637879 -0.461025 0.100837 -0.315993 0.841646 -0.527327 -0.012069 0.628021 -0.176302 -0.254635 -0.602103 -0.800609 0.526275 0.516611
-0.521190 0.583300 0.922459 0.076589 0.242815 0.628423 0.593003 -0.875096 -0.415408 0.588467 0.486347 -0.167486 -0.772666 0.541683 -0.989784 -0.116420 -0.331522 0.016726 0.457477 0.228889 0.662297 0.284444 0.863900 0.254201 0.894398 0.177656
0.363768 0.595673 0.238734 -0.045872 0.527098 -0.264126 0.998039 -0.116504 -0.447429 0.169757 0.874174 0.380237 -0.892547 -0.424979 0.176868 0.865551 0.373087 0.850240 -0.756619 0.457589 -0.153560 0.306559 0.453950 -0.095719 -0.115622 -0.087685
0.036013 0.536611 0.298009 0.733503 0.924849 0.035639 0.715929 -0.621770 0.468538 -0.026764 0.183177 -0.601276 -0.624611 0.920090 -0.127620 -0.120968 -0.825516 -0.596623 0.604016 0.935533 0.209831 -0.500848 -0.632510 0.456391 -0.639964 0.592122
-0.682126 0.477511 0.867507 -0.138277 -0.409916 0.724638 -0.706399 -0.123589 0.976634 -0.608513 -0.412276 0.310109 -0.885886 -0.455902 -0.708896 -0.518679 0.621005 0.247863 0.044867 -0.583856 -0.582897 0.965216 -0.062179 0.417413 -0.321017 -0.585318
-0.543648 -0.932113 0.239798 0.807025 0.386193 0.285248 0.248033 0.947155 0.271724 -0.780638 -0.641067 -0.099765 -0.734055 0.164398 0.033174 0.429159 -0.413764 -0.488677 0.529596 0.199861 0.115327 -0.894976 0.988986 -0.191415 0.759474 -0.197536
-0.241351 0.145515 0.195439 -0.519402 -0.401956 -0.665843 -0.700539 0.552932 -0.092512 0.646598 -0.905598 0.535268 -0.763282 0.101198 0.415659 0.986336 -0.233719 0.427307 0.781031 -0.146818 -0.672277 0.380437 -0.071029 -0.851461 -0.050695 0.577063
-0.333442 0.494563 -0.094385 -0.053546 0.853282 0.799772 -0.610271 0.674617 0.862778 -0.690112 0.418706 -0.139939 -0.889805 -0.368849 -0.524652 -0.531194 0.038927 -0.948173 -0.906851 -0.349320 -0.837638 0.616257 0.032911 -0.982853 -0.649298 -0.452172
0.971372 -0.537148 0.003712 -0.891632 -0.340643 0.487366 -0.502988 0.993945 -0.564417 -0.455280 0.408749 0.136060 0.374445 0.173728 0.589071 -0.425213 -0.030411 -0.389527 0.980685 0.659467 0.323241 -0.592699 0.394106 0.703545 -0.802425 0.269761
0.297929 0.358887 -0.602140 -0.626344 0.868374 -0.184600 -0.802113 -0.198590 0.484875 -0.162567 0.836721 -0.238277 0.094370 0.042026 -0.818201 -0.668788 -0.050669 0.015667 0.667342 0.022571 -0.915162 0.861980 -0.928901 -0.306188 -0.640403 0.344602
-0.069273 0.959123 -0.831300 0.741711 0.923463 -0.348772 0.488396 -0.694694 0.392152 -0.617613 0.706616 0.634232 -0.969293 -0.248668 -0.816990 0.716608 -0.020399 -0.107627 0.262803 0.923384 -0.875237 -0.413493 -0.184798 0.800178 0.813076 -0.258958
0.431515 -0.097238 -0.751500 0.305165 0.177581 0.419216 -0.048323 -0.756063 0.044621 -0.898311 -0.226374 -0.244134 -0.136621 -0.004737 -0.826064 -0.066047 0.540523 -0.297085 -0.165941 0.614579 0.057174 -0.249030 -0.662253 -0.518973 -0.607590 -0.190130
-0.850793 0.170162 0.016583 0.121962 0.318370 0.609035 0.746607 0.560000 -0.129647 -0.514967 0.227889 0.167666 0.615268 -0.591766 -0.979427 0.290981 -0.146663 0.254409 -0.689131 0.869841 0.257000 -0.373032 0.092660 -0.657409 -0.156478 -0.486440
-0.479395 -0.116169 -0.193662 -0.730533 -0.567881 -0.167553 -0.366833 0.134738 -0.918029 -0.563506 0.638023 0.494161 0.798257 0.675114 0.007978 -0.111617 -0.925180 0.485453 -0.479810 -0.834411 0.971217 0.342244 -0.634529 0.694746 0.830195 0.450794
-0.465998 -0.128075 -0.747695 -0.602422 0.680475 0.464968 0.737431 -0.515736 -0.716513 -0.186358 -0.969531 0.842963 -0.769504 0.528817 0.445797 -0.912844 -0.824506 0.456763 -0.056678 -0.534094 0.952612 -0.102319 0.799561 -0.187290 0.686072 -0.265757
0.399205 -0.342623 0.327929 0.223509 0.998712 -0.140443 -0.741188 -0.769741 0.036644 0.787543 0.530050 0.219026 0.116551 -0.404721 0.481899 0.162832 -0.240281 -0.604968 0.935223 -0.528011 0.985141 -0.912976 -0.901064 -0.677296 -0.902044 0.910997
-0.469716 0.533982 0.306973 -0.092254 -0.676369 0.580453 0.164343 0.608950 -0.635420 -0.018372 0.858028 -0.326375 0.585301 -0.499196 0.366415 -0.320407 -0.950800 -0.633198 -0.890819 0.683761 0.644582 -0.976903 -0.452416 -0.356019 -0.441340 -0.736080
-0.559669 -0.758601 0.616232 -0.400440 -0.141035 -0.832551 -0.433660 0.554780 -0.156143 0.060286 -0.995054 -0.828699 0.429866 -0.674168 0.693266 -0.159038 0.683083 -0.460252 -0.031444 0.268613 0.552227 0.035558 -0.301388 -0.827353 0.719654 -0.579558
-0.661331 -0.467771 -0.908044 -0.230372 -0.450579 -0.810416 0.817666 0.284565 0.310324 0.494573 0.952735 -0.113587 0.732180 -0.331517 0.462494 -0.491974 0.409519 0.833456 0.924328 -0.272142 -0.468870 -0.384267 0.723078 0.936573 0.399225 -0.056808
-0.316790 0.968601 -0.275557 -0.962923 -0.641031 0.281522 -0.222703 0.452586 0.751282 -0.287914 0.085831 0.406286 -0.656264 -0.648701 -0.855335 -0.331093 -0.347475 -0.040115 -0.917133 -0.233001 -0.018628 0.854714 0.994118 -0.688704 0.094066 -0.411762
-0.016424 -0.048352 -0.810268 -0.561746 -0.385421 0.004460 0.543985 0.310299 -0.132415 -0.590009 0.463003 0.987909 -0.422122 -0.359113 0.441526 0.945300 -0.255821 -0.179179 0.163212 0.801475 0.776335 -0.599651 -0.999602 0.789742 -0.627251 -0.820518
-0.467591 -0.525671 -0.192725 0.105748 0.664487 0.283611 0.760769 -0.523087 0.414952 0.539668 0.717906 0.880984 0.050217 -0.808183 -0.229602 -0.867823 -0.816582 -0.060294 0.269947 0.494390 -0.403188 0.290873 -0.981632 0.417704 0.870980 -0.281319
-0.058767 -0.071790 0.256666 0.035052 0.907620 0.448933 -0.281229 -0.412804 -0.118318 0.777556 0.307668 0.414514 0.948654 0.415520 -0.974469 0.864462 0.315003 -0.210124 0.533940 -0.637976 0.477613 -0.188052 0.256939 -0.802042 0.531779 0.564276
0.023816 0.796237 0.777766 0.897877 0.294661 0.061482 -0.439697 -0.161470 -0.349609 0.099393 0.406450 -0.215291 -0.989027 -0.018533 -0.058406 0.314832 -0.515685 -0.710042 -0.868927 0.512742 0.009393 -0.137720 0.773938 0.537524 -0.065481 -0.478366
-0.254739 0.008047 -0.518290 -0.170576 0.737624 -0.957935 0.296318 -0.574047 0.534706 -0.892621 -0.379677 0.700446 -0.759668 -0.179879 -0.434494 -0.808907 -0.630062 -0.641740 -0.878896 -0.729495 0.414768 -0.404296 -0.460939 0.384308 -0.395241 0.120365
-0.247898 0.053000 0.269438 0.706723 0.633308 0.834994 0.632519 0.315804 -0.468197 -0.247337 0.511628 0.447201 -0.155498 -0.683947 -0.846427 0.541610 -0.744128 -0.048498 0.106041 -0.715489 -0.161551 -0.692060 -0.629759 0.781213 0.448060 0.632425
-0.317171 0.838357 -0.600343 0.758861 -0.526428 -0.998091 -0.146382 -0.563380 -0.750661 -0.430282 0.056828 -0.781535 0.628292 0.925820 -0.671531 -0.700752 -0.581851 -0.821852 -0.434629 0.388641 -0.464111 -0.915401 -0.811137 -0.724382 0.086428 0.881714
-0.260935 -0.152540 -0.796575 -0.993497 0.670653 -0.695233 0.791171 -0.680661 0.689790 -0.379337 -0.097623 -0.105143 0.153385 0.838547 0.967999 -0.545839 0.052305 0.460224 -0.725856 0.384556 -0.453313 0.070481 -0.284341 -0.142125 0.016796 -0.206935
-0.500109 -0.960969 -0.175994 -0.503227 0.521571 0.147456 -0.310323 0.197358 -0.032647 0.028610 0.032181 -0.601158 -0.239789 -0.330531 0.005314 -0.625992 -0.619188 0.138377 -0.054086 0.325762 -0.861931 -0.841598 0.707458 0.354753 -0.294186 0.430188
-0.988380 -0.790904 -0.444024 0.683671 0.617563 -0.797049 0.361625 -0.723542 0.873568 -0.046952 0.070524 0.712284 -0.231729 -0.606742 0.048062 0.006006 -0.498132 0.426048 -0.021359 -0.167458 -0.521910 -0.727118 -0.382897 0.326238 -0.004504 0.540962
0.848093 -0.100691 0.136979 0.378857 0.630589 -0.714347 0.769258 -0.686011 0.974569 -0.874256 -0.561249 0.050844 0.553685 0.919028 0.163546 0.199777 0.652699 -0.544677 0.023043 0.833269 0.911055 -0.456025 -0.874214 -0.986794 0.366904 -0.995193
-0.323790 -0.050088 0.618552 0.388313 -0.664883 -0.485934 0.098339 -0.937281 0.207778 -0.436289 -0.929835 0.429522 0.943261 0.583646 -0.629599 0.082721 0.601152 0.040537 -0.600525 0.803160 -0.172094 -0.487252 -0.634054 0.085497 0.275945 -0.566300
-0.312492 -0.766009 0.351562 0.153510 -0.066164 0.356559 -0.186942 0.185776 0.434118 -0.844745 0.807151 -0.332390 0.740201 0.026213 0.964559 -0.310583 -0.579915 -0.724316 0.106073 -0.762197 0.479713 -0.506176 0.138330 0.657056 -0.805593 0.812021
-0.145044 0.761183 -0.776261 0.905661 -0.090802 0.963093 0.166875 0.198131 -0.209412 0.102597 -0.220087 -0.629620 0.292825 -0.812023 0.495764 0.399434 0.818592 -0.966797 -0.718130 -0.060604 -0.167661 -0.040734 0.463565 -0.568997 -0.110976 0.559626
-0.300130 0.419688 -0.030219 0.993067 0.381959 -0.832442 -0.434108 -0.840978 0.455014 -0.107089 -0.926560 0.441398 0.489284 0.250415 -0.677044 0.809894 -0.710802 0.431426 -0.355377 0.440019 -0.670860 0.923826 -0.498096 0.398224 -0.546781 0.339707
0.135289 0.591866 -0.171373 -0.759998 0.602941 -0.234858 -0.759263 -0.375861 0.963407 0.949312 0.538983 -0.507481 0.204934 0.154824 -0.705243 0.384586 -0.602297 -0.898424 -0.211926 -0.394572 -0.071511 0.081573 -0.163374 -0.079954 0.258693 -0.697083
0.964325 0.004579 -0.103264 -0.085380 0.991904 -0.158577 -0.092658 0.539432 0.356208 0.850768 -0.015611 0.088052 0.109087 -0.961044 0.724303 0.623104 -0.714726 -0.839285 0.892158 0.129520 -0.156763 0.823813 0.475095 -0.780789 0.291909 0.638394
-0.931725 -0.284005 -0.506470 0.182682 -0.194465 0.119746 0.306598 0.514700 0.693718 0.045639 -0.590529 0.053330 -0.241181 0.890843 -0.448520 0.121433 -0.389085 -0.562998 0.489691 -0.772789 0.373593 -0.145307 0.365029 -0.158644 -0.686418 0.729698
-0.592858 0.736363 0.500875 0.260561 0.681126 0.367328 0.455687 -0.859632 -0.193475 0.497445 0.726692 0.569499 0.021798 -0.805176 -0.611017 -0.770749 0.104263 -0.507843 0.028519 -0.527720 0.931983 0.104917 0.114945 0.293837 0.598138 0.702904

Bias w0 (Sa獮a):
-0.677797
-0.582124
-0.283696
0.987190
-0.527847
-0.389054
-0.414388
-0.988815
-0.563828
0.654397
-0.279143
0.181491
0.924623
0.455842
0.807960
-0.206727
-0.563158
-0.118253
0.709546
-0.933120
0.455062
0.238475
-0.661559
-0.057567
-0.014615
0.337844
