Pesos v (Entrada -> Oculta):
-0.173804 0.686296 0.798797 0.884909 0.656173 -0.104041 -0.301592 0.505249 0.215620 0.134193 0.703185 0.419612 0.696525 0.181046 -0.821705 -0.490610 0.836830 -0.620677 -0.655314 0.016125 0.279945 -0.572518 -0.520026 0.380401 -0.548599 -0.453665 0.127559 -0.708260 0.753322 -0.382208 0.701118 0.328253 1.000061 -0.121493 0.036551 0.073616 -0.742400 -0.335483 0.789270 -0.005758 0.488391 -0.057573 -0.898406 -0.419502 -0.448523 -0.644365 0.817535 0.001583 -0.117261 1.134911
-0.095618 0.928841 -0.436601 -0.307940 -0.373845 0.323407 0.490472 0.461164 -1.026999 0.123829 0.283972 -0.776627 0.001046 0.314518 0.640749 0.522786 -0.134847 0.273870 -0.537838 -0.004346 0.341738 0.373935 0.927397 0.846702 -0.269677 -0.242674 0.824387 0.279276 -0.256522 0.558749 -0.216127 -0.231765 -0.835110 -0.083407 0.539141 0.327334 0.058671 0.673142 0.001398 -0.475783 -0.525816 1.033765 -0.514312 -0.094611 0.820061 -0.200809 0.585425 -0.297672 0.272753 0.795161
-0.167846 1.399963 0.166859 0.515106 0.386070 -0.166304 -0.634094 -0.329629 0.061023 0.936167 -0.343280 0.181496 -0.077509 -0.179795 0.772457 -0.349707 -0.684382 0.792407 0.085731 -0.355244 0.473072 0.547134 -0.617340 0.740539 0.118096 -0.953675 0.272627 -0.457742 0.131065 -0.808046 0.595997 0.484918 0.380280 -0.847926 -0.474531 0.671156 -0.039238 0.157373 -0.932716 -0.155378 0.213019 0.453178 0.257438 -0.968213 -0.383291 1.096000 0.379368 0.634761 0.709065 0.806480
0.055129 0.642145 -0.435903 -0.718011 -0.656478 0.501842 0.031460 -0.026365 0.670462 -0.244848 -0.303285 -0.817118 0.796247 0.723321 -0.342248 -0.556345 0.902684 0.374775 -0.384955 -0.180812 -0.492320 0.673047 -0.562608 -0.576588 -0.608472 -0.961222 -0.389631 -0.232881 1.102265 -0.376851 -0.180367 0.768810 0.436097 -1.040956 1.008100 -0.266474 -0.543179 -0.972830 0.440377 0.332466 -0.582478 -0.672941 0.358857 0.872597 0.493780 -0.451829 -0.415899 0.442394 -0.065868 0.796487
0.035342 0.908171 -0.602113 -0.140390 0.479753 0.875387 -0.708236 -0.540678 0.716553 -0.583455 0.428907 0.463511 -1.344460 -0.385695 0.488063 -0.465837 0.015962 0.001629 0.617706 -0.257069 0.461614 0.423632 0.555765 -1.130885 -0.804203 -0.735102 0.292517 0.792865 0.603908 0.038317 -0.475447 -0.826635 -0.763050 0.147967 -0.457554 0.858836 -0.792467 -0.380075 -0.031335 0.624928 0.055964 0.236608 -0.539402 -0.654412 0.020282 0.084724 -0.244498 0.394024 -0.142335 -0.242510
0.540470 -0.869294 -0.165116 -0.726368 -0.106086 0.645119 0.122681 0.528449 -0.487618 0.019051 -0.702481 0.273655 -0.503021 0.319858 0.342021 0.927333 -0.382770 -0.487232 0.594306 1.154356 0.591354 -0.850425 -0.212510 -0.369130 -1.025823 -0.530340 0.624016 -0.584635 0.309756 0.001434 0.617648 0.502831 0.115487 1.011069 0.710250 0.022202 0.155011 -0.858181 -0.521883 -0.119929 0.710573 0.897189 1.139314 -0.140948 -0.581917 0.299269 0.269877 0.051745 0.320045 0.290017
0.636092 -0.333467 0.390731 -0.014072 -0.016565 0.969944 -0.640807 0.193416 -0.306603 -0.197687 -0.318064 -0.877370 -0.235693 0.261098 -0.405639 -0.804002 1.090538 0.234207 0.642419 -0.307998 -0.127162 -0.398026 -0.347739 0.796021 -0.167466 0.624342 -0.822173 0.023202 -0.632423 0.804637 -0.702169 -0.101935 -0.239589 0.307289 -0.787947 -0.868001 -0.801788 0.403695 0.684508 1.318626 0.785681 -0.349336 -0.189717 -0.792533 -1.248572 -0.070653 -0.606175 0.874748 -0.955972 0.491224
0.694737 -0.688244 0.523876 -0.136981 0.312448 0.519884 0.056650 0.446830 0.338254 0.529088 -0.043231 0.351176 -0.138505 -1.103055 0.621729 -1.024825 0.055888 0.971549 -0.303702 0.411664 0.128414 -0.248533 0.675567 0.108998 -0.105026 -1.126120 -0.841228 0.492546 0.845824 -0.244279 0.675919 0.222810 -0.184694 -0.060150 0.482231 0.558131 0.518301 0.045528 0.268006 0.172394 0.038285 0.331583 0.671435 0.663448 -0.599497 1.149545 0.227195 0.168130 0.645861 0.644814
-0.224558 -0.171231 -0.469868 0.839601 0.666208 -0.526981 -0.917778 1.010367 -0.573487 -0.367459 -0.562706 -0.443574 -0.039014 0.875475 0.783475 -0.437185 0.579406 -0.411340 -0.308375 0.115305 -0.153051 -0.439852 -0.520263 0.429210 0.472561 0.265921 0.435730 -0.359945 -0.594111 -0.207653 -0.191195 -0.834644 -0.493646 -0.074193 0.084670 -0.070849 -0.012535 0.566374 -0.110404 0.648761 -0.688946 0.944411 -0.566750 0.946179 0.080207 0.493457 -0.824311 0.126763 0.215072 -0.219467
0.447979 -0.359963 0.106274 0.434285 0.305045 -1.135738 0.639978 -0.708481 0.667644 -0.552490 0.906541 0.916409 0.248836 0.783811 0.536619 0.671580 0.042340 0.321653 -0.172698 0.455006 -0.398140 0.311539 0.348567 -0.698322 -0.732294 -1.124552 0.563738 -0.682710 -0.100555 -0.614714 -0.406356 0.347151 0.257487 -0.663009 -0.046383 0.842975 -0.779790 -0.307488 0.433872 -0.750715 0.320816 -0.451278 -0.623773 -0.738729 0.719723 -0.045170 0.338930 0.465356 0.174027 -1.101872
-0.560842 0.739027 -0.132073 -0.534613 0.935584 0.444746 0.667526 -0.005931 -0.730703 0.049014 0.838508 0.046117 -0.120996 -0.431502 0.771413 -0.518824 -0.252928 0.577503 -0.667672 0.295572 0.425146 -0.586122 0.397217 0.218352 -0.175842 0.008218 -0.020057 -0.024404 -0.732310 -0.739601 0.071042 0.583800 0.340823 -0.576351 0.840047 0.457084 -1.060411 0.341414 1.037633 0.773849 -0.382703 0.161048 0.136777 -0.033837 0.477364 0.556067 -0.709659 0.102851 0.541717 -0.072476
0.132114 0.787688 0.811544 -0.410784 0.210072 0.885093 -0.239230 -0.032982 0.367598 0.353259 0.097642 0.259425 0.716059 -0.978689 0.644998 0.660411 -0.875901 0.842576 -0.175131 -0.781325 0.478981 -0.685796 0.499776 0.511142 0.493151 0.212096 1.028504 -0.649918 0.659008 0.811953 0.264690 0.199141 0.720916 0.767611 0.399527 0.994832 0.552403 -0.541592 -0.066824 -0.138449 0.745224 -0.135376 -0.760928 0.366702 1.048687 0.903432 -0.358308 0.137273 -0.390845 0.075543
-1.096514 0.750180 0.373167 -0.311134 -0.479476 -0.677482 -0.948547 0.047944 0.199812 0.187252 0.617151 -0.154266 -0.514781 -1.065055 -0.675648 -0.355317 0.825799 -0.856804 -0.135057 0.365813 -0.906274 0.333811 0.622125 0.846217 -0.257446 -0.693562 0.985837 -0.532202 -0.915176 -1.107536 -0.331333 0.179567 -0.228412 0.002197 -0.248472 0.309032 0.662262 0.468332 0.032200 -0.554315 0.600430 -0.420304 -0.371440 0.704972 -0.126095 -0.583489 -0.989973 -0.618895 0.403994 0.635371
-0.813188 -0.805524 -0.830269 -0.842719 -0.458764 -0.882817 1.025499 -0.092046 -0.864833 0.469777 -0.482118 -0.401976 0.652368 0.110741 0.782438 -0.984780 0.260266 -0.815973 -0.038572 -0.362952 -0.923598 0.271767 -0.824562 0.193544 -0.450548 -0.515558 0.797430 0.695650 0.821215 -1.012758 0.846060 0.096440 0.852674 0.124412 -0.794897 0.240210 0.789922 -0.179105 -0.899048 -0.561584 -0.741154 -0.869165 0.043687 -0.961711 0.316988 0.501946 -0.423710 0.177310 0.768583 -0.358550
0.358947 0.834430 0.078228 -0.075902 -0.886963 0.650113 -0.268220 -0.572433 0.621117 0.816574 0.168494 0.322443 0.177033 -0.774967 -0.734923 -0.294871 -0.195595 0.176093 0.621644 -0.160017 -0.612112 0.286483 0.455059 0.582445 -0.498476 -0.699762 0.386582 0.154102 0.797797 -0.261069 0.395845 0.061401 0.239254 -0.339770 0.135924 1.764805 0.637521 0.393628 0.182345 0.109740 0.386462 0.457254 0.368558 -0.488604 -0.338103 0.900861 -0.036649 -0.179112 0.086430 -1.057563
-0.266821 0.252695 -0.539744 0.507881 -0.209051 -0.188848 -0.594087 -1.072160 -0.639850 -0.233763 0.141513 -0.810026 -0.173564 -0.438179 0.668606 0.574991 0.439332 -0.284724 1.000532 0.327324 -0.553078 -0.431571 0.772955 -0.348817 -0.185452 -0.660848 -0.324654 0.834608 0.237717 0.461024 0.336710 0.237090 -0.081436 0.176823 0.571297 1.129417 -0.269669 0.642815 -0.374545 0.046722 0.339137 -0.589066 -0.674088 0.732424 -0.071624 0.874805 0.443748 0.554690 0.521331 -0.805513
0.295124 -0.733426 0.524670 -0.179992 -0.635668 0.873739 -0.439374 -0.358666 0.156414 -0.513624 0.212105 0.583092 -0.672413 0.139146 0.999559 -0.112332 -0.563979 -1.364330 0.155873 -0.442072 0.066682 -0.610606 -0.395413 -0.496896 0.368395 -1.051876 -0.301542 0.493299 -0.090633 0.016837 0.161967 0.860111 -0.642223 0.008031 0.469055 0.146667 -0.201997 0.088731 -0.896295 -0.044037 -0.244542 0.194357 1.022863 -0.741891 -0.534946 -0.359812 0.507084 0.763421 -0.285589 0.462709
0.216018 0.485488 -0.353641 -1.089460 0.816864 0.837249 -0.698331 0.559217 -0.079027 -1.058239 -0.171813 -0.616239 -0.196328 0.678436 0.134720 -0.021647 0.332954 -0.134898 0.760498 1.424963 -0.172761 -0.018492 0.259751 -0.014795 0.452148 0.228904 0.478212 0.241295 -0.213078 0.593724 0.603603 0.262800 -0.830046 1.042629 -0.425508 0.499871 0.886811 0.088821 0.117986 1.081650 -0.236044 -0.339981 -0.597592 -0.978135 -0.051720 0.375005 -0.953119 0.383043 -0.849733 0.658673
0.656218 0.684951 -0.518587 -0.531887 0.545272 0.883584 -0.415543 0.084858 0.160179 -0.187324 -0.138512 0.842566 -0.941192 0.342579 -0.789749 0.375973 -1.239204 -0.117605 0.123507 1.217241 -0.117230 -0.310641 -0.204203 -0.058743 -0.556096 -0.780520 -0.313085 -0.321388 1.179091 0.242188 -0.735103 0.593072 -0.613457 -0.309293 0.672461 -0.396880 0.939602 -0.563708 -0.291466 0.817068 0.412134 -0.195701 0.433717 0.662901 0.086052 -0.278510 0.344353 1.301322 -0.848073 0.913623
-0.003853 0.639593 -0.200623 0.188522 0.274493 -0.399934 1.189394 0.259038 0.527752 0.992215 -0.361161 -0.570899 -0.149049 -0.195184 0.711128 -0.418280 0.616287 0.342107 -1.027578 0.976649 -0.174673 0.032408 0.906689 0.146955 0.643078 -0.856456 0.713414 0.354146 -0.454639 0.684015 -0.500293 -0.286307 -0.145514 -0.713610 -0.979223 -0.022903 -0.035215 -0.634342 0.021160 -0.375396 0.359707 0.105583 0.135651 0.205136 -1.159812 0.567912 -0.908440 0.167597 0.014687 0.161382
-1.150482 0.654721 -0.484716 1.069979 0.522668 -0.058713 0.200103 0.128224 -0.401378 -0.479151 -0.265553 -0.203343 0.632259 -0.238282 0.405301 0.890742 0.405843 -0.088903 -0.616937 0.221265 0.600028 0.303591 -0.981354 1.103274 -0.647780 -1.607387 1.047705 0.484801 0.044456 0.333138 1.277396 0.643819 0.056899 0.376472 -0.557635 0.431117 -0.027693 -0.527646 0.918305 0.665003 -0.343606 -0.468091 0.306497 -0.279342 -0.513578 0.958411 -0.746221 0.472640 0.653069 0.320335
-0.305939 -0.691276 -0.448583 0.141640 -0.579871 -0.596385 -0.506344 0.135879 0.435299 -0.063257 0.316992 0.333212 0.895048 -0.641235 -0.423555 0.772225 0.399601 -0.588958 -0.091395 0.423239 -0.631643 0.304227 -0.822630 -0.304860 0.877376 -0.058442 -0.067313 0.326770 -0.167820 0.349589 0.193261 -0.856227 0.059892 -0.578921 -0.321409 0.081374 0.225585 -0.230625 -0.063551 0.553061 -0.273513 -0.312831 -0.039470 0.795049 0.442755 0.096080 0.363719 -0.414323 -0.029014 -0.382850
0.231892 -0.090710 0.890321 0.495178 0.135637 0.561300 0.290014 -0.329991 0.619615 -1.161215 -0.050559 0.464983 0.815851 0.541422 -0.034156 -0.380377 0.117038 -0.725176 0.215654 0.492635 -0.368896 -0.897818 -0.473286 0.552312 0.736964 1.134858 0.281639 -0.506438 -0.080390 -0.001615 -0.959496 0.472457 0.436066 -0.771939 0.674753 -0.114599 0.902496 0.005024 0.367135 -0.710300 0.798815 0.423950 0.283050 -0.559258 0.236315 0.180619 0.761654 -0.781333 -0.186293 0.855910
-1.060969 -0.675823 0.910055 0.207960 -0.778997 -0.600346 0.057240 -0.046300 -0.360540 -0.075947 -0.694855 0.824288 0.468499 0.151808 0.312741 -0.127359 0.286670 0.979030 0.053180 -0.962428 1.068626 -1.149101 0.739153 -0.269985 0.973031 0.827135 0.640302 0.193282 0.704895 -0.095445 -1.067554 -0.137715 1.091983 0.845975 0.549339 0.889937 0.118499 -0.211754 -0.399916 0.061323 -0.909743 0.309449 0.364949 0.486177 0.453962 0.420307 0.516642 0.936715 0.837557 -0.791895
-0.521127 0.679499 -0.015303 0.750589 0.916895 -1.009480 -0.296740 1.083120 0.216889 0.094011 0.491204 1.005414 -0.540145 0.798451 0.952909 0.120903 -0.232602 -0.672667 0.010172 -0.628117 -0.378484 -0.227589 -0.295627 0.643589 0.745390 -0.025280 0.253713 0.650229 0.424691 0.362033 0.296462 -0.334646 -0.756048 0.484008 0.995915 -1.067723 -0.396525 -0.302206 0.579257 0.770181 -0.979434 -0.537538 0.586995 -0.335673 0.023395 0.268062 0.328964 -0.693058 -0.198924 0.226414
0.098988 0.234794 -0.271522 -0.610698 0.531582 -0.792647 0.633967 1.024466 -0.143328 0.675650 -0.890016 0.481987 0.967196 -0.377152 0.771796 -0.513243 0.435892 0.218648 0.578085 0.595188 0.978622 -0.540901 0.144695 -0.448105 0.619515 0.624770 0.031686 0.748437 -0.516011 0.045154 -0.880230 1.083029 -0.066391 -0.766829 -0.507387 -0.552103 0.082958 -0.096417 -0.719595 0.208331 -0.374144 -0.294617 0.227297 -0.485329 -0.962635 0.896922 -0.255095 -0.008370 -0.642857 -0.786469
-0.453836 0.115134 -0.841934 1.200334 0.319853 -1.071832 -0.649551 -0.086190 -0.942836 0.515403 0.283376 0.626903 0.647760 -0.383735 0.507886 -1.072135 0.250883 -1.157388 0.203674 -0.670767 0.286785 0.099172 -0.299408 -0.424065 -0.381947 -0.364501 0.293958 -0.461097 0.799400 0.407918 -0.366986 -0.229199 -0.025411 -0.238436 -0.938995 -0.470485 0.937052 0.173537 0.048358 0.496965 0.102093 -1.119703 0.156995 0.162147 -0.492236 -0.083595 0.077744 -0.576846 0.279147 -0.241304
-0.448464 -0.421586 0.150217 0.615949 0.544460 0.350570 0.031822 -0.495594 -0.538179 0.680241 -0.244753 -0.949566 0.423035 -0.145037 -0.662027 -0.195719 0.745074 -1.302811 -0.828089 -0.424237 -0.067261 -0.825597 -0.434289 -0.623085 0.426006 0.213532 0.439713 -0.818447 -0.159792 0.085082 0.042081 0.027297 -0.213237 -0.734958 -0.175892 0.219782 -0.875587 0.115245 0.148535 0.408860 -0.010783 -0.677147 0.729254 0.057281 1.095138 0.574026 0.735960 -0.562369 -0.282653 0.704843
0.337419 -0.066170 -0.168682 0.319646 0.117899 0.860082 0.128296 -0.517951 0.083821 -0.705748 1.000312 -0.873894 -0.758091 -0.555807 -0.082984 -0.275132 -0.875008 0.244773 -1.078617 0.691227 -0.420331 0.264319 0.682807 -0.779859 -0.742262 0.569667 0.121493 -0.434663 0.628864 0.457933 -0.217201 -0.235786 0.711474 -0.369117 0.774095 0.472324 -0.429930 -0.816258 -0.976010 0.098108 0.571897 -0.531770 -0.195986 0.103736 0.740826 -0.314718 0.835428 0.201099 0.239192 0.506376
0.757870 0.007273 -0.635125 -0.086208 0.488254 1.283121 0.364647 0.644397 0.080918 0.175655 0.996074 -0.954011 -0.714955 0.854502 -0.847655 -1.466985 -0.283211 0.541390 -0.742103 -0.351847 -0.052919 0.940675 -0.592090 0.982437 0.502406 -0.586309 -0.650866 -0.459369 0.324041 0.649820 1.079600 1.047682 -0.713793 0.576846 0.032369 -0.071826 0.269919 -0.287036 0.264449 1.288166 -0.781976 0.359196 0.558484 0.831095 0.628475 0.467927 -0.671574 0.895742 -0.999639 0.299630
0.006749 -1.101029 0.639109 0.020517 0.240046 0.420295 -0.741820 -0.902972 0.821593 0.301765 0.304574 -0.357192 -0.151690 0.687637 0.704908 -0.390914 0.378246 0.485183 -0.191333 1.014610 -0.619292 -0.382841 -0.543163 0.839317 0.211442 0.420587 0.370719 -0.685183 0.389769 1.217182 -0.880262 0.111972 -0.635860 0.362156 0.222066 0.025278 0.285014 -0.564330 -0.715520 -0.919916 -0.864687 -0.175656 -0.108428 0.023144 0.050922 0.484409 0.667202 0.628271 -0.197557 0.886383
0.020316 0.565330 -1.272762 -0.545410 -0.846484 -0.041479 0.114625 -0.132019 1.254882 -0.548793 0.219177 -0.840381 -0.304753 -0.793952 0.411189 -0.146723 0.173426 0.045975 -0.612271 0.635979 -0.160969 -0.072991 -0.203627 0.146258 0.396554 0.279218 -1.428939 0.383937 -0.010683 0.367472 -0.652586 -0.140447 0.694505 -0.857426 -1.085926 0.570691 0.231028 0.242522 -0.078214 -0.366687 0.766065 0.690876 0.236676 -0.549038 -0.160368 0.646373 0.986457 0.471592 -0.553074 0.996806
0.099872 -0.738882 -0.958719 0.079111 0.148385 -0.475752 0.530453 -0.156631 0.433473 -0.076735 -0.046286 0.411813 0.044009 0.385223 -0.959643 0.414454 0.102669 -0.515517 -0.852218 0.772492 -0.235255 -0.297673 0.317383 0.495371 1.010275 0.032082 0.163038 -0.256354 0.169666 0.631646 0.104132 0.214807 0.695146 -0.566568 -0.009461 1.249925 -0.952168 -1.152699 0.340529 0.312210 -0.086916 0.012690 0.209146 0.251747 -0.692608 0.883805 -0.472314 0.582549 0.012694 0.574314
0.238581 -0.693961 0.741044 0.422120 0.059124 0.404078 -0.442026 -0.054915 -0.492136 -0.051814 0.116092 0.594189 -0.024620 -0.575192 0.231058 -0.724829 -0.189622 -0.668303 0.171263 0.736737 -0.158486 -0.843352 0.633887 -1.109131 0.797581 -0.023492 -0.380333 0.188136 0.372375 -0.695669 0.092408 -0.652565 0.797889 -0.446792 0.273935 0.486707 0.059513 0.667258 -0.448774 -0.503488 -0.556053 0.413301 -0.638185 0.001267 0.119228 -0.369150 -0.137972 1.133990 -0.908196 0.324942
-0.245705 -0.560045 -0.267306 0.467723 0.604230 0.566232 0.825145 0.690639 -0.125822 -0.827822 0.034261 -0.696172 -0.304841 0.278091 1.041121 0.181632 -0.314274 0.698991 0.451231 -0.599804 0.710268 0.108519 -0.398929 0.489917 0.124037 -0.796956 -0.778881 -0.703661 -0.048894 0.105854 0.366539 0.772788 1.250889 -0.987887 0.460278 -0.273808 -0.933765 0.215960 0.060300 0.217995 -0.891730 0.348706 -0.064305 0.815075 -0.233491 0.484767 -0.662345 -0.254668 0.405776 0.123151
-0.790160 -0.128253 -0.809945 0.387640 0.060361 -0.101163 0.659340 -0.640675 0.271882 -0.472061 0.482733 -0.545255 0.581530 -0.701746 0.145294 0.786853 -0.496562 -0.445674 0.225727 -0.808390 0.485771 0.280687 0.143892 0.305523 -0.144359 0.184077 -0.945613 0.085567 -0.657298 0.291701 0.610897 0.916714 -0.547525 0.725455 0.103534 -0.340970 -0.742361 -0.086106 -0.390135 0.114336 0.804267 0.693164 -0.312454 -0.907261 -0.395439 -0.068381 -0.238218 -0.136895 -0.305593 -0.327049
0.019559 -0.492191 -0.071771 0.196104 0.487960 -0.053937 -0.597362 -0.185342 -0.251398 -0.812871 0.793867 -0.693287 -0.032403 -0.230457 0.719997 0.350546 -0.007660 0.840941 -0.739066 0.908640 -0.766015 -0.356468 0.112795 -0.541204 1.027561 0.703036 0.145028 -0.595703 0.690217 -0.339766 -0.408734 -0.455088 0.353638 -0.563890 0.300278 0.562305 -0.340723 0.899538 0.412761 -0.410128 0.703857 0.231716 0.992625 -0.870150 0.532646 0.078784 0.524558 0.103256 0.596858 0.764430
-0.922622 -0.986420 0.267039 0.481287 0.827989 0.193629 -0.136316 0.256018 -0.626218 -0.434459 0.251487 -0.539957 -0.407373 -0.606115 0.543242 -0.611688 0.611950 0.079333 -0.515706 0.727974 -0.749667 -0.515781 0.555746 0.409164 -0.032499 0.600223 1.070758 0.195439 -0.395521 1.010086 -0.056333 1.011578 -0.411171 -0.042271 0.968530 0.241589 -0.814474 -0.812150 -0.777801 -0.090234 -0.835765 -0.919395 -0.919794 -0.369376 0.314265 1.043346 -0.105908 -0.366716 -0.140952 -0.196599
0.155491 -0.286544 0.003583 -0.723047 -0.040608 -0.929420 0.305242 0.232897 -0.330180 0.718053 0.084988 -0.531689 0.466292 0.064070 0.136712 0.829395 0.334543 -0.317674 0.707867 0.479216 0.817954 0.473856 -0.737805 0.277936 0.518747 0.197283 0.332079 -0.625440 0.015583 0.879036 -0.975420 -0.415683 0.186739 -0.151661 0.089509 -0.100151 0.420939 0.227202 -0.809793 0.102491 0.308795 0.625380 -0.663070 -0.457721 0.473469 -0.081352 -0.296736 0.401575 -0.206749 0.191730
-0.951454 -0.900418 -0.742854 0.145422 0.435658 -0.698162 0.087924 -0.118792 0.157075 -0.710595 -0.318411 -0.514327 -0.259610 0.414600 0.809836 -0.353326 -0.340404 0.442448 -0.095274 1.100600 1.302417 0.324866 0.419423 -0.962322 -0.563905 0.186186 0.377465 -0.136408 0.608255 0.360699 0.239112 -0.680092 -0.238410 -0.817276 -0.224238 0.096360 0.769648 -0.258341 0.435589 -0.021528 -0.673362 -0.960477 -0.131966 0.686831 -0.578154 0.098083 -0.557630 -0.273835 0.228658 -1.087915
0.745471 0.357834 -0.203415 -1.281715 0.267274 -0.432535 0.739804 0.587022 -0.947666 0.835990 0.723098 0.276828 -0.179776 -0.963346 0.394080 0.116488 -0.380781 -0.185482 -0.869416 -0.335541 1.521549 0.127234 0.154540 -0.555884 0.405544 -0.817418 0.397200 0.005688 0.347781 -0.201638 0.623932 0.244748 0.074291 0.087308 0.362749 0.710503 0.633166 0.652872 -1.376001 -0.357264 0.633127 -1.206520 -0.517455 0.660964 0.915424 0.678843 -0.216422 -0.182701 -0.560020 -0.249280
-0.484471 -0.270486 0.858926 -1.081743 -0.390093 0.390238 -0.436892 -0.607626 -0.834870 0.900155 0.826967 0.147701 0.516337 -0.084936 -0.570722 0.094465 0.009756 0.583359 0.074606 -0.896427 0.611651 -0.019797 -0.718792 1.025240 0.303984 -0.429433 0.300762 0.592899 0.644097 -0.649204 0.559727 -0.092949 0.120609 0.712637 -0.496116 -0.247780 -0.591325 -0.270958 -0.683360 -0.257966 -1.114966 0.612506 -0.856986 0.607050 -0.898532 -0.101618 -0.796442 -0.747327 -0.167479 0.109281
-0.169894 0.710498 -0.050736 0.636030 -0.988711 0.301845 -1.114552 -0.183381 0.658637 0.379105 0.527559 0.575815 0.868648 -1.128314 -0.509047 0.113797 0.926718 -0.342749 -0.062503 0.389195 -0.022663 -0.866225 -0.531863 0.498098 -0.065249 0.622567 -0.408477 1.042282 -0.573372 -0.938927 0.625990 0.495172 0.572138 0.542795 -0.163795 -0.005012 -0.754293 -0.334337 -0.646117 -0.090147 0.132647 0.864028 0.119616 0.577871 0.494506 -0.384792 0.021649 0.084610 -1.340799 0.102761
2.298392 0.041178 0.643960 -0.323939 -0.288314 0.325693 0.149603 -0.789361 -0.136400 -0.793914 0.080621 -0.121873 -0.194315 -1.024086 -0.190373 0.482461 -0.456517 0.127570 1.005378 0.697892 -0.958506 -0.452902 -1.014980 -0.536364 0.094446 1.251239 0.228004 0.109309 0.382078 0.252920 -0.623653 0.107902 -0.700941 -0.441073 -0.379314 1.027647 0.454541 -0.308929 0.253509 0.568856 0.109104 0.159948 0.321090 -0.452163 -0.482858 -0.751893 -0.584612 0.189383 -0.610828 0.729368
1.593787 0.217837 0.005613 1.207350 -0.478849 -0.808986 0.392174 0.538427 0.300138 -0.520802 -1.368947 0.586102 0.312163 -0.032846 -0.467456 -0.542298 0.736686 -0.900641 0.245752 0.114388 -1.573566 0.300758 -0.716712 0.398327 0.410984 1.085203 -0.047178 -1.034925 0.203639 -0.855688 -0.431382 0.820726 -0.394027 -1.129719 -1.405742 0.153018 -0.692821 -1.083413 0.271875 0.221371 -0.959862 -0.830842 -0.220393 0.866631 -1.356379 0.402832 0.572175 0.099604 -0.663168 -0.064496
0.504648 0.110342 0.350342 -0.392377 -0.743905 -0.081075 -0.813476 -0.820943 -0.130910 -0.202850 0.074436 0.586744 0.229531 -0.745735 1.177687 0.433772 0.057539 0.105335 0.899996 -0.426250 -1.122149 0.288334 -0.168344 -0.582734 0.049871 0.515409 -0.186458 0.459201 -0.213409 0.696812 -0.117803 0.612550 0.762543 -0.277781 0.411924 0.179708 0.715682 0.537444 0.739869 -0.606999 0.026760 0.354216 0.478574 0.312077 -1.405919 -0.783689 0.600632 -0.364353 0.122382 0.798180
0.062809 0.131238 -0.715132 0.023922 0.269083 0.073718 0.201073 1.132324 0.392429 -0.497437 0.167333 -0.654848 -0.000941 0.574037 0.981346 -0.084722 -0.854155 -0.840530 -0.581880 -0.311177 -0.438981 0.530119 0.426663 0.064879 1.047879 0.959514 -0.223051 0.159535 -0.283626 0.099381 0.045469 1.028216 0.557536 -0.974317 0.142711 -0.044706 0.673669 -0.597259 0.464875 -0.611506 -0.841773 -0.644604 -0.214093 0.190591 -0.514903 0.844661 0.059432 -0.360273 -0.030866 0.496101
0.615728 0.862126 0.988762 -0.107190 0.314849 -0.202213 0.031193 0.362654 1.008209 0.655445 -0.796465 -0.693370 0.079794 0.396344 -0.425345 -0.783323 1.043520 -0.615975 0.125420 0.725590 0.716144 -0.508587 0.971319 -0.161471 -0.242815 0.976168 0.435012 0.397022 -0.005458 -0.428938 0.696154 1.052447 -0.096893 -0.871286 -0.154202 0.627848 -0.712650 0.535302 -0.459801 0.028360 -0.157605 -0.497266 -0.160394 -0.778815 -0.067583 0.253541 0.261312 -0.500579 0.125252 -0.679870
0.962341 0.625590 0.140187 -0.039623 0.270587 -0.575117 -0.570019 0.289305 -0.650709 1.011029 -0.513352 1.032246 0.038123 -0.720590 -0.350996 -1.013983 0.778018 0.978453 -0.957806 0.457944 -0.845915 -0.216330 -0.098460 -1.025587 0.773283 0.181572 0.552047 0.772334 0.412991 0.302181 -0.732831 0.284964 -0.633639 -0.298847 0.436515 -0.506384 -0.305332 0.242164 -0.337924 0.549014 -0.838291 -0.104260 0.980218 0.215863 0.170823 0.651727 0.455167 -0.633400 -0.739666 0.063663
0.114644 -1.025947 -0.747733 -0.113021 0.263329 0.336525 -0.583346 1.115981 -1.011737 -1.089805 0.536556 -0.737705 0.127712 -0.692105 0.011275 0.177648 -0.022923 0.893325 0.277249 0.776389 -0.297707 0.146018 0.280621 -1.029849 -0.621004 -0.705286 0.611083 -0.532817 -0.951509 -0.436224 0.044658 0.360521 0.028791 0.512687 0.017772 -0.796891 -0.697091 0.525500 0.307571 0.439003 -0.175975 0.197413 0.645495 0.705783 0.185810 -0.763014 0.172606 -0.609639 -0.447826 -0.598927
-0.289678 -0.767144 0.065085 0.226974 0.975428 0.442941 1.047075 1.034579 -0.613647 0.680326 -0.201278 -0.668033 -0.761992 -0.072317 0.163809 -0.818747 -0.112159 -0.056994 0.271335 -0.705558 -0.829370 -0.763501 1.003173 -1.144471 -0.712620 0.629574 -0.467050 -0.001675 0.395908 0.662816 0.742645 -0.198455 -0.692231 -0.615866 -0.181464 -1.014799 -0.156742 0.539288 0.517544 -0.160417 -0.010124 -0.110407 0.180207 0.952307 0.585517 -0.799530 -0.672659 0.103683 0.519921 -0.644119
0.030242 0.707763 0.693819 0.521360 0.557655 -0.108268 0.747948 -1.072320 -0.487577 -1.026020 -0.327801 1.152936 -0.683589 0.325824 0.128883 1.040700 0.075426 -0.502803 -1.511549 -0.045318 0.782947 -0.047007 0.253127 -1.024501 0.408907 0.757537 0.423548 -0.351047 1.007690 0.734545 -0.261715 -0.560874 0.288419 -0.030721 0.205874 -0.769517 -0.147010 0.149238 1.041535 -1.001860 0.396256 0.488267 0.413405 -0.116931 0.854919 0.814660 -0.103992 -0.815595 0.424264 -0.446970
-0.172171 0.229389 0.026457 -0.199513 -0.534429 -0.041821 0.599602 -1.023073 -0.088523 0.580156 1.232421 0.965575 -1.028351 -0.479912 0.500700 -0.386900 -0.457999 0.720912 -1.320364 -0.748143 0.651061 -0.000733 0.028546 -0.447239 0.641437 0.813468 -0.080369 0.459086 -0.731829 -1.110899 -0.092843 0.331878 0.199111 -0.790045 -0.342575 0.224121 0.763277 0.376617 0.526628 -0.463015 0.650212 0.267049 0.951580 -0.270171 -0.273270 0.526625 0.691736 -1.316211 -0.015110 -1.208086
-1.269982 0.462372 -0.694646 0.178632 -1.246003 1.143270 0.001702 -0.069351 0.830899 1.169779 1.247023 -0.363349 -0.454606 -0.548197 -0.584073 -0.265986 -0.004399 -1.131452 -0.036869 -0.697610 -0.304036 0.634624 1.072846 0.145273 -0.462439 0.840423 0.536011 0.010896 -1.459803 0.399529 -0.110630 1.076019 -1.156513 0.280638 0.060661 0.697531 -0.359501 -0.370900 1.039594 -0.763782 0.314490 0.201500 -0.416079 -0.399615 -0.651898 0.160917 0.178700 -1.500930 -0.213518 0.346766
0.458877 -0.449499 -0.494428 -0.515325 -0.924914 -0.290122 -0.203518 0.589638 1.068037 0.345251 0.497809 0.428677 -0.822874 -0.384360 -0.167300 -0.154371 -0.852212 0.893023 -0.777073 0.744000 -0.165500 -0.234258 0.789694 -0.482939 1.186970 -0.687180 1.528665 -0.699035 -0.768922 -0.504960 -0.547973 0.646677 -0.646783 -0.220928 -0.107478 -0.372355 -0.397653 -0.336175 0.352318 -0.306314 -0.124884 0.340853 0.564896 0.414303 1.141487 -0.085040 0.200651 0.873971 -0.102626 0.390383
0.992121 0.724712 0.341824 -0.240150 -0.503350 -0.575455 -1.260023 0.541988 0.093472 -0.370316 -0.807898 -0.358033 -0.754166 0.342778 -0.005159 0.609699 -0.653209 0.049566 -0.097028 0.182396 -1.067301 0.319750 -0.197685 0.760532 0.315878 -0.849264 -0.039609 -0.734740 -0.340177 -0.785074 -0.875861 -0.428750 0.720594 -0.864378 0.569148 -0.119149 0.021405 0.976412 -0.558741 -0.675949 0.814522 0.449409 -1.395826 -0.306279 0.418921 0.171935 0.285048 0.639435 0.021155 0.411695
1.105533 -0.475881 0.247223 0.634702 0.168713 -0.610858 0.307844 -0.160789 -0.054894 0.593765 -0.929219 -0.195397 -0.362665 -0.622869 0.620721 -0.611956 0.335206 0.546049 -1.023110 0.924616 -1.586372 0.398676 0.065454 0.465024 -0.118349 -0.097959 0.258773 -0.207188 0.540678 -1.268926 -0.748834 1.020484 0.911565 -0.438313 0.322818 -0.571372 -0.039940 0.294801 0.230348 -0.142500 0.350665 -0.217007 0.334234 -0.393759 0.302702 -0.214564 0.288399 0.546853 0.431979 0.861314
0.495278 -0.356519 -0.768669 0.138548 1.010360 -0.210849 -0.102817 0.405103 0.683789 0.519789 -0.527020 -0.687264 0.635322 -0.178641 1.011005 -1.121243 1.042943 0.055252 0.233085 -1.069256 0.034198 0.397245 0.057105 0.300576 0.610603 -0.777303 -0.729676 -0.613300 0.390059 0.146876 -0.748893 0.163354 -0.527453 -1.220821 0.143422 1.089683 0.400301 0.670394 0.238438 -0.072365 -1.028376 -0.095373 -0.299999 -0.613281 -1.249553 -0.428437 -0.887710 0.293896 -0.438042 0.797018
0.686620 -0.733709 0.972534 0.350334 0.960328 -0.836746 -0.346393 0.603442 0.510483 0.649450 -0.238327 -0.721071 -0.032699 -0.010410 0.054418 -0.109603 0.131210 -0.023209 -0.299293 -0.649996 0.254767 -1.136739 -0.853128 0.012830 0.738167 0.774411 0.148174 -0.472844 -0.273356 -0.848987 0.070600 0.381469 -0.311130 0.083011 0.323696 0.144884 0.616514 -0.126466 0.468986 -0.079287 -0.802959 0.843607 0.856073 -0.120320 -0.678521 -0.457490 0.655766 0.619037 -0.099942 -0.758665
-0.688207 0.488178 -0.653778 1.033154 -1.014991 0.324601 -0.833338 0.086368 0.049363 -0.365906 -0.861517 -0.619286 0.056108 -0.963041 -0.587210 0.262540 0.314578 -0.323993 1.018930 -1.063983 -0.313851 -0.997083 -0.059032 -0.731445 0.198385 -0.613402 -0.773887 -0.587375 -0.910646 -0.241586 0.085065 1.059541 -0.289756 0.660909 -0.302221 0.928703 -0.596334 -0.597780 -0.542927 0.997023 -0.323546 -0.022012 0.000121 0.523134 -0.356256 0.135145 1.026252 -0.692042 -1.022552 -0.882284
0.597528 0.638744 0.828722 -0.554365 -0.652605 0.775207 -0.173702 0.167961 0.884560 0.555232 0.170140 -0.484051 -0.937662 -0.507315 -0.792644 0.357894 -0.983088 -0.050172 0.435165 0.706441 0.112312 -0.910612 0.959806 -0.979652 -0.714036 -0.492381 0.218874 -0.763193 -0.337344 -0.863111 -0.453991 0.557515 0.311122 0.729642 0.578679 -0.348870 -0.724629 0.430660 0.227269 -0.865170 -0.221953 0.490122 -0.916952 -0.837203 0.735612 -0.504535 0.191102 -0.774221 0.130867 -0.285621
-0.717636 -0.569464 -1.015859 -0.311302 0.908817 -0.075630 0.527776 0.259226 0.796199 -0.068713 0.242096 -0.098670 -0.451947 -0.299843 0.438993 0.172367 -1.100368 -0.697844 0.749392 0.784523 -0.149577 -1.017568 -0.893172 -0.704907 0.527799 -0.866611 -0.023900 0.489242 0.549864 0.325234 0.078501 -0.508719 -0.249698 0.104715 1.035185 -0.414067 0.462531 0.575408 -0.362922 -0.654300 0.479565 -0.401090 -0.794668 0.166991 -0.436044 -0.561708 -0.164619 0.260006 -0.582473 -0.304344
-0.159321 -0.679818 -0.740258 0.316650 -0.188698 -0.622698 1.204771 -0.478049 0.326714 -0.840437 -0.188714 -0.464021 -0.191182 -0.605203 0.830516 0.225167 0.393042 -0.770968 -0.698899 0.235498 -0.280072 0.571437 0.888699 0.630274 0.943095 0.476964 1.103626 -0.652023 -0.101317 0.577017 -0.667069 -0.433685 0.053846 -0.686952 -0.306323 -0.828878 -0.114263 -0.901942 0.266507 0.123859 0.160723 0.895893 -0.378372 -0.862676 0.536875 0.546863 0.953457 0.156376 -0.262473 0.108312
0.274659 1.046311 1.489754 0.771781 -0.155381 0.266953 0.334078 -0.811462 -1.260597 -0.294051 -0.592428 1.075024 -0.267752 -0.124558 -0.004964 0.991879 -0.693559 -0.344710 -0.701177 0.500211 -0.632134 -0.994959 0.136994 0.097890 0.302694 -1.029156 0.268835 0.038289 0.342520 -0.479269 -0.472728 0.794867 -0.132319 -0.877196 -0.578498 -0.498142 0.903186 0.976900 -0.214591 0.691846 0.274378 1.234780 0.136754 -0.661423 0.168020 1.110379 0.378240 0.428635 0.275404 0.447820
-0.680790 -0.774068 0.507856 -0.670365 0.569115 -0.030562 -0.451304 -1.070875 0.242829 -0.243802 0.451798 0.642477 -1.026525 -0.635845 0.070716 -0.611455 -0.540503 -0.943470 -0.213023 -0.102550 0.079645 0.147430 -0.102805 -0.050497 0.097672 0.326360 0.638044 0.040394 0.171287 0.351293 0.330516 -0.175908 -0.143384 -0.668392 0.161128 0.027379 -0.884746 0.011102 -0.006947 -0.028190 -0.425160 -0.253515 1.200913 0.025602 0.409500 0.430420 -0.353606 0.264172 0.343541 0.488481
0.556079 0.225891 -0.556106 -0.649387 -0.672969 0.142459 -0.267691 -0.499682 1.038846 0.599892 1.492687 0.083487 -1.088230 -0.421875 -0.417825 1.217650 -0.270339 0.145841 -0.681267 0.175064 -0.102651 -0.269958 -0.521671 0.075746 -0.301367 0.639214 -0.137985 0.169030 -1.015096 -0.394632 1.129496 0.581337 -0.482040 -0.252687 -0.010806 -0.438365 -0.534941 -0.526821 0.802597 -0.533311 -0.088176 -0.677011 0.536653 0.118076 0.448562 0.214129 -0.448802 -0.673524 -0.263100 0.448721
1.116516 -0.240897 0.397554 -0.326147 0.176944 0.318162 -0.174147 0.363433 0.156303 0.401007 0.140610 0.423427 0.227370 0.453066 -0.718571 0.261315 0.165217 0.927107 -0.222653 0.829260 -0.157635 -0.837444 0.361924 0.245662 -0.271215 -0.625290 0.132855 -0.698875 -0.378010 0.841715 -0.700194 -0.753141 1.127036 -0.501958 1.069115 -0.119467 -0.868929 0.919834 0.177721 -1.092340 1.004734 -1.173355 -0.527227 0.623126 0.562508 0.084021 -0.664539 -0.563604 0.099722 -0.614814
-0.352802 -0.632323 1.371557 0.039682 -0.925070 -0.837938 -0.901133 0.391815 0.304859 -0.722489 1.197712 0.516237 -1.512456 0.887259 0.079874 -0.380553 -1.655048 0.630089 -0.169919 0.302069 0.103794 -0.163203 0.104397 -0.607996 -0.531272 -0.380327 -0.436764 -0.743932 -1.267196 -0.113095 -0.924392 0.964133 0.143588 -0.282855 -0.747693 0.692639 0.455068 1.321071 -0.362390 -0.631410 0.626693 -0.249451 -0.294307 0.819297 1.047518 0.578424 0.630530 0.968188 0.105571 0.779264
0.482560 -0.751326 0.049627 -0.165279 0.487287 0.522540 -0.298975 -0.004657 -1.025067 -0.884704 0.745957 -0.258543 -0.330640 0.272035 0.426364 -0.533603 -1.337749 -0.546455 0.022236 -0.290562 -0.552897 0.573032 0.473310 -0.593931 0.156964 0.628063 0.965448 -0.566834 -0.225639 0.443362 -0.809276 -0.235946 0.240230 0.526615 0.663365 -0.727770 -0.299601 0.275209 -0.494184 -0.722304 -0.059791 -0.933145 -1.156427 -0.903192 0.221597 -0.921261 0.061385 0.208479 0.643470 -0.910087
0.277656 -0.689280 -0.151018 -0.374739 0.759071 -0.313267 0.840132 -0.534698 0.010908 0.416609 0.438794 -0.324196 -0.015480 -0.821789 -0.047116 -0.092255 -0.954714 -0.188105 0.106150 0.114153 0.312282 -0.476082 0.865298 -0.998772 0.213290 -0.621171 0.139670 0.736314 -0.138961 0.562412 0.529810 0.741381 -0.812441 -1.075575 1.105523 -0.534695 -0.044135 -0.509457 -0.782296 0.145452 -0.611886 -0.753704 0.418409 0.571921 -0.424579 0.464436 0.518498 0.243920 0.845259 0.543510
0.239870 -0.496441 -0.568247 -0.317935 -0.767296 -0.336905 0.453295 -0.368875 0.311305 -0.150003 0.263944 -0.629092 -0.597334 0.849831 0.124552 -0.567895 0.024588 -0.867117 -0.047473 -0.690687 1.062457 0.040459 0.986528 -0.458682 0.718766 -0.718926 -0.617093 -0.584439 0.714356 -0.114716 -0.233466 0.502651 1.001367 -0.558362 0.794616 -0.085824 -0.394048 -0.629999 -0.454776 -0.125770 0.437043 -0.753541 -0.687709 -0.590325 -0.841784 -0.295545 -0.326130 0.561295 -0.829934 0.136524
-0.045000 0.766536 -0.641101 0.838393 0.366129 -0.813207 0.422743 -0.524352 0.384305 0.901229 -0.720142 -0.391938 -1.056054 0.463379 0.742484 0.932975 0.240041 0.796044 -0.336137 0.454114 0.825596 -0.627412 -0.010276 -0.658167 -0.393610 0.333029 -0.072205 -0.156353 0.939533 0.560279 -0.741975 0.497593 1.121648 -0.257826 -0.061990 -0.016464 0.557135 -0.869017 0.037114 -0.222095 0.822487 0.845325 0.446641 -0.331255 -0.892010 -0.209537 0.819732 -0.487320 -0.584392 0.413257
-0.662789 0.538046 -0.998195 0.533372 0.712283 0.863157 -0.740144 0.436241 -0.713982 -0.715368 -0.202969 0.407616 0.392117 -0.488377 -0.649736 -0.515599 0.432151 -0.350763 0.602109 0.443534 -0.202833 -0.513490 0.703844 -0.526553 0.980949 -0.084374 0.802440 0.718331 0.124097 -0.137911 0.513282 0.421238 0.186319 0.239292 -0.238842 0.614558 -0.394556 0.736948 1.035608 -0.830539 0.598655 0.023245 0.983275 -0.854599 0.339868 -0.494236 0.501877 -0.912351 -0.306856 0.126316
-0.727693 -1.150186 0.149712 -0.210251 0.404111 0.211056 0.595786 -0.143094 0.427811 0.362218 -0.578550 -0.486691 0.241320 0.016023 0.178844 0.110703 -0.377764 0.478745 0.132785 0.586078 0.283832 0.310938 0.573009 0.437648 -0.601395 -0.269587 0.592077 -0.134655 -0.303286 0.573428 0.251246 -0.071205 -0.819385 -0.490114 0.889140 0.069658 -0.714858 0.987647 -0.537770 -0.763459 -0.695035 0.731974 -0.070667 -0.886971 0.591809 -0.049228 -0.794265 0.193874 0.088605 0.131804
0.390839 -0.387250 -0.291670 -0.013496 -0.270653 -0.124809 0.307303 -0.243748 -1.250631 -0.388100 -0.600762 0.762773 -0.787277 1.124787 0.480845 -0.922883 -0.507241 1.063442 0.189893 1.065726 0.454937 -0.048284 -0.743690 -0.306697 0.058591 -0.135029 0.725140 0.407739 0.354745 -0.738681 -0.622881 -0.759812 -0.342985 0.240596 -0.685579 -1.176657 -0.499138 0.580735 -0.051561 0.614349 0.061827 0.209989 -0.266587 -0.687846 -0.466710 -0.157248 0.086365 1.087057 -1.200460 -0.136346
0.335955 0.681856 1.082975 -0.307528 0.070582 0.597301 0.590384 0.040403 -0.555809 0.146412 0.165240 -0.465365 0.410482 -0.630784 -0.970015 0.769007 0.352474 0.560601 0.725449 -0.471862 -0.118000 0.522323 0.572961 -0.014082 0.712650 -0.324615 -0.794954 0.977991 -0.895760 0.220954 -0.793768 -0.569483 -0.987748 -0.380060 -0.575330 -1.092094 0.245232 -0.600319 -0.376849 1.139552 0.234266 -0.367804 -0.943884 -0.564357 -0.165588 0.435485 0.350188 0.689793 0.534413 0.552030
-0.551030 0.760195 0.608206 0.560892 0.113497 -0.294141 -0.882211 -0.618282 -0.591916 -0.716098 -0.616376 0.325120 0.133039 -0.703186 -0.214778 0.236442 -0.133452 1.248629 0.601854 0.304596 0.346665 -0.740562 -0.906316 0.388942 0.725241 -0.032918 0.409922 0.429230 0.503019 0.011869 0.115264 0.065831 -0.197232 -0.560930 0.859421 0.228386 -0.412301 0.115422 -0.226470 0.432152 0.784660 -0.564488 -0.431095 0.135655 -0.926021 -0.282914 0.950124 0.006559 0.579008 -0.700696
0.249525 -0.284451 0.613635 -0.734961 -0.821298 -0.144268 0.107939 0.329907 0.302644 1.374587 0.135399 -0.201092 -0.676004 0.779744 -0.864476 -0.438210 -0.227465 -0.256933 0.360142 0.043177 -0.433887 -0.321083 -0.571759 -0.497916 0.418689 0.865254 -0.865673 -0.315998 -0.062821 -0.128710 1.203445 -0.489997 1.249825 0.366199 -0.153363 -0.643440 -1.052404 0.136553 -0.329782 0.373952 -0.506376 -0.254722 -0.264026 0.225751 -0.690942 0.141576 0.544000 0.056453 -1.172611 -1.170077
-0.270472 0.279888 0.502777 1.262034 0.658679 0.993749 -0.978222 1.255306 -0.702087 0.176325 0.633448 -0.216724 -0.284132 -0.435612 0.939576 0.324687 -0.499528 0.922623 0.613209 -0.357321 -0.242755 -0.061300 0.457033 0.245012 -0.927324 0.793843 0.074015 -0.505761 0.522145 0.644966 0.884141 -0.813385 0.301609 -0.124392 -0.620350 0.425784 0.067511 -0.934329 0.093106 -0.013254 -0.625060 0.094232 -0.973239 0.602304 0.462901 -0.304105 -0.974291 -0.497099 -0.285620 -1.209645
0.532230 -0.172645 0.859682 -0.142214 0.099849 -0.578947 -0.950786 0.112794 0.372169 -0.632517 -0.044367 0.462571 -0.398882 -0.401278 0.578018 -0.119934 -1.375121 0.058432 -0.436097 -0.636529 0.446053 0.058433 0.029894 0.188680 0.364145 -0.298521 -0.889549 0.744163 -0.083048 0.310040 0.431468 0.149389 -0.490054 0.479004 0.098893 0.014087 -0.338288 0.771014 0.001801 0.325189 0.723493 -0.973070 -0.909814 -0.156294 -0.013208 -0.658153 -0.979202 -0.049141 1.043362 -1.259461
0.620364 -0.003678 -0.224557 -1.018084 0.031618 -0.480356 0.194182 0.518826 0.380972 0.124284 -0.872259 -0.552791 0.791950 0.549950 -0.866353 0.221822 -0.025456 0.343741 -0.237001 -0.501399 0.026744 0.431944 -0.084545 -0.878609 -0.422436 0.185213 -0.679100 0.665520 -1.369494 0.641129 0.761599 -0.383602 -0.817240 0.684018 -0.300006 -1.137512 0.467187 -0.165912 -0.507942 0.409321 -0.961404 -0.823766 -1.970842 0.794660 0.025952 0.129328 -0.425113 -0.114915 1.157822 -0.703814
0.929751 -0.214348 0.249816 -0.926331 0.120278 0.399985 -0.513853 0.341175 -0.761581 -0.095539 -1.200085 0.088184 0.199176 -1.001186 0.625023 -0.936717 -0.008419 0.404251 0.428203 0.649898 -0.501267 -0.408924 -0.306971 -0.157288 -0.431367 0.269957 0.893038 -0.417371 -0.413146 0.319100 -0.978011 -0.573768 0.805722 0.007523 0.779232 -0.133997 -1.008775 -0.718706 -0.596528 0.192119 -0.220768 -0.624338 0.377412 0.116835 0.010351 -0.219380 -0.904850 -0.694299 0.525812 0.232077
0.191712 -0.782828 0.115035 0.552104 -0.380929 -0.237337 -0.020660 0.236978 0.396037 0.229527 0.694866 -0.244235 -0.333488 -0.350131 -0.065018 0.243181 -0.322602 -0.676071 0.215599 0.388642 1.118840 0.796618 1.100029 -0.662548 0.565963 -0.664431 -0.615119 0.580314 -0.413338 -0.194823 -0.622029 1.004238 0.786045 0.597884 -0.933978 -0.059403 0.793932 0.224211 0.863637 0.056336 -1.045337 -0.657458 0.315968 0.757748 -0.511333 0.479026 0.233654 -0.312201 -0.834617 -0.740537
-0.755209 -0.595019 0.813545 0.271876 -1.042888 0.677106 -0.448626 -0.347503 0.801541 -0.177073 -0.604570 0.372630 -0.062913 0.213202 0.590539 -0.611687 -0.325514 0.740744 -0.468863 -0.742904 0.674462 -0.846019 -0.150733 0.706514 -0.660367 0.049930 -0.282614 0.577130 0.832042 -0.738816 -1.088242 0.377642 -0.540257 -0.280661 -0.411895 -0.722888 -0.544320 0.944098 -0.826611 0.775649 -0.369243 0.471326 0.086199 -0.948982 -0.858317 -0.371610 -0.758076 0.574127 -0.739242 0.201856
-0.466307 -0.387776 -0.048650 0.585253 0.045821 -1.078450 -0.167986 0.880855 0.873186 -0.827966 -0.222866 0.844477 -1.028832 -0.011951 0.525693 -0.111641 0.093887 -0.677789 0.644276 -0.508860 -0.327315 -0.539303 -0.173473 -0.468674 -0.666056 -0.770241 0.058714 -0.132101 -0.106251 0.375902 -0.023379 -0.358237 -0.344824 0.954021 -0.497246 0.537666 0.295927 0.757162 0.111960 -0.537881 0.081859 -0.486855 -0.711928 0.407845 -0.572197 0.529672 -0.471419 0.283451 0.413941 -0.501016
0.250389 -0.844240 0.118336 0.273549 0.230134 0.620765 0.362378 0.482536 0.445261 0.312514 -0.899215 -0.230116 -0.431469 -0.802369 0.368917 0.609115 -0.954806 -0.555193 0.868931 -0.251541 -0.689273 0.113816 -0.053870 0.695953 -0.497355 -0.921561 0.985041 0.801105 0.305490 0.427192 0.413169 0.671265 0.020998 0.049900 -0.809884 -0.862535 -0.962674 0.343388 -0.926398 0.426287 -1.046108 0.700794 -0.066209 -0.301519 -0.666714 0.941400 -0.660104 0.512789 -0.161021 0.089660
-0.287473 0.224720 0.498079 0.234418 -0.444940 -0.125743 -0.974225 -0.522822 -0.179659 -0.847528 0.161383 0.221575 0.523988 0.536123 0.062871 -0.861348 -0.950146 -0.053046 0.241024 0.803736 0.541283 -0.278287 -0.480888 0.432353 1.057042 0.139248 0.304758 0.680212 -0.505602 -0.000797 0.339598 -0.178652 -0.944650 0.295670 -0.211735 -0.166316 -0.399070 -0.041642 -1.222166 -0.482258 -0.377118 -0.078741 -0.398380 0.217436 1.026255 0.022529 -0.961750 0.002503 0.653270 -0.362837
0.539431 -0.230692 0.874622 0.659592 0.454396 0.485278 -0.895121 -0.512803 -0.285270 -0.180447 -0.796050 -0.178080 -0.475870 -0.423959 -0.772071 -0.491186 0.161997 0.184320 -0.332240 -0.178948 -0.733328 0.447027 0.583340 0.361647 -0.870469 -0.283689 -0.772559 0.465309 -0.654590 0.421394 -0.946210 0.310560 0.238199 0.241432 0.758609 -1.158159 -0.287385 -0.502226 -0.221113 -0.254182 0.116936 0.214734 0.745522 0.717779 0.147595 -0.669391 0.853952 -0.125208 -0.646718 -0.038897
-0.000071 0.847558 -0.085966 -0.611667 0.574839 -0.064741 -0.745291 -0.946181 0.567796 0.028363 0.721129 -1.053527 0.317900 -0.646116 0.809113 0.290514 0.904221 0.702172 0.853594 -0.815453 -0.234155 -0.397445 -0.916592 -0.232801 -0.859331 -0.322638 0.868160 -0.739657 0.279291 -0.649086 0.151999 -0.813756 -0.656760 0.224201 -0.045961 -0.389246 0.054155 -1.082334 -0.229639 0.283139 0.969958 0.685508 0.166967 -0.743572 0.175633 -0.122950 0.471280 0.921429 0.173339 -0.456028
0.520343 -0.272750 0.088896 1.114711 -0.335293 -0.541898 -0.351286 0.686605 -0.553639 -0.236536 -0.513096 0.786754 1.223946 -0.775508 0.594417 -0.795067 0.451491 -0.719743 -0.071384 -1.075629 0.532735 -0.692470 -0.104490 0.136977 0.405384 0.491005 0.188075 0.196527 0.817284 1.032454 -0.786477 -0.281736 0.935576 -0.148040 -1.379843 -0.059764 -0.931525 -0.485168 0.173150 -0.631621 -0.447886 1.113135 -1.241202 0.540336 0.067096 -0.434133 -1.151239 0.328436 -0.747293 -0.059913
-0.322588 -0.188406 0.485010 0.833357 0.977195 -0.446074 -1.018089 0.902593 0.083144 0.241927 -0.336328 -0.842552 0.383671 -0.924284 -0.174068 -0.180906 -0.486514 -0.443424 -0.337453 -0.293836 -0.283403 0.096221 0.802280 0.005963 -0.044880 -0.651557 -0.886787 -0.062770 0.672028 1.232658 0.732739 0.763637 -0.656302 -0.915487 -1.092659 0.767090 0.002633 -1.420379 -0.466941 -0.707176 0.570267 0.846506 -0.736480 -0.661306 0.100212 -0.917120 -0.495488 -1.132622 0.133631 -0.516559
0.011479 -0.066672 0.149346 0.457297 0.794344 0.741004 0.303420 0.752840 0.533769 1.053990 0.198639 -0.404979 0.793957 0.803370 -0.963396 0.053869 -0.585098 -0.714154 -0.478804 -0.021700 -0.504498 -0.599605 -0.085304 1.563954 0.014959 0.738089 0.355108 1.060793 0.679690 0.884348 0.971171 -0.150912 -0.925221 0.556601 -0.745077 0.507858 0.287347 0.581629 0.633814 -0.688900 -0.173213 -0.284068 0.238346 -0.736588 0.910098 -1.037498 0.506032 0.022072 -0.461268 -1.099873
0.388623 0.185334 0.712306 0.014010 -1.236122 -0.123029 -0.715869 0.911869 0.267127 0.727831 -0.078221 -1.081486 0.156294 0.370289 -0.984268 0.004456 -0.925564 -0.426563 0.615720 -0.282372 -0.748692 -0.296085 -0.186892 -0.615136 1.354811 0.487741 -0.559244 0.629391 0.058907 1.172173 0.519960 0.830164 -0.390383 1.032388 -0.294091 0.578262 0.645369 0.546963 0.683722 -0.544092 0.269495 -0.941104 -0.287126 -0.755814 1.030578 -1.141059 -0.046335 0.076018 0.758311 -0.530236
-0.600847 -0.252726 -0.436743 0.362591 -1.111502 0.575937 0.657463 -0.174190 0.981284 -0.919900 0.100956 0.008273 -0.435126 0.675520 -0.124534 0.832588 -0.283699 -0.491696 0.606859 0.606968 -0.215452 0.238174 -0.611967 -0.019823 0.022543 0.768672 0.762288 0.561421 0.262665 0.245737 -0.262079 0.238853 -0.316134 -0.195228 -1.046388 0.551913 0.071422 -0.001973 0.818163 0.449611 0.142141 0.411529 -0.510058 0.626756 -0.497597 -0.636599 -0.748951 -0.531968 0.594221 0.610595
0.267619 -0.352148 -0.767336 -0.110525 0.102648 0.857713 -0.692881 -0.914993 0.358690 -0.457728 0.337613 -0.283079 0.489751 -0.189303 0.012178 -0.008174 -0.065721 -0.466574 0.136090 -0.382198 -0.761925 0.731246 0.071507 0.685166 -0.417384 -0.877486 -0.218414 0.382435 0.106618 0.542261 0.421283 -0.806199 -0.409438 0.614227 -0.769105 -0.668385 -0.845667 -0.749208 0.635517 0.511618 -0.075776 0.045710 -0.099910 -0.801951 -0.046944 -0.539214 -0.576415 -0.288969 0.944502 1.014281
-0.401676 0.228094 0.822515 -0.733518 -0.811853 -0.481369 0.732584 -0.622100 -0.518712 -0.635105 -0.708714 0.084504 -1.067316 -0.087805 0.414563 -0.484850 0.023625 -0.061701 -0.471038 -0.390439 -0.424328 0.569590 0.786822 0.537112 -0.224146 -0.622818 0.534417 0.677735 -0.190568 -0.947862 0.772848 -0.558966 -0.183587 0.764019 0.682454 0.321342 -0.216128 0.618149 0.371115 0.447396 0.656527 0.049397 -0.399281 -0.876379 0.023927 1.035308 0.436047 -0.053287 -0.699577 -0.022007
0.384455 -0.785658 0.607651 -0.202149 0.930063 0.408893 0.468701 -0.978958 0.620620 -0.311755 0.842823 -0.054832 0.152095 0.651603 -0.724074 -0.725143 0.793053 1.001837 -0.078791 -0.682323 0.121811 -0.950210 0.894573 -0.740636 0.497614 0.029416 -0.884506 -0.474511 1.046355 0.159301 -0.711508 -0.496669 0.472532 0.027584 -1.048030 -0.675915 -0.375118 -0.444822 -0.234691 -0.341414 0.661317 -0.716473 -0.071871 -1.060813 0.472171 0.623885 -0.517661 1.044625 -0.109066 0.077489
-0.015970 0.029560 -0.588609 -0.492256 -0.103680 0.128107 -0.083503 0.093257 0.498309 0.027117 -0.808113 -0.499911 -0.696579 -0.242654 0.670469 0.042592 -0.078589 0.054018 0.382343 0.285477 0.949395 -0.633433 0.776374 -0.122241 0.094129 0.747615 -0.760906 0.772085 0.110515 0.049626 0.094755 -0.397385 0.713257 0.566192 0.579244 0.968346 -0.705072 -0.077096 -1.334844 -0.257732 0.293701 -0.662147 0.940768 -0.665002 -0.509592 0.099271 1.021881 -0.516371 -1.115710 0.836806
0.533022 0.628286 0.422895 0.438809 -0.471528 1.274329 -1.341693 -0.189483 0.412466 -0.323844 0.242545 -0.044572 0.006030 -0.625070 0.014332 0.220609 -0.079754 1.173785 0.269724 -0.503095 -0.609482 0.326385 -0.146297 0.125309 0.914890 1.331630 0.440759 0.324649 -0.911131 -0.412886 -0.092969 1.022399 -0.544107 0.248763 -0.586312 0.479192 -0.108228 0.738778 -0.244126 0.060146 -0.088471 -0.347674 0.461627 0.772631 0.564966 -1.070274 0.428142 0.018890 -0.004370 -0.291979
0.193524 -0.391672 0.240522 0.329263 0.400906 0.326462 -0.945034 0.633581 0.226176 -0.662587 -0.305386 0.444954 0.595083 0.709079 -0.981278 0.663009 -0.759215 0.507785 0.857522 1.017415 -0.929569 -0.004547 0.991491 -0.007918 -0.566187 0.679504 -0.643964 0.147551 -0.599781 -0.268183 -0.136742 -0.575096 0.334561 -0.494567 1.285678 -0.281202 -0.413521 -0.353777 -0.043561 -0.072669 -0.059847 0.078810 0.993228 -0.387022 -0.437398 -1.095486 -0.490978 -0.820267 0.397596 0.247962
-0.828678 -0.176549 0.025865 -0.147370 -0.009109 0.585684 0.936086 0.305735 1.065879 -0.965892 -0.600390 0.481077 1.080950 -0.699694 -0.796187 0.797526 -0.379921 -0.166701 0.802540 0.252127 0.220949 -0.661018 0.015794 -0.650651 0.202174 0.344130 -0.249688 -0.986198 -0.761684 0.104738 0.877453 0.756102 -0.314611 0.427885 -0.468901 0.569960 0.707867 0.092350 0.801948 0.497872 0.119344 0.515562 -0.228618 0.098614 1.074721 0.194759 0.291128 0.343677 -0.529405 0.486873
-0.066311 -0.553531 -0.769328 -1.216433 0.852282 -0.804803 0.995540 0.009907 0.476222 1.207990 0.415865 0.789382 -0.052722 -0.707372 0.656893 -0.730216 -0.165138 0.280380 0.337672 0.938420 -0.324670 0.047630 0.888604 0.252892 0.576313 -0.797018 -0.467449 -1.487882 0.129982 0.051002 -0.421018 0.490032 0.579788 0.292546 -0.082087 -0.691506 -0.093010 -0.874780 0.643154 0.641558 0.804894 0.596472 -0.248697 -0.702106 -0.526347 -1.055756 0.057610 -0.811555 1.093617 0.394298
-0.260333 -0.084668 0.205308 0.236073 0.424136 -0.485593 -0.182640 0.083653 0.522226 0.952491 -0.421043 -0.098489 0.845495 -0.032395 0.666736 -0.864406 0.009989 -0.937494 0.491628 -0.302584 0.834756 -0.464743 0.786811 0.466988 0.822488 0.630424 -0.199291 0.140499 -0.786702 -0.791502 -1.145490 0.616829 -0.847154 -0.120130 -1.025390 -0.836877 -0.006140 -0.697090 1.085514 0.771066 0.338873 0.224042 -0.177647 -0.613470 0.111785 0.589708 1.385106 -0.770588 0.694005 0.425045
0.323481 -0.396075 0.228651 -0.809174 -0.149265 1.260544 0.669293 0.308797 -0.772288 0.353561 -0.544753 0.059157 -0.019579 0.526598 0.513698 0.066136 -1.362015 0.319738 0.303095 0.366925 0.717089 -0.465916 -1.121673 0.290898 -0.566709 0.971522 -0.759309 0.462762 -0.732593 -0.215949 1.304269 -0.200076 -0.011320 -0.231244 0.340783 0.060233 0.135810 0.013774 0.752259 -0.084879 0.707490 0.480277 0.133952 -0.173926 0.365223 -0.405596 0.856147 -1.046844 0.680326 0.277156
-0.204366 -0.791752 -0.931972 -0.730651 -0.110879 -0.443067 0.618200 -0.422212 -0.602142 -1.191033 0.633278 0.449175 0.541431 0.622116 0.456069 -0.042102 0.441561 0.810643 -0.695996 -0.101629 -0.390238 -0.147799 -0.290967 0.527476 0.523384 -0.300980 0.067772 0.322074 -0.451404 0.419231 -0.016373 -0.148389 -0.599258 -0.078509 0.135936 0.227273 -0.809985 1.018076 -0.067168 -0.763196 0.375735 0.139783 -0.003122 -0.563853 0.490494 -1.018869 0.770386 -0.341151 -0.760012 -1.030956
-0.031161 -0.253919 -0.711415 0.297007 -0.798197 -0.238497 -0.170046 -0.161530 -0.317209 0.063991 0.422082 0.154158 -0.336673 0.465893 0.213244 0.948140 0.954292 -0.435362 -0.710071 0.549774 0.368509 -0.126073 0.282572 0.216751 1.193325 0.828857 -0.385490 0.482065 -0.980224 -0.325239 0.767176 0.040472 0.219924 0.456729 -0.179155 -0.227944 0.083602 -0.256128 -0.737714 -0.705410 0.412632 -0.355920 -0.649343 -0.743522 -0.086591 -0.057351 0.970341 0.057737 0.357490 0.498379
-0.401818 0.950963 0.432482 0.669581 -0.620142 -0.360522 0.059835 -0.426724 -0.994304 0.712108 0.896693 0.005353 0.702390 0.149264 0.003908 0.831062 -0.892098 0.980485 -0.038625 0.028877 1.039468 0.479161 0.399775 0.199464 0.109274 0.414399 -0.608226 -0.189636 0.069095 -0.264964 -0.912433 -0.756894 0.090151 -0.360313 0.772130 -0.781784 0.263749 -0.406703 0.149450 0.591546 0.456185 0.489779 -0.483963 -0.831886 -0.692992 0.801040 0.851079 -0.441615 0.551009 -0.814868
-0.475701 0.792223 -0.422699 -0.839484 0.741706 -1.041340 -0.288717 -0.429311 0.378583 0.537888 0.932110 0.294280 0.021153 0.789624 0.179445 0.623902 0.850087 0.773179 -0.392352 -0.313295 -0.529482 0.793023 0.049658 0.433257 -0.090833 -0.780282 0.213427 -0.945487 -0.049010 0.707423 -0.343631 -0.653979 0.515009 0.138302 -0.401754 -0.043732 -0.094141 0.569881 -0.924127 -0.734629 0.038895 0.212924 0.937614 -0.659813 -0.107494 -0.247428 0.934109 -0.631546 0.207538 -0.687290
0.835981 -0.645114 0.322468 0.112861 -0.278223 -0.276564 -0.857069 0.361397 0.319458 -0.423678 -0.028407 0.239963 -0.893058 -0.616669 -0.829216 -0.487889 -0.785893 -0.636496 -0.634953 -0.758275 -0.757837 -0.002353 -0.438665 -0.473491 -0.201696 -0.106804 -0.569751 0.761349 -0.757513 -0.301539 0.881019 -0.663567 0.484909 0.593596 0.431589 0.824657 -0.460040 0.841029 0.683341 0.921390 -0.601057 -0.382303 0.450214 -0.002530 0.746382 -0.277907 0.879414 -0.512368 0.748448 -0.584053
1.216752 -0.891945 -0.955335 0.458899 -1.036922 -0.070406 -0.291106 0.157132 -0.318617 -0.146501 0.188122 -0.802179 0.208963 -0.643776 -0.599873 1.045582 -0.055276 0.167296 -0.411384 0.145127 -0.109083 -0.884565 -0.329885 0.943951 0.982040 0.242780 -0.352909 0.563887 -0.812019 0.387786 -0.621119 -0.091050 0.000678 0.502422 -1.097269 -0.265359 0.533402 0.683186 0.500954 0.427901 -0.170396 0.086391 0.640585 -0.733175 -0.321001 0.448218 -0.323090 -0.364279 0.760280 1.005813
0.419284 0.975530 0.629741 -0.389344 0.276829 -0.163738 -0.302592 -0.767439 -0.720437 -0.137435 -0.097680 -0.975649 0.456093 0.373754 1.018100 1.007114 -0.396032 -0.131920 -0.632620 -0.634041 0.413771 -0.618941 0.574318 0.321689 0.694381 -0.489524 0.133293 1.182338 0.183220 -0.267348 -0.180813 -0.066753 -0.600321 -0.258636 -0.277834 -0.214307 -0.678594 -0.930450 -0.407020 -0.353922 -0.411399 -1.171700 0.879896 0.480863 -0.629061 -1.168724 0.438066 -0.674641 -0.198280 -0.320745
-0.014898 0.092454 1.124081 0.231690 -0.479423 0.590422 -0.657948 -0.697630 0.217264 -0.334439 -0.752659 -1.102219 -1.015327 1.180622 0.574248 0.153792 0.576025 -0.443896 -0.076907 0.602103 0.622375 -0.013626 -0.026272 -0.084338 -0.468144 0.577420 0.229345 0.587128 -0.012433 -0.337677 -0.787591 0.517900 0.286458 0.369629 0.668605 0.458256 -0.843781 0.512022 0.007014 -0.157894 -0.135082 -0.375170 -0.175325 0.187538 -0.979682 -0.294438 0.631755 -0.308949 -0.401361 -0.160496
-1.021109 0.530211 0.419999 -0.727755 0.013214 -0.784521 0.777294 -0.179829 1.085301 -0.654947 -0.684965 -0.155237 -0.571974 0.697205 -0.136489 -0.143333 0.642423 0.342520 -0.080078 1.252362 -0.586138 -0.801383 -0.402010 -0.255450 -0.843476 -0.321157 -0.501934 -0.881237 0.177653 -0.293863 -1.026527 -0.742227 -0.834106 -0.732930 -0.603241 0.097014 -0.103121 0.987443 -0.129491 0.323148 0.431775 -0.355409 -0.843866 0.425373 0.618659 -0.007828 -0.559927 -0.774190 0.061158 0.090783
-0.636168 0.571959 0.003598 -0.550283 0.720691 0.906742 -0.167881 0.808670 1.027515 -0.465766 -0.267439 -0.201904 0.751740 -0.279579 -0.792507 0.838548 -0.690691 0.156639 0.959472 0.075054 -0.480567 -0.526125 0.021997 -0.976082 0.289538 0.138245 0.261387 -0.918337 0.003542 -0.145403 -0.067559 0.041310 -0.546920 0.325014 -0.239712 1.044014 -0.503076 1.024035 0.047560 1.017850 -0.550877 0.303469 0.263695 0.876398 -0.006678 0.329361 -0.801794 0.244494 -0.148576 1.094843
-0.544613 -1.000053 -0.938873 0.708638 1.173147 1.151896 -0.694734 0.121205 0.221446 -0.436215 0.192037 0.183381 0.291685 0.636827 -0.014805 0.597661 -0.463454 -1.095653 1.121075 0.611368 1.031410 -0.270807 -1.012983 -0.829003 -0.297467 0.622913 -1.115957 0.307050 0.083500 -1.850875 -0.164895 0.978267 -0.504680 1.020363 -0.692894 -0.522568 0.817683 0.486528 0.835503 0.072443 0.947794 0.039018 -0.508578 -0.336766 -0.238764 -0.766044 0.562077 -0.467380 0.994549 -0.296144
0.529111 0.103165 -1.432838 -0.869933 0.541014 -0.710642 0.963540 0.002292 -0.384897 0.587473 0.596239 -0.581996 0.513554 0.462967 -0.702074 0.194368 -0.533303 0.342082 0.759548 -0.001953 1.164071 -0.391808 -0.379605 -0.643828 -0.224129 -0.478506 -0.708781 -0.949890 -2.069154 0.317066 -0.063801 0.838312 0.306993 0.066919 0.765536 -0.072803 0.193323 1.211757 1.739044 0.686254 0.332988 0.603936 -0.414190 -0.811559 -0.046726 -1.320323 0.762228 -0.717081 -0.001072 0.367928
0.030698 -0.253251 -0.904319 -0.618749 0.111172 -0.079844 -0.168442 -0.641468 0.045973 0.499265 0.472694 0.378703 0.220947 0.599708 -0.747623 -0.849144 -0.077785 -0.303051 -0.045115 -0.361699 0.019298 0.066834 -0.318446 1.354474 -0.679021 0.168027 -0.305624 0.297380 -0.879202 0.558507 1.344354 -0.622983 0.027989 0.440401 -0.235384 -1.208404 -0.878214 0.387006 -0.616062 0.902701 0.915788 0.251371 0.501705 -0.275314 -0.270782 0.338893 0.654577 0.175689 -0.781070 -0.660272
0.066089 -0.086641 -0.710945 -0.593658 0.708825 0.021836 0.277228 0.660345 -0.658555 0.180455 -0.658785 0.570856 -0.419692 0.622161 0.798785 -0.841222 -0.001019 0.461342 0.505723 -0.371106 0.958081 0.860284 0.131772 0.706814 0.113888 0.313163 -0.336918 0.912873 -1.002563 0.151696 0.399512 -0.527325 0.728373 -0.895510 1.093015 -0.561376 0.569639 -0.782855 0.936358 -0.956277 1.099736 0.471698 -0.389020 -0.094581 0.085754 -0.040384 -0.327990 -0.463550 0.055929 -0.209017
-0.635696 0.175323 0.577094 0.757610 -0.428183 -0.903857 1.124866 -0.773140 0.482821 0.521373 0.812684 0.262463 0.279765 0.086841 0.978631 -0.898394 0.171967 0.529131 -0.391808 0.759927 0.698406 -0.523665 -0.173899 0.653586 0.029504 -0.884663 -0.578422 0.193987 0.716401 0.631620 -0.412782 0.576954 -0.216704 0.777813 0.593920 -0.796130 -0.554483 0.873027 -0.814844 -0.541320 -0.303879 -0.587263 -0.366325 -0.708457 0.277690 -0.832769 -0.953965 0.108713 0.867170 0.919943
0.407667 -0.048132 -0.319447 -0.584876 -0.963148 0.351306 0.583028 0.478360 -0.713221 0.950409 0.680067 -0.551493 -0.355605 -0.048750 0.437901 -0.590207 0.350620 0.399304 -0.384821 -0.240404 -0.087878 -0.885760 0.873670 0.309424 -0.136628 0.527837 0.310592 0.811961 -1.010106 1.008595 -0.986116 -0.033029 0.629553 0.189033 -0.633703 0.297142 -0.801104 0.679930 0.606617 -0.356222 0.594461 -0.071643 0.912912 -0.875592 0.473652 -0.577024 0.950732 0.883056 0.408951 0.860540

Bias v0 (Oculta):
0.666755
-0.674916
0.072559
0.971150
-0.993429
0.247326
0.078039
0.310424
-0.497218
-0.440910
0.549595
-0.598739
-0.107800
0.494296
0.075358
-0.386764
-0.853738
-0.534408
-0.521742
-0.350238
-0.513000
-0.427764
0.456799
0.043788
0.241701
-0.635473
0.042595
-0.476850
-0.679683
-0.684527
-0.234621
1.255844
-0.467246
0.840692
0.484760
-0.814503
-1.034215
-0.678888
0.293670
0.543899
-0.088783
0.704358
0.922900
-0.967348
0.207536
0.453656
-0.737379
-0.407984
0.134444
-0.194538

Pesos w (Oculta -> Sa獮a):
-2.069806 -1.932010 0.905152 -1.575908 1.531434 1.847632 0.453489 -0.846543 0.388797 -0.305375 1.362367 0.469625 -1.348237 -0.446130 -0.897060 -1.865596 -1.298023 -1.720218 0.688783 -0.473622 1.272772 0.713714 0.779062 0.048855 -0.620733 -0.148152
0.343918 -1.219529 -0.084942 -1.545675 -0.488029 0.351051 0.200767 -0.072813 0.101859 0.070698 0.222700 -1.036734 1.412409 0.053722 0.275541 -1.152174 0.462301 -0.509470 0.549926 -0.208185 0.385813 -1.368526 1.027045 -0.677834 -0.173583 -0.994832
-1.621628 -1.345479 0.335760 -0.759473 0.009311 -0.488264 -0.136856 -0.419973 0.125700 -1.830627 -1.497773 -0.088354 0.783678 -0.074502 0.175089 -1.234037 0.510500 -0.052071 0.590223 0.962679 -0.045362 -2.324554 -1.509321 0.650935 0.214025 0.419920
-0.294272 0.961434 -0.343351 -0.409657 -0.450349 -1.307542 0.616731 -0.814779 0.301743 -0.566943 -0.893959 0.377990 -0.328901 -1.194622 -0.541106 -1.026353 -1.186010 -0.678505 0.719662 0.021434 -1.984517 -1.551295 0.678132 -1.600336 0.589854 0.579729
1.261196 0.859601 -1.209850 -0.871057 -0.832912 -0.072161 -1.309104 1.445475 -0.593917 -0.352716 0.179581 -0.814569 -0.348324 0.791232 -0.814734 0.781668 -2.112963 -1.002854 -0.276472 0.617535 -0.403716 -0.572807 -1.277906 0.812577 0.435697 0.830862
-0.341232 -0.807736 -0.614443 -0.868719 0.186430 -1.467567 -0.230495 1.604358 -0.649340 0.939634 -1.089213 -0.331350 1.419390 0.638511 0.722316 -0.352715 0.077538 -0.952500 0.049558 -1.025498 0.894382 1.545626 -0.033832 0.513389 0.493479 -0.752371
0.626286 0.066612 -1.151070 0.169709 -0.654887 0.084334 -0.924422 -1.271290 -1.319563 1.522972 -1.143147 -1.289516 -0.783272 -0.384315 0.196118 -0.669079 0.708155 0.586264 0.309490 -0.514025 -1.115162 0.132613 0.880578 1.308223 -1.333747 0.612479
0.714462 0.186553 0.546129 1.110763 0.013136 0.392598 -0.553892 0.102239 -0.830901 -0.605800 -0.768057 0.135355 0.288711 -0.839209 0.457617 -0.366421 -1.195158 0.201384 -0.246211 0.298797 -0.052911 0.161445 -1.247663 -0.333555 -0.729937 1.199496
-0.195964 -1.438342 0.563738 0.653281 0.007058 -0.253227 -0.424403 0.172016 -1.215564 -1.981092 -0.036826 0.607146 -0.856484 -0.137769 0.123843 -0.025285 -0.845922 0.554049 -1.156327 -0.719514 -0.585039 0.966095 0.104757 0.350020 -1.571026 -1.459681
-0.413963 -0.829038 1.255218 0.709858 -0.871807 0.959157 0.321275 0.570535 -1.268855 -1.033252 -0.344542 0.221148 0.131892 -1.213341 -0.227155 0.439687 -0.455685 0.060531 -0.658783 -1.489856 -0.239448 -1.114749 -0.356410 -1.369913 -1.458031 0.357259
-1.040434 0.574961 0.744186 -0.329018 -0.999606 -1.010018 1.173566 -0.299403 -0.882419 0.030043 -0.848284 -0.230335 0.623799 -0.386112 0.327490 -0.750243 0.405559 1.355613 0.295094 -1.754629 -0.553822 0.626157 -0.264588 -1.954787 -0.658321 1.323909
-0.089134 0.199617 0.036973 1.190693 -0.607954 -0.833333 0.051554 -1.376857 0.644922 -0.764641 -0.539798 -1.120332 -0.037187 -0.001200 0.652883 -1.147249 0.013435 -0.098873 -1.308349 -0.207370 -0.763879 0.591688 -0.017518 -0.164230 0.001150 0.955882
0.384076 1.865458 -1.304716 -1.431162 1.354439 1.038427 -0.782078 -0.540647 0.482051 0.184220 -0.335833 -0.703726 0.572080 0.631395 0.485433 1.354515 0.210783 1.121156 1.050665 -0.584324 -1.066896 -0.648414 -0.047129 -0.325249 -1.107597 -1.257879
-0.879316 0.520884 -0.596520 -1.062427 0.428680 -1.288838 -0.482055 -1.683484 -0.254014 -1.091942 -1.211717 -0.071987 1.369994 -0.613469 -0.685038 0.329511 0.196200 0.078033 -1.284863 -1.074811 -1.853666 0.937327 0.769624 1.195131 0.419105 0.144265
-0.548060 -0.326167 -0.699414 -0.746579 -0.022559 0.617892 0.003231 -0.019363 -1.146078 -0.146265 0.047308 -0.984477 -0.645550 -0.028662 0.274914 -1.473717 -0.372401 -1.564613 -0.537894 0.197442 -0.134797 -0.145003 -0.366292 0.218116 -0.319777 -0.291899
-0.215477 0.349445 0.365219 0.117658 -0.868608 -0.761223 -1.476655 -0.214074 -0.698217 -0.602720 -0.169474 -0.374465 -0.510207 -0.892411 0.294706 -1.008419 1.209309 0.767856 0.103538 0.506748 -0.782794 -0.500937 0.756317 -0.598967 -0.013539 0.291898
0.202339 1.120229 -1.137983 0.365028 0.465121 -0.997754 1.242151 -0.040999 -0.891058 0.131521 -0.316044 0.123302 0.002403 0.634482 -0.716918 -0.929016 -0.600162 0.604594 0.552432 -0.918864 -1.076944 -0.358635 -0.071173 -0.970912 -0.541493 -1.169368
-1.442729 0.129655 -0.109899 0.457569 -0.528110 -0.834911 -1.117376 0.489782 0.997868 -1.428776 0.636880 0.061944 0.062243 0.889032 -0.873548 -0.985853 0.425588 0.230030 0.358990 0.382491 0.723240 -0.314432 -0.451027 -1.123804 0.494881 -0.859745
0.721733 -0.649659 0.426642 -0.985441 -0.505563 1.142675 -0.235254 0.357713 -0.654084 -0.960337 1.347654 -2.148975 -0.364496 0.371323 0.285370 0.339452 -1.041111 -0.225036 0.465958 -1.181073 -0.881210 -0.606835 -0.315135 0.445192 0.763399 -1.279954
0.808538 -0.991758 -1.813551 -0.372273 -0.486961 1.130914 -0.614368 1.526865 0.602129 -0.322112 0.593434 1.643312 -0.851357 -0.110484 -0.574234 -1.401789 1.155139 -1.325114 -0.843538 -0.492717 -0.535067 1.359180 0.481425 1.291661 0.291914 -1.585996
-1.079457 1.033706 -0.667541 0.503074 -1.678696 -0.553122 -0.847678 1.024541 -1.352108 1.187769 -0.499503 -1.388413 -0.866402 0.131064 -0.354518 1.398037 -0.288201 1.162928 -1.417470 0.566688 1.097302 -0.081176 -0.317942 -0.379156 -1.299825 0.077045
-1.018742 0.685095 0.923308 -0.617607 0.080637 0.394616 -0.672273 -0.058321 0.099311 -0.538253 -0.932472 0.420459 0.159232 -0.032351 0.866029 -0.936762 -0.401840 -0.916532 -0.989608 0.628922 0.177467 0.685241 -0.175171 0.248679 0.087245 0.137170
-1.219808 -1.325030 0.397605 -1.472368 -0.764386 -1.515476 -1.354617 0.056860 -0.109067 -0.587053 0.486390 -0.919550 -0.923396 -0.649210 0.459307 0.412840 0.901624 -1.202340 -1.735645 -1.057563 -0.665043 -0.173312 0.460409 0.018044 -0.060591 -0.292395
-1.437075 0.751557 0.213786 0.291659 -0.082497 0.930357 0.859963 -0.930112 -0.743874 -1.748222 -0.003367 0.320048 -0.048826 -0.429519 -0.456063 0.753962 0.845361 -2.031236 0.279549 -0.964199 -1.281507 0.658202 -1.081104 -1.241280 1.374863 -0.554623
-0.370270 -0.083847 -0.933873 -0.994584 0.758239 -0.936350 0.748124 -1.085677 -0.183296 0.074803 -0.858379 0.490265 -2.243170 0.528388 -0.192480 0.543229 -0.253055 0.413059 0.016275 -0.130689 -0.193014 0.276912 -1.006575 0.219700 -0.141468 -0.639640
-0.272606 -1.514423 -0.191556 0.328444 0.446742 0.606255 0.165717 0.251961 -1.996930 -0.517084 0.288627 -0.420579 0.099714 -0.206164 -0.408695 -0.289738 0.420104 -0.135273 -0.563461 1.649314 0.209242 -0.265186 -0.515418 0.755971 -0.386525 -0.569950
0.716113 0.124613 -0.360420 0.420813 -0.778538 -1.700438 -0.521111 -0.863956 -0.191171 0.516691 -0.603531 -0.162917 -0.826812 -1.048405 -0.778245 -0.006463 1.078242 0.702768 0.431484 -0.414231 1.027076 -0.318309 -1.102716 0.783795 -1.612897 0.665516
-1.105729 0.230144 0.344248 -1.615695 0.231030 -0.626914 -0.460632 -0.331775 0.808185 1.040646 -1.648488 0.362991 0.575460 -0.791474 0.045078 0.566172 -0.819740 -0.008953 0.819952 0.205297 0.889578 0.727859 -0.867312 -1.300424 -0.127147 -1.401646
-0.546402 1.435929 -1.099124 -1.992303 2.188107 -1.044686 1.208675 1.432089 -0.825271 -0.521124 0.725600 -0.735134 -0.695869 0.126450 -0.133228 -1.476789 0.378529 -1.500853 0.178414 -1.500372 -0.785358 -0.264385 0.395619 0.399798 -0.388458 0.927178
-0.299912 0.048597 -0.190124 -0.436451 0.932714 -1.036352 -2.145121 0.299632 1.482389 -0.223622 -0.798540 1.207646 -0.626837 -0.422558 -1.068341 0.659194 -1.610224 -1.350316 -0.690555 -0.977337 0.976147 0.116739 0.549060 0.254118 1.221895 1.083919
-0.543213 1.045727 -0.661926 0.871220 0.455996 0.074166 -0.391370 -0.424905 -0.933584 1.141692 -0.062471 -0.247813 0.491977 -0.256998 -0.952272 1.450559 -0.684329 -1.741124 -1.148496 0.045238 -0.056277 0.072656 0.095265 0.451919 0.625655 -0.796149
-0.611570 -0.929608 -0.021798 0.426623 -0.044025 -0.764582 -0.181710 -1.134704 -0.318060 -0.008661 0.050508 -0.400506 0.234416 -0.010088 -1.148804 -0.932563 -0.781742 -0.349581 -1.099489 0.378433 -0.380721 -0.680205 -1.578111 -0.528934 -0.319316 -0.785343
-0.308846 -1.221610 -0.181036 0.494113 -0.273907 0.012273 -1.175901 -1.082367 -0.970254 -0.505611 -0.858081 -0.185697 -2.168142 -0.650794 -0.137894 -1.681293 -0.079526 0.431616 -0.197462 -0.377818 0.258250 -2.014650 -0.005815 -0.924365 -1.485018 -0.598565
-1.775614 0.311775 -1.460453 -0.939457 0.354376 0.269695 -1.777917 0.501524 -1.261543 -0.233516 1.556270 -1.003700 0.214146 -0.242456 -0.852800 -0.077744 0.071665 1.279874 -1.329829 -0.399685 0.065232 -0.120288 -0.787695 0.080500 0.119675 -1.489480
0.942073 0.076058 0.587741 0.891528 -0.774507 -1.851750 -0.253779 -0.610360 0.702706 -0.417301 1.006739 -1.133423 0.606701 -0.842136 0.503033 -0.207082 -0.527289 -0.472795 0.430000 -0.300912 -0.174024 0.563819 -1.649475 -1.318074 0.098804 -0.204417
1.123297 -0.452063 1.032325 -0.547037 0.482741 -0.220432 0.836970 0.185598 1.044546 -0.608336 1.003572 0.491865 -0.065291 -0.515539 0.595777 -0.354747 0.440947 -0.892622 -1.665656 -2.318854 0.908359 -1.340979 1.013108 -1.985115 -1.568926 -0.844358
0.324584 0.704053 0.778986 -0.679211 -0.198464 -0.365548 0.367447 -0.401416 0.198510 -0.012415 -0.136683 -0.379520 0.631766 -0.148567 -0.033975 -0.000998 -0.259918 0.066176 -0.010387 -0.056173 0.432788 -0.180149 -0.431508 0.175976 0.788604 -0.437301
-0.435807 -1.303456 0.218548 -0.037981 -1.332385 1.121143 -0.430267 -1.782797 0.445973 -0.368193 -0.887570 -0.780511 -1.112606 0.404217 -0.221684 0.587612 0.342252 0.289398 -0.851490 1.019262 -1.397374 0.485338 -0.619562 -0.073445 0.404676 0.466594
1.322491 -1.837638 -0.486006 0.919422 -1.210452 1.218627 0.351040 -1.100477 -0.954607 0.236050 -0.720828 0.759940 1.153695 0.659476 0.145330 0.591536 -1.141738 -0.364317 -0.959844 0.402790 -1.171700 0.193897 -0.142082 -0.140332 -1.426704 0.129810
-0.475464 -1.007076 -0.775009 -1.320963 -1.451267 -0.649952 -1.256524 1.461432 0.294784 0.433159 0.309540 -1.054834 1.478028 0.000854 -0.263249 -0.838626 -0.994168 0.163917 0.820877 -0.890304 -0.216484 -0.372287 1.106882 -0.101604 0.508751 -0.924535
-1.185983 -0.622853 -1.240627 0.124729 -0.057854 -1.015946 -0.438466 0.369515 0.063083 0.284772 0.056325 -0.820395 -0.057225 -0.258348 -0.605169 0.535672 -1.308987 -0.710399 -0.578685 1.212750 0.677252 -0.995129 0.800503 -0.386699 -1.188831 -1.420084
-0.391714 0.580921 -1.762121 1.397616 0.360403 0.510671 0.559749 0.494315 -0.842791 -1.585951 -2.373850 -1.019995 0.649649 -0.242324 -0.975480 0.963648 -1.220804 -0.449510 0.691169 0.225436 0.995508 -0.463715 0.748141 1.157094 -0.756417 -0.196230
0.466176 -0.076513 -1.185401 0.039151 -1.488790 0.250460 2.210816 -0.827890 0.783564 -0.645513 -1.369333 -0.803076 0.535469 0.993935 0.529127 -0.375779 0.774611 -1.848738 -0.992683 0.239996 1.178191 0.614784 0.309516 -1.139339 -1.030922 -0.904150
-0.859605 -0.255099 -0.541102 1.084711 -0.170218 0.445954 -0.249847 -0.483599 0.520586 -0.965591 0.276129 -0.160278 -0.451195 0.021761 0.147895 0.023306 -0.724502 -0.033859 -0.986602 -0.577698 0.245182 0.561439 0.183823 -0.146470 -0.264361 -0.258964
-0.926613 -0.185863 -0.811391 0.883861 -0.982187 -1.027331 -0.496890 -0.775144 0.880257 -0.238780 -0.214967 -0.540173 0.537639 0.132122 0.104740 1.259515 1.833207 -0.696065 -0.852368 0.949847 -1.375287 -1.218768 -1.133457 -0.547292 -0.785483 1.295392
-0.538173 0.483936 -0.672242 0.540802 -0.653967 -2.059331 -0.470787 -0.346723 1.428714 1.083751 -0.597687 1.252873 -0.290215 0.453145 -0.763441 -1.108337 0.313843 0.273606 0.660596 -2.176684 -0.459916 -0.784911 0.134672 0.444897 -1.752207 -0.151881
-0.055276 -0.113594 0.078701 -1.168964 -1.022213 0.544949 -0.281229 -1.029949 -0.153701 1.285958 -1.508680 -1.051520 -0.982815 0.233705 0.328686 -0.285101 -0.643352 -0.462248 0.679379 -0.670638 -0.502496 0.403942 0.354537 -1.240165 0.774224 -0.517119
-1.001972 -0.479090 -1.317408 -0.744062 -0.970329 -0.932473 -1.434903 -1.680230 -0.473719 -0.424796 1.505599 1.596083 -0.213968 0.865878 0.435408 -0.589864 -0.635406 -0.099345 1.788887 -0.424688 -1.408375 -0.927421 0.092132 1.037020 0.602513 -0.956896
0.886142 -1.436373 0.606606 -1.771205 -0.538776 0.166064 -0.243828 -1.699477 1.074179 0.232104 0.561821 -0.599390 0.389284 -1.101552 -0.236288 1.558244 -0.577134 1.534568 -1.221448 0.749975 -1.916485 -1.218834 0.193957 0.150787 0.265562 0.330938
0.204508 -0.898297 -0.939105 -0.776950 -1.404018 0.082858 0.822092 0.037265 -1.145652 -0.327820 -0.240384 1.338035 -0.177500 0.728040 -0.131259 -1.282618 0.639029 1.170208 0.410739 -0.622889 0.091170 -0.179713 -0.896102 -0.621579 0.189297 -0.707356

Bias w0 (Sa獮a):
0.068430
-0.473473
-0.448826
-0.191861
0.442191
-0.406203
-1.253523
-0.559848
-1.822102
-0.333502
-0.325857
-1.467644
-0.825160
-0.850323
-1.170545
-1.375606
-0.444960
-1.229821
-1.242989
0.453198
-1.000132
-1.659618
-0.569549
-0.401872
-0.019827
0.021589
