Pesos v (Entrada -> Oculta):
0.590265 0.069676 0.049467 0.688944 0.556307 -1.189786 -0.136293 -0.198068 -0.219945 0.092105 0.770233 1.093141 0.175863 -0.324941 0.180899
-0.746051 0.173264 0.642588 -0.328041 0.472895 0.147608 1.066351 -0.530952 -1.633721 0.237172 0.256244 0.438309 -0.364877 -0.373944 -0.126939
-0.865948 0.956811 -0.386224 -0.266265 -0.151853 -1.479627 1.322944 0.113748 0.687450 0.237163 -0.108861 0.289312 0.078031 0.014122 0.310674
0.082845 0.000026 -0.025351 0.343859 0.664280 -0.124362 -0.115996 0.227724 1.173770 -0.176547 0.405493 -0.520328 0.368958 0.119630 0.178759
-0.117460 0.014824 -0.448018 0.252883 -0.456496 -0.576857 0.141928 -1.240651 -0.004080 -0.247035 0.468266 -0.561822 -0.776545 -0.785117 -0.052590
-0.270011 0.847699 -0.001865 0.401039 -0.797316 0.179127 -0.421177 -1.088960 0.319665 0.141410 -0.497272 0.205530 -1.014389 -0.441433 0.385826
-0.966135 -0.619027 -0.397136 0.519240 -0.230644 -0.162054 -2.185489 0.183328 0.195094 -0.278776 0.274836 -1.250477 1.125654 -1.030738 -0.349514
0.102519 0.673168 -0.440835 0.206989 0.342234 0.968238 -0.564830 -0.196990 0.322651 1.240699 -0.530553 0.788741 1.150118 -0.245260 -0.648717
-0.235357 0.945480 1.198395 -0.455717 -1.119193 -0.992476 -0.742144 -0.704390 -0.251300 0.427535 -0.486230 1.726493 -0.612390 -0.594843 -0.139642
1.343674 1.282863 0.023080 0.333818 -0.399614 -0.073528 0.294905 0.949978 -0.248260 0.444360 0.965619 1.265418 -0.069219 -0.957697 0.559711
0.080099 -0.747383 -0.738871 0.242574 0.040523 0.548396 -0.299582 -0.489628 0.345731 -0.026564 0.321240 0.627940 0.171241 0.659658 0.601428
-0.601496 -0.391650 -0.031337 0.526174 0.338864 0.130309 -0.036735 0.438760 0.061005 -0.212089 -0.372082 0.150415 0.539437 0.007628 -0.565626
0.857014 -0.713884 -0.120968 0.048943 0.616764 -0.056517 -1.383489 0.124120 -0.338830 -0.300651 -0.765112 -0.026154 -0.062157 0.259351 -0.399070
-0.171528 0.956307 0.132768 0.533182 0.764720 -0.204119 -0.852844 -0.724426 0.339247 -0.644013 -0.436094 0.591697 0.047086 0.183567 0.137302
-1.578832 0.933656 -0.658782 -0.475794 0.003422 -0.666573 1.418473 -0.802855 0.085935 -0.176478 -0.605669 0.969538 -0.045778 -0.294553 1.018867
-0.965500 0.255888 -0.140763 -0.652044 0.241655 0.084079 0.882151 -0.421022 -0.374489 -0.536040 -0.048726 0.311282 -0.248423 0.053650 0.480909
-0.139676 0.355780 -0.693218 -0.187845 0.128669 -0.697542 0.194340 -1.066637 0.132175 -0.005660 0.638122 0.060076 0.374513 -0.621825 0.327285
-0.490464 1.219104 0.200297 0.470070 1.328692 -1.036021 -1.090113 -1.197274 0.820687 0.025001 -1.241837 -0.252699 -1.542814 -0.474251 -0.379170
-0.792599 0.133620 -0.233607 0.650639 -0.416982 -0.503198 -0.902898 -0.069465 1.381767 0.270004 -0.130850 -1.006371 -0.990790 -1.057812 -0.167908
-0.212955 0.749647 -0.983483 0.423040 -0.275186 0.463966 -2.560761 0.153363 -0.134008 1.447397 0.340668 0.360860 0.356368 0.085794 -0.101195
-0.040197 1.520466 -0.151954 0.119470 -1.318996 0.520094 -0.755715 -0.658065 -0.898338 -0.369822 0.433363 1.435069 -0.817383 0.676754 -0.542610
0.490673 0.502561 0.423073 0.842261 -0.397880 0.258863 -0.530566 -0.343596 -0.436108 0.649527 -0.071245 0.822188 0.400684 0.385374 0.189498
0.678897 0.001355 0.070181 -0.269820 -0.304983 -0.239863 -0.805933 -0.980958 0.478719 -0.439068 -0.388373 0.645982 1.115810 0.282158 -0.518252
0.297037 -0.356630 0.846090 -0.078682 0.590934 -0.827574 0.043376 0.407359 -1.226417 -1.045037 -0.435999 0.150077 0.732744 -0.713045 0.416567
1.084472 -0.376700 0.435394 -0.682353 0.078951 -0.054857 -1.524170 -0.552467 0.645077 0.505225 -0.415636 -0.698837 0.651882 -0.577737 -1.023172
-0.802938 0.451719 0.143275 -0.353708 0.516216 0.471708 -0.128407 -1.316556 -1.021848 -0.899967 -0.263103 -0.483479 -0.344247 -0.267260 0.511865
-0.124356 0.490026 0.466248 -0.144338 -1.861436 0.109718 0.694450 -0.574910 -0.498520 -0.486273 -0.537931 0.449503 -0.079053 0.403698 0.590030
-0.639128 0.418610 -1.128773 -0.081825 0.055320 -0.560243 0.385767 0.155802 0.004354 -0.131775 0.819898 1.233394 -0.052438 -0.447085 1.037036
-1.756543 0.452773 -0.022445 0.784184 0.209956 -0.597835 -0.057581 0.016501 -0.088777 0.390927 1.090364 0.231014 -0.348095 -1.035848 -0.592895
0.233476 0.910620 0.222701 0.686030 0.628561 -1.832922 -1.346741 -1.370098 0.831868 -0.321950 -0.331568 -0.249688 0.590188 -0.938008 0.827015
0.272969 0.676356 0.336390 0.843146 -0.803817 -0.101396 -1.825307 -0.092104 0.591073 0.429317 0.123833 -0.138774 -0.277202 -1.121792 0.128980
-0.633252 1.149042 -0.687440 0.667274 -0.441545 -0.034907 -0.120125 0.099993 0.972406 0.816199 -0.865824 0.376766 -0.115442 0.434324 0.967745
0.379479 1.167692 -0.967308 0.475185 -1.200949 0.368368 0.174410 -0.505075 0.227502 -0.136121 0.428550 0.176923 0.105014 0.305991 0.624343
-0.151460 0.757363 0.211127 1.407415 -0.510054 0.232945 0.273714 -0.160144 -0.410944 -0.434531 -1.651033 1.545164 -0.476273 0.982819 0.180166
-0.976341 0.433468 0.468854 0.272114 0.164601 0.207271 -0.245247 -0.938614 -0.576709 0.080953 -0.237793 -0.497438 0.538272 0.461949 0.127291
0.382410 -0.003493 0.921924 0.933663 1.003087 -0.165711 -0.189522 -0.875611 -0.450089 -1.128198 -0.583543 -0.281532 0.865759 0.181226 1.045581
-0.372132 -1.308344 1.191465 0.854283 0.025847 -0.823957 -0.216217 0.607622 -0.640150 -0.316044 0.632381 0.404539 -0.136113 0.691762 -0.092706
1.321739 -0.312216 -0.216303 1.015165 -0.769819 -0.457097 -0.158375 0.455979 0.059413 0.109801 0.342257 0.834417 0.584222 -0.039828 -0.437352
-0.539084 0.166409 -1.305378 0.409129 1.004946 -0.539035 0.755444 -0.626188 -0.664788 -0.239626 0.210792 -0.119732 0.811619 0.136094 -0.550020
-1.418650 1.411230 -1.511522 0.238394 0.505427 0.206094 -0.168803 0.007952 -0.648404 -0.620185 0.145907 0.902356 0.915012 -0.462633 0.204488
-0.493655 -0.529442 -0.561856 -0.000722 0.378986 -0.906153 1.123445 0.033411 0.195909 -0.903462 0.050686 0.399301 0.078713 -1.262776 0.414121
0.309432 -1.144451 0.701708 0.257476 -0.824615 -1.580018 -0.613253 0.427544 0.518434 -0.959145 -1.525593 0.647702 0.572379 -0.577051 0.437636
0.007523 -0.269565 1.173977 0.325649 -1.128156 -0.176026 -0.300042 0.485823 0.403971 -0.241319 -0.505394 0.155571 0.158846 -0.786005 1.580536
-1.005459 0.525331 0.715766 1.049870 -0.620011 0.634998 0.913991 0.162675 0.926429 0.079700 -1.392080 -0.336338 -0.036122 -0.340007 0.417364
-1.622587 1.063482 -0.186476 1.451626 -0.529453 -0.115972 0.813339 -0.854328 1.993687 0.367412 0.102553 -0.674831 1.185090 0.649019 0.764394
-0.873692 2.126265 -0.970623 0.056039 0.080362 0.540890 -0.347688 -1.112134 0.661960 0.307488 -0.105842 -1.779392 1.543808 0.998941 0.077245
0.534320 0.598152 -0.500801 0.245278 0.363733 -0.017975 -0.178382 -1.189969 0.630748 -1.617053 -1.552069 -0.065961 0.622765 1.338446 0.077829
-0.627619 -0.260215 0.815571 -0.240808 -0.369288 0.467784 0.201545 0.275434 -0.949441 -0.070149 1.275430 -0.607601 -0.848125 0.834128 0.978958
0.406051 0.328744 -0.089976 0.747220 -0.039789 0.830028 -1.129906 0.631351 0.166106 0.350219 0.004839 1.167037 -0.472016 -0.508077 0.344993
-0.622087 0.677341 0.705935 -0.566214 -0.109287 -0.691812 -1.389750 0.490743 -0.339055 -1.384233 0.097540 0.408194 0.354377 0.221330 -0.781947
-0.134000 0.157874 -0.512963 0.874019 0.292786 -0.652878 -0.640833 -1.751605 -0.996367 -1.270234 0.502392 0.876356 0.158721 0.765909 -1.401300
2.047464 0.427003 -0.042101 0.893521 0.677837 -0.257718 1.060204 -1.308619 -1.071868 -0.872259 -0.081604 0.283484 -0.816402 0.603104 -0.757049
1.133477 -0.539380 0.151842 -0.638841 0.653078 -0.370085 1.192904 0.391076 -0.624760 1.123586 -0.577963 0.621623 0.002073 -0.070775 -0.836258
1.027036 -0.767353 -1.742528 -1.375175 0.129948 -0.753136 -0.593989 0.585348 -0.297267 0.799711 -0.421606 0.885838 1.144220 -1.118359 0.703438
1.027108 0.713271 -0.340362 -0.708167 -0.056641 1.888731 0.324750 1.427598 1.189647 0.900971 -0.475675 0.126303 -0.919584 0.150455 -0.802647
-0.668261 0.669365 0.967665 0.039032 -0.613221 1.163508 1.170117 -0.042572 -0.423450 0.930446 -0.397915 -0.466894 0.146612 0.673060 -0.849852
-1.445961 0.631695 0.822509 0.656302 -0.323531 -0.557536 0.369679 -0.891371 -0.014382 0.478352 -1.679331 -1.649034 0.567830 1.525190 0.692535
-0.782426 0.147713 0.131121 -0.062268 0.437586 -1.253355 0.257249 0.115710 1.098438 0.057387 -0.609238 -0.984354 0.848283 0.428804 1.470962
-0.292427 -0.803254 -0.116640 -0.133329 0.647202 -0.203509 -0.686430 0.360841 0.851093 0.010251 0.075877 -0.613824 -0.539762 0.433905 0.756271
0.154275 -0.900637 0.822462 0.714432 -0.677606 0.816181 0.139660 -0.778914 -0.948791 0.784041 0.234524 0.948703 -0.660164 0.678277 0.497807
0.272900 -0.456777 -0.693396 0.550436 1.023452 0.811914 -0.308595 0.054401 -0.382487 0.172011 0.273160 -0.699558 -0.998868 0.803176 -0.171722
-0.437305 -0.037479 -0.696931 0.043712 0.513027 -0.413937 -0.182100 0.480044 1.192326 -0.333894 0.432816 0.343173 0.726443 0.766428 -1.219373
1.342570 0.957763 0.186460 0.898381 0.208179 0.182751 -0.454972 0.419273 -0.714293 0.638918 -0.029897 -0.062363 0.643202 -0.652490 -1.798126
1.087473 -0.509703 -0.091749 0.756237 -0.614827 -0.859610 1.682266 -0.583697 0.107039 0.758782 0.182149 0.137946 0.211409 0.238542 -1.615302
0.389456 0.584719 0.435329 0.611026 0.643412 -0.207391 2.014592 0.414638 -0.846248 0.886336 -0.926289 0.511033 -0.667960 0.527259 -1.446506
0.900690 -0.929889 -1.483716 -0.119334 -0.266241 0.667113 -0.351177 0.157767 0.141390 1.105308 -0.521704 0.740709 1.081429 -0.884184 0.905717
-0.611743 1.058189 0.881082 -0.343035 0.867983 0.462253 -0.242142 1.606202 -0.238110 1.046275 -1.594467 0.077044 -0.638234 -0.801682 -0.402366
1.269879 0.646795 0.175123 -1.374088 0.954652 -0.285382 -0.077045 1.212461 0.364172 0.716768 -0.247141 -0.590739 0.122703 1.221145 -1.962661
0.385049 0.247350 -0.193506 -1.943097 0.052416 -0.871831 0.495220 0.311023 0.317036 -0.669275 1.914870 -1.059917 0.233170 0.079907 0.938171
-1.190913 0.607529 0.055011 -0.268683 -0.119101 -0.182045 0.349441 0.212611 1.557271 -1.269626 1.805971 -1.166857 1.300356 1.337624 -0.003066
-0.496088 -0.265022 -0.455193 -0.646414 0.710133 0.067451 1.149401 -0.361697 1.386876 -1.024366 0.166972 0.638712 -0.155222 -0.426158 0.449102
0.084379 -0.272071 1.010205 0.849160 -0.134210 0.476677 0.236798 0.344047 -1.183371 1.326163 1.204990 -0.092034 -0.833789 0.020083 -0.185677
-0.706021 -1.130242 -0.570484 0.091588 0.069069 -0.599102 0.292985 0.199671 -0.793574 0.700942 1.019380 0.229101 -0.004712 -0.253244 0.515245
1.345499 -0.062975 -0.085765 0.308298 0.223843 0.972842 -0.179752 -0.029172 -0.310236 -0.887044 -0.185451 -0.043350 0.677765 0.291623 -1.168278
0.830892 0.009560 -0.310257 0.776143 -0.228740 1.311414 0.373809 -0.428841 -0.023648 -0.175231 0.704799 -1.101529 0.212145 -0.672196 -0.939607
0.072949 -1.260838 0.628846 -0.245274 -1.383300 0.279821 0.513614 0.180634 0.755394 1.103685 0.295117 -0.869936 -0.180154 0.515325 -1.271992
0.838878 0.111990 -0.187726 0.004033 0.368613 -0.062313 0.727039 -1.243456 1.071133 0.789384 0.429133 0.299611 0.105541 0.379225 -1.460871
0.065158 -0.241737 -0.403633 0.831621 -0.322713 0.049131 0.910849 0.457805 0.248187 -0.478853 -1.140513 0.193306 0.005316 -0.525578 -0.385987
-1.431356 -0.412699 0.209771 -0.148463 -0.375059 -1.843732 0.012126 0.943481 -1.121848 -0.019820 -0.434439 0.790185 0.982680 -1.742606 -1.120652
0.721544 -0.182818 0.559718 -0.857315 0.108405 -0.735846 -0.305575 1.663097 -0.137797 0.240624 -0.398472 -0.835834 0.388144 0.052007 0.152116
1.079070 0.568949 0.149379 -1.637729 0.090526 -0.008070 -0.168192 1.513496 0.381277 -0.631682 0.145459 -0.722426 0.309927 1.191866 0.165732
-0.438690 -0.359198 -0.536042 -1.134502 0.242143 0.737588 -1.152280 0.275384 0.755063 -1.006773 -0.671828 0.420564 1.064146 0.148304 0.486969
-0.273471 0.912135 0.701015 0.039385 -0.568627 0.669694 0.941955 0.008373 -0.217696 -0.445847 0.009618 0.476990 0.590786 0.457767 0.464294
0.778972 0.326885 1.015687 0.259982 0.112609 0.358137 -0.105934 -0.450693 -0.994848 0.179728 -0.164280 -0.004060 -0.964470 -0.633958 0.327827
-0.747488 0.364760 -0.907342 0.594733 1.020248 -0.352704 0.583088 -1.001122 -0.200120 -0.645730 0.877468 -0.232208 -0.893887 0.149041 -0.154689
0.830143 -0.847725 -0.858635 -1.003687 -0.977998 0.169725 -0.311020 0.439230 -0.102469 -0.915008 0.454465 -0.082823 0.707362 0.039376 -1.476323
-0.007209 -0.091589 0.885504 -0.092719 -0.259953 -0.512442 -0.028036 1.780549 0.657545 0.163106 0.483933 -0.890432 -0.269637 0.581235 0.669621
-0.037706 0.487933 -0.049553 1.591333 0.272599 0.288133 -0.647683 1.238463 1.077394 -0.062054 0.549986 -0.180128 -0.488824 -0.478461 -1.239820
-0.446379 -0.917095 0.970759 -0.060102 -0.779657 0.782123 -0.441204 -0.087308 0.719267 -0.328771 0.151288 -0.343967 0.688887 -0.306582 -1.639370
-0.992480 -0.973025 1.224549 -0.903982 -0.069045 1.428935 -0.179906 0.785526 -1.054436 -0.548562 -0.668485 0.125152 0.021976 1.167947 -0.542460
-1.633854 0.152119 1.026874 0.251118 0.018654 0.353689 -0.637500 0.787445 -0.562207 -0.279041 -1.531603 -0.765569 1.121149 0.258984 0.270591
-1.150805 -0.709822 0.171013 -0.138844 0.327350 -1.223574 0.093909 2.077179 -0.696450 -0.094231 -0.591333 -0.880496 0.563077 -0.599911 0.462067
0.341994 -0.468146 0.308848 -1.610221 0.491234 -0.407669 0.445521 1.141120 0.036703 -0.300124 -0.438605 -0.179330 0.618486 0.112835 0.753299
-0.685821 0.450922 -0.148920 -0.042812 0.517931 0.396194 0.654350 1.385962 0.680501 0.447740 -1.696941 -0.086882 -0.166134 -0.130283 0.035161
-0.453293 0.808801 -0.767431 -0.489100 0.277591 -0.709188 -0.783433 0.262354 0.268425 1.128021 1.267555 0.078761 -0.374164 0.080577 1.250284
0.339350 0.087259 0.778438 1.273455 0.526105 -0.593647 0.438925 -0.043105 -0.299214 0.276936 0.114440 0.592312 0.314325 -0.582724 -0.084445
-0.509264 -1.419903 -0.672158 0.645918 -0.473036 0.121133 0.342747 -0.438750 0.965176 -0.041432 -0.451141 0.550570 -0.009594 0.559910 -0.248972
-0.549884 -1.882829 -0.274970 -1.185111 0.727816 -0.590798 -0.257094 -0.028606 2.415975 1.509044 -0.076242 -1.210274 0.661725 0.124156 0.042969
0.555666 -1.513705 0.645814 -1.116671 -0.047479 0.090332 0.729793 0.507403 0.642588 0.659154 0.758401 -1.305106 0.111766 -0.669654 0.306636
0.255778 -0.008750 -0.042307 -0.447278 0.734170 -0.226599 -1.090550 0.505642 -0.143374 0.734827 0.796561 -1.289181 -2.095498 -0.177199 0.230694
1.157445 0.933798 0.522293 0.265780 0.562491 0.744646 0.217951 -0.575323 -0.751884 -1.123503 -0.165230 -0.842028 -0.861268 0.794882 0.705655
0.430217 -0.226207 0.047410 -0.794500 0.128592 2.734153 0.280832 -1.018600 -0.623019 -0.923010 0.283962 -1.516702 0.799401 0.558109 0.366774
0.741212 -0.199278 -0.559941 -0.496611 0.151970 0.658821 -0.048989 -0.060840 -1.476192 0.491828 0.322810 0.604575 -0.486869 -0.625418 0.003650
0.406233 -1.086496 -0.340077 1.138190 0.646400 0.480068 0.845902 1.513900 -0.771262 0.661959 -0.052580 -0.830506 0.132378 -0.605780 -0.591540
0.176353 -1.143011 -0.826737 -0.184118 -0.303622 -0.271675 0.542801 1.330980 -0.014955 0.110027 -0.322711 -0.201726 0.724038 0.342300 -0.461433
0.689214 0.011054 -0.962806 -0.729161 -0.041822 0.715079 0.761688 0.469200 0.563723 0.522132 0.192261 -0.122526 1.438387 0.493056 -0.988079
0.133555 -0.555939 0.755491 1.049910 0.304576 -0.299162 -0.256395 -0.094694 -0.164920 0.235958 -0.138847 0.952005 0.755614 -0.608256 -0.522882
0.698356 -0.690697 1.221665 -0.265142 0.284366 0.707841 0.034292 0.445015 -0.852791 0.801804 0.320426 0.521716 -0.570184 0.686509 0.646715
0.252002 -0.352344 0.330592 0.209443 0.179850 1.018675 0.944869 0.982390 1.026500 0.309067 -0.404396 0.036844 -0.246673 -0.371036 -0.242110
0.173442 -1.108390 -0.499785 -0.663782 -0.584071 0.304446 0.176823 -0.512247 1.697432 0.266054 -0.405160 -0.108493 -0.596581 0.632553 -0.219438
0.215826 -0.574110 1.090954 -0.769339 -0.707958 -1.260063 0.810699 0.631944 1.310914 0.280325 0.238750 0.136893 -0.039249 -1.275851 1.430448
0.616630 0.550497 0.282011 -0.259423 0.311238 -0.595301 0.238283 -0.656456 0.810580 0.613891 -0.253019 -0.277734 -0.659694 -0.799526 0.245727
0.695336 0.678302 0.330267 -0.253436 -0.146809 0.683177 0.011171 0.213396 -0.150888 -0.408506 0.169780 -0.069379 -1.581271 -0.491365 0.592826
0.227521 0.773869 -0.161027 -0.531330 -0.004681 1.592379 -0.998950 -0.426231 -0.341045 -0.826587 0.360180 -0.946528 -0.589889 -0.219352 0.132653
1.189029 -1.773602 -0.632341 -0.760728 0.428920 2.226499 -0.865577 -1.891071 -1.541176 -1.011174 0.308478 -0.561635 -0.604234 0.712645 0.088165
-0.083539 -1.076933 -1.044427 -0.714157 1.460870 0.539194 -0.909670 1.712112 -1.049817 1.185680 0.513903 -0.332203 0.567871 0.975500 -1.308934
0.278496 -1.214790 -0.403499 0.705160 -0.916155 -0.093719 0.456899 0.643224 -1.127564 1.362972 2.051213 -0.904069 0.803724 -0.471081 -1.316584
0.101828 -0.280151 -0.179346 -0.239589 -1.161266 0.134707 -0.056186 -0.178254 -1.455715 0.731178 0.522651 0.122752 0.758445 -0.222757 -1.212864
-1.022236 -1.125930 -0.026184 0.094948 -0.274229 -0.313179 0.321403 -0.356878 0.157894 1.086626 -0.878774 0.725309 -0.024156 0.634417 0.460752
-0.403632 -0.983285 0.047413 0.750586 0.547578 0.148190 -0.106887 0.695240 -1.252101 -0.490838 -0.340731 0.288614 -0.941279 0.647138 -0.203045

Bias v0 (Oculta):
0.349507
-0.598744
0.695179
-0.516678
1.183853
0.157471
0.707131
0.173828
0.320682
1.089029
1.409943
-0.099360
0.206954
-0.159307
-0.315159

Pesos w (Oculta -> Saída):
-1.502032 -2.815337 -2.199240 0.268970 -1.686666 -2.061801 -0.991446 -1.980157 -1.911097 0.275868 -3.391577 -1.736976 0.972944 1.572810 2.243070 1.523831 1.211063 3.248967 -0.858554 0.086319 -1.831101 1.833108 -1.421051 1.594662 -1.414880 -2.029022
3.109263 -2.208415 -0.099642 -1.559432 -2.578216 -1.832278 -0.796098 -0.882109 4.332807 -0.903611 1.452386 3.681469 -0.224117 0.991340 -0.315814 -1.480601 -0.756205 -1.613391 -0.566084 -2.812477 -0.374230 -0.303353 0.928808 2.479905 -2.869846 0.814395
-2.924162 0.647132 -0.790310 -3.246130 -0.797167 -0.635442 -0.212693 0.344385 -1.043470 -5.046247 -0.576402 -1.560114 0.689586 0.252266 -0.458901 -1.476067 -1.304941 -0.242218 0.547596 -0.701405 -0.618478 -3.890287 -2.364377 0.024596 0.665586 0.008918
-0.016572 0.485120 -4.698929 0.413271 0.488675 0.292014 -0.047228 0.134098 -1.719871 -1.000235 -2.459882 -0.855530 0.896725 0.071184 -3.096787 -3.237380 0.328678 -3.729878 0.036491 -1.250370 -1.423577 -1.732315 -1.171425 0.768861 0.096858 -0.215352
0.425372 -1.010484 0.205007 0.454694 -1.345495 -1.684902 -1.182710 0.637909 -0.772911 0.905036 -0.019089 -3.449608 -0.505452 -1.519697 -2.278954 -0.884298 -0.802522 -1.311245 -4.099671 -0.286189 -0.172218 -0.951583 -1.753279 -0.287150 0.463887 0.425177
-0.141939 -3.899435 -2.459243 1.326121 -3.405456 2.054031 0.119558 2.995623 -2.087706 -3.251945 0.321898 -0.138933 -2.241405 1.396691 -0.079611 -0.221208 -1.658601 0.376077 0.692714 0.323060 -1.128390 -1.824865 1.375092 0.054570 -3.216295 -1.469182
-4.499558 -2.403342 2.316380 -3.082955 -0.645992 -1.001327 1.419103 -2.413227 2.002238 2.062584 -1.165407 -3.248959 -2.256373 -2.262323 2.697801 -1.739872 1.921809 -1.153761 1.228597 3.937880 -2.974350 -2.018691 2.767379 -1.918404 -4.732671 2.482521
-1.801344 -2.957514 1.448376 1.590198 1.444613 1.476258 -4.926015 -2.669984 1.553111 -2.256523 -2.049261 1.620869 -0.069177 -2.925789 -0.183183 4.544527 0.940764 -5.075639 -2.711426 1.776494 0.296836 1.458111 -1.233065 -2.182609 -0.297959 0.122473
-2.460599 -1.718301 1.079857 -3.369498 2.808923 -3.135709 0.182381 -0.860988 1.647842 -0.305335 2.519837 0.784418 -2.340514 1.449781 -2.325848 -3.669878 3.054346 0.388580 2.179453 -1.227935 3.036469 1.472099 -1.205242 -2.068617 0.960940 -3.677383
-1.168896 -3.260070 1.376617 1.769164 -4.247790 -1.199231 3.132380 -1.847876 0.800821 -0.998522 -2.104559 1.804250 0.893016 0.223617 1.162382 -2.923998 -0.619945 -2.339639 -1.461192 1.706424 1.543169 0.076150 1.375654 -3.364679 0.973044 -4.008799
0.507785 1.441348 -2.742754 -2.376557 -3.483731 -2.372150 -3.731329 -1.973672 1.635009 0.823711 -0.096417 -1.877436 2.650548 -1.904412 -2.154897 0.422368 -1.833202 0.867329 0.144967 0.904799 -2.652026 1.720325 0.182621 0.990884 0.480143 -2.633342
1.673501 2.402633 -1.047153 1.209248 -0.118603 -4.105567 -1.079813 1.089748 -0.743501 1.396191 -4.321382 0.271683 -1.107361 0.757908 -0.151087 1.134845 1.032473 1.616014 -0.775638 -5.143186 0.391941 -2.047156 0.226961 -4.150114 -4.048200 0.107206
0.236864 0.576909 -0.259198 1.273564 -0.978250 0.802967 1.648672 -1.202005 -1.691349 0.313723 -1.112204 -0.178708 -4.218784 -4.589127 1.888236 -0.558735 -4.175618 -0.853819 0.027269 -0.607805 0.805184 2.279062 -3.427812 1.253750 -0.042994 0.432190
0.260192 -0.564251 1.136930 -0.097068 1.413773 0.771314 -0.081048 -4.685953 -0.735610 0.820940 1.130695 0.525302 -1.776056 1.911257 -2.642993 0.441776 -2.620672 -0.076057 0.380548 0.640468 -4.512833 -2.494519 0.047988 -0.838124 2.293345 1.241728
0.513666 0.899772 0.240681 -3.126848 1.937863 1.516819 2.700563 0.600439 -3.890412 -1.947551 1.723122 -0.111490 -0.089655 -2.442821 -1.341121 -0.380669 0.256000 1.399699 -3.762771 -3.566488 -2.950944 0.867277 0.566798 -3.021257 -3.240899 -3.062352

Bias w0 (Saída):
-2.745121
-1.682945
-2.424359
-2.395971
-2.696752
-1.039288
-4.731542
-1.101258
-2.655704
-0.990553
-0.790337
-2.342858
-1.140924
-1.969227
-0.653849
-1.634628
-1.801150
-2.090583
-0.777512
-2.947622
-0.600650
-1.794501
-1.260305
-0.768016
-1.888288
-1.128965
