Pesos v (Entrada -> Oculta):
0.185392 -0.885722 0.541877 -0.305260 -0.145438 0.002597 -0.679491 -0.662610 0.972913 -0.728840 -0.480896 -0.648299 -0.155439 -0.154200 0.000612
0.046835 0.637026 0.800250 0.662175 0.496763 -0.351457 -0.144712 0.775180 -0.701671 -0.415946 -0.958058 -0.123203 -0.769970 -0.216985 0.807012
-0.208095 0.825327 -0.159575 -0.934052 -0.212092 -0.313156 0.561975 -0.609867 0.123889 -0.502786 0.373040 -0.794501 -0.555447 -0.154439 0.927561
0.603867 0.731259 -0.065612 0.724976 0.031822 0.897948 -0.493750 0.646285 0.629027 -0.110784 0.089052 0.974025 0.990418 -0.112699 -0.172853
-0.200703 -0.580746 0.064809 0.535650 -0.074052 -0.174110 0.810634 -0.103148 0.239481 -0.222657 0.594135 0.848253 0.403844 -0.181856 -0.721888
-0.144293 -0.194349 -0.484811 0.056520 -0.959556 -0.525305 0.648650 0.355314 0.990567 0.456076 -0.122109 -0.472750 -0.531037 0.984563 -0.467718
0.206593 0.678917 -0.504942 -0.763747 -0.058491 -0.621386 -0.963230 -0.231203 -0.938727 0.859087 0.114311 -0.696491 0.508998 0.164983 -0.925852
0.702977 -0.033907 -0.619484 -0.104372 0.929889 -0.135632 0.496649 0.621618 -0.724568 0.638429 0.117505 -0.094290 -0.124772 -0.738067 -0.927376
-0.569637 0.792305 -0.270084 0.759649 -0.726127 -0.606144 -0.809263 -0.509651 0.535947 -0.247512 -0.715583 0.719495 0.998941 0.975767 -0.135337
0.614075 -0.694317 -0.002435 0.145895 0.872418 -0.096104 0.864465 -0.022806 -0.537419 -0.523867 0.756801 -0.943071 0.985412 -0.647231 -0.811061
0.235427 -0.323151 0.816453 -0.814933 0.188925 0.239896 -0.450519 0.501112 0.782594 -0.111515 -0.292945 0.918141 0.219165 -0.437454 0.766800
-0.996961 -0.259828 -0.897086 -0.125127 -0.805936 0.736886 -0.782395 -0.607959 -0.889115 -0.347636 -0.710628 -0.853884 0.049709 0.295462 0.897496
0.916545 -0.318222 -0.211612 -0.603094 0.728154 0.956504 -0.816274 -0.910115 0.947368 -0.058620 -0.177309 0.339658 -0.761186 0.706238 -0.326694
-0.920812 -0.270396 0.405666 0.265734 -0.479648 0.486089 0.403114 -0.401126 0.968163 -0.312590 0.958142 0.504292 -0.394376 -0.430391 0.139162
0.715932 -0.963172 0.116794 0.866711 0.742492 -0.860943 -0.942413 0.264946 0.593257 -0.686082 -0.729243 -0.555980 -0.854737 0.162342 0.943571
-0.096591 0.072703 0.892540 0.731012 0.075318 -0.787101 -0.653906 0.286902 0.941332 0.510567 -0.043232 -0.616299 -0.924278 -0.407898 0.555158
0.529540 -0.420021 -0.379242 0.497614 -0.675598 0.107329 -0.152641 0.767916 -0.745464 0.392924 -0.278699 0.690621 0.344224 0.521115 0.417315
-0.675187 0.129442 -0.127752 -0.601244 0.685523 0.718889 0.977031 -0.425672 0.428880 0.533139 -0.221211 -0.124840 -0.406532 -0.615838 -0.092120
0.217547 -0.220882 -0.939149 -0.260298 0.197691 -0.124085 0.335302 -0.450068 -0.735094 -0.935306 -0.514399 -0.753270 0.652610 0.757890 -0.306734
0.933435 -0.167803 0.640532 -0.198063 -0.109309 -0.491711 -0.000154 -0.488362 0.307483 0.407034 0.587278 0.460802 0.938521 -0.786709 0.989857
0.212021 -0.328338 0.578293 0.548216 0.872953 -0.320602 0.022897 -0.641926 -0.173398 0.669830 -0.308060 0.508974 -0.336724 0.772224 0.599420
-0.084033 0.023360 0.653498 -0.018888 -0.840021 -0.508205 0.115704 0.702770 -0.324733 -0.659574 0.270787 -0.018515 -0.933990 0.533122 -0.270550
0.582879 -0.311968 0.831441 -0.735822 -0.164429 -0.769532 0.382274 0.766074 -0.101069 0.980241 0.146542 0.236113 0.926209 0.437014 0.053921
0.290735 -0.099201 0.135571 0.020123 -0.769205 0.496599 -0.860403 -0.343864 -0.032630 0.175637 -0.979194 0.655893 -0.876016 0.326741 0.033981
-0.667780 -0.284997 0.284995 -0.919081 -0.288986 0.689781 -0.005072 0.763545 -0.109317 -0.737250 -0.234701 0.237070 -0.101847 0.323993 0.524897
0.519568 -0.838044 0.385324 -0.866608 -0.136462 -0.441829 0.208635 0.561682 0.390432 -0.631144 0.016746 -0.652340 0.655627 -0.212724 0.966349
0.246830 0.563006 -0.235334 -0.165183 0.211106 -0.826478 -0.729639 -0.592671 -0.740815 0.637833 0.675177 -0.793492 -0.302404 -0.000799 0.183991
0.548273 0.398777 0.312447 -0.838323 0.956926 0.809824 -0.700741 0.109465 0.629135 0.401327 -0.271235 0.384818 0.681129 0.882225 0.305998
0.172162 0.036903 -0.277299 -0.921358 0.054121 0.507092 0.444901 0.771251 0.424866 0.843569 0.924646 0.646478 -0.520481 -0.295787 0.532709
-0.265811 0.069665 0.585537 0.758201 -0.632432 -0.090866 0.225492 -0.439078 -0.912308 0.994323 0.608270 0.475428 0.547385 0.927739 -0.702143
-0.733878 0.151849 -0.442354 -0.898982 0.182237 0.563459 0.811833 0.212351 -0.480574 -0.925935 0.645340 0.217011 -0.785764 0.487563 0.594953
-0.792215 0.800059 0.573972 -0.412765 0.493280 0.332058 -0.299812 -0.627401 0.322392 0.654500 0.564103 -0.705352 -0.743986 0.729899 0.647437
-0.357578 0.633049 0.236428 0.303283 0.607723 -0.484239 0.324337 0.679724 0.330883 -0.188310 -0.265369 -0.564730 0.645469 0.950684 -0.179954
0.152516 0.530549 -0.213138 -0.427888 0.342823 -0.183438 -0.874097 0.162018 -0.236543 0.910920 -0.254648 -0.863940 0.813307 0.688541 0.170308
0.783346 0.015786 -0.215135 0.093221 0.535137 0.855267 0.869601 -0.465055 0.367412 0.730833 -0.665993 0.311020 -0.650667 0.580479 0.420177
-0.932761 -0.718624 -0.986287 -0.373882 -0.675730 -0.339919 -0.420729 -0.605055 0.969395 0.107338 0.866171 -0.481334 -0.798380 0.880165 -0.971615
0.396406 -0.527852 -0.345952 -0.418459 -0.763232 0.423693 -0.713554 -0.268321 0.333494 -0.498546 -0.332554 -0.494321 0.925814 -0.164636 0.199960
-0.561447 -0.645054 -0.753569 0.620827 0.540539 0.045898 0.660430 0.725938 0.702300 -0.957635 -0.533736 -0.976388 0.592019 0.135243 0.108014
-0.140306 0.092003 -0.747281 0.067362 -0.465018 0.994465 0.412463 0.381849 -0.223605 -0.817653 0.542914 0.075730 0.272578 -0.044705 0.696844
-0.293739 -0.030208 0.672716 -0.413858 0.786469 -0.866337 0.102505 -0.507733 0.529378 -0.644345 0.787804 0.724331 0.697513 -0.969643 -0.050893
0.442557 0.837310 0.161950 -0.130884 0.822183 -0.385096 -0.561065 0.979639 -0.839021 -0.879882 0.184952 0.365484 -0.743672 -0.197803 -0.514379
-0.353467 0.253818 -0.694338 -0.206238 0.662889 -0.106715 -0.066420 0.205388 -0.938664 0.939981 -0.133188 0.285594 0.959149 -0.670453 0.495946
0.070855 0.295459 0.125901 -0.082888 0.228337 0.349207 0.460239 0.837633 0.423148 0.897397 -0.406853 -0.382413 -0.321958 -0.887182 -0.317738
0.475023 -0.076175 -0.581778 0.361701 -0.107193 -0.322811 -0.966267 -0.681187 -0.823517 -0.969554 -0.967845 0.419348 0.765125 -0.760671 0.053482
-0.100522 -0.308632 0.565481 0.393789 0.146646 -0.338919 -0.269700 0.750124 0.361918 -0.447055 0.585400 -0.070340 -0.892986 -0.333206 -0.023064
-0.895872 0.611149 -0.146861 0.497872 0.679387 0.842388 0.984927 0.928370 -0.373190 -0.814356 0.376810 0.557796 -0.831609 0.000211 -0.374522
0.512791 -0.816566 -0.302437 -0.157477 0.625888 -0.083837 0.462767 0.665228 -0.913593 0.673714 0.147999 0.320950 0.023675 -0.473481 0.010209
0.522680 -0.970347 0.337591 -0.665826 0.989744 -0.762897 0.303948 0.444890 0.202150 -0.545252 -0.495222 0.973617 0.716477 -0.186013 0.967828
0.905219 -0.763758 -0.331453 0.759093 0.297136 -0.793303 0.691696 0.994217 0.859801 -0.080656 -0.911619 -0.500214 -0.114079 -0.790028 0.732823
-0.305626 -0.424656 0.083706 -0.322114 0.459626 -0.332692 -0.645694 -0.593416 -0.379054 0.190022 0.430646 -0.152426 0.259159 0.468983 -0.667146
-0.284350 0.431952 -0.056481 0.023359 -0.704101 -0.954165 0.637029 -0.390647 0.861605 0.658723 -0.644261 0.529739 -0.620162 0.163863 0.475386
-0.687600 0.984667 0.940318 -0.684848 -0.461060 -0.897886 -0.746810 0.829201 -0.590820 0.722959 -0.654458 0.175911 -0.583918 -0.660072 0.155674
-0.474048 -0.392397 0.923123 -0.373516 -0.015778 0.048250 -0.403219 -0.290486 0.149600 0.883620 0.343122 -0.919737 -0.041755 0.619067 -0.000619
-0.366577 0.562009 0.401990 0.286601 0.484789 0.290212 0.144717 0.869053 -0.834375 -0.996774 0.932583 -0.706969 -0.004728 0.398025 0.485865
0.378662 -0.169857 -0.102058 0.543959 -0.963386 0.737711 -0.818217 0.274396 0.935640 0.449433 0.393533 -0.473351 -0.059141 0.653852 0.204628
-0.586561 0.277086 -0.998053 0.654441 -0.768141 0.183808 -0.271551 0.953713 0.684284 -0.063488 0.540033 -0.194006 0.545013 -0.523975 0.558700
-0.894217 -0.511661 -0.263602 -0.111042 -0.558782 0.529841 0.406225 -0.171195 0.091723 -0.968832 -0.247750 0.005971 0.534342 -0.130181 -0.011035
-0.725250 0.436097 0.607202 -0.925873 0.307030 0.857265 -0.193853 0.387005 0.518522 0.065176 -0.728457 -0.593738 -0.156455 -0.373468 0.773168
0.812316 0.395974 0.431641 0.682224 0.169425 0.950062 -0.441049 -0.555481 0.387765 0.807152 0.631897 0.099655 0.945764 -0.943896 0.978907
-0.113419 -0.890797 -0.472626 0.558247 0.355377 -0.480347 -0.729700 0.540303 0.948971 -0.357889 0.446106 -0.652687 -0.407734 -0.292132 0.051697
-0.678709 0.250139 0.191330 0.628714 -0.253341 0.912412 -0.141107 0.933769 0.147360 0.329890 0.355753 0.471761 0.123851 0.087889 -0.121257
0.873716 0.435521 -0.143192 -0.673481 0.328881 0.401168 0.425454 -0.145031 0.064305 -0.173171 -0.141340 -0.015591 0.919357 -0.278597 -0.038423
0.186134 0.424378 -0.106135 0.220569 -0.681731 0.633333 0.642997 0.135213 -0.187867 0.807836 0.436507 -0.010567 0.151106 0.232657 0.276749
-0.571918 0.437159 0.415456 -0.723705 -0.505188 0.006842 0.720690 0.106400 -0.322691 -0.038781 0.162211 -0.726975 -0.405169 0.836763 0.179549
-0.020792 -0.817028 0.783264 -0.575287 0.172349 0.448273 -0.455468 0.139132 0.236761 0.643413 -0.136864 0.017638 0.380609 -0.097712 -0.601420
0.427260 -0.089118 -0.827068 -0.217339 0.302438 -0.078508 0.359635 -0.217165 -0.310210 0.585560 0.069197 0.683470 0.702467 0.530291 0.996692
-0.913500 0.867190 0.082014 -0.181789 0.457621 -0.373510 -0.502411 0.604991 -0.713744 0.326650 0.965316 -0.964335 -0.745593 0.572220 -0.294073
0.036037 -0.992378 0.417188 0.820347 0.082319 0.090910 -0.268550 0.103874 0.513289 -0.438256 0.754407 0.279308 -0.763355 -0.731874 0.820172
-0.967059 -0.101447 0.066674 -0.762923 -0.217844 0.315146 -0.375456 0.603184 -0.435623 0.125708 0.361049 -0.932083 -0.249848 -0.798543 0.248817
0.056337 0.944200 -0.346291 -0.295600 0.346734 0.354201 -0.087238 -0.423117 -0.087731 0.826352 -0.919228 -0.651213 0.624461 0.529428 -0.289096
0.330014 -0.508701 0.354931 -0.699043 0.536776 -0.252796 -0.478578 -0.666136 0.468364 0.248572 -0.899175 0.083672 -0.902429 0.471112 0.554828
0.327258 0.165192 -0.864176 0.990714 -0.197130 0.233237 0.915993 -0.610986 0.574978 -0.036341 -0.939283 0.988561 0.836783 -0.974363 -0.356464
-0.620898 0.952881 0.698846 -0.228692 -0.800927 0.652604 -0.868473 -0.645518 0.388039 0.558542 -0.934269 -0.155506 0.835166 0.283161 -0.349559
0.192309 -0.380246 0.849871 -0.665084 0.342134 -0.391760 0.123685 0.676165 0.815403 0.566825 0.185840 -0.266034 0.012821 0.385394 -0.924177
-0.216503 0.089731 0.492168 -0.818043 -0.276173 0.984398 -0.738310 0.305376 -0.712284 0.943928 -0.159043 0.736655 -0.472757 0.726866 -0.886563
0.081886 -0.019685 0.529438 0.156575 0.175044 -0.626059 -0.572151 0.534334 -0.952236 0.243161 -0.936667 -0.904471 -0.242388 -0.945280 0.967927
0.091751 -0.671304 0.712655 0.082668 0.941214 0.615186 -0.264765 -0.891652 0.605808 -0.021928 0.468292 -0.281612 -0.495967 -0.154061 0.503024
0.882568 0.777224 0.713251 0.577781 -0.409375 -0.980338 0.767295 -0.368403 0.648977 0.726920 0.812378 0.466493 0.120321 0.413365 -0.790245
0.880647 0.397437 0.357010 0.461365 0.916343 -0.581551 0.896166 -0.280384 -0.652955 0.844200 0.001645 0.108507 0.414203 0.042965 0.807263
-0.045973 -0.917674 -0.052806 -0.624459 0.322968 -0.586228 -0.167113 0.353937 -0.690142 0.692372 -0.381185 0.048722 0.275409 -0.332424 -0.342420
0.862010 0.074522 -0.452291 0.759574 0.705001 0.331467 0.365733 0.670559 -0.226697 -0.022852 0.627611 -0.268832 0.083013 0.864382 -0.922495
-0.214116 0.600384 0.478023 -0.927099 -0.115031 0.614795 0.739074 -0.610267 -0.189565 0.291600 -0.476428 0.440292 0.955016 -0.040782 0.139047
-0.688694 -0.271929 -0.363697 0.693459 0.125616 0.917318 -0.082732 0.309764 0.729941 -0.056705 -0.458566 -0.611500 -0.752651 -0.453307 0.776616
0.801561 -0.105004 0.423334 0.639491 0.364777 -0.676283 0.947967 0.222992 0.422334 0.384621 -0.631166 -0.408617 -0.380135 -0.560351 -0.354706
0.917131 -0.478885 -0.260055 -0.290154 -0.749714 0.125929 -0.975660 -0.206036 -0.844359 0.848062 0.065578 0.906334 0.565533 -0.910018 -0.770410
0.365355 0.137182 0.717707 -0.013662 -0.316290 0.762232 -0.668611 -0.963958 0.135805 -0.166155 -0.447004 0.904231 -0.201187 -0.471544 -0.943940
0.022703 -0.340188 -0.193586 0.406306 -0.846064 0.698291 0.296996 -0.013356 -0.437475 0.134797 0.352633 0.290765 0.172150 0.554799 0.378448
-0.458451 0.209154 0.629143 0.622297 -0.733154 0.331221 0.043143 0.725584 -0.144421 0.547264 0.129248 0.479993 0.197274 0.636665 0.871906
0.301328 -0.110032 0.747063 0.217586 0.742714 -0.826760 0.068587 0.961648 -0.473609 -0.509254 0.597136 0.363143 0.348088 -0.673042 0.674393
-0.324047 0.496686 0.180538 0.730083 -0.918664 -0.263039 -0.126153 -0.170050 0.078040 -0.622163 0.368305 0.595828 0.250081 -0.558331 -0.671849
0.913216 -0.735879 -0.665711 -0.707627 0.221851 0.164896 -0.710772 0.057898 0.544387 0.465523 0.623124 -0.170208 0.409819 -0.809011 0.535598
0.550319 0.723749 0.025562 -0.098049 -0.090166 -0.106851 0.122386 -0.532815 0.811890 -0.219052 -0.636727 0.941233 0.685208 -0.322790 0.902443
-0.737641 0.214336 0.518096 -0.438138 -0.258747 0.434176 -0.297941 0.712225 -0.376389 -0.545966 -0.985937 0.641611 0.022956 0.468325 -0.527827
0.740584 0.374158 0.104596 0.617875 -0.178740 0.478512 0.132524 0.889065 -0.005420 0.546929 0.161391 0.584262 -0.233226 -0.918840 0.616121
0.371511 -0.812597 -0.196614 0.846553 -0.163303 0.464489 -0.200185 -0.732344 -0.153562 0.574676 0.721996 -0.597073 0.610804 -0.372946 0.741959
0.439029 -0.058019 0.291372 0.395579 0.891784 0.172071 0.178693 0.847344 -0.292754 -0.225268 0.708871 0.832955 -0.161984 -0.832804 -0.777307
-0.789492 0.495960 -0.369918 -0.592214 0.896318 0.074521 -0.630113 0.651589 0.553620 -0.325213 -0.314676 0.822352 0.653721 -0.766095 0.748743
0.167003 -0.962545 0.347385 0.781409 0.054952 0.469030 -0.693272 0.947880 0.428093 -0.244253 -0.574538 -0.575394 0.969009 -0.451278 -0.718362
-0.447057 0.383874 0.097812 -0.771351 -0.458843 0.131702 -0.350015 -0.967640 -0.823453 0.654500 -0.049956 0.086163 -0.613464 0.634688 -0.505551
0.956004 -0.192418 -0.772910 -0.031303 0.726995 0.434397 -0.440050 0.197224 -0.068346 0.129445 -0.363553 0.428285 -0.882659 0.875795 -0.512444
-0.571787 -0.805947 0.211855 -0.800904 -0.736218 0.366099 -0.427146 -0.942060 0.794367 0.716879 0.227178 -0.418981 0.743312 -0.869354 -0.642921
-0.707709 0.048651 -0.056809 0.084838 -0.477075 0.554156 -0.771389 -0.015257 -0.615629 -0.674241 0.517183 0.654371 0.909001 -0.832639 0.210173
-0.065600 0.810220 0.458685 0.625446 0.782821 -0.691519 0.414249 -0.540407 0.781739 -0.465194 0.845572 0.313759 -0.852746 0.842923 -0.558960
0.052906 0.517892 0.132868 0.414694 0.393298 -0.894219 0.539354 -0.954397 -0.481880 -0.016206 0.727864 -0.348483 -0.617782 0.753943 -0.983826
-0.283404 0.292972 0.481561 -0.486676 -0.977462 -0.292356 -0.482643 0.525198 -0.718157 0.886431 0.226725 -0.374655 0.249625 0.047546 0.083527
0.317545 0.888206 -0.861633 0.414162 0.969460 -0.843707 0.985847 0.204288 0.420600 0.706592 0.926357 -0.770030 0.415005 -0.356768 0.782055
0.020964 -0.395651 0.378861 0.992142 -0.675954 -0.459944 -0.667405 0.500320 0.174898 0.859985 0.294354 -0.196919 0.817447 -0.805405 -0.968456
-0.980470 -0.393915 -0.257498 -0.288636 0.743388 -0.097387 -0.647171 -0.094412 -0.334678 -0.824065 0.666039 0.853971 -0.361382 0.518012 0.333957
-0.375071 0.232799 0.956940 -0.629201 -0.166935 -0.867519 0.625391 -0.608173 -0.310453 0.212621 -0.499583 -0.569369 -0.120732 -0.830261 0.867997
-0.236509 0.270625 -0.222104 0.635793 -0.164189 0.285206 -0.219732 -0.856681 -0.750073 0.574374 -0.335681 0.918719 -0.396664 -0.846643 0.156185
-0.786620 0.150847 0.658632 0.819468 0.910226 -0.391265 0.682020 -0.905639 0.592236 -0.782185 -0.974610 0.457695 0.943783 0.922592 -0.135092
0.356126 0.224159 -0.982443 -0.495854 -0.409673 0.803296 0.994593 0.843127 -0.072736 -0.800398 0.328812 -0.884833 0.646273 0.638285 -0.711856
0.291922 0.120548 -0.121956 -0.821277 -0.185621 -0.723625 0.636550 0.846689 -0.619302 -0.713867 0.077715 -0.315079 0.031392 0.490383 -0.368877
0.883177 -0.348264 -0.916570 -0.964567 0.019604 0.131272 -0.214643 0.006511 0.596299 0.172832 -0.658730 -0.727711 -0.415077 -0.963249 0.205476
-0.113048 0.890965 -0.109965 0.445320 -0.202621 -0.646234 -0.452142 -0.645422 0.483129 -0.742751 -0.950666 -0.641681 0.341596 0.051495 -0.156757
0.691686 0.565270 0.693960 0.181693 -0.704810 0.343347 -0.315500 -0.525436 -0.794840 -0.135787 0.535874 -0.748380 -0.554115 -0.865410 -0.639102
0.079759 0.946513 0.036836 -0.860312 -0.021894 0.799309 -0.069198 0.825715 0.575496 -0.421112 -0.831157 -0.067891 0.277151 0.650070 -0.564029
-0.432043 0.750625 -0.205320 0.192522 -0.683020 0.572375 -0.061078 -0.547032 0.071885 0.511244 0.143358 0.598034 -0.886676 0.058234 0.160889
-0.519340 -0.735179 0.501740 -0.850791 0.557953 0.195547 -0.452742 -0.840975 -0.438626 -0.912231 -0.474786 0.129874 -0.992562 -0.609269 0.870438
0.508167 0.863700 0.223419 0.559445 -0.115031 -0.875803 0.329176 -0.898643 0.777632 -0.625411 -0.608110 0.465635 0.404601 -0.729815 0.134316

Bias v0 (Oculta):
0.934481
-0.074644
0.710653
0.888337
-0.095067
-0.513227
0.867170
0.125497
-0.610439
0.932510
0.176783
-0.699574
0.317224
0.951755
-0.911300

Pesos w (Oculta -> Saída):
0.718483 0.881909 -0.985993 -0.380925 0.657165 0.813641 0.023443 -0.132852 -0.639605 -0.875354 0.594386 -0.163675 0.374579 -0.636320 -0.213650 0.916014 -0.569655 0.060578 -0.467504 0.932560 0.799484 0.219246 0.795151 -0.676006 -0.289297 0.517541
-0.533425 -0.888381 -0.987636 0.061167 -0.999393 -0.420650 0.565523 -0.624071 0.018229 0.950206 0.043395 -0.272021 -0.060322 -0.502358 -0.045552 0.974561 0.765002 -0.255041 -0.103988 0.571898 -0.246893 0.264733 -0.512066 0.308011 -0.540242 -0.129225
-0.121347 0.570955 -0.927098 0.229806 -0.586193 -0.494530 -0.045005 0.973713 -0.355320 -0.097315 0.610838 -0.896999 -0.905299 -0.820525 -0.217814 -0.491320 -0.653895 -0.490166 0.703487 0.678471 -0.007828 0.765721 -0.274966 -0.780522 0.237830 0.855600
-0.682998 0.597384 0.323933 0.818681 -0.455138 -0.548284 -0.978830 -0.233545 0.279341 -0.987134 -0.868356 -0.260909 0.165698 0.865869 0.443968 -0.862485 0.771481 -0.165655 -0.518056 -0.287555 -0.784747 0.301664 -0.555717 -0.178339 -0.160332 -0.240827
0.736597 0.300956 -0.243951 -0.201857 -0.630513 -0.135837 -0.943102 -0.090612 -0.729641 -0.545406 0.282879 0.733937 0.878846 0.458512 0.294431 -0.294956 -0.883633 0.980430 -0.439305 0.654379 -0.488299 -0.806336 0.601638 0.041068 -0.180403 -0.409363
0.406312 0.760013 0.066817 -0.995763 0.752431 0.435553 0.869444 0.922074 -0.322865 0.519048 -0.047521 0.077363 0.170924 0.004859 -0.096013 0.008322 0.447255 0.098116 0.478908 0.772131 -0.002296 -0.300835 0.605916 -0.781544 0.240650 -0.963023
-0.138415 -0.786643 -0.343075 -0.988311 0.852126 0.812189 0.915662 -0.609054 -0.158573 -0.619535 -0.420901 0.873426 0.443569 0.553813 0.419140 0.753935 0.236484 -0.604495 -0.398821 -0.492863 -0.655493 -0.906418 -0.762708 -0.790995 -0.472446 -0.744037
0.718307 0.333340 -0.233013 -0.590227 0.215360 0.653594 -0.027329 -0.370416 -0.498506 0.791105 0.094155 0.542312 0.784669 -0.637971 0.402108 -0.044657 0.796579 0.093352 0.576429 -0.940547 0.061020 -0.329472 0.671729 -0.349136 -0.758998 -0.923777
-0.619570 0.998699 -0.606291 -0.125087 -0.597786 -0.633658 0.261159 0.370612 0.351997 0.068365 -0.152056 -0.778303 -0.768724 -0.334591 -0.045674 0.251149 -0.310390 -0.703176 -0.797781 0.600458 0.024861 0.623392 -0.865197 -0.893475 0.109765 -0.319754
-0.382627 -0.567159 0.910646 -0.145506 -0.322489 -0.225212 -0.171900 -0.173839 -0.953809 0.816694 -0.609562 0.646155 0.648337 -0.503633 -0.322266 0.573348 0.491193 -0.258429 -0.258222 -0.261738 -0.726261 0.301608 0.037064 -0.282008 0.441611 -0.920041
-0.319515 0.899000 -0.778991 -0.002179 0.556238 -0.347319 0.771258 -0.712136 -0.420433 -0.337278 0.616430 0.001099 -0.373442 -0.248085 0.460079 -0.274054 -0.279651 0.275048 0.579011 0.737272 -0.127246 0.500982 0.198392 0.551393 0.163848 -0.203970
0.372545 0.517002 0.604516 0.423521 -0.569987 0.833643 0.756155 0.910479 -0.156432 0.973673 0.713234 0.986428 0.185742 0.190195 -0.233188 -0.773455 0.438448 0.300207 0.815959 0.486190 0.430225 0.749112 -0.538458 -0.913667 0.780567 0.512288
-0.707525 -0.297826 0.396954 0.706349 -0.729854 0.936454 0.653466 -0.067196 0.653985 -0.808174 -0.204042 0.005550 -0.714623 0.306910 0.888622 -0.040510 -0.824339 0.218423 -0.097981 -0.189309 0.664015 -0.981225 -0.630194 -0.930816 0.159312 -0.843304
-0.751821 -0.335853 0.451429 0.816780 -0.648238 -0.588695 -0.843233 0.913913 -0.828181 0.328407 0.051532 0.821456 -0.172156 -0.897892 0.051938 -0.054651 -0.175100 0.909791 -0.801531 -0.536758 0.923198 0.232760 0.605389 -0.143748 -0.311479 -0.989649
-0.660414 0.566759 0.258099 -0.823290 0.914735 0.713184 -0.884827 -0.069378 0.915767 0.168233 -0.939941 0.418805 0.382237 0.778153 -0.419948 -0.233694 -0.671894 -0.099946 -0.875956 0.283489 0.799112 -0.336244 0.362067 -0.650159 -0.764543 -0.258963

Bias w0 (Saída):
-0.991034
0.348638
0.746446
-0.275291
-0.520265
-0.451009
0.663189
0.561156
-0.672960
0.019334
-0.553199
-0.057532
-0.930531
0.416070
0.747392
-0.372801
0.847055
-0.765236
-0.406023
0.631682
-0.835889
-0.506303
0.189620
0.807786
0.449164
0.267197
