Pesos v (Entrada -> Oculta):
1.045177 -1.058766 0.566689 0.719838 0.292171 0.364988 -0.221723 -0.326517 0.903915 0.264347 0.184058 0.554949 -1.013917 -0.351878 -1.108334
-0.638313 0.190190 -0.444467 0.746977 0.346013 0.737374 0.553939 0.574542 0.621623 -0.187993 -0.153616 -0.122817 -0.758813 0.422236 -0.962044
-0.812831 0.183197 -0.691629 0.123730 -0.784172 -0.327971 0.630786 0.934472 -0.538584 -0.912126 0.528583 -0.417297 0.204196 -0.394360 0.208480
0.135237 -0.077783 0.315002 -0.326888 -0.918761 -0.749991 -0.903835 -0.362502 -0.105640 0.118576 0.798045 0.689942 0.393207 0.467178 0.125461
-0.543702 0.578843 0.926676 -0.559385 0.912498 -0.439655 -0.457768 0.747948 -0.702311 -0.936078 -0.087386 1.313027 -0.140917 -0.506852 0.688758
-1.123364 0.680861 -0.369275 0.137949 0.640503 0.718970 0.139709 0.315719 0.448979 -1.536068 -0.489276 0.597361 0.515269 0.211196 -0.483101
0.514421 -0.754462 1.254259 -0.926546 -0.333179 1.024109 -0.418668 0.651692 -0.568596 -1.406846 -0.176414 0.934028 0.081406 0.819799 -0.548840
-0.053337 0.007270 -0.311010 -0.136628 0.696298 -0.329497 -0.473682 0.202260 -0.681827 0.091468 0.399183 1.804229 -0.798873 -0.767870 0.311126
0.550736 0.494481 -0.194802 0.428766 0.608443 0.077555 0.100202 -0.972351 0.303081 -0.628997 -0.685730 0.096731 0.371081 -0.241485 -0.582773
0.177678 0.721691 0.665943 0.113671 1.073781 -0.059737 0.097768 0.467684 0.504522 -0.104999 -0.617775 -1.266037 -0.356425 -1.208515 -0.485500
0.813829 -0.891254 -0.846984 0.387951 -0.691320 0.721154 -0.645137 -0.736527 -0.187016 0.800701 -0.669371 -0.647656 -0.461573 0.275039 -0.583541
0.243708 -0.900278 0.381924 -0.554470 0.243106 -0.583964 0.345684 -0.298875 -0.315903 -0.202248 -0.345736 -1.128722 0.492519 0.163393 0.035773
-0.224211 -0.915457 -0.819976 -0.421309 -0.936931 0.686898 -0.770821 -0.957373 0.238161 1.004909 -1.163515 -0.673146 -0.746106 -0.464432 0.535758
-0.040256 0.412621 -0.032260 -0.427597 -0.406250 0.510928 0.832540 -0.150617 -0.664485 0.789058 0.626135 -0.504242 0.041039 0.273662 -0.559663
0.092110 -0.150754 -0.595186 -0.648634 0.931230 0.339872 -0.769325 0.464775 0.263743 0.113209 -0.383294 -0.289615 0.146534 0.540875 0.604238
-0.978668 -1.064256 -0.838907 0.124517 0.900225 -0.730867 -0.974358 0.500366 0.029173 -0.539440 0.298435 0.198402 -0.339593 0.279248 0.147055
-0.739285 0.336101 0.682304 0.187220 0.263180 0.547115 -0.439973 1.193014 -0.317564 -0.388643 0.538282 0.323608 -0.017762 0.883463 -0.249142
-0.896785 -0.026167 0.403745 -1.416451 0.359629 0.514188 0.131300 0.422307 -0.321483 -0.232144 1.208023 0.427330 0.850381 -0.456585 0.176461
-0.345616 -0.924217 0.794366 -0.581025 -0.021368 0.000264 -0.954517 0.390745 0.006411 -0.943283 -0.020933 0.569056 -0.059357 0.320416 -0.392323
-1.077990 0.330993 0.862090 0.227478 -0.672025 -0.629562 0.013768 -0.429508 -0.591451 0.216903 0.380327 0.986348 -0.904506 0.759078 0.396490
-0.055585 -0.759037 0.623898 1.528542 -0.540834 -1.045182 -0.001941 -0.090171 -0.998879 0.484924 -0.061830 -1.136255 -0.458595 -0.719678 -0.806769
0.449175 -0.087895 0.511271 0.449057 0.868159 0.109308 0.708477 0.002513 0.786850 0.429102 0.340417 -1.012840 -1.274088 -1.251094 -0.654213
0.324677 0.634180 -0.705610 0.809922 0.828723 -0.300962 1.120868 -0.146256 -0.385383 0.441925 0.491774 -0.697959 0.442668 0.199492 0.043876
0.112868 0.038086 0.557794 1.099008 0.957235 -0.474286 -0.669080 -0.655938 0.772643 -0.639186 0.586716 -0.310573 0.352111 0.052353 0.422224
-0.453645 -0.294017 0.243582 -0.572399 -0.900239 -0.869774 0.109317 -0.996869 0.695722 1.051034 0.593572 -0.738300 0.284989 -0.589950 0.730732
0.217026 0.901635 0.038951 0.592327 -0.408145 0.692393 -0.405661 0.529244 1.223855 0.975782 -0.713657 0.027878 0.074888 -0.125567 -1.082556
0.343477 0.235998 0.798721 0.482424 0.922517 -0.525142 0.763189 0.600535 0.234625 0.797284 0.247255 0.721071 0.129307 0.629336 -0.466055
0.818774 -0.238306 0.377394 0.282176 -0.405176 -0.089337 -0.357346 0.871870 -0.466788 0.618477 0.464945 -0.755715 0.510742 -0.357359 0.619198
-0.019040 -0.698312 -0.345567 -0.034525 1.047397 -0.607034 0.742290 0.813489 0.373965 -0.871045 -0.972202 0.203864 0.397919 0.564697 0.835389
-0.327482 0.198798 0.513061 -0.808403 0.979449 -0.461525 0.528166 0.834661 -0.684783 0.220105 -0.138061 1.023090 -0.366759 -0.147093 0.807457
0.462632 0.028605 0.433795 -0.382972 -0.562757 0.778616 -0.220960 0.528762 0.599259 0.669761 0.209723 0.715110 0.506936 0.081128 -0.174596
0.265010 0.223623 0.873786 -1.089115 -0.580383 -0.534270 0.767966 1.271003 -0.315470 0.225985 -0.731972 -0.581272 1.056484 -0.842410 -0.392989
-1.035670 0.065053 -0.735375 0.109680 -0.947448 -0.115465 -0.089423 -0.521384 0.213384 0.713967 0.369880 -0.790536 0.884062 -1.241051 0.244251
-0.093635 0.232838 -0.954458 -0.147088 0.203817 -0.586573 0.416283 -0.312705 0.689526 -0.010441 0.545448 -0.522022 -0.116485 -0.792982 1.456069
-0.989763 -0.644729 0.797123 0.700020 0.304536 -0.364654 0.822878 0.506743 0.157006 0.487346 0.782079 -1.021104 -1.145196 -0.880286 -0.457903
-0.883458 -0.828506 0.029901 -0.343245 -0.582625 -0.546655 0.667070 0.798959 0.196936 0.131889 0.688349 0.023058 -0.983175 -0.627050 -0.376645
-0.511200 -0.503254 -0.018765 0.094289 -0.205446 -0.621470 0.514107 0.926082 0.548126 0.643157 -0.672088 -0.128766 0.220713 0.122207 0.901326
-0.853644 0.428867 -0.932540 0.701516 -0.031508 0.527995 -0.060732 0.142746 0.849209 -0.368234 -0.238678 0.399341 0.139748 0.845054 -0.359079
0.419695 0.730911 0.394736 0.686084 0.639178 -0.147752 0.863488 0.549813 -0.195077 0.437379 -0.417346 0.678374 0.771936 -0.224954 -0.677237
-0.652344 -0.846889 -0.799181 0.022468 0.934783 -0.464898 0.113864 0.497145 -0.297094 0.002811 -0.064910 0.411891 -0.549594 -0.224662 -1.261856
0.536809 0.200154 0.824722 0.072379 0.633447 -0.347651 0.777599 -1.281715 -0.609260 0.578270 -0.423202 0.267335 0.614649 0.571829 0.497846
0.657065 -0.437271 -0.528975 -0.352827 0.921036 -0.482055 0.078806 -0.063436 0.787875 0.071917 0.715018 0.586268 -0.204111 -0.976662 -0.475166
0.544936 0.651093 0.469578 -0.210834 -0.713673 -0.751067 -0.143507 -0.937424 -0.171271 -0.370563 -1.023556 -0.376859 -0.867430 0.057387 0.631214
-1.152724 0.298577 0.044570 -1.260029 -0.059177 0.988435 0.532920 -0.258632 -0.123837 -0.896918 -0.827809 -0.237290 0.913375 0.423553 1.048998
-1.689677 0.280875 -0.751021 -1.222560 0.256052 -0.482078 0.246098 0.450777 0.767660 -0.783600 0.798385 -0.437159 1.187540 0.768474 1.561288
-0.505338 -0.498566 -0.479523 0.192268 -0.137434 0.078155 0.206110 0.363657 0.628678 -0.234056 1.253565 -0.336894 1.310159 0.217347 1.581944
0.154694 0.251729 -0.313877 -0.763814 -0.337417 0.299010 0.863271 0.179905 -0.217009 -0.032417 -0.262905 -0.254960 -0.936265 0.508581 0.867754
0.340283 -0.819072 0.507605 -0.394387 0.393063 -0.741889 -0.585105 -1.014119 0.504245 -0.096939 0.700448 0.488234 0.167151 -0.350919 0.697048
-0.218783 0.499604 -0.288279 -0.694377 0.094070 -0.199312 0.698676 -0.987397 0.669441 0.694671 0.224146 0.461988 -0.056589 -0.682142 0.680935
0.483040 0.046232 -0.234233 0.940853 0.354737 -0.388901 0.333766 0.340507 -0.775928 0.662429 0.309491 -0.573707 0.402489 0.673480 -1.064198
0.849622 -0.621605 -0.066963 -0.287984 -0.649211 -0.109964 0.920037 -0.783888 0.435349 1.023962 -0.682555 -0.137525 -0.521706 -0.173244 0.633044
0.459445 -0.974752 -0.465913 -0.770795 -0.862833 0.526752 0.202802 0.348181 0.815165 1.355822 0.308580 0.745224 -0.539909 0.495387 -0.657674
0.055174 -1.223769 -0.696550 -0.465827 -0.456223 -1.129042 0.288762 -0.010106 -0.360253 -0.004760 -0.868972 0.134780 -0.146972 -1.036938 0.148954
0.667719 -0.513744 0.080302 0.466602 0.667582 -0.344839 -0.506070 -0.916659 0.581807 0.395691 0.699809 0.191249 0.581928 -1.154456 -0.857700
0.549231 0.920007 0.663200 -0.319854 0.681171 0.101399 0.756834 0.505748 0.169715 -0.294020 0.219647 -1.184498 -0.004941 0.198357 -0.060676
-0.045666 0.628329 -0.196765 -0.319644 -0.771599 -0.648728 0.567446 -0.448201 0.353383 -0.070990 0.395981 0.343140 0.304694 -0.360770 0.204045
0.210590 0.095526 1.025012 -0.570605 0.004586 -0.410201 0.118384 0.187137 -0.413508 0.079787 0.550606 0.061127 -0.754283 0.709804 0.982270
-0.897822 0.911329 0.768288 -0.491642 0.269467 0.133089 0.552464 0.165356 0.772090 -0.681889 1.127922 0.963857 -0.541055 -0.375735 1.229264
-0.145521 -0.533222 -0.895823 -0.817159 -0.371488 -0.623363 0.662543 -0.759498 0.639331 -0.045660 0.119539 0.202911 -1.077278 0.237289 0.301632
-0.242031 0.138453 -0.822435 0.545951 0.468698 -0.282105 -0.821306 0.517845 0.617972 -0.165572 -0.958558 0.253008 -0.495534 0.709750 -0.110165
0.472929 -0.264698 0.634231 -0.487573 -0.788343 -0.158233 0.895437 0.503592 0.214990 0.606398 -0.545218 0.474535 0.770869 0.664173 0.351620
-0.368741 0.255531 0.231102 1.093315 0.017047 0.500080 -0.402055 -0.847655 -0.361983 -0.785431 0.948599 0.189424 0.846793 -0.619659 0.506723
-1.070280 -0.316798 -0.239356 -0.615988 0.337815 0.032311 0.504509 0.657966 0.024863 -0.401494 -0.277819 0.161353 -0.633451 -0.161450 -0.048514
-0.223561 -0.214827 0.367129 -0.086678 -0.841009 -0.751895 -0.192370 0.405859 0.886329 -0.074309 -0.311154 0.181200 -0.075327 0.350793 0.461280
0.043236 0.707002 0.066782 0.303116 0.359763 -0.865210 -0.175758 -0.450650 -0.585437 0.477017 -0.670522 1.144841 0.019969 0.818614 0.617065
-0.205291 -1.048510 -1.106062 -0.244448 -0.462304 -0.980708 1.130848 0.664259 0.223118 0.641237 0.663266 -0.954246 0.847180 0.101107 0.110007
0.328168 0.973603 0.112263 -0.380573 -0.080966 -0.982724 0.996704 0.129433 -0.257460 -0.129612 -0.916039 -1.213429 1.176856 -0.922990 -0.069170
0.246671 0.957551 -0.633304 -1.105152 0.152296 0.922241 -0.411687 0.977397 0.368706 0.323293 -0.190432 -0.923515 0.053321 0.166464 -0.043418
0.241133 0.691443 -0.069950 -0.210209 -0.826157 -0.572290 -0.395583 0.431404 0.965910 0.754405 -0.082503 -0.974521 0.259504 0.015307 0.332923
-1.073676 0.243092 -0.754405 -0.055655 0.891978 0.064719 0.210358 -0.185163 0.480361 0.475096 0.849492 -0.045044 -0.984085 1.135740 0.679084
-0.137623 -0.837298 0.571318 0.400416 -1.003389 -0.095967 0.007269 1.269057 -0.777587 -0.954263 1.021627 -0.426812 -0.532473 0.398364 -0.483098
-0.683487 0.867068 -0.729310 -0.703568 -0.192701 -0.461745 -0.370389 -0.204886 0.488141 0.261413 -0.906127 0.169919 0.517410 0.475792 -0.332940
0.128715 -0.055729 0.407217 -0.617147 0.612242 0.922468 0.279906 -0.847117 0.943391 -0.666465 -0.928981 0.271914 0.113969 0.471329 -0.904367
0.168608 -0.605648 0.512121 -0.555683 -0.833328 -0.269269 -0.337924 0.511039 0.882101 0.941814 -0.758254 -0.616083 0.795284 -0.106124 -0.521658
-0.727854 0.003108 0.383517 0.429582 0.242821 0.658867 0.029652 0.476846 0.451528 -0.380522 -0.387042 -0.145020 0.221253 -0.456096 0.701889
0.322046 0.099051 -0.306504 -1.358674 -0.602086 -0.150889 -0.201350 -0.785995 -0.660460 0.320828 0.434257 0.019094 1.065315 -0.289312 0.507937
-0.916799 0.048210 -0.494493 -0.240026 -0.131532 0.085419 -0.049623 0.110219 0.191647 -0.359493 -0.475615 0.104363 0.755153 0.801288 -0.456360
0.530180 -0.951977 0.075439 0.127481 0.299961 0.823590 -0.095576 -0.103282 0.602441 -0.637507 0.797584 -0.382268 0.784539 -0.431894 -0.239906
-0.541095 0.385030 -0.367659 -0.480311 0.447857 0.568715 -0.305713 -1.098763 -0.242249 -0.005864 0.523273 -0.977437 0.829623 -0.614434 0.249726
0.629261 0.309142 0.977635 0.382217 -0.259445 0.049357 0.144952 0.604131 0.037751 -0.193043 0.551753 -0.363006 -0.175709 0.166687 -0.514738
-0.432744 0.749442 0.580316 -0.230181 0.703417 0.857158 0.646791 0.152220 0.247878 -0.244740 0.529826 -0.279522 0.429200 -0.421923 -0.171655
0.087631 0.782080 1.154688 0.149218 -0.179425 -0.513489 0.537710 -0.012331 -0.589728 -0.094446 -0.191927 -0.020883 -0.788597 0.202673 0.721517
-0.053573 0.759717 -0.203534 0.553498 0.793148 0.451734 -0.439819 -0.621642 0.302167 0.058239 0.416362 0.895450 -0.578086 -0.861351 0.375447
-0.957894 -0.593050 -0.900909 0.011079 -0.911963 0.386466 0.867799 0.363121 -0.931611 -0.619668 0.595562 0.608245 0.639711 -0.834164 -0.777652
0.567286 -0.085075 0.150342 -0.297294 0.874356 0.798111 -0.795971 0.456597 -0.986302 -0.492359 -0.796675 -0.231413 0.461361 -0.509147 0.472348
-0.556751 0.085937 0.296760 -0.006444 0.388626 -0.303781 0.435836 -1.188241 -0.146503 0.286047 -0.571045 0.378827 0.858378 0.454198 -0.684454
1.042238 -0.628445 0.998234 -0.203649 0.459244 -0.002608 -0.290078 0.353752 0.904798 0.565037 -0.496913 0.452488 -0.788866 -0.426282 -0.741677
0.251557 -0.072840 -0.407752 -0.469143 1.021153 0.153370 -0.868458 0.126482 0.963240 0.710687 0.743382 0.807691 -0.053988 0.322835 0.123850
0.327614 -0.005070 -0.965071 -0.164254 -0.006901 0.455137 -0.333475 -0.649332 0.285385 -0.898613 0.542189 -0.102518 0.160262 0.165078 -0.453783
0.658775 -0.757573 -1.057014 -0.199178 0.577043 -1.047845 0.398592 0.651811 -0.562736 -0.640089 0.597961 -0.535582 0.356594 -0.152242 0.946257
0.838355 -0.563313 -0.867931 -0.601660 0.409745 -0.445308 0.272287 0.988390 0.403697 0.067262 0.774150 -0.300695 0.587475 0.081058 0.778792
0.491321 -0.067857 -0.127660 0.140419 -0.060223 1.380410 -0.117537 0.921201 -0.087185 -0.143557 0.847746 0.235425 0.234858 0.224608 1.043456
0.186185 0.585015 0.161055 0.816308 -0.814347 0.765035 0.612361 0.608726 0.762816 0.627748 1.044750 -1.143926 0.586991 0.869171 0.287001
-0.195568 -0.141077 -0.019324 -0.602844 -0.177951 0.857325 -0.645861 -0.233359 -0.737716 0.908339 -0.849609 0.021760 0.342842 -0.142036 0.804796
0.610093 -0.750650 0.674936 -0.713655 0.883413 0.604082 0.190888 0.264138 0.171995 0.538863 0.951773 -0.381003 0.879694 0.539220 -0.517631
-0.690206 0.713794 0.427731 -0.775330 0.213472 -0.896834 -0.173314 0.074276 0.901488 0.530130 -0.096433 0.468868 -0.835009 -0.649589 -0.949646
0.715237 -0.521454 0.201310 -0.722000 -0.415531 -0.134226 1.145289 0.643653 -0.683067 -0.225249 -0.701881 -0.640406 0.232769 -0.338096 0.298404
0.125521 0.072115 -0.101869 0.521247 -0.811345 -0.622995 0.813268 0.235908 0.229318 1.006735 -0.001563 0.254912 0.786755 0.679817 0.630041
0.248794 0.113678 0.509215 -0.624137 0.532929 0.475584 -0.882395 -0.197733 -0.571572 0.482158 -0.174575 0.095950 0.460584 -0.666165 0.401485
0.098830 0.419245 -0.491078 1.270741 -0.840145 -0.364192 -0.753318 0.982607 -0.782332 -0.176815 -0.786534 0.176532 -0.164480 -0.447816 -0.182137
-0.386446 0.793354 0.564397 -0.255854 0.816382 0.827931 0.120077 0.390510 0.225411 0.756226 -0.691317 -0.439255 -0.966320 0.097073 -0.754250
-0.829670 0.051845 -0.297301 0.287427 0.886274 -0.594698 -0.560437 -0.529214 -1.093142 0.995648 -0.545546 0.068024 0.823817 -0.218679 -0.264647
-0.238768 0.494795 -0.397809 0.289835 0.170845 -0.643742 0.525930 -0.319874 0.224043 -0.722484 -0.360414 -0.744433 -0.379144 0.453887 -0.572081
0.236596 0.376567 -0.394479 0.119325 -0.918855 -0.688548 -1.008299 0.258939 0.862242 -0.127774 -0.004068 0.029931 0.195261 0.434879 0.445578
-0.525031 0.697685 0.417835 0.076242 -0.042109 0.121160 0.688138 0.475722 1.008177 0.934061 0.957341 -0.225182 0.227720 -0.064753 0.241860
-0.335276 -0.312843 -0.569058 0.180747 0.866564 0.546244 0.322436 -0.127347 0.617095 -0.064790 -0.549441 0.786831 0.119940 0.881852 -0.735517
0.577627 -0.564323 0.614444 0.031238 -0.094344 0.042481 -0.176915 -0.251452 -0.643898 0.825456 0.280039 -0.184799 -0.265669 0.087858 0.387499
-0.568445 0.582785 -0.848238 -0.422902 0.591804 0.431580 -0.549479 0.851568 -0.377061 0.712640 -0.196583 -0.735667 -0.014833 0.716306 0.059735
-0.851056 0.800771 -0.710626 -0.039464 -0.165723 -0.994331 0.025564 -0.225703 0.695652 -0.090756 -0.331907 0.734802 -0.072173 -0.199048 0.057067
-0.040159 -0.293158 0.460041 -0.144044 -0.115329 0.117743 0.645623 0.116556 -0.893082 0.294402 0.815098 0.072599 -0.339768 1.104003 -0.435804
0.290334 0.569278 -0.681286 -0.512186 -0.084576 -0.367838 0.410856 -0.718276 -0.045192 0.371872 -0.361232 -0.408277 -0.658820 0.227863 -0.045149
-0.405740 0.704414 0.916910 -0.077110 -0.341655 0.333304 -0.763249 -0.894067 -0.229425 -1.004397 0.475439 -0.221487 -0.650886 0.250257 0.135219
0.570248 -1.110753 -0.477873 -0.288438 -0.609856 -0.069649 -0.988488 -0.114943 -0.323271 -0.809358 0.194746 0.066602 -1.010174 -0.728766 -0.327909
-0.648937 -1.012198 -0.824038 0.683251 0.376189 0.693182 0.930066 0.534650 -0.101563 0.296057 -0.018877 -0.616462 -0.059933 -1.127235 -0.776850
-0.436787 -0.266378 -0.407561 -0.973792 -0.176312 0.577008 0.168871 -0.654396 -0.364716 0.150223 0.542982 0.387535 0.249625 -0.547053 -0.191677
0.160484 0.903492 -0.847893 0.302761 0.536436 -0.176170 -0.115782 1.176451 0.819140 -0.196202 -0.178576 0.071277 -0.483048 -0.286474 -0.049534
0.923769 -0.906359 0.854245 0.274568 -0.063689 -0.151189 0.657135 0.654016 0.555935 0.125278 0.492822 0.072046 0.266910 -0.214581 -0.112194
-0.255333 0.493795 0.890704 0.804895 0.510667 0.452779 0.152928 -0.866432 0.169279 -0.703607 0.743524 0.108310 0.822548 -0.598929 -0.486478
0.323456 -0.973740 0.379728 0.060804 -0.128858 0.535309 0.493677 0.674341 -0.907350 0.289200 0.762687 -0.389080 0.936200 0.944728 0.395233
-0.832392 -0.893991 -0.789575 0.559816 0.016604 0.431172 1.072186 -0.526507 0.522696 -0.728582 -0.571424 0.539694 -0.262367 -0.445015 -0.259881

Bias v0 (Oculta):
0.582884
0.252662
-0.681471
-0.050536
0.831549
0.949286
-0.667186
0.012060
0.392405
-0.451328
0.120625
-0.278373
-0.790774
-0.596871
-0.920860

Pesos w (Oculta -> Saída):
-1.833044 1.709366
0.962253 -1.061430
0.681475 -0.593340
-2.460357 2.448965
-0.634768 0.493010
0.757913 -0.798519
-1.050305 0.628805
1.186240 -1.257001
-1.415420 1.363863
-1.897832 1.913050
1.283306 -1.336333
2.697939 -2.797860
1.395329 -1.406053
1.167270 -1.186660
3.145462 -3.108724

Bias w0 (Saída):
0.725644
-0.024428
