Pesos v (Entrada -> Oculta):
0.322328 0.882196 -0.546139 0.793615 0.723007 0.674539 0.830296 0.364666 -0.326705 0.629642 0.116717 0.523833 -0.310640 0.779340 0.664422 -0.848989 0.344739 0.041400 -0.221502 -0.684888 -0.203779 -0.571915 0.461530 -0.986781 -0.360768 -0.483717 -0.296325 -0.336848 -0.092455 -0.970098 -0.238751 -0.542974 0.566722 0.008029 0.741164 0.757974 0.691889 0.451182 -0.739559 -0.191435 0.912066 0.087916 -0.481020 0.421411 0.343213 -0.578748 0.661928 -0.250887 -0.982438 0.283955
0.770067 -0.297256 -0.194701 -0.800282 -0.221314 -0.894634 -0.177470 0.985780 0.785911 0.662712 0.378199 -0.228958 0.884999 -0.428521 0.467860 0.043726 0.054835 0.456828 0.260000 -0.659862 0.410181 1.039975 0.716891 -0.846343 0.232096 0.633623 -0.579391 0.225581 -0.244647 0.149603 0.508400 -0.029081 0.234121 -0.487042 0.493583 0.493729 -0.250947 0.494763 0.473062 -0.785410 -0.062672 0.193181 -0.375696 -0.540522 0.380417 -0.268229 -0.322135 0.224290 0.098801 -0.403971
-0.289674 -0.552261 -1.418320 0.025407 -0.570509 0.326995 -0.325465 1.148793 -0.084054 -0.141425 -0.612012 0.754482 0.259389 0.430967 0.698798 -0.716262 0.718774 0.285735 -0.378271 -0.812192 0.217231 -0.273180 -0.596184 0.127839 0.494413 0.706032 -0.710146 0.715334 0.335612 -0.123673 0.151352 -0.660344 0.250435 0.475115 0.977987 -0.688655 0.345564 0.400721 0.394720 -0.693533 0.491645 0.542098 -0.610837 0.139576 0.960429 -0.373237 -0.441267 0.542999 0.485857 0.653734
-0.880555 0.119787 0.394181 0.244445 -0.391747 0.130762 -0.060982 0.279349 -0.201140 -0.368585 0.066584 0.662726 0.662209 0.866119 0.322519 0.216664 0.735466 -0.396371 -0.732426 0.976839 0.945882 -0.110119 -0.291750 0.616409 0.478998 -0.382119 0.503774 -0.354336 0.522213 -0.312723 0.727331 0.056952 -0.757001 0.121217 0.014977 -0.563444 -0.242774 -0.395087 -0.020990 0.781170 0.962821 0.703070 0.993159 0.502491 -0.370731 0.547002 0.739109 -0.567388 0.357313 0.149403
0.210055 0.756112 -0.576555 0.603352 0.091914 0.528795 -0.103920 -0.857415 0.290714 -0.153438 -0.208309 -0.904065 -0.435707 -0.024262 0.796392 -1.201046 -0.454063 -0.898139 0.479725 -0.082072 0.557879 -0.981283 0.652780 0.101026 -0.573109 0.057170 -0.874086 0.442542 -0.490199 -0.719509 -0.408470 0.373685 -0.320539 -0.012569 0.792759 -0.508104 0.342953 0.263048 0.045568 0.823357 0.472013 0.741495 -0.685252 -0.177079 0.726429 -0.259749 0.631031 0.489866 0.870065 -0.761887
0.435394 -0.418319 -0.192636 1.292078 0.622945 -0.038681 0.606957 -0.200566 -0.731862 -0.905396 -0.950817 -1.403329 1.102214 -0.090312 -0.903818 0.363740 -0.296392 0.446401 -0.121529 0.273593 0.612928 0.362984 -0.470284 -0.299701 0.862431 -0.547289 -0.441034 -0.045217 0.529207 0.451997 0.292597 -0.464465 0.040500 -0.353164 0.926602 1.426749 -0.637062 -0.252486 0.878863 0.413977 -0.018058 -0.216511 -0.078008 0.312647 0.709473 -0.314689 0.226151 1.057456 -0.972161 -0.794917
0.554322 -0.532688 0.950048 0.742655 1.179329 -0.148657 -0.570482 -0.279751 -0.031340 -0.471106 0.545612 0.469343 0.816349 0.556819 -0.855557 0.420980 0.442298 -1.065516 -0.320280 0.790975 -0.361755 -0.062925 0.690012 0.381769 -0.121277 -0.256546 -0.056060 0.162207 0.791968 0.131441 0.944163 0.331756 0.154375 -0.145752 0.261995 -0.419208 0.224632 0.882678 -0.078696 1.053501 0.532138 -0.151272 -0.077622 -0.313425 0.103845 -0.565667 0.265871 0.368089 -0.404261 -0.369799
0.022495 0.688365 -0.718802 0.012163 1.126286 -0.833982 -0.202064 0.380751 -0.705768 0.150091 0.269935 0.130541 -0.526027 -0.321085 0.703447 0.368064 -0.736645 -0.518178 -0.497159 -0.383844 0.238910 0.136487 -0.061656 -0.551060 -0.961201 1.370483 0.478603 0.970997 0.247301 0.240903 0.785273 0.197486 0.838005 -0.521367 0.308789 1.038947 0.334025 -0.574609 -0.042233 0.324419 -0.802499 -0.457863 -0.661922 0.698169 -0.316012 -0.128632 0.235124 0.129949 0.047395 -1.033533
-0.348759 -0.764267 0.614834 0.630724 -0.855875 -0.523848 0.244530 -0.779210 -0.764436 0.890707 -1.242225 -0.237220 0.145226 -0.666876 0.377482 -0.175993 0.452532 -0.641735 0.072728 -0.710526 -0.477549 0.643975 0.859041 -0.042554 -0.719116 0.654975 -1.080305 0.261790 -0.676684 0.909915 0.128410 -0.813058 -0.409549 0.032381 -0.474022 -0.072893 -0.867636 -0.506983 -0.856187 -0.013687 -0.209962 -0.007722 0.252302 -0.137171 0.245506 1.028644 0.733430 0.308780 -0.220818 -0.628616
-0.432489 -0.786612 0.121637 0.204356 0.066386 0.866036 -0.225916 0.879999 0.329599 -0.348858 -0.468443 -0.610745 -0.443793 0.418393 -0.313440 -0.040487 0.455399 0.190846 0.867662 0.178076 0.342268 0.259236 1.003384 -0.255582 -0.564768 0.138605 -0.266063 0.646163 -0.721559 0.698814 0.004896 -0.347794 0.182527 -0.440370 0.007554 -0.854672 -0.199767 -1.208798 0.091921 0.684226 -0.355609 0.484909 -0.683121 -0.261664 0.639550 -0.300232 -0.376365 0.118098 0.982318 -0.054578
-0.114276 0.772112 0.616623 -0.209835 0.280317 0.758406 -0.362223 0.453781 0.803956 0.418507 -0.196798 0.159574 0.966057 0.770178 -0.588748 0.691533 0.575402 0.862131 -0.632099 0.806094 0.974945 -0.563999 -0.330772 -0.567298 0.847364 -0.164923 0.071987 -0.386827 0.540782 -0.843828 0.228102 -1.193656 0.174622 0.396058 -0.779881 -0.536650 -0.214978 -0.719665 -0.327091 -0.276206 -0.857450 -0.840847 -0.861097 0.067404 0.288275 0.078881 -0.664605 0.504616 0.682912 0.183745
0.334057 0.229588 0.625724 -0.892122 -0.566005 0.844132 0.924192 -0.175875 -0.131441 -0.524588 -0.185593 -0.540912 -0.034143 0.886432 0.265994 0.323024 -0.868601 -0.215175 -0.993724 0.906450 0.817401 0.957543 -0.757443 -0.227006 0.473557 -0.832764 -0.847092 -0.168532 -0.263108 -0.407762 0.347355 0.820330 0.447244 -0.095827 0.716118 -0.513855 0.637269 -0.528173 1.081086 0.839148 0.113613 -0.729149 0.433169 -0.652028 0.201397 0.751144 -0.469521 0.772396 0.904212 0.745721
0.389221 -0.238806 1.034724 0.240000 -0.953366 -0.146132 -0.823451 0.038977 -1.055242 -0.208969 -0.729536 0.191966 0.034107 0.169921 -0.965810 0.934778 -0.269015 -0.547446 1.079323 -0.183754 0.922959 -0.289232 0.247689 -0.216873 -0.066245 -0.290470 0.738852 0.546312 0.038746 -0.808231 -0.741672 0.380508 -0.003405 -0.362722 -0.013605 0.792090 -0.670184 0.484944 -0.071227 -0.165186 -0.065421 0.727328 -0.991702 -0.117084 -0.882055 -0.785306 -0.122935 0.691373 -0.718413 0.806701
-0.146583 -0.020602 0.211540 -0.606330 0.103913 -0.589529 -0.381022 -0.019706 -0.561725 -0.348113 0.843676 0.018934 -0.155319 0.575716 -0.438499 -0.552603 0.377785 -0.235428 -0.786736 0.120857 0.946662 -0.725131 0.550552 0.435792 -0.108663 -0.778474 -0.066155 -0.024118 -0.017153 0.261393 0.042056 -0.607597 -0.869436 0.354675 -0.826558 0.263018 -0.862458 -0.246268 -0.077083 0.198228 0.900185 0.959574 0.319073 -0.005155 -0.510201 -0.860591 -0.212032 -1.291235 -0.363279 0.191459
-0.816161 -0.725749 -1.488667 0.672092 -0.682308 -0.199146 0.222669 -0.406401 -0.981102 0.312396 -0.783196 -0.352510 -0.338586 0.063324 0.499665 0.065721 0.445314 0.525408 -0.120509 -0.075249 0.580820 -1.010539 0.398986 -0.643656 -0.114513 -0.009133 -0.193270 -0.604394 -0.680879 0.496888 0.309580 -0.126519 -0.179867 -0.261377 0.471870 0.608992 -0.686368 0.485705 -1.397722 1.060246 1.334676 -0.690884 -0.948692 -0.099461 -0.284841 0.632150 0.081564 -0.800493 -0.126310 -0.143393
0.313994 -0.163703 -0.923957 0.030178 -0.029576 -0.505515 -0.049522 0.541399 0.424643 -0.829845 0.254823 0.167097 -0.765404 -0.285322 0.144665 0.476611 0.642779 0.633527 -0.242592 -0.445302 -0.764277 -0.558038 -0.208957 -0.030307 -0.664404 0.356409 0.616992 -0.661321 1.109699 0.371415 -0.346220 -0.117190 0.287844 0.756187 -0.832937 0.584850 0.219538 -0.263409 0.172326 -0.719993 0.010027 -0.712908 -0.040426 -0.021850 0.135215 0.986913 -1.127162 0.220646 -0.791937 -0.514524
0.560112 -0.061784 0.169572 0.581022 -0.872039 0.669726 -0.777288 0.879546 0.447502 0.514503 -1.096832 0.290091 1.121344 -0.690081 0.638063 -0.926810 0.680319 -0.194822 -0.002051 -0.342525 -0.601702 -0.623689 -0.134276 0.810058 -0.973255 0.113671 0.757862 -0.525819 0.161643 -0.152131 0.255576 0.998561 -0.738169 -0.593730 -0.604718 -0.820189 0.378828 -0.006422 -0.669394 -0.169309 -0.242660 -0.173936 0.257525 -0.201517 -0.380443 0.946478 0.046643 -0.706839 0.432424 -0.058376
-0.806821 0.760472 -1.277996 1.208035 -0.329515 0.216000 0.609910 -0.826913 -0.607853 -0.090792 -0.107656 0.061510 1.251311 -1.383250 0.461845 0.448508 -1.104502 -0.605485 0.001426 0.002173 0.196475 -0.148119 -0.977744 0.769445 -0.590819 0.281832 0.500550 1.501254 -0.363914 0.009429 0.710187 0.422324 0.724563 0.719921 0.450215 0.174427 -0.019890 1.001688 0.942929 0.240971 -0.452706 0.978207 -0.915047 0.021552 0.472101 0.427442 -0.249634 0.386448 0.102252 0.203801
0.284869 0.523522 -0.122896 -0.187803 1.315683 0.053244 -0.912131 0.303207 -0.861161 0.032202 -0.128591 -0.604198 1.168666 -0.724987 -1.210300 -0.603873 -0.907747 -0.669072 -0.150572 -0.817496 -0.340804 -0.096892 -1.069060 -0.697910 0.746849 1.125658 0.442092 0.842093 0.639119 0.809857 -0.596524 0.186630 0.416685 0.524837 0.268157 0.758460 0.088382 0.278725 0.633945 -0.756222 -0.590299 1.049357 0.622896 -0.479160 -0.500285 -0.018171 0.149905 0.388824 0.050933 -0.720683
-0.964937 -0.535891 0.133806 1.125276 0.156087 0.334694 -0.475286 -0.662513 0.379466 -0.866221 -0.190240 0.032457 -0.746669 -0.309549 -0.352683 -1.145695 0.143421 -0.423002 0.083488 -0.343702 0.932325 0.851975 0.612158 0.433388 -0.378402 0.618679 -0.939667 -0.128900 0.256859 0.323792 -1.253645 0.173334 0.819484 -0.015419 -0.724780 -0.160210 0.355318 -0.372241 0.406513 -0.307445 -0.036412 0.073721 0.840483 0.936033 0.880381 -0.650982 -0.443158 1.514324 0.683772 -0.303808
-0.387536 -0.077964 -0.592858 -0.926392 -0.873864 -0.549965 0.326312 0.645910 -0.085584 0.728649 -0.096547 -0.518992 0.298914 -0.229996 0.289794 0.441179 0.405110 -0.821310 0.970010 -1.236872 -0.612777 0.215537 1.480024 -0.873005 -1.052002 -0.265314 0.174938 -0.568550 0.049213 0.492276 -1.020657 -0.255994 -0.530463 0.675432 -0.654814 -1.123656 -0.202347 -0.178992 -0.489433 1.611385 -0.843608 -0.151444 0.612146 -0.353821 0.320591 0.739157 -0.220250 0.055393 0.470115 -0.769175
-0.251816 -0.033699 -0.439851 0.254803 0.723749 -0.623887 -0.063909 0.381582 -1.053907 -0.074343 0.668642 0.830374 -0.852672 -0.459462 0.419571 0.336807 -0.154320 0.318477 0.944467 0.151277 0.048881 0.071944 0.577602 0.131420 -0.894594 -0.871580 0.624895 -0.733075 -0.237160 0.636730 0.657096 -0.483863 -0.065223 -0.708267 0.651947 -0.319292 -0.543881 0.297762 0.287570 0.581984 0.217005 -1.013257 0.421986 0.674673 -0.305685 0.585284 0.971574 -0.386511 -0.370352 -0.796441
-0.116020 0.825394 0.834860 -0.462913 -0.394976 0.632883 -0.281784 -0.864358 0.524028 -0.465933 0.865320 0.912018 -0.200499 0.084786 0.817747 0.762864 0.774946 -0.622215 0.529230 -0.693615 0.781162 -0.562991 -0.103374 -0.041868 -0.123501 -0.908123 -0.003093 0.939096 -0.059837 0.099324 -0.390125 -0.813902 -0.009647 -0.848983 -0.641891 0.733934 -0.945143 0.233442 -0.200023 0.775926 0.172339 -0.881893 0.052848 -0.685060 -1.063369 -0.942676 0.559916 0.380886 -0.557421 0.350043
-0.037563 -0.450627 0.179371 0.787595 -0.331377 -0.624002 0.428362 1.025706 -0.636819 -0.301549 0.049563 -0.357859 0.088442 -0.687809 -0.282165 -0.303191 0.395056 0.049353 -0.259160 -0.075730 0.176462 0.676843 -0.792615 -0.975914 0.548215 -1.015790 -0.593092 -0.528968 -0.297338 0.554382 1.036063 -0.480224 0.666080 -0.385206 0.394489 -0.449027 -0.369737 -0.222218 -0.709838 -0.369517 -0.299144 -0.101821 0.880140 0.422477 0.409264 -0.725471 -0.121129 -0.929511 0.332897 0.090357
0.142745 -0.669476 0.847689 0.086742 0.720711 -0.702922 0.580621 -0.235000 -0.416972 -0.003292 -0.656632 -0.198629 -0.365222 -0.002491 -0.618788 0.203394 0.250150 -0.391850 0.908381 -0.636525 -0.329438 -0.847652 -0.894970 -0.175535 0.172763 -0.747478 -1.169660 -0.211633 -0.404117 -0.118541 0.042909 0.464058 -0.591552 0.842364 -0.685024 0.355680 -0.569989 -0.760658 0.526355 0.085984 0.377442 -0.043640 0.199815 -0.133407 -0.075643 -0.681392 0.305476 -0.889590 0.677277 -0.089626
0.417234 -0.017781 -0.453196 -0.380866 -0.619274 -0.373665 0.483729 0.819133 0.625553 -1.031473 -0.081941 0.801689 -0.859374 -0.966794 -0.053272 0.706551 -0.213653 -0.625680 0.660943 -0.115901 0.314394 0.180149 0.339736 0.552163 0.530589 -0.693871 0.854105 -0.112034 -0.706838 -0.266936 0.057994 0.185086 -0.221371 0.964225 -0.212058 -0.839454 0.660947 0.732174 -0.707971 -0.999978 -0.664665 -0.394462 0.793455 -0.610071 -0.117082 0.100823 0.817777 0.063329 -0.273179 -0.470145
-0.582986 0.171211 -1.059373 0.689464 -0.293361 -0.497192 -0.389747 -0.202782 0.731684 0.121084 -1.094375 -0.079488 0.110678 0.877020 0.467501 0.336428 0.371551 0.743878 0.403343 -0.269981 -0.467986 -0.044375 0.299048 -0.569909 -0.801606 -0.573979 -0.600304 -0.187631 0.342899 -0.569694 -0.880857 -0.787586 -0.663424 0.001518 -0.154845 -0.693697 0.786988 -0.515220 0.013183 0.337038 -0.519124 -0.512981 0.778966 -0.524761 -0.508714 0.702962 0.011538 -0.425700 -0.602138 0.549477
0.968434 -0.693693 -0.516902 -1.204474 0.565072 -0.219430 0.611345 -0.375133 -0.587035 -0.125855 -0.236927 0.644577 0.617255 0.759758 0.620424 0.405467 1.000452 0.701483 0.194806 0.698010 -0.506369 1.026351 -0.366091 -1.133696 -0.584155 -0.073730 0.659617 -0.830864 0.898788 -0.680689 -1.230571 -0.930791 -0.921309 -0.453482 0.348166 0.081513 0.588456 -0.467219 -0.479666 0.018366 0.431554 -0.679453 0.563907 0.456460 0.434790 0.828159 -0.457971 -0.393898 -0.580018 -0.245450
0.882261 0.475138 -0.162871 0.157741 1.456130 0.062841 -0.738700 0.935488 0.078519 -0.332925 0.168853 -0.315003 -0.622953 -0.406892 -0.743939 0.239807 -0.721255 0.013913 0.006624 0.587839 0.412272 0.825438 -0.185859 0.204758 -0.214730 0.549947 0.820270 0.316476 0.067078 0.093051 0.475254 0.326237 -1.050426 -0.335510 -0.015778 0.192358 0.925217 -0.617796 -0.894919 -0.450589 -1.048978 -0.776334 -1.054987 0.350704 -0.366583 0.601340 0.480637 -0.486767 -1.094678 0.371364
-0.546949 -0.384445 0.103276 1.299681 0.013462 0.043336 -0.960725 -0.759339 -0.238667 -0.446649 0.359057 -0.650737 1.136749 -1.172359 -0.095364 0.652856 -0.270271 -0.733878 0.489492 0.178348 -0.322609 -0.097858 -0.973008 0.203172 -0.997547 0.011981 0.513319 0.985247 0.636723 0.099988 0.253444 0.280693 -0.238851 0.419474 -0.084612 0.064995 0.733036 0.214296 0.134558 0.533059 -0.402143 0.742550 -0.488502 0.622174 -0.465726 0.093779 0.727799 -0.706733 1.039328 -0.162944
0.452057 -0.522805 -1.118602 0.701284 -0.457365 0.390674 -0.296116 0.228921 -0.668593 0.391441 1.253978 0.180437 0.185019 -0.537092 -1.002605 -0.050654 -0.582192 -0.232928 0.308041 0.779796 1.164864 0.292475 -0.128587 -0.262481 -0.523274 0.186623 -0.904255 0.923364 0.225450 0.862074 0.455280 0.383671 -0.473129 0.818438 -0.558659 -0.448945 0.321569 -0.261280 0.048399 -0.963941 -0.605873 -0.109392 0.378596 -0.048463 0.250515 0.979693 0.484916 -0.124647 0.331166 -0.993996
0.334280 0.021005 -0.675692 -0.191415 -0.638968 -0.306482 0.445837 0.763433 -0.060457 -0.990717 0.001413 0.587774 0.356678 1.259632 -0.490946 -0.919468 0.187552 -0.009076 0.201912 1.034003 1.026287 0.765458 -0.048896 -1.464830 1.095816 0.876238 -1.339596 1.307780 -0.414777 0.041791 -0.199752 0.395366 0.342294 -0.498111 -0.603965 0.949924 -0.936248 0.820215 -0.930384 -0.138999 0.203829 -0.773243 0.996967 0.605571 0.752115 -0.333938 0.870664 0.953816 -0.995599 0.020467
0.553959 0.274682 -0.112331 -0.116828 0.190539 0.051645 -0.319887 0.643756 0.417636 -0.035405 -0.668219 1.046999 -0.060609 -0.200663 0.198194 -0.901738 -0.799414 -0.255362 0.679409 0.522262 -0.796181 0.110430 -0.089095 0.475462 0.159560 0.439017 -0.108446 0.066015 0.620274 0.078791 -1.007793 -1.186279 -0.575984 -0.006403 -0.902741 -0.111100 0.378155 0.833755 -0.880702 -0.040294 -0.457141 -0.484266 -1.261407 -0.292764 -0.443985 -0.276914 0.323481 0.654063 -0.585312 -0.402270
-0.548808 -0.942293 0.623966 0.386055 -0.908504 -0.172174 -0.680989 0.417838 -1.049678 0.299212 -0.644214 0.215329 0.443106 -0.376343 0.653719 0.814348 -0.238645 0.476952 -0.163609 0.210948 0.238318 0.082737 -0.494203 -0.330150 0.845503 0.074387 -0.384470 -0.876795 0.626991 0.693670 -0.907667 -0.528210 -0.023720 -0.068040 -0.249104 -0.787746 -0.949168 0.593683 -0.867772 0.016870 0.970902 -0.549597 -0.308239 0.900659 -0.124113 0.188514 0.436195 0.376374 0.059123 0.392891
-0.378376 -0.814885 0.361359 -0.336409 0.223773 0.166788 0.292467 0.366317 0.723662 0.108861 0.820203 0.407009 0.189597 -0.632493 -0.528257 -0.383180 -1.033804 1.056748 0.714115 -0.326894 -0.405199 0.331295 0.387304 0.352916 0.014297 0.596851 -1.115103 -0.277907 -0.080626 -1.071925 0.795238 0.969000 -1.193044 0.046223 -0.816337 0.580906 0.295684 0.300934 -0.254925 -0.433372 0.384577 -0.329679 0.122676 -0.477525 0.160160 0.329848 -0.221178 0.276182 0.469531 -0.613443
0.430057 -0.878475 0.406830 -0.800914 0.830043 -0.352834 -0.235029 -0.740610 -0.616738 0.144371 0.179725 -0.576853 0.391909 0.293104 0.113518 0.790413 0.291294 -0.164609 0.388287 0.304552 -0.690065 0.245649 -0.151083 0.061341 -0.607768 0.857286 0.638071 -0.047879 0.849846 0.906197 -0.494938 0.205289 -0.260909 0.907406 0.015573 -0.345726 -0.474336 0.440173 -0.585626 -0.944231 0.227979 -0.521695 -0.014452 0.220438 -0.183458 0.117977 -0.130855 -0.589412 0.489069 0.927788
0.983394 -0.697728 0.077195 -1.139940 0.361481 -0.240705 0.722323 0.767453 0.280030 -0.907315 1.016429 -0.665868 0.985183 -0.918859 0.228268 -0.046030 0.787854 -0.546564 -0.396712 0.746327 -0.531957 0.115178 -1.048236 -0.668126 0.925498 -0.686856 -1.036998 -0.811738 0.768837 0.262944 0.355007 0.737576 -0.546275 -0.861348 -0.769171 -0.230061 0.033200 -0.706543 -0.508728 -0.695429 0.282825 -0.636216 0.699044 -0.828260 -0.698576 0.148795 1.025843 -0.788123 -0.621489 0.229059
-0.373249 -0.722546 0.469335 -0.585244 0.668349 0.597711 -0.337947 0.980983 -0.658214 -0.866588 0.741794 1.005903 0.311617 -0.656070 0.896252 -0.356250 0.012044 0.376127 -0.194908 0.733722 0.110390 -0.163413 0.012427 -0.548696 -0.703149 -0.878793 0.446426 -0.771532 0.603506 -0.272363 -0.248611 0.314626 0.670965 0.321635 -0.329964 0.491768 0.697912 -0.455245 -0.401875 -0.989831 -0.587388 -0.324565 0.633763 0.573551 -0.527048 -0.969825 0.929961 -0.964823 -0.297198 -0.657585
0.343723 -0.894078 -0.346343 -0.626009 -0.248191 0.653969 -0.869413 -0.557051 0.585563 -0.626705 0.407333 0.727433 -0.344573 -0.672192 0.086400 -0.904428 -0.742018 -0.658614 -0.222106 0.540955 0.035487 -0.457727 -0.739548 1.196017 -0.867784 -0.517838 0.357525 -0.758261 -0.260897 -1.067041 -0.740060 0.391810 -0.022565 0.821599 0.005449 0.463764 0.625680 -0.451413 -0.808046 -0.557682 -0.899672 -0.735727 0.379781 0.555844 -0.590874 -0.027962 -0.471003 -1.024092 -1.145151 0.342221
0.282585 0.115906 0.463395 0.085003 -0.491027 0.040336 0.211612 0.134278 0.886852 -0.273637 -0.807474 -0.095022 0.240693 0.873607 0.276137 -0.176761 -0.193712 0.824918 -0.560514 -0.347711 -0.097181 0.190685 0.395646 -0.508978 0.124574 -0.721776 0.367416 -0.511948 0.292807 -0.062935 -0.946159 -0.047732 -0.618309 -0.957632 1.001880 0.201880 0.006338 0.048400 -0.412230 0.417626 -0.485447 -0.895922 0.452898 -0.419515 -0.004792 0.464724 0.063552 0.165580 0.414114 -0.114284
0.715304 -0.601870 -0.398146 -0.205851 -0.023538 0.456676 0.377977 -0.137430 -0.329402 0.805754 0.714286 0.590922 -0.361524 -0.090029 -0.739931 0.229141 0.336550 0.605166 0.181000 0.681725 -0.281560 0.446612 -0.609772 -1.030365 -1.107967 -0.018314 0.255183 -0.808054 -0.409309 -0.494952 -0.085050 0.010443 -0.768405 -1.082974 1.407114 0.464561 0.894447 -0.227254 -1.223360 0.543355 -1.435151 0.768810 0.192950 -0.633161 0.453998 -0.384011 -0.418796 0.052025 -0.660546 0.265578
0.487317 -0.769061 0.068880 -0.039562 0.006328 -0.139952 0.039885 0.330194 -0.466663 0.602107 -1.159715 0.127716 -0.811770 0.891903 0.207338 -0.019467 0.365580 0.677956 -0.800050 0.070123 -0.080865 0.816199 -0.692120 -0.081129 0.387809 -0.079595 0.381750 1.147900 0.490322 -0.218989 0.936579 -0.122541 0.374161 0.465527 -0.956327 0.675737 -1.115024 0.758718 -0.463828 -0.376290 -0.343197 0.602374 -0.112951 -1.397314 0.701864 -0.999897 -0.122464 -1.098155 -0.510799 -0.604681
-0.247362 -0.134225 0.430564 -0.494266 -1.020605 1.161783 -0.532884 0.237577 -1.096797 0.863925 0.778728 0.167605 0.183867 -0.453151 -0.306105 1.274683 -0.000227 -0.457533 -0.010196 -0.533970 -0.098913 -0.719117 0.306503 0.583965 0.818758 -0.133557 -0.214998 0.828261 0.723139 1.101839 0.920095 -0.754911 0.602397 -0.880731 -0.360472 -0.168156 -0.756864 0.422378 -0.847113 -1.180390 0.179196 -0.705475 0.199247 0.187116 0.468443 0.110552 -0.886068 -0.091058 -0.260972 -1.377661
-0.765205 0.044431 -0.941768 0.272538 0.413496 0.997712 0.744391 0.159684 -0.419369 -0.056296 1.178323 1.229074 -0.690293 -0.441656 0.533899 0.016730 0.204730 0.386541 0.561046 -1.010830 -0.110397 0.003529 -1.167473 -0.221657 1.577835 -0.947814 1.046630 -0.142240 0.592326 0.533602 -0.271997 0.207490 0.368481 -1.423798 0.652534 0.140506 0.037428 0.909916 0.108120 -0.262884 0.461664 -0.278055 -0.732307 0.539529 0.704960 0.363465 -0.139233 0.708507 -0.458019 0.875071
0.020188 -0.593227 -0.316905 -0.027699 0.353058 -0.162439 0.206179 -0.494899 -0.162081 0.212538 1.246521 1.541826 -0.013272 0.092487 1.118442 -0.132238 -0.022561 1.050407 -0.055308 0.441501 0.940000 -1.143112 -1.015049 0.471189 0.863990 -0.077843 0.626081 0.711762 -0.579579 -0.480841 -1.036065 0.219418 0.072048 -0.642483 -0.073839 -0.971548 -0.537373 0.743238 -0.994870 1.108006 -0.841429 -0.672216 -0.179572 0.915230 -0.325392 0.203677 0.373782 -0.043150 -0.498306 -0.905824
-0.908366 0.436689 0.042478 -1.284837 0.803527 0.238496 -0.044659 -0.723154 0.724107 0.318556 -0.805375 0.284570 -0.175557 -0.541728 0.461499 0.257821 0.030135 1.217716 0.356659 -0.936151 0.201282 -0.204434 -0.942155 0.685640 0.844392 0.445328 -0.642940 -0.662615 0.035174 -1.042677 0.708476 0.047600 -0.162470 0.615991 -0.214331 0.917541 0.864120 0.908909 0.697436 0.746420 -0.998948 0.364216 -0.107297 0.934067 -0.000032 -0.356538 0.415014 0.313235 -0.850807 -0.146922
1.047459 -0.829627 0.242691 -0.549736 0.737219 0.210928 0.168677 0.711871 0.242156 0.686719 1.003909 0.680838 0.183533 -1.044037 0.406228 0.625328 -1.060257 0.376140 -0.145887 -0.662036 0.397809 -0.006046 0.176494 -0.018610 -0.073158 -0.849268 0.736792 -0.016840 -0.196953 0.271510 0.817258 1.074132 0.257105 0.506209 0.521398 -0.391230 -0.521927 0.242835 0.115101 0.683516 0.263825 0.052451 -0.047790 0.541149 -0.152856 -0.027512 -0.277315 0.558656 0.178101 -0.254687
0.549110 0.392669 -0.565379 -0.517346 1.029855 0.019475 -0.618798 0.888229 -0.399889 -0.677043 0.006761 -0.675396 0.039082 -0.529391 1.004791 -0.860831 0.152881 -0.047413 0.619842 0.503899 -0.536209 0.274432 -0.563941 -0.122251 0.356095 0.191238 0.054950 0.234970 0.487727 0.988956 0.433066 -0.809086 -0.315373 -1.019807 0.956785 0.442483 0.664949 -0.011047 -0.253510 0.838121 0.618844 0.972801 -0.593521 -0.539084 0.076796 0.958324 0.894342 0.418702 0.075657 1.074315
-0.324781 0.431042 0.256351 -0.302766 -0.652659 0.481849 -0.038178 0.081923 0.093353 0.889441 0.159292 -0.234944 -0.131482 0.047799 0.462674 -0.227468 0.556475 -0.671261 -0.296041 -1.057666 -0.776268 0.817307 0.909273 0.462162 -0.759936 -0.052277 0.466526 -0.300759 -0.191015 0.388563 -0.617805 -0.765977 0.682501 0.914777 0.928449 -0.433735 0.532556 -0.324088 -0.533266 -0.258743 -0.784837 0.287159 0.716871 -0.477920 -0.674410 -0.387963 0.529855 -0.379537 -0.584213 0.615874
-0.402503 0.252597 -0.629068 -0.792507 -0.371160 0.254722 -0.906464 -0.627386 1.052170 0.054258 -0.741843 -0.388118 0.686869 0.594790 0.782000 -0.168605 -0.079803 0.754873 0.417193 0.300746 -0.332956 -0.058524 0.869228 0.031688 -0.019375 0.184176 0.182429 -0.171256 0.996335 0.824982 0.571208 -0.596623 0.123006 0.848078 -1.099237 0.957135 -0.761462 -0.208011 -0.230364 -0.711855 -0.974384 -0.102365 -0.147531 -0.640898 0.094023 -0.416453 0.934904 -0.392734 0.477240 -0.560313
0.791143 -0.598707 -0.116758 -0.393856 0.203361 0.037421 -0.202236 0.238216 0.011621 0.189383 -0.234380 0.208038 -0.599088 -0.342917 -0.427487 -0.146793 0.140894 -0.736484 -0.136929 -0.720394 0.857496 -0.446759 0.178147 0.207607 -0.210895 -0.195999 -0.484410 -0.241850 0.365409 0.360707 0.457910 -0.433017 -0.796373 1.207742 -0.939883 0.540090 0.281328 0.103303 0.225917 1.033338 -0.406034 -0.177158 -0.119822 -0.305843 -0.349598 -0.752317 0.031071 -0.605866 -0.222656 0.426158
0.813910 -1.193249 0.193005 0.108617 -0.346601 0.219317 0.113640 0.541397 0.671211 0.257151 0.415829 0.510921 -1.094064 -0.666650 -0.486353 0.864129 0.179794 -0.451875 0.301779 -1.084275 0.214529 -0.230942 -0.593213 0.332575 -0.226970 -0.280481 0.179219 0.535990 -0.117705 -0.662879 -0.414093 0.638519 -0.995018 0.686962 0.450190 -0.805257 0.839077 -0.097657 0.841313 0.764203 0.527946 0.521592 0.019289 0.481662 -0.768938 0.384889 -1.016792 -0.117627 -0.411646 -0.519880
0.070192 0.525808 -0.758424 -0.426915 0.136349 -1.090485 0.853279 -0.331335 1.241185 0.346522 0.081121 -0.293548 -0.171046 -1.119705 0.235337 0.797471 0.825766 -0.272289 -0.649436 -0.170957 0.592018 -0.716220 -0.019317 -0.748761 -0.265059 0.843194 -0.312743 0.332756 -0.010188 -0.414855 0.280623 -0.896096 -0.782899 -0.939884 0.896128 -0.173316 -0.278489 -1.145480 -0.104462 -1.092090 -0.882192 -0.707746 -1.236419 -0.428307 -0.041485 0.728028 -0.375814 -1.098621 -0.388431 0.325891
1.111904 0.239943 -1.001612 -0.695102 0.849553 -1.095293 0.416441 -0.594631 0.577760 0.746610 0.000119 0.149766 0.079735 0.467836 -0.357879 0.547165 0.793437 -0.032168 -0.933808 -0.269454 -0.238677 -0.426522 0.009539 -1.605180 0.644066 0.565340 0.431201 0.199827 -0.287341 -0.983848 -0.280915 0.736804 -0.008054 0.853703 -0.215501 -0.600960 -0.065985 -0.659249 -0.071888 -0.498438 -0.153506 0.253135 0.641219 -2.240918 0.424511 -0.092448 -0.881018 -0.733421 -0.062958 -0.889110
0.108346 -0.260757 0.520887 0.350625 0.986562 0.050739 1.087067 0.591629 -1.228398 1.654343 0.866228 0.664827 0.502967 -0.520697 0.048008 0.768021 -0.553954 -0.986902 0.367813 0.580774 -0.431003 -0.540449 -0.244189 -0.074983 0.843755 0.258623 0.271106 0.204215 0.626573 -0.724365 1.163418 0.159646 0.498753 -0.196132 -0.569002 -0.132033 -0.403782 0.311574 -0.541957 -0.083978 -1.075332 0.537475 0.188088 -0.385919 1.218047 0.081788 -0.017655 0.407997 0.161704 -0.720817
-0.027727 -1.056640 0.536546 0.183667 0.820151 1.510491 0.951573 0.449073 -0.221488 -0.243566 0.407009 0.805879 0.255142 -0.997094 0.959722 -0.543366 -1.286925 -0.092923 0.182356 0.042289 -0.884516 -0.397609 -0.900319 -0.045173 0.760620 1.104439 -0.633363 -0.042194 -1.076242 0.327732 0.952499 0.030499 -0.106307 -0.918731 -0.024611 -0.251410 -0.846241 -0.578447 -0.731290 1.244812 0.111237 -0.339846 -0.863823 1.010043 1.208338 -0.309143 -0.688060 -0.153366 0.366785 -0.980762
0.767739 0.548997 0.131767 -0.278068 0.099062 1.111033 -0.585266 -1.087525 0.652758 -1.102776 0.634523 1.117970 -0.644072 0.340665 -0.194702 -0.721558 -0.968876 0.077888 1.287509 -0.016077 -0.712413 -0.909227 -0.983263 0.446588 0.547552 -0.419957 -0.625557 -0.498622 0.030773 0.445921 -0.539743 0.574774 -0.706912 0.325976 -0.585770 1.032542 0.427406 -0.328900 0.029174 0.655156 0.689820 -0.666234 -0.624019 1.022263 0.504421 0.005278 0.101186 0.001970 -0.904485 0.882265
-0.804494 -0.815011 0.102181 0.217603 -0.444170 -0.164774 -0.509339 -1.132195 0.231484 -0.127946 0.644725 -0.964004 -0.207093 -0.713112 -0.483353 0.160837 -0.873686 0.747855 -0.250901 -0.155935 0.560973 0.268982 -1.144455 0.822372 0.575407 -0.886561 0.701755 -0.879863 -0.666566 -0.488103 0.547099 0.678279 -0.899839 0.336120 -0.718898 0.398712 -0.006199 0.872682 0.371405 0.440506 -0.813503 -0.291915 -0.642659 0.991344 -0.310584 0.919730 -0.072848 -0.757493 0.083410 0.523350
-0.307787 0.699853 0.237007 -0.765856 -0.180255 0.526344 -0.878348 0.179125 -0.188095 -0.557684 0.055606 0.062135 -0.257277 -0.143592 -1.006445 0.957541 -0.592452 -0.134635 0.614835 -0.340065 0.869632 0.867834 -0.618610 -0.680959 -0.479236 0.380520 -0.884028 0.884987 0.653829 0.454570 -0.086472 -0.088190 -0.419743 0.869620 0.052627 -0.783812 -1.157186 0.830550 -1.002399 -0.712719 0.717009 0.166602 -0.649418 -0.489257 -0.331494 0.322500 -0.038500 0.191549 -0.292662 0.723206
-0.295103 0.483737 0.539688 -0.445884 1.039782 -0.280576 -0.000280 0.394100 0.186092 -0.430112 -0.114119 1.032217 0.343858 -0.370833 -0.177586 -1.006673 -0.002364 -0.624297 -0.551616 -0.350164 0.684457 -0.616674 -0.541716 -0.085362 0.328670 -0.376725 -0.126915 -0.710990 -0.732572 -0.711672 -0.763195 0.010746 0.141983 -0.059151 0.098259 0.290833 0.790577 0.284492 -0.037415 -0.817641 -0.183116 -0.708319 -0.467226 -0.268122 0.770732 -0.514138 0.217395 -0.854090 -0.249747 -0.493846
-0.180935 -0.455179 -0.588545 0.036328 0.993714 0.199093 0.376174 0.119499 0.394755 0.779507 0.766587 0.741136 1.022235 -0.430797 -0.217100 -0.112158 0.352165 0.684957 -0.571333 -0.184853 -0.179960 -0.346139 0.202982 0.077668 -0.762957 0.382666 0.069796 0.323373 0.951354 -0.747803 -0.379412 -0.389071 -0.910460 0.668699 -0.530540 0.754066 0.814746 0.173914 -0.742617 -0.824934 0.180281 0.502776 -0.218131 -0.514863 0.177668 0.630342 -0.322955 0.152002 0.417447 0.310742
-0.348323 0.607387 0.991701 -0.625287 0.081000 0.046678 0.029102 -0.669875 -0.841321 0.330258 -0.036800 0.753382 0.575403 -0.694882 0.623110 0.200524 0.098497 -0.221945 -0.416519 -0.447785 -0.818308 -0.262373 0.126134 -0.500836 0.164772 0.209062 0.121754 0.630626 0.727844 0.718944 -0.643237 -0.463783 -0.601236 0.201484 -0.504644 -0.615681 0.594784 0.705574 0.896494 -0.415643 -0.948838 0.945567 1.148734 -0.121161 -1.010430 -0.449982 -0.145769 0.323555 -1.048073 -0.330262
0.237394 -1.012300 0.766806 0.387694 -0.319057 0.516664 -0.326055 0.017877 0.829951 0.386456 0.221824 -0.258393 -0.015603 -0.217509 0.041383 0.250344 -1.251131 0.742985 -0.222758 -0.494788 0.555700 1.274246 -0.841898 -0.448255 -0.567752 -0.625545 0.203309 0.245200 -0.040805 0.330607 -0.515753 0.654697 -1.231643 1.471259 0.362817 -0.344964 -0.327804 0.205605 0.687478 0.990096 -0.596216 0.206380 0.792639 0.715495 -0.300621 -0.411010 0.444036 0.494890 -0.636263 0.030895
0.792854 0.150919 0.780674 0.053036 -0.640994 0.743721 0.786217 0.041489 0.067961 1.082648 -0.244485 0.939311 -0.265546 -0.058597 0.143145 0.509977 -0.456309 0.301389 0.182918 0.259640 -0.155119 -0.981943 0.474734 0.732480 -0.936024 0.150837 0.617477 0.528483 0.728525 0.516236 0.581116 -0.797160 -0.429744 0.924322 -0.681410 -0.915213 -0.495643 0.319772 1.133166 0.071914 -0.999835 -0.326219 0.325557 0.338357 0.902272 0.274954 -0.719968 0.587692 0.123874 0.617291
-0.861759 0.323100 -0.144010 -0.090846 0.831341 0.123376 1.541491 0.154382 1.095076 -0.309463 -0.653435 0.433035 0.335703 0.087851 1.180979 0.341656 0.873722 -1.050296 0.105614 0.135759 -0.924049 -0.299996 -0.679018 -0.179481 0.402130 -0.927327 0.232196 0.367405 -0.360387 -0.377536 0.680897 0.862692 -0.283750 -0.444375 0.179079 0.352110 -0.220400 0.800550 -0.202458 -0.130285 0.405088 -0.934826 0.339959 0.254636 1.329821 0.484642 -0.390563 -0.509836 -0.999692 -0.876026
0.220856 -0.351753 0.433097 -0.659612 0.867498 -0.541905 0.413715 0.343507 -0.748775 -0.721226 -0.082299 0.379768 1.043892 -1.051753 -0.993933 0.518615 0.118619 0.869028 -0.602451 -0.053547 -0.652397 0.127740 0.708954 0.333624 0.711963 0.574487 -0.446403 -0.250045 -0.876617 -0.644894 -1.215842 -0.067542 -0.475276 0.181437 0.174033 0.196982 0.000906 0.492591 -0.013967 0.082682 1.293828 -0.841721 -0.456340 -0.827851 1.206152 0.474440 -0.326499 -0.531086 0.424951 0.154490
-0.079448 -0.501669 -0.267865 0.543424 -0.910356 0.537838 1.114729 -0.424037 0.232487 0.656763 1.012701 0.114460 0.486376 -0.856222 -0.045689 0.367844 -0.246898 -0.923722 -0.392706 -1.022215 -0.695906 -0.376706 -0.197829 0.449967 -0.425910 1.201053 -0.517388 -0.852003 0.622159 -0.123058 -0.822809 0.127135 -0.524162 -0.155353 0.715026 0.046046 0.234031 0.534320 -0.795659 0.299944 -0.318052 0.586182 0.090936 -0.922322 0.913407 -0.486612 -1.116557 0.508065 -0.393043 -0.816486
0.928858 -0.014278 -1.091197 0.134614 -0.371298 1.889658 1.797560 -1.110281 -0.186322 0.473374 -0.481834 0.123368 -0.056261 -0.289630 0.958772 0.567544 -0.128856 -0.349978 0.036095 -0.139071 -0.634687 -0.824912 -0.727989 1.059798 0.411129 1.078399 0.464601 -0.622572 -0.877768 0.571130 1.145549 0.916242 -0.869533 0.805224 0.733150 0.588195 -0.627775 0.566299 1.169309 -0.436019 -1.299950 0.416045 0.656338 -0.768383 -0.284571 -0.059717 -0.047023 0.045778 -0.359125 0.602924
-0.165081 0.684441 0.274089 1.146754 -1.336392 0.654842 -1.052331 -0.314569 1.002541 -0.186315 -0.226974 0.463049 -0.705731 0.366205 -0.976684 -0.922658 -0.717757 1.295449 -0.376255 0.726060 0.067068 -0.056975 -0.282999 -0.196533 0.970898 0.588483 -0.345455 -0.491195 -0.034103 -0.887695 -0.802190 0.187882 0.241596 -0.561840 -0.726308 0.850219 -0.064464 -0.800588 1.018633 0.484832 0.151470 0.506614 -0.361107 -0.676255 -0.314470 0.092890 -0.184953 0.314864 0.361315 0.857208
-0.709495 -0.103110 -1.052979 0.667712 -0.400395 -1.031627 -0.251006 -0.001451 0.714076 -0.033441 0.044219 -0.103457 -0.662435 0.115056 0.157889 0.592072 -1.103421 0.085810 -0.455562 -0.142609 -0.748131 0.835173 -0.632583 0.587061 0.279972 -0.237797 -0.459163 0.244792 1.309532 -1.339192 0.886025 1.171012 -0.929644 -0.584993 -1.253583 0.851667 -0.463431 0.893260 -0.031104 -0.026798 0.854663 0.259705 0.792861 -0.736169 0.047718 -0.177302 1.367611 -0.158726 -0.690378 -1.042355
0.694033 -0.302282 0.666700 0.103303 0.217573 -0.590023 -0.424690 -0.085997 -0.629506 0.673911 -0.710307 0.572992 -0.164409 0.780597 0.785875 -0.263586 -0.002208 0.598712 -0.751446 -0.894416 -0.596486 0.663649 -0.387218 0.154142 0.197077 0.374095 0.148505 -0.844022 0.868753 0.416481 -0.783958 -0.161189 0.208399 0.379988 0.014702 0.857231 -0.051190 0.218087 0.264330 -0.663730 0.625473 0.495920 0.124567 0.250244 0.453536 -0.986160 -0.169968 -0.297041 0.448005 0.358583
0.006506 0.823070 -0.562002 -0.394953 0.106097 -0.832182 -0.036586 -0.277000 -0.522244 -0.665922 1.021403 0.063239 -0.636983 -0.571586 -0.104620 0.873184 0.604091 -0.494562 -0.091409 0.160862 0.593289 0.049685 0.177910 -0.731172 -0.219385 1.043483 -0.251851 0.097095 -0.002416 -0.078008 -0.308842 0.095935 0.804067 0.569209 0.621690 -0.668914 0.515696 -0.131815 0.483052 -0.869696 -0.083221 -0.668362 0.493699 -0.036143 0.796805 -0.239640 -0.838191 0.897416 -0.228002 0.059388
0.158966 0.044031 -0.931485 -0.388434 -0.787784 -0.656540 -0.191296 -0.756324 -0.178070 -0.205787 0.149338 0.916321 -0.307275 0.510939 -0.415125 0.170779 0.059630 -0.049965 -0.064674 -1.015142 0.972625 -0.086836 0.131774 -0.341995 -0.737906 0.829622 -0.522451 0.555717 0.602334 0.536871 -0.292657 -0.525153 0.697759 0.015841 0.881080 0.853033 -0.484486 0.267265 0.983008 0.673034 1.074362 0.535790 0.641172 0.570118 0.313055 -0.288599 0.718333 0.006897 -0.586600 0.221730
0.349714 -0.271168 0.030800 -0.655230 0.117663 0.743163 -0.204795 0.219193 -0.426886 0.669566 -0.396645 -0.600421 0.090839 -0.785312 -0.776461 -0.765705 -1.105321 0.419630 0.385905 -0.940123 0.767990 0.542911 -0.703372 0.155279 0.870543 -0.306688 -0.335691 0.287042 -0.115077 -0.020930 -0.015767 0.847160 0.336946 0.667825 0.265868 -0.559211 -0.516754 0.570768 -0.720526 -0.782130 -0.701754 -0.309479 0.151841 0.301540 0.800057 -0.954008 0.784164 -0.242271 0.765461 -0.334836
0.592432 -0.776928 -0.371055 0.155899 0.312980 0.404203 -0.173742 -0.310148 0.532339 -0.060249 0.182737 1.206485 -0.795420 -0.784790 -1.091813 -0.224393 0.068992 -0.364767 0.038743 -0.835198 -0.828932 0.698512 -0.341288 0.143423 0.456905 -0.277070 -0.155758 -0.399300 0.838769 0.225112 0.459595 -0.516970 -0.133478 1.055053 0.762668 -1.132711 0.915600 -0.233379 -0.832266 -0.169952 0.000695 0.682722 0.568682 -0.488325 0.253780 0.385960 0.466649 0.733320 -0.744620 0.307645
-0.442233 -0.017133 -0.719975 0.546302 -0.866681 0.347497 -0.282971 0.186989 -0.851041 -0.266109 0.212331 0.575740 -1.343023 -0.378783 1.257856 -0.531979 0.085283 -0.495030 -0.345086 -0.238450 0.305429 0.391847 -0.954437 0.077371 -0.533142 0.989222 0.621879 0.988516 0.951579 0.975378 0.956849 -0.693260 -0.187075 0.283450 0.818516 0.061243 -0.329216 -0.682138 0.914048 0.548039 0.393143 -0.075025 -0.004735 1.118545 0.346848 -0.509089 0.844885 -0.821392 0.804612 -0.511935
-0.595302 -0.732088 -1.181775 0.265540 -1.489691 -0.026307 0.901756 -0.164464 0.008342 -0.162495 -0.374769 -0.157160 -0.134062 0.299018 0.282155 -0.514039 0.582796 -1.329685 0.356200 -0.166325 0.649569 -0.463309 0.588654 -0.173567 0.577098 -0.136545 -0.578632 0.558096 -0.331945 1.058642 0.494475 -0.295877 -1.138066 -1.187271 0.146687 0.893165 -0.425869 0.982406 0.517359 -0.637826 -0.880350 0.455884 0.186726 1.141334 0.067993 -0.320495 -0.154166 0.363388 0.641918 1.139298
1.051695 0.671963 -0.127963 -0.454548 -0.424107 0.308203 -0.269315 -1.040420 0.596500 -0.591773 0.368980 0.107256 0.700400 -0.286322 -0.181136 -0.486552 -0.175260 -0.457901 -0.384011 0.520345 -0.661623 1.114446 0.837695 -0.086881 -0.470819 -0.563296 0.750928 1.137019 -0.513543 -0.283011 -0.938729 -1.051493 -0.202487 -0.827173 0.135148 -0.097283 -0.638294 -0.037094 -1.246873 0.080163 -0.028528 -0.330889 1.128188 -1.129378 0.593082 0.917313 -0.321916 -0.819378 -0.465633 1.006718
0.591964 0.635994 0.810891 0.972556 -1.237405 0.704960 0.865937 -0.271610 0.937621 -0.293029 -0.158516 -0.193439 -0.405315 0.405974 -0.356409 0.563273 -0.260777 0.621623 -0.404556 -0.421170 -0.135186 -0.084478 -0.236872 0.691217 -1.178699 0.188835 -0.204156 0.679079 -0.721609 0.886104 0.476637 0.366795 -0.173826 -0.427789 0.598350 0.459473 -0.228864 0.146685 -0.103453 0.912016 1.151572 -0.025292 1.152239 -1.346712 0.128213 0.689067 -0.659228 -0.700489 0.192037 -0.137395
-0.252138 -0.339957 0.539892 0.568106 -0.268729 0.686211 0.238286 -0.477780 0.172204 -0.019161 0.214752 -0.149402 -0.471780 -0.393032 -0.388514 -0.736598 0.612464 0.166526 -0.025982 -0.558785 -0.962224 0.540777 0.013087 0.631299 -0.249730 1.018056 -0.507218 -0.765848 0.763730 -0.608350 -0.220111 0.742178 -0.167510 -0.648281 0.491179 0.631818 0.604650 -0.827392 -0.739373 -0.045877 -0.349193 -0.440309 -0.632951 -1.828016 -1.432238 0.476005 -0.466405 1.000419 1.168780 0.785300
0.745268 0.415653 0.299107 1.050532 0.069806 0.922853 -0.017353 -0.498374 0.815225 -0.211646 0.445045 0.192973 -0.674630 1.281668 0.608017 0.847191 0.058286 -0.381091 -0.727411 -0.845628 0.247614 0.957034 -0.033356 0.405651 0.886655 -0.007054 0.254236 -0.715484 1.144611 -1.350718 0.768713 -0.022443 -0.332070 -0.536330 -0.978848 -1.092370 0.725065 -0.763314 0.070855 -1.122872 0.211841 -0.796289 0.614584 -0.876306 -1.107473 -0.299759 0.644100 0.579160 0.085944 -0.082830
0.658402 -0.362757 -0.337325 1.064252 0.299081 -0.439675 0.460654 -0.534278 0.525353 0.101824 -0.672022 -0.440189 -0.513528 -0.505087 -1.123169 -0.993526 -0.860177 0.500130 0.476085 0.945043 0.227473 -0.123791 -0.631042 0.873455 0.906953 -0.276534 -0.529141 0.671785 -0.251310 -0.720383 -0.453078 1.355318 0.311376 0.575124 -1.147340 -1.189965 0.276425 -0.222762 0.095243 -0.443258 -0.551785 -0.927426 0.192238 -0.392265 0.205983 -0.218313 -0.194919 -0.224227 0.893915 -0.448817
0.810823 -0.908559 0.300505 1.090844 0.805377 -0.034018 -0.520399 0.660184 -0.759907 0.304660 0.341678 -0.532178 0.000130 0.083005 -0.519457 -0.651202 -0.757720 -0.235097 -0.900223 -0.266617 0.069992 -0.061010 0.299728 -0.259673 -0.422992 0.524624 -0.587956 0.005052 -0.384628 0.611801 0.398870 0.067564 -0.677527 -0.349641 -0.325286 -0.834476 -0.049720 -0.762720 -0.324117 -0.247888 0.787839 0.589826 -0.546004 0.739050 -0.634522 -0.835304 -0.613977 0.835692 0.843202 0.534534
1.164863 1.000510 -0.778764 -0.559249 0.269794 0.651148 0.614586 -0.247276 -0.313453 -0.030291 -0.542449 0.110463 0.959374 -0.156517 -0.696725 0.349840 0.894873 0.094176 0.928535 -0.749352 0.500078 0.151092 1.028772 0.283311 0.230464 0.271282 0.592770 0.393996 -0.081596 -0.602300 0.706473 0.015641 -0.672285 -0.294612 0.119042 0.112048 0.664689 -0.547867 0.023646 0.220150 1.083195 -0.057044 0.540616 0.784014 -0.645239 -0.488048 0.750195 -0.384187 0.825045 0.892105
1.143372 -0.679476 -0.232186 0.097962 0.253319 -0.739485 0.415935 -0.609817 -1.022274 0.656873 0.101403 -0.200038 -0.110256 -0.603771 0.496461 -0.194216 0.822765 1.097753 0.833164 0.142344 -0.255322 -0.465711 -0.606807 0.229717 0.104920 -0.145411 -0.035894 0.965380 -0.744409 -1.001810 0.009569 -0.310059 1.071825 -0.453103 -0.159439 -0.445132 0.022920 0.220505 0.937420 0.965096 -0.214385 -0.324532 -0.368786 -0.020227 0.118866 0.069979 -0.121914 -0.655633 -0.741238 0.458345
1.043393 0.349324 -0.040474 -0.695051 -0.241782 -0.609957 -0.474051 -0.020304 0.048820 -1.034408 0.637456 -0.546187 0.076331 -1.020740 -0.183543 0.739210 -0.988923 0.152338 0.058745 -0.452776 0.623784 0.500137 0.240825 -0.453546 0.839327 0.410759 -0.658391 -0.359553 0.256977 -0.853032 0.675281 -0.308308 0.171278 -0.628807 -0.304169 -0.151396 0.915604 -0.063420 -0.092917 0.579215 -0.398919 0.519103 0.807394 0.228192 -0.437926 -0.346909 0.464108 0.424269 0.640101 0.735341
0.443939 0.054798 0.857863 -0.527254 -0.520985 0.472698 -0.035103 0.187597 -0.533486 0.736267 0.799806 -0.891074 0.638596 0.340372 0.413325 0.660197 -0.710114 0.840245 0.271921 0.064186 0.410324 -0.577158 0.165674 -0.324411 1.097881 0.004928 0.357604 -0.298397 0.796554 -0.428552 -0.422643 -0.543106 -0.616669 0.369685 -0.435993 0.577151 0.018148 -0.136577 0.553562 0.217361 -0.699359 0.519817 0.234708 0.541112 0.238625 0.308917 0.464625 -0.671219 0.989164 -0.630507
-0.314921 -0.286822 -0.055219 -1.017964 0.489706 1.205586 1.119919 0.043596 0.279142 -0.222743 0.012499 -0.009938 0.077732 -0.041115 -0.256899 -0.490108 -0.440404 0.845235 -0.347452 0.790148 0.524494 1.032372 -0.718761 -0.596029 -0.049996 0.366936 0.255846 0.716615 -0.381921 1.178213 -0.462052 0.446726 -0.781769 -0.079201 -0.228055 0.379707 -0.323163 0.171283 -0.333677 0.120718 -0.783899 0.076916 -0.958055 -0.102487 0.222325 0.372537 -0.065511 -0.306402 -0.522859 0.048937
0.574705 -0.854395 -0.136516 0.566516 -0.159923 -0.158800 -0.669327 0.579875 -0.550207 -0.946490 1.409135 -0.975360 0.024064 -0.079788 1.255116 0.454387 0.791198 -1.025105 0.286010 0.396856 0.523754 0.192032 0.199417 0.438655 -0.320400 0.305344 -0.310846 0.167392 0.558989 0.180398 -0.818055 0.336963 0.052962 0.161359 0.716438 -0.164752 -0.353099 0.626145 0.927391 0.106762 0.530708 0.548725 0.436680 -0.164654 -0.247428 -0.036300 0.223818 -1.188355 -0.686314 -0.098648
0.840373 0.860016 0.107214 1.147536 -0.627590 -0.115784 0.672676 -0.698481 0.666271 -0.384154 -0.045943 -0.897632 -0.954047 -0.670668 -0.219029 -0.393847 0.213711 -0.588103 -0.382429 -0.067183 -0.699270 -0.312367 0.712928 0.571351 0.145948 -0.044011 -0.881077 0.935538 -0.844191 -0.267385 0.922504 0.236438 0.097380 0.673379 -0.396728 0.386980 -1.164518 -0.411458 -0.439138 1.006041 -0.242110 0.245827 -0.428709 1.026879 0.114259 -0.079976 -0.081507 -0.864421 0.231964 -0.684343
0.689941 -0.602349 -0.271021 1.937887 -0.262198 -0.059252 0.156448 0.017526 0.286921 -0.461632 -0.217843 1.077961 0.213899 -0.270518 -0.245362 0.152220 0.104182 -0.083675 -0.716846 -0.756843 -1.054876 0.376438 -0.837117 0.674614 -0.402242 -1.158536 -1.440322 -0.997968 0.231501 1.284422 -0.658716 0.649428 1.116131 0.019697 0.401057 0.638412 0.112346 -0.627979 0.071296 0.484173 0.635834 -0.773511 -1.080693 0.318367 -1.343575 0.999049 -0.557613 -1.080034 -0.026267 -0.188104
1.048555 -0.245584 0.851630 1.147818 -0.823861 -1.047375 0.076211 -0.816473 0.085250 0.197476 -0.744910 0.305284 -0.353782 -0.440043 -0.549464 0.189264 -0.292409 -0.389104 -1.303953 -0.866074 0.121051 0.848920 -0.676265 0.496840 -1.249649 0.372632 -0.538885 0.609120 0.605312 -0.624270 -0.516714 0.086656 0.771698 0.039530 -0.448023 0.959439 -0.475750 0.089609 0.669108 0.280477 0.357487 -0.256068 0.033199 -1.013987 -0.557342 0.017676 -0.168398 0.281511 0.706864 1.545732
0.519634 0.738736 -1.069026 0.285945 -0.537621 -0.627197 0.425035 0.504915 0.204564 0.671445 -0.690967 -0.738521 0.399556 -0.208478 0.657819 0.106419 0.683276 0.234780 -0.292821 0.321779 0.150124 -0.010792 -0.649609 -0.507850 0.116426 0.362062 -0.152400 0.599621 1.096194 -0.015893 -0.188081 0.240976 -0.559155 -0.518730 -0.788385 -1.059031 0.828641 -0.029104 -0.753733 -1.233727 -0.399885 -0.315353 0.233622 -1.226350 -1.114342 0.256901 0.893891 0.636825 0.784349 -0.276683
-0.107975 -0.010875 0.095444 0.547589 0.198278 0.304288 0.155752 -0.778613 0.740907 -0.438942 -0.313124 -0.472540 0.018517 1.166158 0.875551 0.799354 -0.538063 0.607261 0.358315 0.922491 0.438153 -0.466898 -0.618192 0.863930 0.657155 0.599149 0.515755 -0.076108 0.014657 -1.117093 0.207103 -0.452500 -0.708291 -0.897958 0.047786 0.582841 -0.488896 -0.378852 -0.187288 -0.076815 -0.921783 0.688875 -0.348620 -1.396597 -0.749220 0.390213 -0.318218 0.193486 -0.188676 -0.521650
-0.341505 -0.324408 -0.680691 -0.463056 -0.346776 -0.104683 0.718421 -0.204375 0.784993 -0.029861 0.157622 0.050142 -0.473140 0.348266 0.867365 -0.795966 -0.251428 0.830857 0.561758 0.295261 1.015745 -0.315805 0.747265 -0.985103 -0.254997 -0.835151 0.485978 0.101076 -0.099510 -0.426967 -0.149231 0.099398 0.451267 -0.336627 0.803733 -0.777428 1.056816 -0.832882 -0.732907 -0.543421 0.841311 0.278755 -0.285084 0.392368 0.574655 0.700546 -0.708245 0.639516 0.028224 0.264341
1.136111 0.669159 -0.643763 0.756949 -0.890155 -0.675934 -0.154250 -0.474881 0.851821 -0.947096 -0.873213 -0.141654 -0.076771 -0.791588 -0.156105 -0.605696 -0.689380 -0.025054 0.823570 0.513752 -0.360995 -0.719065 0.519449 -0.946449 -0.810929 -0.548020 0.981015 -0.685416 -0.383758 0.130882 0.957873 0.241575 -0.165576 0.280508 0.337184 -0.012836 0.617554 -0.152954 0.422244 -0.105470 -0.073676 0.013024 0.442940 -0.223968 0.676410 -0.685790 0.792561 -0.458519 0.293725 1.058480
-0.848340 -0.756628 -0.766723 0.040580 -0.627407 0.156150 0.721678 0.726883 -0.559767 0.262242 -0.727845 -0.904516 -0.682347 0.894429 -0.709350 -0.355570 0.131173 0.503172 -0.211516 0.807267 0.833156 0.925052 0.680051 0.881895 0.856947 -0.141438 0.921848 -0.163551 -0.973140 -0.915693 -0.430729 -0.956763 -0.484387 -0.569496 0.022164 0.511041 -0.138678 0.860999 -0.764415 -1.102040 -0.746444 0.739212 -0.905758 -0.537622 -0.640734 -0.970948 0.848845 -0.764252 -1.018962 -0.803374
0.017776 -0.613249 -1.192568 -0.129586 -0.705132 -0.935211 0.355876 0.008689 -1.056474 -0.227266 -0.329181 0.145741 -0.735489 -1.134251 -0.829680 -0.124276 -0.694219 0.771648 -0.322687 0.992983 -0.130074 0.697738 0.417091 0.576745 0.205045 0.744261 0.557366 0.570140 0.343749 1.069341 1.197883 -0.493832 -1.021090 -0.858761 0.757644 0.249735 0.303544 -0.812921 -0.127672 0.355777 0.207702 0.025190 0.896569 0.980982 1.221917 -0.748390 -0.936802 0.239372 -0.640399 -0.112131
-0.670588 0.981248 -0.449029 -0.340990 -0.753507 -0.766445 0.769426 -0.628949 -0.223669 0.150385 -0.106261 -0.291763 -0.725235 0.286317 0.318884 0.283257 0.612178 -0.374531 -0.935925 1.131696 -0.223783 -0.454766 -0.367335 -0.473628 -0.290356 0.976248 -0.000742 -0.102632 0.372588 1.461416 0.628672 0.599094 0.322088 -0.924596 -0.362125 0.536922 -0.937332 0.554167 0.266971 -0.258863 0.479130 0.871641 -0.189636 -0.089692 0.396055 -0.071630 0.427785 -0.413760 -0.340855 0.551883
-0.584611 -0.046917 1.298547 -0.617342 0.206733 -0.090916 0.034048 0.173460 0.692167 0.532143 -0.899057 -0.199728 0.952290 0.710783 0.253936 -0.584127 -1.092934 -0.202675 -0.623452 -0.447293 -0.608994 -0.996067 -0.513599 -0.510296 0.393528 0.348592 -0.073454 0.331155 1.311914 -0.065501 0.087336 0.270185 -0.845072 -1.379870 0.746994 0.072945 0.126507 -0.307599 0.302138 -0.880985 0.733196 0.751843 0.729666 0.101344 -0.669836 0.301469 -0.013406 0.391835 -0.660197 0.393997
-0.468716 -0.553198 -0.099794 -0.741096 -0.508036 0.300155 -1.008895 0.452818 0.542996 0.938576 -1.127975 -0.917566 0.049458 1.057773 -0.352538 -0.689144 0.040467 0.162487 0.275553 -0.817428 -0.995084 -0.304408 0.578909 -0.008731 -0.092431 -0.326591 -1.227590 -0.920468 0.396910 -1.050515 -0.286194 1.047943 0.120485 0.237797 0.271213 -0.061121 -0.236918 0.195508 -0.241130 0.298387 -0.111614 1.030825 0.635401 0.072998 -0.143636 0.579027 -1.417633 0.092294 0.010784 -0.487737
-0.072273 0.997642 -0.078089 -0.042991 1.535841 0.517000 -0.619831 -0.178969 -0.141075 0.703367 0.522255 -0.167843 -0.852454 0.913359 0.847720 -0.959337 -0.512757 0.782394 0.751170 -0.013151 0.301942 -1.806990 0.855624 -0.439732 0.335719 -0.463657 -0.065995 0.020854 -0.789444 -1.093286 0.778475 1.268694 0.615297 0.737036 0.209359 0.210016 0.047980 0.176627 -0.518043 0.249910 0.502641 -0.098584 0.581603 0.123199 -0.829313 0.782171 -0.677552 0.741778 0.866564 0.397016
-0.493461 -0.772467 -0.470295 0.226002 0.861545 -0.783735 0.130215 0.755375 1.379134 0.529114 -0.934684 -0.739636 -1.104497 1.600515 0.443595 0.438332 -0.644261 0.362865 -0.469064 0.346932 -0.605507 -0.115598 0.268337 -0.145964 0.355756 -0.713698 -0.805712 -0.119122 0.694462 -0.629319 -0.847626 0.452252 -0.105620 0.228424 -0.426980 0.106362 -0.277871 -0.311583 -0.464985 -0.073069 -0.052238 -0.224053 -0.637831 0.610406 0.832166 -0.714434 0.522231 0.576890 0.353692 0.131394
0.439073 -0.228430 -0.006473 0.200437 0.656871 -0.886696 0.491810 0.302220 -0.332490 0.821137 -0.543905 0.945659 0.332966 1.086552 0.382122 0.113703 -0.039987 0.458407 -1.300869 0.734140 0.261917 1.033424 0.109173 0.013082 -0.409673 0.160729 -0.232757 0.763760 -1.061757 -0.604839 0.328096 0.318056 0.535425 0.767111 -0.026226 1.133984 0.868220 0.515352 0.599070 -0.459140 -0.289679 -1.538545 -0.631496 0.018344 0.615496 0.782827 0.320071 0.555408 -0.528719 0.465518
0.653525 0.648353 0.404346 0.547376 0.104756 0.055136 -0.519432 -0.097994 -0.365182 -0.217989 -0.258178 -0.083326 -0.817747 -0.723886 -0.397753 0.360416 0.049244 -0.319830 -0.128953 0.285595 0.487825 0.851879 0.160585 -0.613366 -0.695739 0.029206 1.187184 -0.327196 -0.894206 0.554491 0.227091 0.022926 0.089429 0.211369 0.514668 -0.323597 0.246512 1.216403 -1.181221 0.052718 -0.164372 -0.073013 -0.524733 0.442247 0.165179 -0.058264 -0.973009 0.077364 0.768769 0.573202
1.040808 0.257561 0.249416 0.099464 -0.343238 -0.913795 -0.356528 0.557676 0.874338 -0.120914 0.796075 0.005043 -0.184277 -0.159684 0.576704 0.097826 0.412978 -0.022515 -0.225777 -0.201159 -0.041576 0.258399 -0.254484 -0.727099 -0.297169 0.047099 1.293242 0.616166 0.620021 -0.627414 -0.593377 0.059679 0.086420 -0.487016 -0.904267 -0.255319 0.025206 -0.052517 0.242247 0.194440 -0.951525 -0.400212 0.932313 0.314500 -0.402150 -0.659374 -1.120271 -0.439202 -0.765630 0.034594
-0.148400 -0.966703 -0.298253 -0.863806 0.693547 0.481509 -0.915798 0.316541 0.221721 -0.197549 0.680527 0.538671 -0.277828 -0.874592 0.129925 -0.692244 0.597854 0.684273 -0.807607 0.887531 -0.140731 -0.274238 0.141817 0.588495 0.196200 0.040424 0.842397 0.391027 1.004789 -0.047127 0.934815 0.403662 0.309257 -0.148551 0.774346 -0.587636 0.326347 -0.965727 0.172547 0.701616 0.888649 -0.538932 0.391862 -0.397918 0.455219 -0.769965 0.487126 0.882130 -0.843617 0.382836
0.151332 -0.314209 -0.376128 0.394185 -0.596696 0.204473 -0.605118 0.627831 -0.068204 -0.294331 -0.358830 0.800143 0.639467 0.035703 0.443044 -0.232592 0.731575 -0.385942 0.613025 -0.438510 -0.843568 -0.080634 0.005523 0.986739 -0.778374 0.175605 -0.009494 0.207790 0.829036 0.004732 0.280829 0.692651 0.257391 -0.081700 0.268791 0.739922 -0.153523 0.610920 0.185124 0.783274 0.431295 -0.086618 0.937362 -0.103417 -0.141645 -0.617285 0.286002 0.196321 -0.461998 -0.694482
0.690533 -0.173674 0.002313 0.695094 -0.015336 0.933135 -0.126558 -0.297764 -0.768735 0.251995 -0.060176 0.863724 0.409657 -0.761618 -0.008116 0.223579 -0.302857 1.134920 -0.443074 -0.350307 0.279009 0.202300 0.377931 0.253563 -0.359928 -0.612153 -0.258845 0.624011 0.364511 0.061822 0.015834 -0.805151 0.653573 -0.279847 0.734818 -0.192212 -0.646255 -0.639046 -0.110782 -0.474626 0.048039 0.237851 0.392883 0.692819 0.031535 0.060054 0.078588 -0.229677 -0.914132 -0.569448
-0.112887 0.266115 -1.268052 -0.159329 -0.133556 0.839039 -0.436669 0.378720 0.188549 -0.435786 0.389917 -0.382716 -0.391067 0.797632 -0.453987 -0.228283 0.006218 1.031095 0.017874 0.091996 0.567461 0.815097 -1.076525 -0.232648 -0.141318 0.768769 0.449063 0.690898 -0.605168 -0.332253 0.372463 0.871128 0.337100 -0.914074 0.161816 0.697139 -0.183362 0.694709 0.041378 -0.249627 0.426924 -0.530332 0.849398 0.038036 0.817256 -0.457943 -1.227390 0.344120 -0.076059 -0.848734
-0.404469 -0.043390 0.387044 -0.428377 0.487825 -0.578276 -0.435213 -1.317143 0.473620 0.698305 0.620566 -1.022979 -0.133614 -0.120664 -0.298800 -0.084325 0.882166 -0.732599 -0.470183 1.360810 1.318376 -0.714458 -1.288480 0.319180 -0.489077 1.070077 0.588653 0.353362 0.643220 1.137192 0.323573 -0.474967 -0.969508 0.304751 -0.474868 0.674784 -0.886258 -0.259152 -0.128381 0.398526 0.607269 -0.213998 -0.503020 0.222360 0.837669 0.507503 0.282888 -0.322659 -0.386228 0.483668
-0.037175 -0.606582 0.293954 0.480217 0.073974 0.014991 0.015691 0.293746 -0.003790 -0.137262 -0.441061 -0.078394 -0.035355 -0.056975 -0.614003 0.561434 -0.092727 0.359322 -0.332669 0.764286 0.707310 -0.443824 0.213913 -0.732778 0.789070 -0.172897 -0.611327 -0.756583 0.700895 0.489466 -0.443443 0.749160 -0.823356 0.380707 -0.218272 -1.005603 -1.127824 0.897210 0.918778 0.151631 0.798716 -0.219202 0.120640 0.199491 -1.070822 0.863490 0.255287 0.567393 -0.487539 -0.051952
-0.783893 -0.022810 0.139248 -0.265973 0.400967 0.184543 1.515162 -0.433550 0.631275 0.774825 -1.105109 -0.560309 0.983660 0.749010 -0.558333 0.739713 -0.542825 0.152727 1.115185 -1.019578 0.603933 -0.410115 0.786576 -0.467372 0.628060 -0.849810 -0.096652 0.185710 0.674255 -0.541236 0.865702 -0.508718 0.629765 0.992073 0.752494 -0.905323 -0.531643 -0.542999 0.155315 -0.168364 0.500893 0.164043 1.076186 -0.168384 -0.267761 0.387682 -0.940900 0.191793 -0.086831 0.529327
0.808336 0.078193 -0.990788 0.567205 0.012556 0.726856 -0.145796 -0.342319 -0.520097 0.693234 -0.150185 0.728034 -0.061330 0.863501 0.291772 -0.136694 0.684669 0.683609 0.293117 -1.079226 -0.017890 -0.343948 -0.054704 0.114090 -0.095342 -0.408087 -0.674911 0.189131 -0.525506 -0.440015 -0.099998 0.831983 -0.449851 0.096006 0.171266 -0.734464 0.283194 -0.484611 -0.505339 0.511540 0.302582 0.164409 0.572797 -0.312594 0.427445 1.184062 0.876742 0.156571 0.446824 -0.909252
0.317787 0.548229 0.771125 -0.169280 0.248151 -1.828647 -1.138695 -0.341872 1.056509 0.621886 -0.189175 -0.609716 -0.427149 0.973874 0.901611 1.057890 -0.230699 -0.005385 -0.479581 -0.670487 -0.603039 -0.933430 0.668309 0.350414 -0.244571 0.432657 0.261837 0.170279 -0.300012 -0.633615 -0.702628 1.061334 0.848756 0.885052 -0.667667 0.127820 0.109392 1.204318 -0.094069 0.660542 -0.641945 0.284497 0.289325 0.624039 0.162932 0.756906 -0.476913 0.693171 1.392032 -0.114405
-0.581747 0.049236 0.925148 -0.329454 0.636248 -0.230817 -0.480477 -0.791457 -0.200618 0.394226 -0.405110 0.569662 0.094531 1.029697 0.778507 0.826875 -0.049855 0.290567 -0.611952 1.157113 -1.040910 0.070834 0.904721 0.099121 0.341052 0.112277 -0.028099 -0.446495 0.570205 0.435065 -0.173364 1.125449 0.150254 0.199831 -1.152651 0.041715 0.704186 0.707565 0.662443 0.415657 -0.165522 -0.627982 0.656135 -0.280396 0.971898 -0.475645 0.119703 1.022013 1.221939 -0.829880
-0.555872 -0.907258 1.558176 0.240650 -1.309131 -0.540021 0.163972 0.038850 0.190631 0.959489 -0.667839 -0.180809 -0.102679 0.573823 -0.122707 1.006686 0.327630 0.002361 -1.056367 1.283366 0.375281 -0.380795 0.823913 -0.974128 -1.610787 0.031030 0.537400 0.676906 0.079813 0.956946 0.811663 -0.294594 -0.462163 -0.145224 -0.950836 -0.691770 0.709488 0.684421 -0.868001 1.592583 -0.598334 -1.172495 -0.386440 -0.222276 0.364173 -0.694310 0.083448 0.673657 -0.484534 0.621036
0.296178 0.180161 0.015634 0.682475 -0.173163 0.349787 0.365938 0.596444 0.142360 -0.120398 0.103287 -0.776516 -0.744557 -0.401272 0.690789 0.969727 0.705528 -0.801261 -1.166531 0.011068 -0.618298 0.769091 -0.135561 -0.746504 -0.097998 -0.669138 0.061811 0.402282 0.017646 0.558592 0.898572 0.269752 0.081129 -0.577604 -0.796553 0.239885 -0.688046 -0.275223 -0.525775 0.562151 -0.971333 -0.740619 0.271637 0.831423 0.694318 0.427702 0.815276 -0.040588 -0.325373 0.398177
-0.763680 -0.819023 0.446040 -0.220393 -0.506493 -0.718240 -0.241996 -0.072894 -0.872924 -1.035205 0.926829 -0.412614 0.745394 0.224224 -0.486168 -0.272407 0.421080 0.345770 -0.552760 -0.247470 -0.380554 -0.525714 0.370896 -0.798078 -0.255216 0.489655 -0.277600 -0.864009 0.613416 0.724128 0.874245 0.233365 0.299395 -0.082394 -0.530046 -0.509024 -0.615747 0.407525 -0.258339 0.106271 -0.796305 -0.590342 1.017969 0.851032 0.404878 0.758067 -0.786487 -0.933186 0.161044 -0.205363
0.330014 -0.768636 1.039980 -0.637863 0.697422 -0.219150 0.790063 -0.410002 0.779918 -0.859312 0.437189 0.016188 0.202813 0.676131 0.892495 -0.788528 -0.452878 0.633667 0.868533 0.785528 0.169956 -0.302959 0.431847 0.720899 -0.589576 0.887085 -0.247902 -0.010166 -0.091925 -0.353974 -0.811341 -1.017269 -0.816357 0.865024 0.595878 0.711524 0.810523 -0.005957 0.896154 0.010864 -0.713794 0.827349 -0.728009 -0.451567 -0.312900 -0.536088 -0.047734 0.463477 -0.511521 -0.171586

Bias v0 (Oculta):
-0.021020
0.698778
0.272250
0.955780
0.525379
-0.013254
0.704989
0.764705
0.341548
0.766158
-0.283773
0.030802
-0.611558
0.117185
0.929834
0.651982
0.026825
0.104489
0.656965
0.486257
0.105222
-0.040447
-0.693973
0.107368
-0.098007
-0.550513
0.050311
-0.510687
-0.441715
0.690419
-0.117104
0.847388
-0.364056
0.341085
0.864189
0.914192
-0.761255
-0.563930
0.132968
0.389442
-0.451973
-0.076394
0.335665
0.680582
-0.743904
0.448880
-0.118241
0.253751
-0.386581
0.997382

Pesos w (Oculta -> Sa獮a):
-0.439035 0.557023 -0.243905 -0.425686 -0.159385 0.157455 -0.631359 -0.264060 -0.105295 -0.263432 -0.512313 -0.978833 -1.576015 -1.384580 -0.418888 0.106614 -0.557086 -0.068413 -0.890203 -0.103598 -0.776031 0.280309 -0.846809 0.415713 -0.593768 0.270386
0.328507 -0.583908 -0.676921 -0.307614 0.064013 0.299456 0.019368 0.463619 0.393566 0.455829 0.865772 -0.803219 0.430484 -0.214521 0.802935 -0.589169 0.569558 0.155629 0.077231 -1.271713 0.895531 -0.497199 -0.065756 -1.273636 -0.393305 -0.420519
-0.648990 1.048944 -0.855061 0.997968 -0.509768 0.086002 -0.241550 0.133930 -1.638707 -1.230920 -1.571725 -0.367453 0.120324 0.135785 -1.064019 0.022802 -0.920023 -1.080598 -1.315326 1.804884 -1.741332 0.447363 -1.173133 -0.098386 1.249838 -0.318615
-2.128990 -0.385765 0.552062 -1.349527 0.649286 0.110500 -1.587488 0.384359 -0.088772 -1.202598 -0.063362 0.692728 0.029975 -1.134695 -0.085158 1.475234 -1.059588 -2.326794 -0.801762 -0.929210 1.662177 -0.743228 0.295843 -0.116987 0.514046 0.483374
0.948166 -2.630205 -1.548259 0.395817 -0.501960 0.063406 1.303809 -1.176963 -1.853882 -1.215214 -0.203421 -0.289804 -0.083656 -0.120939 -1.426566 -0.977186 -0.588232 0.623550 -1.488861 -0.909232 1.524847 0.101702 -0.065347 -0.026836 -0.087563 0.100352
-1.155439 -1.204491 0.197813 0.099151 -0.287222 -1.020208 -1.470716 0.046194 0.646113 -1.704863 0.730164 1.283653 -0.616836 0.326333 -0.124054 -0.904932 0.018555 0.101068 1.353424 -0.184758 -0.587078 -1.215894 0.895745 0.906737 0.623314 1.219821
-0.706164 -1.348700 1.963964 0.678640 -0.774485 -0.856911 0.498418 0.742144 1.216984 -0.985455 -1.135681 0.414285 -0.018514 1.014904 0.797422 -0.586892 1.470802 -1.017158 -1.894170 1.645906 0.461800 -1.722607 -0.444084 -1.050607 -0.483595 0.206489
0.494712 0.040437 -1.388752 -0.019770 -0.240588 -0.779018 0.233354 -1.085948 0.626556 0.237045 -1.327232 -0.072051 -0.014067 -0.631223 -0.437376 0.136522 0.970945 -0.941607 0.921388 -0.736484 -0.985936 -0.570539 -1.029051 -0.074861 -1.840039 -0.645309
0.361032 -0.758638 0.657345 -1.098651 -1.287410 -0.045757 -1.603197 -0.027896 -0.190853 0.282980 -1.733064 -1.334556 -0.595834 -0.973351 0.044370 -0.464284 -1.043968 -0.387129 -1.511229 1.266509 -1.146236 -0.450965 0.042727 0.256424 -0.497045 1.242356
0.763226 -1.199017 -0.995320 -0.545879 -1.264501 -0.574839 -0.609549 0.545315 0.174862 -0.899613 -0.783393 -0.281841 0.283494 0.416303 1.152187 1.258833 1.206234 0.323262 -0.169989 1.037264 -0.276654 0.596552 0.658560 0.601553 -0.440628 -0.272689
-1.543177 0.944538 -0.258290 0.195400 0.761461 0.273904 0.321789 -0.851850 -0.753581 -1.291455 0.213170 1.134717 -1.598675 0.447622 -0.266790 -1.187253 0.092047 0.372444 0.087447 0.352567 1.040851 -0.545460 -0.735009 -0.042434 -1.094956 0.665615
0.732529 -1.455028 0.074941 0.027835 0.596026 0.725662 1.455321 0.317614 -0.940754 0.702084 -0.384749 -0.029890 -0.620329 -1.188140 -0.847093 -1.065010 0.605218 -0.901406 0.180696 -0.658926 -1.337985 0.021066 -1.186406 1.071905 -0.826202 0.161251
0.534349 0.189462 -0.618199 1.385779 0.338088 -1.365037 0.276179 0.486003 -0.464197 -0.908628 0.858871 -0.387819 0.907053 -0.185605 -0.809218 -0.311532 0.585544 -1.741893 -1.671428 -1.730293 0.270253 0.424803 0.504221 -0.030023 -1.575808 -0.491889
0.041993 -1.169028 -0.676794 -0.571537 -0.208353 1.650245 -0.493556 -0.112389 -2.386303 0.567441 0.264528 -0.423836 1.139763 -0.830752 -0.742392 0.069535 -0.661474 1.068423 -0.136443 0.769080 -0.585333 -0.894572 0.567319 -1.292184 0.162275 -0.449879
0.714836 -1.512099 -0.668720 0.418140 0.038507 0.475994 -0.604298 0.570033 -0.679277 -0.048711 -0.417904 -0.306822 -0.820640 0.124911 0.811112 -0.426629 -1.317763 -0.078275 0.701747 0.188004 -0.982432 -1.519190 0.856281 -0.207479 0.714412 0.812624
-0.343832 -0.415706 -0.281188 0.299191 -0.526629 0.816209 0.327495 -0.869915 1.181939 0.191464 -0.361998 -0.929335 0.277767 -0.848610 0.216071 1.153981 -0.248991 0.664426 -0.312712 0.059373 0.446203 0.432145 -0.939760 -0.386558 -0.687936 0.118210
-0.970228 0.320668 0.087035 0.553644 -0.232334 -1.256927 0.965887 -1.061817 0.016095 0.901706 -1.507558 -1.412414 -0.109586 -0.242960 0.585614 0.615983 -1.060421 0.926984 -0.763641 -1.151781 0.389445 -1.817526 0.517919 -0.596684 -1.286372 -0.804650
-0.337765 -0.366011 0.870240 -0.792616 0.887694 -0.947162 0.563292 0.589802 0.559748 0.452515 0.386757 -0.933750 -1.416467 -2.279585 -0.942947 0.037843 -0.113116 0.402566 -0.367439 -0.179886 -1.987458 -0.158371 -0.067490 -0.177760 0.141803 0.485682
0.138576 0.040752 -1.724228 -0.118008 -0.504189 -1.584923 -0.658096 -0.388291 -0.691966 -1.421058 0.871544 -0.387431 -0.844823 1.137901 -2.160042 -1.297411 0.774291 0.581297 0.735259 -0.914843 -1.274194 -0.916175 -0.331330 0.113082 -1.897474 -0.785635
-1.082890 0.567141 0.758541 0.044287 -0.416306 0.293391 0.345434 -0.296576 0.026945 0.412353 0.310458 -1.949743 -0.149459 -0.848533 0.147817 -0.862011 0.139801 -0.046820 -0.453986 0.857767 1.551962 0.747368 0.309857 -0.897617 0.801920 -0.654949
0.568033 -0.666877 0.081926 -1.744024 0.444849 -0.629129 0.584206 -0.103902 -0.571490 -1.021802 -0.193285 0.235177 -0.939608 -0.246931 0.438187 -0.192949 0.716748 -0.093086 -0.445425 -0.816270 -1.028954 -0.306827 -0.041550 0.232108 -1.150924 -0.637431
-0.776595 0.924981 -1.678662 0.581409 1.199730 -0.619446 -1.658784 0.918839 0.328559 0.594608 -1.441260 1.344623 0.249332 -1.356874 -1.775955 1.295899 -0.573854 -0.327207 0.726660 0.148543 0.385629 0.370819 0.396458 -1.370166 -0.775174 1.043311
0.180898 1.649404 -1.474730 0.470025 -1.865557 -0.925685 -1.688485 0.229857 -1.551092 -1.565735 -1.931771 -1.010100 -0.959959 0.468041 1.473580 0.250876 -1.414959 0.531860 -1.612838 -0.102639 -1.072642 -0.985513 0.760211 -0.373871 -1.023568 -0.591659
-0.462346 -1.036047 0.571128 -0.704761 0.128030 0.640192 -1.080461 -0.069944 -0.986528 -0.729191 0.188669 0.270062 -0.544932 -0.874615 -0.919463 -0.983400 -1.092388 -0.470994 0.358855 -0.203814 -0.381894 -1.544591 0.187965 1.371080 1.264052 0.775531
-0.737893 -1.282570 1.428803 -0.025774 0.951326 0.199801 0.097441 -0.594433 -1.325085 -0.968787 0.170750 0.810803 -1.563826 0.707107 -1.407558 -1.715343 1.002663 2.022621 0.555342 2.136087 -0.662249 0.352388 -0.361281 0.463955 -1.734755 -1.135851
-1.170927 -1.459734 0.122981 -1.010231 -1.486542 -1.651135 -1.217079 -1.107928 -0.039050 -0.551213 0.718057 1.707494 0.377889 -0.779316 1.201434 -1.224328 -0.062121 -0.435780 -0.884114 0.347994 -0.136515 0.556461 -0.239257 -0.734220 0.006271 -2.077199
-1.096079 -0.528510 -1.054872 -1.241790 -0.124649 -0.538880 -1.557617 0.666971 -0.190310 1.719108 -0.037650 -1.295173 -0.161605 -0.771909 -0.302613 -0.420312 1.248411 -0.863849 0.437857 0.136618 -0.085649 -0.047987 0.688822 -0.292004 1.154723 0.806667
-0.546516 -0.431722 -1.213543 0.069868 0.705619 -0.405930 0.162703 -0.874883 -1.816354 -0.029385 -1.923597 0.158779 -0.097160 1.049727 0.255840 -0.999400 -0.574862 -1.358546 0.629916 -0.139036 -0.262823 0.631499 -0.341406 0.414602 1.223615 -0.695178
1.137411 -0.947129 -0.721980 -1.350942 0.354232 -0.252286 -0.608346 -0.741809 -0.272710 0.121431 0.092358 0.238011 0.662320 -0.101975 -0.283968 -0.757775 0.453202 0.497581 -0.198804 -0.601802 0.072687 -0.288614 -0.562987 -0.686720 -0.341757 -0.129731
-0.860969 0.335803 -1.256933 -0.833677 0.239536 -0.746840 0.306602 -0.746350 1.439480 -1.547123 -1.664589 0.394217 0.328302 -0.077477 0.859444 -1.455231 -0.369974 -1.090878 1.913699 -0.377804 1.141220 -1.031438 -0.287189 -1.659772 1.676411 -0.451419
-1.917251 0.418525 -0.596509 -0.356017 -0.657696 -0.167332 -0.875638 -0.921720 0.988370 0.076135 0.221586 -0.954984 -1.049585 -1.259935 0.430212 0.134307 0.176635 1.346861 -0.408870 -1.327417 -0.398928 -0.152197 -1.192106 0.678238 0.494318 -1.702400
0.712175 -1.293797 0.641687 -0.860164 -1.440197 0.500823 -0.446935 -1.002618 -1.526196 -0.635114 0.727136 -0.349005 -0.232955 0.195499 -1.973745 1.033720 -1.541125 0.419896 -1.019836 0.566534 1.205297 0.654626 -1.091239 -0.125339 0.498256 -0.066542
-1.575656 0.309048 -1.434432 -0.286464 0.518848 0.464520 0.048208 -0.123509 0.334593 -1.401043 0.177904 -0.081319 1.031130 0.383796 0.014792 0.222072 -1.937212 -0.083793 -0.996455 -0.757930 -0.628743 -1.661499 0.715434 -0.677736 -0.575445 -0.275117
1.034165 0.595218 -1.428239 0.717555 -1.036479 -0.438808 -1.219163 0.611700 -1.712623 0.490713 -1.092790 -0.089696 0.978236 0.178238 -1.061556 0.229607 -0.436250 -0.810961 0.658297 -1.040367 -1.196850 -0.860604 -0.707127 0.699293 0.649487 0.713204
-0.048090 -1.270881 -0.850197 0.795204 -0.815704 -0.876932 0.603117 0.263965 0.233896 -1.023740 0.862592 -1.131202 0.923977 -0.023779 -0.400102 -1.250620 0.062247 -0.980962 -0.921524 0.791446 0.890293 -1.001990 0.861555 -1.206831 -1.091084 1.304925
-0.699111 0.078978 -0.329514 -0.264900 -0.068513 0.756807 -0.933249 -0.888290 -0.835094 -0.154038 1.242070 -0.770108 -0.176876 -0.104982 -0.236000 -0.296293 -0.966820 -1.077946 -0.782070 0.437170 0.090931 0.179252 -1.269593 -2.109822 0.039300 0.433590
-0.711919 -0.188749 -1.637041 -0.257358 -0.423859 -0.510381 -0.901651 -0.619661 0.899743 1.072239 -0.345230 -1.390007 0.176605 -1.344841 -0.382887 0.312492 -1.327774 -1.267565 -1.052921 -0.108069 -0.932336 1.396450 0.558882 0.113893 0.076654 -0.258782
0.166185 -0.163632 1.094962 -0.334880 -0.213335 1.221915 0.682350 0.711966 -0.408902 0.513176 0.370058 -0.097316 -0.888381 0.800283 -0.737241 0.405532 -0.569491 -0.575835 -0.084698 -0.105016 0.526335 0.692927 -0.395722 -0.198984 0.690872 -1.675053
-0.633967 0.502847 -0.066889 -0.508883 -0.776898 -0.903764 0.126031 0.362625 -0.741500 -1.003288 -1.038405 -0.397829 1.521570 0.346647 -1.137627 -0.034673 0.291150 -0.141764 -0.144742 0.638225 -0.941676 -0.178895 0.026033 2.145822 1.517559 -0.256264
0.790834 0.529160 -1.182806 1.400681 0.301370 0.046759 0.695508 -0.422222 0.558852 0.913676 0.775852 0.487514 0.683303 -0.147879 0.609170 0.204443 -1.784681 -0.968082 0.846191 -0.198587 -1.424239 -1.274830 1.056605 0.529831 -0.564347 -0.329962
0.892372 0.888561 0.835388 -1.372296 1.052526 -0.276733 0.808183 0.160036 -1.252092 -1.059061 0.772130 -0.881306 0.460134 -0.218784 0.930073 -0.325706 -0.026472 -1.010360 -0.833257 -1.400731 -1.497077 -0.921982 -0.517779 -0.520620 -1.600995 -1.597229
-0.970832 1.151941 -0.074778 -0.372806 -0.641990 -0.900936 -0.326233 0.540570 -0.456044 -0.026648 0.182584 -1.388425 1.145687 -0.055630 -1.834817 -0.911533 1.366958 1.646155 -0.085632 -0.944190 0.082005 -0.462158 -1.041406 0.840533 -0.584455 -1.044879
-0.964115 -0.043045 -0.157940 0.707329 -0.773184 0.345847 -1.942844 -1.070899 -1.236329 0.757035 -1.554349 0.073460 -1.326306 0.075889 -0.070233 -0.682639 -0.078589 -0.193906 -0.087765 -0.077602 0.019177 -0.117849 -0.376932 -0.525585 -0.636900 -0.670578
0.545842 1.017113 -2.014568 -1.940208 -0.656645 -0.399082 1.836061 -0.455711 0.547824 -0.409419 0.333147 -1.669526 -1.782130 1.888358 -1.500935 -1.097005 -1.516198 -1.502468 0.929140 1.063721 0.318786 -1.358776 1.404140 -0.626185 0.405214 -1.614384
-1.470462 -1.238972 0.668401 0.647958 -2.631992 -0.197507 0.910685 -0.349215 -0.732741 0.914738 -1.980473 0.174922 -0.525419 0.292964 0.642877 -1.074399 -0.394597 -0.429892 0.764453 -0.394439 -0.621236 0.527565 0.454770 -1.317744 -0.609467 -0.365594
-0.029482 0.698507 0.489970 -0.288902 -0.449331 0.650582 -0.682207 0.652719 -0.881238 0.239773 -0.062909 -0.328207 -0.179390 -0.087958 -1.014901 -0.011008 -0.302031 -0.041251 0.301372 -0.494007 -0.014459 0.332929 1.691216 0.181714 -0.947647 -0.587909
0.120352 0.585126 0.202183 -0.639005 0.200107 -0.095239 -0.316793 -0.613217 0.811808 -0.332902 -0.286147 0.555577 0.182517 -0.444402 -1.017724 -0.098541 -1.417456 -0.787878 -0.016598 -1.012161 -0.818731 -0.398509 -1.557891 -1.180875 -0.857869 -0.235250
-0.090503 -1.093801 -0.295279 -0.581287 -1.090940 1.493617 -1.806590 -1.078622 1.475695 -0.390292 1.184822 0.392791 0.125533 1.190877 -1.167516 -0.371952 -0.862596 0.234423 -1.833180 0.086345 -0.676280 1.956005 0.491245 0.257061 0.745116 -0.837255
-0.809044 -1.586463 0.634877 0.350302 -0.234167 0.075038 0.098744 -0.654516 -1.051402 0.072511 1.046716 -0.498879 1.264698 0.906201 -0.011740 1.598898 -0.386799 0.503279 -1.023842 0.063504 -1.164245 -0.214066 0.177541 -0.865175 -0.374984 -0.575453
-1.032279 -0.713966 0.606059 -1.135970 0.663162 -0.866652 -0.755000 -0.801959 0.526247 -0.528564 0.419785 -1.310579 -0.888712 -1.205970 -0.702938 -0.650950 0.864410 -1.111176 -0.810458 0.168014 -1.168837 -0.145139 -0.741798 -0.742782 -0.137599 0.399219

Bias w0 (Sa獮a):
-0.079855
-0.194139
0.035005
0.251954
-1.366181
-1.102258
-0.683738
-1.064366
-0.881735
-0.753646
-1.214750
-0.469483
0.443689
-1.237818
0.072256
-0.152304
0.041977
-0.378738
-1.108756
-1.657466
0.243565
-0.636538
-0.771725
-0.810785
-1.408674
-1.018416
