Pesos v (Entrada -> Oculta):
0.325974 0.379387 -0.145184 -0.364068 -0.571339 -0.447352 -0.187988 -0.866010 -0.914592 0.212237 -0.033138 -0.099631 -0.414804 -0.023076 -0.690663 0.717113 0.514562 -0.082621 -0.872581 -0.309895 0.784662 -0.623188 0.379028 -0.183794 0.493207 -0.371302 -0.230197 0.722845 0.228469 -0.580719
-0.324906 0.361077 0.716748 -0.325903 -0.789342 -0.947831 -0.712750 0.599688 0.985290 -0.445522 0.646713 -0.246868 -0.825867 -0.609754 0.943700 0.142723 0.713803 0.092308 -0.875288 -0.438775 0.659497 0.258099 -0.094266 0.865983 0.293072 0.576897 -0.529958 0.582072 0.266098 -0.834930
-0.796383 -0.957961 -0.317879 0.391221 0.944121 -0.523994 0.397188 -0.940977 -0.056672 -0.386885 0.346922 -0.343685 0.581801 -0.780223 0.081635 0.080630 -0.825219 0.034846 0.877065 -0.339446 -0.340458 0.710775 0.156777 -0.978915 0.357372 0.038917 -0.620111 0.001074 -0.262910 -0.724530
0.921886 -0.440061 0.769138 0.062114 0.397443 0.330025 0.918745 0.876160 -0.790043 0.479846 0.714777 0.780924 -0.264043 0.140280 0.749345 -0.412721 0.290919 0.538922 -0.102790 -0.460453 -0.619460 -0.705939 0.351229 -0.499184 -0.773427 0.628333 -0.254515 -0.636910 0.773344 0.081897
-0.127682 -0.585671 0.958018 -0.078350 0.670146 0.285617 0.942545 0.068919 -0.959897 -0.599198 -0.334008 -0.314832 -0.882328 0.827517 0.211005 -0.817738 0.982085 -0.836352 0.608548 0.656883 -0.789788 0.367097 0.950449 -0.050988 -0.132351 -0.514101 -0.755901 0.303017 0.957214 -0.683210
-0.182443 0.505357 0.495804 0.847794 0.724832 0.038032 -0.154964 -0.315188 0.090769 -0.966265 -0.053545 -0.563411 -0.288948 -0.566147 0.932149 -0.552533 0.726958 0.746703 0.678036 -0.322203 0.230894 0.933283 -0.286460 -0.781863 0.032439 -0.371833 -0.399120 -0.678633 0.333553 0.339954
0.361840 0.844607 -0.102916 -0.800887 0.849086 0.151646 -0.649815 0.029412 -0.171009 0.546301 0.096131 -0.405266 0.982746 0.767961 -0.279890 0.164274 -0.908974 -0.044198 -0.353713 0.848287 -0.854857 0.307662 -0.130037 0.650222 -0.352918 0.315365 0.288487 -0.907604 0.085711 -0.348738
-0.102704 -0.618551 0.330190 -0.910092 -0.419568 0.454082 0.418126 0.333445 0.678285 -0.838215 -0.338095 0.791608 0.558959 0.605379 -0.557818 0.370217 0.177314 -0.508736 0.192512 0.530681 -0.777591 0.235780 -0.141352 0.613904 -0.940967 -0.851575 0.482863 -0.739499 -0.708255 -0.588928
0.242266 0.138260 0.494285 -0.356185 -0.251538 0.485317 0.741660 0.124478 0.324941 0.218177 -0.907677 0.679102 -0.314372 0.184442 -0.455405 -0.956134 -0.702282 0.087017 -0.703410 0.778852 0.809425 -0.532662 0.270591 -0.918150 0.724251 -0.349398 0.663124 -0.854508 0.934360 0.811672
-0.006608 -0.199452 0.153514 -0.734595 -0.256391 0.398189 0.440539 0.981575 0.983951 -0.584622 0.414956 0.737142 -0.285397 0.479521 -0.603541 0.071680 -0.885753 -0.815994 -0.496660 -0.189483 0.619950 -0.804224 -0.518287 -0.309576 0.732491 -0.753965 0.004475 -0.285162 -0.051547 0.239070
-0.105866 0.846861 -0.197345 0.349856 0.215172 0.859007 0.892249 0.916303 0.575821 -0.451762 -0.717660 -0.138161 0.796740 -0.821434 -0.221413 0.893737 0.030093 0.830592 0.846664 0.813536 -0.466467 0.691858 0.794708 -0.645318 -0.353453 0.353495 0.015826 0.032620 -0.185924 0.381046
-0.104329 -0.481733 0.150401 -0.896091 0.474430 0.540970 -0.113013 0.443861 0.055899 0.144771 0.639333 -0.894495 0.012017 0.229402 0.171979 0.989266 0.766045 0.931256 0.031292 0.058465 -0.044987 -0.002016 0.899123 -0.891552 -0.239314 -0.150220 -0.125331 -0.657142 0.198994 -0.226747
-0.489140 -0.290177 -0.786917 -0.437153 -0.525027 -0.062747 -0.430812 -0.235538 -0.531634 -0.395218 0.578182 0.297647 -0.332174 0.327842 -0.512710 0.467113 -0.975572 -0.500404 -0.431156 -0.301759 0.571660 0.959397 0.599896 -0.601513 -0.905332 0.727195 -0.542950 -0.246821 -0.958020 0.333231
0.728441 -0.843499 -0.562084 0.106633 0.753370 -0.476680 -0.448123 -0.242011 -0.465941 -0.096272 0.530467 0.863417 0.056759 0.299728 -0.243193 -0.730747 -0.791372 0.249263 0.209721 0.949834 0.819366 -0.311206 0.007607 0.075707 0.972970 -0.230999 -0.990774 -0.921375 0.474593 0.415602
-0.382150 0.164740 0.799839 0.430817 -0.796022 -0.529270 -0.007746 -0.743897 0.843511 0.062007 -0.077205 -0.807875 0.656688 -0.885092 -0.571890 -0.349004 -0.214865 -0.341361 -0.028847 0.174881 0.047084 0.373141 0.884138 0.120205 -0.954101 0.333399 -0.466754 0.145553 0.292293 -0.819566
0.005885 -0.791674 -0.833519 0.623016 -0.568499 -0.110065 -0.231654 -0.176263 -0.228516 -0.074780 0.856401 -0.089007 -0.123735 0.547452 0.150974 -0.301393 0.261591 -0.020924 0.935958 0.501048 0.419745 -0.552195 -0.554406 0.474714 -0.758620 0.955309 -0.400273 0.296135 -0.761987 0.531265
-0.716667 -0.748166 0.915442 0.675303 0.035184 0.892229 -0.382369 0.516359 -0.364497 -0.752834 -0.982488 -0.267327 0.172587 -0.384032 0.387702 0.409528 -0.293302 -0.509598 0.554198 -0.293855 0.674264 0.396473 -0.252368 0.704425 0.762204 -0.424039 -0.440544 0.711953 -0.120751 -0.385945
0.805466 -0.431279 0.482321 0.080213 -0.032261 -0.305718 0.680209 0.731788 -0.485244 0.798199 0.766348 0.177846 -0.346001 0.060616 0.550606 -0.197048 0.478990 -0.370362 0.518771 0.485269 0.833173 0.914689 -0.939143 -0.095704 -0.281659 -0.757650 0.141096 -0.265580 0.605954 -0.479189
0.947000 0.080066 0.302508 -0.302162 0.370898 0.400680 -0.031157 0.363459 -0.740228 0.273950 -0.168732 0.156658 0.850797 0.211182 -0.550380 -0.459109 0.614051 0.127248 -0.234226 -0.152109 -0.229166 -0.254096 0.221238 0.074109 -0.716871 0.738895 -0.479403 -0.769804 -0.051975 -0.269031
0.437695 -0.571350 -0.693131 0.685894 0.063225 0.926732 -0.273992 0.225060 0.366293 -0.399449 0.115379 0.149946 0.802727 -0.117859 0.139288 0.000875 0.046926 -0.518636 -0.374887 0.870793 -0.089157 -0.884542 0.615348 -0.570740 0.073452 0.628054 0.495540 -0.214098 0.008727 0.962785
0.929970 -0.690370 0.875563 0.184395 0.948155 -0.171875 0.576561 -0.050148 -0.433381 -0.149763 0.390506 -0.225991 -0.864300 -0.970379 0.354369 -0.946588 -0.322524 -0.588931 0.197175 -0.339055 0.362594 0.809168 -0.141047 0.024328 0.981560 0.944925 -0.377087 0.360636 -0.594998 0.369233
0.868532 0.784961 -0.485594 0.832342 -0.721582 -0.865847 -0.461945 0.198994 0.116243 -0.348825 0.089054 0.965998 -0.066938 0.812447 -0.767433 -0.496135 -0.862815 0.844942 -0.146261 -0.558346 0.933795 -0.921135 -0.429860 0.259661 0.461265 0.005026 -0.517652 0.055494 -0.175275 -0.854656
-0.364237 0.500589 -0.760502 0.685401 0.843064 -0.768272 0.726614 -0.745493 0.070381 0.726510 0.840320 0.932803 -0.937341 -0.319909 -0.187156 -0.132775 -0.474125 -0.884584 0.628874 -0.028240 -0.207853 0.784344 -0.624620 -0.455155 0.567365 0.551277 0.459231 -0.818480 -0.826718 0.745264
0.749227 -0.589568 -0.683592 -0.842533 0.866089 -0.705740 -0.655430 -0.612690 -0.869776 0.142367 -0.973682 0.909364 -0.146134 -0.287075 0.703813 0.589412 0.761775 -0.763267 0.655850 -0.778183 -0.134396 0.213402 0.212438 -0.089650 0.773164 0.610187 -0.503434 -0.374831 -0.260088 -0.752244
-0.096907 0.755938 0.883530 0.972545 -0.077758 -0.979426 -0.282880 0.274444 -0.455563 -0.007527 -0.229572 -0.143326 0.736277 -0.450158 -0.496986 -0.924333 0.766840 0.400140 0.773947 -0.313155 0.823108 0.424380 -0.809593 -0.028498 -0.310886 0.038924 -0.459111 0.458073 -0.926350 0.146668
-0.646938 0.753555 0.082432 0.619294 0.954260 0.388785 -0.062897 -0.826286 0.337068 0.399947 -0.417659 0.579722 -0.925776 -0.022541 0.721467 0.795171 -0.909075 0.182466 -0.022277 0.969177 -0.320462 -0.042831 0.135598 0.538517 -0.975783 -0.142092 -0.129073 -0.286854 -0.904555 0.236843
-0.357863 0.204384 0.323352 -0.882374 -0.418621 -0.319258 -0.698770 0.700210 0.144211 -0.308720 0.338656 -0.079158 0.822190 -0.768950 0.007671 -0.560792 -0.701705 -0.314548 0.040681 -0.643041 0.204243 0.175651 0.389862 -0.766086 -0.513804 0.827112 0.528636 -0.008815 -0.903182 -0.238276
-0.874824 0.031554 0.596061 -0.943221 0.091504 -0.367247 0.482539 0.407063 -0.389215 0.505695 0.964752 0.735814 0.357732 -0.258388 -0.771736 -0.469470 -0.450771 0.085612 0.623090 -0.724417 0.603777 0.950975 -0.614306 -0.112828 0.159081 -0.008871 -0.538215 -0.458112 -0.052972 -0.842297
0.153045 0.144668 -0.198627 -0.506430 -0.407593 -0.860860 -0.982550 -0.443915 -0.169388 -0.449005 0.738816 -0.793626 -0.431123 -0.219477 0.937359 -0.914091 0.935236 -0.322521 -0.319569 0.719451 -0.253134 -0.268378 0.216929 0.134536 -0.566390 -0.456631 -0.734680 0.069782 -0.963765 -0.127323
-0.658948 0.378301 0.719096 0.092437 0.058301 -0.521334 -0.684329 0.385006 -0.477090 -0.359805 0.182213 0.959658 -0.701468 -0.504461 0.498973 -0.856914 -0.342130 0.212641 -0.164625 -0.355681 -0.737663 0.264108 0.924943 -0.291441 0.212886 -0.628623 -0.427642 0.018194 0.488416 -0.749920
0.667520 0.174916 -0.342487 0.414642 0.406889 -0.675428 0.886795 0.217780 0.235908 -0.956778 0.214229 -0.209746 -0.809050 -0.353840 0.636365 0.817591 -0.105719 -0.733792 0.175824 -0.748234 -0.654682 0.491657 0.909656 -0.668663 -0.014972 0.590152 -0.718317 0.078237 0.676514 0.706645
-0.044075 -0.518050 -0.016865 0.734449 0.840623 -0.275514 0.712142 0.854199 0.404037 -0.256897 -0.020204 0.535226 -0.172607 0.808585 0.481998 -0.556480 -0.935288 0.491676 0.805271 -0.030166 -0.507046 -0.963230 -0.695498 -0.204709 0.324938 0.386578 -0.998272 0.486087 0.217867 0.526138
0.212091 -0.137910 0.158865 -0.249533 -0.791757 0.210231 -0.961743 0.571932 0.237870 -0.414673 -0.931230 0.234873 -0.578538 0.708811 -0.310876 0.987211 -0.358107 0.213016 0.691181 -0.261001 0.915501 0.036751 -0.912958 -0.738537 -0.934325 0.090984 -0.960950 0.624883 0.046429 -0.454416
0.413868 0.120547 0.992057 0.121391 0.707735 -0.451521 -0.162570 0.347591 0.565145 -0.905138 -0.704543 0.345180 0.465101 0.004234 -0.456824 0.928810 0.011429 -0.396408 0.871551 -0.473309 -0.541412 0.094812 -0.867332 -0.741003 -0.966976 0.415448 -0.369840 0.253869 0.739701 -0.469581
0.365719 -0.339886 0.584231 -0.964612 -0.560884 -0.974912 -0.697544 0.408510 -0.801187 -0.356121 0.804001 -0.509057 0.923534 -0.158737 -0.554714 -0.848678 -0.918105 0.062780 0.645152 -0.637313 0.088560 -0.722976 0.425045 0.852935 -0.445782 0.117961 -0.826158 -0.979199 -0.302875 0.315374
0.982336 0.819451 -0.156446 -0.438844 0.914471 0.696478 0.579094 0.037280 0.933041 -0.627933 0.382870 -0.025734 0.107180 -0.355225 -0.134207 0.787812 0.801913 0.904128 0.345165 -0.296710 -0.501560 -0.385449 -0.309873 -0.328592 0.000358 -0.416375 -0.603400 0.076219 -0.662431 0.615290
-0.065751 0.158516 -0.238628 -0.451751 -0.411599 0.075775 0.003937 0.006933 0.788790 0.605438 -0.260223 0.946653 -0.964537 -0.487868 0.300170 -0.052678 -0.186442 -0.141262 -0.062493 0.773009 0.714120 -0.962287 0.851657 -0.451074 -0.848665 -0.485811 0.369249 0.664854 0.175780 -0.227824
0.916562 0.272767 -0.003528 0.981591 0.741733 -0.563559 0.652197 -0.343460 0.985636 0.710801 0.519169 0.277495 -0.208475 -0.151984 -0.229395 0.914687 -0.127419 -0.094604 -0.137776 0.891831 0.462074 -0.370678 0.429685 -0.498370 0.026302 -0.531794 0.410390 -0.322013 0.968336 -0.704091
-0.115705 0.687814 0.724422 0.544198 0.841158 0.454877 0.126474 -0.350365 -0.384873 0.702505 0.305585 -0.001315 0.360085 0.626666 0.705043 -0.224045 0.825634 -0.081564 0.629361 -0.545988 -0.496221 0.016782 -0.677084 -0.587470 0.399577 0.405609 0.424020 0.921211 -0.148104 -0.441924
0.539126 0.294908 0.110087 -0.481192 -0.798621 -0.264929 -0.182562 0.507460 0.147450 -0.986460 0.420016 -0.417846 -0.485874 0.947256 0.692207 -0.777220 0.276968 -0.773917 -0.048870 -0.621166 -0.842604 0.561971 0.436096 0.176671 0.159060 0.960124 -0.949357 -0.282881 -0.754685 0.715330
-0.785635 0.309218 0.608928 0.497841 -0.449694 -0.272376 -0.411060 0.763700 -0.859862 0.375754 0.271665 0.040676 -0.137101 0.124907 0.745787 -0.455127 0.554873 0.902051 0.347092 -0.040781 0.109044 0.822882 -0.170398 -0.573662 -0.060392 0.128456 -0.844142 -0.228162 -0.053879 -0.737611
-0.449388 -0.140910 0.549411 0.565974 0.147648 -0.596169 -0.789263 0.679566 -0.269310 -0.829265 0.146206 0.103682 0.782495 0.767163 0.866195 -0.925028 -0.107963 -0.283568 0.715440 -0.974066 0.103911 0.013231 -0.623663 0.962644 0.414770 0.145676 -0.011417 -0.589247 -0.020964 0.704434
-0.760735 -0.939355 0.115501 -0.246968 0.943268 0.021651 -0.591392 -0.640672 0.425304 0.815390 -0.651661 -0.990735 0.212032 -0.416647 0.563360 -0.978234 -0.931568 -0.397172 -0.430219 0.756524 0.133691 0.620202 -0.056475 -0.047869 0.859009 0.809746 0.224397 0.904930 -0.223218 0.828879
0.200523 -0.492680 -0.362611 -0.683364 0.318341 0.472026 -0.888262 -0.721321 -0.533490 -0.852105 0.379852 -0.197221 -0.409988 0.416798 0.124519 -0.081453 -0.034143 0.446458 0.008063 -0.836879 0.498595 0.065401 -0.977184 0.362287 -0.118399 -0.585498 -0.980044 -0.994609 0.082792 0.562020
0.904028 0.852406 -0.938917 0.784977 0.700039 -0.058062 -0.232625 -0.443730 0.263568 -0.342290 -0.497940 -0.296712 0.393217 -0.086618 0.630464 -0.578589 -0.930956 0.262756 0.922240 -0.728122 -0.837927 -0.258935 -0.258681 0.499665 -0.963257 -0.510121 -0.921869 0.537501 0.107068 -0.805401
0.931888 0.606156 -0.500059 -0.220850 -0.744596 -0.747963 0.046006 -0.402077 -0.369971 0.583590 -0.701017 -0.293411 -0.539595 0.144502 -0.776898 -0.192372 -0.620284 -0.511340 -0.145465 -0.465393 -0.365304 -0.367640 -0.369078 0.090770 -0.787043 0.120769 -0.407196 0.940030 0.036819 -0.052732
-0.920749 0.273041 -0.983154 -0.620131 -0.856197 -0.968612 -0.711194 0.237739 -0.655256 0.612303 0.365043 -0.937412 -0.180533 -0.888872 -0.289575 0.658732 0.140676 0.515952 -0.189338 0.258711 0.605092 -0.527279 0.002254 -0.953500 -0.065678 0.670937 -0.613544 -0.658575 -0.773425 0.678380
0.744719 0.932117 -0.064517 0.567092 -0.312964 0.699529 0.097956 -0.397573 -0.734821 0.307876 0.354617 -0.687686 -0.577963 0.450492 -0.221110 -0.491861 -0.941448 -0.487598 0.077929 0.419139 0.971873 -0.370466 -0.749992 -0.536834 -0.331690 -0.636231 0.209971 0.853339 -0.319673 -0.596989
0.783708 -0.151786 0.537765 -0.655115 -0.292539 -0.747629 -0.854952 0.942049 -0.490185 -0.689272 -0.055657 -0.790967 0.734983 -0.433187 -0.984385 0.186161 -0.010780 0.538825 0.499088 -0.593573 -0.241820 -0.608574 0.276107 0.425964 -0.994614 0.077914 -0.716622 0.976919 0.284079 0.019829
-0.825646 -0.607610 0.803954 -0.117008 -0.530668 -0.190403 -0.901824 -0.494925 0.438892 -0.710244 -0.535412 0.293584 0.740790 0.764313 -0.644236 0.738965 0.637548 -0.921918 -0.555988 -0.518953 0.783374 0.191035 0.084093 0.763240 0.434238 -0.072289 -0.370761 -0.666425 0.688709 0.219688
-0.418963 0.416256 -0.700163 -0.265318 0.436739 -0.986981 0.484030 0.349253 0.913716 0.201465 0.135825 0.674720 -0.779758 -0.546785 0.498719 -0.998232 0.551818 0.282205 -0.307395 -0.663957 0.424788 -0.091185 -0.755315 0.820680 -0.621828 0.529678 -0.398968 -0.188190 0.188879 -0.009045
-0.223960 0.135004 -0.801364 0.969878 0.138965 -0.238035 -0.458620 0.273511 0.292783 -0.014198 0.416944 0.448369 0.188780 -0.522966 -0.686973 -0.102013 -0.609180 -0.257855 0.067962 0.048110 0.068785 0.710493 -0.789543 -0.174258 -0.939425 0.985012 -0.709561 -0.630604 0.319528 -0.693625
-0.908830 -0.934662 0.640210 -0.456068 -0.736015 0.372366 0.421646 0.665083 0.568697 -0.833134 -0.215265 0.515781 -0.821335 -0.252228 0.930119 0.719132 0.292128 -0.689872 -0.081178 0.146752 -0.728312 0.348090 0.830634 -0.109321 0.199110 0.565118 -0.576256 0.982286 0.577080 0.683589
-0.819786 -0.134433 0.698976 0.725636 -0.037857 0.363214 -0.906506 -0.224727 0.485182 0.855327 -0.718721 0.257537 0.095380 0.358129 -0.145895 0.808202 -0.277483 -0.873231 0.928226 -0.813341 0.402325 0.993733 0.092302 -0.608394 0.070326 0.071155 -0.582606 0.280379 -0.767316 0.529572
-0.529295 0.997123 0.765184 -0.308457 0.738525 -0.588871 -0.282120 -0.474551 0.141811 -0.179196 0.978903 -0.132961 0.182807 0.857196 -0.250344 0.661066 -0.957811 0.367729 -0.826357 -0.768333 -0.945442 -0.984835 0.491420 -0.613187 -0.342416 -0.481622 0.020625 0.311636 0.414575 0.157206
0.140821 -0.209150 -0.990073 -0.841393 0.754975 -0.005594 -0.683316 -0.728150 0.286027 0.496011 0.579320 -0.777789 0.711523 -0.073425 -0.752725 0.939071 -0.628121 -0.358753 -0.030317 0.481476 -0.910673 -0.891393 -0.316555 -0.556734 0.518299 -0.465294 0.543387 0.973276 0.411062 -0.765756
-0.916726 0.947262 -0.497680 -0.807557 0.970515 0.769489 -0.974580 -0.819403 0.231303 -0.331868 -0.705473 -0.683643 -0.815224 -0.220207 -0.073527 0.488731 0.637879 0.776130 0.891569 0.466012 -0.186993 0.876853 -0.034387 -0.257672 -0.862022 -0.490204 -0.856448 0.616804 -0.185479 -0.407529
-0.750590 -0.875017 -0.819949 -0.448277 0.767350 0.870654 0.594465 -0.288648 -0.714108 -0.604008 -0.354488 -0.897820 -0.708838 0.646684 -0.637088 -0.229023 0.667988 0.039162 -0.085873 -0.098656 -0.921749 0.572174 0.185442 -0.912904 0.266313 0.610930 -0.520828 -0.834896 -0.266006 0.648897
-0.855644 0.656215 0.107823 0.563353 0.763899 0.294228 -0.980168 -0.408576 -0.283597 -0.505791 0.982980 0.595996 0.470910 0.748974 0.302954 -0.379221 -0.280577 0.881830 -0.230492 -0.597180 0.439681 -0.544679 0.598043 0.172810 0.274840 -0.646402 -0.808111 0.499878 0.738905 -0.937252
-0.787960 0.682684 0.291838 -0.980571 0.564745 -0.358757 -0.350526 0.234554 0.305316 0.409907 0.356477 0.879294 0.590014 0.941912 -0.002847 0.735864 -0.941995 0.397530 -0.155923 -0.419079 -0.143581 -0.747156 0.701237 -0.368262 -0.590067 -0.952623 0.618467 -0.843184 0.845701 -0.102483
-0.858934 0.334503 0.432616 -0.083387 0.381675 -0.235571 -0.446745 0.815073 0.885352 -0.599015 -0.788375 -0.645236 0.170660 0.312857 0.077109 0.143495 0.453202 0.534745 0.030314 -0.337410 -0.589129 -0.136317 0.598348 -0.989941 0.126277 0.298338 -0.892548 0.868732 -0.526268 -0.926132
-0.701335 0.279663 0.318101 -0.544661 -0.554579 0.595650 0.634274 -0.669566 -0.161459 -0.454804 0.275218 0.545014 0.186194 0.353158 -0.816510 0.348485 -0.904260 0.293186 0.218922 0.554232 0.184712 -0.479411 -0.158350 -0.379702 -0.608871 -0.808732 0.867693 -0.107801 0.719769 0.061863
-0.106125 0.651416 -0.731887 0.744079 -0.065017 0.819183 0.769533 -0.862804 0.566832 0.154709 -0.385182 0.275854 -0.584249 -0.391698 0.488062 -0.641968 -0.370039 -0.667754 0.742504 0.733424 0.567608 0.611812 0.718022 -0.497244 -0.475558 -0.546544 0.408990 0.811665 0.076015 0.632399
0.611266 -0.244997 0.961351 -0.174425 -0.035762 0.674035 0.937324 -0.746565 0.811201 -0.351907 0.053912 -0.172365 0.438451 -0.943863 -0.431035 -0.248740 0.612474 -0.195094 0.766191 0.830870 0.445203 -0.029088 -0.899564 -0.203673 0.060143 0.045003 0.141511 0.567062 -0.786119 0.479432
0.114810 0.384024 0.169782 0.279089 -0.634841 0.664562 -0.707936 -0.752423 -0.855099 -0.035654 -0.471344 0.400604 0.038161 -0.336858 0.890072 0.876701 -0.121289 0.870089 0.513445 -0.557098 -0.591898 0.986555 -0.278619 0.008399 -0.373043 -0.261269 0.857528 -0.870747 0.646045 0.511550
0.806999 -0.364410 -0.242942 -0.193153 -0.898824 -0.474999 0.868064 -0.630458 -0.312938 -0.800563 -0.096366 -0.428152 -0.449304 -0.398667 0.685896 0.893022 -0.219010 -0.297541 -0.676113 0.563634 0.997781 -0.727348 0.442168 -0.251938 0.220506 0.590871 -0.068857 0.891322 -0.503369 -0.289863
0.167122 0.118792 -0.260189 0.752858 -0.689490 0.876274 -0.199156 -0.751766 -0.282428 -0.063469 -0.668134 0.719793 -0.720917 0.788583 -0.976507 0.549154 -0.849730 0.721169 0.183731 0.603878 -0.825757 0.610695 0.725112 -0.966369 0.311784 -0.228853 0.850132 -0.080532 -0.588809 -0.634976
0.442355 0.476546 0.926999 0.472090 -0.335769 -0.707734 0.377111 -0.464361 -0.798616 0.060375 -0.265293 0.722549 -0.750063 0.879503 0.464819 -0.086695 0.896866 0.742192 0.984934 0.537123 -0.875337 0.312598 0.750785 -0.536011 -0.776092 0.882862 0.003741 -0.210564 0.182315 -0.008653
-0.556221 -0.564885 0.531488 0.020769 -0.569287 -0.371529 -0.199338 0.102340 0.211270 -0.837571 -0.877995 0.104126 0.519429 0.727230 0.971542 0.679027 0.080548 0.009567 -0.440682 0.930720 -0.444830 0.106585 -0.385633 0.690781 -0.402423 -0.716391 0.021187 -0.034852 0.693457 -0.929362
-0.216219 0.699532 0.127816 -0.528688 0.117061 0.527338 -0.045731 0.759188 0.607393 0.490561 -0.977708 0.088538 0.739364 0.857857 0.467590 -0.642814 -0.058429 -0.819964 0.535378 -0.305070 0.461138 0.187518 0.265801 -0.978075 0.401137 -0.373993 0.889219 -0.631520 -0.169771 0.481663
0.136106 0.910650 -0.323320 0.248447 -0.815299 -0.200540 -0.782579 0.774857 0.146363 -0.010627 0.257464 -0.543940 0.633837 0.821059 0.257080 -0.171308 0.595452 -0.989692 -0.163727 -0.964078 -0.300221 -0.748395 -0.219487 -0.777998 0.050036 0.810988 -0.250667 -0.764291 -0.204160 -0.077265
-0.331521 0.073618 0.361879 -0.580311 -0.978142 -0.847715 -0.121309 -0.688659 -0.554575 0.262141 -0.869468 0.471802 0.141173 0.102481 -0.397963 -0.357534 0.898211 -0.287986 -0.635146 -0.196717 -0.524487 -0.678992 0.172020 -0.859640 0.809701 0.783520 0.338536 -0.689337 -0.247268 0.063119
-0.529296 0.891260 0.324984 -0.983321 0.707384 -0.335135 -0.842102 -0.990014 -0.864250 -0.337397 0.953579 -0.267919 -0.724802 -0.735697 -0.096511 0.762430 0.117104 0.770890 0.087616 0.018286 -0.106879 0.546844 0.627413 0.768043 0.762220 0.156976 0.334028 -0.323676 -0.327555 -0.163277
-0.834682 -0.109984 -0.242970 -0.137156 -0.709202 0.378260 -0.899372 -0.892368 0.917420 -0.960172 -0.489217 0.145239 -0.142488 0.812543 -0.827991 0.473035 -0.893563 0.506188 -0.609265 0.042895 0.232324 0.975077 -0.916497 0.177015 0.549011 -0.490785 -0.921171 0.232710 0.880291 0.473867
-0.159381 0.093216 -0.225865 -0.233180 0.894894 -0.244727 0.378967 -0.539967 -0.885769 0.013769 -0.851169 -0.516307 -0.561465 0.567465 -0.198752 -0.495909 -0.211142 0.009784 0.835452 0.485814 0.044020 -0.433672 0.531359 -0.147147 0.316799 -0.350409 -0.353547 0.922404 -0.216821 0.032374
-0.333287 0.206546 -0.496193 0.819561 0.870686 0.843569 -0.851894 0.637977 -0.853844 0.932448 -0.696865 -0.248414 -0.089519 -0.132679 0.602096 0.182638 -0.627101 0.360553 -0.600727 -0.918318 -0.491347 0.454211 -0.888346 -0.699544 -0.094926 -0.592940 0.417330 -0.172520 0.570383 0.454704
-0.277890 -0.092853 0.739322 0.165822 -0.978594 -0.517480 0.469040 0.372942 0.158364 -0.072993 -0.782044 0.644279 0.196770 0.343919 0.734495 -0.236736 0.244652 0.298469 0.079410 0.881620 -0.766460 0.022160 0.803533 -0.965956 0.829199 0.963656 0.552669 -0.480239 -0.205177 0.398975
0.102017 -0.264900 -0.148795 0.947810 0.229531 0.795303 0.209217 0.676801 0.047994 0.954044 0.498384 -0.862252 -0.538600 0.801929 0.234278 -0.254992 0.030825 0.998861 -0.259498 0.952323 0.593995 0.208373 -0.604496 0.325179 -0.589478 0.841125 -0.023203 -0.682776 -0.374578 -0.731142
0.176073 -0.547639 0.717813 -0.582758 -0.207305 0.844566 -0.911637 0.849031 -0.786330 -0.770549 -0.486732 -0.397302 0.580367 -0.667901 0.153274 0.656183 -0.087905 0.600311 0.946530 -0.624127 -0.598730 0.663467 -0.892270 -0.833994 -0.859377 -0.086321 0.429129 0.293449 -0.820858 -0.812159
0.357979 0.369278 0.959500 -0.507081 0.531924 -0.922512 -0.515290 -0.180524 0.651803 -0.160580 -0.412354 0.176539 -0.981859 -0.002554 0.719767 -0.995393 0.280576 -0.618929 -0.714834 -0.576782 0.639413 0.684349 -0.006367 -0.687255 0.855303 -0.014307 0.391377 0.429289 0.128346 -0.747131
0.318699 -0.033936 0.363846 0.855814 0.944602 -0.118773 0.353120 0.674272 -0.365319 0.823179 0.514607 0.251186 0.101804 0.690289 0.882835 0.453446 0.960774 0.044766 0.441251 -0.082668 -0.142782 -0.359181 0.182410 0.204172 0.674959 -0.635731 0.866922 0.925449 0.393909 -0.482539
0.079617 -0.834972 0.540176 -0.634801 -0.909711 0.588515 0.753179 -0.571249 0.306596 0.907202 0.720675 0.954069 0.453070 0.867276 -0.086562 -0.967671 0.050638 0.331633 0.279369 0.600603 -0.499081 0.059303 -0.693231 0.484789 -0.164493 0.225743 0.466121 0.291960 0.854845 -0.352690
-0.382236 0.253693 -0.337664 -0.701744 -0.048892 0.881249 0.497854 -0.200182 0.752750 -0.125199 -0.650580 -0.336317 0.702733 0.497146 -0.952633 0.317042 -0.283253 0.019754 0.135882 -0.247006 -0.698740 -0.377142 0.308876 0.301905 0.544299 -0.066297 -0.548458 0.565736 -0.632225 -0.980930
0.419687 0.063188 0.393991 0.875993 -0.138994 0.354200 0.525614 0.301918 0.850229 -0.927307 0.531362 0.397004 -0.825478 -0.810963 0.707255 -0.988465 -0.787351 0.452267 0.468678 0.970380 -0.429812 -0.517188 0.470155 -0.627685 0.842785 0.355795 -0.913689 0.466463 0.491482 0.359162
0.678046 0.190429 0.314570 -0.574146 -0.530610 0.516756 -0.870244 -0.048567 -0.170057 -0.987674 0.892814 0.602244 0.450385 -0.125992 0.743412 -0.771141 -0.245975 0.936356 0.740955 -0.646667 -0.953767 -0.572351 -0.088041 -0.220193 0.328509 0.653409 -0.406833 -0.469327 0.085472 -0.925966
-0.355970 -0.670105 0.295593 -0.753600 0.018410 -0.794478 0.929233 0.613874 -0.321879 0.582739 -0.687450 -0.742756 -0.858040 -0.247626 0.937790 -0.964675 -0.338655 0.334634 0.517097 0.998757 0.732922 0.804629 0.754964 0.402632 -0.398058 0.268300 0.289974 -0.160002 -0.218980 -0.642762
-0.263817 0.553361 0.087998 -0.976240 0.752083 -0.470145 -0.919814 -0.739325 0.987353 -0.538571 0.769371 -0.939966 -0.885439 -0.834098 -0.332304 -0.735731 0.465085 0.554878 0.707444 -0.859627 0.846755 -0.586547 -0.807400 -0.400971 -0.168643 -0.846537 0.454415 0.502920 0.015860 -0.270938
0.683220 -0.997178 0.349345 -0.669742 0.138117 0.165957 0.403128 0.113768 -0.364455 -0.642173 -0.027013 0.077889 -0.510551 -0.734469 -0.171676 0.941069 0.118629 0.795006 -0.119007 -0.070624 0.010981 0.001039 0.720181 -0.797580 0.593837 0.442206 0.946432 -0.368618 -0.181524 -0.935865
-0.923959 -0.220501 0.413681 0.985246 0.495299 -0.043009 -0.250691 -0.725669 -0.503745 -0.692071 -0.105777 -0.664721 0.470090 0.936576 -0.839672 -0.761449 -0.069122 -0.732162 -0.567229 0.803886 -0.701477 -0.458350 0.610752 -0.734508 0.835030 -0.936423 -0.859783 0.827305 0.051950 0.633620
0.687735 -0.940342 0.032269 0.253666 -0.380982 -0.577811 0.413770 -0.796118 0.770115 0.959520 0.517569 -0.385894 0.198937 0.073408 -0.759454 -0.593816 0.912034 0.538385 0.875469 0.116738 0.786119 0.042069 0.989187 0.668512 0.250431 -0.710940 0.616581 0.960902 0.452197 -0.222831
-0.948188 0.033024 -0.635725 0.070929 -0.221444 -0.198929 -0.913632 -0.441718 -0.631741 0.055385 0.355266 0.749836 0.503286 -0.035291 -0.720894 -0.965137 0.738405 0.754985 0.910185 0.899281 0.013209 -0.062771 -0.301749 -0.932621 -0.853587 0.899706 0.103858 0.914189 -0.837699 0.224032
0.103978 0.397013 0.981351 -0.631569 -0.447238 -0.991754 0.488560 0.422663 -0.572192 -0.849738 0.000695 0.050172 0.422819 0.486603 -0.539046 -0.570235 -0.471564 0.317141 0.507726 -0.623522 0.460853 0.877514 0.305345 0.847078 -0.896153 0.465933 0.506135 -0.446058 -0.773562 0.871676
-0.382668 -0.752379 -0.106291 0.145587 -0.432846 -0.051152 -0.038380 0.157263 0.067597 -0.406374 -0.534870 0.856947 -0.056390 -0.509856 0.489445 -0.298240 0.597435 -0.960981 -0.704227 0.908361 0.867969 -0.458922 -0.452237 0.617893 -0.755540 -0.529901 -0.269649 0.061409 0.452946 -0.838631
-0.486226 -0.793777 -0.705803 0.054211 -0.522719 -0.383248 0.231856 -0.753491 0.520585 -0.575019 -0.594758 0.656114 -0.511573 0.510910 -0.571423 -0.695643 -0.739672 -0.375927 0.534726 -0.588397 0.995652 -0.798969 0.676798 -0.600662 -0.926938 0.836437 0.318790 -0.423086 -0.718884 0.424524
-0.664719 -0.176221 0.232656 -0.780798 0.030620 -0.930091 0.365207 0.371503 0.093245 0.424677 0.558408 -0.647742 0.317083 -0.248283 -0.058919 0.194120 0.618150 -0.167565 -0.818395 0.640712 0.400965 -0.467835 0.701918 -0.803816 0.985716 -0.063289 0.464681 -0.341570 -0.790753 -0.150735
0.399720 -0.800741 0.769910 0.013613 -0.036063 0.988480 0.671807 0.209230 0.136759 0.189092 0.500577 -0.657572 -0.158749 -0.342284 -0.475665 0.217814 -0.756733 -0.167889 -0.026638 0.049620 -0.912830 0.545071 0.711707 0.342021 0.317717 0.631824 -0.749177 0.620711 0.156604 -0.915585
0.557842 0.675083 0.951117 0.720023 -0.626635 -0.865536 -0.624123 0.914830 0.202606 0.428961 -0.751355 -0.482225 0.698566 0.175666 0.171319 0.738850 -0.940968 0.258198 0.519399 0.849119 0.248951 -0.151636 -0.439569 -0.429656 -0.534140 0.975760 -0.508252 -0.268508 0.596145 -0.532143
-0.695293 -0.920694 0.800106 0.667822 0.237179 0.996883 0.941611 0.422483 0.715879 0.907558 -0.729440 -0.797319 -0.398650 -0.051486 -0.564080 0.440226 -0.176318 0.567526 -0.597258 0.432513 -0.825130 -0.839050 0.223897 0.371402 -0.820529 0.666058 0.634925 -0.083584 0.556482 0.585861
0.218657 0.391224 0.776383 0.712533 0.667999 0.378552 -0.582643 -0.421644 -0.615615 -0.567519 0.420801 -0.617581 0.030006 0.833494 -0.698237 -0.337975 0.577677 0.208873 0.602154 -0.609521 0.527395 0.926063 0.401899 -0.300362 0.083709 0.014796 0.228116 0.421885 -0.410999 -0.283981
-0.977122 0.472048 -0.406292 -0.890995 0.801875 0.559132 0.556751 -0.193197 -0.716804 0.062009 -0.514424 -0.927783 0.711456 -0.193533 -0.002349 -0.525843 -0.019734 0.916800 0.579581 0.903071 -0.747244 0.862032 0.935041 0.730507 0.035025 0.738052 0.795767 -0.274996 0.109343 -0.765660
-0.559177 0.644165 -0.413893 -0.713482 0.417604 -0.258708 -0.905989 -0.542355 0.162248 0.916399 -0.154792 -0.931758 0.933734 0.242183 0.795766 -0.071576 0.492338 0.606842 -0.756962 -0.933383 -0.997614 -0.715747 -0.421663 0.467437 0.526437 0.493426 0.506390 -0.769881 -0.167344 -0.736175
-0.007185 -0.187570 0.130955 0.894104 -0.180107 0.066471 -0.006929 0.019270 0.111541 0.131384 0.682285 -0.363452 0.130440 0.834879 0.246627 0.003492 -0.039575 -0.640231 -0.440755 0.410194 -0.614173 -0.445426 -0.699902 0.107321 -0.534715 -0.633376 0.291449 -0.139543 -0.169361 0.632772
-0.239843 -0.385431 0.204268 -0.697038 0.877266 -0.261734 0.848007 -0.191070 0.747348 0.314971 0.087351 -0.874976 -0.147926 -0.387878 0.277627 -0.387722 -0.520146 -0.208119 -0.963173 -0.546502 0.802810 0.070931 -0.208145 -0.308144 -0.409240 0.012910 0.457183 0.792970 0.670483 -0.808962
-0.265997 0.056794 -0.383789 -0.607399 -0.646044 -0.942122 0.011951 0.403008 -0.516328 0.084885 -0.022175 0.953396 -0.052104 -0.529301 0.068230 -0.410134 0.568962 0.641032 -0.287620 -0.378705 0.135648 0.613152 0.686307 -0.728394 -0.091195 0.624683 0.005440 0.699309 0.634630 0.183131
0.988194 0.675571 -0.104436 0.477070 0.424444 0.773173 -0.224037 -0.692187 0.137738 0.486703 -0.298312 -0.441019 -0.176948 0.068979 0.451014 -0.665243 0.101081 -0.528055 -0.494953 -0.048956 0.482937 -0.344196 0.458077 -0.833311 0.568659 0.915157 -0.297633 -0.181249 -0.679117 0.215745
0.274496 -0.574604 -0.882039 -0.651524 0.696722 0.095871 0.455036 0.882822 -0.748227 0.291146 -0.260070 -0.261319 -0.176528 0.672022 -0.841904 0.957765 0.984563 -0.293564 0.251919 -0.712552 -0.951157 -0.831851 -0.959224 0.798987 -0.741814 -0.457810 -0.941535 -0.004680 -0.310434 -0.049962
0.579550 -0.057995 0.300486 0.639641 -0.845964 0.666154 -0.539411 0.416577 0.443163 0.256526 -0.497912 -0.118826 0.552279 -0.275746 -0.322306 -0.966500 0.109962 0.916414 -0.092642 0.411765 0.833461 -0.534059 -0.168947 -0.606394 0.592769 -0.395127 -0.034579 -0.805989 0.440049 0.114921
0.263681 -0.626858 0.921825 -0.962251 -0.818816 0.111810 0.965196 -0.614586 0.747343 0.045601 -0.876782 0.483432 -0.157495 -0.868032 0.341602 0.950164 -0.713845 0.650875 0.624044 0.426216 -0.943850 -0.273360 -0.773991 -0.475091 -0.082772 -0.441545 -0.549696 0.596888 -0.896838 -0.201421
-0.252270 -0.717921 0.294967 -0.758156 0.449387 0.726951 -0.556655 -0.174649 0.101705 -0.650248 -0.794611 -0.851612 0.844685 -0.234781 -0.292274 0.978398 -0.902512 0.073915 0.063167 -0.594064 -0.663703 -0.990341 -0.937214 -0.392918 -0.636133 0.893953 0.769999 -0.145787 -0.568336 -0.076235
-0.159913 -0.981666 -0.398542 0.461768 0.638682 0.545986 0.401025 0.950817 -0.634494 -0.076399 -0.120393 -0.405353 0.659279 0.384322 -0.718085 -0.791404 0.656687 -0.734640 -0.246195 -0.911020 0.841182 -0.061599 -0.196906 0.218105 -0.426822 -0.097756 -0.208152 -0.306592 -0.199294 0.824348
0.185769 -0.591165 -0.902338 -0.825502 0.891363 0.478838 0.378549 0.608131 0.822591 -0.694198 0.340854 -0.113485 0.945903 0.422181 -0.146805 -0.142763 0.498944 -0.933530 -0.179275 -0.607234 -0.972823 0.550010 0.440771 -0.560677 -0.865327 0.307853 0.838734 -0.157414 -0.850475 0.160159
-0.685863 0.122509 0.744573 0.581377 -0.168302 0.812885 -0.663255 0.140766 -0.468433 0.916838 -0.055260 0.413448 0.708350 0.530898 -0.314069 -0.108538 -0.348861 0.924190 0.984970 0.306679 0.055232 -0.303427 0.676582 0.155272 -0.534173 -0.114396 0.046355 -0.643858 -0.738223 -0.182234
0.218979 0.362789 0.662250 -0.237870 -0.428493 -0.414735 -0.838101 -0.634334 -0.773620 -0.175565 0.678802 -0.094974 0.559343 0.508989 0.944839 -0.755774 0.434328 0.473458 0.779427 -0.946112 0.243145 0.611423 0.283684 -0.693196 -0.709689 -0.982413 -0.542175 0.323196 -0.411486 -0.084850
0.939150 0.449572 -0.341506 -0.565999 -0.573785 -0.936789 0.069473 0.013414 -0.574166 0.212308 0.807819 0.183569 0.216259 -0.093501 0.312205 0.339875 0.586812 -0.736386 0.455448 -0.515155 -0.224058 0.761157 0.628232 0.782445 -0.475811 -0.910851 -0.049776 -0.995237 -0.871723 -0.607752
0.592326 0.732627 0.674322 0.103549 0.126088 0.932545 -0.475870 0.833694 0.131083 0.295787 -0.263166 0.284659 -0.914371 0.171797 -0.414452 0.504252 0.315546 -0.597351 0.602168 -0.751245 0.359836 -0.894701 0.780529 0.008288 -0.467700 -0.367342 0.394047 -0.378798 -0.081059 0.443780
-0.431205 -0.753397 -0.425736 -0.171935 0.423539 -0.910313 0.792683 -0.759507 0.748193 -0.158173 -0.673968 0.474553 -0.498253 0.899547 -0.076347 -0.255166 -0.342171 0.459033 0.621895 -0.286951 -0.998933 -0.204114 0.861894 -0.544667 0.426319 0.863218 -0.957123 0.652370 0.372840 -0.371003
0.311479 0.772612 -0.495933 0.322034 -0.167883 0.460291 0.446321 0.753501 -0.922395 0.482755 0.370186 0.760530 0.595304 -0.598451 0.273600 -0.527631 0.379151 0.268799 0.835953 -0.330264 -0.543332 -0.703757 -0.882135 0.831361 0.692261 -0.619867 0.516519 0.411424 -0.492114 0.106795
-0.726079 -0.040960 -0.605758 0.896658 0.872419 -0.107864 -0.808489 -0.558148 -0.722378 -0.489811 0.756986 -0.184742 0.555898 0.772431 0.114219 0.854895 0.843856 0.333032 -0.830754 0.521673 -0.865400 0.060477 0.819211 0.232153 0.491862 0.532535 -0.082869 0.945549 0.441247 -0.736617
-0.302321 0.284456 0.270116 0.084148 -0.559284 0.687100 -0.799376 -0.165069 -0.028958 -0.720350 0.001225 -0.368103 -0.200259 -0.280683 0.832999 -0.848242 0.177576 0.064030 -0.471905 0.443458 0.069026 0.510858 -0.833487 0.981368 0.934216 0.437711 0.694775 -0.455135 0.423659 -0.920291
-0.072687 -0.672695 -0.262007 -0.897715 -0.550653 0.485244 0.070491 -0.224231 -0.760428 -0.455438 -0.658177 -0.939554 0.880214 0.859285 -0.987790 -0.122150 -0.217905 -0.079326 0.288748 0.404439 0.035739 0.162958 0.162694 0.174417 -0.282688 0.614953 0.330408 -0.404788 -0.614653 0.665037

Bias v0 (Oculta):
0.391465
0.457474
-0.976982
0.731204
-0.838503
0.512017
0.084349
0.492457
-0.502168
-0.774101
-0.703133
0.260771
0.058208
-0.344014
0.420782
-0.109459
-0.029585
0.784558
-0.560112
-0.443361
0.134964
0.185713
0.970577
-0.453708
-0.666513
0.436964
0.394731
-0.558383
-0.974970
-0.958297

Pesos w (Oculta -> Saída):
-0.401049 0.514249
-0.332868 0.418756
-0.826186 0.096529
-0.353756 0.730400
-0.698423 0.867638
-0.624874 -0.606916
0.037998 0.934427
0.879217 0.082763
-0.026608 -0.691904
-0.081996 0.468769
-0.979902 0.430648
0.635056 0.859166
-0.192788 0.981006
-0.584950 -0.584417
-0.703117 -0.707409
0.091084 -0.305078
-0.770808 0.794472
-0.230165 -0.637841
0.854542 -0.287668
0.097467 0.568458
-0.321522 -0.346316
0.783562 0.994988
-0.858520 -0.069056
0.379478 0.384955
-0.396023 0.027687
-0.283912 -0.823092
-0.127138 -0.426929
-0.535737 0.510616
-0.647526 -0.171609
-0.361245 -0.350248

Bias w0 (Saída):
-0.405147
-0.656232
