Pesos v (Entrada -> Oculta):
0.492794 -0.878790 -0.415980 -0.682167 0.314100 -0.041838 0.961021 0.731700 -0.737700 0.745596 -0.047413 -0.151379 0.520595 -0.291824 -0.083113
-0.522647 0.237967 -0.511517 0.791076 0.492198 -0.451281 -0.262696 0.861974 -0.821361 -0.537118 -0.310622 -0.437060 -0.444741 -0.590754 0.265062
-0.947636 0.995028 -0.194604 0.688312 0.416743 0.851704 0.170982 -0.768013 0.469669 -0.879936 0.725953 0.220233 -0.675747 -0.917605 -0.013024
-0.492949 0.573325 -0.473490 -0.033285 0.785973 0.474511 -0.955131 0.995791 -0.711379 0.428194 0.720126 0.484950 0.470493 0.373113 0.538894
-0.585661 -0.015347 0.013174 -0.509714 -0.871809 -0.650113 0.170109 -0.368314 -0.808621 -0.636741 0.629631 0.906628 0.626588 0.083713 0.923856
0.217156 -0.587427 0.518444 -0.708002 -0.085919 0.713431 0.315209 -0.076204 0.343401 0.256857 0.492183 -0.640849 0.387406 -0.143247 0.371385
-0.126197 -0.846271 0.113192 -0.811339 -0.408700 0.113429 0.871377 -0.826290 -0.525753 0.914681 -0.747161 -0.663657 0.303514 -0.674283 0.286851
0.034091 -0.487334 0.230982 0.676402 -0.225873 -0.636948 0.032501 -0.348836 0.464295 -0.827055 -0.525150 -0.149052 -0.285948 -0.084935 0.148170
0.527870 -0.848568 -0.021219 -0.334951 -0.767009 -0.265873 0.548502 -0.144597 -0.353496 0.829351 0.663401 -0.117044 0.694754 -0.327521 0.507658
-0.859400 -0.551092 0.812433 -0.955279 0.690759 0.758705 -0.954195 0.992092 0.417141 -0.738785 0.799407 0.853696 0.851617 0.712759 0.424913
0.572268 -0.849108 0.102685 0.317769 -0.637490 -0.363367 -0.510650 -0.123529 -0.559371 0.470769 -0.615638 0.599352 -0.269667 0.449300 -0.061025
-0.061639 0.648883 -0.273833 -0.770371 0.276744 0.272417 0.082736 0.856740 0.032977 0.021059 0.919006 0.190295 0.326674 -0.444252 -0.807239
0.116204 0.570715 0.644881 0.962823 -0.424270 -0.572650 0.079734 -0.771889 0.549578 0.567142 -0.184893 -0.085637 -0.605763 -0.011659 -0.646866
0.624521 -0.111490 0.807744 -0.507124 0.722478 0.036964 0.625684 0.416923 -0.528393 0.418392 -0.885149 0.180445 0.338490 0.132989 -0.179515
-0.900628 -0.921808 -0.268636 0.787088 0.185562 0.612214 -0.879434 0.702930 -0.877170 -0.137178 0.383876 -0.984654 -0.103741 0.998986 -0.372181
-0.259832 0.724185 0.816357 0.730663 0.298338 0.186490 0.959900 -0.847327 -0.667271 0.241148 -0.822947 0.153531 -0.092407 0.029039 -0.612228
-0.883206 0.270525 0.215908 0.800456 0.521206 -0.499031 0.427434 0.457048 0.659679 0.795769 -0.590421 0.992531 0.749010 0.038678 -0.766387
-0.092287 0.287099 0.309442 0.933068 -0.305494 0.923504 -0.008548 0.130982 -0.440981 0.484341 0.067474 -0.275005 -0.781323 0.445988 0.903521
-0.196929 -0.078338 0.937610 0.836155 -0.251609 0.738380 0.682492 0.785557 0.696326 -0.972673 0.189014 0.692770 -0.699245 0.516436 0.955814
-0.230343 0.642480 0.665007 0.335225 -0.525419 0.933582 -0.627651 0.793876 0.829485 0.725091 -0.899797 -0.186899 0.231922 0.217650 0.340536
-0.480684 -0.070968 0.675619 0.007900 0.227920 0.392836 -0.955573 0.860594 0.434061 -0.395243 0.237515 -0.297557 -0.535884 0.937542 -0.346327
-0.458541 0.422255 0.771470 -0.589833 0.808758 -0.069380 -0.550019 0.423753 0.103948 0.004250 0.180262 0.026270 -0.602161 -0.119053 -0.010578
0.599740 -0.430106 -0.622540 0.294701 0.154848 0.704905 0.032733 -0.796770 -0.756752 0.893979 0.921998 0.130483 -0.490412 -0.343219 -0.327624
0.653120 -0.652717 0.079867 0.242148 -0.712199 -0.943035 0.269191 0.162386 -0.632339 0.428801 -0.824371 -0.596962 0.638256 0.426283 -0.435326
0.817899 -0.310943 0.179577 0.873155 -0.786303 0.271650 0.906447 0.669905 -0.581849 0.943088 -0.123858 0.325576 -0.443205 0.326379 0.895134
0.882131 0.651994 -0.198916 0.308563 0.647306 -0.827124 0.416785 -0.675845 -0.882149 0.171094 -0.905903 -0.644136 -0.484352 0.151444 0.271956
-0.904325 0.443888 -0.739060 -0.392769 -0.246567 0.027283 -0.899263 -0.412020 -0.694262 -0.358101 -0.293992 0.365149 -0.304900 0.572100 0.243768
0.077483 -0.907410 0.586868 0.613706 -0.052524 0.833834 0.912290 0.121877 0.581824 -0.045169 0.246004 -0.709612 0.419727 0.991462 0.061297
0.021674 -0.578654 -0.396245 0.496838 -0.736721 0.144549 -0.409602 0.475965 0.171432 0.910011 0.136184 0.838746 0.243131 0.208744 0.742555
-0.112871 -0.491277 0.136303 -0.550827 0.133700 -0.317578 0.678268 0.515511 0.368979 -0.000942 0.165796 0.090917 -0.246649 0.425059 0.832442
0.482392 0.809181 0.382021 -0.983606 -0.969245 -0.661804 0.452331 0.704606 -0.100061 -0.547880 -0.177170 -0.029989 0.353424 0.284565 0.954672
0.620895 0.189254 -0.260814 0.102853 0.346612 -0.597387 0.331864 -0.155240 0.620839 -0.540830 0.362501 -0.059847 -0.845978 -0.351596 -0.855679
0.220328 -0.876730 -0.728274 -0.550450 0.096338 -0.465030 -0.679062 -0.559065 0.798912 -0.544845 -0.568785 -0.658206 -0.360881 -0.700203 0.036984
0.611193 -0.628662 0.303827 0.863377 -0.942544 0.652832 -0.160243 -0.274030 -0.646539 0.432853 -0.689728 0.920040 -0.712024 0.395223 0.779760
0.377357 0.421662 0.774438 0.730288 0.846465 -0.381860 -0.764151 0.349334 0.364631 -0.593098 0.776036 -0.694214 0.248830 0.127054 0.671519
0.103556 0.609863 -0.458037 0.333901 0.386248 0.939752 -0.109588 -0.902540 -0.528285 0.422194 -0.178786 0.035429 0.636840 0.296997 0.872815
0.172288 -0.051376 -0.391466 0.950049 -0.681853 0.329321 -0.642327 -0.067315 -0.868080 0.766062 -0.078482 0.853831 -0.955579 -0.234392 -0.325905
-0.349408 -0.795052 0.843745 0.630246 0.770761 -0.128495 0.544053 -0.830859 0.652881 0.338289 0.532257 -0.473408 0.019114 0.609046 -0.516414
-0.021985 0.788438 -0.118763 -0.041198 -0.718710 -0.572199 -0.790475 0.791252 0.666492 0.921938 -0.976998 -0.494002 -0.091302 0.142309 -0.025176
-0.820249 0.620088 -0.942283 0.811506 0.508302 -0.447608 0.925442 -0.415123 0.378635 -0.732295 0.922134 0.903096 -0.570401 -0.066409 -0.096992
-0.517312 0.175149 0.242244 -0.384705 0.391017 -0.595003 -0.395588 -0.536936 0.715857 0.096332 0.286169 -0.254184 -0.027398 -0.826551 0.628609
0.995019 0.784890 0.305021 0.390441 -0.095531 0.032201 -0.729573 0.019022 -0.510947 -0.878753 -0.463455 -0.405065 -0.766482 -0.870503 0.196643
0.337465 0.383645 0.521289 -0.977009 -0.145219 -0.233803 0.229838 0.876546 -0.405129 -0.242808 -0.099626 0.380637 -0.207125 -0.840754 0.468223
-0.403600 0.584241 0.672374 0.055776 -0.799392 -0.001008 -0.275839 -0.355756 -0.797948 0.725400 0.249930 -0.602602 0.187670 0.558485 -0.248721
0.803015 0.373926 0.534640 0.068846 0.055545 -0.728645 0.334190 -0.490735 -0.240406 0.670484 0.422130 0.976383 0.012699 -0.804118 0.173240
-0.841983 -0.258173 0.821422 0.166983 0.808339 -0.012064 0.510533 -0.366614 -0.985892 -0.615236 -0.999412 -0.346866 -0.660224 -0.579985 -0.807950
-0.566306 0.193272 -0.445706 0.098352 0.307526 -0.119599 -0.593311 -0.499263 -0.268844 0.964523 0.481086 -0.525702 0.809910 0.241055 -0.333637
0.819883 0.095630 -0.212091 0.442147 -0.499197 0.802880 -0.698457 0.223425 0.916791 -0.705047 0.823792 0.384414 -0.901286 -0.189277 -0.037034
0.971949 0.517994 -0.992532 0.961845 0.193788 -0.709621 0.936595 -0.515845 0.846657 0.718907 -0.847348 0.772498 -0.066146 -0.281032 -0.411900
-0.563656 0.282201 -0.563146 -0.497596 -0.532963 -0.376109 -0.041681 0.459816 -0.979279 -0.559636 0.061580 0.645238 -0.150353 0.583815 0.623633
0.258650 0.595893 0.852184 -0.029935 0.566089 0.737157 0.690496 -0.389211 0.463956 0.307175 0.436726 -0.274588 0.832636 0.285909 -0.570179
0.692678 0.000765 -0.652291 -0.821208 0.801862 0.069695 0.471294 -0.557993 0.847979 0.518619 0.414096 0.733662 -0.755183 -0.430660 0.420460
0.881120 0.514214 0.787777 0.555448 0.421919 -0.261926 0.938596 0.036212 0.742556 -0.021947 -0.754602 -0.554521 0.881803 0.990592 -0.230554
0.776932 0.650228 0.451658 -0.385430 -0.397770 0.399200 -0.364253 0.842646 0.236836 0.589757 -0.666451 -0.465215 -0.315687 -0.937942 -0.296538
0.607713 0.621478 0.638931 0.948329 0.897028 -0.995979 -0.900681 -0.435018 0.194541 0.068561 -0.935637 0.368328 0.909277 0.101897 0.289604
0.814354 -0.031418 -0.010792 -0.945017 -0.285940 0.933836 0.081899 0.645696 0.134029 -0.414873 -0.588011 0.751603 -0.698149 0.442246 -0.581977
-0.874124 0.471977 0.162763 0.973546 -0.092767 0.369677 0.983419 0.204381 0.405198 -0.630983 -0.886495 -0.846038 -0.393332 0.768213 -0.447041
-0.219066 -0.068870 0.757873 0.108723 -0.716933 -0.284312 0.113715 0.674132 -0.228005 -0.271707 0.539853 0.151268 -0.161987 0.390589 0.288241
0.931325 -0.609815 0.562838 -0.238270 0.867058 0.683748 -0.480917 0.194011 0.901346 0.661257 -0.082309 0.789720 -0.889038 0.345583 -0.268637
0.862707 0.696914 0.101710 -0.194981 -0.745907 0.596721 -0.067371 0.512966 -0.454008 0.945404 -0.395715 0.780758 0.748828 0.683801 -0.799096
-0.213939 -0.843414 0.184391 -0.694931 -0.715171 0.184982 -0.648935 -0.786693 0.633810 0.247279 -0.020830 -0.272766 0.556859 0.126167 0.609389
0.900181 0.708110 0.151462 0.596641 0.181887 -0.065060 -0.748390 0.793257 -0.118736 -0.029724 0.659571 0.864907 0.557777 -0.504857 -0.853109
0.163813 0.279108 0.465441 -0.110916 -0.076530 -0.362542 0.511144 0.791281 0.977628 0.689940 -0.315014 0.110478 0.352883 -0.281452 0.375347
-0.362634 0.065446 -0.887447 0.629207 -0.844868 -0.781064 -0.832725 0.312457 0.871776 -0.636892 0.229856 -0.035272 0.762199 0.462882 -0.130321
-0.226574 0.623528 -0.314135 0.264737 0.811617 -0.871029 0.371177 0.591609 -0.514491 -0.182303 -0.794317 -0.623621 -0.746528 0.530007 -0.199169
0.456809 0.743648 -0.163525 0.673390 0.567481 -0.208044 0.825365 0.752234 -0.194939 -0.278320 -0.752538 0.697860 0.397903 -0.781875 0.403185
-0.045806 -0.750937 -0.471426 0.129924 0.945163 -0.782304 0.964229 -0.147771 -0.387212 -0.740194 -0.273701 0.812810 -0.541494 0.794865 -0.521150
-0.128303 -0.259280 0.934062 0.948526 -0.589740 -0.127474 -0.511956 0.833185 -0.498214 0.750751 0.216446 -0.345574 -0.113191 0.764606 -0.050670
-0.462174 -0.268749 0.125515 0.755385 0.958822 0.173800 -0.883962 -0.012369 0.368871 -0.462442 -0.922218 0.390635 0.916899 0.503410 0.098217
0.459329 -0.182318 0.810986 0.136386 -0.217092 -0.718504 0.575807 0.555766 0.744957 -0.079469 -0.276333 0.202090 0.264432 -0.034687 -0.576977
0.374823 0.253545 0.893318 0.973591 0.174414 -0.997030 0.915908 0.239134 0.166801 0.178913 -0.047104 0.304007 0.062361 0.330413 0.317120
0.177758 -0.397204 -0.373757 -0.074518 0.799712 0.470882 0.100084 -0.775155 0.011952 -0.337790 0.626397 -0.979267 -0.032090 -0.101134 0.956888
0.458419 0.067481 -0.052156 -0.389592 0.192733 0.811878 -0.848460 0.228995 0.768539 -0.796195 0.713986 0.949014 -0.307811 0.410314 -0.137811
-0.705841 0.434745 0.625090 -0.336637 -0.555861 -0.079870 0.043014 0.150453 0.253834 -0.608233 0.870092 0.038787 -0.068762 0.625654 0.908816
0.062117 -0.413974 0.185932 -0.317466 0.925216 -0.056680 -0.911622 -0.211341 -0.658276 0.091135 0.842912 0.227125 -0.515007 0.161222 0.398050
0.850326 -0.663683 0.610074 -0.515139 -0.434574 -0.189473 -0.900834 0.487715 0.692332 0.570039 0.485461 0.437800 -0.640251 -0.841427 -0.784245
0.037715 0.087699 -0.294176 -0.917041 0.481503 0.498017 -0.348534 -0.554778 0.442496 0.581592 -0.409261 -0.038953 -0.334981 -0.198438 0.132598
0.471775 0.751525 -0.779415 0.263809 0.956732 0.943971 -0.702847 0.857348 -0.722590 -0.826327 -0.500806 -0.002226 -0.342913 0.770925 -0.333497
0.736749 0.674114 0.436892 0.014094 0.529297 -0.246862 0.345403 0.847901 0.892671 -0.064878 0.466299 -0.684794 -0.977139 -0.729623 0.534411
0.180061 0.967427 0.800964 0.966132 -0.981212 0.340374 -0.633037 0.452352 -0.159609 -0.791572 -0.938968 0.248967 0.348655 0.531861 -0.540584
-0.144806 0.995752 -0.852666 -0.531898 0.280340 -0.157666 0.373312 0.369717 -0.617229 0.939991 0.144013 0.317985 0.733611 -0.625420 0.004753
0.945335 0.696131 -0.533353 -0.602415 0.937120 0.282771 -0.392454 0.355779 -0.742760 0.445861 -0.537830 0.041499 0.817796 -0.763019 -0.871053
-0.431761 0.734788 0.285372 -0.642611 0.546193 -0.866192 0.580868 -0.550354 0.341999 0.559787 0.182109 -0.718450 -0.988457 -0.946076 0.463083
0.824687 -0.833879 -0.443779 0.179688 -0.908792 -0.983492 0.848621 -0.542930 0.020241 0.249713 0.013034 -0.015740 -0.270451 -0.178244 -0.322524
0.508532 -0.755141 0.487950 0.603079 0.046725 -0.376110 -0.343994 0.285839 0.331951 -0.549883 -0.992934 0.757368 0.890309 0.045653 -0.440657
-0.975874 -0.768984 0.931680 -0.312302 0.765023 0.581741 0.653103 0.396303 0.303847 -0.518251 0.637364 -0.381087 -0.169412 0.336085 -0.554119
-0.525270 -0.271156 0.584832 -0.167993 -0.842011 0.926738 0.115703 0.937352 -0.566878 -0.563739 -0.197349 -0.111909 0.584076 -0.102583 0.611484
-0.337449 -0.074951 -0.442173 0.062955 -0.016942 0.659182 -0.504318 0.027627 -0.482493 0.711387 0.211188 0.388704 -0.397809 0.153928 -0.421809
-0.422902 -0.632172 -0.777210 0.687367 0.943544 0.695469 -0.814258 -0.474378 0.301318 0.615050 0.923104 -0.131364 -0.578117 0.393014 0.863025
0.307530 -0.373604 0.308814 0.410365 -0.128803 -0.800549 -0.545711 -0.265406 0.851460 -0.984598 -0.853403 0.522473 0.312015 -0.798397 -0.634480
0.493465 0.786470 -0.440039 0.656780 -0.048557 -0.233120 0.125174 0.699356 0.936472 -0.459517 0.549619 0.540304 0.414466 0.993276 0.679082
-0.035810 0.728100 -0.956634 -0.730095 0.279717 -0.311478 -0.446729 -0.653635 -0.424639 0.788451 0.186896 -0.531975 0.589801 -0.077398 0.637501
0.910756 0.326900 -0.561599 0.257067 0.107988 -0.472970 -0.708176 0.371149 -0.742000 -0.522476 0.209114 -0.016241 -0.560614 -0.940125 -0.201976
0.093242 0.478833 0.802614 0.374408 -0.352233 -0.574799 -0.856150 -0.561357 -0.038066 -0.932486 -0.748418 0.874293 -0.997787 0.429736 0.743410
0.010365 0.789530 0.946747 -0.362866 -0.196505 0.925838 -0.883413 0.093116 -0.319668 0.144074 0.811498 0.065748 0.226400 -0.784126 -0.741476
0.863865 -0.909063 0.237798 -0.646137 -0.086069 0.343225 0.476191 -0.944991 -0.217165 -0.099245 0.766360 -0.228729 -0.200268 0.669245 -0.905808
0.237827 -0.400009 -0.466914 0.795383 0.389164 0.651075 0.199704 -0.297352 0.481372 -0.837857 -0.971883 -0.205867 -0.492388 -0.600003 -0.690756
-0.100129 0.156328 0.254905 -0.391840 -0.978689 -0.533089 0.202295 0.926697 0.230126 0.099593 0.690848 0.372354 -0.724711 0.990604 0.750016
-0.483246 -0.006118 0.704785 -0.637162 0.901973 -0.485126 -0.547352 0.573352 0.565889 0.515095 -0.403666 0.942044 -0.504432 0.249580 0.161033
-0.629692 0.931810 -0.360516 -0.804863 -0.584804 -0.413633 0.430883 0.834164 0.635156 -0.125265 -0.423270 0.319733 0.380588 0.933210 0.086187
-0.072433 0.641049 0.680289 -0.076223 -0.403845 -0.825489 -0.116244 -0.874983 -0.144774 0.278153 0.421310 0.793227 0.005880 -0.395598 0.748078
0.045538 -0.611034 -0.744711 -0.856725 0.634564 0.523718 0.908066 -0.564883 -0.240882 -0.899970 -0.930195 -0.948118 -0.220638 0.084565 -0.595391
0.804651 -0.685385 -0.568153 0.412919 0.871073 0.626777 -0.014845 0.448838 -0.761648 -0.683007 -0.378597 -0.572671 0.829404 0.728967 0.062752
0.080657 0.884949 0.528915 -0.797992 -0.255891 0.556205 -0.832976 -0.846968 0.163494 -0.466920 0.163375 0.585321 -0.822671 0.708323 0.417014
-0.434346 0.360610 0.953310 -0.052014 0.218551 -0.295586 -0.845085 -0.402611 -0.099726 0.858458 -0.155621 0.599667 -0.082996 0.177037 -0.477640
-0.318337 -0.899434 -0.661211 -0.954931 -0.627891 0.679068 0.429195 -0.672456 0.234635 -0.714033 0.559459 0.467905 -0.651723 0.947201 0.702599
-0.059352 -0.644362 -0.538190 -0.878329 0.875746 -0.854498 0.098506 0.054832 0.872752 -0.884777 0.818236 0.050280 -0.825752 -0.744863 -0.678350
0.892836 0.937995 -0.096691 -0.668326 -0.605199 0.676325 -0.324050 0.799000 -0.819040 0.444759 -0.379891 -0.622742 0.243795 -0.537770 -0.532107
0.350623 -0.837582 -0.385181 0.122107 -0.578800 0.470385 -0.205353 0.344109 -0.807425 -0.309105 0.403322 -0.109022 0.499745 -0.739216 0.077170
0.997329 0.606664 -0.512096 0.576079 -0.884403 0.939935 -0.900772 -0.159946 -0.548461 0.522264 -0.124413 -0.049807 0.005135 -0.598935 -0.092399
0.888922 -0.834732 -0.845560 0.283008 0.174390 -0.866945 0.517302 0.985667 -0.820588 -0.487366 0.456737 0.021898 0.220642 -0.259149 0.758556
0.610986 0.891127 -0.628606 0.109421 -0.312959 0.591911 0.660214 -0.370631 -0.117184 0.577238 0.535958 -0.401157 0.485586 0.104486 -0.512157
-0.856454 0.804285 0.685981 -0.331261 0.416599 -0.508121 0.222313 -0.200775 -0.021124 0.034057 -0.909217 0.792739 -0.659325 -0.216381 -0.154013
0.477997 -0.924186 -0.987108 -0.850441 -0.335913 -0.890391 0.491923 0.325516 -0.870321 -0.808358 -0.321866 -0.783596 -0.947183 0.234452 0.687083
0.386758 0.601286 -0.387414 -0.458006 0.817952 0.935819 -0.226639 0.779386 0.525164 0.657357 0.722616 0.718671 -0.062134 0.730437 -0.116524
0.664916 -0.573762 -0.795966 0.104774 0.494379 0.361873 -0.051602 0.743109 0.867649 0.398896 0.728373 -0.623369 -0.952494 -0.018510 -0.015636
0.330483 -0.279760 -0.385670 -0.503851 0.119802 0.427824 0.288598 -0.606648 0.797086 0.689188 -0.274683 0.614113 -0.174440 -0.509567 0.272658
0.445429 -0.635132 0.834153 -0.669002 0.794618 -0.950725 -0.534275 -0.580170 -0.115854 0.354994 -0.063887 -0.848627 0.250020 0.162334 -0.121113
0.845683 0.846541 0.931125 -0.215372 0.080650 0.734011 -0.524014 0.443612 0.511528 0.383165 -0.629897 0.931702 0.230919 -0.426111 -0.200130
0.725547 0.249107 -0.982486 0.508905 0.122912 0.121002 -0.259486 0.756583 -0.303503 -0.124583 0.134187 0.586284 0.564992 0.013718 -0.559412

Bias v0 (Oculta):
0.635551
-0.406444
0.562832
-0.026309
-0.037069
0.109252
-0.689408
0.623027
0.864833
-0.113105
-0.407280
0.560972
0.517126
0.359019
-0.393421

Pesos w (Oculta -> Saﻥda):
-0.024927 0.531544 -0.062550 0.489498 0.574109 0.338187 0.021011 0.615177 -0.206500 -0.231789 -0.856040 0.113335 0.551473 -0.053367 -0.288753 -0.325328 -0.783479 0.003773 -0.585774 -0.366753 0.883035 -0.439910 0.534986 0.984452 -0.169083 -0.432223
0.443271 0.104557 -0.275946 -0.501090 0.742062 0.154650 0.428805 0.147427 0.940399 0.163227 0.860985 0.863900 0.742431 0.076593 -0.526701 -0.524791 0.021827 -0.451685 -0.154483 -0.938547 0.668185 -0.172583 0.687309 0.526326 0.904317 0.302497
0.161563 -0.337341 -0.323363 -0.063766 0.168892 -0.226026 -0.858283 -0.326244 -0.520019 0.141827 -0.037149 -0.416486 -0.928644 -0.669714 0.084722 0.999829 0.524919 0.311231 0.980418 -0.035766 -0.266826 -0.279409 0.280282 0.380419 0.219587 0.807300
0.102989 0.891646 -0.982309 -0.513289 0.378419 -0.291194 -0.322867 0.980793 -0.272221 0.964715 0.225983 -0.710190 -0.895257 -0.924357 -0.102179 -0.049752 -0.110225 -0.012815 -0.567975 -0.684524 0.174497 -0.222442 -0.040919 0.552961 -0.796007 0.951056
0.217591 0.546475 -0.427745 0.797154 -0.957273 -0.159116 -0.909210 -0.061235 -0.426745 0.565944 0.291297 0.482577 -0.529119 -0.831094 -0.682010 -0.954208 0.964977 0.656944 -0.165122 0.400396 0.000298 -0.227525 0.039294 0.543164 0.774209 -0.487333
0.048807 -0.017758 -0.859618 -0.360329 0.449465 0.355295 0.606214 0.428704 0.176478 -0.464170 0.613157 -0.136071 -0.412680 0.315383 -0.264031 -0.819031 -0.900113 -0.545596 -0.313496 0.715702 -0.121362 -0.727863 -0.366331 0.735177 -0.201230 0.111195
0.780599 -0.206381 0.122856 -0.965338 -0.630997 0.435030 0.459167 -0.538600 -0.177641 -0.901187 -0.721908 0.899037 0.298172 0.538932 -0.552363 -0.377240 0.422243 -0.198279 0.525257 -0.392961 -0.038810 0.621036 0.899574 0.781374 -0.053594 -0.683575
-0.456512 0.046925 -0.976870 0.236067 0.959171 0.623808 -0.058040 0.748631 0.840782 0.517126 0.200717 0.463514 0.738035 0.765150 -0.502528 -0.443723 0.750562 0.660171 -0.144232 -0.435765 0.434418 0.700327 -0.015019 0.667983 0.006446 0.876230
-0.929868 0.955599 0.314576 -0.118103 0.416549 -0.630703 -0.004371 -0.691564 -0.789467 -0.614997 -0.445890 0.097133 0.314570 0.385088 0.031056 0.504837 -0.042889 0.898441 -0.916872 0.382350 0.022056 0.378669 0.851974 0.426242 -0.285415 0.042151
0.854135 0.423663 -0.004372 -0.864681 -0.498648 -0.841654 -0.687044 -0.485935 0.250256 -0.772228 -0.323203 0.397301 0.690048 -0.426111 0.200683 -0.621280 -0.086390 0.262628 0.036303 -0.829011 -0.987338 0.028159 -0.375649 -0.961483 -0.238972 -0.736581
-0.803337 -0.924673 0.419802 -0.668868 -0.976248 -0.550043 -0.495424 -0.115788 0.377682 0.517952 -0.200408 -0.119718 0.911913 0.301955 0.454861 0.456867 0.681059 0.876574 0.657853 0.253424 -0.422599 -0.808622 0.126053 -0.768069 -0.403770 -0.058872
-0.195601 0.962887 -0.786203 -0.282979 0.824251 0.340189 -0.771396 -0.992345 -0.472933 -0.004606 -0.015364 0.369579 -0.734388 0.866289 0.935366 0.178161 -0.720506 0.096504 0.931078 0.653652 -0.519110 -0.612285 0.267886 0.742436 -0.296012 0.624121
0.539705 -0.004570 -0.225088 0.932463 0.907252 0.638832 -0.581786 0.158126 0.896313 -0.661278 -0.730145 -0.495002 -0.353097 -0.429776 0.079796 -0.002696 -0.452963 0.604632 -0.326267 -0.799361 0.808345 0.561890 0.398785 0.404546 0.815594 -0.952590
-0.958610 0.507288 0.050771 0.859699 0.525430 -0.025144 -0.837698 -0.515296 -0.074500 -0.331614 0.544636 0.510265 0.829174 0.497626 0.480975 0.784400 0.069770 -0.484789 -0.745192 0.794842 -0.503267 0.982544 0.514795 -0.307274 0.078122 -0.424099
-0.852630 0.277340 -0.520439 -0.893449 0.617784 0.548986 0.036115 -0.105864 0.692225 -0.846876 -0.317492 0.075605 0.045808 -0.233084 -0.162355 -0.408707 -0.734650 0.146995 0.801217 -0.303973 0.262495 0.002637 -0.771526 -0.497209 0.023544 0.210742

Bias w0 (Saﻥda):
0.299307
0.137544
-0.856140
0.502654
0.650428
0.965977
-0.896640
0.889410
-0.347884
0.967192
0.273835
-0.395345
0.213120
0.531983
-0.817260
-0.976364
0.902032
0.372477
0.622898
0.913628
0.819108
-0.677018
0.182337
-0.592429
0.967190
-0.652097
