Pesos v (Entrada -> Oculta):
-0.922548 0.857344 0.366539 0.115541 0.838111 -0.401583 -0.569783 -0.813049 0.618737 0.333671 -0.902141 0.997741 0.982811 0.741350 -0.060623 0.498338 -0.546559 -0.930326 -0.641515 -0.940117 0.235171 0.608793 0.594985 -0.061421 -0.769254 0.207334 0.858226 -0.646822 0.992873 -0.918321 -0.714129 -0.315636 -0.481961 -0.582042 0.960683 -0.616008 -0.016919 0.663217 -0.369093 0.549457 -0.869433 0.428223 0.026005 -0.928004 0.882672 -0.998257 -0.616319 0.271687 0.030454 -0.575247
0.639377 0.369313 0.985214 0.467672 -0.905869 0.539786 0.034074 0.157784 0.999685 -0.152393 0.972911 0.484329 0.052710 -0.830332 -0.295467 0.201137 0.421707 -0.993109 -0.347256 0.449879 -0.005579 -0.327055 -0.055746 0.313686 -0.764599 -0.125944 0.338771 -0.324485 -0.544609 0.930778 -0.561937 -0.949099 0.778493 -0.264473 0.288744 -0.217384 0.456412 0.560198 0.626565 -0.792398 0.823637 -0.960471 0.744195 0.530891 0.488157 0.953041 0.303819 0.467397 0.950148 0.720534
-0.491624 -0.337354 -0.649491 0.519931 0.593244 -0.434116 -0.294281 -0.331736 -0.538511 -0.778099 -0.760801 0.639665 0.331426 -0.373262 0.381789 -0.782154 -0.762347 -0.253940 -0.413501 -0.089211 -0.638251 0.905975 0.937468 -0.723043 -0.071978 -0.225250 -0.664874 -0.778605 -0.612053 0.175923 -0.797877 -0.371747 0.915178 0.597125 -0.756476 0.116253 0.752172 -0.088532 -0.718854 -0.571580 -0.604076 0.395755 0.707676 -0.222317 0.416160 0.062097 -0.297973 0.513982 0.269550 0.824140
-0.893146 0.553998 -0.348537 -0.433388 -0.762101 0.526653 -0.125332 -0.207737 -0.622931 -0.444126 -0.460299 -0.960829 -0.304318 -0.052593 0.638905 -0.975615 -0.334030 0.129813 0.529894 -0.331561 -0.007164 -0.927269 -0.265263 -0.283244 0.840084 0.878034 0.182102 0.510985 -0.787930 0.361630 -0.778998 0.171286 -0.668061 -0.026429 -0.422120 -0.669075 0.225852 -0.468504 -0.073332 -0.996481 -0.857044 -0.755687 0.681659 -0.354287 0.116613 0.378859 -0.901147 -0.259638 -0.113066 0.476662
0.464752 0.465647 0.498951 0.554340 0.245420 -0.730517 -0.487043 0.125561 0.144434 0.027183 0.697412 0.431466 0.575929 0.083580 0.863575 0.536732 0.937768 0.261958 0.245691 -0.867602 0.724359 0.425910 0.391490 0.250476 0.704665 -0.517848 0.709042 -0.873635 0.010646 -0.233238 -0.240616 0.069472 0.368616 -0.151963 0.782965 0.808937 -0.985683 0.701698 0.642764 0.351402 0.189225 0.908690 -0.260423 0.801707 -0.201413 0.194720 -0.646129 0.597583 -0.495301 0.946919
0.511443 -0.282983 0.123782 -0.869329 0.232958 -0.034291 0.359486 0.208101 0.837946 0.596998 -0.750882 -0.841233 -0.348586 -0.833053 -0.132459 -0.103920 0.658978 0.197618 0.885497 0.009419 0.807808 0.389585 -0.132004 0.597633 0.274595 -0.357176 -0.718190 -0.014475 -0.780037 -0.627648 -0.722550 -0.953415 0.670237 -0.597149 -0.751664 0.906040 0.882261 -0.029746 -0.809618 0.121042 -0.881034 -0.010053 0.623358 -0.486129 -0.397372 0.241553 -0.220688 -0.785496 -0.098061 0.050666
-0.088821 -0.714537 -0.488098 -0.319586 0.024426 -0.005764 0.052704 -0.748855 -0.018606 0.084724 -0.599624 -0.163214 0.886951 -0.626889 0.341313 0.957667 0.747624 0.342904 0.143710 0.195038 0.519293 -0.702021 0.516859 -0.807190 0.735561 -0.472660 -0.359784 -0.456034 0.963667 -0.067701 0.811594 -0.650112 -0.604856 0.028850 -0.206530 0.701742 0.513109 -0.970102 0.197785 0.434797 0.122151 0.231822 0.276871 0.061472 -0.960166 0.305764 0.507252 -0.151183 -0.606658 -0.606947
0.997872 0.873438 0.490750 0.311125 0.754111 -0.069793 0.066394 0.090539 -0.091768 -0.316449 0.419944 -0.032287 0.245130 -0.049636 -0.951658 -0.845990 0.098031 -0.676923 0.697926 -0.968987 -0.515995 0.683366 0.289805 -0.502359 -0.081401 -0.664096 0.617946 -0.583387 -0.230824 -0.826260 -0.558016 0.255556 -0.428659 -0.880616 -0.048963 -0.171060 -0.321533 -0.007763 -0.054558 -0.834150 0.319039 -0.253658 -0.125675 -0.706710 -0.156641 -0.592802 -0.696965 0.463121 -0.875352 0.786135
-0.670188 -0.290202 -0.460300 -0.454014 -0.807028 -0.865583 -0.789265 -0.688999 0.340657 0.021159 -0.611953 0.417217 0.317575 0.759546 -0.021733 0.179536 0.630121 0.042509 -0.026872 -0.588865 -0.857656 0.759899 -0.961425 -0.178316 -0.491135 0.285900 -0.036269 -0.964465 0.714658 0.017982 -0.627003 -0.196638 0.772087 0.673275 -0.140309 -0.626270 -0.756341 0.063025 0.384153 0.551639 -0.784796 -0.739998 0.041371 -0.071625 -0.567479 0.510032 0.456591 0.999658 -0.027105 0.701056
0.065634 -0.857846 -0.850268 -0.742573 0.228776 0.961541 -0.460758 -0.699921 0.084223 -0.206285 0.799651 -0.545110 0.198139 0.330059 -0.687349 0.198986 -0.525383 -0.912089 0.839651 -0.754759 0.053505 -0.013839 0.495156 0.652726 0.333156 0.309421 0.355888 0.175379 -0.000962 0.675894 -0.386927 0.228868 0.766115 -0.314365 -0.735822 -0.217423 0.284915 -0.277386 0.013377 0.005123 -0.842051 0.798963 -0.693974 0.881128 0.735643 0.041721 -0.989506 -0.694632 -0.135554 -0.675889
0.289641 0.680590 -0.311936 -0.106620 -0.740288 -0.965220 -0.237593 0.562239 -0.177353 -0.668093 -0.417151 -0.261485 -0.007340 0.573157 -0.739013 0.179953 0.976614 0.587051 0.655879 0.217992 -0.884193 0.128488 -0.399147 0.096272 -0.381694 -0.117895 -0.254315 0.169131 -0.992835 -0.765849 0.233322 0.846817 0.230729 0.398410 0.684581 0.506914 0.436597 0.315139 0.074649 0.615115 -0.311882 0.308918 -0.719956 0.046097 -0.982392 0.422799 -0.556178 0.774093 0.218537 0.891867
0.645856 0.582213 -0.678563 0.105491 0.573917 -0.599543 -0.662973 0.231296 -0.441756 -0.379352 -0.714061 0.342278 -0.464995 -0.639131 0.949884 -0.272281 -0.407700 0.097682 0.455294 -0.361158 -0.463411 -0.930254 0.306203 -0.316042 -0.978776 -0.946527 0.607521 -0.710352 0.877997 -0.412596 0.287040 0.704619 -0.496553 -0.078746 0.834147 -0.700702 -0.749824 0.883057 -0.047725 -0.427664 -0.138899 0.146498 -0.871831 0.264363 -0.088076 -0.664256 -0.474329 0.807339 -0.287416 0.364077
0.196890 -0.711668 -0.222586 0.558673 -0.626516 0.249974 0.580548 -0.484662 -0.987874 -0.302860 0.552303 -0.408423 0.685167 -0.935967 -0.783586 -0.319432 -0.841157 -0.787740 -0.455134 0.638083 0.715334 0.350012 -0.346341 -0.102175 -0.220331 0.897400 0.662235 -0.548636 -0.849525 -0.093512 -0.495820 0.930824 0.781267 -0.578723 0.317635 -0.646091 0.681510 -0.710245 0.456506 0.882889 -0.738504 0.092860 -0.498300 -0.287195 0.933544 0.425402 -0.846861 0.034154 -0.317375 -0.198164
-0.776785 -0.453599 0.502673 -0.631635 0.028400 0.490773 -0.711953 -0.562228 0.515041 0.647872 -0.407463 -0.082210 -0.922261 0.632936 0.500895 -0.515959 -0.736568 -0.403708 -0.388038 0.623518 0.841595 0.231784 0.257665 0.446834 0.457075 -0.238075 0.748257 -0.197599 0.638262 -0.511154 -0.074668 0.768004 -0.305399 0.814683 0.562573 -0.012444 -0.905967 -0.518514 -0.185730 0.273232 0.466409 -0.181316 0.844893 0.953926 0.183404 -0.362523 -0.299907 0.933244 -0.935124 0.532369
-0.135768 -0.918276 -0.376034 0.179696 -0.589270 0.083623 0.445282 0.973013 0.660291 0.306837 -0.208007 -0.137672 -0.265059 0.609267 0.229401 0.302612 -0.474585 -0.874710 0.948555 -0.884395 0.848143 0.362049 -0.627558 -0.255643 -0.430429 0.180025 0.476412 0.847686 0.929258 -0.016768 0.986384 -0.670152 0.954530 0.923688 -0.359552 -0.932643 0.799909 -0.223766 0.976037 0.082171 0.405520 -0.622044 0.065460 0.823846 -0.283227 0.185574 -0.928801 -0.493431 0.927181 -0.666499
0.082568 -0.216790 0.783495 -0.634275 0.291160 -0.909783 0.616202 0.691285 0.040767 -0.552050 -0.361905 -0.041685 0.005754 -0.612321 -0.300306 0.042626 -0.973010 -0.001687 -0.024630 0.829255 -0.257896 -0.948325 0.245697 -0.020046 -0.138435 -0.567994 0.338616 -0.650825 -0.324385 -0.169155 0.837549 0.443709 0.868688 -0.711287 0.588737 -0.886564 0.313826 -0.489548 0.245601 0.704173 0.915375 0.072829 0.323543 0.386696 0.863496 -0.630500 0.190408 -0.690640 -0.693032 0.685279
-0.152493 0.556376 0.505987 -0.612477 -0.963241 -0.576464 0.554620 0.401248 -0.667514 0.619559 0.699739 0.832736 0.657283 0.577705 0.905592 -0.083074 -0.754616 0.739241 0.275188 0.358045 0.883659 -0.082017 0.053614 0.945705 0.495730 -0.125869 -0.590497 0.872986 0.965972 0.889855 -0.843326 -0.733720 -0.008935 0.406902 0.456852 -0.232190 0.939139 -0.584670 -0.929988 0.117056 -0.678260 -0.765120 0.332165 0.436225 -0.706831 -0.920192 0.078377 0.672344 0.626385 -0.343464
-0.440947 -0.992178 0.031524 0.711220 -0.158888 -0.483425 0.176565 -0.544697 0.778123 0.930950 -0.615779 -0.364412 -0.571921 -0.247501 0.398816 0.998270 -0.874467 -0.001079 0.102604 0.044308 -0.327964 0.877721 0.805900 0.688714 0.073584 0.965523 -0.724552 0.420962 0.220682 -0.176785 0.189580 -0.557364 0.878048 -0.571518 -0.015453 0.929997 0.354487 -0.228923 -0.346358 -0.505248 -0.068981 -0.565983 0.644725 -0.748637 0.044612 -0.063650 -0.297589 0.274128 -0.813675 0.957876
0.835217 0.323360 0.875874 0.220401 -0.728963 -0.986680 -0.437424 -0.314681 0.974897 -0.341659 -0.823063 0.218121 -0.702387 -0.789000 -0.616878 0.967675 0.930404 0.772909 0.356929 0.087834 -0.255143 -0.842689 0.273113 0.078254 0.762722 -0.197287 -0.032503 0.477328 0.543840 0.175039 -0.332427 -0.193137 0.905423 -0.543464 0.560672 -0.597933 0.322538 0.266499 -0.960634 -0.634076 0.524115 0.283417 -0.656981 -0.005925 -0.115248 -0.876876 -0.613703 -0.909708 0.628270 -0.886564
0.235422 0.451066 0.256813 -0.434512 -0.365965 0.717664 0.353133 -0.487221 0.078847 -0.889530 0.772148 0.615609 0.196671 0.082943 0.031088 0.943955 0.017231 0.515071 -0.718817 0.838371 -0.641253 -0.231617 0.608463 -0.565846 0.742715 0.674451 -0.602729 0.944639 0.218951 -0.591498 0.834558 0.255618 0.175566 0.832390 -0.122470 0.725893 0.069739 -0.614773 -0.115274 -0.606743 0.887107 -0.522113 0.597940 -0.105969 -0.098881 -0.134607 -0.751335 -0.484689 0.376305 -0.213842
-0.341367 -0.370117 0.104053 0.650123 -0.193730 -0.424564 0.603396 0.065709 -0.401367 -0.242800 0.134226 -0.761321 0.492594 -0.487241 0.218856 -0.481091 -0.766035 0.776229 -0.840855 0.320280 -0.841398 0.926377 -0.366926 -0.923691 -0.511438 -0.848189 -0.401934 0.756941 0.145125 0.006048 0.164180 0.288226 0.897096 0.971212 0.496746 -0.767954 0.991899 0.620229 0.320084 -0.537200 -0.973301 -0.443502 -0.920150 -0.016328 0.897221 0.178288 -0.784786 0.072601 -0.731754 0.904585
-0.280795 -0.689251 0.268492 0.455291 -0.439712 -0.485956 -0.915150 -0.203469 -0.840366 0.296334 -0.067398 -0.074566 -0.108383 -0.606050 -0.180574 -0.829811 0.228845 -0.165285 0.551914 -0.991945 0.214534 -0.488374 -0.511836 0.096061 -0.639963 -0.223342 0.329562 0.762712 0.002534 -0.539544 -0.430929 -0.595850 -0.731059 0.384858 -0.014754 -0.562292 0.461185 -0.410053 0.699297 -0.968093 -0.803611 -0.723100 0.538590 -0.762338 -0.679336 0.340575 0.041285 -0.300403 -0.931839 -0.368571
-0.747380 -0.147923 0.454995 -0.777613 0.168393 0.868256 -0.445824 0.475107 -0.755994 -0.295890 0.186263 -0.954468 -0.081582 0.292341 -0.782708 0.651880 -0.750758 -0.025737 0.612134 0.158674 0.634487 0.901796 -0.889884 0.583918 0.156232 -0.528080 0.196431 -0.953871 0.244621 0.595627 -0.726329 0.544035 -0.852201 -0.931530 0.872109 0.990156 -0.319021 0.622324 0.517092 0.586647 0.590835 -0.525686 -0.591700 0.681154 0.867706 0.952421 0.124561 -0.004149 0.340890 -0.867326
-0.613714 0.605087 -0.130634 -0.315286 -0.335220 -0.660954 0.274281 -0.920509 -0.102190 -0.418785 -0.877403 0.761936 -0.285928 0.107816 -0.112071 0.048533 0.191281 0.662105 -0.721749 -0.409544 0.157967 0.373265 -0.192303 0.062648 -0.394446 0.076487 0.993442 0.687174 -0.425379 0.380959 -0.635706 0.428171 0.547926 0.237719 -0.963882 0.096257 -0.924242 -0.185628 -0.488507 -0.587106 -0.250374 -0.212781 0.125356 -0.568495 0.792460 -0.127435 0.359575 0.131639 0.590211 -0.518473
-0.300205 -0.576645 0.863684 0.912493 -0.296825 0.927419 0.260628 0.410746 0.388790 -0.050897 0.973527 0.388719 -0.322475 0.183811 0.424031 -0.957389 -0.833502 0.435321 -0.612091 -0.524407 0.835344 -0.145212 -0.671365 0.697856 0.318269 0.378717 -0.729221 0.499410 -0.388006 -0.729058 -0.821389 0.820485 -0.704475 0.393706 0.756495 -0.955641 0.829637 -0.914162 0.310520 0.920834 -0.948744 -0.445798 -0.032426 0.578742 0.577978 -0.858426 0.419870 -0.027249 0.796308 -0.049994
0.267960 0.874098 -0.619175 -0.449432 0.177518 0.745806 0.163603 0.259278 -0.720990 0.973006 -0.822396 0.501599 0.580296 0.625913 -0.472062 -0.155492 0.814405 -0.351757 -0.455979 0.956892 0.181613 0.956442 0.540142 0.876850 0.604758 -0.990325 0.925515 -0.750874 0.256655 0.048959 0.999553 0.137383 0.136142 -0.460547 0.892641 0.122018 -0.573975 -0.750674 0.147774 0.256370 0.879105 -0.466887 0.256223 -0.038561 0.837473 -0.003673 0.759566 -0.394313 -0.530743 -0.005330
0.196860 -0.863279 0.319649 0.605060 -0.153958 0.978993 -0.716277 -0.553952 0.321812 -0.080049 0.745476 -0.049333 0.879255 -0.212799 0.806078 0.958819 0.940931 -0.357424 0.088020 -0.293926 0.219418 -0.073708 0.959933 -0.375633 -0.344023 0.947120 0.804369 0.684755 0.915497 0.963060 -0.960347 0.514142 -0.409221 0.365250 -0.459371 -0.851138 -0.725652 0.880520 -0.773804 -0.986189 0.239138 0.504524 -0.408938 -0.014830 0.891577 -0.129881 -0.456709 -0.072311 0.396754 0.554251
0.023182 -0.223551 -0.397649 0.215382 0.979634 -0.384924 -0.347147 0.716454 0.802761 0.326626 -0.666475 -0.052044 0.406443 0.914001 0.707707 -0.970886 0.604662 0.028251 -0.158287 0.962633 -0.239450 -0.807215 0.084546 0.240148 0.510284 0.778760 0.106128 0.132953 0.382125 -0.340827 -0.675042 0.523395 -0.734356 0.894499 0.554097 0.795941 0.122672 0.220513 0.348271 0.669793 0.703821 -0.384526 0.262063 -0.807791 0.881761 0.949663 -0.800451 -0.905702 0.516888 -0.475958
0.240988 0.979975 0.306032 0.233061 -0.807108 0.815949 0.189628 0.278318 -0.244133 0.025265 0.641363 0.349926 0.518598 -0.077481 0.706604 -0.239168 0.840693 -0.423621 0.266536 -0.671353 0.230305 0.583120 -0.434681 0.164134 -0.592828 0.603824 -0.171282 -0.310968 0.847619 -0.831164 -0.550441 -0.268017 0.509644 0.685321 -0.209704 0.271711 0.798920 0.606820 0.367210 0.829237 -0.429918 -0.420651 0.039220 -0.792512 -0.285618 -0.632312 0.058821 0.098246 -0.135168 0.964962
0.948444 0.559196 -0.118095 -0.670018 0.478254 -0.366461 0.856485 -0.350359 0.699792 -0.588647 0.351574 0.165955 -0.943866 0.860617 -0.275856 0.073777 0.444966 -0.378556 -0.407772 -0.889115 0.604040 0.773475 -0.866462 -0.068835 -0.647351 -0.849252 -0.558028 0.090225 0.195484 -0.915976 -0.676076 -0.815155 -0.419886 -0.390798 0.217848 0.198811 0.264841 0.214746 0.615112 0.083440 -0.927973 0.024906 -0.071977 0.011940 -0.595324 -0.025023 -0.564310 0.479714 0.910202 -0.587093
-0.486237 -0.848907 0.795140 -0.113727 0.961430 0.809063 -0.642565 0.714919 -0.615771 -0.726614 0.343752 -0.524709 -0.672738 -0.760618 -0.546126 0.121728 0.008034 -0.951752 -0.327888 0.411378 -0.229765 -0.343357 -0.951728 0.490179 -0.954787 -0.019497 -0.668295 0.551321 -0.198957 0.723787 0.850461 0.603316 0.083118 -0.978754 0.646733 0.151355 -0.306818 0.559992 0.869057 -0.312215 -0.631817 -0.920516 -0.036440 0.353492 0.410155 -0.736080 -0.048811 0.884746 0.808665 0.979872
0.328615 0.760515 -0.406612 -0.087183 0.334267 0.141595 0.695806 -0.186385 -0.124032 -0.721054 0.657422 0.636264 -0.322705 0.181577 -0.077843 0.574638 0.007366 0.242202 0.116675 0.273462 0.141787 0.021375 0.783820 -0.958593 -0.618944 -0.819377 0.074535 -0.769407 -0.493988 0.201476 -0.179748 0.335184 0.792987 0.923230 -0.401676 0.241745 0.598061 -0.793355 0.288837 -0.320095 0.686273 -0.226968 -0.668388 0.935616 -0.560050 0.995967 0.217898 -0.693476 0.625939 0.668666
0.814540 0.650988 0.769153 0.395363 -0.644305 -0.267818 0.746765 -0.546499 -0.435342 0.079688 0.359098 0.090028 -0.997421 0.666634 0.786028 -0.667255 -0.292074 0.611579 0.823880 -0.873994 -0.015056 0.465720 -0.313369 -0.765403 -0.422114 -0.951706 0.574315 -0.107897 0.235807 -0.064143 0.428070 -0.863798 -0.632598 0.464977 -0.806457 0.091843 0.650000 0.220968 -0.983787 -0.455911 -0.661422 0.426105 -0.139235 -0.224574 0.517696 0.988593 0.970389 -0.359557 -0.893534 -0.714739
0.699344 -0.367670 -0.178507 0.578115 0.815642 0.870502 0.923146 -0.676866 0.750194 0.528614 -0.321401 -0.457105 0.775131 -0.450972 -0.515604 -0.365251 -0.946938 0.766223 0.718214 0.458761 0.161785 0.127867 0.803597 -0.248705 0.502823 0.719934 -0.858326 -0.123411 0.465956 0.265996 0.635614 0.553810 0.349561 0.397800 0.440877 0.794819 -0.882756 -0.361136 0.796430 -0.411232 -0.885080 -0.398771 -0.267027 0.756143 0.357856 0.900494 0.953756 -0.084147 0.212390 0.264089
-0.372899 -0.110365 0.696682 0.933698 0.160430 -0.998003 0.436828 -0.289895 0.495421 0.382068 0.655364 0.486362 -0.834933 0.612297 -0.839296 0.142900 -0.006809 0.600973 0.625410 -0.211575 -0.136746 0.601280 -0.420687 -0.642463 -0.867772 0.175299 0.639533 -0.662468 -0.337506 0.743148 -0.335673 0.637147 -0.337498 0.075493 0.131626 -0.275260 -0.318997 -0.875644 0.235238 0.610529 0.122051 0.449896 0.842386 0.501144 0.589154 0.306799 0.091613 -0.730484 0.973919 0.721574
-0.947167 0.027794 0.164648 0.658938 -0.240428 0.324056 0.576306 0.870495 -0.598722 0.175645 0.589099 -0.530562 0.170771 0.701983 0.105500 -0.220189 -0.562552 0.905724 -0.334855 -0.523788 0.675314 -0.671179 0.377340 0.904400 -0.933420 -0.637485 -0.006441 -0.806676 0.867108 0.006436 -0.369231 0.737224 -0.837091 0.347328 0.560989 -0.205388 0.297474 -0.465875 0.629833 -0.713890 0.563767 -0.987399 -0.784123 0.698604 0.651478 -0.253131 -0.296356 0.121587 -0.699591 0.927017
0.620800 -0.395555 0.574952 -0.186990 0.920005 -0.846445 -0.053231 -0.142787 0.060356 0.333635 0.179257 -0.818960 0.174606 -0.484792 0.832232 -0.125663 -0.043765 0.653580 -0.807786 -0.386376 0.623961 0.093588 0.191740 -0.027951 0.397522 -0.159364 0.929977 -0.733792 0.401776 -0.824900 -0.309578 0.785398 0.970742 0.263390 0.859185 0.814617 0.936864 -0.614656 -0.442417 -0.058290 0.295112 -0.586526 0.395253 -0.242281 -0.878388 0.958054 -0.363277 0.937534 -0.222658 0.997285
-0.905521 0.656361 -0.113441 0.040637 0.125998 -0.732918 -0.582321 -0.628457 -0.832583 0.490831 0.876788 -0.628166 0.165059 0.998306 -0.293655 0.671047 0.321060 -0.356068 -0.197808 -0.428794 -0.025262 0.464305 0.185677 0.194431 -0.034666 0.876317 -0.431804 -0.571418 -0.119261 -0.716110 -0.759703 0.519924 0.318119 0.091439 0.992073 0.430918 0.203868 -0.601928 -0.416026 -0.446172 0.667415 0.007509 -0.777627 -0.458764 0.129941 -0.888649 0.432146 0.809414 -0.411068 -0.584757
-0.045991 0.966453 0.961373 0.586359 -0.256417 0.866377 -0.709582 -0.098499 -0.484180 -0.236751 0.369695 -0.034894 0.019733 -0.259209 0.442937 -0.926995 0.659110 -0.374277 -0.378830 0.930609 -0.505075 0.692277 0.665038 -0.969492 -0.339157 0.076936 0.070139 -0.480931 0.300151 -0.656452 -0.895330 0.597045 -0.309425 0.478205 0.855144 -0.167173 -0.788853 -0.205491 0.299177 -0.177483 0.513160 0.078531 0.503318 0.729605 -0.634842 -0.082473 -0.706007 0.601431 0.667706 -0.744972
0.932181 0.767090 0.157387 -0.149068 -0.045232 0.106957 -0.441614 0.570939 -0.242826 0.300539 0.824867 -0.686166 0.138491 0.308005 -0.179248 -0.747831 0.587541 -0.546764 0.778106 -0.650701 -0.036113 -0.298190 -0.301141 0.925813 -0.083718 0.089226 -0.814221 0.735837 0.258063 -0.916637 0.200482 0.817159 0.777224 -0.435860 -0.242074 0.094641 -0.091354 -0.768168 0.750017 0.408772 -0.149489 -0.868730 -0.347353 0.251343 -0.452951 0.970253 -0.302848 0.108408 0.415914 -0.747918
0.345297 0.055673 0.774290 -0.678109 -0.646716 -0.120294 0.076036 0.792811 -0.410868 -0.601989 0.034578 -0.154240 0.615648 -0.898071 0.368652 0.677759 0.765580 0.268994 -0.655494 -0.121317 0.688481 -0.956947 -0.736237 -0.726182 -0.455142 -0.456655 -0.154385 -0.877961 -0.788651 -0.305905 0.354559 -0.026059 0.240080 0.668644 0.687640 0.876598 0.624324 -0.851748 0.434383 -0.800050 -0.379398 0.450958 -0.158520 -0.904181 -0.982071 0.542436 0.364548 -0.486656 0.862815 0.511955
-0.919721 -0.143338 -0.605357 -0.403076 -0.557268 -0.665425 0.081664 0.361685 -0.184133 -0.373012 -0.060295 -0.305275 0.804926 -0.750089 0.238495 0.096767 0.909993 0.263725 0.801700 0.590835 0.679324 0.426757 -0.882000 0.530074 -0.824424 0.527689 -0.533537 -0.605883 0.027352 0.240760 -0.493502 0.546281 0.312357 0.606115 0.838082 0.881044 -0.256790 0.042492 -0.273782 0.652002 0.903810 0.520247 -0.682797 -0.177881 0.817532 -0.666287 -0.044912 0.710661 -0.987706 0.418526
0.693613 -0.037532 0.777593 -0.439759 -0.350800 -0.184111 -0.244460 0.940854 -0.158315 -0.069382 -0.911374 0.725371 0.534257 0.244823 -0.944655 -0.831134 -0.966529 0.507449 -0.290180 0.634734 -0.377620 -0.830389 -0.551184 0.897953 -0.155113 0.305007 -0.674473 -0.609455 0.442801 0.516947 0.023224 0.629023 -0.969283 0.614322 0.497178 -0.963081 -0.982812 -0.783199 -0.959300 0.321861 0.179988 0.485218 0.431185 0.305159 -0.572712 0.914732 -0.728375 -0.075703 -0.431596 -0.410413
0.879919 0.373847 -0.038492 0.010686 -0.174590 -0.865079 0.919114 -0.233558 0.013467 -0.812222 -0.361937 -0.737779 0.086760 -0.960778 0.731650 0.896129 0.368881 0.939515 0.928774 0.592815 0.450115 -0.012659 0.451810 0.133534 0.036904 0.393165 0.178479 -0.932981 -0.453260 -0.395747 -0.677010 0.745142 0.082127 -0.430368 0.313982 0.478395 0.361548 0.780929 -0.175582 -0.577503 -0.151808 0.932511 0.903010 0.740762 0.706256 0.239209 -0.561608 0.761178 -0.086860 0.391023
-0.335521 -0.640942 0.448437 -0.144301 -0.702047 0.142490 -0.977190 -0.384751 -0.581667 0.077273 -0.652514 -0.394470 0.846326 -0.195038 0.569114 0.198490 -0.486943 0.598737 0.186042 0.461870 0.123080 -0.677832 -0.291151 -0.574253 -0.067662 -0.553736 0.636401 0.646193 0.370974 0.409164 -0.350618 0.133045 -0.593867 -0.225592 0.861367 0.564932 0.137375 0.873242 0.895721 0.868203 0.426526 0.646754 0.501396 0.162192 -0.042904 0.942080 0.218013 -0.657936 -0.487093 0.212621
-0.315797 0.667564 0.342162 0.649076 0.490121 0.799158 0.956207 0.367491 -0.390542 -0.379270 0.318670 0.524959 0.448376 -0.769783 -0.978063 -0.070930 0.676629 0.719106 0.367490 -0.143389 0.684257 0.385201 -0.247224 -0.833069 0.364423 0.043659 -0.099412 -0.008012 -0.806908 -0.503424 -0.901731 -0.090340 0.592677 0.120099 -0.295764 -0.697965 0.257954 0.693866 0.337903 0.411209 -0.170855 0.799668 0.817211 -0.306204 0.627121 -0.930728 -0.722440 -0.312015 0.026089 -0.763931
0.630269 0.041289 0.356865 -0.049289 0.591982 -0.920649 -0.309279 -0.940060 0.312536 -0.199706 -0.999861 0.297204 -0.443268 -0.915642 -0.887640 -0.607150 0.553766 0.449936 -0.185841 -0.304459 0.370398 0.947327 -0.070428 0.895501 0.001948 -0.070709 -0.552207 0.562040 -0.039218 0.696392 0.108860 -0.576706 0.547852 0.653247 -0.441243 0.506219 0.148368 0.025529 -0.536279 -0.287100 -0.811871 0.178509 -0.901750 0.947529 0.207035 0.393607 0.907700 -0.844093 0.404075 0.191161
0.400779 0.435142 -0.229194 0.778922 -0.172524 -0.827500 0.326971 0.363595 0.914523 -0.013143 -0.256590 -0.826631 0.380779 -0.216914 0.986835 0.653712 -0.206005 0.736291 0.798648 -0.326298 0.869386 0.354124 -0.612459 0.351509 -0.370029 -0.275920 -0.574973 -0.823276 0.686113 -0.605011 -0.586730 -0.387969 0.029611 -0.411351 0.540139 -0.336929 -0.437203 -0.901726 -0.573834 0.328206 0.196377 0.048368 0.304044 0.403456 0.849537 -0.604873 -0.416439 0.455797 0.606071 0.907044
0.775371 -0.325701 -0.769226 -0.834203 -0.645736 0.029967 0.314913 0.617745 0.170301 0.298266 -0.329515 -0.493717 -0.513431 0.342799 0.810359 -0.341213 0.720089 0.318118 0.939784 -0.343990 0.391002 -0.040304 -0.476941 -0.311954 -0.367952 -0.097411 0.293547 0.790715 -0.720378 0.634990 -0.281700 0.330590 0.935575 -0.316154 -0.283861 0.934808 0.639221 0.711425 -0.664359 0.788593 -0.020721 0.087521 0.806482 -0.677851 -0.636589 -0.119447 0.177584 -0.546245 -0.367556 0.342923
0.558618 0.671285 0.009008 0.945745 0.048312 0.819347 -0.889940 0.685637 -0.606680 -0.890071 0.308053 -0.777088 0.521776 0.330990 -0.461802 -0.912889 -0.985975 -0.622509 -0.184332 -0.396811 0.930279 -0.691185 0.029068 -0.991583 -0.389366 0.683440 0.225567 -0.042548 -0.098558 0.875267 0.088603 0.798026 -0.618339 -0.803910 0.174124 0.160018 -0.448313 -0.242616 -0.097076 0.477083 0.224157 -0.861618 0.283437 0.133846 -0.262061 -0.921834 -0.630502 0.390694 -0.896325 0.836935
-0.413231 0.053136 0.600494 -0.735034 0.503050 -0.332073 -0.765197 -0.067677 0.926730 -0.576145 -0.584205 0.001890 -0.170153 -0.215731 0.203067 0.219217 -0.383160 -0.575270 -0.644192 0.233659 0.412265 0.099571 0.188597 -0.949379 -0.655540 0.028665 0.231243 0.366014 -0.443785 0.633831 0.462116 -0.482614 -0.443935 0.515812 0.887505 0.582078 -0.785887 0.220213 -0.200136 -0.829736 -0.241346 -0.645232 -0.153041 0.178297 0.815955 -0.337625 -0.295592 -0.496360 -0.525210 0.461168
0.729871 0.478235 0.280520 0.860056 0.869175 0.707578 0.919156 0.226529 -0.475990 0.295293 -0.306749 0.661038 0.277878 0.794661 -0.297097 0.482121 -0.917491 -0.074499 -0.260071 0.959351 0.004550 -0.218818 0.064487 -0.783744 -0.496838 -0.663002 0.447494 0.533097 -0.333215 0.612074 -0.224846 -0.021594 0.660249 0.655011 0.610921 0.331826 -0.888408 0.270725 0.276798 0.275120 -0.189972 -0.077300 0.678604 -0.063636 -0.403677 0.633454 0.216541 -0.142988 0.796952 0.187110
0.106142 -0.447694 0.114614 -0.533545 0.850309 -0.529755 -0.255330 -0.932398 -0.403364 -0.816489 0.704834 0.784088 -0.453090 0.818229 -0.417310 -0.766991 0.128378 0.796419 0.150611 -0.342703 0.249723 0.046457 -0.824196 -0.779949 0.228189 -0.901040 0.933636 -0.522477 -0.597818 -0.270031 -0.075817 0.359066 0.702725 0.926647 0.631712 0.527644 0.922013 -0.524717 0.453665 -0.485960 0.414362 0.254287 0.648672 0.767332 0.703778 0.544986 0.673191 -0.470495 -0.087698 0.766737
-0.061759 -0.724414 0.170935 0.631294 0.426979 -0.962607 0.146625 -0.608966 0.545490 0.236122 -0.339829 -0.612867 -0.901412 -0.306273 -0.668093 -0.619488 0.811148 0.334954 0.328807 -0.033225 -0.988953 -0.602330 -0.803518 -0.479506 -0.772416 -0.873929 0.839935 -0.326503 -0.312888 0.910195 -0.306977 0.512576 0.568490 -0.197549 -0.941941 -0.823785 0.737794 -0.980121 -0.048541 0.791561 -0.004504 -0.813662 -0.639237 -0.775770 -0.007224 0.393480 -0.454604 -0.271400 0.151495 -0.703691
-0.088531 0.658145 0.897391 0.737866 0.687677 -0.334061 0.292010 0.476747 0.902106 0.114352 -0.453957 0.141945 0.230768 -0.251024 -0.558106 0.961491 0.521059 0.010500 0.193359 -0.362410 0.297980 0.761141 0.311910 -0.869522 0.414807 -0.028658 0.929386 0.046030 0.453353 0.995226 0.186109 0.444739 -0.754939 0.241493 0.680558 0.101615 -0.949008 0.307488 -0.376805 -0.178199 0.723621 0.556911 0.269049 -0.632072 -0.456177 0.217767 0.143794 0.695343 -0.113562 -0.623689
-0.986049 -0.671466 -0.977273 -0.459779 0.897635 -0.279060 -0.787560 -0.507057 0.840095 0.923869 -0.800208 0.704544 -0.598516 -0.803539 -0.311922 -0.368516 -0.380631 -0.950988 0.145755 0.902723 0.748915 0.998570 -0.482365 -0.268781 -0.123982 -0.642928 0.172380 -0.281296 -0.296052 0.079199 -0.563682 -0.806306 -0.005941 -0.025876 0.134284 0.067766 0.713477 0.259979 0.782505 0.826979 -0.870923 0.930224 -0.310996 0.446193 -0.182881 -0.095168 -0.323563 -0.316569 -0.170973 -0.305482
0.175374 -0.986179 -0.562382 -0.753054 0.044735 -0.581322 -0.821076 -0.931889 0.029934 0.244379 -0.192006 0.277019 0.566890 -0.778625 0.675401 0.677634 -0.122253 0.248851 -0.556540 0.822027 -0.387776 -0.132523 -0.757151 -0.015987 0.122239 -0.093066 -0.863833 -0.332247 0.458383 -0.900212 0.315229 0.648089 0.095697 0.149284 0.154887 -0.972866 -0.356174 0.859321 0.183325 0.324185 -0.259031 0.818281 -0.313680 0.271704 -0.334502 -0.846498 -0.998110 0.303310 0.984058 -0.285394
-0.003423 0.327494 -0.828685 0.851299 0.315198 0.078861 0.805962 0.997453 0.680669 0.216698 -0.008128 -0.254075 0.431514 0.051333 0.905389 -0.792148 -0.810020 0.607500 -0.608830 0.885219 -0.098161 0.013965 -0.551799 0.006078 -0.390007 -0.059534 0.987291 0.945320 0.890219 -0.275028 -0.668642 0.324923 -0.536436 -0.460970 -0.571822 0.106395 0.056059 0.471212 -0.346033 -0.530633 0.139642 0.838978 0.079782 -0.648072 -0.331079 0.566788 -0.238826 0.381716 -0.387757 0.014753
0.504310 -0.291718 0.927356 -0.212163 0.492178 0.448525 0.857974 0.460878 -0.119922 -0.982147 -0.035675 0.725937 0.527034 0.743633 0.770314 -0.696872 0.680488 -0.683559 -0.823728 0.627223 -0.355076 0.555733 -0.002861 0.970528 0.441706 0.386315 0.023136 0.789535 0.696551 0.550691 0.963554 0.590471 -0.430169 0.997031 -0.381177 -0.244430 0.108783 -0.655593 -0.954192 -0.239675 -0.010434 -0.912249 -0.590444 -0.135980 0.881051 -0.101888 -0.207621 0.744103 0.835180 0.479796
0.812698 0.527460 0.480097 0.154101 -0.764394 -0.462180 0.300781 0.976050 0.471169 0.456961 0.706409 0.649484 0.707251 0.764983 -0.786981 0.346838 -0.266343 0.014786 -0.069456 -0.203621 0.429821 -0.430906 -0.264067 0.152265 0.065391 0.034203 0.740530 -0.409870 0.259530 -0.018296 0.979701 0.155888 -0.264046 -0.474191 -0.888812 -0.539154 -0.385342 -0.858570 0.292558 -0.453493 0.304593 0.747554 0.422841 -0.443294 0.368233 0.899153 -0.907180 0.198907 0.169420 0.563893
0.929988 0.498791 -0.498110 0.760859 -0.056080 -0.993732 -0.012345 -0.287025 -0.470107 0.992106 -0.002943 -0.505961 0.071944 -0.613208 0.624751 0.525942 0.304661 0.914576 0.164418 0.366744 0.760635 -0.039279 0.123672 -0.378046 -0.175333 0.137187 0.284903 0.290505 -0.636802 0.202688 0.419213 0.695569 0.529365 0.025500 0.201915 0.825848 -0.936590 -0.442744 -0.515404 -0.260565 -0.050428 -0.398819 0.629859 -0.557685 -0.672740 -0.602655 0.143593 0.335915 -0.794991 -0.528242
-0.737498 0.558011 0.180482 -0.446963 -0.961674 -0.293266 0.079388 -0.903715 0.874585 0.757272 0.647371 -0.619091 -0.858356 0.793465 -0.798975 -0.164536 0.521072 -0.909054 -0.693596 0.960942 -0.395388 -0.957629 -0.369192 -0.226615 0.250647 -0.620981 0.287989 -0.324278 0.739917 0.400583 0.110900 0.814724 -0.668277 -0.904192 -0.495310 0.172244 -0.504749 -0.813391 0.176867 0.613590 0.493918 -0.382461 0.044033 0.740443 -0.372676 0.400295 -0.248863 0.567225 0.596457 0.579791
0.416927 -0.307267 0.849417 0.520920 -0.706011 -0.521583 -0.431412 -0.987380 0.624836 -0.072861 0.387138 0.037666 -0.440728 0.904363 0.910585 0.039235 0.580984 0.349760 0.967206 0.312367 0.387009 -0.023151 0.201141 0.474306 -0.871201 -0.970494 -0.012508 0.814148 0.333366 -0.307436 0.741132 -0.579266 0.122022 0.286979 -0.374851 -0.695697 0.119304 -0.350059 -0.539925 0.200248 0.634140 0.447027 0.493934 -0.364951 -0.253545 0.765529 0.508993 -0.240557 0.382998 0.382377
-0.200309 0.406937 0.288636 -0.455859 -0.800889 0.002893 0.700631 0.888291 0.163213 -0.380907 -0.731057 0.338268 0.162992 -0.827682 0.083165 -0.697919 -0.581168 -0.992141 -0.356031 0.449032 0.383088 -0.095091 -0.211498 0.056087 0.979961 -0.503943 0.983998 0.142989 -0.455657 -0.608694 0.189634 0.610445 -0.107389 -0.662679 0.054208 0.819960 0.635288 -0.154218 -0.613495 -0.832460 0.489411 0.434226 0.766801 0.839213 0.599044 -0.329512 -0.412570 -0.466665 0.666728 0.175312
0.823679 -0.538253 0.960633 -0.350127 0.881275 -0.257423 0.478998 -0.781890 0.635251 -0.804982 -0.151131 0.468843 -0.310315 0.830003 -0.363114 -0.992244 -0.375111 0.175559 -0.116664 -0.559229 -0.696446 -0.946782 0.779209 0.155072 0.067196 0.378011 0.875282 -0.363439 0.133346 0.646418 0.745906 0.639802 -0.499940 -0.299708 -0.276598 -0.437262 -0.399023 -0.168238 -0.795313 0.488915 -0.348009 -0.547860 0.678536 -0.032024 -0.554513 -0.883006 -0.341630 -0.200674 0.252378 -0.344098
-0.421762 0.292088 0.963698 0.615137 -0.005722 0.458498 0.489600 0.968519 0.095148 0.515404 0.867219 -0.378720 0.208838 -0.476014 -0.940408 -0.133512 0.535518 0.713154 0.143973 0.850891 0.833550 -0.139812 -0.438007 0.384279 -0.731853 -0.156345 0.253622 -0.772867 0.538151 -0.565609 0.987718 -0.147790 0.216765 -0.247557 -0.081286 0.563172 -0.568978 -0.215406 -0.665541 -0.470822 0.765960 0.917810 0.376939 0.884524 -0.262890 0.896302 0.151346 -0.811175 0.629143 0.588817
0.573285 0.872403 -0.678476 -0.508323 -0.669828 0.447977 0.262230 -0.012131 -0.700407 -0.830661 -0.565821 -0.766802 -0.804509 0.527826 0.686914 -0.327386 -0.087182 -0.851630 -0.553958 0.743102 0.691618 0.540162 0.431870 -0.344749 0.029513 0.577213 -0.556787 -0.352025 0.058411 -0.875788 0.075565 -0.307521 0.882291 -0.741576 -0.155889 -0.652425 -0.216646 -0.029926 0.526829 0.319635 0.049108 0.733244 -0.490733 0.221747 0.461585 0.586610 0.585150 -0.492237 0.417257 -0.411041
0.181100 0.592347 0.540551 -0.698682 0.911638 -0.650913 -0.217210 -0.841523 0.184351 0.295319 0.552910 -0.712757 0.070295 -0.136579 0.260370 -0.698862 -0.531271 -0.861031 0.696215 -0.809009 -0.431930 0.509944 0.369643 0.575108 0.978290 0.990791 0.117229 0.395524 -0.985785 0.582363 0.977965 0.845140 -0.760753 0.924368 -0.892365 -0.073282 -0.914352 0.397758 -0.453423 -0.840863 0.371886 0.178334 0.202306 -0.312207 0.927702 0.934695 -0.067208 -0.126641 0.637934 0.106018
-0.435554 -0.618577 0.375371 0.459210 -0.056833 0.365347 0.076971 0.767142 -0.640325 0.882000 0.568085 -0.820816 0.929304 0.816759 -0.867060 0.864526 0.081571 0.264710 0.611970 0.829868 0.829406 0.265885 0.571620 0.568974 0.761849 0.650616 -0.617532 0.883567 -0.826361 0.379064 -0.241822 0.959474 0.489400 0.509242 0.697218 -0.314189 0.650543 0.275016 0.391462 -0.660374 -0.293163 0.761425 -0.523471 0.619887 0.398537 0.556158 0.826739 0.462253 0.627615 0.214952
-0.377872 0.885710 0.991076 0.077532 -0.763284 -0.325646 0.193474 -0.935945 0.451823 0.218375 0.717301 0.153374 0.425203 -0.903149 -0.937310 0.433068 0.663079 0.848742 0.568943 0.908071 0.493987 -0.499748 -0.044983 -0.527167 -0.398841 0.249535 -0.159567 0.804026 -0.318310 0.609444 0.302572 -0.665586 -0.223446 -0.967347 0.435032 0.656516 -0.251650 -0.321858 -0.330201 0.158545 -0.115446 0.871320 -0.799836 -0.595202 0.530832 0.062661 0.770445 0.683681 -0.027315 0.165541
0.929706 -0.640013 -0.068914 0.709704 0.223125 0.302268 0.009309 -0.558027 0.959826 -0.027758 -0.775637 0.910082 -0.464853 0.490851 0.126565 -0.069730 0.121583 0.843328 0.958046 -0.935603 0.330834 0.292311 0.539681 0.562539 -0.712270 -0.552680 -0.156110 0.232263 0.697037 -0.957926 -0.285337 0.931800 -0.329797 0.096267 0.025636 -0.160882 -0.206676 -0.689953 -0.906194 0.034096 -0.604724 -0.425813 -0.277298 0.430495 -0.734654 -0.566590 0.989309 0.032296 -0.311063 0.491824
-0.967421 0.869109 0.492448 -0.891316 -0.473871 0.663744 0.137077 0.447339 -0.968357 0.181675 0.337848 -0.526342 -0.635282 0.802469 0.332493 0.407025 0.042444 -0.272451 -0.615454 -0.313681 0.448380 -0.608647 0.554349 -0.749852 -0.087972 -0.934159 0.359840 0.919404 -0.132227 0.673185 0.403358 -0.003214 -0.319208 0.859695 -0.390895 -0.273387 0.908722 -0.909448 -0.444339 -0.553877 0.948434 -0.153513 0.995482 -0.193714 0.464450 0.245997 0.866206 0.496767 -0.691199 -0.869104
-0.282316 0.609713 -0.135542 0.632026 -0.382264 0.143258 0.663739 0.791938 0.579898 -0.410371 0.821661 -0.888083 -0.402008 -0.706497 -0.179987 0.906441 -0.620155 -0.693821 -0.031475 -0.051744 -0.964852 0.492342 -0.361157 -0.671484 -0.165408 -0.352536 -0.927468 -0.504768 0.336060 0.312461 -0.851923 0.988807 -0.290388 -0.580158 -0.787189 -0.589932 0.072316 -0.318152 -0.674004 -0.522534 0.610999 -0.228431 -0.176028 -0.687329 0.712042 -0.875368 -0.140972 0.253168 0.803735 -0.709952
0.471005 -0.436089 0.207591 -0.722647 0.758634 -0.869183 0.789170 -0.542301 -0.461962 -0.083039 -0.809648 -0.134718 -0.866111 0.107614 -0.566727 -0.515579 0.225649 -0.862533 -0.568073 0.877213 -0.759327 -0.730189 0.787254 -0.895124 -0.432304 -0.777183 -0.383786 -0.157010 -0.384300 0.545000 0.858569 0.406558 -0.007173 0.443618 -0.896079 0.150623 -0.195538 -0.433002 -0.898280 -0.064990 -0.475866 0.724182 -0.473001 -0.163884 0.931484 -0.776816 0.158590 0.443527 -0.259362 0.594047
-0.990537 0.468509 0.093026 0.094507 -0.627895 0.655076 0.077386 0.768185 -0.021099 0.081091 0.389676 0.160426 -0.920231 0.290082 0.365915 -0.327461 0.931054 0.853657 0.018944 0.457460 0.664899 -0.597150 0.807173 0.466510 -0.568308 -0.441252 -0.473991 -0.946564 0.427353 0.261143 0.002021 0.541755 -0.969601 -0.035438 0.193342 0.009028 -0.681553 -0.196322 -0.382650 0.401260 0.919489 0.809688 -0.108964 -0.011664 -0.794608 -0.954197 0.400234 -0.853236 -0.743991 0.652680
0.421227 -0.865961 0.729806 -0.203237 -0.236737 -0.065946 0.203314 0.268685 -0.513259 -0.842417 0.668424 0.302260 0.922729 -0.127414 -0.527105 -0.254935 0.067824 -0.699629 0.720070 0.214302 0.560690 0.023778 0.220625 0.650512 -0.267296 -0.102247 -0.936015 -0.492713 0.081559 0.543588 0.485085 -0.166515 -0.530246 -0.025163 -0.802061 -0.081749 0.414166 0.668232 0.541293 0.777562 -0.012633 -0.860798 0.561639 0.355890 -0.737053 0.115090 0.929459 -0.756074 0.732135 0.227365
0.043213 -0.478842 -0.239849 0.141230 -0.529634 -0.353867 -0.259359 0.677808 -0.837252 -0.783412 -0.305941 -0.027107 0.010544 0.811788 -0.176504 0.943189 0.594082 0.651163 0.135856 0.444689 0.843130 0.576900 0.138693 -0.366466 0.039587 -0.357833 0.649706 0.371516 -0.709151 -0.585808 -0.671377 -0.556838 0.651064 0.654672 -0.303770 -0.998837 0.305363 0.610823 -0.654768 0.239691 0.834464 0.846812 -0.157080 0.310587 -0.153994 0.620198 -0.616516 0.450325 -0.692267 0.948295
0.798602 0.558840 -0.927796 0.640355 -0.203596 -0.424574 0.019195 0.305527 0.487130 -0.030755 0.834810 0.922183 0.064163 0.259475 0.141536 -0.572152 0.720173 0.845796 -0.546991 -0.122957 -0.678853 0.191265 0.457526 -0.455884 -0.991245 0.272035 0.926202 0.374550 0.645959 0.857904 0.632710 -0.534890 -0.252801 0.815677 0.044200 0.636416 0.920859 0.929121 0.134786 -0.918260 -0.667937 -0.078231 -0.177979 0.074010 0.147732 -0.821017 -0.313495 -0.340724 -0.599797 0.508598
0.904245 -0.437347 0.778404 -0.379282 0.529621 0.686389 -0.324655 -0.953677 -0.214832 0.861805 -0.989216 -0.990740 0.020670 0.636987 0.910992 0.697105 -0.985408 0.184472 0.495508 0.986567 0.682392 0.479733 -0.889007 -0.294966 -0.377366 -0.008147 -0.905754 -0.586820 -0.218973 -0.201727 -0.954192 0.290226 0.423787 -0.322969 -0.240474 0.043823 -0.437786 0.672191 -0.163554 0.124145 -0.235278 0.945525 0.588030 -0.375190 0.018185 0.794746 -0.334046 0.519279 -0.630727 -0.868842
0.357322 0.159242 0.149487 -0.452431 0.332354 -0.176092 0.295874 -0.208316 0.066322 0.115428 -0.603866 0.700744 -0.278152 0.913043 -0.606649 -0.870593 0.361714 -0.563341 0.531307 -0.569163 0.305525 0.127055 0.934479 -0.021267 0.414172 0.634069 0.800602 0.005454 -0.616401 -0.256906 0.162013 0.823557 -0.563810 0.745262 -0.297617 -0.434567 -0.761420 -0.625948 -0.972590 0.346236 -0.566372 -0.733835 0.873753 0.329485 -0.788860 0.036618 0.526293 0.780764 -0.199323 -0.718290
-0.184374 -0.799470 -0.116137 0.572545 0.642466 0.128372 -0.153714 -0.144735 0.098173 0.874083 -0.228317 0.433873 -0.672330 0.388506 0.749738 -0.424877 0.676262 -0.811646 0.794020 -0.846142 -0.525607 -0.417139 -0.806823 0.513297 -0.362589 -0.580203 -0.452411 0.728913 -0.311885 -0.897919 0.929969 -0.722775 0.927002 -0.982863 0.678205 -0.375307 0.686165 -0.802087 -0.934877 -0.001893 -0.967153 -0.182602 -0.733677 -0.007180 -0.621771 -0.001117 0.964868 0.926268 0.450059 0.297434
-0.374800 0.565532 -0.323002 0.269278 -0.818888 0.357957 -0.647748 -0.407646 0.357119 -0.817816 0.704368 0.053557 0.031968 0.812799 0.491882 0.368320 -0.990348 0.057897 -0.974900 0.984940 -0.138443 0.746128 0.801707 -0.811073 0.313020 -0.599697 0.211144 0.690559 -0.261087 0.194144 0.737320 -0.818036 0.294871 0.395160 -0.840995 -0.407952 0.698134 -0.287193 0.525321 0.438306 -0.944901 -0.036700 0.578275 -0.810936 0.356651 -0.374463 -0.425694 -0.293964 -0.962590 -0.848134
-0.660927 -0.367507 -0.427301 0.273970 -0.500711 -0.006555 0.187206 0.717335 0.579213 0.430457 0.359468 0.809713 -0.410114 -0.510757 0.735374 -0.590378 0.790927 -0.359829 0.742415 0.938847 -0.206842 -0.576210 -0.397654 -0.501081 0.873490 -0.209511 -0.192568 0.121539 -0.581766 0.267949 0.402929 0.471049 0.726541 0.804534 -0.060417 -0.442299 -0.006278 0.737947 0.756763 -0.257143 -0.744524 0.195890 -0.103460 -0.433929 -0.306057 0.904985 0.016503 0.331982 -0.508998 -0.129572
0.566376 0.797014 -0.842356 0.568320 0.785923 0.220134 0.566185 0.141226 0.641439 -0.949150 0.035917 -0.244398 -0.175326 -0.760807 0.237097 0.780393 -0.372944 0.741393 -0.146556 0.560620 -0.658561 0.053259 0.274496 -0.460430 0.210732 0.803172 -0.579933 0.957809 0.513996 -0.202881 0.551814 -0.344967 -0.241947 0.391016 0.438070 0.505653 -0.566117 -0.181866 0.684102 -0.383424 0.052567 -0.896875 0.585328 -0.514819 0.800351 0.838574 -0.560339 -0.385115 -0.958744 -0.813452
-0.810938 0.945352 0.317200 -0.050024 -0.930115 -0.062978 0.103884 0.521289 0.219206 0.936692 0.523943 0.413876 -0.419206 -0.810636 0.541114 -0.590048 0.642133 0.292660 -0.648022 0.851663 0.367867 -0.445805 0.214626 0.119508 -0.126620 0.092297 0.472616 -0.682148 0.631524 -0.497758 -0.037229 -0.500949 -0.064074 0.196739 -0.355214 -0.668057 0.113815 -0.910963 0.539909 -0.623409 -0.706984 -0.486787 -0.309229 0.469565 0.751674 -0.157318 0.926980 0.115682 -0.235347 -0.025722
0.426250 -0.724338 -0.841392 0.379487 -0.345553 -0.783614 -0.788018 -0.390660 0.174099 0.591689 -0.724664 0.355588 -0.240255 0.857663 -0.183517 -0.236585 -0.743871 -0.369597 -0.183376 0.518763 0.010496 -0.231797 0.798350 -0.047993 -0.012006 -0.107363 0.755916 -0.847063 -0.838195 0.841996 -0.818894 -0.406558 0.051299 0.500295 -0.799632 -0.554859 -0.427632 -0.916020 -0.314020 -0.275363 0.608595 -0.518148 -0.178206 -0.029257 -0.103703 -0.431890 -0.820075 -0.403825 0.402196 -0.402125
-0.907600 -0.741700 0.930501 0.710921 -0.711630 -0.192730 -0.065549 0.632699 0.991953 0.556845 0.587337 -0.612684 -0.475390 -0.402399 0.319095 0.887523 -0.852687 0.564772 -0.465305 -0.773997 0.319442 0.917924 -0.490321 -0.463941 -0.149371 -0.467681 0.346187 -0.469588 -0.839341 0.526334 -0.756877 -0.452880 -0.824394 -0.240189 0.015627 -0.171604 0.082943 -0.788356 -0.681025 -0.401578 -0.360596 0.047509 0.522074 0.684160 -0.545098 -0.316961 0.111924 0.708076 -0.338140 -0.368067
-0.255115 -0.864935 -0.967209 -0.336207 -0.755846 0.904451 0.469232 0.261488 -0.101738 0.511282 0.063271 -0.855932 0.999075 -0.236787 0.582280 -0.088794 -0.214956 -0.245393 -0.640681 0.986626 0.643035 0.732586 0.184505 -0.775671 0.270551 -0.639832 0.657350 -0.885427 -0.230844 -0.154475 -0.683181 -0.124887 0.286688 -0.265064 -0.289352 0.915515 0.748174 -0.648594 0.485779 -0.943520 -0.035094 -0.857029 -0.136761 0.512736 -0.671422 0.966717 -0.610093 0.186910 -0.461435 -0.082772
-0.110825 -0.568198 0.873789 0.350766 0.413590 0.038643 0.123308 0.376452 0.434638 -0.021277 0.917282 0.735136 0.740064 -0.975716 -0.174873 0.409068 -0.801998 -0.965569 -0.059726 -0.749762 -0.638059 0.947739 0.469360 -0.405007 0.559667 0.934277 0.188241 -0.600042 0.456376 0.135042 0.993818 0.619903 0.428556 -0.682439 0.690069 0.801521 -0.578526 -0.247659 -0.053036 0.789419 -0.012969 0.546067 -0.662148 0.413216 0.993317 -0.409159 -0.221867 0.483890 0.250042 -0.013674
0.723158 -0.046896 0.894250 -0.279968 0.811768 0.562450 0.972376 0.663298 -0.306322 -0.990655 -0.165007 -0.533081 0.654439 -0.595025 0.634823 -0.603129 -0.799814 0.530863 -0.097877 0.708899 0.849746 -0.757988 -0.811131 0.679510 -0.537610 -0.088622 -0.972351 -0.257499 -0.765829 -0.132113 0.743673 -0.181208 0.790533 0.921357 0.297421 0.811000 0.450315 0.399128 0.630214 0.452584 -0.575881 0.376266 0.759019 -0.550338 -0.167769 0.820178 -0.970398 0.190568 0.624955 0.181722
0.756764 0.583713 0.819677 0.035207 0.134925 0.498356 0.279550 0.157236 0.633297 -0.435815 -0.749160 -0.176275 -0.874705 0.740193 0.560418 -0.872122 0.291942 0.481836 0.282846 -0.169234 0.470204 0.264034 0.997010 -0.692708 -0.839310 0.698190 0.340927 0.574089 0.009893 0.885539 -0.357126 -0.312026 -0.697796 -0.113470 -0.865349 -0.624689 -0.851147 -0.738231 0.993334 0.833535 0.248923 -0.990432 0.482238 -0.288708 0.885750 -0.137505 -0.082258 0.928289 0.921955 -0.806370
-0.877432 -0.453765 0.544808 -0.956408 -0.291730 -0.367950 0.403025 0.301507 0.496025 -0.177596 -0.626262 0.001601 0.709394 -0.222816 -0.767514 -0.408264 -0.196869 -0.737472 0.683703 0.423614 -0.276014 -0.159174 -0.854081 0.154820 -0.731490 0.187910 0.029730 -0.098982 -0.466867 0.435762 0.605117 0.863572 -0.162492 0.112248 0.586045 -0.472123 0.149637 -0.798508 0.553321 -0.859873 -0.343737 -0.283143 0.181259 0.664115 -0.145168 -0.662678 0.435694 0.562653 0.600796 -0.428874
-0.061539 -0.770411 -0.275738 -0.733366 -0.622921 0.752329 0.500188 0.571650 0.744690 0.702403 0.592794 0.366888 0.588161 0.456747 0.578527 0.930121 -0.601164 0.220986 0.558101 -0.639887 0.440811 0.267067 -0.125801 0.125671 0.975282 0.818765 0.423922 0.487490 -0.889961 -0.765298 -0.872040 -0.390302 0.716374 -0.069936 -0.081203 0.654859 -0.507951 -0.254363 0.000047 -0.538409 0.095975 0.738486 0.074635 0.139194 -0.303935 0.026500 -0.764054 0.319324 0.508061 -0.673849
0.419521 0.374692 0.584140 -0.611794 -0.171331 0.821069 -0.510841 0.730178 0.662194 0.266301 -0.904998 -0.495645 -0.827021 0.437774 0.186492 0.978699 -0.292511 -0.629748 0.167491 -0.761391 -0.138463 0.426780 -0.378047 -0.257418 -0.071252 0.331852 0.773124 -0.646645 -0.341974 0.088476 -0.251865 -0.387271 -0.734411 0.082868 -0.615107 0.913596 -0.383072 -0.207795 -0.842324 0.231168 0.722987 -0.912481 -0.627922 -0.449273 -0.185189 0.496662 0.655337 0.930852 -0.248281 0.452190
-0.633763 0.258517 0.365129 -0.804144 0.628624 -0.164992 -0.073455 -0.650395 -0.600085 -0.460036 0.097406 -0.924586 -0.954119 0.457237 -0.119954 0.445006 0.453159 -0.707241 0.264956 0.510022 -0.427449 0.448564 -0.423250 -0.330216 -0.722013 0.448061 0.257734 -0.423915 -0.223979 -0.736763 -0.317156 -0.123889 -0.113874 -0.281749 -0.087964 -0.760767 -0.999074 -0.303674 0.569943 0.773273 -0.837599 0.353533 0.926817 -0.711794 -0.113804 0.558164 -0.326417 -0.627404 -0.515350 0.251860
-0.390481 0.997024 0.585015 0.709502 0.984529 -0.544257 -0.813992 0.033121 0.547502 -0.693560 0.589241 0.821159 -0.680754 0.567713 -0.666486 -0.635810 0.496706 0.714470 -0.258151 -0.074045 -0.302968 -0.279786 -0.484293 0.333465 -0.837808 -0.741751 -0.701454 -0.104932 -0.412117 -0.763418 -0.721953 -0.670556 -0.398885 -0.763607 -0.539128 0.848741 -0.364719 0.320162 0.612118 0.932410 -0.078439 0.225121 0.476559 -0.176675 0.919812 0.653822 0.126498 0.769156 -0.099246 -0.101829
0.593579 -0.583161 -0.544154 0.690050 -0.733702 0.957946 0.849074 -0.696605 -0.869180 0.462122 -0.335201 -0.221961 -0.223653 -0.329787 -0.316424 0.241508 -0.867219 -0.418747 0.030336 0.061524 -0.298333 -0.959472 0.086228 0.307094 -0.745783 -0.426246 0.407211 0.358939 0.823770 0.989056 0.050797 0.216576 -0.651121 0.430902 0.100514 -0.847422 0.751796 0.022046 0.638569 -0.103800 -0.505403 0.108135 0.308501 0.025116 -0.110494 -0.153723 0.758082 0.334609 0.805171 0.350353
0.714829 0.058798 -0.980600 -0.504793 0.464729 0.628577 0.169775 -0.560554 -0.876371 -0.196876 -0.278740 0.589864 -0.040321 0.991627 -0.325771 0.303813 -0.412833 -0.871728 -0.361080 -0.703795 0.426725 -0.008326 -0.621554 -0.384623 -0.609822 -0.545967 -0.151898 0.576538 0.033585 0.439716 0.214033 0.760881 0.347528 -0.402876 0.196436 0.100702 -0.399621 -0.249552 0.437863 -0.981521 0.226967 -0.731412 -0.493255 0.420432 0.908489 -0.834650 0.032523 -0.194300 0.051378 0.642559
0.155070 0.839471 -0.613657 -0.830130 0.917418 -0.880416 -0.431688 -0.957180 0.769808 -0.686514 -0.546167 0.664376 0.880571 -0.316253 0.261376 -0.671734 0.162809 0.451955 -0.406388 0.327442 -0.198441 0.884997 0.529652 0.294187 -0.184208 -0.967647 -0.845904 0.676244 0.980039 0.745579 0.287558 -0.681842 0.836023 0.116229 0.026170 0.149044 0.492293 -0.057422 -0.380122 -0.737361 -0.913603 0.379205 0.748583 -0.700916 -0.413260 -0.365999 -0.085590 -0.826917 -0.057451 -0.652081
-0.802335 -0.771000 0.988965 0.054508 -0.782587 0.694749 0.559874 0.112215 0.594199 0.981972 -0.134729 0.396690 0.128174 0.925362 0.317557 0.371803 0.216939 -0.928252 -0.549389 -0.303737 -0.826958 0.426949 -0.332365 -0.831063 -0.136807 0.347015 0.868559 -0.989442 -0.782102 0.789403 -0.159110 0.560795 -0.862041 -0.559910 -0.707511 0.087523 0.508055 -0.630408 0.933127 0.068836 0.027463 0.384725 0.214197 0.808873 -0.389831 0.827925 0.557624 0.272412 0.459592 0.528797
0.409124 0.405058 -0.083259 0.190401 0.320208 -0.709111 0.665686 -0.964122 -0.158673 -0.001014 0.632843 0.648104 -0.857540 0.993708 0.613897 0.114455 0.106628 0.566978 0.512408 -0.701285 0.115446 0.302363 -0.257119 -0.112057 -0.361096 -0.360453 0.288310 0.897456 -0.753497 -0.436947 0.123478 0.977117 0.253597 0.072021 0.235816 -0.738489 -0.771399 0.463828 0.869712 0.814711 0.622709 0.947119 -0.619791 0.883189 0.290300 -0.845924 -0.793317 -0.249659 -0.551764 0.244149
-0.653899 -0.127492 -0.736264 -0.930966 0.176209 0.700302 -0.282214 -0.169361 -0.784082 0.035290 0.229736 0.757400 -0.062111 -0.032350 0.194645 0.716518 0.980403 0.066256 -0.600331 -0.781474 0.788487 0.280630 0.912959 -0.754252 -0.585332 0.287795 -0.880873 0.532997 -0.395916 0.557057 -0.370367 -0.695028 -0.682171 0.821831 0.875637 -0.649835 0.130453 -0.551252 0.423150 -0.074762 -0.001784 -0.606537 0.700785 -0.376126 -0.195054 0.887892 -0.694952 -0.488062 0.096337 0.533826
0.006350 0.059264 -0.069354 -0.612604 0.575162 -0.518304 0.019876 -0.839450 -0.002494 0.896978 -0.628207 0.551581 0.763100 0.229626 0.635570 0.421068 0.629107 -0.602458 0.918581 0.282811 0.588028 -0.655293 0.385200 -0.610515 -0.985307 -0.736229 0.426430 -0.902161 0.067654 0.946121 -0.944379 -0.176233 -0.864279 0.641463 0.481412 -0.189315 -0.308496 0.475377 -0.584687 0.194072 -0.901957 -0.488909 0.425243 -0.959687 0.214128 -0.416737 -0.308900 -0.143238 0.422036 -0.245468
-0.794246 -0.655100 0.379581 0.004423 -0.943941 -0.092156 0.580075 -0.944227 -0.979768 0.200681 0.713536 0.498593 -0.299858 -0.552280 -0.323530 0.094939 0.591984 0.671080 0.966296 -0.400267 0.862789 0.056246 0.348248 0.575089 -0.252014 -0.383442 0.558155 -0.268205 -0.311460 0.121445 0.682881 0.624351 0.711905 -0.394259 -0.769954 0.972103 0.633611 0.474092 0.753166 -0.725636 0.183088 0.534104 0.805467 0.605876 -0.060043 -0.875748 -0.354442 0.633733 -0.381176 -0.711255
0.508961 0.245621 0.156575 0.928463 0.057028 -0.028800 0.655706 0.857606 -0.702638 -0.643793 0.535345 0.839156 0.938036 -0.835552 0.638331 -0.083495 0.541963 0.859436 0.951172 -0.477172 -0.755925 -0.716738 0.981209 -0.236815 -0.534866 0.990151 0.957239 0.474204 -0.840597 0.825606 -0.186904 -0.503946 -0.040571 0.497453 0.381990 -0.398906 -0.326220 -0.237923 -0.700998 0.871940 0.967433 0.144944 0.949042 0.290224 0.747168 0.846234 0.467115 0.502080 -0.519586 -0.825486
-0.981790 -0.549219 0.384299 0.586557 -0.011425 0.213106 0.670545 -0.453681 -0.371746 -0.017069 0.178900 -0.687264 0.197246 0.410068 -0.414088 -0.512696 0.205380 0.110995 -0.112928 -0.335635 0.714268 0.872736 0.962478 -0.377465 -0.520254 -0.524901 0.151685 -0.035164 0.359210 -0.538997 -0.369987 0.908308 0.411214 0.417634 -0.506237 -0.469889 0.167701 -0.619195 0.715397 -0.782955 -0.699434 -0.962176 0.853238 -0.727795 -0.414922 0.412170 -0.946844 -0.652175 -0.831366 0.378126
0.988525 -0.901244 0.165563 -0.551943 0.298752 0.984643 0.031371 -0.988219 -0.448520 0.871102 -0.244502 -0.013351 0.461729 -0.879480 0.848193 -0.201303 0.056696 0.539438 -0.061588 0.530474 0.869473 0.580180 -0.039731 -0.849038 -0.639619 -0.511245 0.741214 0.721151 -0.768769 0.858934 -0.579902 -0.345108 -0.836220 0.232238 0.235324 0.046613 0.074137 -0.106523 0.297184 -0.605531 -0.634068 -0.201851 -0.661418 0.278362 0.777061 -0.148023 0.706244 0.991787 -0.732513 0.799781
-0.992244 -0.544653 0.400243 0.196625 0.294275 0.402427 -0.335707 -0.744936 -0.030396 0.415809 0.071310 -0.402787 -0.653239 -0.562558 0.351016 0.083356 -0.025977 0.745793 0.784283 0.881110 -0.100655 0.781504 -0.123860 -0.083708 -0.778703 -0.611905 -0.808107 -0.822649 0.116910 -0.157052 0.824650 0.332656 0.728427 0.037535 -0.003772 0.816360 -0.886598 -0.946771 0.885255 0.442865 -0.137435 -0.945366 0.404435 -0.999181 -0.921891 -0.302253 0.110277 -0.376690 0.551774 0.185303
-0.700432 -0.680939 -0.235408 -0.570997 0.293108 -0.316580 -0.892338 0.927615 0.559716 0.284228 -0.949092 0.979321 -0.702101 -0.272943 0.711324 -0.716942 0.037266 0.296721 0.218873 0.723658 -0.392705 0.796631 -0.669394 0.045168 -0.564233 0.694573 -0.862360 -0.119374 -0.723914 0.497253 -0.474169 -0.841678 -0.072442 0.590476 -0.214582 0.196512 0.253240 0.899505 -0.595072 0.858329 0.279573 -0.536706 -0.773343 -0.899110 -0.673621 0.478204 -0.541866 0.236485 -0.502348 0.641549
0.071062 0.614910 0.227929 0.793866 -0.925256 -0.451176 -0.645595 -0.566302 -0.053914 0.874881 0.587352 -0.702666 0.839850 0.773847 -0.998020 -0.187871 0.634189 0.780017 0.680203 -0.875842 0.937481 0.885126 -0.640250 0.134750 -0.960650 -0.780723 0.931837 -0.977312 -0.004067 0.111661 -0.456373 0.853613 0.557929 0.222891 -0.788553 0.862528 -0.168554 -0.946285 -0.255342 -0.436663 0.684540 0.946854 -0.366602 0.295314 -0.543659 -0.805184 0.591732 -0.696896 -0.914916 0.213351
0.261335 0.027093 0.985399 -0.436551 -0.023124 -0.054593 0.644147 -0.500328 0.751977 0.863784 0.110051 0.178332 0.346853 -0.456334 -0.515635 -0.250357 -0.628303 -0.802828 0.888401 0.510835 0.908316 0.168459 -0.515006 -0.413176 0.231051 0.742961 -0.530737 0.849483 -0.080285 0.976629 0.392975 -0.712608 -0.846520 -0.442570 0.662426 -0.459699 -0.750542 0.073232 0.998759 -0.494934 0.978447 0.949205 -0.999905 -0.540674 0.227872 -0.563191 -0.606495 -0.236240 0.778986 -0.170608
-0.941659 0.590674 -0.595990 0.142979 0.486976 0.880520 -0.826149 -0.132053 0.716096 -0.021748 0.047576 -0.200127 0.451049 -0.509034 0.982184 -0.921272 -0.938020 0.837883 -0.394584 0.939753 -0.569943 -0.620633 -0.089654 -0.582342 -0.510122 -0.159537 -0.059477 -0.904145 -0.087098 0.194664 0.623232 -0.680791 0.452185 -0.071523 -0.976821 -0.527603 -0.709608 -0.146530 -0.603976 0.075660 -0.188504 0.731994 0.607815 0.158704 0.804639 0.239842 0.289478 -0.753085 0.457373 0.627497
0.069855 -0.750277 -0.889220 0.751306 -0.760440 0.725122 0.633970 -0.632832 0.625183 -0.053075 -0.519306 0.091384 -0.667106 0.349865 0.091491 -0.514465 -0.628083 0.044638 -0.786143 0.141070 -0.740994 -0.419563 0.790554 0.067674 -0.438052 0.694450 -0.142506 0.441372 -0.231648 0.299395 -0.872622 -0.803524 -0.359089 0.302648 -0.330559 -0.221645 0.464314 0.769989 -0.100195 0.763811 0.457539 -0.722681 0.766888 -0.449020 -0.656657 0.809392 0.971521 -0.991870 -0.880385 0.416656
0.125798 -0.120716 0.126497 -0.665643 0.388799 -0.219345 0.742562 0.833720 -0.201426 -0.447471 -0.288659 0.616304 -0.184686 0.152736 0.448650 -0.303174 -0.645201 0.891371 -0.134480 0.179538 0.460488 -0.706970 0.237934 -0.323069 -0.300076 -0.630850 -0.757806 -0.567971 0.121092 -0.390550 0.995071 0.093516 0.093092 -0.916321 -0.839076 0.471719 -0.464210 0.282138 0.603283 0.742813 -0.545134 0.210231 0.182414 0.975917 -0.503217 0.585649 -0.760276 0.984006 0.216159 -0.414721
0.509434 0.867683 -0.984148 0.877137 0.621492 -0.680273 -0.034371 0.815050 -0.734131 0.897761 0.807892 -0.468960 0.369044 0.701882 0.608809 0.610133 0.211618 -0.118073 0.056359 0.868790 -0.113910 0.584083 0.297488 -0.239257 -0.495958 0.427741 -0.820919 0.973918 0.479226 -0.078400 0.055988 -0.401723 -0.467391 -0.855037 0.050167 -0.189844 0.358929 -0.463629 0.018661 -0.888230 -0.777459 -0.621255 0.306248 0.938976 0.644097 -0.921929 -0.025296 -0.378973 0.013680 -0.366361
0.705842 -0.477096 -0.580465 0.989757 0.159937 -0.691735 -0.601842 0.485671 -0.781971 -0.821129 0.566146 0.650911 -0.070180 0.289601 0.600316 -0.947267 -0.878399 -0.543956 0.754022 -0.649690 0.343395 -0.409262 -0.586994 0.064566 0.238531 -0.229235 -0.742364 0.723126 -0.220929 0.482866 0.417095 -0.144732 -0.944414 0.420094 -0.364737 -0.678583 -0.746522 -0.143128 -0.849312 0.671302 -0.355985 0.010402 0.427823 0.389182 -0.178739 0.853920 -0.720733 -0.296307 -0.977271 -0.680679
0.512649 -0.799854 -0.836545 0.826288 0.431602 0.088890 -0.569556 0.096840 0.454470 -0.357443 0.788213 -0.565235 0.724976 -0.050253 -0.222219 -0.818107 0.765463 0.800861 0.209711 -0.842281 -0.933181 -0.158990 0.030069 0.849218 0.499631 -0.657961 -0.727249 0.177809 0.281937 -0.768424 0.173625 -0.372024 -0.860834 0.147856 0.528065 0.117393 0.118982 0.054450 -0.679235 -0.099197 0.340509 -0.712267 0.550689 -0.547963 -0.943180 0.228966 0.508302 0.930406 0.559857 0.779762
0.604042 -0.894922 0.484945 -0.782666 -0.214031 0.180887 0.869842 -0.034853 -0.408853 -0.288302 0.913562 -0.149541 -0.269528 0.361942 -0.740163 -0.020169 0.823243 -0.066357 0.493671 0.218194 0.365818 -0.821581 -0.427654 -0.500319 0.803453 -0.803018 -0.853637 0.596416 -0.334613 0.249207 -0.778249 -0.121883 -0.855665 0.492594 -0.759390 0.434520 0.295135 0.054315 -0.045941 -0.843588 0.455841 0.861817 -0.069253 0.893276 -0.842523 0.808011 -0.019098 0.821292 -0.031863 0.531527
-0.826232 0.715157 0.763045 0.993198 -0.062349 0.732615 0.736994 -0.009309 -0.189260 -0.466079 -0.792769 0.500842 -0.215875 0.305711 -0.775020 0.447585 -0.309193 0.208908 0.461593 -0.260291 0.235213 0.246720 0.745506 -0.799038 0.147696 -0.172595 -0.248815 -0.872828 0.697718 0.607139 0.537493 -0.747115 -0.257994 -0.649369 0.268485 0.773143 0.416994 0.782967 0.612140 -0.254218 0.698197 0.044304 -0.089607 0.289945 -0.487129 0.446192 0.538300 -0.543630 0.762011 0.314691
0.036593 0.189144 -0.452471 -0.737585 -0.069654 0.485067 -0.819388 0.765649 -0.827856 -0.567313 -0.686266 0.048472 0.911596 -0.990337 0.501880 -0.948655 -0.552804 0.139326 -0.198987 -0.509451 -0.259389 -0.957864 -0.090036 0.300450 0.067628 0.355640 0.639554 -0.666623 0.794529 -0.174786 0.896435 0.789381 -0.121585 0.989603 0.613662 0.488066 0.115511 0.238729 -0.006485 0.264642 0.127920 0.189499 0.970497 0.383708 -0.189500 -0.177506 0.530175 0.264001 -0.676552 -0.226989

Bias v0 (Oculta):
0.946433
0.451302
0.904005
-0.758150
-0.568168
0.104535
-0.541510
-0.220880
-0.607444
0.183540
-0.257979
0.996061
-0.841490
0.920231
-0.855791
0.960299
-0.960749
0.174034
0.858726
-0.989770
-0.158074
-0.564073
-0.728718
-0.448918
-0.227595
0.954383
0.760698
-0.329759
-0.686919
-0.522888
0.717647
0.003849
0.337558
0.384405
0.109301
-0.570844
-0.562795
0.898438
0.454334
0.757763
-0.941677
0.733114
-0.591722
0.220172
0.187358
-0.848885
0.841225
0.485341
-0.300375
-0.854807

Pesos w (Oculta -> Saída):
-0.441748 -0.610582
-0.618988 0.485127
0.063090 0.080608
0.129787 0.285209
-0.442227 0.324008
0.101809 -0.142788
0.794327 -0.930536
-0.661251 0.665740
0.460575 -0.283849
0.397812 -0.618758
-0.477474 -0.567775
-0.214243 -0.526282
-0.352045 0.909281
0.983419 -0.643636
-0.755063 -0.718123
-0.737509 -0.874594
-0.089907 0.142782
0.142885 0.657450
0.035104 0.665114
0.035023 -0.610777
-0.909735 0.235872
-0.618408 0.971560
-0.195687 0.154841
-0.147955 -0.372641
0.571751 0.535337
0.080922 -0.026723
-0.560628 -0.805199
0.919849 -0.672999
-0.465849 0.334046
-0.826305 0.121759
0.223893 -0.628498
0.020426 0.183675
-0.701666 -0.620727
-0.288743 -0.593789
-0.997922 -0.698881
-0.335922 -0.075054
0.732381 0.168397
-0.495320 0.805745
0.189065 0.803122
0.711892 -0.991125
-0.193011 0.963612
0.103106 -0.735347
-0.395245 0.670754
-0.582103 0.418328
-0.482798 0.284626
-0.081009 -0.412277
-0.115438 -0.993952
0.059841 -0.329274
0.729679 -0.920364
0.012751 -0.971275

Bias w0 (Saída):
-0.764197
0.145055
