Pesos v (Entrada -> Oculta):
0.259284 -0.728525 0.933421 0.607350 -0.787313 -0.778956 -0.279939 -0.001477 0.675329 0.371301 0.901925 -0.917880 0.370020 0.844633 -0.302069 0.588828 -0.500182 -0.219249 -0.858143 0.428278 0.869632 -0.715030 -0.758935 0.596830 -0.756496 -0.936978 0.620610 0.105958 -0.128388 -0.938010 -0.326998 0.599473 0.181964 0.142053 -0.949229 0.692473 0.750017 -0.040575 -0.166101 -0.481786 0.190302 0.731426 0.758830 -0.892801 0.741190 0.129760 -0.312641 0.322885 0.762118 0.704405
0.350149 -0.593235 0.447395 0.647518 0.410904 0.825318 0.822301 0.820793 -0.554824 0.294443 -0.264063 -0.535886 -0.224339 -0.941954 -0.231451 0.909767 -0.092793 -0.923911 -0.604672 0.028316 0.899588 -0.170034 -0.677943 0.819324 0.279593 0.997204 -0.955930 -0.510407 -0.161886 -0.230779 -0.776333 -0.111374 0.603771 -0.463756 -0.582137 -0.232088 0.293755 -0.007672 -0.894589 -0.931636 0.787437 -0.893022 -0.562935 -0.811081 0.989965 0.625023 -0.162508 -0.436705 -0.848329 -0.576535
1.050530 0.530274 0.110411 0.243147 -0.261839 -0.538706 -0.680631 0.497187 0.975574 -0.999282 -0.219853 -0.023122 0.594487 0.186827 0.595930 0.143222 0.724642 -1.140503 -0.049424 -0.583927 -0.426655 -0.840681 -0.891952 0.539562 0.616766 -0.965470 0.109828 0.649403 0.866949 0.938100 0.313000 0.381285 -0.251228 0.195914 0.267015 0.081882 0.008005 0.366170 -0.486105 -0.267185 0.575742 0.665658 -0.099109 0.840597 -0.845645 -0.950102 0.261544 0.306668 0.936285 0.492559
0.226467 0.673186 0.085685 0.212208 0.639543 0.112762 1.156591 -0.274110 -0.432538 0.347453 0.500993 0.590983 0.167501 -0.264021 -0.082116 0.702436 -0.756506 0.688646 -0.883243 -0.635904 -0.742606 0.122725 -0.817054 -0.243720 -0.334943 0.182437 -0.391021 0.206414 -0.195597 0.339915 0.850795 0.070294 -0.907415 0.441694 0.139740 0.712261 0.006980 -0.971237 -0.152247 0.682580 -0.348041 0.666236 0.135933 -0.647086 -0.001771 -0.107800 -0.515858 0.084676 0.892475 0.095105
-0.586455 -0.060249 -0.792919 0.183087 -0.488403 0.363892 0.838645 -0.756203 -0.695061 -0.512046 0.799462 0.258657 -0.882018 0.518559 -0.710197 0.161213 0.182119 -0.315126 -0.483598 -0.839643 1.188535 -0.719192 -0.080975 -0.655015 -1.110132 0.322406 0.256991 0.858965 -0.783965 0.897390 -0.402803 0.424714 -0.988048 0.932889 0.231794 0.256071 -0.622539 -0.855481 0.289498 0.145566 -0.708117 0.073811 0.650858 0.497708 -0.344065 -0.868585 0.041668 -0.357883 0.712690 0.500028
0.245164 -0.746450 0.475310 0.868116 0.776641 -0.956219 -0.350275 -0.343686 0.389141 -0.356136 0.022190 -0.149914 0.016323 -0.555660 -0.746494 0.674867 0.717111 0.040559 0.843264 0.368409 1.085481 0.658693 0.648647 -0.725920 0.150465 -0.662005 -0.154970 0.929416 -1.002928 -0.877669 -0.586911 -0.373487 -1.067306 -1.006830 0.218903 -0.596561 -0.009424 0.759757 -0.556521 0.851483 0.384519 -0.183475 -0.682956 0.204644 0.999715 0.774370 0.552222 0.046530 0.007778 0.055160
0.631873 0.202334 0.800496 0.196996 -0.120513 -0.844206 0.638029 -0.510999 0.868468 0.908924 -0.322582 0.228217 -0.504126 0.636728 0.043320 0.779938 0.420007 -0.632413 -0.326054 -0.998446 -0.338874 0.747726 0.560914 0.892560 0.662965 -0.871384 -0.108909 0.724649 0.647075 0.010135 -0.925851 -0.530215 0.517262 -0.850374 -0.830527 -0.924655 0.337259 -0.062262 0.068496 0.514044 -0.897963 1.021548 0.479205 -0.856665 -0.557244 -0.803101 0.535988 0.422833 0.608718 0.527525
-0.750169 -1.034345 0.534747 -0.263866 0.158790 -0.840915 0.387840 0.597676 0.266408 -0.344246 -0.463734 0.221975 -0.747540 -1.163319 0.495416 0.835813 -0.105568 0.108588 -0.707397 -0.107969 -0.612833 0.881146 0.384110 -0.085049 -1.249935 0.419291 -0.046236 -0.693058 -0.545347 0.626581 -0.389695 0.531126 0.196331 -0.919456 -0.998633 -0.986512 0.183445 -0.610959 0.409378 -0.691582 0.273564 0.682935 -1.111040 0.828336 0.143415 0.621517 0.751930 -0.096936 0.738452 0.456621
-0.728710 0.192627 0.044615 0.482241 0.668665 -0.049654 0.282679 0.592874 -0.781905 -0.473647 0.566591 -0.799973 0.292321 0.269560 0.198280 0.379002 0.808949 0.046757 -0.264221 -0.523877 -0.488306 0.693656 -0.751368 -0.251021 0.498911 0.981451 -0.472508 -0.682929 0.634967 0.166024 0.582190 0.154483 -0.834242 0.364958 0.203937 -0.036542 0.298826 -0.045438 0.698696 -0.280780 0.018968 0.049896 0.713288 0.829462 0.540100 0.808944 0.083608 -0.093762 0.910378 -0.927720
-0.248291 -0.800072 -0.229730 -0.480362 0.396431 -1.007068 -0.605699 0.907025 -0.667145 -0.590706 0.565926 0.141009 -0.702806 0.637643 0.603255 -0.258353 -0.737618 -0.666593 0.840966 0.800091 0.115332 0.596634 0.430310 0.105990 0.709631 -0.897077 -0.614469 0.260479 0.078649 0.359804 0.547702 -0.074906 0.974257 0.839947 0.897818 0.470998 -0.123983 -0.982607 -0.791833 -0.253462 -0.983555 0.192882 -0.060470 0.675739 -0.644174 0.634979 -0.002384 -0.238815 -0.953605 0.330076
0.592564 -0.661162 0.439618 -0.585186 0.693627 0.246741 -0.156140 -0.379447 0.807943 -0.689167 0.235174 0.838757 0.107007 0.450931 -0.337617 -0.986123 0.062647 0.436507 0.361147 0.608873 0.898325 0.445909 -0.379101 -0.812419 0.397125 -0.622833 0.656733 0.735684 0.764813 0.326492 -0.035999 -0.901480 0.173192 0.797475 -0.832837 -0.358868 -0.653921 0.284514 -0.654140 -0.509276 -0.593450 -0.271358 -0.916785 -0.000404 0.298946 0.748920 -0.781146 -0.968042 0.476353 0.228607
0.431765 -0.963739 0.214460 -0.150806 0.419285 0.601239 -0.248894 -0.564999 -0.091449 -0.490949 0.205927 0.727463 -0.672078 -0.628531 0.600510 -0.639793 0.938860 -0.011945 -0.870029 0.824211 -0.510214 -0.801651 -0.582137 -0.830587 -0.183085 0.640429 -0.366885 0.667541 -0.790899 -0.427540 0.928535 -0.550063 0.862016 -0.500262 -0.061348 0.322529 -0.537614 0.383671 -0.121375 0.445627 0.603599 0.486112 0.463324 0.290756 0.060335 0.911244 0.458152 0.745405 0.403352 -0.937805
-0.010157 0.294701 0.631765 0.023667 0.338101 -0.647821 0.095641 0.821189 0.893252 -0.070886 0.664345 0.945432 0.774132 -0.440494 1.131574 -1.019517 0.667149 0.760029 -0.527448 -0.858785 -0.406773 -0.629121 -0.578142 0.937179 -0.382384 0.172078 -0.844094 -0.229447 -0.090184 -0.432708 -0.220078 -0.438661 0.913332 0.301929 -0.314876 0.110596 -0.991716 -0.632073 0.582563 0.191304 0.282224 0.582031 0.535419 -0.165302 0.179726 -0.641273 0.870976 -0.594273 -0.135179 -1.070894
0.582129 0.318618 0.574087 0.475499 0.747706 -0.817414 0.610358 0.727611 -0.682939 0.446198 -0.734945 0.630104 0.438636 1.122926 0.424176 -0.779104 0.486770 0.589757 -0.980181 -0.674684 -0.652548 -0.150058 -0.480542 -0.031799 0.110718 0.910582 -0.611048 0.063900 0.087474 0.034529 -0.880239 -0.655981 -0.141427 -0.064753 0.422800 0.147054 -0.837042 0.669686 -0.659659 -0.815215 -0.263375 -0.993943 -0.162904 0.522693 0.781382 0.557225 -0.460212 -0.658093 0.314321 0.411221
0.091040 0.282468 0.133004 -0.293601 0.835462 0.205620 -0.636100 0.327125 -0.304812 -0.310478 0.805918 0.906579 -0.576643 0.889427 0.045294 -0.803441 0.851369 -0.349782 0.463580 -0.828794 -0.227189 -0.721478 0.022330 0.289250 -0.688499 -0.593750 -0.682557 -0.962889 0.937221 -0.802109 -0.498372 -0.273936 -0.092312 0.054784 -0.569349 0.423717 0.050211 -0.670624 0.740653 0.933564 0.193403 0.837197 -0.213251 -0.967042 -0.757095 -0.567176 0.493610 0.453655 -0.756929 0.302568
0.722813 -0.853602 -0.976459 0.724457 -0.617359 -0.591286 0.824829 0.568860 -0.621158 -0.408782 -0.721483 0.798878 0.475212 -0.137024 -0.726307 -0.310480 0.139618 -0.854793 -0.784977 -0.883199 -0.816625 -0.017557 0.736625 -0.101341 0.642608 0.966716 -0.539998 0.399173 0.121123 0.161544 -0.199632 -0.314792 -0.021133 -1.014554 0.268459 0.669017 0.242942 -0.290583 0.452252 -0.046187 0.575982 -0.870774 -0.905731 -0.630655 -0.476173 -0.298839 0.480824 0.879023 -0.540555 -0.549433
-0.759206 -0.194547 -0.761499 0.279719 -0.053525 0.475408 -0.356140 0.613562 0.576738 0.359583 -0.906521 0.053740 0.703593 0.434803 -0.046168 -0.515404 -0.478801 -0.536042 -0.591178 -0.540706 0.920898 0.113984 -0.439345 0.069740 -0.368451 -0.823223 0.638623 -0.202227 -0.112328 0.814675 0.670691 -0.225056 -0.160857 0.681754 -1.136297 0.803132 -0.852010 -0.821459 -0.251269 -0.216159 -0.877171 0.803873 -0.103693 0.443979 1.070497 0.730343 0.191261 0.252359 0.856086 0.258452
-0.240968 0.472067 0.299614 -1.052098 -0.499566 -0.660057 0.986706 0.431628 -0.874556 0.318685 0.779313 0.485329 -0.166918 -0.293136 -0.670124 0.401154 -0.407627 0.293890 0.982387 0.020320 -0.813586 0.356815 -0.291861 0.290892 -1.177087 0.336066 0.866046 0.881854 0.609684 -0.114131 0.703451 -0.880152 0.272394 0.630631 -0.804267 -0.396684 -1.003236 -0.627139 0.026141 0.349103 -0.144285 -0.675503 -0.691365 -0.278271 0.431874 -0.716874 0.304916 0.036151 0.346295 0.169605
0.052135 -0.021271 0.679685 0.472385 -0.533675 -0.070392 -0.586648 0.279240 -1.225801 0.126922 -0.595849 -0.202083 -0.145577 -1.349885 -0.008862 0.730819 0.524077 -0.213364 0.157227 -0.144039 -0.584353 -0.557662 -0.126169 0.292739 -0.955178 -0.518897 -0.254094 -0.215360 0.610954 -0.186110 -0.072746 1.081448 -1.154003 0.683472 -0.607971 -0.742312 0.046707 0.823377 0.187946 -0.735550 0.252341 0.482266 -1.206633 0.180887 0.554439 0.352714 -0.770725 -0.145159 0.067878 0.876446
0.518077 -1.090675 0.674230 0.454619 1.120543 -0.451525 0.331035 0.253331 0.180272 0.807260 0.006950 -0.553079 -0.548458 -0.276054 0.141456 -0.713284 0.876990 -0.308964 0.371955 0.744671 0.080879 0.830160 -0.047477 -0.762669 -0.108947 0.537308 0.911981 -0.597793 -0.908720 0.908129 0.147661 0.333925 0.052856 -0.521019 -0.794431 -0.500673 -0.172886 -0.268178 -0.641613 0.124109 0.100585 0.416742 -1.110481 -0.272627 -0.404583 0.540811 0.066871 0.372778 -0.569787 0.494492
-0.864013 0.717800 -0.864927 0.381246 1.119092 -0.223827 -0.350671 -0.097000 -0.743486 0.322316 -0.522893 0.414312 0.480956 -0.329045 1.124704 -0.222799 0.069218 0.326511 -0.934703 -0.881471 0.866276 0.600474 1.000933 0.866333 0.854450 -0.270052 -0.625901 -0.363837 0.554477 -0.690812 -0.132641 -0.575647 0.758422 0.942612 0.987368 -0.107112 0.332407 -0.511473 -0.665533 -0.175039 0.495062 -0.389851 -0.409290 0.288892 -0.043010 0.563990 0.208352 0.006351 -0.975018 0.931107
-0.375467 0.393429 -0.478147 0.800239 0.563014 0.621374 -0.704952 -0.380969 0.027943 -0.059260 0.479831 0.124584 -0.453707 -0.346521 0.553787 -0.613352 -0.642563 -0.187644 0.551357 0.154952 0.520447 0.288982 0.838491 -0.543751 -0.683510 0.795342 0.390293 -0.154413 -0.060842 -0.299972 0.418053 0.393788 -0.390039 -0.360677 -0.270148 0.145080 -0.239621 -0.621137 -1.078570 0.557219 0.480645 0.571883 0.113917 -0.114506 -1.031206 0.417554 -0.572646 0.637737 -0.301830 0.433365
0.479914 0.574729 0.138113 0.166668 0.140762 0.920916 0.041275 0.277413 -0.738389 0.729404 0.968990 -0.599026 -0.682214 0.151988 -0.686780 0.609867 -0.926006 0.050788 -0.686966 0.302521 0.319144 -0.600542 -0.432005 -0.887842 0.224027 0.735515 -0.166022 0.204943 -0.990316 0.666499 -0.658058 0.161338 0.312585 -0.071065 -0.493763 -0.083358 -0.175280 0.003943 0.138909 -0.861869 0.003214 0.051878 -0.678629 -0.185499 -0.141421 0.369951 -0.879466 0.579084 -0.529022 0.149380
-0.373287 -0.878346 0.134700 -0.580217 0.047442 -0.225204 -0.835381 -0.263172 -0.239291 0.826598 -0.358121 0.493622 0.616312 0.148931 -0.660251 0.083846 0.486004 -0.470890 0.356296 0.357106 -0.182699 -0.769607 -0.468170 -0.097502 0.339612 -0.967660 -0.581172 0.554312 -0.293860 -0.266979 0.595606 -0.015994 -0.055953 -0.353781 -0.338368 -0.266494 -1.036684 0.619386 -0.435552 -0.545189 -0.098358 -0.031174 -0.391272 -0.531932 0.417962 0.936005 -0.079184 -0.731582 0.139403 0.790720
-0.031659 -0.290676 -0.909294 -0.255624 -0.364324 0.811398 0.752635 0.079797 0.845613 -0.114400 0.941286 -0.922722 0.551978 -0.018495 0.450570 0.891006 0.300973 -0.859929 0.209302 -0.535641 0.067382 -0.862468 -0.274823 -0.666255 0.411520 0.080632 0.430172 0.227820 -0.274176 -0.225662 0.973975 0.839673 -0.067372 -0.757814 -0.542982 -0.566612 0.356299 -0.404708 -0.389845 0.271088 0.543322 -0.027400 0.524079 -0.449971 0.171783 -0.880994 -0.886152 -0.592598 -0.075415 0.519308
0.111547 0.910975 0.953702 -0.805918 0.833286 -0.541737 -0.503225 -0.705939 0.093821 -0.323402 -0.898503 0.302158 0.503480 0.520837 -0.551859 0.227891 0.110421 0.581028 -0.439028 -0.797423 -0.421956 0.383379 -0.392152 0.759966 -0.577099 -0.089975 -0.130240 -0.047262 -0.807291 -0.392852 -0.040669 -0.418554 -0.766957 -0.391655 0.930457 -0.215715 0.346495 0.824072 0.722248 -0.743341 0.927791 0.607122 -0.825243 0.762308 -0.291717 0.419400 -0.815237 -0.708306 -0.556757 0.546102
0.914201 -0.700087 -0.029998 -0.026650 0.486370 1.014280 -0.044356 0.510041 -0.435409 0.457957 -0.279348 0.398823 0.732304 0.321740 0.088873 -0.974226 0.770357 0.305888 0.096458 0.273881 0.235368 0.770202 0.364397 0.794010 -0.230680 0.929555 0.418505 -0.708340 -0.925632 0.300254 0.729175 0.312055 0.503507 0.288679 -0.031407 0.661373 -0.049512 -0.307748 0.116535 0.264157 -0.890892 0.099905 -0.576995 0.998120 -0.627978 -0.344715 0.676103 0.907491 -0.066563 -0.476238
0.328747 0.324460 -0.259074 -0.831917 -0.034603 -0.715903 0.653580 -0.052754 -0.525709 0.525461 -0.949760 0.365224 0.028482 0.616331 0.037079 0.614200 0.069783 -0.093296 0.742151 0.661666 -0.738201 -1.102982 -0.338107 -0.569203 1.177686 0.805772 -0.037252 -0.595220 -0.646815 -0.088853 0.012715 -0.334223 -0.879854 -0.020270 0.746461 -0.852703 -0.420790 0.623289 -0.821615 -0.268108 -0.885232 -0.151281 -0.121030 -0.243054 -0.230405 0.586897 0.172050 0.091171 0.074151 -0.782371
0.597027 -0.337036 0.358511 0.386540 1.015185 -0.688323 0.135004 0.839874 0.960533 0.711681 -0.653658 0.248338 0.538549 -0.031596 -0.508313 0.550670 0.881402 0.367999 -0.437781 -0.633939 -0.743500 0.791690 0.891650 -0.108843 -0.586476 -0.840371 -0.368512 -0.012005 0.862359 -0.813458 0.159022 0.032413 -0.220536 0.382518 0.752452 -0.851679 0.460832 0.795902 -0.654433 -0.527365 0.936902 -0.453468 -0.996852 0.541563 -0.381866 0.881085 0.763976 -0.793310 0.138903 -0.024079
0.116500 1.064816 0.731143 -0.119201 -0.432517 -0.809582 0.128153 0.573195 -0.065720 -1.012368 0.356594 0.042768 0.862811 0.806914 -0.089200 0.788067 0.968190 0.727407 -0.982119 0.338203 0.971117 -0.770285 0.011085 -0.888230 -0.472227 0.080224 -0.572448 0.946741 0.481531 -0.310070 0.441604 0.463172 -0.370213 0.369838 -0.683030 -0.507674 -0.146541 0.288614 -0.906039 -0.194211 -0.771293 0.832975 0.337389 -0.364340 -0.126087 -0.589412 -0.906999 -0.101070 0.887857 0.126584
0.791370 0.125213 -0.501697 0.331511 -1.071365 0.342091 0.115560 0.409862 0.982000 0.815730 -0.169902 0.226064 0.341299 -0.253777 -0.536067 -0.108176 -0.995089 0.895033 0.106867 -0.062016 0.312291 -0.369526 -0.932680 0.737516 -0.447375 0.052322 0.501481 -0.356111 1.008775 -0.806590 -0.413507 -0.077770 -0.520736 -0.326151 -0.209009 -0.038957 -0.154582 -0.531277 0.590562 -0.335949 -0.357669 -0.460468 0.416879 0.263262 -0.828301 -0.722104 0.971765 0.617028 0.378177 0.162405
0.455093 0.449662 0.244389 -0.473578 0.107919 -0.929913 -0.334532 -0.913082 -0.135346 -0.157961 -0.807251 0.566754 -0.387221 -0.591425 0.192626 -0.324363 -0.440982 0.040784 -0.064236 -0.361231 -0.641348 0.698707 0.790322 -0.448138 -0.373675 -0.379662 -0.207612 0.360976 0.999289 -0.436472 0.287361 -0.323783 0.875758 0.901607 -0.466474 -0.048880 -0.042369 0.910914 -0.473519 -0.840292 0.055686 -0.485677 0.721713 -0.003908 0.321620 -0.476886 0.842436 0.768440 -0.270096 -0.639684
0.207503 -0.644388 0.857402 -0.454529 -0.474628 -0.007109 -0.188821 0.434122 -0.034798 0.059432 0.671136 -0.607374 0.906908 -0.448895 -0.494938 0.455466 -0.789900 -0.757289 -0.656624 -0.168311 0.873998 0.079767 -0.579484 -0.490125 -0.184781 0.884163 0.260061 0.328188 0.006676 0.255145 0.904882 -0.390209 0.057196 0.910299 -0.760790 -0.082259 -0.323733 -0.635368 0.364066 -0.022880 -0.389310 -0.499283 -0.545982 0.818868 0.028831 0.930275 -0.690973 0.334862 0.147444 0.546726
-0.054709 -0.064127 0.857264 0.766982 -0.193409 0.083215 0.209346 0.589712 -0.215986 0.009908 0.011071 -0.525260 -0.209890 -0.432173 0.369211 -0.663413 1.065405 -0.209470 0.689798 0.518962 0.840530 -0.738603 -0.005370 0.109205 0.405939 0.567188 0.229264 -0.704431 0.142117 0.173928 -0.483036 0.495293 -0.524276 -0.513867 -0.062223 -0.981337 -0.245549 0.714417 -0.504590 0.080875 -0.464317 1.008202 -0.253536 0.210813 0.176048 0.556140 0.565882 0.270717 -0.215831 0.808040
0.002364 -0.822181 0.940180 0.500837 0.244329 -0.305958 0.345435 0.514555 -0.896592 0.630003 0.479196 -0.601251 -0.318374 -0.862459 -0.445835 -0.035216 -0.050107 -0.244333 0.952454 -0.111614 0.398336 -0.268099 -0.189022 -0.191459 0.484399 0.860199 0.639234 -0.515846 0.159629 0.293970 -0.882351 0.728881 -0.063753 -0.784316 0.326055 -0.652339 0.883953 -0.836427 -0.966763 0.539377 0.969173 -0.071638 -0.690399 0.808388 0.827889 -0.881698 -0.515306 -0.781366 0.080292 -1.040728
-0.696580 0.434107 -0.817161 0.290234 0.211091 0.316216 0.361129 -0.316908 -0.774146 0.316047 -0.993646 -0.458628 -0.817482 -0.376602 -0.758355 -0.957852 -0.172267 -0.327198 0.341000 0.817160 0.544644 0.682408 0.226865 -0.276472 0.433282 0.714700 -0.424932 -1.022764 -0.076063 -0.942853 -0.269357 -0.896771 0.888156 -0.057412 0.109261 -0.421675 0.955536 -0.647245 0.754923 0.591050 0.865740 1.020785 0.000253 -0.201922 -0.521920 -0.310258 -0.661155 -0.191282 0.636342 0.094998
-0.018636 -0.741743 -0.647210 -0.218121 -0.415382 0.533589 -0.294947 -0.820443 -0.279753 -0.843142 -0.810912 0.000499 -0.103436 -0.019365 1.013312 -0.506730 -0.116477 0.855025 0.716886 0.781734 0.428477 -0.604854 0.844365 0.577939 -0.292257 0.423406 -0.432672 0.250411 0.930610 -0.368244 0.959614 0.968570 0.585673 -0.253139 0.587710 0.749577 -0.187455 0.372603 0.713293 -0.393908 0.224220 0.088023 0.299201 0.614637 0.635665 0.623713 -1.017015 0.419206 0.807387 0.155880
0.857383 -0.646925 0.137126 -0.651879 0.569137 -0.603096 -0.199534 0.264421 -0.901567 -0.488788 -0.164719 0.959688 -0.569527 0.881587 -0.438302 -0.826983 -0.047084 0.008179 0.583313 0.516687 -0.736367 1.058037 0.497147 -0.523487 0.871782 -0.518265 -0.813634 -0.244831 -0.662950 0.254534 -0.179787 -0.444886 0.570462 -0.666773 0.197824 0.350418 -0.852317 0.953779 0.140136 -0.206832 -0.786807 0.218419 0.244306 -0.275803 -0.863585 0.138568 0.609394 0.565488 -0.906564 -0.038893
-0.310660 0.588687 -0.632581 -0.777095 -0.339906 0.525511 -0.262701 -0.182468 -0.720195 0.875996 0.113180 -0.105489 -0.915239 -0.222667 -0.168683 0.959556 -0.728749 -0.656694 -0.325520 -0.733380 0.057018 0.628590 -0.005207 0.502527 -0.361680 -0.887064 -0.460640 -0.819829 -0.207837 0.626717 -0.419730 -0.076837 -0.326184 -0.075991 -0.869148 0.809536 0.102671 -0.130767 -0.693090 -0.270611 0.893656 0.755328 -0.957314 -0.307208 0.929622 0.229705 -0.807178 0.390994 -0.644683 -0.820465
-0.490851 0.236444 0.122554 0.108126 -0.616768 0.994042 0.612435 0.389724 -0.751671 0.058693 0.640270 -0.652756 0.750047 -0.406441 -0.226405 0.623356 -0.698317 -0.088214 0.933958 -0.133922 -0.358746 0.996351 0.765755 -0.108903 -0.612299 0.307296 0.723147 0.534740 -0.457997 0.145087 0.055437 -0.378358 -1.019085 -0.460224 0.496739 -1.069577 -0.591545 -0.403074 -0.331017 -0.982700 -0.786156 0.899623 0.706796 -0.943358 0.717082 -0.144877 -0.232641 0.184235 0.629605 -0.974833
0.434764 0.297186 -0.475594 -0.062937 0.449219 -0.578747 -0.773805 -0.943462 0.927663 0.256693 -0.194773 -0.759565 0.125592 -0.518844 0.804330 -0.096771 0.690604 -0.236297 0.589823 1.112619 0.928213 -0.090429 -0.612839 0.227075 0.032816 -0.787544 0.372997 -0.536245 -0.401529 -0.538660 -0.836874 -1.000990 0.073752 -0.300692 0.565701 -0.083347 0.097981 0.025196 -0.575070 0.556893 -0.350574 0.436767 -0.420184 -0.312396 -0.222739 -0.801127 0.133939 -0.536563 0.148878 -0.230536
0.657678 -0.865342 0.202157 0.199990 0.441151 0.875659 -0.472887 0.576910 -0.137860 -1.148479 -0.472124 -0.790862 -0.381467 0.151945 0.832305 -0.161819 0.534120 -0.709216 -0.021541 0.034736 0.322400 -0.614502 -0.763774 -0.359620 1.317806 0.896466 -0.191960 0.082261 0.350577 0.663935 0.902749 -0.184578 0.591580 -0.635170 -0.555244 0.689204 -0.759650 0.066944 -0.300522 -0.780940 -0.180563 -0.522852 0.626515 -0.699871 0.060252 0.700059 0.783059 -0.078156 0.341337 -0.694078
0.682443 0.333763 -0.289430 0.274454 -0.774102 -0.304726 0.586404 -0.282272 -0.415938 0.811937 0.172039 0.364332 -0.666822 1.018465 -1.118578 -0.435894 -1.181547 0.719357 -0.730997 0.768232 -0.514116 -1.094864 -0.795167 0.638701 -0.458973 -0.160155 -0.428362 -0.063163 -0.749370 0.796147 0.392374 -0.280852 1.069413 -0.930600 -0.044817 -0.279341 0.268490 0.275896 -0.190728 0.892890 0.851123 -0.871096 -0.659252 0.885682 -0.833102 -0.620755 0.553475 -0.805701 -0.326864 -0.904193
-0.050517 -0.772208 -0.413700 -0.489787 0.826420 0.811969 0.859296 -0.543706 -0.975905 0.820948 -0.402268 -0.427774 0.335359 0.138618 -0.950254 0.367306 -0.960440 0.453022 -0.094734 -0.889907 0.068951 -0.586956 0.815443 -0.950858 0.080015 0.384535 0.879599 -0.157478 0.278009 -0.715317 -0.015801 0.276089 -1.072952 0.064436 -0.246917 -0.897967 -0.992684 -0.878684 -0.727785 0.053185 -0.277954 0.885001 0.233183 0.182629 0.503087 -0.615646 0.188873 0.207416 0.887545 -0.114843
-0.259290 -0.110763 0.201454 -1.274623 1.040610 -0.861827 0.294641 0.384226 -0.272817 -0.706825 -0.939036 0.170064 0.948930 -1.219918 -0.639781 0.281665 -0.848946 0.836964 0.456199 0.420809 -0.015622 0.595887 -0.576308 -0.603593 0.228937 -0.491622 0.304135 -0.601175 0.556381 -0.906113 0.200598 -0.491913 -0.229358 0.652460 -0.066269 -0.418527 0.294645 0.000968 0.360832 -1.223591 -0.473233 -0.128598 -0.686203 0.013400 0.941995 -0.654614 0.974254 0.741592 0.230907 -0.444357
0.362118 0.120855 -0.342376 -0.527551 0.238226 0.149117 -0.778919 0.844096 0.661720 0.416857 -0.884058 -0.433871 -0.597977 -0.966530 -0.866144 -0.774251 0.194571 -0.251247 0.171805 0.381754 0.959247 0.313340 0.481488 -0.672635 0.784143 0.299041 0.838320 -0.791658 0.057504 0.605339 -0.683369 -0.124899 0.530443 -0.531718 0.718155 -0.729541 -0.491437 -0.084151 0.032010 0.538949 0.249578 0.138295 0.491432 0.101758 0.389661 0.359592 0.012628 -0.105105 0.395609 -0.605733
-0.051295 0.887922 0.232565 0.599740 -0.945354 0.623458 -0.210787 -0.204993 0.017504 0.690960 0.627213 -0.059798 -0.353117 0.512963 0.511957 -0.814279 0.537846 0.220355 -0.047380 -0.637661 0.378654 0.132718 0.114950 0.354289 1.009099 0.201329 -0.909229 0.285541 0.462188 0.762514 -0.971352 0.140496 0.241011 -0.127711 1.074509 0.016887 0.387829 -0.749233 -0.107006 -0.090060 0.554520 0.989605 -0.377751 -0.372683 -0.855497 -0.100673 -0.449559 0.509072 0.154645 0.236442
0.151890 -0.440017 -0.684326 0.315254 -0.292385 0.491294 -0.685726 -0.733514 -0.660126 -0.339308 -0.160296 -1.014163 -0.989662 -0.292621 -0.898851 -0.327111 0.262773 -0.151798 0.037807 -0.034653 -0.783369 0.812449 -0.928049 -0.229072 0.174274 0.385955 -0.792271 -0.266203 -0.494242 0.741751 -0.070048 0.152970 0.153430 -0.428645 0.190002 0.145032 -0.693275 -0.794607 -0.563271 0.397080 -0.404968 0.214181 -0.697368 0.283050 0.051318 0.577697 -0.237458 0.519899 0.653754 -0.639927
-0.815425 0.623019 -0.913173 0.353560 0.002791 0.549718 -0.512525 -0.660089 0.046677 -0.327145 -0.221736 0.828113 -0.230977 -0.759845 0.169614 -0.015629 -0.757553 -0.416979 -0.590713 0.157321 -0.944501 0.820683 0.596803 0.688256 -0.931287 0.345048 -0.514824 0.152172 -0.178320 -0.073944 0.941262 0.345679 0.869532 0.840633 0.309702 0.424393 0.210916 0.847933 0.152164 0.912917 -0.322350 0.924883 -0.804226 0.356420 0.834438 0.426594 0.373362 -0.292777 -0.801446 0.830653
-0.279065 0.015712 0.684906 -0.848205 0.524493 0.354520 -0.970179 -0.433422 -0.701907 -0.922661 -0.656035 0.321351 -0.001766 0.393430 0.244056 -0.953373 -0.078009 0.866300 1.041210 0.441397 -0.888964 0.464799 0.957314 -0.129695 -1.022325 -0.302255 0.402180 -0.486381 -0.582898 0.803324 0.091993 0.818539 0.028151 -0.703026 -0.885951 -0.505520 0.512289 0.085528 -0.654681 0.920204 -0.136550 0.651973 -0.470441 -0.361578 0.543775 -0.522645 -0.600095 -0.335779 -0.017808 -0.536738
1.099600 0.024177 0.082136 0.553626 0.990982 -0.021719 -0.546459 0.205381 -0.378181 0.298798 -0.531174 0.226295 0.767159 0.194444 -0.597302 -0.359674 -0.129601 0.661372 -0.023459 -0.674179 0.838165 -0.433114 -0.632853 -0.343406 0.464051 -0.328688 -0.081840 -0.219918 0.439903 -0.553127 -0.372892 0.141043 -0.719618 0.241240 -0.727426 0.718561 -0.933549 -0.063864 -0.129904 -0.263383 0.393760 -0.824031 0.321638 -0.478989 0.116532 -0.738662 0.613884 -0.022988 -0.429901 -0.668532
0.605236 0.645687 0.147036 -0.181302 0.848801 -0.500128 -0.514674 -0.156920 0.028769 0.106901 -0.272067 -0.174208 0.757262 0.700607 0.915054 -0.250689 -0.325807 0.367716 -0.588507 0.367957 0.102392 0.257838 -0.878740 0.026094 0.270130 0.813991 0.821028 0.841054 0.227812 -0.411405 -0.938531 0.738716 0.233802 0.576486 -0.481263 -0.715799 0.088950 -0.184985 -0.551984 -0.915503 0.678872 0.708558 -0.559536 0.028299 0.331550 0.476330 -0.740567 -0.636484 -0.063507 0.434291
-1.251987 0.965140 -0.202687 0.327068 -1.080692 -0.190241 0.517178 0.484060 0.693580 0.202589 -0.633178 -0.494127 0.053232 0.277265 -0.223625 0.146876 -0.102546 0.271708 -1.071144 0.489468 0.389832 0.010015 0.952748 -0.265653 0.337589 -0.207620 -0.851426 -0.129288 -1.022303 -0.352717 -0.486428 -0.227271 -0.447446 0.932018 0.909783 0.409916 0.270625 -0.924128 0.097042 1.038790 0.756709 0.057173 0.017738 -0.422854 -0.462789 -0.168213 -0.679544 -0.219944 0.030169 -0.292001
0.564888 -0.526725 0.733669 -0.236404 -1.161470 1.020938 -1.001584 0.840350 0.615609 0.499993 0.111903 0.801307 0.129837 0.995052 0.469898 0.494681 -0.422411 0.354604 0.089292 0.807648 -0.460512 -0.156420 0.734129 0.259877 1.323520 -0.040707 0.850218 -0.563373 0.470690 -0.345979 -0.543449 0.793761 0.465120 -0.556214 0.199148 1.471425 -0.071692 0.046024 -0.048250 -0.034018 0.574045 0.545095 0.646354 0.566441 -1.127660 -0.521569 0.272440 0.870391 -0.840840 -1.020066
-0.015486 1.089714 0.250351 0.575997 -0.150348 0.685067 0.086334 -0.617502 -0.057194 0.364974 -0.398822 -0.940185 -0.927237 -0.194650 0.351212 0.023501 -0.438913 -0.303959 0.184463 -0.608794 0.497330 -0.093821 -0.013549 -0.731322 0.792303 -0.618783 0.320455 -0.241284 -0.444592 -0.802836 0.432257 -0.023902 0.861628 -0.422504 0.998287 0.163278 -0.337961 0.028447 0.473886 -0.533504 -0.350108 0.665480 -0.620259 0.492954 0.785381 0.375455 -0.679043 -0.527028 -0.985442 0.757383
-0.720356 -0.543873 -0.838646 -0.245830 -0.165530 -0.810289 0.308924 0.918681 0.350914 -0.335190 0.307323 0.899360 0.612466 -0.680662 -0.351903 -0.267400 -0.208647 -1.174654 -0.185398 0.831266 -1.238034 -0.048967 -0.126499 0.767368 -0.170303 -0.476606 0.504996 -0.819518 0.583336 0.851305 0.098848 -0.716816 0.266668 -0.525377 1.015453 -0.054170 0.462211 -0.552219 0.311124 0.720738 -0.324840 0.206919 -0.199550 -0.560044 0.067765 -0.119456 0.302762 0.921400 -0.898395 0.068205
-0.635098 0.731242 0.436355 0.185214 0.647294 0.103677 0.475646 -0.218085 -0.921577 -0.298508 -0.616423 0.783293 -0.918684 0.567307 -1.000966 0.997425 0.636802 0.176666 0.334611 0.012195 -0.269442 0.404519 -0.948722 0.108001 -0.688218 0.587287 -0.013116 -0.254678 -0.305153 0.195983 0.532316 -0.483813 0.440987 0.565907 0.340041 -0.725335 -0.857389 -0.567206 0.297124 -0.109161 -0.853805 -0.288223 0.121801 0.965910 -0.122355 0.283882 1.330935 -0.401512 -0.413830 -0.626271
-0.011540 -0.049625 0.604683 -0.506520 -0.007341 -0.109818 0.658692 0.608780 0.335312 0.280841 0.115353 0.301687 -0.498060 0.111972 -0.658894 0.524343 0.422490 0.375193 0.690069 0.790771 -0.426410 1.001390 0.308942 0.622653 -0.500052 -0.205355 0.893906 -0.125234 0.845698 0.276049 0.694375 -1.073934 -0.220240 -0.052385 -0.741566 -0.662405 -0.348787 -0.274493 0.490868 -0.300733 -0.081415 -0.703592 -0.705775 0.153767 -0.877408 -0.120835 -0.794677 0.686488 0.145043 0.503679
0.257880 -0.893676 -0.861935 -0.897863 -0.903686 -0.511709 -0.239876 -0.594397 0.380953 -0.352633 -0.275345 -0.542363 0.290763 -0.685226 -0.229208 0.978796 -0.208702 0.783461 -0.211610 0.553442 0.536377 0.506687 -0.553850 0.734054 -0.859829 0.069508 -0.058790 0.671015 -0.191067 -0.523165 -0.646862 0.724397 -0.562181 -0.866430 0.865609 -0.851116 0.678808 -0.833355 -0.182880 0.657530 0.268828 0.624166 0.358564 0.563037 0.229241 -0.643832 -0.028275 -0.229315 -0.105820 -0.471504
0.545749 0.130014 -0.222752 0.426473 0.707250 0.647714 -0.421923 -0.342386 -0.652261 -0.788756 0.207039 -0.287308 0.883700 -0.029723 0.414734 -0.445054 0.911345 0.242347 -0.339049 0.906606 0.837036 1.046946 -0.812162 -0.078476 -0.330856 -0.904713 -0.054994 -0.994024 0.168113 -0.949684 -0.083778 0.647733 -0.248830 0.422365 -0.072078 0.677780 -0.044147 0.220140 -0.687346 0.151412 -0.355876 -0.450653 -0.622714 0.063358 0.171935 -0.743535 0.346195 -0.918039 -0.818856 -0.225426
-0.106341 -0.053210 -0.045390 -0.133849 -0.949701 0.390788 -0.201376 0.734774 -0.016768 0.391735 0.350981 -0.029170 0.046686 0.913579 -0.401729 -0.937221 -0.273227 -0.457706 1.068510 -0.457173 0.667126 0.296807 -0.224028 0.704286 -0.178395 0.872938 -0.698890 -0.084515 0.206769 0.364127 -1.018838 0.911018 -0.211352 0.170460 -0.165515 -0.135086 0.919182 -0.530256 -0.873689 0.554224 -0.355320 0.727359 -0.029171 0.986718 0.409807 0.581916 0.500463 -0.069882 -0.167956 -0.732999
0.289097 -0.817764 -0.305242 0.197906 0.272985 -0.542974 0.149142 0.974843 0.335443 -0.350530 -0.495333 0.160652 0.082301 -0.372109 -0.733674 -0.256912 -0.323173 0.179049 -0.707425 -0.849618 0.812762 -0.013341 -0.145580 0.548884 0.238613 0.594958 0.638959 -0.826368 0.616731 0.389795 -0.510440 0.259422 -0.256654 0.813547 0.504197 -0.210108 0.692115 0.692189 -0.689510 -0.955519 0.526326 -0.720541 0.917359 0.132618 0.357022 0.322110 0.880342 -0.077061 -0.848328 -0.990504
0.765791 0.886428 0.864706 0.163877 -0.290060 -0.817035 -0.445321 -0.706844 0.024338 0.253236 0.495204 -0.599435 0.652901 0.631569 0.162145 -0.402993 1.002204 -0.003540 -0.880161 -0.481311 0.640990 -0.716578 -0.860232 0.791298 -0.557040 -0.362334 0.358534 -0.207441 -0.283260 0.563288 0.958585 0.841644 0.398104 0.875075 -0.673575 -0.309039 0.610320 0.061391 0.415048 -0.288299 0.268356 -0.274189 -0.409716 0.391869 0.327806 -0.289633 -0.675424 -0.365228 -1.101795 -0.177308
0.266972 0.018090 0.757685 -0.849757 0.984579 0.051127 0.263482 0.081682 -0.565093 -0.641888 -0.382573 0.153283 0.390616 1.089021 -0.233837 0.462622 -0.036993 -0.601765 0.933982 0.403622 0.284041 -0.211162 0.684170 0.063175 0.466307 0.335956 -0.325273 0.547495 -0.380423 -0.554445 0.127360 0.648566 -0.921040 -0.583462 0.768229 0.773449 -0.289068 -0.558944 -0.794610 0.630587 0.871996 0.513995 0.034445 -0.504666 1.093581 -0.063405 -0.446130 -0.615752 0.693245 0.090576
0.508708 -0.170949 -0.445178 -0.030820 -0.846614 0.700977 -0.539373 -0.573003 0.781667 -0.205803 0.594159 0.011032 0.566985 0.445684 -0.500771 -0.046657 0.448983 -0.869144 0.669681 0.682190 -0.689998 -0.348655 0.631045 0.871010 0.988410 0.075550 0.136154 0.346235 -0.275213 -0.375497 -0.436892 -0.927499 -0.905490 0.029845 0.435209 0.992489 -0.985482 0.932683 -0.808059 0.317738 0.200937 0.586127 -0.879853 0.650730 0.127871 -0.068859 0.449105 -0.055392 0.845366 0.235640
-0.936350 1.143928 -0.258252 1.068564 0.529696 0.402100 -0.532495 -0.000515 0.825956 -0.125036 0.186125 -0.560122 -0.186099 0.815533 -0.213290 0.728539 -1.015482 -0.832279 -0.209974 0.978862 -0.290693 -0.106084 -0.457272 0.843019 -0.307215 0.908460 -0.227111 -1.110136 0.336164 0.836737 -0.077004 -0.123034 0.780495 -0.769841 -0.320719 0.213637 0.581168 0.911051 0.670744 0.495593 -0.323133 0.629044 -0.166509 -1.002451 0.688904 -0.327621 0.433522 -0.957495 -0.102155 0.365933
0.894891 0.020333 0.202829 -0.272141 -0.843425 0.825924 -0.108968 -0.668263 -0.660893 -0.781487 0.087416 -0.241710 -0.142829 0.274129 -0.687507 0.388551 -0.497986 0.691198 0.982219 0.211817 -0.866314 -0.490601 -0.395611 0.003225 -0.320444 0.055471 -0.935424 0.424130 -0.137950 -0.630627 0.270126 0.712650 0.825104 -0.253900 -0.127929 -0.233996 0.542473 -0.170303 0.862669 -0.768916 0.069196 -0.860423 0.152552 -0.704117 -0.569811 -0.649049 0.446944 0.590279 -0.829281 0.764401
0.013385 -0.870767 0.296177 -0.337006 -0.182325 -0.229622 0.896935 0.601011 -0.504009 0.237467 0.068299 0.733499 0.021074 0.620182 0.419372 -0.030877 -0.280317 -0.374821 -0.595230 0.651628 0.599386 0.232724 0.899686 -0.330842 -0.297205 0.427103 -0.545125 0.235462 -0.578732 -0.655515 -0.747167 0.906742 -0.119497 -0.620689 0.500988 0.626632 0.159462 0.531973 0.719479 -0.443966 -0.623673 0.277475 -0.388686 -0.919066 -0.774349 -0.504532 -0.651297 -0.964779 0.702563 -0.318786
-0.737555 -0.308588 0.473414 0.683728 -0.712869 -0.676095 -0.507798 0.883469 -0.539984 -0.787986 -0.631287 0.482613 -0.322540 0.048042 0.323095 0.038602 0.172816 0.459928 -0.385281 -0.379358 0.323853 1.028530 -0.357573 -0.080527 0.159660 0.619215 0.028902 0.084549 0.452860 0.967496 0.142644 0.333327 -0.048010 -0.659707 -0.360890 0.644585 -0.717896 0.589342 0.443890 0.493638 0.901926 0.512415 0.618434 0.578390 0.497162 0.830019 0.948820 0.404918 0.109117 0.164725
0.288023 -0.720602 -0.620657 -0.729785 -0.800804 -0.069130 -0.787960 -0.326837 -0.168971 -0.767927 0.874786 -0.652546 0.956704 0.520180 -0.493454 -0.113634 -0.102042 0.696075 -0.652915 0.581596 0.961573 -0.438213 -0.125266 0.749560 0.829043 0.175549 0.477429 -0.818901 0.922528 -0.541761 -0.491856 -0.849910 0.190176 0.221410 -0.447116 -0.345488 -0.775523 0.875795 0.705787 0.525575 -0.960512 -0.466372 -0.494068 -0.376173 0.117556 -0.345137 0.045019 -0.612631 0.619814 -0.568915
-0.490627 0.296534 0.580830 0.699223 0.717507 -0.094457 0.442472 0.680815 0.708880 0.662445 0.800446 -0.187346 0.378465 0.864951 -0.091193 -0.035725 -0.536138 -0.090667 0.947077 -0.969067 0.021162 0.737215 -0.727687 -0.407712 0.933500 -0.973756 0.191463 0.135456 -0.931229 -0.413202 0.140686 0.788457 0.611576 -0.723937 0.380277 -0.547817 0.152724 -0.633871 0.714734 0.437531 0.165975 -0.343962 0.838537 0.399325 0.933877 -0.768640 0.471980 -0.564520 -0.142028 -0.911102
-0.046733 0.825092 0.188836 -0.062442 0.693103 -0.716797 1.049219 -0.243764 -0.071711 0.543419 -0.306299 -0.380131 0.914706 -0.047096 -0.914138 -0.208025 -0.335941 -0.220869 0.756236 0.336941 0.191298 -0.891900 -0.798607 -0.020742 0.795050 -0.941972 0.804325 0.171911 0.490366 -0.227386 -0.664537 -0.349050 0.216969 0.203456 -0.753140 0.264976 -0.984566 0.761612 0.769371 0.824603 -0.080817 -0.616150 0.541008 -0.857548 -0.608148 0.609223 -0.263986 -0.369712 0.440051 0.716860
0.517032 0.380563 -0.617427 0.576892 0.264358 -0.178881 -0.473329 1.001190 0.893726 -0.211729 -0.538400 0.428259 -0.036269 -0.410564 -0.272094 0.547130 0.620395 -0.802056 0.528908 -0.336745 0.650802 0.917249 0.758820 0.612390 0.416935 0.898176 -0.446931 0.377772 0.094584 0.910481 0.187777 -0.048628 0.757410 -0.253473 -0.209067 -0.415449 0.920998 0.335891 0.789635 0.422726 0.656552 -0.286623 -0.052898 -0.835963 -0.840675 0.268976 -0.564437 -0.457370 -0.128506 0.182135
0.448362 -0.671540 0.651319 0.853016 -0.864363 -0.741248 -0.587195 -0.420589 -0.784388 0.210188 -0.479099 0.754268 0.259645 -0.267638 0.154179 -0.527550 0.504821 -0.813002 -0.482792 -0.881490 0.864756 -0.067510 0.678330 1.038470 -0.127025 -0.453393 -0.746588 0.741256 0.313368 -0.633723 0.226038 -0.186969 -0.652114 -0.528322 0.009805 -0.734336 0.757852 0.249557 -0.118514 0.971504 0.489989 0.048591 0.268966 0.851965 -0.266861 -0.685516 -0.834139 -0.270844 0.781575 -0.076156
-0.368598 0.574361 1.009023 -0.767752 0.806015 -0.226966 -0.231196 0.898798 0.816592 -0.331045 0.322713 0.911369 0.813171 -0.407834 -0.561547 0.765921 0.798514 -0.351669 -0.651469 0.680956 0.636045 0.510902 0.637432 -0.757780 -0.750810 0.440179 0.768517 -0.340666 0.230917 -0.029168 0.848351 1.032647 -0.206837 0.031626 -0.205059 -0.031693 -0.030865 -0.149762 0.540493 -1.051319 -0.511726 0.075896 -0.591175 0.698530 -0.788909 -0.703148 -0.081039 0.009664 -0.639853 -1.049313
-0.298370 -0.316342 -0.031505 0.564241 -0.367637 -0.477225 -0.295103 -0.930488 -0.823560 0.121037 -0.554788 -0.258165 -0.514351 0.704522 0.548844 -0.634309 -0.222747 0.658762 0.119009 -0.806392 0.501670 0.152034 -0.720815 -0.976286 0.031370 0.490968 0.635694 0.594338 0.222098 -0.301130 0.882446 -0.638355 0.491418 -0.049128 1.113335 -0.477329 0.751734 -0.558593 0.112139 0.038511 -0.546046 0.245193 0.294309 0.068392 -0.252451 0.664420 -0.511484 0.920760 0.472395 0.706069
-0.244997 -0.433997 0.689953 -1.018272 0.069080 0.537120 -0.273229 -0.178211 -0.793672 -0.909983 -0.536941 -0.583255 0.434985 0.740300 -0.529720 -0.226740 -0.968423 -0.610858 -0.094513 0.893879 -0.535141 0.637416 -0.428242 -0.882988 -0.429780 0.285021 -0.828107 -0.225059 0.585933 -0.558329 0.392824 -0.429291 0.242260 -0.595447 -0.122299 1.001275 0.696815 -0.280565 -0.776903 0.687344 0.841273 -0.095266 0.396552 -0.044472 0.620669 0.917926 -0.138585 -0.258122 -0.892707 0.056444
-0.632296 -0.345739 -0.568838 0.161784 -0.163066 0.832383 -0.314819 -0.163876 0.566993 -0.430767 0.952782 0.364179 -0.166458 -0.242491 -0.249162 1.078066 -0.756559 0.117914 -0.412697 0.602952 0.487524 -0.249744 0.411757 0.136298 -0.444351 0.143956 -0.111608 0.102104 -0.139553 -0.327168 0.898473 0.155674 -0.113949 0.965681 0.776954 0.867518 -0.147339 -0.927411 -0.378166 -0.283819 0.176613 0.243178 0.201541 0.488218 0.585064 0.401166 0.059352 0.252483 0.338154 1.073982
0.757897 0.713819 0.114221 -0.485980 0.765263 0.988018 -0.320080 0.368694 0.763346 -0.997889 -0.246643 -0.414803 0.540949 0.684537 0.241866 0.337706 -0.157823 0.879833 0.422808 0.080921 0.183722 -0.561988 0.426302 0.301657 -0.875624 -0.656612 0.454395 -0.461664 0.391579 -0.630038 0.481752 -0.438158 -0.899342 -0.508636 0.824825 -0.988514 0.770851 0.268471 -0.313785 -0.168918 -0.031642 -0.026540 -0.552124 0.793270 0.691901 -0.854553 -0.535587 -0.733594 -0.022082 -0.750330
-0.978034 -0.685062 -0.015790 -0.896379 0.182182 -0.830559 -0.292002 -0.258928 0.674296 0.267588 0.594219 0.466874 0.569581 0.051503 0.996193 -0.623133 0.290340 0.994437 -0.704638 0.210965 0.357515 0.511052 0.817968 -0.683563 -0.134977 0.347426 0.740597 -0.900656 0.465400 -0.592980 -0.854353 -0.140632 -0.505549 0.890815 -0.570665 0.466941 0.437656 -0.007928 -0.063120 -0.739464 0.047639 -0.954406 -0.240185 -0.831908 -1.149378 0.949752 0.514423 -0.073202 -0.074754 -0.669710
-0.610119 -1.073762 0.543062 0.678397 0.274094 0.166874 -0.730805 -0.801786 -0.710539 -1.145308 0.670112 -0.760246 -0.538505 -0.342461 1.140792 1.267796 0.683689 0.400463 1.082944 -0.277208 0.434526 -0.562456 -0.018226 -0.047400 0.579666 0.480106 -0.659887 -0.730067 0.656750 0.262502 -0.803458 -0.576567 -0.255087 -0.555139 0.499567 -0.460480 0.353984 -0.719997 -0.951604 -1.034825 0.716084 0.356460 0.409186 -0.080988 -0.505858 -0.451507 1.016656 0.777737 -0.414202 -0.810191
-0.086968 0.164429 0.482988 0.453296 -0.446386 -0.450180 0.289092 -0.392664 0.285646 -0.510566 -0.965928 0.245520 -0.363928 -0.760308 -0.457817 0.496884 0.424853 0.166358 -0.194542 -0.216052 -0.498440 -0.086496 0.166590 0.945871 -0.939953 -0.134914 0.564859 0.258521 0.391763 -0.370727 0.420886 -0.857895 0.422567 -0.866841 -1.001378 -0.148582 0.030181 -0.971073 -0.036712 0.562804 0.618744 -0.745535 0.039301 -0.821216 0.765731 -1.048297 -0.750085 0.344724 0.225563 -0.929745
0.805999 0.728006 0.310540 0.703583 0.810860 -0.735712 -0.021317 -0.939037 -0.932735 0.084540 -0.285146 -0.830337 -0.248940 0.090611 -0.168790 0.668576 0.135716 -0.153475 0.276851 0.581135 -0.942909 -0.850216 0.598432 -0.781501 -0.824736 -0.011294 -0.248154 0.390111 0.222897 -0.063471 -0.845076 0.184759 -0.739731 -0.253878 0.238618 -0.144281 -0.254843 -0.615436 -0.949837 0.193754 0.055533 0.627196 0.081175 0.928689 0.032018 -0.274781 0.106029 0.450450 -0.430568 -0.722059
0.187675 -0.471970 -0.297024 -0.268717 -0.404309 -0.013000 -0.676693 0.152184 0.760459 0.516995 -0.197674 0.731643 0.154305 -0.994795 -0.041553 1.023385 0.963706 -0.678092 0.632705 -0.640924 0.044432 0.810708 -0.935625 -0.457359 -0.795029 -0.705704 -0.230736 0.477893 0.780247 -0.195486 0.754212 0.285121 -0.694231 0.048748 -0.230552 0.757615 0.591249 0.756432 -0.583662 -0.828698 -0.196536 -0.458437 -0.131913 -0.909880 1.042730 -0.866570 0.703557 -1.011527 0.472708 0.655204
0.019686 -0.732378 -0.803961 0.649033 0.547169 0.552603 -0.539020 0.272981 0.890577 0.133045 0.735097 0.589986 -0.829681 -0.627817 -0.180014 0.287299 0.473127 0.817592 -0.907602 -0.605448 -0.851230 -0.679412 0.142008 -0.548564 -1.117760 0.245690 -0.940062 -0.440574 0.479716 -0.684927 -0.480273 0.334397 0.757573 0.186278 0.108999 0.587725 -1.009559 0.859691 0.022967 0.443928 -0.663852 0.397507 0.801672 -0.429264 1.017546 -0.400808 -0.381389 -0.284033 -0.738194 0.428449
0.415020 0.313564 0.229309 -0.248503 -0.844586 0.366135 0.277453 -0.472537 -0.103452 -0.943594 -0.308642 0.485579 -0.797645 0.035507 0.215892 -0.495563 -0.364837 -0.313657 0.427902 -0.795610 -0.294432 0.855445 0.118511 -0.919083 0.884886 0.216884 0.611793 -0.976621 -0.070861 0.812274 0.063229 -0.313509 0.731863 -0.545953 -0.750627 -0.694363 -1.023248 -0.432853 -0.525717 0.779927 0.130705 -0.814164 0.866681 -0.233531 0.555263 0.781810 -0.780510 -0.034752 0.096896 -0.956396
1.037865 0.555229 -0.980340 -0.516504 -0.113032 0.731001 0.124777 0.337635 -0.012454 -0.814635 -0.450233 0.458432 0.498261 -0.264693 0.744220 0.023411 -0.210258 0.477506 -0.578513 -0.169192 0.780115 -0.944353 0.863132 0.559032 0.778228 0.959990 0.035432 0.701447 -0.354687 0.164002 0.576888 0.836259 0.631497 -0.507913 0.442353 0.429639 0.310514 -0.392892 0.697794 -0.944634 0.074279 0.370358 0.115974 -0.683595 -0.775987 0.789811 0.002196 -0.040121 -0.041666 -0.249444
-0.446267 0.458298 -0.567226 0.457381 -1.040981 -0.116791 -0.624614 -0.062105 0.002642 1.055347 -0.907499 -0.545003 0.751816 0.111852 0.445886 0.750557 -0.813348 -0.013591 0.924651 -0.971433 -0.406362 0.216674 0.413420 -0.904544 0.134141 0.786903 -0.857869 0.848501 0.692931 0.443306 -0.387940 -0.371462 -0.051065 -0.812541 0.664627 -0.626121 0.156035 -0.256566 -0.631142 0.690509 0.726282 0.006558 -0.835746 0.067439 -0.189456 -0.357385 -0.195789 0.230482 0.122269 -0.385745
0.014756 -0.199745 0.180181 -0.165056 0.110203 -0.689536 -0.243693 0.412340 0.778611 0.488949 0.268473 0.022948 0.056804 -0.789699 -0.402440 0.723562 0.532634 0.059946 1.043163 0.623375 -0.446108 -0.383191 0.266067 -0.565175 0.589285 0.017860 -0.882140 0.118535 0.575787 0.996659 -0.410695 -0.633505 0.559667 -0.239816 1.055924 0.488973 -0.125908 -0.770188 -0.104837 0.164554 -0.628017 0.346084 0.945576 -0.880695 -0.996984 0.666181 -0.693981 -0.737717 -0.696631 0.581609
-0.637766 0.490668 0.205662 0.886949 -0.809114 -0.580647 0.885713 0.663964 0.316745 -0.521630 -0.108737 0.821543 0.227523 -0.760284 -0.862303 -0.586920 -0.878846 -0.036358 0.158934 0.539292 -0.372813 -0.916374 0.648157 0.468598 0.140615 -0.772926 -0.540721 -0.808213 -0.037940 0.572560 0.563670 -0.198762 -0.056903 -0.114370 -0.138093 1.069461 -0.797005 0.133220 -0.159089 1.194890 -0.149290 -0.553112 0.987261 0.661538 0.588061 -0.184249 0.183088 -0.288176 0.595601 -0.158133
0.873542 -0.191857 -0.923746 -0.669320 0.458796 0.214892 -0.800175 -0.209515 -0.332972 -0.415239 -0.646224 -0.106894 0.542282 0.416818 -0.723156 -0.114471 -1.131643 -0.631464 -0.802167 -0.779304 0.050577 -0.383728 0.138098 0.640628 -0.679117 -0.417093 -0.151823 -0.675748 0.882570 -0.271129 0.531877 1.131381 -0.798200 0.685973 -0.090698 -0.256770 -0.567456 -0.498303 -0.299304 0.519523 0.737281 -0.287435 -0.173729 -0.956652 0.248340 -0.901449 0.434454 0.418135 -0.968863 0.540282
0.712218 0.945357 0.350785 0.825284 -0.669974 -0.793142 -0.028004 -0.164076 -0.860805 0.318601 -0.594766 -0.559570 -0.457537 -0.162783 -0.254394 1.075333 0.932206 1.152735 0.580410 -0.903162 0.083201 0.492867 1.095639 -0.669800 0.016679 -0.482700 0.173567 -0.403696 -0.685198 -0.059733 0.993734 -0.001320 -0.506669 -0.179419 -0.348986 -0.903623 -0.181127 0.355103 -0.210115 -0.423574 -0.254634 0.281019 0.041323 0.346282 0.314657 -0.566986 0.556011 0.395528 0.677947 -0.260413
0.697011 -0.915482 0.335001 -0.756426 0.836335 -1.038420 -0.802966 -0.036698 0.783951 -1.136188 -0.254708 0.067565 -0.487193 0.443776 0.443873 0.375819 0.031673 0.761970 -0.452754 -0.532687 -0.887090 -0.567235 -0.911154 -0.048454 -0.085408 -0.162921 0.664733 -0.477269 -0.508513 -0.800927 0.795970 0.343686 -0.109636 -1.005666 -0.516609 -0.479180 -0.793925 -0.034999 0.655408 -0.694336 0.813368 -0.700732 -0.922919 0.679047 0.683178 0.165819 0.499626 -0.494392 -0.567991 -0.677205
-0.530026 -0.248480 -0.541606 0.797576 0.768311 -0.952824 -0.466566 0.676570 0.334028 0.911668 -0.560038 -0.614921 0.814335 -1.118910 0.019404 0.060913 0.235933 0.553530 -0.325120 0.202117 1.066506 -0.021139 -0.005048 0.606390 0.839802 0.150668 -0.642236 0.425493 -0.145924 0.093397 -0.037639 0.180441 0.436178 0.151656 -0.128845 -0.522256 -0.665673 -0.502824 -0.815209 -0.614399 0.349561 0.441801 -0.326248 0.259658 0.722591 -0.778983 0.122194 -0.449457 0.861705 0.135194
0.778144 -0.319990 -0.147202 -0.835325 0.680973 0.608256 1.003376 0.296289 0.376945 -0.762090 -0.162063 0.423169 0.857219 -1.024399 0.683478 0.284761 0.331950 -0.780302 -0.214886 -0.272833 -0.929704 0.374605 -0.807687 -0.903667 -0.036096 0.533856 0.952712 -0.503292 -0.816685 -0.159446 0.879401 -0.941928 -0.849264 -0.926639 -0.881242 -0.034266 -0.423515 0.410491 0.376117 -0.066992 0.021585 -0.446375 0.852766 -0.903855 0.174382 -0.606306 -0.533880 -0.796822 0.816823 0.811288
1.018006 -0.360283 0.553259 0.969400 -0.551922 0.634939 -0.539639 0.393054 0.851454 0.423648 0.306063 -0.761582 0.090657 -0.054185 1.025756 -0.905213 0.650555 -0.659346 0.613333 -0.651247 0.064301 -0.179274 -0.459205 -0.306809 0.554520 0.526447 0.091628 0.652103 -0.541125 -0.132495 -0.641746 0.512903 -0.069278 -0.808427 0.135616 0.723497 -0.341665 0.021903 0.504143 0.295909 0.001440 1.044787 -0.201146 -0.532185 -0.336991 -0.391590 0.021858 -0.488844 -0.304179 -0.353858
-0.000719 0.530540 -0.574633 0.234227 -0.812718 0.270355 -0.711150 0.144340 0.835406 -0.948781 -0.318630 -0.665801 -0.224066 0.634782 0.036901 -0.772779 0.387839 -0.914241 0.906794 0.275016 -0.855610 0.320501 0.759505 -0.319908 0.698341 -0.170593 0.379148 0.435463 0.344369 -0.283438 -0.643882 -0.042490 -0.056201 0.743171 0.370380 -0.505938 0.642434 -0.747332 0.085020 0.182784 0.291271 0.478223 -0.348609 0.944360 -0.574142 -0.511203 0.712650 -0.862868 -0.573409 0.034592
-1.162025 0.224735 0.520665 -0.066812 -0.322871 0.628112 0.567048 0.172385 0.441397 -0.586820 0.084771 -0.093159 -0.174349 -0.080060 -0.067158 0.241783 -0.739621 -0.637259 0.297699 -0.401625 0.425712 -0.076350 0.198175 0.760412 -0.679492 0.528949 -1.016866 -0.529206 -0.896049 -0.357339 0.044333 0.301134 0.602491 0.017401 0.383832 0.117445 -0.557027 -0.032342 0.568829 -0.096549 0.831087 0.021699 -0.879489 -0.162245 -0.934444 -0.853116 0.142206 -0.869427 -0.392227 -0.350771
0.142493 0.341392 -0.535784 0.034524 0.089241 -0.213658 -0.633042 0.738124 0.576265 -0.334096 -0.782749 0.547738 -0.211157 0.713487 -0.793654 0.484954 -0.885064 -0.352488 0.661500 0.375549 -0.675803 -0.193098 -0.526934 -0.641856 0.762716 0.609033 0.322209 0.957009 -0.675677 0.489211 0.047808 0.694850 -0.884009 -0.389010 0.141577 0.873615 -1.009463 -0.471219 -0.571571 0.883377 0.104054 0.664685 -0.172360 -0.965123 0.467575 0.537657 0.554785 0.087574 -0.717135 0.226555
0.355042 -0.458227 -0.307067 0.600211 -0.630515 -0.228028 -0.899611 0.614856 -0.049861 0.131708 -0.954343 -0.303292 0.621720 -1.142224 -0.410828 -0.401111 -0.528335 0.969995 0.080088 -0.940558 -0.017255 0.547804 -0.752174 0.791813 -0.471832 0.065837 0.488096 0.523497 1.087396 -0.128339 -0.802694 -0.345293 0.923233 0.655346 -0.855471 -0.482443 0.041814 0.275927 -0.400098 0.651255 0.179457 -0.039231 -0.950336 -0.396937 -0.606092 0.074795 0.750677 0.815674 -0.239386 -0.880327
-0.799368 -0.630640 0.968749 -0.392643 -0.143273 0.667839 0.995720 -0.025022 -0.903064 0.941310 -0.064305 -0.878086 0.695935 -0.085270 0.348133 0.587852 -0.498551 -0.649175 0.865483 -0.319202 0.938323 0.523803 0.719389 -0.726454 0.298341 0.425479 0.002604 -0.464696 0.989172 -0.575464 -0.088752 0.900406 -0.351885 -0.955447 0.535965 0.633135 0.149629 -0.910242 -0.953658 0.015246 0.675107 -0.745422 -0.668894 0.217423 -0.308249 -0.490691 -0.635448 -0.356109 0.463789 0.966160
0.153535 0.816673 -0.055794 -0.859339 0.120777 -0.001968 -0.513654 -0.695398 -0.150978 -0.759739 0.237913 -0.401586 -0.128389 -0.815338 0.559840 -0.407285 -0.422833 -0.565188 0.437298 0.296026 -0.241374 0.301112 -0.912667 -0.489758 -0.680850 -0.986363 0.124675 -0.162406 1.009734 0.482610 -0.774052 -0.610939 0.040991 -0.895480 -0.450337 0.387138 0.119734 0.231391 0.028786 -0.437905 -0.822434 0.594778 0.745483 -0.023607 -0.118236 0.606748 -0.007944 -0.523898 -0.352587 -0.783539
-0.065564 0.093966 -0.438105 -0.457464 0.714718 0.624915 0.408378 0.952311 -0.194855 -0.309651 0.540782 -0.735017 -0.657831 -0.575535 0.458299 -0.786874 0.690878 0.267385 -0.404382 -0.863913 -1.051807 -0.728907 -0.121581 0.751776 0.960125 -0.925852 0.306108 0.650633 -0.766299 0.711954 0.322988 0.205831 -0.304975 -0.459813 -0.826859 -0.729197 0.308346 0.216499 0.852653 0.482543 -0.830917 -0.790818 0.234649 -0.565883 -0.678196 0.926618 -0.941510 -0.985749 -0.576575 -0.674919
1.125799 0.357293 0.412977 0.338337 0.611922 0.721752 -0.085333 0.967555 0.430664 -0.852406 -0.807718 -0.497194 0.707593 0.472204 0.250205 1.063026 0.112966 0.588210 -0.372463 0.335349 -0.349752 0.784436 -0.277088 0.922279 -0.778724 0.547611 -0.657636 -0.744768 0.380720 0.633371 0.342586 0.009464 0.788528 -0.482424 -0.348712 -0.897418 -0.624481 -0.483964 -1.010194 0.663263 -0.352852 0.300457 -0.115645 -0.439900 0.280356 -0.830502 0.709737 0.341495 -0.619007 -0.603448
-1.045581 0.704582 -0.296993 0.779397 0.084064 -0.304731 -0.535004 0.995463 -0.288730 0.374840 0.100191 -0.645765 0.493879 -0.582826 0.100117 0.455779 -0.256834 -0.069028 -0.510834 -0.538911 0.473788 -0.689154 -0.395841 0.828260 -0.081332 -0.828089 0.485087 0.415199 -0.243779 1.038311 0.526860 0.445575 1.006492 0.075804 0.012401 0.375276 -1.037627 0.575783 0.919459 0.491908 0.381913 0.498055 0.580700 0.882488 0.688661 -0.282956 -0.108273 -0.556089 -0.881247 0.575613
-0.414707 0.452589 0.311682 -0.471970 0.123041 -0.048206 -0.375007 0.131536 -0.843066 -0.214323 0.641779 -0.905993 -0.463061 0.918470 0.808242 0.162607 -0.112628 -1.033980 -0.399821 0.113116 0.508059 -0.731557 -0.900144 0.165612 -0.565276 0.561521 0.793210 -0.149455 -0.738340 0.760619 0.164583 0.788879 0.156217 -0.281209 0.617220 -0.369943 0.788937 -0.762278 0.326258 -0.412880 -0.390546 0.868986 0.141685 -0.346569 -0.502318 -0.406266 -0.036939 0.340215 -0.716173 0.098807
-0.898541 -0.308401 0.109563 -0.427292 -0.410002 -0.804611 0.280307 -0.123392 -0.274867 -0.549088 -0.112255 -0.723194 0.584994 0.830545 0.531587 0.642824 0.147232 -1.048874 -0.716590 0.347609 -0.267137 -0.930679 -0.413299 0.916728 -0.998073 0.464241 -1.019472 0.231253 -0.012002 -0.334064 -0.933849 -0.710747 -0.165715 -0.546485 0.002790 0.546973 -0.337942 -0.434483 -0.455899 0.566086 0.323639 -0.847383 0.309384 0.223553 -0.223229 -0.156420 -0.923339 0.203960 0.085314 -0.323674
-0.586556 -0.032047 0.595875 0.169252 -0.388699 -0.099069 0.079180 0.982666 0.385706 -0.398453 -0.457819 -0.969756 -0.036794 -0.112004 -0.639264 -0.379778 -0.360656 0.589737 -0.283955 -0.915996 -0.479993 0.577306 -0.961979 0.937962 -0.176397 -0.618592 -0.963945 0.471813 -0.267145 -0.856469 0.532549 0.595012 0.192561 0.233089 0.011912 0.049175 0.768325 -0.731955 0.970174 0.749644 0.040514 -0.333638 0.135682 0.592476 1.001301 -0.334766 0.581364 0.645390 -0.544896 0.000155
0.693872 0.055047 -0.569379 0.962831 -0.868789 0.338511 -0.889742 0.649105 -0.341879 -0.333447 -0.133834 0.472819 -0.563446 0.015426 -0.910656 -0.424667 0.774470 -0.452635 -0.188157 -0.179190 -0.445376 0.327422 0.566375 0.942868 -0.709829 -0.083023 -0.540621 0.092746 0.250783 -0.397271 0.717575 -0.087069 -0.696664 -0.045921 0.703677 0.716189 -0.496220 -0.099716 0.219653 0.643525 0.714278 -0.592397 0.015360 0.021292 0.019308 -0.084831 -0.402913 0.499518 0.677784 -0.767405
-0.246963 0.522025 0.354650 -0.705977 -0.688772 0.727306 -0.763422 0.666509 0.691450 0.344366 0.433403 0.734653 -0.445122 0.870406 0.244222 -0.364343 0.591310 0.045895 -0.430109 -0.328221 -0.200072 -0.179553 0.594187 0.974269 -0.535091 0.038834 0.109849 0.431763 0.268747 -0.385048 0.106771 -0.619460 0.134104 0.724159 0.295679 0.505385 0.750997 -0.944979 -0.583460 0.375293 -0.758574 0.586406 0.847701 0.882033 -1.042881 -0.743593 -0.430428 0.334655 0.559285 0.497547
0.671137 -0.640708 0.109286 -0.212791 0.725282 -0.217070 0.005941 0.357406 0.652192 -0.071914 0.448265 0.307280 -0.251016 0.410515 0.257613 -1.141950 -0.425917 0.367913 -0.261719 0.322851 0.238191 0.364585 -0.684267 0.625255 0.722566 0.691900 0.912535 0.440211 -0.271645 0.844613 0.684504 0.148568 0.276963 1.024145 0.352217 0.454853 -0.740439 0.806125 -0.624090 0.242123 -0.701334 0.963583 0.163046 -0.437973 0.897704 0.901764 0.440831 0.370144 0.819234 0.135922
1.034100 -0.061429 0.770813 -0.933672 -0.357248 -0.257659 -0.955962 0.385030 -0.926064 -0.135992 0.870163 1.006650 -0.220611 -0.533167 -0.657747 -0.040528 0.252000 0.068714 1.055272 -0.381255 0.925334 -0.464669 0.287150 0.845937 -0.019335 0.797228 0.710090 -0.919800 0.061260 0.116321 0.468991 0.355142 -0.477008 0.040064 0.476042 0.799057 -0.033418 -0.610801 0.848367 -0.740732 -0.046898 0.306914 -0.330234 -0.412458 -0.447105 -0.173814 0.183264 0.669433 -0.429186 0.569516
0.903250 0.541195 0.517241 0.575636 0.197173 -0.349999 -0.229135 0.221944 -0.517685 0.148429 -0.474704 -0.597111 0.563803 0.155136 0.638924 0.015561 0.489169 -0.543115 -0.089223 -0.368063 0.551176 -0.249151 -0.205292 0.968252 -0.640316 0.232277 -0.800355 -0.849433 -0.715179 -0.327591 -0.675389 -0.148929 -0.926368 0.814080 0.174137 -0.459269 0.802260 0.393830 0.956903 0.408110 0.786626 -0.678308 0.195877 0.041764 -0.408781 -0.798107 -0.285151 -0.115485 -0.767155 0.144016
0.981694 0.860059 0.055855 -1.048292 -0.554471 -0.122946 0.722039 -0.246329 -0.942029 1.114842 0.299686 0.009054 -0.579374 0.961902 0.401651 -0.038715 1.091835 0.170997 0.303206 -0.605541 -0.257123 0.702313 0.083684 0.204630 -0.155774 -0.655919 -0.457100 -0.568846 0.036944 0.666894 0.255745 -0.011642 -1.125572 0.642996 0.159482 -0.910845 0.429299 0.365244 -0.217071 0.413750 -0.573161 0.364895 -0.092602 0.721016 -0.788981 -0.779637 -0.406671 0.208480 -0.705309 0.441169
0.655621 -0.628653 0.622035 0.657466 -0.356127 -0.263994 0.431075 0.502632 -0.513886 1.111343 0.977854 -0.430999 0.755784 -0.267444 0.462442 -0.866812 1.003536 0.235929 -0.725584 -0.728805 0.801757 0.917653 0.116839 0.011742 0.950435 0.668869 -0.563654 0.746121 0.896328 0.404249 -0.504717 0.038066 -0.749251 0.620414 0.861492 1.004090 0.161637 0.036809 0.188814 0.895300 -0.434125 0.636966 -0.641363 0.380422 0.726201 -0.211436 -0.539918 -0.618325 -0.444223 0.276704
-0.940088 0.318548 0.454584 -0.409050 0.578394 -0.852072 -0.369857 -0.896173 0.548372 -0.214032 -0.992708 -0.348561 0.795402 -0.053845 0.425903 0.192073 0.082040 -0.199851 0.498084 -0.384101 -0.201227 -0.698155 -0.410572 -0.651005 -0.395111 -0.457889 -0.084203 0.845907 -0.487855 1.056545 0.381025 0.246139 -0.969288 -0.524013 0.495757 -0.053342 0.982298 -0.243135 -0.529556 0.138442 0.168625 -0.124445 -0.586429 -0.265043 0.506818 -0.529309 -0.475709 0.354259 -0.558761 0.420747
0.341784 0.347723 0.884242 0.541691 -0.648690 0.908017 -0.745529 -0.877856 0.659278 0.810041 -0.140837 -0.303966 -0.783849 -0.699490 0.616605 -0.437744 0.507550 0.685454 -1.323921 0.693242 0.654143 -0.902534 0.983508 0.595788 -0.505041 0.263090 -0.984787 0.541255 0.370527 0.229351 0.278954 -1.068637 0.810954 0.334766 1.154960 -0.009175 -0.793445 0.895352 0.631510 0.614209 0.656632 -0.315081 0.896223 -0.424545 -0.445709 -0.471642 0.138734 0.333255 0.661067 -0.681430
-0.157225 -0.646673 0.731613 -0.131778 0.513638 -0.671107 -0.478586 0.675025 -0.783788 -0.825769 0.183506 0.507510 0.648126 0.737895 -0.576771 0.783599 0.678179 0.714522 -0.384411 -0.865716 -0.850738 0.623794 1.018872 0.201457 0.524227 -0.611099 0.454198 -1.085890 -0.183893 -0.410424 -0.238939 -1.082477 -0.364295 -0.319429 -0.337055 0.392190 0.850145 0.772152 0.439053 0.731542 -0.086443 0.209396 -0.336842 -0.890714 0.250028 -0.914083 -0.421976 0.723604 -0.305762 -0.762919
-0.349033 0.931789 0.333342 -0.717737 -0.535365 -0.367263 0.454424 0.358650 0.663343 0.100567 -0.289602 -0.311617 -0.305898 -0.930903 -0.300370 0.531591 -0.404723 0.819503 0.932903 0.190890 0.869791 0.663575 0.659307 -0.736336 -0.691317 0.416416 -0.454111 -0.415298 -0.630234 0.300500 0.527201 0.758096 -0.783039 -0.978249 0.580845 0.338047 0.455407 0.839623 -0.720668 -0.701005 -0.280731 0.428718 -0.576702 0.150382 0.328740 0.185962 0.854168 -0.311395 0.353206 0.229661
-0.121246 -1.016873 -0.628344 -0.357341 -0.534297 0.932306 0.507194 0.995128 0.224393 0.205127 -0.275445 -0.736984 0.514069 0.306215 0.396572 -0.124988 -0.166101 0.337444 0.626233 -0.682836 0.596721 0.366723 -0.216857 0.481617 -0.056006 0.756057 -0.767393 -0.506644 -0.087466 0.978685 -0.298037 -0.684045 -0.695524 -0.265092 0.680213 -0.897922 -0.391044 -0.254384 0.029212 -0.077672 -0.868278 0.530177 -0.049699 0.335125 -0.283043 0.007330 0.283475 -0.502913 -0.411380 -0.385143

Bias v0 (Oculta):
0.337119
0.563747
-0.414277
-0.836481
0.491950
-0.878657
-0.339841
-0.350793
0.137607
-0.020375
-0.742092
-1.040802
-0.269813
0.634544
-0.899500
0.465442
-0.796912
-0.864051
-0.186602
-0.723182
-0.734525
0.432718
0.717792
0.299239
-1.030198
-0.493271
0.801887
-0.914448
0.399525
-0.294156
-0.693521
-0.377647
0.673585
-0.313992
-0.406861
-1.035783
-0.997733
-0.244602
-0.271829
-1.017228
0.235060
0.723751
-0.842520
-0.903700
0.813941
-0.294882
0.417958
-0.345037
0.298959
-0.820789

Pesos w (Oculta -> Saída):
1.047310 -1.084670
-0.693466 0.781229
-0.147062 0.373662
-0.778726 0.942358
0.681946 -0.728218
-0.589287 0.483098
0.701032 -1.366335
0.178418 0.494876
-0.920450 0.512672
1.427650 -1.160361
0.163963 0.117123
-0.519778 0.528631
0.283893 0.055371
-2.022686 1.962519
-1.440089 1.143204
1.022396 -1.196588
0.967694 -1.510257
1.305663 -1.079430
1.447108 -1.406594
-1.098879 1.058633
0.899480 -0.616160
1.058882 -1.316585
-0.526587 0.462010
0.584235 -0.298599
-1.642796 1.785968
-0.595761 0.317670
0.075229 -0.782169
0.518063 -0.717891
0.625006 -0.698103
-0.278144 -0.003727
-0.881489 0.919171
1.360772 -0.976938
-1.544376 1.513233
-0.104233 -0.504579
-1.795885 1.849722
-1.757184 1.700025
0.438795 -0.065961
0.270923 -0.291044
0.081252 -0.315159
-1.262964 1.330577
-0.922606 0.466764
0.372877 -0.391612
-0.722616 0.535177
0.018795 0.132950
1.006756 -0.934588
-0.307647 0.851693
1.701256 -1.244014
0.012745 -0.215568
0.760223 -0.523376
1.233008 -0.928722

Bias w0 (Saída):
0.244242
-0.637661
