Pesos v (Entrada -> Oculta):
0.628946 -0.676672 -0.401674 -0.625237 -0.418000 0.047022 -0.012457 0.742807 0.985295 0.221758 0.577780 -0.433697 -0.246355 -0.131431 0.979921 0.043913 0.460477 0.603507 0.659814 0.936922 -0.029134 -0.390242 -0.274665 -0.763459 0.656487 0.665870 -0.712221 -0.546647 0.136560 0.165533 0.485218 0.265321 0.856685 0.740074 0.645044 -0.176823 -0.648604 0.137564 0.908356 -0.495776 0.003827 0.307471 0.892644 -0.559572 0.374276 -0.232195 -0.714429 -0.665808 -0.802259 0.520414
0.477908 -0.223502 -0.820586 0.948316 -0.249753 0.387980 -0.723610 0.227693 -0.470005 0.115498 0.656244 -0.786687 -0.216837 -0.836989 -0.210720 0.086982 0.364798 0.813436 -0.869605 -0.202873 -0.683192 -0.009616 0.228680 0.699090 -0.713274 -0.970703 -0.971022 -0.951211 -0.716997 -0.905734 -0.407195 -0.651541 0.755377 0.090573 0.981332 0.884751 -0.818618 -0.973901 -0.313567 0.024545 -0.332313 -0.709944 0.195711 -0.869246 0.453376 0.140403 -0.811061 0.054321 -0.710417 -0.288342
-0.851843 0.269139 0.561342 -0.935771 0.894177 0.375171 0.792229 0.129650 -0.169619 0.881676 0.284169 -0.152157 0.805032 0.616296 0.536083 -0.340766 -0.605706 -0.555095 0.789557 0.961100 0.327843 -0.944215 -0.076148 -0.422815 0.557143 -0.121603 0.988035 -0.702023 0.344428 -0.980233 0.064555 -0.239706 -0.584926 -0.983786 0.757777 -0.043610 -0.443608 0.515948 0.896609 0.326583 -0.380806 0.820817 -0.649661 0.825519 -0.332410 -0.232790 0.369444 -0.312763 0.494412 0.489097
0.149004 0.000633 0.154352 0.367986 0.885742 0.968797 -0.705175 -0.227045 0.481193 -0.151720 0.268452 -0.800971 -0.077646 -0.824847 0.648864 0.712910 -0.972803 0.793987 0.710737 -0.413337 -0.985800 0.971839 0.467163 0.075363 0.068923 -0.475137 -0.461447 -0.075384 -0.843944 -0.783259 -0.057102 0.266377 0.119245 0.140253 0.477910 0.347007 0.456411 -0.620824 -0.889352 0.568546 0.879373 -0.403798 -0.388229 -0.850441 -0.114993 -0.004533 0.311853 -0.208114 0.329894 -0.036649
-0.308886 -0.468748 -0.924477 0.465641 -0.435765 0.335588 -0.371769 -0.488666 -0.456656 -0.027195 -0.459146 0.859860 -0.293095 0.141676 -0.324110 -0.902941 0.566237 0.884589 -0.801761 0.999811 0.920856 0.481674 0.946010 0.494188 -0.830111 -0.515738 0.267505 -0.265434 -0.315589 -0.635656 -0.237394 0.779642 -0.158122 -0.892917 -0.399085 -0.419754 0.328782 -0.975997 -0.154777 -0.335135 -0.645032 0.969685 0.345649 -0.075064 -0.668044 0.435741 0.069897 0.376072 -0.917904 -0.643623
-0.623069 0.317605 -0.711065 -0.310692 -0.779928 -0.955037 -0.358329 0.067732 -0.055961 -0.304270 -0.468501 0.799579 0.266241 0.025565 0.092162 -0.147489 0.712725 -0.139148 -0.336987 0.703935 0.345165 0.200928 0.323738 0.601959 0.134553 -0.392886 -0.890657 -0.019122 -0.831833 -0.051950 0.120218 -0.367009 -0.035017 0.127071 -0.340055 -0.449361 0.994744 0.965105 -0.704033 -0.299899 0.980622 0.991297 -0.763585 -0.021678 0.339986 0.539200 -0.341547 -0.471305 -0.483295 -0.103850
-0.777843 -0.760126 -0.365206 0.096883 -0.593367 0.111485 0.815803 -0.571962 -0.439668 -0.974296 -0.829617 0.726729 -0.558173 0.996630 0.898095 0.994609 -0.566302 -0.998156 0.853320 0.493020 -0.713201 0.347169 -0.440117 0.728808 0.419111 -0.383339 -0.089573 0.915277 -0.594650 -0.446386 -0.001004 -0.428119 -0.433700 0.056515 -0.040029 0.441579 -0.902066 0.235381 -0.880664 0.982704 -0.534967 0.007395 0.201558 -0.523759 0.389361 -0.410763 -0.155235 0.032730 -0.631317 0.743046
-0.393571 -0.804216 0.974920 0.272708 -0.237459 -0.558724 -0.167519 0.566180 -0.918124 0.382347 0.675091 0.182118 0.795819 -0.229685 0.116475 0.518208 0.599521 0.372356 0.482089 0.316924 -0.497108 -0.195157 0.341235 0.698307 0.879665 -0.821285 0.939378 -0.735451 -0.309775 -0.929138 -0.250204 0.238205 0.974370 0.805121 0.370285 0.382332 0.367331 0.445357 0.963906 0.483846 -0.277324 0.889106 0.098037 -0.868550 -0.273542 -0.543312 0.658657 0.515486 0.955814 -0.118569
0.301580 -0.010501 -0.524457 0.892756 0.413576 0.853190 0.825795 0.427759 0.400556 0.631531 -0.413287 0.277794 0.167284 0.256747 -0.153248 0.120239 -0.479483 -0.605913 0.907859 -0.864769 0.293900 0.580612 -0.785645 -0.484170 0.199637 0.936317 0.180346 0.543918 0.379775 0.073918 -0.369012 0.261043 -0.129254 -0.860750 -0.106770 -0.126641 -0.425398 -0.268148 0.130552 -0.259294 0.112487 0.935845 -0.678615 0.648747 -0.519089 0.679679 0.441365 -0.954984 0.443904 0.386685
-0.023721 0.833728 -0.376220 0.549897 0.377630 -0.804350 0.214696 -0.556493 -0.970325 0.722207 -0.961036 0.659471 -0.030491 -0.999678 0.448565 -0.836873 0.150385 0.958834 -0.953546 0.087758 0.923841 0.571825 -0.172553 0.044367 0.014329 0.020959 -0.613250 0.480426 0.221017 0.100922 0.987006 0.344898 -0.102742 0.132874 0.754672 -0.946993 -0.852492 -0.021023 -0.774571 -0.001102 -0.811549 0.594208 0.405297 0.225779 0.785894 0.420580 -0.387281 0.470275 -0.281900 -0.839817
0.385416 0.159102 0.535051 -0.585549 -0.475449 0.781218 -0.856681 -0.853655 0.650897 -0.826062 -0.247764 0.946317 0.271204 -0.304266 -0.545351 -0.630759 -0.026460 -0.597289 -0.709706 0.008216 -0.550429 -0.713587 -0.192766 0.938138 0.600309 -0.690817 -0.025640 -0.044062 0.306349 -0.598033 0.036911 0.232206 0.833155 0.768629 -0.316429 -0.678433 -0.037390 0.450770 -0.812057 -0.079415 0.040265 0.120806 -0.770136 -0.966297 0.312672 -0.068971 0.164623 -0.318817 -0.892869 0.851582
-0.734733 -0.548980 0.776460 0.755643 0.705463 -0.314007 -0.014170 0.119429 -0.004834 -0.400871 0.462447 -0.084891 -0.728338 -0.058809 0.892273 0.844856 -0.631048 -0.657240 -0.501636 -0.439580 0.877714 -0.804093 -0.064263 -0.530229 0.237703 -0.885799 -0.518614 0.759651 0.783837 0.150124 0.970649 -0.757892 -0.684382 0.624245 -0.860161 -0.382174 0.505650 -0.796381 0.897577 0.907381 0.111818 -0.735512 -0.503159 0.829511 -0.782067 0.916040 -0.105484 -0.370355 -0.028579 0.944968
-0.250804 0.145034 0.091710 -0.890137 0.435014 0.076846 0.793274 0.567198 0.837955 -0.119275 -0.201911 0.329428 0.554176 -0.927902 -0.633153 0.655292 -0.893997 -0.267023 -0.013741 -0.986185 0.390748 -0.381319 0.382314 -0.739053 0.464526 -0.086897 -0.478152 0.313927 -0.648435 -0.070466 0.942173 0.492867 -0.176838 -0.393000 -0.495862 -0.209083 -0.242106 0.416750 -0.940166 0.435272 0.934164 0.492602 -0.028611 0.698536 -0.503807 -0.901896 -0.451009 0.578558 -0.762077 -0.477112
0.287105 0.983470 0.452170 -0.954941 0.805141 -0.132180 0.818262 0.732062 -0.268316 0.069620 0.210401 -0.564025 -0.674759 0.541648 -0.123656 0.115155 0.778500 0.326131 0.391512 0.536568 -0.769310 -0.793547 -0.834062 -0.954413 0.447477 -0.485889 0.950781 0.081208 0.153208 -0.295709 0.771859 -0.918671 0.120325 0.617823 0.282084 0.339948 0.521611 -0.304119 -0.641732 -0.607781 0.581231 -0.590078 0.568762 -0.225328 0.653890 0.345826 0.151568 0.324635 0.701829 0.022952
0.105010 0.761026 -0.215650 -0.915281 0.797572 0.314120 0.666965 -0.265408 -0.641903 0.317819 0.896913 -0.229897 -0.784426 -0.234034 0.665204 0.806989 0.423955 0.736690 -0.520483 0.172174 -0.290953 -0.145817 -0.816665 -0.031001 0.583035 0.822390 -0.737953 0.621903 -0.441185 0.542242 -0.045291 -0.459248 0.660195 -0.324930 -0.103443 -0.659214 0.754273 -0.495666 -0.238572 0.303094 -0.507127 0.620178 -0.901631 -0.342862 0.486972 0.776919 0.208915 0.958288 -0.121560 -0.909276
0.721686 -0.519400 0.952465 -0.316914 -0.299525 0.638998 0.924409 -0.440923 -0.203255 0.507620 0.667285 -0.522945 0.681768 -0.538097 0.482632 0.047006 0.220588 0.069880 -0.560162 -0.257939 0.016577 -0.404431 0.206436 -0.161650 0.062959 -0.128105 0.156285 0.121738 -0.500856 -0.428374 0.365913 0.167107 0.872163 0.793272 0.814730 0.031573 0.177833 0.860063 -0.735178 0.626213 0.379685 -0.708308 0.754721 -0.202133 -0.076177 0.101127 0.399408 -0.946341 0.355262 -0.221499
-0.223585 0.097821 -0.928093 -0.330127 -0.540109 -0.117626 0.493545 0.809509 -0.330451 -0.267875 -0.319830 0.588414 -0.897494 -0.822788 -0.434711 0.514820 -0.849286 -0.661659 -0.160456 0.812391 -0.058832 -0.757146 0.252863 -0.972141 0.590905 -0.786243 -0.488495 -0.556356 0.106105 -0.146768 0.345011 -0.744661 -0.730863 -0.917437 0.785081 -0.673476 0.270156 -0.844599 0.887634 -0.728114 -0.607634 0.902667 -0.906827 0.593155 0.153028 0.916518 -0.027128 -0.573943 -0.265460 0.617252
-0.235125 0.302170 -0.782173 0.749505 0.657626 -0.897904 0.036788 0.111159 0.453053 0.667820 0.323963 0.368636 0.258360 0.046849 -0.639893 -0.129754 0.757048 -0.385895 0.952890 0.441041 -0.508171 -0.039671 0.926779 -0.937717 0.230214 -0.796535 0.290379 -0.817620 0.370432 -0.431442 -0.820929 0.408113 -0.930791 0.049006 0.692859 -0.386060 0.591963 0.847695 -0.179397 0.812337 0.318220 0.889138 0.448007 -0.002745 -0.900573 -0.580925 -0.248553 0.532816 0.128510 0.629577
0.407538 -0.196382 0.720845 0.360249 0.783939 -0.203094 0.138419 -0.948961 -0.597833 -0.064422 -0.555396 -0.871911 0.876924 0.846097 -0.843897 -0.221394 -0.747840 -0.588605 0.186463 0.129790 0.949029 -0.205527 0.410433 -0.472572 -0.091931 0.802885 -0.680389 0.766464 -0.869988 0.561462 0.447374 -0.954511 -0.050119 -0.182299 0.595052 -0.432331 0.422156 0.112515 -0.093377 0.975655 0.087513 0.756716 -0.015248 0.923465 0.483898 -0.503720 0.915382 0.628393 -0.769710 0.125995
0.645514 0.638899 0.138472 0.461325 0.889904 -0.748540 0.973537 -0.616458 -0.781648 -0.596298 -0.482176 0.618157 -0.150996 -0.876939 -0.309843 -0.778075 0.706507 -0.500554 -0.114686 -0.952353 -0.499032 0.053403 0.049463 -0.447845 -0.847160 0.923907 -0.255704 -0.012696 0.279665 -0.558600 0.303995 -0.364446 0.358440 -0.813861 -0.281373 0.336563 -0.794351 0.561676 -0.860187 0.614857 -0.493358 -0.702115 -0.739647 0.982911 0.727932 -0.724261 0.505065 0.944239 0.192311 -0.915331
0.249612 0.987429 0.984879 0.679167 -0.112006 -0.398578 -0.077810 0.762341 0.507610 0.276609 0.739324 -0.458818 0.862699 0.861298 -0.663898 -0.177775 0.848456 0.715033 -0.484152 0.870593 -0.391670 -0.641858 -0.937936 0.402382 -0.338662 0.143273 0.128720 0.610710 0.239148 -0.859432 0.310561 -0.357697 0.082032 0.489338 -0.241862 -0.980579 0.589911 -0.623245 -0.392819 -0.651674 -0.358845 0.535055 0.343563 -0.730571 0.721023 -0.957021 0.262421 -0.894917 -0.179617 -0.073584
0.291733 0.340404 0.453683 -0.750532 0.415224 -0.386512 0.570882 0.436550 -0.235431 0.232783 0.412355 -0.566418 0.751548 -0.162065 0.786644 0.224507 0.282402 -0.292255 0.714592 -0.674159 -0.340911 -0.722492 -0.960604 -0.936944 -0.711350 0.081308 0.484568 0.516475 0.018612 0.674562 0.706609 0.212436 -0.869110 0.032793 -0.967417 0.391556 -0.046620 -0.845829 -0.880438 0.030140 0.237149 0.828986 -0.242390 -0.267408 -0.139770 -0.029142 0.002043 -0.836437 0.654191 -0.003622
0.810700 -0.114196 0.548422 0.078335 0.561666 0.294030 0.277211 0.194760 -0.861564 0.580751 -0.166856 -0.109792 0.257548 0.818845 0.257692 -0.330798 0.611639 -0.302662 -0.539772 -0.071830 0.648782 0.120706 0.958584 0.082444 -0.498140 -0.452282 0.981209 0.217557 0.905508 0.886662 0.527472 -0.903125 0.854165 0.555761 0.176284 -0.468695 -0.086518 -0.358042 -0.870242 0.601154 -0.192060 -0.206851 0.831921 0.411905 0.805344 0.511193 0.703953 -0.765914 0.164344 0.882445
-0.702284 -0.698242 -0.612551 0.471146 -0.090019 0.386486 -0.941398 -0.648217 0.157445 -0.277936 -0.452079 -0.354593 0.849555 -0.069258 0.669832 -0.091370 -0.931408 -0.046806 -0.303212 -0.361798 0.714099 0.212601 0.775538 0.974945 -0.351890 -0.571710 -0.994564 -0.950709 -0.640054 0.133227 0.813886 -0.185332 -0.368153 0.271257 0.387912 0.778966 0.001861 -0.887456 -0.029008 -0.048935 -0.681028 -0.437719 -0.753716 -0.067344 0.566723 -0.053169 -0.292425 -0.104798 0.866636 0.540102
-0.417959 0.114152 -0.604089 -0.678221 0.128153 -0.410989 -0.233902 -0.197206 -0.795520 0.074685 0.959392 -0.102790 0.222154 0.894001 0.059274 -0.603554 -0.010519 -0.905237 0.424416 0.508895 0.094707 -0.126083 -0.294577 -0.006250 -0.037430 0.829984 0.060966 -0.926505 -0.071419 -0.723731 -0.780709 -0.432295 0.046406 0.814524 -0.162250 -0.369141 -0.463557 -0.393007 0.660529 -0.621405 0.810976 -0.621017 0.653646 0.100056 0.799572 0.572574 0.924146 0.738742 0.607590 -0.959393
-0.045455 0.924516 -0.691147 0.281414 -0.070814 0.182441 0.520071 -0.928095 -0.935661 0.602515 0.857090 -0.702743 0.867050 0.938371 -0.454728 -0.214080 0.293327 0.467487 0.988313 0.259770 -0.358683 -0.501713 0.749525 0.239088 0.140508 0.017802 -0.591837 -0.460517 -0.858474 -0.568442 -0.302344 -0.304044 -0.506437 0.038108 -0.500504 -0.405429 -0.853024 -0.680620 0.569404 -0.567094 0.318923 -0.177189 0.481099 -0.769610 0.914472 0.737089 0.022688 0.293321 -0.308908 -0.145021
0.080713 0.040848 -0.742509 -0.094583 -0.460270 0.381907 0.223936 -0.694425 0.234444 -0.806125 0.979788 0.385733 0.191941 -0.736567 0.202028 0.125586 0.013788 0.771776 -0.704169 0.562511 -0.205766 -0.673045 -0.517158 0.981197 -0.298791 0.184050 0.911766 -0.193756 -0.655799 0.839963 0.197669 -0.367626 0.905191 0.305883 -0.979479 -0.977968 -0.475658 0.022952 0.497619 -0.009942 0.585261 0.275688 0.900678 -0.620313 0.962693 0.686395 -0.573607 0.737927 -0.372385 -0.932140
0.311422 0.007463 0.488385 -0.469998 -0.417976 -0.468664 -0.619515 -0.717167 0.370640 0.450342 -0.036289 -0.507009 -0.070688 -0.688782 0.871041 -0.741312 -0.142982 0.667709 -0.710953 -0.695292 0.311792 0.929887 -0.269978 -0.563037 -0.785109 -0.226744 0.693557 0.154049 -0.535629 0.000377 -0.636555 0.879205 0.477725 0.551072 -0.394670 0.662390 -0.817333 0.855822 0.163743 0.406598 0.903680 0.954938 -0.744956 -0.652314 0.492402 -0.198845 -0.488852 0.674601 0.323671 0.616870
-0.376653 -0.479319 0.534136 0.376074 -0.221372 -0.842241 0.360771 0.314300 -0.053292 -0.490857 0.260252 0.063534 -0.561196 -0.469287 0.173858 0.140075 -0.178536 -0.625515 0.176430 -0.528594 0.903419 0.713804 -0.104651 0.743173 0.946337 -0.743171 0.711473 0.015107 0.080229 -0.467197 0.645135 -0.369819 0.438875 -0.240876 0.363017 -0.298415 0.081092 -0.075427 0.048394 -0.480818 -0.908004 0.050800 -0.694286 0.233899 -0.576443 -0.794041 -0.171123 -0.565070 -0.474393 -0.927681
-0.722894 -0.570196 0.264198 0.169685 0.530443 0.390062 0.020178 -0.473716 0.480324 0.245725 -0.278177 -0.346770 0.566112 -0.690575 -0.794762 -0.529319 0.547454 0.073144 0.644498 -0.578184 -0.960843 0.261422 0.171542 0.064796 -0.681888 -0.612334 -0.937044 0.472753 0.411805 0.253310 -0.949041 0.243615 -0.046707 -0.792191 -0.969897 0.261310 -0.091473 -0.019492 -0.951430 -0.324700 0.087721 0.848726 0.797146 0.522422 -0.998495 0.770826 0.082855 0.578223 0.464871 -0.330520
0.115927 -0.376441 0.601539 -0.758613 -0.750938 0.163043 0.163828 -0.335390 0.637828 -0.895230 0.595837 -0.079749 -0.379765 -0.495878 0.926874 0.787443 -0.389467 0.364028 -0.651257 0.196553 0.007096 -0.316404 -0.040493 0.548756 -0.563834 0.640912 -0.522511 -0.601618 0.773744 0.529027 0.975497 -0.580970 -0.178391 -0.632860 -0.345906 -0.183093 -0.685087 0.706457 -0.909210 0.087292 -0.632057 0.607258 0.982881 -0.065579 -0.556413 -0.445265 0.211278 -0.694396 -0.365287 0.809758
-0.622289 0.584032 0.119821 -0.371035 -0.860461 -0.121927 0.614967 0.876841 0.994467 0.073078 0.725426 -0.051501 -0.167400 0.158133 -0.527733 -0.736609 -0.596078 0.879373 -0.125858 0.706413 -0.747160 0.819284 0.389173 -0.595793 -0.313085 0.922715 0.203841 -0.993934 -0.546912 -0.577113 -0.167095 -0.001063 0.314482 -0.595790 -0.810311 -0.278135 0.914996 0.946188 0.978439 -0.847890 -0.335707 -0.456106 -0.285823 0.751376 -0.697604 -0.930638 -0.901629 0.514987 -0.077498 0.489242
0.049725 -0.419142 0.561564 -0.973212 0.827631 0.190569 0.799869 -0.866298 -0.676651 0.633702 0.247753 0.129372 0.151544 -0.472273 0.660243 0.501130 -0.118560 -0.966345 0.488638 -0.759028 0.210660 -0.407171 -0.394713 -0.905479 0.641695 0.047131 0.068106 -0.922886 0.907297 -0.946796 -0.613409 0.694210 0.709919 -0.949600 0.697845 -0.004964 0.536795 0.305624 -0.228260 0.186852 -0.619988 0.718556 0.688548 0.963203 -0.752195 -0.228817 -0.947363 -0.827936 0.413232 0.303555
0.801444 0.519189 -0.632790 -0.850053 0.099188 0.384650 -0.882246 -0.116132 0.555874 0.176441 -0.181502 -0.842530 -0.277476 0.248440 -0.354790 -0.605404 0.965721 -0.991453 0.041359 -0.757639 0.021886 -0.095647 0.175419 0.351883 -0.421477 -0.766432 -0.595019 -0.489002 0.058841 -0.587140 0.431962 -0.172443 0.083943 -0.648762 0.990006 0.868368 -0.252745 -0.610005 0.186173 -0.709081 -0.010735 -0.856782 -0.742583 0.427411 0.168781 0.142299 0.109695 0.341132 -0.629572 0.941036
0.668651 0.015730 0.746198 -0.438517 -0.880721 -0.984387 -0.895539 0.023914 -0.475125 -0.445005 -0.735221 0.450599 -0.661674 0.882104 0.133092 0.633909 0.051421 -0.599822 0.452921 0.764031 -0.784022 -0.996462 0.716107 0.934381 0.407272 0.078258 -0.692804 -0.732354 -0.458224 -0.596767 -0.790032 0.639526 -0.284007 0.426072 -0.085602 0.376847 0.889910 -0.617149 -0.754926 0.884627 0.010006 -0.008376 -0.740468 0.226976 -0.365867 -0.353402 0.235826 0.731313 -0.372690 -0.555233
0.773209 0.719537 0.825652 -0.106003 -0.741427 -0.487474 0.677481 -0.489998 0.372048 -0.027478 -0.492964 0.857500 -0.539365 -0.817217 0.592516 0.163578 -0.290241 0.610443 -0.957586 -0.768070 0.317699 0.282777 0.703188 0.532421 0.430729 -0.938280 0.220871 0.510969 0.321826 -0.806147 -0.258671 0.075496 -0.394796 0.053161 0.359388 0.243787 -0.115394 -0.481066 0.458564 -0.161537 -0.505278 -0.272821 -0.283090 0.708067 0.074882 -0.731348 0.798982 0.713302 0.087334 0.946295
0.751884 -0.566720 -0.677306 -0.759307 -0.384464 0.149433 0.192726 0.948681 -0.579438 -0.930621 0.886289 0.958712 0.143678 0.379075 -0.118823 -0.647825 -0.034384 0.714645 0.467363 -0.605886 0.128515 -0.462638 -0.602552 -0.853096 -0.408378 -0.275878 -0.825467 0.255470 -0.716637 0.567517 0.316852 -0.226960 0.896386 -0.644358 -0.710737 -0.383768 0.364948 0.972599 -0.917814 0.823421 -0.662557 -0.371462 0.845393 -0.939535 -0.432468 -0.671805 -0.669619 0.108732 -0.925182 0.480393
0.383864 -0.395123 -0.305527 -0.652490 -0.889701 0.217391 -0.636440 0.339405 0.424274 0.516034 0.346058 -0.070889 -0.235802 -0.625395 -0.214525 0.413528 -0.924217 0.832315 -0.252430 -0.031609 0.956287 0.093501 0.742623 0.808686 0.367573 -0.425330 -0.285533 0.736919 -0.858819 -0.810259 -0.105953 0.331921 -0.860382 -0.501594 -0.594767 -0.027334 -0.221205 -0.084326 0.925423 -0.400983 -0.073059 -0.690251 0.921570 -0.613883 -0.130952 -0.689356 -0.467057 0.791106 -0.531437 0.929883
-0.896020 -0.679590 -0.954595 -0.365254 -0.085597 0.895418 0.955272 -0.826409 0.006515 0.840704 0.198300 0.510996 0.218473 0.614842 0.900889 0.776379 -0.289875 -0.548975 -0.265438 0.724768 -0.889872 0.836064 0.709754 0.867227 0.112717 -0.760149 -0.544683 0.971190 -0.247497 -0.781237 -0.887055 0.187270 -0.373223 -0.825284 -0.467031 -0.718270 0.831326 -0.541059 -0.403311 0.390414 -0.931472 -0.104678 -0.335509 0.102384 -0.172952 0.230640 -0.518468 0.043809 0.431431 -0.648837
-0.225566 0.645297 -0.124007 -0.343827 -0.339454 0.990230 0.971245 0.417557 -0.487405 -0.399307 0.167423 -0.147177 -0.102145 0.010818 0.352807 -0.473846 0.632235 0.760622 0.843197 -0.234303 -0.807373 0.030543 -0.974149 0.365790 0.365220 -0.366404 0.465304 0.224807 -0.315429 -0.548014 0.046679 0.567904 -0.998594 0.376269 -0.512276 0.497436 0.646325 -0.176567 0.778347 0.856858 0.487213 0.833392 -0.875332 -0.128863 -0.555039 0.760810 -0.455949 -0.355801 0.433840 0.843790
-0.648633 0.997404 0.349184 0.956842 0.441646 0.019337 -0.767056 -0.746500 -0.519052 -0.652500 0.025005 0.440636 0.175770 0.063152 -0.665604 0.188659 -0.050492 -0.805220 0.510735 0.745121 0.352896 -0.451413 0.145742 0.417143 -0.296603 -0.777053 0.027638 -0.725285 0.028162 -0.503113 -0.058994 0.471414 0.716615 0.065378 0.810484 -0.477460 0.729944 0.721856 0.203054 -0.245414 0.225778 0.955911 -0.118565 0.615302 0.611276 0.067732 0.718817 0.764650 0.946757 -0.557398
-0.148659 0.737160 -0.028400 0.843951 0.929232 0.042529 0.168413 0.605196 -0.946334 -0.082231 0.151681 0.061656 -0.124287 -0.608221 0.292064 0.399431 0.614473 0.924536 -0.657073 0.974989 0.576114 0.296772 -0.592807 -0.522930 -0.936527 -0.459962 -0.220544 -0.029458 0.254298 0.914554 0.794983 0.660901 -0.763848 0.488769 0.493971 -0.904725 0.767338 0.018551 0.379828 0.487686 0.739015 -0.063064 -0.026229 0.894780 0.345386 0.524787 -0.832566 -0.772714 0.630722 -0.640181
-0.149059 0.954817 -0.872031 0.091383 -0.841414 0.957549 0.521128 -0.408188 0.422839 0.900774 0.668119 0.135464 0.677496 0.848257 -0.771537 -0.346257 -0.036980 0.684794 0.401960 -0.766210 0.571882 0.275106 -0.762931 -0.144468 -0.394015 -0.359303 0.240039 -0.394358 0.694708 0.502150 0.250650 -0.420275 -0.338868 -0.579158 0.966673 0.878609 -0.004187 -0.734864 0.790702 0.320801 0.514172 -0.393017 0.182688 0.293552 0.365807 -0.297271 0.554483 0.439905 -0.427542 -0.206395
-0.836557 0.387735 -0.527431 -0.083831 0.219681 0.764998 -0.745624 -0.128016 0.040318 0.109958 -0.973852 0.113386 0.307856 -0.488176 0.052783 0.174010 -0.743760 0.534306 -0.473792 -0.339384 0.316793 -0.870989 0.042442 -0.836800 0.303450 0.529174 -0.422920 -0.686845 0.917157 0.576141 0.068110 0.062668 -0.095250 -0.610884 0.173242 0.558791 0.793780 -0.326280 0.515956 -0.886716 -0.208152 0.108229 0.260529 0.786997 -0.959666 -0.365101 -0.296620 0.373060 0.562293 0.610189
-0.353196 0.748504 -0.090533 0.026549 -0.108349 0.042496 -0.497262 -0.085272 -0.489762 -0.054675 0.810088 0.628376 0.264341 0.828353 0.633718 0.892707 -0.614032 0.194411 -0.495490 0.006281 -0.472680 0.502676 0.686400 -0.279391 -0.600044 0.605182 0.562644 -0.854898 -0.546860 -0.043755 0.302104 0.154564 0.347955 -0.445044 -0.716883 0.350797 0.524825 0.437947 -0.447665 0.575171 -0.290159 -0.792114 -0.591034 -0.858680 0.648043 -0.311402 0.983813 0.275961 0.479527 -0.810929
0.517937 -0.173845 -0.252654 0.548792 0.765682 -0.142372 -0.585758 0.823218 0.263287 0.360923 -0.144080 0.385825 -0.355051 -0.229348 0.932462 0.404472 -0.126362 -0.393520 -0.557534 0.902238 0.235531 -0.615486 -0.919382 0.914415 0.777372 -0.704750 0.252556 -0.442897 -0.668664 0.656622 -0.184758 0.906767 -0.056609 -0.062245 0.837873 0.815441 0.367414 -0.048243 -0.442559 -0.261012 -0.399550 0.505977 0.880050 0.658074 -0.559779 0.155792 -0.289350 0.999620 -0.382481 0.853051
-0.889740 -0.799189 -0.258232 -0.973129 0.358560 -0.150558 0.480335 0.377476 0.180711 -0.200022 0.006147 -0.371880 -0.908994 -0.521633 0.160802 -0.691992 -0.429183 -0.167205 -0.457887 0.336362 -0.666563 -0.948544 -0.768319 0.084583 -0.108240 0.290615 -0.822421 0.930443 0.318203 -0.458924 -0.979004 0.205739 -0.411602 0.551021 -0.191356 -0.612261 0.543631 -0.150631 -0.906925 -0.732461 0.249265 -0.360435 0.679462 -0.977809 -0.266066 -0.086927 -0.651758 0.296775 0.443793 0.819694
0.998700 -0.247732 0.400189 0.289272 -0.619245 -0.976809 0.403178 -0.438329 0.217872 0.342422 0.471208 0.400567 -0.032687 -0.132141 0.462226 -0.244696 0.357162 0.552297 0.273445 -0.987105 -0.769109 -0.561017 -0.094807 -0.600150 -0.120136 0.545229 0.272692 0.166829 0.374674 0.427146 -0.254351 0.979668 0.264496 0.751975 0.126792 -0.282734 0.494883 -0.907032 -0.796727 0.516826 0.777685 0.478192 0.851473 0.757470 -0.418517 -0.971052 0.132072 0.842352 -0.396638 -0.921351
0.524789 0.097474 0.740241 0.068260 -0.527756 0.119763 -0.245606 -0.143487 -0.670512 0.815674 -0.308752 0.709137 0.583339 -0.755053 0.662615 -0.994864 0.651925 -0.866657 -0.284789 0.182856 0.429239 -0.969526 0.224648 -0.211642 0.686625 0.669293 -0.057754 -0.305777 -0.719132 0.786233 -0.294899 -0.093828 0.687648 0.963659 -0.352207 0.292361 -0.395666 -0.154507 0.505700 -0.005078 0.198661 -0.434734 -0.966893 0.313273 0.059279 -0.604135 0.568121 0.708230 0.975860 -0.157126
0.697350 -0.893694 0.898601 0.453942 0.357198 0.278501 0.148682 -0.816587 0.466355 -0.648460 0.683356 -0.577265 -0.279468 -0.942587 -0.979898 0.916287 -0.879079 -0.675951 0.753744 -0.951906 0.219882 0.622105 0.548146 0.770877 0.288728 -0.355862 0.691499 0.724567 -0.113132 0.110188 0.564178 0.937391 0.983580 0.835152 -0.284177 -0.716350 0.731558 -0.566009 -0.122382 -0.507874 -0.314476 -0.312187 -0.039642 -0.813701 -0.770323 0.276050 0.307931 -0.127138 0.549615 -0.477163
0.413455 -0.079823 -0.560652 -0.008282 0.371332 0.916828 -0.414691 0.650323 0.888006 0.999003 -0.091526 -0.539702 0.652135 0.837624 0.803510 0.051902 -0.440798 -0.972879 -0.286935 -0.512855 -0.233076 -0.271460 0.473432 -0.298031 0.695360 0.269091 -0.582689 -0.190516 -0.127552 0.088134 -0.049528 -0.675684 -0.259755 0.786260 -0.723813 0.556670 -0.877947 0.083479 -0.593248 0.941635 0.432579 -0.953542 0.814429 -0.234950 0.940841 0.905710 -0.093412 0.469940 0.586031 -0.407521
-0.334282 0.623201 -0.810489 -0.444349 -0.460049 0.872822 -0.165469 -0.054956 0.470949 -0.857828 -0.706167 -0.070153 -0.588130 0.141589 0.814821 -0.465153 -0.689877 -0.048044 -0.440483 -0.892651 -0.831533 0.372130 -0.401546 0.779037 -0.144300 -0.272769 0.645231 0.540264 0.437649 -0.858995 0.609656 0.245501 -0.798535 -0.061265 0.107739 0.590808 -0.468479 0.449284 -0.549202 0.354256 0.655192 -0.821780 0.106659 0.546000 -0.650072 -0.287509 -0.898987 -0.477123 0.378205 -0.734936
-0.503241 -0.533055 -0.751881 -0.208731 -0.053580 -0.912476 0.591173 0.152282 -0.071249 -0.694439 0.322354 -0.185962 0.244937 0.889420 -0.003255 -0.732902 0.121560 0.185430 0.647300 -0.786370 -0.622238 0.157620 -0.341755 -0.506509 -0.736712 -0.718753 0.989477 -0.303343 0.898650 0.210011 0.974965 -0.361588 -0.780786 -0.910378 -0.711913 -0.977004 -0.830272 0.168699 -0.871510 0.203731 -0.317174 -0.530141 0.825079 -0.720670 0.321399 -0.892269 -0.064801 -0.476941 0.592387 0.172842
0.655820 0.082007 -0.162746 0.686054 -0.397375 -0.172746 -0.435907 -0.111909 -0.481709 -0.293682 -0.982995 0.830851 -0.193575 0.157553 -0.039701 -0.130932 -0.203712 0.764515 0.543076 -0.704237 0.396120 0.985089 0.781091 -0.423443 0.957040 -0.860264 -0.412471 0.479320 -0.358198 -0.810752 0.923012 -0.240871 -0.656157 -0.178083 0.609725 0.434458 -0.701431 0.378311 -0.167998 -0.554742 -0.003952 -0.592609 0.859381 0.719322 0.653205 0.709824 0.851949 0.901310 -0.534692 -0.832091
-0.413870 0.999632 0.653767 0.741967 0.741770 -0.941036 0.079232 0.766448 -0.314462 -0.988883 0.348875 0.827901 -0.639216 -0.033027 -0.028198 -0.848452 -0.776096 -0.772901 -0.219825 -0.062056 0.052609 -0.283160 -0.049306 0.109478 -0.589226 -0.972063 0.874022 0.563286 0.640506 -0.955709 -0.969401 0.264991 -0.497947 -0.920837 -0.104496 -0.626350 0.334020 -0.042008 -0.956088 -0.896756 0.930779 0.561591 -0.465740 -0.544679 0.647763 -0.267268 -0.358603 -0.383892 -0.239545 -0.273746
-0.820842 0.433413 0.520173 0.816416 -0.871231 -0.845923 0.048889 -0.885766 0.207795 0.962749 0.772110 -0.330583 0.512579 0.835863 -0.020267 -0.448535 0.700911 0.913432 -0.427312 -0.320273 -0.554464 0.043751 -0.241292 -0.002169 -0.634249 0.031665 0.353856 0.969760 0.997805 0.900423 -0.243041 -0.742301 0.207002 -0.399435 -0.198800 0.167477 0.340127 -0.796848 0.202102 0.287287 -0.139199 0.411945 0.079433 0.557924 -0.971566 0.820538 -0.152675 -0.986113 0.818416 -0.491194
0.027626 -0.093617 -0.394535 -0.741448 -0.071790 0.838415 -0.554343 -0.861765 -0.454357 0.751230 -0.511255 -0.186196 -0.550860 -0.137272 -0.922719 -0.666619 -0.527246 -0.147107 0.898547 -0.975897 0.295846 0.287013 -0.819922 -0.771201 -0.468268 0.857790 0.361873 0.266413 0.549485 0.941607 -0.868516 0.982519 0.862467 0.174877 -0.174416 -0.419818 -0.739133 -0.722713 0.835125 0.348994 0.857850 -0.164536 -0.837924 0.994218 -0.848842 0.232889 -0.647816 -0.841703 -0.589371 0.232281
0.608647 0.691204 -0.661304 0.821045 0.435212 -0.687175 -0.998165 -0.605247 0.381050 0.425655 -0.582067 0.134966 0.730604 -0.256458 0.221021 -0.886983 0.851087 0.411572 -0.613366 0.324588 0.985430 0.661302 0.375880 -0.028291 -0.850531 -0.866077 -0.799654 0.505091 -0.791903 0.958608 0.287554 -0.131162 -0.704098 -0.151145 -0.142403 -0.699366 0.469623 0.589140 0.926587 0.231951 0.326942 0.340618 -0.024394 -0.214703 -0.638111 0.044369 0.040362 0.737189 -0.361711 0.474409
-0.909723 -0.194215 -0.150665 -0.753598 0.699409 0.167668 0.052618 0.936281 -0.637643 -0.293968 0.584386 -0.828396 0.902834 0.715256 -0.929147 -0.710049 -0.417274 -0.441413 -0.665160 -0.701463 0.209361 -0.444543 0.410033 -0.652260 0.422805 0.056307 0.222916 -0.137029 -0.333459 -0.517383 0.503868 -0.673871 -0.169874 -0.122155 -0.159927 -0.248217 -0.881391 0.904973 0.286095 -0.763213 0.724296 0.132756 -0.509659 -0.886051 0.643721 0.268542 -0.068719 0.729300 -0.143765 -0.959633
-0.710666 0.346363 0.531013 0.890015 0.864754 0.156966 -0.644966 0.414657 -0.091886 -0.970644 -0.372924 0.520160 -0.365313 -0.568788 -0.197182 0.846974 0.555097 -0.571235 0.241356 -0.023148 0.703099 -0.560469 0.927931 0.623974 0.625934 0.865109 -0.555470 -0.627907 0.363293 0.944918 -0.069579 -0.963114 0.612906 -0.106570 -0.095092 -0.576544 0.423635 0.142069 -0.397240 0.391859 -0.223286 0.677758 0.924695 0.754037 0.324270 0.619131 -0.763457 -0.556052 0.368589 -0.323740
0.573173 -0.720826 -0.110778 0.407820 -0.589841 0.336070 -0.687185 -0.800935 -0.533086 0.544917 -0.816128 0.863148 -0.602078 0.715783 0.679996 0.859840 0.733871 0.523094 0.502657 -0.475683 0.698680 -0.422108 -0.109602 0.633057 0.706013 0.575274 0.993867 0.733829 0.832741 -0.733866 0.321934 0.647432 -0.183476 0.177719 0.392175 -0.176750 0.964554 0.118247 -0.757714 0.673159 0.061187 0.745176 -0.012268 -0.808672 -0.603020 -0.262026 0.501315 0.607469 0.516525 0.392502
0.157805 -0.820439 0.679688 -0.963406 0.504985 0.077597 -0.763832 -0.562787 0.195187 0.154067 -0.736470 0.079460 0.626966 -0.034503 0.860801 -0.982757 -0.979303 0.826542 -0.443616 0.480547 0.699251 -0.778592 -0.849190 -0.081631 -0.605108 -0.367458 -0.037642 0.269581 0.666869 -0.225483 0.440193 0.651404 0.450922 0.321452 -0.744414 -0.804808 -0.585062 -0.722840 -0.839332 0.214321 -0.637836 -0.550196 0.293285 -0.152692 -0.240216 -0.465932 0.073083 -0.985034 -0.760079 -0.101640
0.081496 0.995417 0.943878 -0.778218 -0.518411 -0.173133 -0.298756 0.107965 -0.753564 0.101533 0.796911 -0.821879 -0.343475 -0.749942 -0.119536 0.414505 0.698958 -0.776466 -0.406803 0.146717 -0.921643 -0.199997 -0.794410 -0.420673 0.750691 -0.564391 0.937754 -0.111143 0.481642 -0.050275 -0.390244 0.837742 -0.922986 -0.120667 0.789324 0.211946 -0.770069 -0.916440 -0.861728 -0.134498 0.466823 -0.592635 -0.206897 -0.798648 0.319742 -0.728856 0.397164 0.794533 -0.250264 0.957746
-0.948776 -0.691336 -0.231734 0.769539 0.812591 0.931444 0.041261 -0.258134 -0.394814 0.432255 0.834116 0.147855 0.001398 0.891625 -0.409101 0.353176 -0.422873 0.799358 0.986075 0.185011 0.615472 0.573994 0.684192 0.312860 0.803877 0.419953 -0.164311 0.514931 -0.887361 0.183946 -0.338906 0.964091 -0.087183 0.338297 -0.541313 0.970519 0.065060 -0.681561 0.420814 -0.464801 -0.854124 -0.403553 -0.152260 -0.018049 0.415913 -0.490304 -0.781420 -0.215076 -0.459024 0.892908
0.609075 -0.819280 -0.029654 -0.259480 0.768343 0.615313 -0.044610 -0.906806 0.600790 0.272754 0.292301 0.524812 0.876432 -0.459066 -0.349289 0.065791 -0.962530 -0.668583 0.779455 -0.057172 -0.840407 -0.441038 0.762376 -0.155588 0.970951 -0.947308 0.725771 0.894424 0.885321 0.299640 0.283091 0.317762 -0.728224 0.253046 -0.386294 0.573599 0.623982 0.625617 -0.794891 0.157538 -0.717645 0.745100 -0.959256 0.389090 0.209221 -0.801326 -0.887104 -0.030368 0.358805 -0.614256
0.426876 0.174653 0.940763 0.352859 0.830377 0.736983 -0.085365 -0.222980 0.020490 0.871187 0.213935 0.467066 0.714196 0.868010 -0.741703 -0.696162 -0.083284 -0.983363 -0.877747 0.406618 -0.665524 0.667909 -0.608932 -0.328688 0.092256 0.294130 0.562382 -0.131397 -0.219397 0.117900 0.872508 -0.266962 -0.489527 0.868152 0.596358 -0.532824 0.155170 -0.732162 -0.897776 0.908770 -0.390411 0.842157 0.206805 0.071575 0.073800 -0.563097 0.983617 0.557061 0.494877 0.761781
0.398303 -0.672120 -0.628800 -0.955868 -0.095192 -0.576811 0.313576 -0.654472 0.492421 0.505829 -0.079591 0.940391 -0.518255 -0.144596 -0.768830 -0.756233 0.475709 0.490999 -0.110212 -0.938627 0.971732 -0.905243 0.987693 0.071933 -0.555302 -0.844365 0.437454 0.406843 -0.274995 -0.901838 -0.634090 -0.023414 -0.945068 0.292446 -0.062391 0.441989 0.672401 0.881434 0.528615 0.251154 0.079643 0.654360 -0.206094 0.449868 -0.507979 0.105458 -0.130333 -0.560888 -0.226163 0.470750
0.356679 -0.319701 -0.325689 0.884666 0.257771 0.094954 0.319997 0.541167 -0.958069 0.787917 0.995501 0.621709 0.876649 0.058955 0.180899 -0.474630 0.219516 0.702522 0.531636 0.597269 -0.006576 0.506882 -0.501908 -0.856594 0.678077 -0.696179 -0.344198 -0.877085 -0.804736 -0.524372 -0.982987 0.558165 -0.885210 0.508407 -0.652614 0.772897 -0.628367 0.410351 0.756986 0.835550 0.455454 0.581461 -0.852190 -0.630405 -0.135286 0.406874 0.137302 -0.054808 -0.263049 -0.182641
-0.796205 -0.238455 0.440875 0.053463 0.656742 -0.912677 0.223177 -0.864766 0.283827 -0.767891 0.364545 -0.755332 0.209191 0.332032 -0.176995 0.247430 -0.224428 0.317935 0.830219 -0.466599 -0.621708 0.956031 -0.161643 0.675785 -0.652726 -0.923467 -0.961083 -0.185390 0.977020 0.944692 0.284715 -0.401999 -0.131183 0.163155 0.166039 0.536429 -0.354683 0.924038 0.536774 0.455542 -0.245904 -0.134601 -0.941711 -0.567830 0.834689 0.760905 0.778030 -0.851197 0.053650 -0.003104
-0.885443 0.805388 -0.060800 -0.839076 -0.730110 -0.313015 0.708072 -0.454017 0.896217 0.722882 0.513582 -0.020618 0.609356 0.212943 0.997579 -0.694390 -0.642525 0.075868 -0.430097 -0.802961 0.926810 -0.112837 0.424479 -0.439408 0.989206 -0.870624 0.097163 0.016596 -0.974586 -0.437454 0.815368 -0.959942 0.319498 -0.146518 -0.535924 -0.377861 0.314515 -0.106880 -0.656221 0.578097 -0.522450 0.113591 -0.156762 0.821187 0.387776 -0.510967 -0.860830 -0.880997 -0.356715 0.002039
-0.328067 0.958259 -0.741454 -0.799119 -0.907303 -0.705441 0.982865 0.404743 -0.517276 -0.638044 0.597258 -0.390240 -0.916921 -0.899446 0.364715 -0.123129 -0.942320 0.567229 0.630619 0.364003 -0.868542 0.863871 0.371575 0.068824 0.335027 -0.608559 0.674837 0.381381 -0.654679 -0.494591 -0.301734 -0.208571 0.967558 -0.177456 -0.911429 -0.246651 -0.212321 -0.642830 -0.597861 -0.894235 0.037380 -0.275263 -0.795682 -0.625972 -0.151697 -0.254427 -0.462854 0.677067 0.339157 -0.544672
-0.670698 0.271413 -0.941625 0.148369 -0.979059 -0.019895 -0.437306 -0.680305 -0.024542 -0.404580 0.350969 0.116709 0.998706 -0.287613 0.367442 -0.030978 0.239996 -0.709738 0.148068 -0.314331 -0.323882 0.406776 0.889804 -0.614399 -0.261498 0.295241 -0.989160 -0.908537 0.990308 -0.970018 -0.551024 0.565099 -0.028947 -0.357391 -0.404543 0.978997 -0.501323 0.878150 -0.899118 0.677310 -0.820426 0.099573 0.677197 -0.012002 -0.664547 -0.690548 -0.686603 0.834336 -0.803322 -0.732361
-0.924311 0.920758 0.437376 0.446271 0.254140 0.217770 -0.275510 0.809205 0.952929 -0.184157 0.634750 0.751366 0.418740 0.580246 -0.617679 0.659950 0.623272 -0.349518 0.504661 -0.344392 0.597541 -0.112907 -0.038829 0.674400 0.977901 0.224001 -0.755738 -0.855547 0.723379 -0.651584 0.912653 -0.434606 -0.586202 -0.877406 0.771365 -0.572906 0.949119 0.295643 -0.356885 0.242282 -0.943672 -0.580828 -0.504879 -0.934771 0.557026 -0.983122 -0.072878 0.594643 0.973156 0.489019
-0.768708 -0.322312 0.589379 -0.302063 0.207079 -0.155635 0.182458 0.181905 0.699843 0.759526 0.377232 -0.911242 -0.777731 0.475817 -0.449934 0.998622 -0.349920 0.055489 0.404791 0.620132 0.070499 -0.764770 -0.372357 0.723031 0.875304 0.117513 0.710843 0.179548 0.314685 0.464599 -0.558692 0.175835 -0.977141 0.727165 0.372996 -0.825574 -0.842535 -0.267049 -0.273570 0.004936 0.070172 -0.318171 -0.467383 0.301317 0.770677 0.524722 -0.171675 0.957141 -0.973561 0.882171
0.507717 0.376272 0.873127 0.381252 0.905076 -0.275997 0.272580 0.647032 0.789200 0.189452 0.195730 -0.234566 -0.121239 -0.886933 -0.324798 -0.618045 -0.696660 -0.840753 -0.685409 0.960072 0.239257 0.174097 -0.462365 0.151157 0.228591 0.334791 -0.990908 0.778157 0.082843 -0.246284 -0.899870 0.390856 0.079311 0.652703 0.958781 -0.187244 -0.024286 0.906247 -0.441222 -0.929349 -0.038366 0.656862 -0.332438 0.819253 0.231858 -0.853524 -0.452758 -0.145781 -0.047364 0.658547
-0.543120 -0.001274 0.922285 0.539514 0.123872 0.926183 -0.254363 -0.722619 -0.766645 -0.619673 0.785943 -0.833772 0.478792 -0.725326 0.842820 0.342489 -0.666989 0.549707 0.829648 -0.763058 0.942872 0.251391 -0.533283 0.967738 0.010702 0.081600 0.642588 0.266908 0.459849 0.454519 -0.162865 -0.252242 -0.635495 -0.093360 0.863733 -0.014992 0.773313 -0.130859 0.918820 0.882076 0.025553 0.232925 -0.546543 0.159266 -0.508149 -0.749489 -0.181463 -0.595814 -0.081914 0.295575
-0.714283 0.504711 -0.225107 0.730155 0.301740 -0.265980 -0.868846 -0.751686 -0.572657 0.675537 -0.114519 -0.505404 0.540744 -0.221399 0.213623 -0.635221 -0.846328 -0.573924 -0.888905 0.873610 0.208146 -0.255246 0.418085 0.913392 -0.032835 -0.071869 -0.913463 -0.009738 0.877556 -0.624931 0.508066 0.974558 0.166901 0.199362 -0.165606 0.740547 -0.738448 -0.973735 -0.582554 0.247305 0.673248 -0.671679 -0.504906 0.187047 -0.082969 0.445232 -0.863362 -0.461196 -0.449922 0.356491
-0.407493 0.245815 0.698737 0.493096 -0.317295 0.984774 -0.439938 -0.861495 0.404427 0.398166 0.845490 -0.937304 0.843382 0.464025 -0.975828 -0.939572 -0.061697 -0.051632 -0.285568 0.751503 -0.317518 -0.518069 -0.626831 -0.520026 -0.692048 -0.287625 0.376950 0.540967 0.127480 0.540703 -0.440560 0.453400 0.204241 -0.275889 0.998247 0.771892 -0.345644 0.429535 -0.472766 0.378451 0.949679 0.317198 -0.082080 -0.781585 -0.302422 -0.448184 0.966219 -0.488535 -0.814611 0.351942
-0.368845 0.931354 -0.831120 -0.846090 -0.765373 0.500672 -0.901880 0.422231 0.042499 0.074959 -0.616348 -0.167181 0.061983 -0.656433 -0.613450 -0.158545 -0.673862 0.326932 -0.080332 -0.026136 -0.100006 -0.766475 0.364703 0.223290 -0.546928 0.257773 0.430768 0.172868 0.306464 0.719430 -0.898125 0.274817 -0.029222 0.785713 0.205857 -0.837003 0.098117 -0.400371 -0.176474 0.113131 -0.888315 -0.199349 -0.649689 -0.602504 -0.693103 0.251361 -0.377639 -0.869455 -0.899732 -0.989192
0.848562 -0.315866 0.626048 0.875507 -0.968494 0.264810 -0.859247 0.198513 -0.653109 0.850806 0.194586 -0.604474 0.255233 0.770332 0.238402 -0.953334 0.360334 0.312959 0.875691 0.908610 -0.125563 0.023737 -0.357220 0.763567 0.377211 0.281225 -0.478851 0.101984 0.297865 0.049524 -0.735333 -0.972600 0.540815 0.150173 -0.258936 0.603027 -0.047123 0.403256 0.995881 0.569375 -0.883023 0.191740 -0.538382 -0.533259 0.928300 -0.505857 0.319068 0.125405 0.815617 -0.975489
0.986020 0.448386 0.401986 0.309991 -0.179152 0.354386 -0.537047 0.141611 0.128538 0.301815 0.447583 -0.224301 -0.838915 0.914290 -0.473060 0.955198 0.695562 0.445343 0.670462 0.732569 -0.373063 0.719591 0.260081 0.627590 -0.087582 -0.181335 -0.712044 0.394376 0.371116 0.688999 -0.435805 0.260884 -0.818254 0.389435 -0.637626 0.343947 -0.604049 -0.757929 0.879750 -0.553074 0.724107 -0.962260 -0.065151 -0.644243 -0.098717 0.475998 -0.113149 0.972224 -0.887812 -0.596291
0.311220 0.299015 -0.604527 0.180395 -0.955347 -0.824991 -0.239973 0.480116 0.399596 -0.446624 -0.774646 -0.738421 -0.983395 -0.512077 0.539522 -0.941236 0.783500 -0.701452 -0.474535 0.051355 -0.580232 -0.325127 0.463265 0.771135 -0.305156 0.406186 0.808327 -0.109376 -0.840517 -0.452887 0.005125 -0.235415 -0.617320 0.727628 -0.358288 -0.011789 -0.639166 -0.176574 0.208856 0.543688 0.105671 -0.496332 0.152011 -0.816643 -0.615873 -0.497391 0.209075 -0.819020 0.298495 -0.676380
0.866267 0.279309 -0.636445 -0.941926 0.662103 -0.891024 -0.620842 -0.056106 -0.339960 0.787179 -0.105046 -0.206633 0.621738 -0.401864 0.595208 -0.693041 -0.679006 0.867032 -0.234515 0.343134 -0.230427 0.053256 0.040045 0.904250 0.390117 0.024838 0.210980 0.901660 0.035431 -0.397867 0.229297 0.303951 0.239956 0.845791 0.044304 0.977585 0.966612 -0.895944 -0.750531 -0.536354 -0.337444 -0.206079 0.087922 -0.859016 0.560211 0.574010 -0.364660 0.150526 0.261947 0.874085
-0.985760 0.391180 -0.604695 -0.588815 0.867230 0.305803 -0.430270 0.918778 -0.360460 0.720402 -0.948109 -0.606845 -0.302546 0.379826 -0.027971 -0.045546 -0.331232 -0.986223 0.632797 0.966577 0.667972 0.590844 -0.035661 0.664112 -0.725319 -0.944954 -0.683874 0.571829 0.245720 0.658272 0.429809 -0.234442 0.375241 0.683263 -0.452218 0.433936 0.907835 0.828749 -0.052570 -0.826666 0.403439 -0.338168 0.688603 0.794394 0.164171 0.819182 -0.794567 -0.617597 -0.927575 -0.253066
0.244266 -0.081329 0.961387 0.356054 0.289905 0.481582 -0.776165 0.573968 -0.111628 -0.599345 -0.107952 -0.902463 -0.177587 0.887193 -0.684489 -0.259929 0.872930 0.590939 0.882992 -0.519233 0.330481 0.901236 -0.479287 0.586820 -0.792908 -0.238785 0.225886 -0.176614 -0.977854 0.373302 -0.420840 0.960124 0.764355 -0.588948 -0.150359 -0.002028 -0.275404 -0.539248 -0.705915 0.787956 0.853423 0.357743 0.476938 -0.831084 -0.468679 -0.935990 0.844778 -0.987057 0.487926 -0.397687
-0.703242 0.292177 0.612980 0.124990 0.044792 0.412244 -0.363108 0.719800 -0.658757 0.163975 0.462776 0.520479 0.996267 0.264856 -0.502773 0.419216 -0.395835 0.668464 -0.209153 0.017498 -0.679400 0.735042 -0.815175 -0.180071 -0.178833 -0.695869 0.247695 0.274085 -0.057275 -0.598079 -0.606930 0.101986 -0.399044 0.728882 -0.817220 0.025519 -0.595249 -0.335850 0.295072 0.074815 -0.697202 -0.173709 -0.765629 -0.292037 -0.338277 0.564238 -0.216173 -0.005882 0.993004 -0.031850
-0.708086 0.549520 0.862919 -0.938314 -0.099080 -0.338761 -0.137943 -0.315900 -0.706517 0.199476 0.224936 -0.660242 -0.745832 0.036869 -0.416730 0.336456 0.243986 -0.795334 0.373483 0.829870 0.910550 -0.027494 -0.823110 -0.429255 -0.180292 -0.985311 -0.627988 0.058036 -0.720593 0.859150 0.382283 -0.556668 0.460522 -0.787481 -0.633503 0.239924 0.237111 0.951904 0.694759 -0.298414 -0.452325 0.078666 0.779158 -0.310746 0.103114 0.662735 -0.717783 -0.277611 0.001163 -0.502123
-0.799936 0.454086 -0.201584 0.918515 -0.715881 0.995627 0.426048 -0.512314 0.850916 0.185074 0.279735 -0.988155 -0.976594 0.052552 0.296276 -0.669770 0.977769 -0.847173 0.071433 -0.532220 -0.311446 0.678804 -0.736922 -0.283276 0.238408 -0.333411 -0.271260 -0.948449 0.160513 -0.314892 0.412018 -0.779146 0.617430 -0.428867 -0.321677 0.879967 -0.893197 -0.894502 -0.356253 0.525728 -0.939477 -0.738951 0.782783 0.387943 0.576269 -0.310810 -0.941755 0.675033 -0.310064 0.071292
-0.701282 -0.347859 -0.513435 -0.267523 -0.573189 -0.026905 0.594992 -0.766168 0.651553 -0.265413 -0.851452 -0.688138 -0.045548 -0.285848 0.290318 0.011975 0.348513 0.593997 0.523498 -0.115939 -0.611488 0.857807 0.235584 -0.835901 0.875908 -0.340376 0.442368 0.554995 -0.763226 0.326252 -0.669338 -0.432968 -0.423670 -0.430100 0.360779 -0.133470 0.135338 -0.614896 0.548659 0.943483 0.216880 -0.017527 0.974612 0.877254 -0.540573 0.428315 0.478048 0.663413 -0.151406 0.290456
-0.066438 -0.921111 -0.809436 0.321557 0.973185 0.311054 -0.368293 -0.736918 0.553644 0.712771 0.879427 0.633213 0.767975 -0.457546 -0.825678 0.613607 -0.960444 0.486366 0.350205 -0.805176 0.201297 -0.904750 0.673797 -0.756483 0.131867 -0.035226 0.799408 0.751843 0.585388 -0.851234 0.752139 -0.305085 -0.330495 -0.092843 0.533881 0.114205 -0.652771 -0.732252 -0.128893 -0.698927 -0.566738 0.648044 0.347913 0.494019 -0.955857 0.427028 -0.928754 -0.044196 0.221215 -0.854531
0.228442 0.068925 -0.963632 -0.977151 -0.928067 0.364538 -0.420766 0.442022 -0.319911 0.066564 0.685629 -0.360852 -0.697499 -0.623239 0.606523 0.390553 -0.026513 0.929176 -0.881820 -0.646994 0.039280 -0.982552 -0.469822 0.235633 0.903931 0.375308 0.374488 0.410990 0.457419 0.212838 -0.111436 -0.678696 -0.014946 0.667913 0.611018 0.402074 0.210899 0.733267 0.086041 -0.330431 -0.804087 -0.271661 0.051422 -0.292555 0.069094 -0.124830 0.863001 0.701323 0.032998 -0.606657
0.356704 -0.676020 -0.627408 0.267783 0.427427 -0.370602 0.680250 0.371873 0.674214 0.603171 -0.091762 0.902460 -0.508166 0.477182 0.002869 0.492850 -0.745083 -0.662266 -0.531030 -0.712146 0.328102 -0.805844 0.736710 -0.581739 0.487878 -0.950701 -0.129788 0.975557 -0.363569 -0.269235 0.427682 -0.133959 -0.689916 -0.213537 0.010159 -0.181721 0.464543 -0.965389 -0.552965 0.846439 -0.384951 -0.939924 -0.518861 -0.061622 0.823182 0.310313 0.154615 -0.833829 0.643532 0.907392
-0.889962 -0.661567 0.901048 -0.433903 -0.638275 0.274755 -0.345774 0.260454 -0.915984 -0.804804 0.197733 0.358007 0.698166 -0.461205 0.134627 -0.132689 -0.090172 -0.809880 -0.499119 0.808951 0.757098 0.526799 -0.105100 0.975343 0.488694 0.015135 -0.331609 0.714363 -0.253160 -0.516685 -0.514508 0.097298 0.334884 -0.455787 -0.574166 0.627048 0.731012 -0.446925 -0.871296 0.309177 0.655711 0.301906 -0.075030 0.463861 -0.367622 0.205404 -0.900594 -0.337635 -0.523613 0.529559
-0.455215 -0.239131 -0.087874 -0.227241 -0.380789 -0.424499 -0.740830 -0.668704 0.044580 0.026854 0.753360 -0.030549 -0.691067 -0.074529 0.101220 0.162260 0.724596 -0.279492 -0.884250 -0.768733 -0.707129 0.116635 0.316360 0.356475 0.408866 -0.569707 -0.656346 -0.789552 0.337434 0.207970 -0.146930 -0.405219 -0.545724 -0.102902 0.313523 -0.417682 -0.214084 0.787690 -0.059774 -0.917580 -0.980587 -0.214123 -0.420793 -0.619689 0.000898 0.048388 -0.671017 -0.967167 -0.283757 -0.154508
0.167223 0.545996 0.589682 -0.224959 0.463542 0.115873 -0.773836 0.326698 -0.256453 -0.921289 -0.543946 -0.584046 -0.809806 -0.488077 -0.707646 0.788852 -0.344633 -0.434068 -0.291949 0.270356 0.873818 0.907183 -0.232616 -0.267304 -0.536039 -0.996268 -0.845817 0.378043 -0.250433 -0.926316 0.914581 0.618697 0.200705 -0.025607 -0.746520 0.531681 -0.867449 0.129375 0.028081 -0.748680 0.420303 -0.549225 0.194077 -0.630763 -0.396893 -0.500616 0.524444 -0.637607 -0.154258 -0.891293
0.498729 -0.068689 0.676986 0.051645 -0.859113 -0.340944 -0.072425 0.276115 -0.506178 -0.189764 -0.589191 0.341391 -0.806824 0.840669 -0.024906 0.648152 -0.233624 -0.049207 0.870105 -0.680572 -0.191472 -0.811059 -0.154256 -0.793006 0.604474 -0.073991 0.430927 0.421043 0.177670 0.878198 -0.603593 0.333188 0.373090 0.851735 -0.241589 -0.003202 -0.029279 0.185543 -0.348638 0.791101 0.546359 0.149255 -0.439477 -0.986103 0.622892 -0.006937 -0.107520 0.395313 0.737031 -0.417012
0.580567 -0.212691 0.639979 0.389993 0.815589 -0.565126 -0.481906 0.008734 -0.690720 0.823001 0.270489 0.366438 0.974317 0.619409 -0.604990 -0.815296 0.730566 0.515792 0.874614 0.372581 -0.447663 -0.418284 0.662933 -0.887746 0.142186 -0.294120 -0.465232 0.929272 -0.597729 0.973737 0.028663 -0.599426 -0.299577 0.007171 0.570719 0.593668 0.964094 0.585760 -0.722407 0.646310 -0.393536 -0.808017 0.454075 -0.318162 0.729790 0.943642 0.828706 0.660420 -0.018111 -0.522545
0.954140 0.536650 -0.428365 -0.577792 0.610640 0.700341 0.459425 0.095449 -0.624193 -0.339373 0.233562 0.295577 0.257566 -0.312489 -0.845143 0.906573 -0.752918 -0.066256 -0.264987 -0.992605 -0.942127 -0.345549 -0.971902 -0.785910 -0.717855 0.471409 0.191366 0.303707 -0.499095 0.540057 -0.714836 -0.658235 -0.243621 -0.323389 -0.385415 -0.680716 0.214120 0.545421 0.295553 -0.218656 -0.701445 0.568588 -0.506162 0.989482 0.521815 -0.110271 -0.301736 -0.500069 -0.047165 0.106055
0.446921 0.263183 0.805692 0.206273 -0.597815 0.533473 -0.799097 0.714526 -0.482681 0.348388 -0.534813 -0.606015 -0.809270 0.532709 -0.311619 -0.620836 -0.249101 0.337011 -0.109830 0.075998 0.429564 -0.836572 0.070275 -0.759567 -0.507791 0.079071 0.155295 0.915721 0.950775 0.459185 -0.458382 -0.570639 -0.013968 0.165283 -0.647214 -0.018916 0.904491 -0.420088 0.694021 -0.569009 0.172158 -0.869618 -0.340625 -0.237727 -0.312448 0.863619 0.669916 -0.561375 -0.940553 -0.624909
-0.355880 -0.955033 -0.873918 0.407558 -0.641126 0.844204 0.456252 -0.647519 0.555094 -0.307770 -0.456512 -0.955218 0.362950 0.016495 0.897528 -0.660231 -0.039204 -0.485271 -0.422867 0.980888 0.534142 -0.251164 0.773711 0.120865 0.365213 0.547026 -0.879373 0.885712 -0.348164 -0.598881 -0.233285 0.398188 0.381800 -0.579769 -0.025091 0.465431 -0.107749 -0.655590 -0.299532 -0.004438 0.527556 -0.323710 0.280324 0.237565 -0.719609 -0.784744 0.711297 0.583989 -0.265266 -0.927274
0.794296 0.893784 0.631322 -0.918924 0.796945 -0.645180 0.600173 0.624063 -0.164241 0.339952 0.742473 -0.139426 0.041136 0.247189 0.358158 -0.286216 -0.113758 -0.716690 0.641565 -0.153129 -0.297269 -0.960795 0.080064 -0.357313 0.772005 0.387449 -0.636103 0.486547 0.748191 0.698094 -0.836719 0.269240 -0.706618 0.877524 0.563224 0.637920 -0.275554 -0.347454 0.377662 0.055388 -0.360538 -0.927182 -0.873190 0.314006 -0.326555 -0.384846 0.104285 0.228353 0.102079 0.301957
-0.946087 0.022196 0.594002 0.325895 -0.243391 -0.673825 0.854614 0.530069 0.458265 0.934376 -0.526067 -0.886309 0.716936 0.062266 0.858546 0.532779 0.703894 0.818207 -0.998124 -0.700650 -0.393707 0.981002 -0.973294 -0.991370 -0.397535 -0.010534 -0.814459 -0.665479 0.764984 -0.912981 -0.262280 -0.108858 0.772105 0.335501 -0.331968 -0.229043 0.042338 0.070385 -0.144191 -0.940710 0.129903 -0.947108 -0.460501 -0.257494 -0.868990 -0.834843 -0.908083 0.664430 -0.881739 0.571031
-0.421353 -0.322445 0.130109 -0.117629 -0.869514 -0.722790 -0.029904 0.410490 0.721271 -0.468520 -0.032692 -0.256838 -0.486338 -0.737170 0.227639 0.881843 0.289999 0.220098 0.530402 0.818996 -0.522871 0.781608 -0.553876 0.406852 0.538517 0.363988 -0.256930 0.365012 0.761528 -0.093360 -0.932035 -0.541641 -0.250186 -0.994642 -0.520523 -0.580999 0.405894 0.111806 -0.215310 -0.277694 0.600840 0.890079 -0.639382 -0.577594 -0.465027 -0.111361 0.238993 0.689384 -0.533829 0.712961
-0.219663 0.772848 -0.779700 0.842834 -0.675257 -0.668593 0.546694 -0.741272 0.904394 -0.900552 -0.186791 0.801566 0.433857 -0.743856 0.632093 0.014808 -0.271741 0.638736 -0.347453 -0.073424 0.427296 -0.085404 0.035166 -0.521578 -0.620989 -0.460664 0.964169 0.414408 -0.152599 0.376140 -0.432363 -0.734384 0.083995 -0.186546 0.955440 -0.393220 0.523104 0.527967 -0.853317 -0.949362 0.379150 -0.193723 -0.154846 -0.668837 -0.860994 0.245693 -0.604409 0.640868 -0.281471 0.071510
0.498467 0.874663 0.957696 -0.953135 -0.049164 0.707299 -0.890098 0.748028 -0.492886 0.648570 -0.470617 0.843350 -0.111696 0.208079 -0.541348 -0.803802 0.257861 0.771338 -0.269037 0.587789 0.536104 0.176818 -0.730977 -0.788915 -0.120639 0.704949 -0.721026 -0.176482 -0.790604 -0.274796 0.142812 -0.542269 0.644107 0.751991 0.024728 0.995808 -0.572657 0.643359 -0.982251 -0.315633 -0.389199 0.542976 -0.905763 -0.526596 0.134974 0.144677 0.689358 -0.729830 -0.524459 -0.263854
-0.117896 0.808589 -0.601477 0.357443 0.569603 -0.433029 0.767046 -0.567395 0.534848 -0.501274 -0.292729 -0.140663 0.003534 -0.162415 -0.118317 -0.292347 0.963700 0.575375 0.551874 0.061141 -0.261956 0.839464 0.261722 0.070011 0.953551 0.614480 0.015523 0.554105 -0.197277 -0.810985 -0.993228 0.746181 0.939935 -0.349479 -0.092466 -0.531279 0.293229 0.522416 -0.444631 -0.148048 0.069753 0.907057 -0.416955 0.475993 0.902510 0.973490 0.155673 0.841257 0.539653 -0.899255
0.701472 -0.139442 0.202442 0.686916 0.128351 0.167592 0.364091 0.007813 -0.879433 0.051246 0.142142 0.310180 -0.249579 0.387910 0.571867 0.902924 -0.685965 -0.609288 0.364117 0.980931 -0.553243 -0.480292 -0.536850 0.794813 0.749813 0.214986 0.526243 0.400051 -0.156045 -0.297029 0.601415 0.564731 -0.242335 -0.841411 -0.415529 0.529705 -0.157245 -0.208194 0.650362 0.136521 0.441157 -0.347032 -0.211952 0.400586 0.758265 -0.274952 -0.959929 -0.391323 0.446968 -0.813299
-0.677888 -0.781398 -0.471463 -0.500570 -0.626354 -0.537921 0.518120 0.531247 -0.086317 0.737285 -0.165417 0.084692 0.444465 0.092645 -0.594349 -0.354779 -0.013237 0.012557 0.793904 0.765357 0.200087 0.692253 -0.201227 0.296831 0.333227 -0.577539 0.322611 -0.292125 0.134158 0.295825 0.128055 -0.456160 -0.890650 -0.133042 0.176792 -0.629296 -0.379450 -0.026066 -0.224841 0.957501 0.359848 -0.091997 0.874160 0.839945 -0.938409 -0.643069 0.368533 0.097029 -0.127147 -0.088943
0.766530 -0.119819 0.420538 -0.220366 -0.779888 -0.619593 -0.399268 -0.533358 0.095508 0.565259 0.226122 -0.744545 -0.345701 -0.118343 0.424362 0.814078 0.480621 -0.868656 -0.050165 0.440370 0.811565 -0.639834 0.656702 -0.425247 -0.392399 0.994905 0.858898 -0.239787 0.207049 0.340553 0.029979 -0.955241 0.682885 -0.150274 0.470785 0.226612 -0.237798 0.133716 0.257046 0.792885 0.510509 0.893163 -0.458063 -0.651663 -0.884624 -0.373701 0.440084 -0.379404 0.815396 0.231220
0.301864 -0.872335 0.033753 -0.592037 0.207939 -0.508774 0.460777 -0.261815 -0.353304 0.756893 -0.833884 0.495517 -0.337407 0.714355 -0.949600 0.331289 -0.584470 -0.195332 -0.098738 0.521684 0.977130 0.164772 -0.533089 -0.528822 -0.663839 -0.189450 -0.505503 -0.567907 0.119588 -0.787091 -0.813769 0.390975 0.214657 0.193087 -0.366185 0.685908 -0.661296 0.351759 0.546677 0.375674 0.780911 -0.076177 -0.177947 -0.902355 0.896026 0.668289 -0.624114 0.019374 0.112625 -0.664304
0.259313 0.727953 -0.238685 -0.510876 -0.461368 -0.122025 0.262032 0.907125 0.815027 -0.989388 0.547324 0.265428 0.575383 -0.834122 -0.890539 -0.107055 -0.396667 -0.512537 0.903451 0.142164 0.338447 -0.571594 0.931816 -0.328176 -0.161488 -0.815213 -0.304620 -0.281493 -0.656083 -0.201588 -0.990991 0.980147 -0.601534 -0.161853 -0.572704 -0.200591 0.123981 -0.643236 -0.152356 -0.132391 -0.993441 0.426581 -0.166787 -0.773408 0.918440 0.614139 -0.605562 0.923989 0.564310 0.377611
-0.885167 -0.203565 -0.160319 0.822337 0.392967 -0.580943 0.789236 0.404188 0.825050 -0.491876 0.992941 0.875967 -0.617390 -0.228168 0.819611 0.874348 0.774439 0.828719 -0.902712 0.839207 0.434358 0.961584 -0.496014 -0.473297 -0.915008 0.736288 -0.649371 -0.855758 -0.216301 -0.423749 -0.656653 0.304054 0.283766 -0.710144 -0.925520 -0.598349 0.869000 0.909864 0.523303 -0.414070 -0.140761 0.185728 -0.306847 0.914608 -0.586993 -0.189415 0.668832 0.958035 0.950955 0.577419
-0.893906 0.805662 -0.740942 -0.500982 0.582342 0.457463 -0.114009 0.274292 0.623600 0.256768 -0.924614 0.522938 -0.946495 0.867444 -0.638424 0.265707 -0.790737 0.001058 -0.422774 -0.201303 -0.756752 0.608253 -0.269328 -0.854990 0.363178 -0.956782 0.750771 0.627227 0.406181 -0.434262 0.622854 -0.190300 0.885979 0.175483 0.499133 -0.579758 -0.102273 0.701387 -0.435247 0.521237 -0.189363 0.096831 0.290806 -0.878608 0.730422 0.918441 0.519001 -0.218903 0.937475 0.728516
0.988436 -0.661034 0.013680 -0.900520 -0.873209 -0.627095 -0.859590 0.382589 0.559344 -0.985259 0.732735 0.734115 -0.231642 -0.557009 0.687297 0.651609 -0.386193 -0.600895 0.336325 -0.937363 0.344447 -0.383628 0.976671 0.201931 0.773134 0.541211 -0.846077 0.788812 0.660336 0.052161 -0.188868 -0.781043 0.251198 -0.006380 0.736259 -0.053998 0.068278 0.142365 0.201266 -0.054908 0.396971 -0.926284 -0.057950 -0.504560 -0.677245 0.118460 0.870788 -0.531637 -0.434076 0.190468
-0.807053 -0.407554 -0.576727 -0.370505 0.594004 -0.383962 -0.221309 0.358462 -0.304515 -0.635168 0.617908 -0.453246 0.203861 0.544241 -0.888516 -0.795428 -0.380609 0.025066 0.187305 0.572124 -0.844280 -0.495475 -0.081821 -0.014227 0.980625 0.136638 -0.315514 0.084008 -0.184659 0.783299 0.494143 0.068692 0.408613 0.074371 0.500492 0.212493 -0.683763 0.670155 -0.415307 0.037158 0.366655 -0.928383 -0.602037 -0.741333 0.760832 -0.034674 -0.438982 -0.986121 -0.895576 0.358207
0.246828 0.265558 0.090914 -0.186267 -0.765337 -0.563788 0.677618 -0.508345 0.770257 -0.129420 -0.036993 0.974204 0.164049 -0.710588 -0.729456 -0.590259 0.369749 0.709038 0.968431 -0.753635 -0.549505 -0.137479 0.168352 0.287163 0.018071 0.163138 0.901618 0.667553 -0.543336 -0.304712 0.799281 0.811377 0.221357 0.372166 0.656344 0.158858 0.582118 -0.763745 0.989288 -0.478975 -0.914102 -0.291944 -0.006021 0.392401 0.773429 0.315967 0.218375 0.976198 0.459727 -0.992243
-0.249408 -0.758935 0.548514 0.698510 0.327860 0.719833 0.860901 0.659014 -0.132091 0.084243 0.893207 -0.914654 0.489843 -0.119571 0.001396 -0.094254 -0.833192 -0.264024 0.248034 -0.976798 0.344108 0.296843 0.087671 -0.399666 -0.624917 0.269249 0.108790 -0.554540 0.564640 -0.496792 0.388167 -0.439877 0.056242 -0.091621 -0.724375 0.782052 -0.798580 -0.569099 -0.810574 -0.360307 0.299262 0.051670 -0.087519 -0.729570 0.281641 -0.500235 -0.524274 0.281681 0.847322 0.471659
0.136256 0.606204 -0.915246 -0.873471 -0.896301 0.861459 -0.633794 -0.516041 -0.202606 -0.223677 0.918481 -0.405922 -0.055975 -0.321806 -0.307421 -0.943569 -0.552995 0.479331 -0.084337 0.856728 -0.276744 -0.736423 -0.311942 0.557275 -0.183774 -0.584595 -0.686903 0.923390 0.418581 0.175496 0.670780 0.090054 -0.098019 0.780997 -0.051104 0.904272 -0.361590 0.726156 0.505865 -0.354196 0.583806 -0.869232 0.958843 -0.673984 0.718505 -0.227300 -0.158761 -0.876706 -0.158065 -0.789954
-0.054067 0.326827 0.671151 -0.487494 0.237494 0.134309 -0.005271 -0.309878 -0.074948 0.885509 0.434493 0.542471 0.254684 -0.931645 -0.736210 0.187931 0.387624 -0.207287 0.293066 -0.081915 0.041420 -0.175116 -0.913633 -0.875125 -0.518349 0.619686 -0.526119 0.012985 -0.538302 0.723063 -0.370132 -0.269522 0.578824 0.174170 0.089590 -0.369878 0.433555 -0.970585 -0.912435 -0.778190 -0.483668 0.270840 -0.557049 -0.574068 0.572577 0.955709 -0.161922 -0.636930 -0.442856 -0.221427
0.572778 0.357115 0.673393 0.710229 0.718819 -0.369627 0.032367 0.372108 -0.089904 -0.675314 -0.726312 -0.749347 0.512981 -0.249489 0.876980 -0.423613 -0.750889 0.857313 -0.595861 0.182338 -0.192423 -0.629713 -0.918620 0.226713 0.945196 -0.655684 0.104543 -0.364484 -0.429726 0.389426 0.262495 -0.796025 0.111409 -0.173053 -0.015339 0.394844 0.840101 0.648831 -0.643879 -0.521607 -0.260872 -0.868430 -0.020869 0.560020 0.049762 -0.166537 0.372679 0.020652 -0.555845 -0.815820

Bias v0 (Oculta):
-0.920241
-0.711050
-0.128574
0.284264
-0.010523
0.783251
-0.765223
0.711863
-0.254096
-0.891684
0.844429
0.370332
-0.709769
-0.667258
-0.568603
-0.905478
-0.359261
-0.391694
-0.186969
0.547420
0.702229
0.267055
-0.280767
0.986329
0.354505
-0.923586
-0.459834
0.863532
0.111598
0.689545
-0.341337
0.839711
0.523014
-0.481377
0.154745
0.540085
-0.844611
0.226378
0.054997
-0.705300
0.098907
0.452606
-0.147182
0.967578
0.524114
0.080701
-0.543746
-0.922817
-0.539191
0.347866

Pesos w (Oculta -> Sa獮a):
0.722077 0.702048
0.654396 -0.381654
-0.851031 -0.053465
0.374238 -0.731905
0.418626 -0.489121
-0.404383 -0.944663
0.713570 -0.593059
-0.642120 -0.017964
0.245174 0.114235
0.632786 0.985600
-0.488365 -0.049635
-0.070214 -0.678039
0.019963 0.698174
-0.131746 -0.407163
-0.347812 -0.235639
-0.581078 -0.198286
-0.155517 0.706974
-0.886352 -0.410069
-0.784968 0.838019
-0.468348 -0.151146
-0.756581 0.965698
-0.411841 0.473080
-0.623959 0.792478
-0.057967 0.699243
-0.535426 0.901888
0.418959 -0.923174
-0.881307 0.737203
-0.889753 -0.910984
0.602721 -0.453131
0.891113 0.800936
0.065962 0.294995
-0.178832 -0.616972
0.258318 -0.580535
-0.509084 0.694757
-0.745460 0.171719
0.504102 0.733295
0.244230 -0.368929
0.257678 0.825068
0.374560 -0.810769
-0.329489 0.937874
0.856028 0.751251
0.610440 -0.208711
0.864653 -0.286518
-0.515337 -0.408817
-0.406188 0.972131
-0.965247 0.980645
-0.240601 0.879286
-0.520016 -0.297471
0.926895 0.703551
0.393957 0.550687

Bias w0 (Sa獮a):
-0.014742
-0.600495
