Pesos v (Entrada -> Oculta):
-0.046112 0.798244 -0.474300 -0.556317 0.022825 0.951378 0.108757 0.959538 0.038456 -0.129420 0.550050 -0.546681 -0.096956 0.378392 0.151952 0.124066 0.748927 0.942320 -0.372979 -0.687775 -0.894955 -0.741673 -0.762455 0.391816 -0.835453 -0.995139 -0.754693 0.066308 0.742780 0.972528 -0.101427 -0.246102 -0.832494 0.775205 -0.307384 -0.080922 0.862305 -0.354760 -0.395138 0.569812 -0.077935 -0.403100 0.309511 0.937479 0.681076 -0.974652 0.945852 -0.593802 0.814376 -0.405844
0.974303 0.473477 -0.798507 0.390639 0.652453 0.521933 -0.000230 -0.402514 -0.921789 0.511744 -0.236909 -0.546551 0.063365 0.051720 0.627880 0.834597 0.478401 -0.514423 0.153697 0.985260 -0.191951 0.582262 -0.291065 -0.873962 -0.529416 0.308956 0.958085 0.302790 -0.775540 0.185422 -0.551723 0.280014 0.617825 -0.751042 0.378650 -0.826850 -0.139077 0.993627 0.976796 0.781968 -0.979743 -0.117063 -0.381263 -0.597747 -0.902139 -0.244287 -0.312914 0.149996 -0.884565 -0.100231
-0.721141 -0.271114 -0.497101 0.989251 -0.561380 0.184437 0.297524 -0.430079 0.047089 0.986428 0.412978 0.130826 -0.549462 -0.711626 0.796790 -0.552526 0.974581 -0.689082 0.699503 0.229594 0.076767 0.146169 0.783412 0.322986 0.963701 0.152674 0.718404 0.319907 -0.600375 0.861779 -0.841457 0.429259 0.395167 0.040201 -0.184361 -0.721974 0.989410 0.777679 -0.423898 -0.489770 0.890241 0.713549 -0.513737 -0.235557 -0.889970 -0.429778 0.523311 0.872349 -0.628757 0.390073
-0.462279 -0.833031 0.818519 0.703226 0.532385 0.536397 0.230746 -0.946693 -0.939116 0.664087 0.506737 -0.417013 0.805685 0.123515 0.419695 0.715590 0.117656 -0.710668 -0.092486 -0.666192 0.459070 0.894033 0.267131 -0.537139 0.649059 0.714976 -0.525976 0.058983 -0.566072 0.515450 0.940590 0.373528 0.230116 0.537549 -0.016570 0.968426 0.016418 -0.936186 0.773730 0.885522 0.637670 -0.977189 0.156538 0.021938 0.838134 0.308327 -0.184590 -0.681548 -0.020849 -0.307537
0.487914 0.545304 0.645792 -0.715696 -0.163439 -0.342985 0.763845 0.334372 0.372671 -0.030571 0.191024 0.158117 -0.210067 0.823496 -0.019179 0.123481 -0.532654 0.519848 -0.069266 0.119122 0.645805 0.274579 -0.728405 0.720727 0.760956 -0.677981 -0.576982 0.133126 -0.637695 0.695737 0.125762 -0.781078 0.199395 0.173225 -0.044284 0.525497 0.229630 -0.718152 -0.845902 0.473928 -0.589047 0.039835 -0.574784 0.970929 0.546909 -0.609116 0.625022 0.247750 0.991594 0.122920
0.236818 0.885691 -0.921435 -0.276885 0.546409 0.767066 0.543560 -0.921905 -0.034519 -0.887503 -0.095609 0.120430 0.916049 -0.787103 -0.961789 0.806161 0.564243 -0.320165 -0.115264 -0.473553 0.758662 0.231778 -0.184287 0.917446 0.094642 -0.902589 0.221238 0.185046 -0.411503 0.352319 -0.711717 -0.616623 0.744342 -0.112194 0.437982 -0.057307 -0.714064 -0.892321 -0.044815 -0.646448 -0.361930 0.011689 -0.877712 -0.403788 -0.972647 -0.421655 -0.418972 0.120104 -0.165942 -0.840195
0.584497 -0.303210 -0.358665 0.992263 0.161657 0.268767 0.046806 -0.507503 -0.301225 0.491388 0.923920 -0.238840 0.963343 0.763444 0.262535 0.724949 0.420286 0.957299 0.242045 0.189534 0.862537 -0.050624 0.734405 0.523806 -0.457992 0.253593 -0.317626 -0.855781 -0.649483 0.067574 -0.543010 0.292241 0.911369 -0.573496 0.415242 0.785666 0.899073 -0.371077 -0.484825 -0.476641 0.116927 -0.526518 -0.185607 -0.217711 0.712527 -0.416524 0.370814 0.095479 -0.928224 -0.881095
0.715635 -0.887608 0.398228 -0.099036 0.164488 0.594808 -0.843524 0.587894 0.682079 -0.462195 0.898959 -0.558823 -0.881631 -0.791836 -0.826840 0.950069 0.920753 -0.400251 -0.642866 0.526029 -0.433993 0.529473 -0.375464 -0.158625 -0.022590 0.649979 -0.890453 0.071569 0.637959 0.566816 0.882561 -0.422817 0.688575 0.051574 0.427369 -0.756525 0.445738 0.813659 0.431059 -0.548076 0.427985 0.159175 -0.933382 -0.555708 -0.588675 0.518700 0.482168 -0.864941 0.229664 -0.498440
-0.393480 -0.298690 -0.284668 -0.836682 -0.756852 0.982881 0.148913 -0.077743 0.808398 0.337738 -0.783372 -0.289498 0.956760 0.223099 -0.845098 -0.000208 -0.018255 0.964065 -0.429596 0.486589 -0.958337 0.115563 -0.773254 0.618797 0.893652 0.712252 -0.809376 -0.928080 0.465265 -0.289592 -0.530421 0.795859 -0.641343 -0.619483 -0.149732 -0.434122 -0.522194 0.803217 0.188253 -0.653221 0.120105 -0.510779 -0.363086 -0.397029 0.480500 -0.008401 -0.903769 -0.459282 0.641618 0.183834
0.414442 0.725898 -0.634930 -0.206147 -0.790574 -0.066211 -0.291227 -0.167579 0.090952 -0.736620 0.117565 0.705998 0.259211 -0.799935 0.111705 0.558702 -0.143536 -0.558807 -0.609139 0.498374 0.377539 0.992446 0.329285 -0.693804 -0.312648 0.228800 -0.885885 -0.966518 0.362301 -0.399998 -0.899163 0.322235 0.899361 -0.070924 -0.091751 -0.809197 0.258436 -0.577022 -0.997763 0.952429 0.860890 0.290455 0.604008 -0.653177 0.346161 -0.264746 -0.286071 -0.063350 -0.853814 -0.637515
-0.440499 0.602974 -0.676413 -0.199525 -0.930837 0.053619 -0.917779 -0.937594 -0.362747 -0.565954 -0.651535 0.429336 -0.470048 0.054397 0.465182 0.781489 0.760249 0.883762 -0.188011 -0.905733 -0.113186 0.313284 0.087156 0.468668 0.506354 0.369663 0.996376 -0.664972 0.732540 -0.129964 -0.486501 0.638163 0.530267 0.466768 -0.562789 -0.059608 0.323846 0.578763 0.814248 0.419911 0.829607 -0.877773 -0.167100 0.145727 -0.612881 -0.261958 0.066376 0.386694 -0.703919 -0.729340
0.031007 -0.332528 0.973426 0.654880 -0.911263 -0.917240 -0.591009 -0.053942 0.553379 0.445860 -0.107282 0.516543 0.524821 0.479889 0.139044 -0.992762 0.111345 -0.173863 0.794687 -0.526054 0.326394 -0.161792 0.878909 -0.884936 -0.650466 0.399852 -0.412316 0.583732 -0.381255 0.039931 0.838149 -0.381293 -0.706139 0.199109 -0.540639 0.687202 0.349752 0.257440 0.723594 0.943141 -0.880241 0.205615 0.501595 -0.185034 -0.731059 -0.732155 0.778805 0.698052 0.010651 0.267405
0.738791 -0.214626 0.692675 -0.387971 -0.263706 0.378247 0.701948 -0.601600 -0.725511 0.732622 0.390170 -0.147139 -0.639376 0.809788 0.908340 0.775471 -0.528202 -0.333500 -0.940467 -0.393659 0.688680 0.563703 -0.077360 0.835386 -0.447304 -0.878527 -0.048206 0.495344 0.961544 -0.943516 -0.292617 0.049120 0.758136 0.460826 -0.918868 0.698868 -0.163629 -0.223461 -0.756922 0.032255 0.970457 0.740691 -0.413794 -0.179342 0.903804 -0.414968 0.399850 0.540815 0.705444 -0.799336
-0.526423 -0.583641 0.587621 0.723573 0.537686 -0.545728 -0.967422 -0.819144 -0.566242 -0.184050 -0.670697 0.619672 0.439459 0.854352 0.580941 0.910819 0.464596 -0.426919 0.760029 -0.621121 0.149433 0.422990 -0.499347 0.435486 0.243890 -0.153608 -0.796788 0.577667 0.473131 0.062733 0.541751 -0.802365 0.101101 0.750612 -0.115161 0.591259 -0.993589 0.331368 -0.976829 0.341060 0.233483 -0.357439 0.279259 -0.401631 -0.753952 0.681955 -0.494247 -0.634078 -0.153665 0.570151
0.849241 0.366649 -0.252501 0.532835 0.927283 -0.431762 0.331261 0.354460 0.410323 0.009002 -0.103722 0.359797 -0.563140 0.021151 -0.628578 -0.929195 0.221661 -0.466426 0.680442 -0.707824 0.687389 -0.144326 0.229533 0.738818 -0.160578 -0.809096 0.877082 0.299285 0.747269 0.951957 0.222049 0.816137 -0.804035 0.841515 -0.300710 -0.467449 0.818746 0.120340 0.167469 0.933641 0.237082 0.634691 -0.162525 -0.648672 0.881384 -0.961031 0.575361 -0.201584 -0.679690 -0.144474
-0.955413 0.275613 -0.967963 -0.979948 -0.490109 0.882920 0.218464 0.334519 -0.402056 0.463568 0.095074 -0.825679 -0.154525 -0.284089 -0.481363 0.968795 -0.705014 0.993731 -0.357844 -0.294243 0.122475 0.304568 -0.685141 -0.354094 -0.286633 -0.949472 -0.177137 -0.150218 0.738081 -0.872602 0.635475 0.555773 0.841537 -0.409815 0.382310 -0.093582 0.713675 -0.658092 0.484797 -0.748041 0.110892 -0.166557 0.789597 -0.615783 -0.161021 -0.321811 0.691947 -0.691408 -0.433131 0.918547
-0.853087 -0.343004 0.149539 -0.577393 0.069788 0.313208 0.884374 0.225280 -0.928625 -0.673553 -0.680883 -0.428897 0.776592 0.041563 0.263405 -0.409514 -0.863921 -0.020364 -0.085397 0.157688 -0.524412 0.154823 -0.474565 0.387404 0.627088 -0.186318 0.439408 0.548659 0.641702 0.868949 0.477637 0.895265 0.532980 -0.585789 -0.542731 0.607826 -0.993113 0.879080 -0.354911 0.740961 0.119741 0.253781 0.015800 -0.435519 0.535787 -0.047157 0.923203 0.708791 0.054690 0.136776
-0.780815 -0.219696 0.202519 0.980430 0.786798 0.226376 0.274962 -0.189448 0.326930 0.324981 0.888638 0.507612 0.804483 -0.490021 -0.869853 -0.038782 0.170439 0.151671 -0.797026 -0.076297 -0.064728 -0.158721 -0.338166 -0.500430 -0.229469 0.031212 -0.399403 0.989773 -0.749119 0.542182 -0.053742 0.521533 -0.596091 0.500797 0.449890 0.167806 0.541023 0.693601 0.982574 -0.084051 -0.067897 -0.762383 -0.365596 -0.523415 -0.010014 0.050736 -0.231135 0.387058 -0.637176 -0.989514
-0.216940 -0.946080 0.828434 0.880231 -0.691841 0.669638 -0.280473 0.929150 0.857999 -0.101596 -0.852769 -0.905028 -0.056892 0.787923 0.505807 -0.930425 -0.374419 -0.137277 0.124217 -0.334102 -0.682016 0.180452 -0.705996 -0.616489 -0.896839 -0.769884 -0.148429 -0.246025 -0.496933 0.485760 -0.170073 -0.332503 0.172647 0.273908 0.605942 -0.663706 -0.235551 0.823071 0.417582 -0.646164 0.888853 0.073441 -0.584507 0.567697 0.263543 -0.906169 -0.275418 0.730795 -0.285452 0.911647
-0.904646 -0.926526 0.814587 0.380732 -0.976744 -0.008138 -0.578210 0.409635 -0.209338 -0.195397 0.539374 -0.481587 -0.012716 0.894445 0.623943 0.058413 0.935472 0.995801 0.121416 -0.842193 0.514926 0.204134 0.941696 0.703128 -0.626737 -0.721705 -0.644918 0.218255 0.306037 0.646246 -0.553388 0.996946 0.335461 0.589262 0.496194 0.436447 -0.074148 0.922476 -0.907293 0.621322 -0.303510 0.775330 0.344086 -0.503136 0.794178 -0.093831 -0.792755 -0.311854 -0.664822 0.283739
0.622754 -0.319580 -0.800526 0.996095 -0.843766 0.974449 -0.363190 -0.102294 -0.355196 -0.720035 -0.843352 0.615538 0.330080 0.309462 -0.446616 -0.745276 -0.728902 -0.452620 0.860446 0.287345 -0.411202 0.279866 -0.083780 0.210501 -0.716215 -0.164723 -0.429264 -0.198026 0.674205 -0.446808 -0.674887 -0.413215 0.855857 -0.223121 0.914377 0.871991 -0.188892 0.800241 -0.737625 0.103972 0.072004 0.366225 0.733782 -0.782485 0.584045 0.354677 0.091352 0.434818 -0.557312 -0.957820
-0.599779 0.744586 -0.038648 -0.975085 -0.723186 0.549464 -0.963936 -0.438159 0.392292 -0.026767 -0.876781 0.033121 0.150741 -0.435590 -0.102977 -0.377486 -0.046162 0.360790 0.996025 0.451142 -0.506654 0.834283 -0.767027 -0.796442 0.857175 0.040580 0.380578 -0.303235 0.368585 -0.945386 -0.304231 -0.866679 -0.076301 -0.006445 -0.040331 0.122443 0.870983 -0.804319 -0.862688 -0.821988 -0.685494 -0.722159 -0.082541 -0.981368 0.059150 -0.833143 0.379060 -0.889426 -0.031173 0.877694
-0.291408 -0.517192 -0.657216 -0.979688 -0.337934 -0.578086 -0.365519 -0.604733 -0.107296 0.304885 -0.792997 0.731260 0.113204 0.378422 0.741082 -0.554387 -0.354380 -0.867514 0.541929 0.558351 -0.290177 0.830963 0.014761 -0.006117 0.633059 -0.764539 -0.473512 0.526135 -0.423043 0.097040 0.228426 0.519517 -0.286219 -0.438530 -0.558575 0.304989 -0.549763 -0.489878 0.614151 -0.207504 -0.591589 -0.377282 0.705209 0.608891 0.999997 0.604880 -0.037401 0.465570 0.459940 -0.627490
0.983965 -0.375993 -0.855830 -0.617193 -0.280676 -0.111247 -0.470384 0.318668 -0.895541 -0.162459 0.057848 -0.940232 -0.022823 0.579694 0.340611 0.474451 0.991298 0.636634 0.903000 0.449038 0.156618 -0.271938 0.338679 -0.783492 -0.735513 0.488303 0.305367 0.496822 0.196696 0.239946 -0.016887 0.951279 0.546489 -0.852513 -0.019615 0.905992 -0.202797 0.076170 -0.266281 0.717311 0.271661 0.633484 -0.835635 -0.791474 -0.333044 -0.141000 -0.172590 -0.767204 -0.299303 0.128831
-0.835088 -0.573271 0.176605 -0.049626 0.515469 0.398100 0.010314 -0.033552 0.646795 -0.270104 -0.480327 -0.910062 0.694871 -0.388021 -0.238679 -0.659528 0.856248 0.082958 0.290437 0.753935 0.100216 0.354049 -0.664435 -0.365604 0.752734 0.708100 0.660092 0.372652 0.463626 0.020364 0.763104 -0.717407 0.891794 0.693391 -0.613710 0.738751 0.921982 0.931417 -0.249954 -0.414191 -0.614695 0.251839 0.378809 -0.345765 0.967274 0.935732 0.786670 0.966553 0.455221 0.911730
-0.099722 0.385157 -0.392246 -0.223082 0.626420 0.106931 0.393531 0.731166 -0.204833 -0.118071 0.000461 -0.589540 0.901719 -0.701047 0.078619 0.778858 0.271551 -0.693507 0.589139 0.580772 0.886091 0.446295 -0.497485 -0.545735 0.493368 0.966110 -0.380907 0.518202 -0.227102 -0.511302 0.062381 -0.108857 -0.449863 0.770019 0.362299 -0.845616 0.367632 0.414760 -0.560804 0.566583 0.445026 0.427954 0.085904 -0.449142 0.434763 -0.349422 0.339023 -0.666952 -0.681900 0.136195
-0.545451 0.412897 -0.429620 -0.550762 -0.776253 -0.296574 0.899648 -0.817010 0.609658 0.358778 0.748708 -0.645892 -0.004153 0.882221 -0.352979 -0.415516 -0.626064 0.713090 0.524169 0.641010 -0.409107 0.307978 0.967899 -0.534926 0.471373 -0.630689 0.555534 -0.549583 0.726632 0.970668 0.803858 -0.628165 -0.542460 0.715717 -0.639139 0.346863 0.552175 0.537897 -0.590744 0.508002 -0.539024 -0.321876 -0.357945 -0.433656 -0.171097 0.518408 -0.627607 0.527215 -0.896905 -0.161918
-0.646187 -0.807831 -0.830875 0.929989 -0.999722 0.717759 -0.995001 0.296992 0.376851 -0.381469 0.858690 0.467896 0.333223 0.784720 0.833578 -0.246301 0.737890 -0.369178 0.737129 -0.810130 -0.280814 0.358469 -0.569100 -0.734247 0.527278 -0.472648 0.023379 0.181941 0.232618 -0.307318 -0.477198 0.007100 -0.962367 -0.372821 0.073358 -0.615410 -0.783478 0.534584 -0.065865 0.031914 -0.650057 -0.762143 0.757273 0.450373 -0.245116 -0.326052 0.064384 0.275860 -0.660341 0.551451
-0.420832 0.655925 -0.002452 0.401202 -0.740162 0.068848 0.271790 0.422392 0.025537 0.653287 0.824540 0.026927 0.806687 0.182782 0.025078 0.255913 0.279015 0.246281 -0.844932 0.810041 0.416831 -0.853605 0.318631 0.763404 -0.444472 -0.570871 0.497573 0.108509 0.817312 -0.743982 0.647020 -0.087343 -0.549270 0.674936 0.464615 0.074300 -0.412055 0.754525 -0.539998 0.735874 0.853006 -0.664357 0.661383 0.950653 -0.243091 -0.041399 -0.650924 0.349403 -0.112626 0.921848
0.596154 -0.583133 0.732214 0.984007 0.710984 0.892013 0.258154 0.245447 0.354104 0.083504 0.935882 -0.771114 0.930482 0.766889 0.438341 -0.232321 -0.835506 0.528883 0.029570 -0.391677 -0.121557 0.976605 -0.525856 0.032817 0.736621 -0.761710 -0.496772 0.724129 0.565266 0.771865 -0.770659 0.896474 0.369732 -0.208812 0.207539 -0.144376 0.646516 0.756987 0.648097 0.490743 0.786401 0.593396 -0.274676 -0.228644 -0.500000 0.890313 -0.400067 -0.538654 -0.975990 -0.586947
-0.665378 0.085659 0.258643 0.971914 0.077293 0.798797 -0.203264 0.907490 0.394444 -0.874591 0.772942 0.112633 0.105798 -0.908625 -0.498096 -0.768681 -0.007018 0.312077 -0.860896 0.012265 0.675413 0.282952 -0.746869 -0.362886 0.320482 0.770469 0.814754 0.280675 0.395102 0.031037 -0.175121 -0.372658 -0.193337 0.335936 0.274538 -0.811803 0.681108 -0.841778 0.438299 -0.769541 -0.742517 0.886458 0.155287 -0.915948 -0.446719 -0.968576 -0.910046 0.698472 0.282482 -0.781459
0.262030 -0.729065 -0.006232 -0.199109 0.045615 0.631563 0.378617 -0.499921 -0.790802 0.050760 -0.247553 0.726969 -0.932804 0.507356 -0.216254 -0.151157 0.417150 -0.253385 0.885218 -0.972235 0.915235 -0.764102 -0.349190 0.578577 -0.881704 -0.292690 0.050074 -0.745454 -0.074421 -0.235469 -0.756444 0.956334 0.098789 0.586913 -0.702723 0.748649 0.451713 0.500786 -0.706141 0.315319 0.620994 -0.614749 0.213268 -0.782446 0.406967 0.397304 -0.012482 0.371855 -0.932717 -0.052477
-0.341635 -0.702852 -0.110119 0.114196 0.374061 -0.962524 0.240687 -0.337350 0.990608 -0.480066 0.452300 -0.912618 0.447507 -0.604077 0.045725 0.485026 0.577140 -0.900734 0.196637 -0.723588 -0.472871 -0.273977 -0.385542 -0.702944 -0.259767 0.809030 -0.152716 -0.088352 -0.083778 -0.175511 -0.297267 0.282612 -0.278828 -0.538333 -0.289026 -0.039933 -0.673920 0.965317 0.213767 0.516565 0.358042 0.039389 0.444577 -0.783805 0.782273 -0.624941 -0.621661 0.166028 -0.645635 0.578273
0.984090 -0.430241 -0.791459 0.421684 0.653914 -0.945741 0.142408 0.520526 0.927156 0.772330 -0.562891 0.624231 -0.399319 0.319425 0.850504 -0.059146 0.801237 -0.276348 0.431303 -0.399777 0.645669 0.835956 0.127314 -0.884138 -0.474413 0.791503 0.036676 0.460896 0.327192 0.110056 -0.969578 0.379087 -0.104700 0.775614 -0.251756 0.739825 0.843674 0.865268 -0.684447 0.881229 0.398360 -0.871444 -0.374435 0.474944 0.973217 0.407302 0.524542 0.459649 -0.300434 0.218792
0.820470 -0.273557 0.505557 0.882946 -0.308097 -0.712901 0.644197 -0.093918 -0.658791 0.651363 0.339365 0.384936 0.315579 0.836006 -0.610420 -0.131081 0.552186 0.400478 -0.349390 0.269281 -0.066755 -0.445364 -0.429864 -0.848076 -0.355461 0.480999 -0.575331 0.727421 0.354952 0.426660 -0.089611 0.228334 0.128339 -0.161655 -0.983348 0.323547 -0.634308 0.016095 0.304155 -0.868278 -0.262955 -0.829259 0.451917 -0.633984 0.731209 0.933799 -0.644755 -0.019093 0.101010 -0.130188
0.526813 0.350636 -0.282077 -0.000858 -0.434708 -0.414060 0.398325 0.021293 -0.814536 -0.691773 -0.034456 -0.355122 -0.841860 -0.573524 0.890113 -0.330734 -0.628100 -0.304199 0.228012 0.369377 -0.674964 0.847628 0.139163 -0.148583 -0.439539 -0.033379 -0.946294 -0.420938 -0.498367 -0.478347 -0.581121 0.340282 -0.273756 0.516517 -0.526480 0.990948 0.951251 -0.701997 -0.448929 -0.737476 0.860725 -0.114106 0.210785 0.237297 -0.095448 0.765363 0.038551 -0.172434 0.889289 0.458284
0.457799 0.458326 0.152099 -0.901205 -0.365137 -0.291702 -0.454528 0.048172 -0.137051 -0.738220 -0.630043 -0.005316 0.408648 -0.590248 0.215190 0.527190 -0.980996 -0.880998 -0.948448 0.759818 0.102383 -0.845855 0.899282 0.891433 -0.837399 -0.737085 -0.671102 0.087442 -0.916626 -0.420166 -0.639368 0.242491 -0.919013 0.879423 0.288898 -0.005671 -0.284203 -0.016061 0.582818 -0.839700 -0.302763 -0.322999 -0.760587 -0.774791 -0.675312 0.651795 -0.586891 -0.484083 -0.981496 -0.843148
-0.038813 -0.572352 0.557994 -0.589927 -0.901840 0.289953 -0.927565 -0.851790 0.535439 -0.294937 0.613454 -0.870027 0.652174 0.157106 0.918025 0.755433 -0.010687 0.320701 -0.836041 -0.143992 0.302857 0.007711 -0.297612 0.157153 -0.851945 -0.360268 -0.344652 -0.020607 0.978601 -0.656054 -0.024065 0.192205 -0.274554 0.964882 -0.025343 -0.848744 0.809605 -0.563952 0.137718 0.105974 -0.568893 -0.448239 0.700385 0.361601 -0.951086 0.956473 0.145500 -0.029051 0.180835 -0.431644
-0.626213 -0.748437 0.493478 0.688531 0.821657 0.968042 0.102873 -0.836137 0.790110 -0.974127 -0.819684 -0.770705 -0.374945 -0.733723 -0.821956 0.888657 0.989172 0.861279 -0.675602 -0.340820 -0.227097 -0.029877 0.216746 0.003740 0.578543 -0.167941 0.860983 0.815835 0.849557 -0.603070 0.225129 -0.909421 -0.110337 -0.995490 0.930167 -0.203904 -0.053047 -0.991920 -0.548134 0.664517 -0.857510 -0.448619 0.805044 0.149843 0.427520 0.098642 -0.428725 -0.468539 -0.538303 0.886930
0.116104 0.759986 -0.273963 -0.436737 -0.685453 -0.280499 -0.965141 -0.627549 -0.619327 0.950861 -0.211928 -0.651326 -0.327352 -0.731171 -0.797993 -0.438976 0.529839 -0.637436 0.303638 0.530870 -0.693208 0.182763 0.407913 -0.528914 0.455299 0.444650 0.123143 0.816018 0.164699 0.341162 -0.058645 -0.362600 -0.060110 0.142735 -0.951916 0.376173 -0.264082 0.899199 0.466003 0.742227 -0.023289 0.677794 -0.130868 -0.601511 0.261526 0.376378 0.976209 -0.099314 0.491832 -0.040033
-0.080586 0.639567 0.137975 0.691679 -0.944897 0.948362 0.090398 -0.258463 -0.715684 -0.803050 0.987662 -0.394303 -0.584875 -0.584661 -0.857914 0.909695 -0.577827 0.395975 0.057692 0.341634 -0.547499 -0.513437 -0.562586 -0.132991 -0.498072 -0.024554 -0.842573 -0.580230 -0.446385 -0.047179 -0.092683 0.420035 -0.919520 0.587504 0.429692 -0.017567 -0.489096 -0.826680 -0.347995 0.583990 0.785676 0.530115 0.219313 0.975051 0.603313 0.899837 0.065543 -0.983394 -0.957780 0.485915
0.176583 -0.456033 -0.669733 -0.817917 -0.011581 -0.564387 -0.466402 -0.361304 -0.197696 0.446154 0.136818 -0.078881 -0.539874 -0.170681 -0.514534 0.967622 -0.105897 -0.334409 0.370423 -0.307888 -0.733440 0.121794 0.778214 0.932025 -0.755610 -0.187355 -0.001067 -0.616248 0.492030 0.656884 0.173463 -0.446705 0.029981 -0.789498 0.399968 -0.589158 0.936366 0.598581 -0.216831 -0.773014 0.806331 0.356147 0.100013 0.637987 -0.460758 -0.878236 0.516098 0.251371 -0.007529 -0.803462
0.222858 -0.437589 0.697382 0.332986 0.935317 0.175845 0.722477 -0.244458 0.411933 0.327678 0.434754 -0.016467 -0.030664 0.653109 -0.483844 0.350470 0.452451 0.149172 0.562183 -0.747096 0.429852 -0.456614 -0.102379 -0.743686 -0.279969 -0.630458 -0.212940 -0.508204 -0.165236 -0.170160 -0.975151 0.746644 0.191521 -0.804140 -0.368605 -0.047096 0.009946 -0.625530 0.585504 -0.842091 -0.129890 -0.380077 -0.209213 -0.720322 -0.079102 -0.128166 -0.729402 -0.634523 -0.224376 -0.373504
-0.682018 0.424976 -0.594865 -0.695436 -0.979849 -0.660064 -0.380527 0.004803 0.971415 -0.580901 0.840823 -0.475653 -0.541082 0.333152 0.753555 0.869829 -0.573126 0.623115 0.824528 0.161379 0.620841 0.311957 0.321489 0.710057 0.364661 -0.825516 -0.523136 0.128098 -0.293294 -0.090540 -0.906628 0.903011 -0.943884 -0.872784 -0.546626 0.064459 -0.501155 -0.760790 0.952668 0.993980 0.092417 -0.095000 -0.681812 -0.206957 0.050306 -0.491298 0.850769 0.633869 -0.625229 -0.408191
0.009890 0.610908 -0.100489 0.196657 -0.580555 0.146472 0.344004 0.364292 -0.860459 0.142047 -0.392976 -0.684555 -0.853644 -0.885006 0.325762 -0.555526 0.278839 -0.967674 0.048700 0.890457 0.933409 -0.758724 -0.552526 -0.516744 0.836957 0.606932 0.981550 0.567458 0.145081 -0.859064 -0.969958 0.263572 -0.097142 -0.389606 -0.022342 0.369476 -0.739706 -0.462211 -0.459796 -0.557695 -0.993676 -0.309574 -0.221609 -0.683876 0.242997 0.207767 0.418621 -0.438919 0.727090 0.522717
0.439762 0.022796 0.742598 -0.272703 -0.725161 0.199528 0.444445 0.980410 -0.181295 -0.505070 0.643400 -0.299975 0.877710 -0.812643 -0.524780 0.570929 0.070471 0.415204 0.300038 -0.432495 0.072592 -0.871452 0.373596 -0.061800 0.574181 -0.604061 0.331070 0.995319 -0.121000 -0.586930 0.074157 0.068130 -0.847074 -0.787814 -0.921234 0.302646 0.651104 -0.515243 0.194813 -0.355442 -0.363622 -0.973417 0.125191 0.061122 0.581703 0.228538 0.256012 -0.675356 -0.185503 0.905027
0.842855 -0.250233 0.028945 -0.156353 -0.380258 -0.711945 0.205073 0.211062 -0.404153 -0.867875 -0.699359 -0.441053 0.703693 0.200900 -0.251166 0.778129 0.075748 -0.807001 -0.884360 -0.773243 -0.643347 0.147788 -0.238009 0.772126 0.365058 -0.871534 0.976198 0.506534 0.531639 -0.093752 -0.721089 -0.592693 0.492123 0.405226 0.797878 -0.472400 -0.476967 -0.436406 0.151374 0.682865 0.572994 0.967988 0.578356 -0.199977 -0.473743 -0.223847 0.018520 -0.591789 0.929414 0.335166
0.085740 -0.468692 -0.630263 0.725206 0.617089 -0.196057 -0.681572 -0.108057 -0.212096 0.841613 0.133904 0.482341 0.840377 -0.638952 0.283853 0.753443 0.240069 -0.474395 -0.906797 -0.382235 -0.307459 0.583386 -0.862607 0.207686 0.023801 0.953778 0.277736 0.792032 0.070193 0.202671 0.661841 0.240294 -0.209603 -0.783553 0.272370 -0.654630 -0.411988 -0.230381 0.447296 0.914662 0.515272 0.616237 0.376731 0.317584 -0.733045 0.103973 0.967051 -0.675902 0.339193 0.034909
-0.082064 -0.162973 -0.994485 -0.798276 -0.601801 0.587603 0.711563 -0.982505 -0.491753 0.130496 -0.273211 -0.156775 -0.164504 -0.809372 -0.156768 0.904320 -0.973351 0.800378 0.386160 -0.781579 -0.484756 0.152763 0.504390 -0.400504 -0.983704 0.732405 0.491633 0.498665 0.032382 -0.338418 -0.018207 -0.875016 -0.277423 0.925106 -0.897844 -0.719588 0.730954 -0.559833 0.609400 0.725055 -0.760868 -0.942980 0.374590 0.937282 0.568088 -0.332989 -0.383877 -0.921669 -0.965533 0.430692
0.196942 -0.479963 -0.635735 -0.242070 -0.054644 -0.949384 0.468124 0.083570 -0.333525 0.747533 0.298184 -0.877899 0.179490 0.751538 0.081315 0.787362 -0.788372 0.041781 -0.465387 0.568756 0.425990 0.059795 0.753408 0.853495 0.046915 0.885050 -0.130414 -0.855868 0.798590 0.272366 0.276507 0.279298 0.701284 0.633728 0.360173 -0.269146 0.359216 -0.211497 0.104859 0.574851 0.757853 0.637930 0.807572 -0.513829 -0.015987 -0.381029 0.585978 0.783699 0.588114 -0.647817
-0.625904 -0.383632 0.791955 -0.346536 -0.319422 -0.709495 0.843644 0.577404 0.082579 -0.502387 -0.392070 -0.290327 -0.095801 -0.359942 -0.898094 0.451199 0.836282 -0.348872 0.062182 0.289542 -0.593468 0.923977 0.875886 0.288886 -0.370112 -0.112247 -0.686272 -0.921102 -0.033043 0.327395 -0.378205 0.795710 0.887441 0.705937 -0.368514 -0.938773 -0.842882 0.013460 0.505771 -0.870601 0.956216 0.523218 0.083493 0.918560 0.269151 0.847114 0.685272 -0.923808 0.187601 -0.752836
-0.905277 -0.206342 -0.127938 0.110231 -0.182513 0.019257 -0.193487 0.535555 0.460146 0.258553 0.894397 0.909950 0.035199 -0.825342 0.125652 -0.219158 0.038394 0.314700 0.633348 -0.808142 -0.615956 -0.752287 0.522476 -0.530885 -0.980835 0.196583 -0.550608 0.355661 -0.973251 -0.440374 -0.062456 -0.028182 0.458094 0.758088 0.704461 -0.504753 0.428231 -0.842434 0.881047 -0.278652 -0.076322 0.782659 -0.972114 0.936209 -0.480128 -0.998753 -0.005751 0.383935 0.932842 0.600821
0.771132 0.453087 -0.298573 0.007409 0.976236 0.296596 -0.640894 -0.036638 -0.728215 0.345510 -0.210406 0.381153 0.713850 -0.978184 0.498578 -0.517821 0.550210 0.984193 0.359194 -0.944914 -0.661374 -0.177252 0.572943 0.181781 0.443104 0.319366 -0.710268 0.263394 0.169388 -0.923807 0.670312 -0.095447 -0.168043 -0.419539 0.780265 0.741668 -0.527587 0.632352 -0.724533 0.436359 -0.350490 -0.753662 0.309195 0.127746 -0.466740 0.057531 0.871363 0.965038 -0.804496 0.789244
-0.971107 0.826391 0.099957 0.521872 0.794555 0.186824 -0.345300 -0.110065 0.856599 0.424173 -0.484945 -0.069830 -0.985234 -0.657462 0.157490 -0.499255 0.208781 0.890839 -0.960006 -0.172345 0.396027 -0.994042 -0.260322 0.899884 0.822513 -0.350616 -0.961546 0.459399 0.374013 0.535856 -0.215798 0.720389 0.765804 -0.972914 -0.885658 -0.328170 -0.548317 -0.576371 0.027731 0.163327 -0.713348 0.858125 -0.955569 -0.446512 -0.992446 -0.049667 -0.398725 -0.486061 -0.580341 0.454382
0.605748 0.749470 -0.748900 -0.150273 -0.063869 -0.764608 0.908766 -0.241554 -0.263458 -0.956895 0.120289 -0.026933 0.369379 -0.749043 -0.575448 -0.620141 0.849185 -0.143590 0.637025 0.912048 -0.149149 0.670480 -0.199830 -0.066803 0.952613 -0.163740 0.743191 -0.422918 0.110554 -0.880672 -0.719184 0.397736 -0.790756 0.310351 0.733042 -0.272422 0.724189 -0.290478 0.199705 -0.559663 0.209825 0.132808 -0.754288 -0.188012 0.057516 -0.754122 0.581111 0.500144 0.386458 0.623897
0.857169 -0.317749 -0.983631 -0.923661 -0.555061 0.576273 -0.966069 0.073919 -0.403350 -0.052713 -0.560466 -0.560526 0.663701 -0.784361 0.777341 -0.252052 -0.209911 0.750074 0.375307 -0.771592 -0.984889 0.818098 0.697594 0.564147 0.596312 0.616039 0.877275 0.074120 0.468741 0.435925 0.380290 -0.162140 -0.646882 0.082944 0.689252 0.955694 -0.142949 0.779643 -0.818851 0.353746 0.941417 -0.531511 -0.351785 0.473240 -0.858124 0.873800 0.862310 -0.638319 0.698868 0.235489
-0.328458 0.589001 -0.334637 0.048795 -0.961530 -0.523714 0.103121 -0.399715 -0.067670 0.568232 0.073993 0.402559 0.359133 0.267283 -0.111803 0.914045 0.398386 0.159789 -0.866972 -0.980282 -0.929338 0.213351 0.877272 -0.723012 0.698185 0.690808 -0.306218 -0.950851 -0.017028 0.851163 0.950702 0.822754 0.797506 -0.072890 0.038365 -0.482324 0.068052 -0.214674 -0.849849 0.641382 -0.031316 -0.000131 -0.008352 -0.851675 -0.918025 0.632460 0.937046 0.403105 -0.797578 0.860724
-0.474320 0.351165 0.184202 0.595741 0.507990 -0.038637 0.009545 0.914837 -0.199463 0.381719 0.171408 0.317418 0.688405 0.840528 0.738330 -0.157847 -0.875279 -0.524785 0.404812 -0.147789 0.633773 -0.549046 0.449447 0.268633 0.106899 0.738454 -0.519660 0.263141 -0.712118 0.555749 -0.915038 0.324864 0.106482 -0.801261 -0.105440 -0.658233 -0.995081 -0.048419 -0.598492 0.216522 0.626708 -0.308169 0.473779 0.617025 0.631099 0.956027 0.856728 -0.878798 -0.697498 0.345667
-0.916561 -0.642763 0.887110 0.758098 -0.761279 0.614141 -0.041805 -0.957656 0.641502 0.320267 -0.625025 -0.624186 0.186404 -0.759960 -0.733622 0.049872 -0.068971 0.806416 -0.362829 -0.543592 -0.614927 -0.240194 -0.395717 0.801629 -0.408282 -0.616383 -0.567371 -0.118335 -0.678826 -0.444034 0.822357 0.585447 0.932554 0.989004 -0.032765 0.269376 -0.190271 -0.749109 -0.417272 -0.422800 0.086386 -0.899233 0.021103 0.351759 -0.786348 -0.664741 0.832915 0.127275 0.383407 0.649323
0.839169 -0.506616 0.838718 0.469526 0.897289 -0.084556 0.642863 -0.840786 0.840457 0.324535 -0.719182 0.494136 -0.220877 0.701045 0.841005 -0.988344 -0.707314 -0.827019 -0.639715 -0.651515 0.644443 -0.748656 0.199628 -0.540909 0.428035 -0.073192 -0.826863 0.217342 -0.104319 -0.205919 0.990986 0.508665 0.308920 -0.063814 0.993519 0.613494 -0.238873 -0.449024 -0.957976 -0.650941 -0.075987 0.821370 -0.074091 -0.564194 0.792433 -0.239869 0.923181 -0.875150 0.882687 -0.434985
0.389182 0.815329 -0.958551 0.811548 -0.489889 -0.992615 0.543086 0.562372 0.157899 -0.140952 0.986705 0.576285 0.179604 0.111303 0.176183 -0.965900 -0.024658 -0.320975 0.159628 -0.424904 -0.646145 -0.640578 0.305016 -0.191318 -0.874819 0.031484 0.176609 -0.442991 -0.277294 -0.182885 0.301704 -0.938155 0.067165 0.565974 0.062339 -0.845583 0.936013 -0.161060 0.917631 -0.692218 -0.593313 -0.362217 -0.352844 0.694417 -0.069810 0.754344 0.000107 0.378797 -0.025132 0.844882
-0.541372 -0.944903 -0.744388 0.365203 0.060948 0.882872 0.677569 0.871012 -0.635327 -0.073709 -0.006446 -0.911341 0.465742 -0.173143 0.424047 -0.833563 0.843641 0.058636 0.076986 -0.944495 0.301522 -0.689355 -0.253359 -0.241646 -0.439594 -0.716538 0.243027 0.343913 0.914272 0.810981 0.177438 0.649433 -0.814525 0.572980 0.998085 -0.851963 -0.355229 -0.038624 0.512059 0.641070 0.867025 0.733852 0.398257 0.690502 0.717313 0.681786 0.535666 -0.642155 0.884688 -0.657703
-0.944953 0.139735 0.106316 -0.942720 0.651246 0.275247 0.439031 -0.723571 -0.652382 -0.944873 0.606898 0.214785 -0.635996 -0.953417 -0.026337 0.381784 -0.664875 0.288289 0.874269 0.714878 -0.004790 -0.787211 -0.429574 0.757913 0.361653 -0.550956 0.732155 0.771220 0.120365 0.326559 -0.068164 0.607528 -0.352044 0.774229 0.626291 -0.970538 -0.021616 -0.374810 0.390782 -0.766909 0.158525 0.138616 0.879540 -0.220088 -0.274637 -0.237721 -0.153480 -0.698111 -0.421854 -0.824243
-0.509334 -0.486672 0.505950 0.993993 -0.557812 -0.788984 0.048029 -0.515611 -0.885429 0.047607 0.207663 0.866668 -0.569434 0.970041 -0.244391 -0.196880 -0.263988 0.645729 0.742961 0.040598 -0.648341 -0.723437 -0.989279 0.503375 -0.583021 -0.040445 0.159830 -0.136861 0.943750 -0.058532 -0.268910 0.313037 -0.205168 0.747206 -0.123315 0.879320 -0.293611 -0.487699 -0.171515 0.868267 -0.434245 -0.824499 -0.128509 0.872812 0.640954 0.791312 0.542586 -0.246478 -0.979137 0.890987
-0.673026 -0.125325 0.218467 0.344183 -0.648970 0.925557 0.710313 0.039131 0.197769 0.986409 0.586947 -0.775481 -0.642225 -0.159752 0.606561 -0.355120 -0.970381 -0.695823 0.671396 0.757483 0.887410 0.998235 -0.121818 -0.322376 0.965310 0.383702 -0.594655 0.360159 -0.118503 -0.751786 -0.817516 0.585100 0.073079 -0.979912 -0.356146 0.040795 0.243905 -0.306949 -0.199186 -0.885265 0.647229 -0.038946 0.874036 -0.767308 -0.206202 0.850409 -0.268034 -0.112101 -0.855967 -0.208380
-0.886692 -0.833680 0.777558 0.325443 -0.619338 -0.308861 0.792211 0.844652 0.769831 -0.233821 -0.105437 0.853400 0.232739 0.789477 0.134621 -0.048282 0.796308 -0.574015 0.113187 0.503353 0.521824 -0.401857 0.259665 -0.317234 0.200856 -0.777149 0.083158 0.616472 0.826809 -0.320636 -0.400883 0.652174 -0.391285 -0.680506 -0.028838 0.182358 0.545200 -0.487512 -0.999918 -0.626204 0.312639 -0.325801 -0.182222 0.705497 0.049094 0.378986 -0.361984 -0.701801 0.626257 0.526559
-0.287456 0.051237 0.291158 0.710149 0.490584 -0.902050 0.610278 0.653126 0.173085 0.452771 0.341267 0.785944 0.494587 -0.241216 -0.885844 -0.505885 0.416326 0.485125 0.139981 0.168615 -0.553244 0.690628 -0.052431 -0.772047 0.650890 -0.695105 -0.009741 0.822509 0.502419 -0.629662 -0.863258 -0.929204 0.559558 0.031503 -0.402863 0.894422 -0.776971 -0.357411 -0.713296 -0.056583 0.667136 -0.107755 -0.803097 -0.644614 0.117758 -0.256024 -0.548305 -0.701727 0.460058 -0.601872
-0.386077 0.950265 -0.900831 0.084079 -0.167139 -0.187605 0.557781 0.551820 0.460265 -0.486566 -0.518276 -0.901794 -0.420699 0.068085 0.850563 0.443339 -0.223123 0.795948 -0.668649 0.412658 0.244459 0.953333 -0.713296 0.576639 -0.981031 -0.194353 0.437258 0.697089 0.190431 -0.784656 -0.771565 0.487082 0.609209 0.524055 0.151466 0.008526 0.561429 0.824535 0.550569 -0.593576 -0.770542 -0.551047 -0.191353 -0.202905 -0.960146 0.532317 -0.882795 0.136534 0.872608 -0.137705
-0.726338 0.167361 0.639206 -0.762978 -0.112522 -0.624577 0.339302 -0.061645 0.683497 -0.262737 -0.740929 0.337072 -0.599096 0.152422 0.424194 -0.673700 -0.024809 0.773419 0.285586 -0.164367 0.270377 -0.712706 -0.603061 0.862547 -0.844766 0.915525 -0.265831 -0.245982 -0.417919 0.648618 -0.608840 -0.135013 0.204105 -0.505705 -0.065520 0.180420 -0.110944 0.458720 -0.068504 0.379936 -0.917827 0.681321 -0.371637 -0.761039 0.051971 -0.157448 -0.933866 0.628476 0.387602 0.470431
0.495388 -0.494829 0.796902 -0.744541 -0.852728 -0.032516 -0.525449 -0.043671 0.426484 -0.163189 0.384213 0.947020 0.223638 -0.912016 0.212027 0.477765 -0.652909 0.880569 0.598998 0.183982 0.539347 -0.495390 0.022315 -0.371854 0.587074 0.935728 -0.994359 -0.278125 0.683577 -0.808957 0.970412 -0.043448 -0.259664 -0.380313 -0.582071 0.922149 0.179050 -0.930917 -0.804498 -0.104797 -0.380439 0.000286 -0.635515 -0.764157 -0.104543 0.952465 -0.303243 -0.290369 -0.886639 0.526583
-0.251825 -0.582313 0.829290 0.906790 0.185825 0.920370 -0.786812 0.152691 -0.656500 0.564497 0.695164 -0.284281 -0.136542 0.619077 -0.255713 -0.364722 -0.039155 -0.184562 -0.491440 0.515873 -0.308137 -0.588035 0.269461 -0.653393 -0.441520 0.690889 0.159120 -0.336656 0.662169 -0.696447 -0.650911 0.558526 -0.873881 -0.671654 0.653420 0.362226 0.876421 0.072945 0.313778 0.289523 0.931125 -0.668158 -0.081229 0.470754 -0.345132 -0.974350 -0.368852 0.587979 -0.243002 -0.752376
0.777518 -0.292971 0.150867 -0.006007 -0.828327 -0.671720 -0.982412 0.340317 -0.605410 0.521655 -0.899005 0.972085 -0.088364 0.375959 0.243813 0.552487 -0.690128 0.229076 -0.709796 0.123116 -0.099163 0.398353 0.765891 -0.231605 0.605697 0.397855 0.495818 0.966932 0.275689 -0.540381 -0.598748 -0.507334 -0.015989 0.801421 -0.212325 -0.003293 -0.434446 -0.061693 -0.768672 -0.053971 0.518759 0.678393 0.423547 -0.825282 0.910156 0.538028 0.103053 -0.076845 0.172871 -0.957483
-0.042737 0.025935 0.403461 0.148458 -0.626277 -0.294117 -0.104728 0.481576 -0.289210 -0.512428 0.187123 0.053947 -0.905550 0.200925 0.072127 -0.631905 0.150050 -0.915902 0.285798 0.244481 -0.001053 0.019764 -0.432990 -0.395722 -0.324792 0.390717 -0.852812 -0.878158 -0.900868 0.519124 -0.227485 -0.062099 -0.556494 0.954804 -0.039089 -0.742196 -0.188386 0.397832 -0.599623 0.313232 0.689304 0.044052 0.512456 -0.286666 -0.327808 -0.436109 -0.356446 -0.484752 0.752361 -0.284648
-0.549743 0.837097 0.850623 -0.948378 -0.407674 0.665937 -0.352465 0.493576 0.194838 0.980028 0.461669 0.336672 -0.949218 -0.656826 0.009199 0.209060 -0.262894 -0.910234 0.980156 0.998776 0.115514 0.804594 0.740519 -0.865582 0.325497 0.464632 -0.108556 -0.955345 -0.241652 0.550978 0.254894 0.600459 -0.962069 0.873355 -0.816644 0.285167 -0.119204 0.435195 0.139115 -0.372893 -0.102981 0.862566 0.827164 0.151828 0.515783 -0.311518 -0.467950 -0.147883 -0.154655 0.889292
-0.395210 0.083613 -0.265396 0.507629 0.702390 -0.080377 -0.773657 0.126805 0.496028 -0.597140 0.374384 0.608866 -0.954934 0.107817 0.885885 0.450920 0.861681 -0.951600 -0.257846 0.553570 -0.920739 -0.888883 -0.195204 0.540759 -0.802053 0.068666 0.079702 0.021076 -0.886991 0.969258 -0.703016 0.294446 0.378402 -0.479949 0.980190 -0.032876 -0.448416 0.570475 0.018274 0.497014 -0.835970 0.058845 -0.609504 -0.026246 0.444606 -0.598142 -0.232668 0.150740 -0.614042 0.653280
0.431439 0.496268 0.979413 0.958824 -0.385943 0.666998 -0.871996 -0.216175 -0.906815 -0.680220 0.420414 0.894526 -0.614825 -0.831886 0.692246 0.572866 0.197322 -0.678840 0.328161 0.973483 -0.704627 0.578152 -0.020612 0.365299 0.547372 0.816079 0.110431 0.083483 0.042243 -0.803022 -0.638636 0.490296 0.166766 -0.456682 -0.869930 -0.966222 0.215015 -0.625486 0.705657 -0.728674 0.593144 -0.899568 -0.916916 -0.078553 0.133729 -0.348170 -0.042547 0.794827 -0.376246 0.036559
0.673286 -0.583513 -0.787785 -0.935607 0.094706 -0.674684 0.194899 0.784485 -0.626965 0.084689 -0.718223 -0.552051 -0.438947 0.979691 0.734870 0.872553 0.135354 -0.791344 -0.567320 0.428407 0.447917 -0.348689 0.636830 -0.796642 0.151268 0.820825 0.734940 0.759119 -0.879172 -0.691998 0.909222 -0.246812 0.048371 -0.090199 0.224626 0.242521 0.190167 -0.828478 0.581014 0.060803 0.661673 -0.970511 -0.425510 0.782233 -0.471462 0.614100 0.416608 -0.371431 -0.222982 0.788899
0.227911 0.348958 0.623560 -0.227595 0.526719 0.058037 -0.660948 -0.340714 -0.089849 0.062308 -0.222198 0.233881 -0.817663 -0.257149 -0.346903 0.762732 -0.810831 0.272096 -0.794679 0.127813 -0.250055 -0.364033 -0.267619 0.450637 -0.526105 -0.459217 0.079242 -0.613819 0.635526 0.105336 -0.060031 0.630527 -0.657241 -0.893266 -0.754213 0.059768 0.322341 -0.461898 0.625648 -0.037046 -0.901445 -0.381328 0.622391 -0.564949 -0.422202 0.926602 0.517078 -0.699258 -0.769072 -0.952170
0.015404 0.455570 0.035424 0.625575 0.904257 -0.586944 -0.396278 0.364482 0.398520 0.012566 -0.963303 0.040930 0.312764 0.237281 0.110518 -0.359730 0.866733 0.644159 0.151570 0.844177 0.410090 0.525632 -0.325447 0.982579 -0.994811 -0.902161 0.586048 0.581999 0.130094 -0.369190 -0.775186 -0.867439 0.640115 0.692544 -0.752040 -0.132436 -0.973167 -0.120460 0.326022 -0.489520 0.860887 -0.410251 0.412393 0.820878 -0.385433 0.053459 0.900223 -0.730531 -0.567522 -0.392115
-0.882260 -0.418288 0.745714 0.651788 -0.710133 -0.810928 -0.475247 -0.318333 0.992903 -0.757309 -0.280918 0.780172 0.263104 0.391260 -0.744721 0.853534 -0.936401 0.326214 -0.585773 0.727172 -0.168983 0.495690 0.273805 0.206057 0.153197 0.807123 -0.751815 0.011922 0.948839 0.468543 -0.523539 -0.776998 0.263716 0.329386 0.411677 0.443525 -0.535662 0.710680 0.536150 0.189611 0.442545 -0.637571 0.725954 0.876679 -0.812434 -0.785213 -0.808098 -0.315164 0.829678 -0.439772
-0.434557 0.996203 0.460796 -0.300731 0.741126 0.495829 -0.599370 -0.127854 -0.244278 0.161818 -0.018266 -0.325694 0.383066 -0.490432 0.769309 0.863368 -0.379906 -0.748348 0.588577 0.385462 0.607687 0.977110 -0.049466 0.458959 0.533805 -0.520978 -0.518770 0.570359 -0.341118 -0.783645 -0.969877 0.956884 -0.778014 0.495369 0.104929 -0.062517 -0.459792 0.988825 0.405206 0.325131 0.988093 0.206267 0.569078 0.704702 -0.603815 -0.164722 0.743658 0.543141 0.476446 -0.631332
0.217543 -0.439917 -0.096472 0.961339 -0.579403 0.868818 0.391340 0.803578 0.186003 -0.668295 -0.255226 0.457850 -0.189942 -0.405298 0.036710 -0.784475 0.505019 -0.488666 -0.204126 0.003428 -0.569323 -0.523237 0.801287 -0.754160 0.604762 0.770929 0.657428 -0.152011 0.469361 0.894395 0.593618 -0.853760 0.963271 -0.333917 -0.478988 -0.315452 -0.400054 0.010013 0.024644 0.281292 -0.881457 -0.988546 -0.108239 -0.281572 0.003574 -0.255731 -0.795796 -0.031701 0.441805 -0.117927
-0.957335 -0.429326 -0.373406 -0.823862 0.436359 0.301735 -0.533463 -0.204176 0.141691 0.339376 -0.406179 -0.011760 0.347665 0.826607 -0.852469 -0.912444 0.667508 0.594101 -0.846163 0.738338 -0.427780 0.915039 0.576605 -0.044337 -0.725339 0.117750 -0.541382 0.307611 0.520393 0.262044 0.901134 -0.821938 -0.348081 0.092055 -0.787826 -0.562295 -0.943798 0.257810 -0.373340 -0.873819 -0.144361 0.158109 0.550781 -0.835797 -0.584648 0.924661 -0.616975 0.646325 0.054020 0.257714
0.754486 -0.739147 -0.867985 0.494711 -0.608295 -0.169321 -0.318864 -0.283771 -0.060900 0.138235 0.711956 0.656048 0.697959 -0.866318 -0.257876 -0.774393 -0.522665 -0.347579 0.708760 -0.832569 0.013092 0.295352 0.950452 0.868756 -0.495306 0.792668 -0.247622 0.622718 -0.745511 0.620622 0.206111 0.331034 0.817358 -0.625243 -0.757794 0.502614 0.096045 -0.656186 -0.190768 -0.060290 0.604653 0.384682 -0.631412 -0.024584 0.263043 0.978698 -0.381716 -0.421201 -0.617606 -0.402089
-0.742777 -0.423084 -0.626874 -0.307782 -0.021326 0.827334 -0.086419 -0.542844 -0.230430 0.231215 0.603417 0.723847 0.857185 -0.806342 0.669354 0.399107 -0.195525 0.247816 0.962292 0.784148 0.169082 0.549354 -0.124620 -0.967992 0.274594 -0.554537 0.972711 -0.235910 0.624430 -0.817691 -0.459633 0.688056 -0.927390 -0.890102 0.710081 0.441602 0.055635 0.356684 -0.661833 0.470352 0.313755 -0.904377 0.311068 -0.227941 0.871327 -0.912446 0.306439 0.771018 -0.164952 -0.234617
-0.551209 -0.694646 -0.716608 -0.871267 0.862213 0.973330 0.154133 -0.997748 -0.658176 -0.344378 0.874983 -0.620642 0.127370 -0.620062 -0.410322 -0.516382 0.362077 0.520539 -0.746102 0.175099 0.699769 -0.435886 -0.216061 -0.990280 -0.017419 0.970008 -0.471613 0.153793 -0.355925 -0.506138 -0.473360 0.094899 -0.539942 0.830904 0.821845 0.860236 -0.109471 0.079833 -0.408349 -0.682818 0.436730 0.274888 -0.854553 -0.487014 0.067091 -0.658035 -0.592206 -0.404914 0.019958 0.591771
0.376954 0.230192 0.830040 -0.934191 -0.192489 0.638984 0.832017 0.524702 0.626102 -0.708573 -0.859790 -0.368363 0.238318 0.008922 0.789807 0.437231 -0.493039 -0.731812 -0.781949 -0.726533 -0.699565 -0.011727 0.786297 0.707041 -0.001150 -0.267476 0.222568 0.038858 -0.820904 -0.987663 -0.361283 -0.842465 0.844599 -0.629705 0.541678 -0.954699 0.621644 -0.645922 0.822356 0.466468 -0.495510 -0.660304 0.747619 0.753583 -0.688662 0.217435 0.753804 0.440066 0.143786 0.818424
0.557731 -0.928747 0.123430 -0.434309 0.600289 0.019878 0.346524 -0.714645 0.687672 0.167913 0.470043 0.887353 0.015831 0.401332 -0.209271 0.015128 0.597936 0.391808 0.184919 0.889756 0.127066 -0.594789 0.553565 0.731554 -0.990178 0.163063 -0.269598 -0.389180 -0.760120 -0.809613 -0.029037 0.413430 0.062293 0.135294 0.987958 -0.197655 -0.098101 -0.568510 0.961397 -0.233165 0.894555 -0.572574 0.618913 0.794886 0.716584 -0.100054 -0.613657 0.847318 0.310130 0.353975
-0.119744 -0.156981 -0.321397 -0.927302 -0.574269 -0.183182 -0.071917 -0.449684 -0.978500 0.494730 0.703497 -0.916789 0.793382 -0.856511 -0.759669 -0.068783 0.293020 -0.356485 -0.526987 0.730987 0.627545 0.630996 -0.827615 0.238328 0.522101 0.703287 0.186446 -0.235169 -0.386624 0.936185 -0.065459 -0.541182 0.549610 0.653620 -0.380034 -0.571266 -0.813957 0.847201 0.974369 -0.835837 0.946388 0.333318 -0.202908 0.536221 -0.243130 -0.474894 -0.543926 -0.235323 -0.083764 0.031295
0.876048 -0.350158 0.021528 -0.531655 -0.662097 -0.667719 0.500429 0.860343 -0.985293 0.289046 -0.604051 0.464853 -0.818725 0.376625 0.765582 -0.025002 0.201323 0.379847 0.577929 -0.489235 0.353717 -0.413282 0.232551 0.549429 0.348169 -0.341883 0.787200 0.932738 -0.428469 -0.420680 -0.362709 0.160132 -0.042243 0.176792 0.333725 0.865569 0.109907 0.037472 -0.191885 0.190021 -0.275038 0.515123 -0.901323 0.999672 -0.350435 -0.069663 -0.759742 -0.650259 0.002198 0.424660
-0.457739 -0.236487 0.754847 0.896194 -0.157310 -0.359369 -0.329056 0.866062 -0.456204 0.158677 -0.160429 0.585875 0.178578 0.562230 -0.418369 -0.718693 -0.233510 0.194139 -0.591873 0.554267 0.017441 0.075691 0.600016 0.612444 0.024726 0.334506 0.884187 -0.760334 0.484814 0.816222 -0.048226 -0.466347 0.269661 -0.153660 -0.587607 0.508725 0.924149 0.152315 -0.484635 0.056751 -0.404525 0.819375 0.375290 0.412929 -0.663061 0.222803 0.690874 -0.464175 -0.314987 -0.316047
-0.606663 0.901520 -0.588247 0.134129 0.271360 0.816969 0.369253 0.572153 0.220814 -0.930824 -0.892817 0.122929 -0.688358 -0.782720 0.162167 0.177779 0.391405 0.963127 -0.639707 -0.225686 0.161257 0.751000 0.232025 0.546605 -0.572804 0.756003 -0.174469 0.307546 0.941144 -0.910661 -0.218822 0.238337 0.300149 0.247753 -0.833214 -0.916356 -0.516908 -0.796082 0.840712 -0.753917 0.261980 -0.148869 -0.739030 -0.688401 0.372230 0.813482 0.137896 0.882846 0.400404 -0.747102
0.835965 0.428524 0.173841 0.102663 0.359856 -0.419487 0.918874 -0.599123 -0.904962 0.430107 -0.790992 -0.703677 -0.409738 0.657433 -0.894002 0.033142 0.460160 -0.310852 0.369463 0.861191 -0.777305 -0.308303 0.943792 -0.563539 0.225084 0.909243 0.003857 -0.641613 -0.480283 0.807858 -0.457660 0.916326 0.845150 0.769081 0.604802 -0.018431 -0.507087 -0.169954 -0.416434 -0.091350 -0.260910 0.733774 0.092401 0.045236 -0.134962 -0.694025 0.315719 0.660868 -0.226917 0.697828
-0.499500 0.937492 -0.149267 -0.316886 0.201218 0.658924 0.961491 -0.019232 0.448264 -0.140601 0.089118 0.079402 -0.948654 -0.574850 -0.165160 -0.287515 0.643656 0.092581 -0.566085 0.453977 -0.287448 0.128524 0.120686 0.590227 0.139860 0.382588 0.501784 -0.919580 0.224823 -0.634345 0.642386 0.629576 -0.715784 -0.910382 -0.703591 -0.130683 0.473782 -0.094267 -0.912660 0.472747 0.731513 -0.873613 0.515572 0.607025 -0.866766 0.861684 0.276387 -0.114547 -0.473832 -0.092845
0.358354 0.140421 -0.013945 0.391886 -0.362079 0.913555 0.594821 0.335368 -0.942756 -0.580634 -0.844725 0.178097 -0.222432 -0.060714 -0.517625 -0.996809 -0.586808 0.312428 0.110071 -0.309495 0.706253 0.381511 -0.673152 0.972027 0.766359 -0.536427 -0.505492 -0.945491 0.434722 0.580912 -0.512973 0.093629 -0.817837 0.991757 -0.042551 -0.216422 0.354906 0.427206 -0.622685 0.354953 0.831439 0.557097 0.143840 0.269301 0.312731 -0.849973 0.862012 -0.782626 0.737966 0.264043
-0.831677 -0.451849 0.868535 0.977905 0.679492 -0.944602 -0.595304 -0.787360 -0.605901 0.658245 -0.446515 0.986081 -0.511621 -0.290662 0.445739 -0.695678 -0.921212 0.219914 -0.847568 -0.483656 -0.745549 0.598945 0.186559 0.878059 -0.983222 0.597344 -0.958237 0.289083 -0.814703 0.162917 -0.366719 -0.534529 0.749881 -0.196759 -0.333627 0.934276 0.649504 0.998946 0.298297 0.842937 0.712085 -0.800843 -0.299909 0.900060 0.000007 0.521254 -0.995790 0.958752 0.996196 0.454410
-0.481472 0.591123 0.324754 -0.248079 -0.581700 0.112545 0.063439 -0.440879 0.493453 0.839837 -0.594170 -0.783375 -0.545622 -0.748989 0.987407 -0.898386 0.622414 -0.112597 -0.275217 0.544990 -0.675279 -0.807739 -0.478842 0.452306 -0.867853 -0.029964 -0.322669 0.052870 -0.667130 -0.268102 -0.171929 -0.957022 0.631755 -0.443795 0.014703 0.225320 -0.259846 -0.208471 0.138310 -0.067291 -0.180855 -0.764471 0.895705 0.599808 0.616153 0.672189 0.551824 0.893051 0.602527 -0.434999
0.199925 0.126892 0.037429 0.032815 0.571259 0.008819 0.802039 -0.912542 -0.965825 0.454346 -0.583632 -0.055905 0.422203 -0.243337 -0.258936 0.924682 0.987760 -0.877696 0.841178 -0.269289 -0.845831 -0.779293 0.752777 -0.742020 -0.076110 -0.116204 0.081556 0.816280 0.924254 0.198326 0.995341 -0.442190 0.304350 -0.695793 0.947258 0.244393 0.821962 0.535671 -0.376247 -0.632923 -0.989845 -0.133370 -0.301887 0.349199 -0.869965 -0.673637 0.791462 0.195314 -0.798856 0.479491
0.591106 0.409284 0.223163 -0.610497 0.102805 0.442380 0.761778 -0.568060 -0.657261 -0.646169 -0.739763 -0.415772 -0.715789 -0.173166 0.844080 -0.033032 0.115244 0.126715 0.013436 -0.056968 0.768657 -0.127154 0.672607 0.888608 0.097056 0.232275 -0.066615 -0.727804 0.962212 0.158159 -0.355388 -0.258011 -0.947367 0.755685 -0.664888 0.109580 0.629986 0.070325 0.333381 -0.720441 0.717846 -0.428795 0.406998 0.582427 -0.371941 0.203540 -0.751696 -0.943352 0.342128 0.195080
0.673674 0.316426 0.104363 0.011633 -0.797485 0.149042 -0.145063 -0.384008 -0.617915 -0.508465 -0.822273 0.990165 0.958495 -0.265253 -0.952353 -0.487893 0.291500 0.856292 -0.171022 0.561056 0.069088 0.391279 -0.970549 -0.464608 -0.537518 -0.308055 0.474122 0.598174 0.432930 0.680085 0.896886 -0.937743 0.193679 0.709189 0.136348 -0.637522 -0.355598 -0.439966 -0.588624 -0.420788 -0.068873 0.843909 0.649631 -0.765083 0.399828 0.622723 0.370394 -0.730584 -0.037741 0.249718
-0.210479 -0.869994 0.572804 0.619733 0.642372 0.973912 -0.042838 -0.821492 0.418881 0.308413 0.015088 -0.670719 0.883047 0.787706 0.480486 -0.709844 -0.708533 -0.937350 0.034807 0.536700 0.440013 0.365514 -0.076156 -0.870370 -0.239743 -0.974925 -0.957142 -0.904670 -0.261219 0.020358 -0.019186 0.942918 0.206954 -0.274720 0.500834 0.998567 -0.438344 -0.445628 -0.060180 -0.797159 0.255360 -0.753080 -0.017226 -0.632416 0.491525 0.452153 0.160434 -0.733239 -0.103256 -0.404225
0.564066 0.193871 0.691123 0.763754 -0.904900 -0.097365 -0.321499 0.976220 0.072345 0.991319 0.987794 -0.423737 -0.271685 -0.883671 -0.584913 0.295186 0.209645 0.765313 0.389642 -0.308160 -0.732405 0.395182 0.878207 0.614728 0.211686 -0.928110 -0.186071 0.370222 -0.350426 0.390080 -0.844543 -0.982398 0.034146 -0.180511 0.861332 -0.999234 0.674227 -0.505451 -0.014505 -0.776726 -0.260233 -0.963696 -0.948243 -0.853304 0.141578 -0.584095 0.627594 -0.683816 0.495578 0.222235
-0.937329 -0.369644 -0.021729 -0.192065 -0.531263 -0.667711 -0.700455 -0.957563 0.736779 0.783080 0.261492 0.694773 -0.411040 -0.749944 0.580182 -0.227303 0.213221 -0.470310 0.829781 0.445222 -0.672762 0.604104 0.863133 0.544090 -0.809980 -0.911043 0.073646 0.195956 0.589507 -0.216743 -0.986049 0.119566 0.529344 -0.089202 0.742892 -0.721194 0.496191 -0.151685 -0.953886 -0.279816 0.237836 -0.442135 0.049756 -0.317547 -0.639616 -0.776217 0.989230 0.367739 -0.171565 -0.656623
0.506497 -0.163150 -0.781086 -0.590789 0.783020 0.149552 -0.788390 0.248241 -0.481010 0.264923 0.694756 -0.365602 0.395325 -0.215616 0.903516 -0.477183 0.792652 0.995863 0.385816 0.517546 -0.578304 -0.498021 -0.832510 0.950001 -0.012217 0.980959 -0.981347 -0.751069 0.225379 -0.104774 -0.657094 0.959228 -0.340061 0.554404 0.145840 -0.757391 -0.916864 -0.578248 0.507980 -0.177860 0.922132 -0.204853 -0.138280 -0.359934 0.378482 -0.838507 -0.754705 0.170835 -0.003040 0.577481
-0.196577 0.056640 0.629206 -0.353521 0.317910 -0.058346 0.488824 -0.471470 0.421648 -0.481339 -0.247087 -0.381158 -0.270484 -0.965765 0.228889 0.190821 0.605196 -0.532138 0.839591 -0.523633 -0.105689 -0.645410 -0.765426 0.489921 -0.116886 -0.496297 0.435992 0.316730 0.349415 0.347002 -0.402016 0.232452 -0.653679 0.652079 0.067219 0.950274 0.307164 0.133068 0.326212 0.444514 0.201291 0.980054 -0.912868 -0.881162 -0.050556 -0.956948 0.468679 -0.919364 0.732313 -0.910301
-0.850387 -0.824659 0.898757 0.818447 -0.522063 0.916522 0.473179 0.434257 0.368632 -0.798424 0.976666 0.405100 0.176445 -0.489901 -0.352732 0.288081 0.118046 -0.990487 -0.967222 -0.893753 -0.805468 -0.910310 -0.814529 0.060001 -0.788780 -0.022974 -0.446660 -0.367780 -0.473372 -0.018440 0.746203 -0.181882 -0.589205 0.244579 -0.330754 -0.134320 -0.264969 -0.163759 0.415556 -0.633011 -0.404037 0.305286 0.589891 0.454098 0.509698 0.738293 0.405868 0.342317 -0.346359 0.197152
-0.657987 0.533582 -0.965247 -0.583078 0.567406 0.145119 -0.987231 -0.551705 -0.777918 0.252382 -0.759183 0.101754 -0.969553 -0.321091 -0.172730 0.333154 0.679694 0.815220 0.762330 0.258932 0.916723 0.680191 -0.465717 0.133235 0.058025 -0.894036 0.540974 0.558484 0.297472 0.649837 -0.435410 -0.025789 0.020781 0.420785 0.077896 0.684921 0.127167 -0.290047 0.498290 0.656629 -0.809495 0.879459 -0.553850 -0.146214 0.146175 -0.449634 -0.243503 -0.094432 0.760699 0.754644
0.380947 0.089251 0.300347 -0.566056 0.347605 0.919006 0.203362 0.253598 0.424132 0.137297 0.858056 0.562398 -0.084368 -0.173076 -0.885742 -0.587455 0.486930 0.007480 -0.420018 -0.601446 -0.521365 0.070391 -0.482355 -0.777409 0.195259 -0.051110 0.166510 0.918779 -0.430766 0.279717 0.295130 -0.060775 0.936624 -0.726235 0.744755 -0.909933 -0.256000 0.203766 -0.328652 -0.445379 0.299920 0.779450 -0.674063 -0.433058 0.496962 0.068901 0.408569 0.594901 -0.731034 -0.638188
0.569689 0.407980 0.957622 -0.097405 -0.899031 -0.303861 0.407526 -0.040934 0.330925 -0.773143 -0.311737 0.708359 0.220625 -0.939665 0.899977 -0.882007 0.472988 -0.928841 0.247038 0.689463 0.065698 -0.455912 0.444363 -0.625693 -0.907792 -0.625851 -0.838532 -0.141977 0.982432 0.918355 0.819670 0.374299 0.659219 -0.500840 0.239994 0.807026 -0.311142 0.054078 0.694015 0.976042 -0.408696 0.179629 -0.784053 0.363419 0.082436 -0.065993 -0.571347 -0.117270 -0.326885 -0.900195
-0.019756 -0.025886 -0.447711 0.345782 -0.798462 0.069149 -0.579451 0.701286 0.591804 -0.858940 -0.284368 0.324885 0.776382 -0.988834 0.916451 0.997620 -0.642323 0.328183 -0.379982 0.956356 0.990375 -0.285082 0.849448 0.912191 -0.610107 -0.520611 0.857055 0.843527 0.039622 -0.346038 0.117508 0.081254 -0.408464 0.995323 0.997984 0.930791 0.485073 0.037656 -0.936811 0.556094 0.581977 0.155570 -0.760258 0.289510 -0.945488 -0.359982 -0.882338 -0.197892 0.288812 -0.878789
-0.731551 0.966348 0.297478 -0.692215 -0.262029 0.781098 0.540105 0.032438 0.402793 -0.277810 0.068679 0.225272 0.743910 0.938055 -0.582845 -0.609691 -0.255483 -0.627512 0.417169 -0.314435 0.002404 -0.532189 -0.903756 0.480873 0.622362 0.352303 -0.647090 -0.073375 -0.180225 -0.849490 -0.541463 -0.397482 -0.429016 0.196581 0.527190 -0.448816 -0.989606 -0.598849 -0.262746 -0.500110 0.090332 -0.032978 -0.786455 0.261398 0.304549 -0.185423 0.296450 0.195385 -0.800556 0.668626
-0.950640 0.097729 -0.200689 0.150369 0.140380 0.130766 0.621348 -0.395979 0.947868 0.957786 0.957223 0.892242 0.102691 0.727344 -0.026636 -0.411464 -0.110102 -0.598977 -0.433272 -0.853234 -0.070500 -0.796362 -0.605858 0.275938 -0.390173 0.527250 -0.372167 0.450898 -0.306241 0.227354 0.568198 0.211002 0.469025 -0.255805 -0.415186 0.880465 0.498359 0.705049 0.912956 0.321006 0.965986 -0.047682 -0.940119 0.003963 0.170184 0.843709 0.854416 0.182029 -0.945563 -0.281792
0.250092 -0.288062 -0.270702 0.201766 -0.115517 -0.167435 0.399686 -0.535453 0.863336 0.397885 0.709857 -0.373133 0.381495 -0.066677 -0.397993 -0.077754 -0.670617 -0.365348 -0.633891 -0.866475 0.992666 0.289845 -0.649804 0.962204 0.169647 -0.343396 -0.153212 0.784922 0.046011 -0.331352 -0.410211 -0.833689 -0.490651 0.723270 0.289441 0.227539 0.536382 0.461328 0.581716 -0.816752 -0.762314 0.805284 0.651686 0.157649 0.233763 -0.315707 -0.253483 0.105251 0.518880 -0.167792
-0.447643 0.690759 0.529159 -0.997363 0.256553 0.442736 -0.560862 0.707099 -0.148919 0.203934 0.485753 0.203237 -0.102256 0.326718 0.453861 0.709252 -0.318195 -0.307876 0.479485 -0.722031 -0.913216 -0.499737 -0.239165 -0.592092 0.050736 -0.321896 -0.592621 0.661246 -0.349384 0.375949 -0.048232 -0.594174 0.360597 0.115880 0.871173 0.467221 -0.409591 0.932278 0.550482 0.218570 0.455549 0.522001 -0.293329 -0.825054 -0.519645 -0.433357 -0.720767 -0.448559 0.666677 0.124094
-0.736388 0.233268 0.333357 0.182937 0.303882 0.857679 -0.287521 -0.291211 -0.842859 0.002384 -0.482243 0.842890 -0.157355 0.674116 0.465198 -0.270540 0.133077 0.837864 0.899023 0.569802 -0.367663 0.285289 -0.445875 -0.852692 -0.961443 0.010900 0.194900 0.457002 0.024990 -0.468330 -0.056839 -0.432765 0.435721 0.672420 0.365231 -0.067159 0.496357 0.342267 -0.070400 -0.138011 0.917002 -0.601811 0.553009 0.477510 0.524294 0.973115 -0.829079 -0.389938 0.978995 0.431138
-0.841033 0.011235 -0.819768 0.928482 0.542907 0.175521 0.701465 -0.023849 -0.887453 -0.522065 0.992924 0.348738 0.916439 0.340140 0.786722 -0.064437 0.698117 0.124307 0.324697 0.767236 -0.753149 0.670027 0.741947 0.948384 0.435990 0.412665 0.070131 0.770602 0.285073 -0.357915 -0.357905 -0.985426 -0.967362 0.083250 -0.652680 0.855618 -0.642183 -0.431659 0.045422 0.058596 0.782143 0.852555 -0.191037 0.650033 0.252792 -0.526068 0.501953 -0.302852 0.692741 0.216049
0.535739 -0.760564 -0.819163 0.156288 -0.141258 0.957352 -0.865085 -0.489924 0.083020 0.655778 -0.564273 0.407557 0.201796 0.470526 0.980935 -0.425025 -0.120746 0.516690 0.545740 0.223480 0.964689 -0.730568 0.972635 0.808372 0.460529 -0.953181 0.331145 -0.033692 -0.030676 -0.819656 -0.172097 -0.912131 0.200128 0.094016 0.386176 -0.682309 0.095269 -0.389000 0.018218 0.456507 -0.983130 -0.049912 0.504752 -0.573745 -0.657400 -0.694950 -0.336557 0.963860 0.080512 0.938949
-0.164178 0.748714 0.583123 0.171602 -0.442824 0.596975 -0.838314 0.505323 -0.437765 -0.031552 -0.214516 0.185262 0.613089 -0.758203 -0.829761 0.665402 0.512553 -0.987849 -0.736394 0.765238 0.749690 0.337293 0.114658 -0.463205 -0.656538 0.328176 -0.353274 0.731090 0.628981 -0.654453 0.193892 -0.158459 -0.569634 -0.891292 -0.456639 0.547262 0.507153 -0.871522 -0.752193 -0.829099 0.841393 -0.648629 -0.694587 0.246582 -0.594317 0.598280 -0.044793 0.311624 0.303457 -0.294247
0.267144 -0.182515 0.840325 -0.393642 0.471961 -0.858517 0.044709 -0.342286 -0.655396 -0.636340 -0.044672 -0.916479 -0.913236 -0.438333 -0.514120 -0.835070 -0.864690 0.619545 -0.955352 0.651155 -0.563625 0.907695 -0.286031 0.682099 -0.217923 -0.705324 0.169079 -0.237770 -0.195027 0.842167 -0.661919 0.997796 -0.994636 -0.324195 0.217663 0.912884 0.537485 -0.081271 -0.503180 0.159352 -0.507543 0.233300 0.985785 -0.876500 0.380989 -0.068450 -0.809187 0.241374 0.787392 -0.252979
-0.315844 0.517355 -0.696984 0.222594 -0.606925 0.657995 -0.146290 -0.576902 -0.605031 0.775694 -0.101651 0.293497 0.341369 0.467977 0.069129 -0.971462 0.735641 -0.007987 0.163053 0.548803 -0.874250 -0.057936 -0.541375 0.775360 0.529399 -0.201739 0.087046 -0.037130 0.017948 -0.518342 0.128348 -0.422031 -0.646027 0.251220 -0.769998 -0.390651 0.991012 -0.454647 0.868858 -0.355804 -0.639218 -0.512684 0.397156 -0.597864 0.178473 -0.502805 -0.736472 0.977215 0.719161 0.405275

Bias v0 (Oculta):
-0.079834
0.247726
-0.991076
0.131498
-0.243347
-0.386889
0.775027
-0.694735
0.843124
-0.778613
0.812602
-0.123822
-0.334254
0.168220
-0.437441
0.527791
-0.109038
-0.018954
0.270093
-0.572686
-0.713246
-0.001975
-0.602494
-0.131595
0.964323
0.667027
0.696101
0.274055
0.700559
-0.004607
-0.580233
-0.136965
-0.876709
-0.932694
0.882232
-0.347096
-0.515274
-0.451401
-0.831963
0.463115
-0.209505
-0.176452
-0.801092
0.100538
0.389140
-0.932815
-0.903991
0.639656
-0.415231
0.976239

Pesos w (Oculta -> Sa獮a):
0.528763 -0.590999
-0.500180 -0.767907
0.119011 0.989758
-0.181011 0.998880
-0.500726 -0.971506
0.034955 -0.903556
0.172892 0.013059
-0.058903 -0.587363
-0.010238 -0.255224
0.554402 0.611104
-0.484800 -0.432824
0.261990 0.641369
0.029797 -0.784140
0.728234 -0.607288
0.289326 -0.307676
-0.686049 -0.410956
0.430327 0.924527
0.209466 -0.319854
0.222171 -0.416538
-0.879948 -0.190793
0.602628 0.268896
0.818467 -0.680014
0.689005 0.152621
0.142753 0.322442
0.746972 -0.339438
-0.499967 0.164304
0.424514 0.235912
-0.042198 0.331909
0.364605 -0.287812
-0.768538 0.928892
-0.504478 -0.315417
0.765110 0.535519
0.452193 0.867886
-0.684204 -0.074146
-0.455750 -0.616257
0.698307 -0.567512
-0.208534 -0.766720
0.481530 -0.580057
0.422530 0.754766
-0.091650 0.519158
0.291106 0.767794
-0.667904 0.407831
0.813346 -0.877237
-0.612253 0.888765
0.861735 0.311551
-0.963171 0.551630
0.707129 -0.704410
0.136996 0.222072
0.071839 0.731909
0.959102 0.589613

Bias w0 (Sa獮a):
0.699454
0.177015
