Pesos v (Entrada -> Oculta):
-0.503286 -0.257954 -0.168155 -0.241756 -0.053622 0.985124 0.244262 0.196670 0.510176 0.276170 -0.410597 0.767275 -0.027291 -0.247308 1.143927 -0.643229 0.653435 0.653618 -0.144322 -0.613494 0.558333 0.116787 1.043490 -0.113818 -0.600451 0.340686 -0.857994 -0.799330 -0.332959 0.152098
-0.036696 -0.096278 -0.182354 0.326346 0.038526 -0.182340 -0.389525 -0.543872 -0.278602 -0.266916 0.266425 0.620202 -0.707582 0.403302 1.382737 0.417392 1.122416 0.489441 -1.109759 0.655705 -0.723671 -0.067266 1.063578 -0.165303 0.368181 -0.405767 -0.656984 0.344314 -0.503858 0.421128
0.757231 -0.127644 1.047445 -0.082203 -0.951667 0.215807 -0.151253 -0.004607 -0.448528 0.144605 0.414154 0.193124 0.600804 -0.850632 0.255098 -0.518236 0.329187 -0.406391 0.020550 1.006500 0.539531 0.005489 -0.421010 0.283841 -0.213837 0.112765 0.160501 0.522292 -0.000599 -0.173522
0.698147 0.936081 -0.126998 -1.028809 -0.495936 -0.789020 0.586790 -0.286013 -0.657361 0.595032 -0.712856 0.461860 -1.360574 -0.312849 0.494164 -0.366471 0.213350 0.127770 -0.202941 0.534865 0.757815 -0.762476 0.134790 0.809482 -1.032867 -0.676547 -0.040441 0.768220 0.141006 0.752993
0.437719 0.449591 0.394659 -0.108687 0.009387 -0.037000 0.064354 0.637641 0.947498 -1.027934 0.398458 0.363788 0.022153 0.600378 -0.017625 0.436050 0.322774 -0.302985 0.167482 0.822856 0.560824 0.211049 0.620535 -0.794902 -0.918104 0.627386 -0.149209 0.237114 0.814660 -0.979182
-0.340599 0.857201 0.242847 -0.441320 1.476409 -0.130711 -0.517186 0.284030 0.089005 -1.091233 -0.056871 0.671332 -1.123344 -0.728589 -0.753071 0.501755 0.030582 0.343911 -0.464679 0.197328 0.985714 0.528414 -0.021345 -1.066128 0.153971 -0.365945 0.123078 0.795967 0.500618 0.028941
0.691429 0.278070 0.090127 -0.391071 0.506909 0.835819 -0.252588 -0.504029 -0.040416 0.414051 0.472684 0.782073 -0.580381 1.126155 -1.101556 -0.425577 -1.223077 -0.489442 -0.444152 0.560275 -0.361116 1.246492 0.719478 -0.517221 0.232595 -0.605739 -0.133031 -0.608975 -0.508151 -0.573504
-0.279759 -0.371489 0.562763 -1.176475 -0.572032 -0.717332 0.916193 -0.716162 0.434729 -0.551833 -0.498260 0.271962 -0.386222 0.917375 -0.134542 0.529368 0.527973 0.599436 -0.495112 0.135754 -0.515742 0.114415 -0.443487 0.926633 0.111616 -0.432989 0.867056 -0.463425 -0.540628 -0.769728
0.315576 0.855771 -0.425648 -0.399137 -0.073070 -0.107450 -0.489537 0.714286 0.077138 0.687783 0.090807 -0.377134 0.362016 0.739911 -1.059640 0.476245 0.608786 0.304439 0.329524 -0.409326 0.705170 0.119542 0.578763 0.448817 -0.234690 -0.221405 0.022724 0.483205 1.464516 0.452525
0.833671 -0.741060 -0.477669 0.054845 -0.666148 -1.054408 0.580122 0.078396 -0.416594 0.547099 -0.227809 -0.087820 1.060310 -0.593811 -0.955232 -0.552373 -0.796698 0.858906 -0.147469 -0.223821 -0.612413 -0.151660 -0.689472 1.524805 -0.285783 0.602993 -0.185125 0.806606 0.738484 -0.118053
-0.149161 -1.075366 0.554927 -0.630394 0.264634 0.469877 0.634831 -0.258116 0.243453 0.710852 -0.659763 -1.259557 0.137015 -0.964457 1.049932 -0.118677 -0.479244 0.164032 0.840211 0.285052 -0.857699 -0.765339 0.879473 1.393714 0.477355 0.206235 0.351005 0.159060 -0.457788 0.478530
0.220280 -0.484840 0.762263 0.531158 -0.655036 0.205756 -0.897148 0.927462 0.613520 -0.155672 0.284550 0.750057 0.244880 -0.103985 -0.567387 0.470309 0.007851 -0.116534 0.689786 0.216451 0.527450 -0.291809 0.023451 0.513370 -0.949690 0.224054 0.579891 0.738432 -0.831310 0.983054
0.538079 0.133817 -1.033864 0.208873 0.728225 1.127584 -0.622572 -0.802376 -0.454454 0.230774 -0.791394 0.534865 0.381016 0.584699 -0.859377 -0.814941 0.268583 -0.609746 -0.447335 1.099504 -0.130347 -1.119094 0.789603 0.716120 -0.086935 0.906285 -1.256030 0.751669 0.992683 -0.337218
-0.457059 -0.369338 1.095049 -0.471994 -0.044373 -0.342260 0.279170 0.127128 0.915237 -0.053116 -0.783190 0.295655 1.230838 -0.865360 -0.183007 -0.585062 -0.075894 0.122016 -0.821922 0.335530 -0.325857 -1.128782 0.214732 -0.142456 0.449971 0.162605 0.271507 0.455728 -0.085586 0.306023
-0.308652 0.922873 0.036314 -0.112105 0.340078 -0.373604 0.867583 -0.255709 -0.162927 0.620984 0.491684 0.158645 0.744032 -0.166536 0.387910 0.695889 1.654171 -0.544017 -0.899232 0.502247 0.849007 -0.931790 -0.026626 1.684825 -0.900308 -0.090919 0.093864 0.539083 -0.795406 0.054914
0.597671 0.206640 0.944949 -0.779527 -0.070328 -0.043005 0.868324 0.513520 -0.864388 -0.233214 0.707156 0.345455 -0.170629 0.563004 -0.282801 0.615793 -0.156841 -0.769579 -0.838291 0.494664 -0.133747 -0.122759 0.431469 0.546098 -1.223560 -0.422440 0.641347 -0.462021 -0.416540 0.665368
0.715673 0.770186 -0.812159 -0.296534 -0.024425 -0.352962 -0.091500 -0.256081 -0.521620 -0.276020 -0.813931 0.616137 -0.494339 -0.266509 -0.150836 0.128677 0.701914 -0.055146 -0.899960 0.316436 0.114922 -0.075530 1.001567 0.184754 -0.306089 -0.092507 0.270608 -0.042097 0.308344 -0.447025
-0.697935 0.549567 -0.774469 -1.199310 -0.336077 -0.781292 0.507227 -0.642746 1.160744 -1.089259 0.591180 0.647132 -0.513825 0.362031 -0.218752 -0.360482 -0.342359 -0.669663 -0.351529 0.129800 0.473073 0.850270 -0.618260 -0.701367 -0.380167 -0.186858 -0.577616 -0.773563 0.790078 -0.817912
0.636367 0.452600 0.028090 -1.318185 -1.411257 0.862666 0.427148 0.473802 0.322150 -0.610622 0.250712 0.114615 -0.719108 0.883132 -0.537042 -0.507231 0.231194 -0.068522 0.297181 0.336373 1.402594 0.935749 -0.247353 -1.081525 -0.120408 -1.137227 -1.087130 0.592922 -0.270172 -0.106254
-0.320564 0.517193 0.481794 -0.506394 -0.612595 -0.340258 -0.543623 0.485163 0.377773 0.123812 0.129634 0.499580 -0.503322 1.108175 -0.508925 0.454628 -0.660944 0.220090 0.101339 0.403478 -0.356019 0.895494 1.224397 -0.303241 -0.193979 0.578623 0.685456 -0.601931 0.668481 -0.086116
-0.179560 -0.562112 -0.437453 -1.157449 -0.618435 0.129208 -0.124326 -0.287198 0.017982 -0.177807 -0.519220 -0.861179 0.467270 0.117338 -0.800068 0.458223 0.183421 -0.259898 -0.494597 0.310953 -0.596419 -0.885108 0.894049 1.360456 0.465943 -0.387206 -0.564129 -0.413813 0.956252 0.423381
0.160642 -0.611818 -1.117415 0.360080 -0.177896 0.394404 0.260851 -1.171175 0.264170 0.789827 -0.937234 -0.500861 1.410677 -0.329996 -0.415160 0.634562 -0.555797 -0.758845 -0.767627 0.146058 0.802837 -0.431258 -0.459372 0.473429 0.270299 0.286824 -0.751376 -0.098482 0.567824 0.301808
0.854036 0.576525 -0.707932 -0.561669 -0.650240 1.030565 0.036216 -0.687343 0.710102 1.114080 -0.566539 -0.564594 0.987846 -0.136070 0.786017 -0.177683 -0.447388 -0.140568 -0.608255 0.289185 -0.255419 -1.087965 -0.326608 -0.601541 -0.076414 -0.037797 -0.415679 -0.816304 0.662396 -0.334070
0.274942 -0.324429 0.240885 -0.985315 0.588414 0.759289 0.230483 -0.978904 0.259306 0.976818 1.128884 0.287089 0.190757 -0.388483 -0.284673 0.100369 0.046091 0.781557 -0.859103 0.332477 0.477632 -0.926687 0.893346 -0.119859 0.227062 -0.312468 0.143597 -0.031061 0.933113 -0.560199
0.968924 0.431747 0.302822 0.586150 0.799712 -0.330165 0.079432 -0.490995 0.140975 -0.408836 0.504021 -1.155023 0.817750 0.541197 -0.659476 0.056074 -0.315774 0.407151 -0.767404 1.053729 0.826692 -0.181386 -0.162077 -0.711125 1.479754 0.579487 -0.281024 0.374135 0.934386 1.314084
-0.232717 -0.096350 0.835412 0.621285 0.443479 1.250284 -0.741715 -0.194904 -0.040616 0.694785 -0.573520 -0.878609 0.085872 -0.020636 0.670440 -0.144630 -0.773266 0.333371 0.821793 -0.324409 0.444638 -0.467160 0.610828 1.022408 0.204017 0.497719 -1.000201 0.695444 0.419866 0.287497
-0.741840 -0.206546 -1.149213 0.141110 0.242823 0.553652 0.324309 0.011994 -0.119716 0.092845 -1.140925 -0.193505 0.721759 1.058609 -0.373303 -0.289432 0.244935 0.277155 0.360752 -0.035765 0.028971 -1.054677 -0.783629 1.513820 0.325475 -1.216573 0.196848 -0.559217 0.112498 0.024151
-0.431554 0.614724 0.604033 0.238999 0.316574 0.493561 0.178991 -0.290432 0.207648 0.725560 0.169732 -0.293757 1.189978 0.811309 0.558927 -0.935302 0.066663 -0.460163 -0.352099 0.728143 0.293015 -0.190418 -0.592660 1.131636 -0.868752 -0.194094 0.606580 0.732755 0.111544 0.163847
-0.664703 1.042347 -0.429349 -1.273245 -1.143072 -0.442381 0.950250 0.640687 -0.391486 -1.184982 0.743109 0.370881 0.789661 0.680540 -0.357826 0.189555 -0.438585 0.279943 -0.774030 0.496442 -0.619683 0.902903 -0.156327 -0.051615 -1.197583 -0.007031 -0.339204 0.740239 -0.832201 -0.057069
0.007696 0.598000 -1.318964 -0.646927 -0.242405 0.177745 0.549247 0.203785 0.167504 -0.310598 1.073565 0.094737 -0.392790 0.553080 -0.340151 -0.558612 0.184057 0.873746 -0.969856 0.112942 0.302036 0.453538 0.225213 -0.240205 0.310211 -0.507984 -0.580497 0.900397 -0.056257 0.168499
-0.539657 -0.180216 -1.010185 -1.429436 -0.677760 0.529795 -0.383817 0.193238 0.494316 -0.418383 0.420136 0.816042 -0.690972 0.282793 -1.029327 0.276743 0.497901 -0.914565 -0.867234 0.033679 0.089959 1.378787 1.433865 -0.758195 0.207845 -0.541329 -0.943846 -0.891967 -0.171327 0.536395
0.358333 0.174973 1.288829 0.989631 -1.641945 -0.322399 -0.726344 -0.518249 0.397196 -0.472950 0.627835 -0.359931 -0.504291 -0.120104 0.656858 0.198985 -0.331865 -0.112114 -0.024230 0.147032 0.935145 -0.009730 1.541701 -0.041963 0.046789 1.014436 0.196534 0.167773 -0.317992 1.051077
-0.295565 0.420432 0.123191 0.220705 -0.240383 0.164637 -0.402418 0.123622 0.080105 0.335139 -0.472092 -0.574620 1.280362 0.262275 -0.192288 0.175100 -0.042658 -0.018495 -0.699435 -0.496279 -0.211547 0.112136 1.092938 -0.099233 0.742497 -1.019900 0.082791 0.709347 0.210930 0.457952
-0.922573 -0.016794 0.162441 1.379273 -0.115900 0.111141 1.416916 0.091364 -0.117058 -0.589325 0.111773 0.300741 0.817888 1.530196 -0.119813 0.522157 -1.040445 -0.006784 0.752301 -0.310862 -0.367344 -0.508544 0.008802 1.304149 0.349003 0.213914 -0.324259 -0.412241 0.146833 0.644785
0.668951 0.092710 0.214975 0.361961 0.480217 0.863869 -1.418289 0.333706 -0.388553 0.827255 -0.846423 0.198093 -0.230403 0.664612 0.840450 0.572975 -0.608628 0.181099 -0.162191 -0.059545 0.579691 -1.128958 -0.747710 0.822552 1.354103 0.628115 0.964075 -0.472667 0.203004 0.504215
0.709320 -0.138966 0.049647 -0.002534 0.737815 -0.438991 0.253578 0.471204 0.466463 -0.487646 -0.848559 -1.002116 -0.375107 0.039319 -0.930062 0.735707 1.050548 0.913387 -0.328497 0.777697 -0.096322 -0.567872 0.107159 -0.403879 0.966991 -0.092417 0.361222 0.177876 -0.009894 0.622455
-0.432360 0.327797 0.695793 0.580781 1.090622 -0.582208 -0.674394 -0.853191 0.639875 0.466013 -0.188566 -0.915951 -0.105942 0.701409 0.603265 -0.789824 -0.717982 -0.081557 0.455813 1.270286 0.559616 0.757582 0.264763 -1.068370 0.147423 0.459030 0.264838 0.371949 -0.748000 -0.538624
-0.669718 -0.109015 -0.271780 -0.518536 0.107106 0.069991 0.256944 0.683330 -1.042051 -0.631303 0.176575 -0.327710 -0.080054 0.840481 0.477662 -0.630276 -0.838175 -0.526029 0.110401 -1.083051 -0.568669 -0.716508 -0.175236 0.603752 0.915081 -0.987778 0.168639 -0.932366 -0.489406 -0.762244
0.457579 -0.134539 -0.986944 -0.272040 -0.459982 -0.676132 -1.169119 -0.233252 0.264490 0.230802 -0.558340 -0.359599 0.231733 1.569140 0.683847 -0.427344 -0.973039 -0.926723 1.132361 -0.155224 -1.391818 0.459957 -0.392649 0.134678 -0.053519 0.094520 -0.026533 0.372788 0.100180 0.134686
0.386831 0.250732 -0.342669 -0.455603 -0.357886 0.094207 0.058460 0.136072 -0.412059 -0.146298 0.201025 -1.464238 -0.105545 -0.006215 0.644122 -0.325898 -0.303550 -0.146167 1.140416 -0.296702 -0.685279 -0.124232 0.827026 0.170209 0.050502 -1.142855 -1.052937 1.257659 -0.199111 -0.064221
0.423445 0.591268 0.524331 0.047668 0.545586 -0.405922 1.109310 -0.157325 0.741173 0.945443 -0.777814 -0.839231 -0.214409 0.978603 0.866257 -1.469357 -0.188136 -1.160442 0.732620 -0.000377 -0.272722 -0.208578 0.097417 0.881949 -1.117004 0.128318 0.085439 -0.879235 -1.407700 -0.404128
0.650887 1.636105 -1.153613 -0.034532 -0.142406 0.514515 0.104396 -1.124537 1.076670 0.436784 -0.521808 -1.134567 -0.700648 -0.429447 1.221017 1.079803 -0.591884 -0.280726 -0.321256 0.118002 -0.947578 0.511714 -0.284462 -0.170523 -0.455175 1.003556 0.452317 0.644160 -0.833533 1.275373
1.010130 0.057179 0.066732 0.827410 0.069029 -0.482574 -0.316540 -1.286526 1.118880 -0.238282 0.071788 -0.488198 0.353214 -0.801299 0.550073 0.646126 0.664499 0.196823 -0.917410 -0.544083 0.301172 -0.063385 0.965770 -0.168551 -0.038320 1.178633 0.801518 -0.497913 -1.265869 0.674183
0.154284 1.549093 0.037877 0.438996 -0.617538 0.566500 -0.188695 0.053793 -0.706915 -0.831922 -0.982335 0.917230 -0.342961 0.608763 1.433807 1.378159 -1.181464 0.161104 0.245512 -0.703678 -0.001569 -0.617024 -0.959868 -0.489393 -0.233790 -0.616505 -1.484285 0.641144 -1.461656 0.647589
0.423155 1.534793 0.296399 0.169241 -1.094373 -0.183638 0.382512 -0.942320 -1.054448 -0.577819 -0.028582 0.289135 0.536790 0.423435 1.403944 0.226884 -1.436461 -0.941591 -0.214598 0.506311 0.919822 -0.062368 -0.505578 0.315504 0.195224 -1.317512 0.079932 0.891786 -0.798303 0.585987
-0.717095 0.973784 0.532474 0.243487 -0.393123 -0.020330 -0.277414 -0.274510 -0.716789 0.113052 0.074618 -0.363642 -0.856682 0.225250 0.970427 -0.859927 0.084185 -0.015194 -1.228059 0.859113 -0.419373 -0.777453 0.121097 -0.248989 0.337530 -1.158421 0.458141 -0.646413 0.900087 1.128894
-0.219695 1.068018 -0.091211 -0.446430 -0.048314 0.587493 -0.009635 -0.840678 -0.060663 -0.122742 1.011835 -0.397394 0.142276 -0.683621 0.043644 -0.405257 -0.751583 -0.166606 0.057774 1.002851 0.128213 0.439539 0.690130 0.634754 0.662655 -0.522283 -0.170061 -0.431071 0.761132 0.018157
1.000499 -0.532003 -0.560017 -0.234287 0.592114 -0.706547 0.337473 0.516831 0.818305 -0.882615 0.952932 0.766984 -0.799646 -0.328801 -0.696237 0.839079 -0.702590 0.749449 0.770725 -0.607621 0.962200 -0.691205 0.598927 -0.096685 0.521327 -0.234496 -0.374531 0.341538 0.590913 -0.325039
0.780741 0.157246 0.483284 -0.640183 -0.887428 1.032605 -0.616975 0.646694 0.529617 0.818480 -0.353924 0.506131 -0.562417 -0.566859 0.879402 0.542068 0.139589 0.403759 0.989480 0.209789 0.437339 -0.968559 -0.117477 -1.027236 1.075571 -0.940863 0.513335 0.986037 -0.423237 -0.804916
0.749278 -0.362324 0.321194 -0.948993 1.076530 0.103369 -0.584993 0.097054 -0.924044 -0.435982 0.823498 -0.755663 -0.393701 -0.766909 0.127889 0.199348 -0.413438 -0.435160 1.235076 -0.174751 0.517213 0.631918 -0.860392 -0.188687 0.205865 0.766782 -0.543825 0.996063 0.156723 -0.017175
0.411044 -0.610122 -0.050430 -0.672409 -0.296381 0.270107 -0.563577 1.224656 -0.815252 0.347777 0.317352 -0.450691 0.914226 0.123916 -0.780787 -0.230752 -1.333474 0.388955 -0.142761 0.225942 -0.266350 -0.732205 0.367250 0.212863 0.152426 0.088362 -0.208177 -0.014169 0.524979 -1.229473
0.066883 -1.077174 -0.638758 -0.880786 0.817535 0.291904 0.322998 0.059289 0.442851 -0.447111 -0.023558 -0.180932 0.500413 0.257628 0.771130 -0.125509 0.208834 -0.300315 0.098625 -0.014653 -0.841797 -0.433024 -0.159626 0.685237 -0.182165 -0.727936 -0.246698 1.020418 1.424922 0.656610
-0.088718 -0.945753 0.489670 -0.048736 0.211981 -0.297758 0.389715 -0.925030 -1.590978 -0.323051 0.280277 -0.012887 0.235711 -0.205772 0.671269 -0.220322 0.839675 0.178710 0.209727 0.453647 0.071264 0.063189 0.168894 -0.357155 -0.420417 1.092578 1.011727 0.647166 0.137207 0.465963
-0.808668 0.018558 -0.728690 -0.106864 -0.590306 0.881523 0.637335 -1.628495 0.505816 0.418453 -0.354700 -1.200340 0.005145 -0.578152 0.139164 -1.296574 1.015442 -0.460116 0.753621 -0.582429 -0.373691 0.242286 1.502003 0.115206 -0.213772 0.014915 1.386248 -0.329563 -0.374988 1.520594
0.215822 -1.308575 0.507335 -0.717307 0.358379 -0.276592 -0.094071 -0.729952 -1.767452 -0.407459 -0.543744 -0.270707 0.239963 -0.671221 -0.454531 -1.161142 -0.107564 0.174553 0.721147 0.842430 0.414679 0.518509 0.106138 -0.526691 0.363185 0.516076 -0.232975 1.100617 -0.536612 0.319814
-0.271788 -0.217279 0.735537 0.135883 -0.649151 -1.102473 -0.432439 -0.825948 -1.298146 -1.329475 -0.056105 0.751035 1.007186 -0.521355 0.667469 -0.020906 -1.134798 -0.430287 0.617637 1.112177 1.050037 1.097511 -0.994185 -0.291252 0.055952 -0.836160 0.126624 0.123390 -0.197553 -0.444703
0.455742 1.148967 0.281034 -0.827832 -1.308943 0.298635 0.041891 0.384343 0.049103 0.191963 0.854616 -0.006027 -0.114085 0.527680 1.682688 0.273099 -0.862379 -0.130211 -2.008627 -0.653796 0.605684 -0.389996 -0.980433 -0.508342 0.400595 0.070899 -0.497464 -0.162529 0.809650 0.796396
0.578157 0.991622 -0.054096 -0.209897 0.415772 0.295875 -0.574633 0.771827 0.463666 -0.558075 -0.371085 0.631192 -0.204020 0.558400 -0.080864 -0.000568 0.007891 -0.098063 -1.723512 -0.900494 -0.236799 0.188320 0.640248 -0.114557 0.894684 -0.378156 0.607766 0.333742 -0.364908 -0.018389
0.089870 0.382999 1.373521 -0.677254 -0.183772 0.160672 -0.641682 -0.011428 0.602933 -0.301052 -0.701474 1.208262 -0.702221 -0.423101 -0.629492 -0.852362 1.106835 0.113909 0.484189 -0.714306 0.091691 -1.006469 -0.206327 -0.246072 -0.057214 0.199980 -0.391124 0.219199 -0.053761 -0.471920
-0.324615 0.327051 -0.683611 -0.489925 0.125769 -0.453148 0.700116 0.139092 0.756856 -0.752143 -0.841262 -0.794176 0.725887 0.612006 0.991233 0.997574 -0.182781 -0.072160 -0.288229 -0.534776 0.420625 0.169549 0.274528 -0.763069 0.001042 0.425303 0.301519 0.975828 -0.492457 0.945038
0.220574 0.687968 0.572649 -1.250034 -0.834713 0.609252 0.320267 0.242607 -0.889721 -0.701207 -0.601610 0.430940 0.433101 0.686242 -0.952950 0.728142 1.119440 0.056573 0.178084 1.148122 0.010120 0.513906 -0.219543 -0.158654 0.614047 -0.216842 -0.393992 0.606096 0.953067 -0.036342
0.373409 0.854914 -1.140242 -0.305288 -0.053316 0.901715 -0.129396 0.318982 -0.743651 -0.540536 -1.002781 -0.655396 -0.315081 -0.962754 -0.862499 0.281839 0.039597 -0.470187 -0.218518 0.244587 -0.086280 0.233786 -0.639709 -0.404914 1.148717 -0.855453 -0.624591 0.889941 0.467677 -0.749270
1.036459 -0.955063 -1.242626 -0.508394 -0.629136 -0.426010 -0.944235 -0.095413 -0.886005 -1.108702 -0.195981 -0.424617 0.380118 -0.416107 0.491137 -0.206239 -0.301499 -0.729471 -0.605415 -0.557821 -0.409906 0.373982 -0.225327 0.830533 0.859195 -0.349030 0.096188 -0.315205 -0.677510 0.254414
0.936798 -0.698012 -0.703839 -0.620461 -0.863700 -0.126921 -0.655051 0.251765 -0.868453 -0.701231 0.008073 1.420556 0.401787 0.236400 0.340349 -0.185814 -0.434213 0.510667 -1.010496 0.607360 -1.348487 -1.341724 0.791782 -0.036063 -0.324979 1.148511 0.284445 -0.339873 -0.288842 -0.799361
-0.855096 -0.494634 0.523607 -0.268239 0.818145 -0.512048 0.550933 -0.186635 -1.543745 -1.004894 -0.209214 -0.374141 0.113244 0.383137 0.422385 -0.151714 0.250604 -0.379379 0.385935 0.867686 -0.484107 0.294700 1.468203 0.017669 -1.209514 -0.135613 0.042705 0.356832 1.366880 0.044116
-0.186240 0.627070 0.376789 0.371656 -0.454544 1.386443 0.438534 -0.900221 -0.032181 -0.276036 -0.827070 -0.927081 0.599905 -0.770672 0.852494 -0.292904 1.026849 -0.365619 1.297607 -0.276650 -0.202049 -0.060153 0.663785 -0.625622 0.111692 0.058414 -0.445770 0.158780 -0.245369 0.027092
0.768973 -1.618051 0.141140 -0.479609 0.312637 1.006008 0.102340 -1.678213 -1.118173 0.998050 -0.458235 0.140451 0.050293 -0.748588 0.339314 -1.018005 -0.567755 0.768216 0.023158 0.575687 0.827137 -0.236528 0.217701 -0.092757 -0.479100 -0.288714 -0.476309 -0.364453 -0.098522 -1.021094
0.274549 -0.771594 0.000333 -0.392086 0.636019 0.969313 0.499727 -0.603203 -0.669860 0.501588 0.009384 0.262283 0.302368 1.054177 -0.313285 -1.730225 -1.196086 1.734416 0.811034 -0.333392 -0.453996 -0.109734 -0.755897 0.183092 0.037528 0.210752 -0.824488 0.790198 1.368380 -1.002152
-0.070332 -0.303991 0.969936 0.584626 0.096032 -0.188823 -0.230225 0.624404 0.722024 -0.075322 0.965770 0.381124 0.901226 -0.002860 0.087750 -1.741869 0.576266 -0.155310 0.208658 -1.072826 0.103184 0.078284 -0.305154 0.532547 0.100917 -1.261435 -0.133825 0.773909 -0.900706 -0.119499
0.875799 0.803620 1.252326 0.594652 0.298299 -0.009773 -0.387126 0.162526 -0.297291 -0.117660 -0.812268 0.466771 -0.162639 -0.753498 -0.269342 -0.044436 0.037136 0.293128 -1.067642 -0.549123 -0.102392 -0.473900 0.145289 -0.695939 0.183409 -0.217917 -0.258379 0.608055 -0.668342 -0.717127
0.184652 1.122619 0.901484 -0.095569 -0.364535 -0.667086 -0.723804 0.756544 -0.921646 0.249218 -0.417448 0.866123 0.561100 -0.349272 0.750612 -0.690524 -0.355050 -0.732263 -0.008800 -0.948428 0.254614 0.129207 -0.787095 0.884683 -0.224623 0.149248 -0.111170 0.086227 0.595123 0.203268
-0.384271 -0.395587 0.536128 0.569668 -0.829438 0.460672 0.503125 0.166808 -0.988547 0.625678 -0.253309 0.075220 0.235045 -0.786717 -0.682604 -0.681222 -0.259932 1.171532 -0.015622 0.216811 -0.337738 0.725158 0.040229 0.689459 -0.764922 0.367626 0.914022 0.934301 -0.841360 -0.839014
-0.178208 0.200099 -1.011340 0.009031 -0.847257 -0.458767 0.090390 0.595679 0.227215 -0.391294 0.939356 0.280288 0.338731 -0.942167 -0.478392 0.451608 0.165676 -0.337172 -0.044044 -0.854204 -0.771688 0.032209 0.274638 0.730939 0.991285 0.344285 -0.183366 0.386564 -0.898803 0.768200
0.709823 -0.216252 -0.158654 0.490701 -1.042207 -0.173228 -1.096300 1.249687 0.170739 -0.725755 -0.479983 -0.901638 0.309634 -0.697309 -0.422813 0.339949 0.073676 -0.372507 0.642435 -0.418743 -0.064808 0.799510 0.808944 -0.597265 -0.607267 0.798712 -0.106589 0.527305 0.877337 -0.142896
-0.323837 -0.116121 -0.079934 0.231014 -1.348552 0.279715 0.080187 0.859380 0.276620 -0.649624 -0.040803 -0.808636 -0.822984 -0.685394 -0.376509 0.000155 0.788159 0.406488 0.211128 -0.634047 -0.558299 0.704588 -0.191955 -0.882752 0.269327 0.382497 -0.903843 0.039015 0.432899 0.333426
-0.736207 -0.328883 0.276304 0.583342 -0.161209 0.896450 -1.289824 -0.250564 -1.281392 0.331116 -0.352632 0.448709 -0.273388 0.548621 -0.609804 0.116223 -0.410011 0.285655 0.145985 -0.066039 0.738651 -0.478606 -0.518814 -0.713666 0.084359 0.580213 -0.275340 -0.599295 0.827606 -0.567174
0.288932 0.093381 0.244850 0.620682 0.248868 0.660100 -0.325039 -0.166721 -0.177311 -1.128118 -0.386234 -0.906624 -0.034254 0.140748 0.356623 -0.103195 -0.431572 -0.974078 -0.587281 0.187638 0.864566 0.638001 0.550736 0.139676 0.000811 0.912881 -0.107213 -0.602057 0.006896 -0.209522
0.686162 -1.191161 -0.860785 -0.440555 0.108740 -0.867783 -1.008142 0.013059 0.144417 0.014739 -0.614594 -0.267493 0.350727 0.088333 0.278613 0.232887 0.280484 0.265932 0.402920 -0.578459 0.789375 1.160756 -0.224096 0.008498 -0.725353 0.633223 -0.310929 0.178804 -1.327116 -0.889042
-1.106725 0.128270 -1.153545 0.103214 1.910240 0.653607 1.708168 -1.196076 0.048870 1.445400 0.483209 0.295980 -0.998429 1.116053 -0.348217 0.600709 -0.496934 0.482625 -0.453589 -1.175251 0.026560 -0.791113 0.354290 0.144719 0.662622 -0.527038 -0.362924 0.404129 -0.556216 -1.519887
-0.616610 -0.555696 0.560914 1.214953 0.378730 0.056633 0.983045 -0.266729 0.266985 1.193799 -0.145012 0.671854 -0.352731 -0.196388 -0.844126 -1.705197 0.219317 1.637494 0.309788 -0.126765 -0.636622 0.472357 0.070923 -0.648865 -0.290862 0.803097 -0.217136 -0.806175 -0.544839 -0.731406
-0.288252 0.102131 -0.051998 1.146666 -0.160338 -0.751465 -0.087171 0.397233 0.633887 0.390079 0.316194 0.867829 -0.425131 1.760509 0.222409 -0.493754 -0.290316 0.834317 1.186165 -0.561960 -1.035106 0.028024 -1.413957 0.442405 -0.696452 0.398423 -0.635501 0.087019 -0.434463 -0.476003
-0.484805 0.320118 0.038393 -0.629728 0.644524 0.608621 1.012442 0.522035 0.649678 0.380849 -0.123048 0.204000 0.933464 1.117331 -0.067654 -0.588124 -0.878874 -0.597598 0.921348 0.070945 -0.899669 -0.548978 0.344350 -1.119649 -0.210661 -0.629735 -0.181364 -0.108084 -0.000985 -0.244326
0.381138 -0.634797 -0.924137 -1.102662 -0.052426 -0.149651 0.754461 -0.519651 -0.633162 -0.823444 0.380700 -0.318989 0.057880 0.861065 -0.742030 0.116978 0.486975 0.129819 -0.108952 0.060959 -0.019634 0.439963 0.292427 0.447281 -0.171363 0.079492 -0.732021 -0.393898 -0.846559 0.440169
0.805880 -1.050603 0.851554 -0.263490 0.533910 0.763993 0.950558 -0.446704 -0.788856 -0.051461 -0.475551 -0.693400 0.728737 1.086748 -0.589126 0.306504 -0.165108 -0.504768 1.157261 0.194310 -0.642892 0.837055 0.687276 0.912262 -1.001429 0.293805 0.208917 -0.591240 -0.375656 0.498572
0.512832 0.747974 -0.938656 -0.282376 -0.303945 0.958854 0.790061 0.753362 0.544295 -0.817491 -0.830200 -1.011887 -0.234814 -0.015002 -0.942133 0.283721 0.405368 0.690231 0.402023 0.139692 0.900676 -0.725478 0.083713 -0.324119 0.854195 0.073596 0.701387 0.489387 0.905002 -0.579931
-0.426147 0.463036 0.612230 -0.684718 -0.461010 0.678285 -0.373803 0.080490 0.713939 0.350286 -0.690597 0.110044 -0.761964 -0.856359 0.439808 -0.110119 -0.306517 0.633435 0.450074 -0.922614 -0.861925 0.225447 -0.666526 0.474772 0.705042 0.622116 -0.853767 -0.352027 0.081068 -1.256825
0.820274 0.211702 0.658402 0.379230 -0.154416 0.531848 -0.648907 0.268472 1.054638 -0.233287 0.992862 -0.346111 -0.586491 0.248871 0.766686 -0.575050 -0.170863 -1.095546 -1.010793 -0.447933 0.968488 0.475878 0.037344 -0.239399 0.110842 0.490696 0.140628 -0.422105 0.575470 -0.504398
0.085434 -0.043614 -0.104338 -0.549603 -0.841855 -0.500237 -0.719505 0.972599 0.180757 -0.457664 0.229733 0.430437 -1.350962 0.322011 -0.413825 -0.148415 -0.411068 -0.601056 -1.458582 -0.776698 0.991354 -0.800355 -0.216174 -0.600386 0.582039 0.424978 1.371136 -0.645616 0.454019 0.063779
0.703698 -0.470581 -0.044500 -0.898969 1.168086 0.464156 -0.204062 -0.147219 -0.737386 -0.789494 -0.452523 -0.207458 -0.028402 -0.114216 -1.171831 1.118995 -1.005856 -0.041920 0.398791 -0.988008 0.233658 -0.583576 -1.582245 -0.167843 1.266844 -0.326798 0.742002 0.993362 0.495137 -0.062035
0.891826 0.033502 -0.132712 0.748083 1.180061 0.120425 -0.305087 0.108192 -0.091502 1.073527 -0.589400 0.251745 1.121885 0.399013 -1.056230 1.600586 -0.210204 -0.326330 1.094194 -1.051956 -0.491149 0.678190 -0.007496 0.666610 -0.429292 -0.168226 -0.672284 -0.919384 -0.445922 -0.717130
0.136492 0.205859 -0.872797 1.074782 -0.331772 -0.553872 -0.037616 0.257520 1.314870 1.211303 0.788883 2.165230 0.338814 0.542581 -0.778911 1.282434 -0.303766 -0.486114 -0.320127 -0.419834 0.476322 -1.497599 -0.986381 0.037323 0.937554 -1.005635 0.244584 -0.179093 0.522333 -0.274895
0.732650 -0.022248 0.449515 0.740750 0.326443 -1.297165 1.229792 0.388164 1.152698 1.127835 -0.311722 0.563055 -0.125364 0.530178 0.975164 -0.032756 -0.402605 0.423233 -0.208402 -1.008627 -0.896759 -1.479910 0.537483 -0.904388 0.336493 0.118229 0.092825 -0.587935 -0.415084 -1.191411
-0.600802 0.299103 1.055556 0.386557 1.370261 -0.485984 0.454387 0.396753 1.183743 0.206368 -0.159373 -0.293059 0.623757 0.029127 0.327321 -1.482001 -0.300862 0.912185 1.275233 -0.663844 -0.593139 -0.386524 0.200046 -0.447325 0.032946 -0.103434 -0.409012 0.210628 -0.836996 0.425189
-0.914617 0.786724 0.653739 0.805266 -0.260699 -0.529754 1.290499 0.750995 0.243812 -0.327869 -0.382686 0.282935 0.728871 0.267207 0.938080 -0.482069 -1.274303 -0.842271 0.547723 -0.635128 -0.696142 1.215017 0.481272 0.446294 -0.184319 -0.076467 -1.092187 0.305498 -0.473218 -0.337866
0.966024 0.463071 -0.370768 0.075151 0.637107 -0.961853 0.503164 0.014017 0.098597 -0.405544 -0.030064 0.712929 0.954861 0.012072 0.302123 -0.690604 -0.373777 1.009326 1.146102 0.699437 -0.673043 -0.376802 0.128798 -0.311593 0.961408 -0.248623 -0.596951 0.964732 -0.101281 -0.651423
-0.614171 -0.812304 0.696992 0.048536 -0.125726 0.171431 -0.532593 1.194062 -0.687142 0.012600 -0.882668 0.349877 0.925918 -0.165754 0.694099 -0.052624 1.072102 0.763416 0.458095 0.673319 0.211253 1.135980 -0.076361 -0.739251 -0.728051 0.910583 0.056220 -0.318665 -0.818665 1.003612
0.711078 -0.617079 0.169682 0.501862 0.245512 -0.217566 0.442703 0.175388 -0.472960 -0.503046 0.003644 0.424009 0.329066 0.448637 0.404292 0.751551 1.265258 -0.343077 0.384712 -0.803130 0.783954 -0.414962 -0.978781 -0.158740 -0.948856 0.766944 0.156200 1.007016 -1.462086 -0.886120
-0.625420 1.339850 0.087178 0.331559 -0.430773 -0.687358 -0.870121 -0.872424 0.444822 -0.462722 -1.057329 0.198863 -0.654231 -0.529235 0.868282 -0.570710 0.184318 0.452273 -0.824421 -0.721769 0.322817 0.166893 0.492610 -0.851036 -1.168914 0.154653 0.253079 0.367854 -1.009548 -1.095131
1.037012 -0.112406 0.621302 0.724924 0.468173 0.305815 0.022354 -0.743449 0.502364 -0.155449 0.243272 1.724392 -0.628941 -0.018096 -0.132633 -0.279155 0.842278 0.876989 -0.069874 -0.479498 1.241753 -0.675720 -1.022808 -0.870596 -1.179008 0.042939 0.325602 -0.008104 -0.276227 0.053938
0.408068 -0.743595 0.464641 0.117234 -0.142227 0.132869 0.043259 0.319762 0.501934 -0.268011 -0.571408 -0.276592 -0.707389 -1.201325 0.193199 0.337189 0.412947 -0.180616 0.601805 -0.322031 1.235698 -1.128355 -0.872007 -0.888197 -0.340878 0.764055 -0.712390 0.825647 0.882908 0.617158
-0.493690 -0.305297 0.049996 0.873119 -0.521104 -0.666950 -0.182754 0.673748 -0.067241 0.251762 0.778221 -0.517455 0.437511 -0.056372 -0.872634 0.217996 0.544587 -0.730895 0.972645 1.175293 -0.485085 0.511658 -0.312834 -0.157793 0.265781 -0.636751 -0.344356 -0.531345 0.400145 -0.273292
0.771284 0.164975 0.724908 0.587154 0.386248 -1.354425 0.053316 0.770981 -0.160657 0.979033 -0.422373 0.448042 0.424062 -0.989849 -0.647929 -0.048424 0.576654 -0.620561 0.904860 0.691303 -1.889652 0.035866 -0.283103 -0.856066 0.364458 -0.259601 0.111921 0.579032 0.227707 1.111625
-0.109842 -0.556122 0.158191 0.755930 0.175956 0.312768 0.231471 0.269762 -0.355777 0.613788 -0.019192 -0.094617 -0.960326 -0.739883 0.719267 0.282378 1.364576 -1.156705 0.365781 0.110467 -0.241106 -0.618781 -0.331576 -1.043895 -0.370515 0.711296 0.287978 0.540148 0.015580 -0.157394
-0.535392 -0.750709 -0.806089 0.156974 -1.012978 0.059646 1.043679 0.282461 0.428793 0.150949 -0.097709 0.803342 -0.110404 -0.503333 0.593553 0.485114 -0.666841 -0.655977 0.525715 -0.465489 -1.267691 -1.047591 0.119419 -0.292977 -0.033435 -0.209449 0.878258 -0.200742 0.216216 -0.930011
0.536964 0.004236 -0.441480 1.179986 -0.613888 -0.269439 0.342780 -0.602656 -0.315201 -0.232209 0.437739 -0.064356 -0.002214 -1.236964 0.478944 0.133331 -0.347882 -0.674815 0.426186 -0.575820 0.030285 0.486522 0.201065 0.186141 -0.251421 0.521958 1.015082 -0.166955 -0.139713 -1.136253
-0.094786 -0.644721 -1.353415 -0.323562 0.500945 -0.856546 -0.935751 -0.646439 0.630337 -0.550132 -0.485283 1.126966 0.708568 -1.105256 0.501765 -1.338342 -0.449466 -0.089297 0.915075 -0.379047 0.925972 -0.333078 0.179999 0.444643 -0.051144 0.800715 0.330554 -0.127146 -0.339534 -0.186673
-0.008787 -0.456347 -0.842798 -0.430175 -0.326820 -0.686812 0.483166 0.924743 -0.698258 0.217574 -0.209404 0.509305 -0.575601 -0.955374 0.297157 -0.425992 0.305212 -0.692009 0.344336 -0.529183 0.298985 0.639823 0.014194 -0.643274 -1.041681 -0.152655 -0.191043 0.813429 0.300592 0.003753
1.014511 -0.515343 -0.682496 0.228274 -0.233597 0.719556 0.652187 1.050186 -0.388532 -0.331739 1.026002 -0.177352 -0.373944 1.033711 -0.694656 0.431249 0.940387 0.395874 0.417369 -0.270284 0.219888 0.923941 -0.141957 -0.911708 0.182394 0.312749 -0.761487 0.739347 0.565233 0.445474
0.841940 -0.110962 -1.183111 0.016188 -0.213441 -0.245056 0.624646 0.051095 0.377127 0.903027 -1.044153 0.837576 0.096839 -0.017273 -0.499385 0.813527 -0.202546 0.273819 -0.890543 -0.068466 0.388509 0.933361 -0.311121 -0.456910 -0.243272 0.550923 0.587432 -0.310102 -0.393251 -0.045799
-0.510520 -0.048664 0.290358 -0.252392 0.503969 -0.537929 -0.208518 -0.133349 -0.907612 -0.452831 -0.749380 0.260121 0.099431 -0.386917 -0.280913 -0.354038 0.026075 -0.269644 -0.898789 0.503185 0.524102 0.381252 -0.117874 -1.075129 -0.580846 0.687810 0.813939 -0.483339 -0.991826 -0.647737
-0.510704 0.929677 -0.176582 0.553334 0.694501 0.909419 -0.148215 -0.133093 0.316035 0.197256 0.756004 0.519779 0.210267 0.729061 -0.255499 -0.037463 -0.143263 0.187631 -0.096514 0.262103 -0.139725 -0.237091 0.507617 0.314145 -1.524848 1.080333 0.093385 -0.436846 -0.922489 0.915095
-0.661682 0.166046 -0.392134 -0.350076 -0.732188 0.100625 0.199699 -0.537365 -0.291000 0.127129 -0.401395 0.753131 -0.965918 0.040584 -0.254761 -0.516717 0.763855 -0.455233 -0.301217 0.457996 1.018645 -0.097162 -0.090732 -0.671159 -0.070010 0.309763 0.054370 -0.678635 -0.773409 0.633616
0.602503 -0.395812 0.197198 0.384693 -0.646917 0.862643 -0.684664 0.678633 0.056968 0.295089 0.748689 -0.289339 -0.185502 -0.826631 0.318205 -0.102705 0.790015 0.348547 -0.002028 1.356891 0.601053 -0.040846 -0.898917 -0.475561 -0.761641 -0.745205 -1.505184 -0.213538 0.170551 0.423404
-0.412533 -0.722828 0.044722 0.853652 0.001431 0.364638 0.792238 0.487916 -0.405173 -0.561117 0.333994 0.394788 -0.896165 -0.982100 -1.388165 0.107933 0.321436 0.299633 -0.201276 0.990867 -0.986876 0.535328 -0.026235 -0.558000 0.942498 -0.403171 -0.052225 -0.798409 -0.808517 0.153426
0.899319 -0.537194 -0.050878 0.926618 0.438121 0.447434 -0.197773 0.468340 0.857634 1.258755 -0.441898 0.901956 -0.148748 -0.069525 -0.948825 0.669655 0.780955 -1.934547 1.762663 -0.204564 -1.735645 0.733583 0.519262 0.149273 0.889291 -0.000265 0.598999 -0.186009 0.508010 0.471531
-0.248439 -0.817579 -0.054742 0.228293 -0.199825 1.642370 0.730268 0.316796 0.166981 1.309532 0.445265 0.670354 -0.161895 -1.361303 0.335075 -0.168628 -0.594826 -1.114985 0.294838 -0.140279 -0.857071 -0.624557 -0.158215 -0.803842 -0.461216 0.330440 0.532168 -0.383212 1.130773 -0.489857
0.275447 -1.347864 0.342343 0.299693 -1.094655 1.079588 1.002797 0.159453 -0.394290 -0.645060 -0.451762 -0.237329 0.279741 -0.294922 -0.173789 0.864069 -0.489598 -1.097859 -1.077935 -0.875889 -0.245820 -1.189541 -0.283599 -0.147548 -0.377706 0.233960 2.410710 -0.232594 0.847453 -1.666571
0.224792 -0.132946 -0.843495 0.849987 0.160449 0.922957 -1.073922 -0.399646 0.005242 0.914521 0.116163 1.193217 -1.153856 0.197517 -0.666448 0.059946 0.857014 -0.906256 -0.932507 -1.540529 0.073526 0.367681 0.587189 -0.562010 -0.035768 0.348404 1.560147 0.334702 0.468319 -1.261580
0.960801 0.085760 -0.219943 -0.305447 -0.685071 0.312948 0.347309 0.422879 -0.617134 0.952913 -0.964335 0.109828 -0.539713 0.128171 0.285058 0.852266 0.954049 -0.575654 0.406398 0.256750 0.110217 -0.560495 0.428265 0.099537 0.474270 -0.478887 0.311791 0.888296 -0.052908 -0.987139
1.036351 -0.913321 -0.001638 0.097403 0.834160 -0.307185 0.719354 0.747186 -0.330590 -0.668353 -0.849942 0.373017 -0.215737 -0.210143 -0.127549 0.444452 -0.353054 0.835032 1.019938 1.153604 0.552762 0.264857 -0.845991 0.018768 -0.289528 -0.504187 0.664325 1.029567 0.091599 -0.348469

Bias v0 (Oculta):
0.983406
0.032775
-0.462928
-0.406594
0.008391
0.912989
0.263208
0.911067
0.122322
0.624624
-0.788556
-0.766064
0.101757
0.206059
0.129037
0.254614
-0.433424
0.070195
0.063892
-0.072691
0.324088
0.222205
-1.052637
-0.309351
-0.479514
0.583777
1.135653
0.138788
-0.186525
0.296344

Pesos w (Oculta -> Sa獮a):
-0.988537 -0.257388 -0.378549 -0.828364 -1.307287 -1.423262 -1.828379 -0.619890 -1.590474 -0.455581 -1.610659 -1.135219 -1.143699 -1.198939 -1.119449 -1.173600 -0.156007 -1.666721 -0.164373 -0.435387 -1.519506 -0.411742 -0.567229 -1.137034 -0.738358 -0.667572
1.402783 -0.116968 1.153672 -1.996165 0.805766 2.199499 0.995678 1.408829 -2.502570 0.613549 1.747890 0.858812 -2.275468 -1.528187 -2.752005 -1.942017 -1.222737 0.838492 0.844633 -1.568249 1.680877 0.275423 -0.250817 -1.166123 0.860836 -0.856288
0.947705 -0.365068 2.334410 -0.141829 -0.545571 0.025837 0.114246 -0.870814 1.596533 -0.043512 2.036345 0.522047 -0.246225 0.753801 -1.859481 0.119077 -1.571045 0.773234 -0.976129 1.179284 -1.100937 0.101282 0.050545 -2.124394 -0.321604 -1.842615
-0.777592 -1.404988 0.585441 -0.237642 2.925027 1.818231 0.842109 -1.570670 -0.442226 0.325061 0.245794 -1.987551 -0.223376 -0.282196 0.557023 2.882378 -1.509131 0.481752 -0.662827 1.672195 -1.033175 0.191941 0.781643 -0.096153 -0.468413 -2.129118
-1.778781 2.252428 1.235047 0.634130 0.106986 -1.039191 0.480396 0.508271 -1.053439 -0.602083 0.813523 -1.919656 -0.300919 0.286288 0.188729 0.673790 -1.698415 1.373797 -0.426334 -0.979085 2.016071 -1.028312 -1.308325 -1.570803 -1.067422 2.006277
0.661418 -0.010500 -0.226752 -0.511270 -3.660632 0.862851 -0.304296 -1.906000 -0.774077 0.841329 -1.397079 -0.015832 -0.249472 0.089723 -0.796998 -1.177532 0.910671 0.162939 -0.237254 0.184959 0.532273 0.224768 -2.211018 0.088876 0.700472 -1.642121
-0.926372 -1.699573 0.025329 0.404723 -0.752354 -0.422634 -0.608259 0.279015 1.104351 -0.073085 0.843473 -0.774972 1.368976 -3.383845 -0.932409 1.125994 0.958735 -1.597970 -2.445955 -1.650576 0.794747 -1.261437 0.624728 -1.560088 -0.021102 0.068426
-0.314525 0.379144 -3.435140 -2.897774 -0.085315 0.043964 -3.366741 0.510701 0.429051 -0.886706 -0.098955 -2.732852 0.008011 -0.383552 -3.572133 -0.628762 -1.784904 0.197759 0.869460 0.009256 -2.922875 1.045796 1.910276 -0.865973 0.386905 0.688981
-0.505142 2.770670 -1.271663 -1.787417 2.361508 0.854492 -0.972262 1.462900 -0.764383 -2.336596 -0.062667 0.476117 2.753686 -2.426553 -1.611700 1.534927 -0.574724 0.845285 -2.299243 -2.378278 -0.623973 1.194941 -1.431837 -0.238469 1.469535 -0.581420
0.094438 1.031035 1.806505 0.941989 0.076462 1.270631 -0.917405 0.606300 -0.992339 -0.537462 0.443715 0.221366 0.029503 -1.856485 1.763847 -0.096776 -0.843339 0.913344 -2.546693 -0.030586 -2.087577 -1.226554 -1.440341 -1.924900 0.787314 2.365609
-1.005092 -0.799992 -0.335585 0.763841 0.099078 -0.588106 -0.196391 -0.903939 -0.985572 0.684215 0.168816 0.505644 1.363777 -0.964685 0.694596 -0.067005 -0.369922 -0.827416 -0.098481 -0.659878 -0.814264 -0.687115 -1.210703 0.545516 0.815913 -0.326229
-1.524686 -3.300843 0.343060 -3.476513 -0.065698 0.557731 -0.001413 0.316055 0.365731 -2.186282 -0.237934 0.005465 -0.429087 -0.213919 1.279947 0.504469 -2.170099 -2.026099 0.138827 -0.028060 0.616781 0.607796 0.350680 0.804403 -0.281419 0.354116
0.426898 -0.145937 -1.091915 0.647723 -0.050437 -0.452754 -0.665996 -3.633262 1.773647 -0.799762 0.202874 1.001558 -2.316402 -1.589026 0.338185 0.095653 0.363155 0.669467 0.787079 -0.664738 -0.822900 -2.584382 -0.212618 0.972673 -3.609737 0.404226
-0.927761 -0.363173 -0.749545 -2.396422 1.684602 -1.723445 -0.340779 -0.248908 0.562890 0.962249 -0.192630 1.724399 -0.954316 -1.913891 0.601740 -1.102561 -1.846460 -1.148855 -0.528697 1.064623 -0.409494 -2.479584 0.380963 0.720748 1.511279 1.261717
-0.972620 -1.129428 0.494468 -0.704500 0.033107 2.391816 2.107927 -2.296989 1.560246 0.960016 -2.077259 -0.576537 -1.620417 -1.877750 -0.580151 -3.562435 0.967667 -1.812475 -0.821425 1.663296 -2.686945 1.710476 -1.189674 -1.430077 -0.741049 1.362964
0.080837 1.272475 -2.575031 0.948445 2.409285 2.070888 1.912977 1.283469 -1.938647 -2.705321 -1.475030 -0.996366 0.883216 0.949961 0.385969 -0.710856 -2.162830 -1.136686 2.026549 -2.521670 0.693257 -2.480890 2.223627 -1.553270 -1.505308 -2.185125
0.764439 0.960868 -0.182538 -1.770288 -2.581204 -2.609530 0.010165 1.022148 -1.276821 -1.610240 -2.400292 -2.012322 0.884192 0.888352 2.649026 1.886161 0.219973 -0.229973 -1.803431 -1.349296 -0.653112 1.417805 1.491501 -1.117953 -2.036331 -0.367713
-2.090927 -0.185536 0.361730 -0.760652 1.861943 -2.344475 -0.921439 -2.604662 0.809964 -3.050204 -0.958856 0.516836 1.229927 -0.511339 -0.894097 -0.587639 0.908709 -0.736813 -1.477425 -0.786214 0.085060 -1.011354 -0.482104 1.101673 0.293804 0.484191
-0.691354 -3.256703 -0.011650 0.997987 -1.414674 -0.147780 -2.549263 0.324997 -4.671222 0.800120 -0.002045 -0.313011 -1.018460 -0.511566 1.037288 0.112932 0.960885 0.747058 -2.388052 1.241307 -0.166495 -1.590092 0.131810 1.016177 -2.822462 -0.750143
1.309234 -2.500703 -2.257393 -0.475126 -1.838196 -0.462800 1.493595 1.614456 -0.372023 0.204710 1.182214 -1.310065 1.846454 0.729456 -0.073394 -1.025169 0.610236 -0.127781 -1.296425 -2.504995 -0.720100 -1.763824 0.110969 1.904653 -2.538530 -1.190430
-0.418645 1.322434 0.512452 0.115816 1.192358 -2.612128 -0.003523 -0.734321 2.302689 -3.175169 1.703251 0.637652 0.372750 0.121435 0.885387 -2.735070 0.316658 -2.891390 0.371173 -0.422707 -0.251869 -0.270144 -0.560644 -2.294491 -0.377043 -2.563389
-2.313540 0.172430 -1.914179 1.430472 -0.542269 -1.729540 -1.638982 0.198530 -1.021787 -0.555434 1.365499 0.223248 -1.107811 0.793514 -1.938105 -1.568098 0.572752 1.505593 -2.535527 -0.413967 1.431589 1.182170 0.835232 -0.461193 -2.220534 -1.473623
0.598777 -0.181427 0.310760 -0.514430 0.012703 -0.500008 0.255425 0.411961 -0.762097 1.807782 -2.268056 2.667448 -0.952650 0.615771 0.363888 0.222618 1.005438 -2.109215 -0.976433 -2.952902 -0.034275 0.646084 -0.041585 -0.887322 -0.944139 -0.882114
1.305676 0.700200 -0.261670 0.018677 0.700855 -2.782699 0.264391 -1.224554 1.754076 2.376185 -0.820892 -0.046400 -0.255642 -1.126785 1.251595 -0.960437 -0.801995 0.426139 0.490791 -2.776007 -2.403196 -0.673099 1.159268 -2.021652 -1.502306 1.675627
1.506411 0.043477 -1.870752 1.864738 -0.967301 -0.532280 -0.017440 1.311423 -1.978799 -1.350545 0.743931 1.360670 -1.232701 0.133508 -2.840948 -0.038895 -2.717137 -0.267277 0.935930 0.135092 -2.016703 -0.126115 -3.766017 1.064006 -0.039419 -0.409266
-3.371193 -1.237654 -0.048126 0.357363 -0.021278 -0.056102 0.036301 0.040069 -0.592279 0.520623 -1.772670 -0.982222 -0.416766 1.299294 0.364797 0.552447 -0.152511 2.518683 1.274100 1.098329 0.079366 -0.607225 -2.392961 -1.903822 -0.293807 -1.350318
-1.326984 0.223119 -0.456639 0.724232 -1.041368 -0.414160 0.600613 -1.676008 -0.055428 0.653791 -1.468378 -2.228267 1.173541 -1.308727 1.297188 0.574903 -2.747957 -0.958426 -0.393778 1.616573 1.358335 1.151840 0.306036 -1.530350 -1.060706 -0.727379
-1.687723 -1.067976 -0.253378 -0.497532 -1.344351 -1.737508 -1.332912 -1.065884 -1.288406 -0.538531 -0.944599 -1.134485 -1.932313 0.169093 -1.012633 -0.146462 -0.119008 -1.176098 -0.184391 0.186792 -0.772939 -0.556341 0.043871 0.175642 0.009624 -0.902460
1.539533 -0.400061 -1.250667 0.738841 -1.321120 -0.366713 -0.520638 -2.840672 0.784543 0.276182 -2.343014 -1.693254 1.879875 1.473857 -0.043429 -0.185912 -0.778535 -0.331711 -1.701412 -0.797919 -0.914867 -2.166109 -1.256877 2.440558 1.732132 0.106913
1.283745 -2.230982 -0.246480 -1.542134 -0.259495 -1.106587 3.039663 -0.307919 -0.403966 -1.287315 -0.735965 -1.044757 1.336253 0.339869 -1.426743 -1.684991 1.016506 2.753459 -0.816060 0.012814 -1.470777 -1.721176 -0.355338 -0.378343 0.080037 -0.499491

Bias w0 (Sa獮a):
-0.231331
-1.203059
-1.282890
-0.547793
-2.558090
-0.813412
-1.057064
-1.827204
-1.683191
-0.280361
-0.444377
-1.202655
-2.241401
-0.468114
-2.187214
-1.168006
-0.524156
-0.997595
-0.150493
-1.018218
-0.212150
-0.521085
-0.916918
0.397458
0.071956
-0.865358
