Pesos v (Entrada -> Oculta):
1.008220 0.588368 -0.933388 0.523649 -0.276944 0.811775 -0.428539 -0.390319 -0.679758 0.661149 0.277931 -0.315720 0.868282 0.361301 -0.877187 0.917001 0.413220 0.595519 0.240020 0.312252 -0.574738 0.575884 0.825717 0.679639 0.809069 0.676387 0.788003 -0.167511 -0.673469 0.407689
0.983372 0.406934 0.944994 0.970396 0.548563 0.075100 0.946408 -0.124086 0.826408 -0.260200 0.703684 -0.710619 0.955914 0.775593 -0.654034 0.389622 -1.060363 -0.849486 0.530956 0.242420 0.906443 0.133041 -0.648832 -0.203857 -0.318986 0.358515 0.009022 0.732761 0.713273 -0.753886
-0.874016 -0.599626 -0.136744 0.850581 -0.022334 -0.828050 -0.221586 -0.406867 0.903812 -0.354901 -0.640922 0.218890 0.658188 -0.923162 -0.538597 0.331530 -0.438596 0.122557 0.588476 0.334433 -0.244724 0.171875 -0.679782 0.238385 -0.929719 -0.039526 0.025503 -0.235219 -0.437133 0.576660
0.523949 -0.097480 -0.531525 -0.188923 0.720908 1.041419 0.090160 0.248985 0.332422 0.784948 0.477651 0.298246 -0.238309 -0.789287 -0.689512 -1.037359 0.012762 -0.296054 -0.729126 0.318294 -0.309134 -0.133285 -0.619864 -0.549364 0.841748 0.770789 0.012730 0.742244 -0.254220 -0.737995
-0.536214 -0.492150 0.972265 0.281219 -0.218761 -0.252898 -0.622951 -0.581135 -0.971264 0.093717 0.442952 -0.350408 0.549225 0.062105 -0.559180 -0.964910 0.439398 0.859889 0.917991 0.560932 -0.858402 -0.154539 0.576444 0.381220 -0.010381 0.744509 -0.525748 0.097382 -0.843936 0.685957
0.119403 -0.395472 -0.761645 0.948062 0.942811 -0.025418 0.113825 -0.024641 -0.325802 1.013978 0.779087 0.532120 -0.355478 0.560951 0.297955 -0.366375 0.366010 -0.383524 0.012310 0.713413 -0.698209 0.267374 0.560264 0.390562 0.329371 0.182385 0.779317 -0.615412 0.036709 0.388635
-0.698998 -0.983559 0.577413 0.484479 -1.022509 0.110325 0.854534 -0.836890 -0.742250 0.111604 0.434429 0.647498 -0.106958 0.567990 0.877284 -0.335688 0.538584 -0.093050 -0.476819 0.796655 0.629758 -0.796096 -0.864227 -1.137830 0.785750 0.141845 -0.527011 0.286720 0.399383 -0.484696
-0.858155 0.238056 -0.052833 -0.371197 0.167526 0.607226 0.820882 -0.559938 0.505646 0.875431 -0.598640 0.848330 0.837994 -0.549012 0.105481 -0.460752 0.571556 -0.334867 -0.734203 0.738497 -0.289475 0.114461 0.343098 0.576852 0.856636 0.074718 -0.358452 -0.384055 -0.887497 -0.748590
-0.765676 0.355967 -0.325335 0.221592 0.302285 -0.597874 0.415465 0.238705 -0.094668 0.720218 0.039169 0.388199 0.157325 -0.167121 -0.247442 -0.796450 -0.188354 -0.548383 0.988507 -0.440660 -0.770913 0.931463 -0.937612 0.747036 0.687496 -1.397013 0.581604 -0.115355 -0.826602 -0.114215
-0.862541 1.276611 -0.839540 0.337226 0.028446 0.474723 -0.067104 0.365191 -0.537323 -1.044843 -0.217887 -0.634077 -0.177267 0.505251 0.078308 0.364547 -0.435991 0.322271 -0.351334 0.467473 -0.867829 -0.878004 -1.143130 -0.370274 0.929697 -1.160509 0.393724 0.962966 -0.760098 -1.062082
0.174416 -0.711739 0.337887 0.886046 0.294680 -1.039910 -0.748774 0.969541 0.321764 0.131994 0.288912 -0.677548 -0.246925 -0.234479 0.169268 0.640267 0.544681 0.967352 -0.095073 -0.614425 -0.609138 -0.598213 -1.113767 -0.152803 -0.932700 -0.150664 0.393447 0.021419 -0.682159 -1.050605
0.938772 -0.784009 -0.077889 0.538731 0.460121 0.273208 0.937533 0.525790 -0.381294 -0.707467 -0.036308 -0.154145 -0.276902 -0.179174 -0.024960 -0.135058 -0.459833 0.608309 0.310303 0.432881 0.592296 -0.272619 -0.306301 0.965321 0.600979 -0.598521 -0.533786 0.421830 -0.806655 0.503884
0.114870 1.124982 -0.392744 0.403506 0.608883 -0.757910 0.710877 0.498916 0.492668 -0.126571 0.344793 -0.870949 0.273657 0.349214 0.274469 -0.150228 0.324671 -0.887267 0.667691 -0.250513 0.629471 -0.479516 0.454462 -0.857812 -0.590065 -1.114354 -0.401135 0.254094 0.928864 -0.223669
0.864273 0.142610 0.297475 0.264247 0.617268 0.022875 -0.737516 0.117009 0.774651 -0.160313 -0.625526 0.018913 -0.474554 -0.047290 0.027981 0.176502 0.670397 0.717225 -0.037149 -0.018429 0.527287 -0.920608 -0.460899 0.259239 -0.708152 0.424887 -0.399799 0.273633 -0.476962 0.603800
-0.509455 0.578895 -0.231393 0.481963 -0.575386 0.288804 -0.349007 -0.790673 0.189915 -0.291037 -1.016291 0.925871 -0.928547 -0.761519 0.002389 -0.533185 0.711320 -0.798232 -0.612661 0.164136 -0.854214 0.221178 -0.063611 0.666778 -0.427139 -0.586767 -0.875071 -0.193651 0.474539 0.397575
0.212860 -0.318950 0.292257 -0.224959 -0.758239 0.083585 0.993405 0.715423 0.394987 0.546700 -0.480293 -0.212761 0.152909 0.577101 0.414248 -0.863529 -0.453527 -0.447339 -0.199866 -0.879226 -0.990317 0.445718 -0.743181 0.884910 0.334289 -0.171997 0.594845 -0.155360 0.349266 -0.663598
-0.165788 -0.953962 -0.520198 0.966766 0.664172 -0.157058 0.982319 -0.112423 -0.290717 0.388888 0.368099 -0.361311 0.327985 0.327929 0.241723 0.511282 0.487749 -0.384841 -0.073807 0.058576 -0.337826 -0.543755 -0.893072 -0.578262 -0.156192 1.170846 0.389323 -0.269487 0.589536 -0.131122
-0.733764 -0.109469 0.119879 -0.324272 0.970471 -0.536047 1.126390 0.387843 -1.107503 1.039266 -0.479366 -0.282586 -0.240113 -0.204946 -0.297805 -0.654752 0.142270 -0.764382 0.919020 -0.012301 -0.042144 1.194466 -0.245217 -0.009500 -0.365701 1.188330 -0.906178 -1.212124 -0.983320 0.957663
-0.631811 0.124779 -0.297730 -0.463484 0.235201 -0.652257 0.057056 0.388349 0.104023 1.186823 0.769382 0.532925 0.702673 0.163952 -0.573020 -0.684180 0.502736 0.016443 -0.122925 0.199013 0.799831 1.130383 0.774673 0.075107 0.705616 0.026876 -0.604488 0.310543 -0.400259 -0.582344
-0.299688 -1.226216 0.763873 0.321664 0.203698 0.178115 -0.447129 0.894195 0.317088 -0.593975 -0.500077 -0.699937 0.859652 0.506524 -0.879475 -0.890912 -0.436518 -0.985157 0.122602 -0.499291 0.724459 -0.280987 0.457064 -1.199311 0.375830 -0.354573 0.356892 0.182177 -0.262855 0.656594
-0.874614 1.137102 0.310306 0.569006 0.667745 0.711723 0.173500 0.257920 -0.280686 -1.477795 0.259948 0.107473 0.511045 -0.565997 0.121802 0.684909 -0.075544 -0.466674 0.676870 -1.202621 0.358983 -0.395249 -1.022918 -0.592920 0.613469 -0.965989 -0.955053 0.020382 -0.980531 0.322796
-0.400767 0.937370 0.007059 -0.752539 -0.796096 -0.795407 -0.711155 -0.694450 0.199523 0.312403 -0.111687 0.417304 -0.329305 -0.261427 -0.081833 0.858070 0.907391 0.222725 0.766225 0.373986 -0.498163 0.244716 -0.803116 1.238099 0.077552 0.311030 0.026965 0.963693 -0.656468 0.329766
-0.081222 0.757384 0.800357 -0.054245 -0.210123 -0.362014 -0.052948 0.137142 0.146211 -1.215695 -0.511446 0.479548 -0.151723 -0.365769 -0.776864 -0.225645 0.398125 -0.039893 -0.695586 -0.488076 -0.344927 0.211336 -1.136205 -0.824754 0.289491 0.488522 -0.649549 0.244909 -0.428236 0.265846
-0.728083 -0.200633 -0.770469 -0.433470 0.631321 -0.831507 -0.239401 -0.892326 -0.955757 -0.210055 -0.805846 0.161840 0.293618 0.469981 0.044868 -0.166561 -0.931859 -0.809948 -1.011359 0.477332 0.211451 0.825415 -0.470866 0.881877 0.405302 -0.674230 1.017660 0.418049 0.643549 -0.619177
0.797171 -0.644642 -0.752180 -0.153720 0.501599 0.301312 0.973669 -0.904082 0.453884 -0.866792 -1.075189 0.157507 0.926787 0.815562 0.426015 -0.828339 0.016438 -0.891334 -1.005330 0.806759 0.459368 -0.323364 -0.232791 0.283079 0.325147 0.746519 0.108014 -0.667384 0.095418 -0.364801
-0.275845 0.716980 0.407035 0.289041 -0.709285 0.686072 -0.235127 0.208586 -0.105053 0.457824 0.729846 0.130639 -0.160080 -0.779267 0.403409 0.000373 0.378230 -0.774088 0.109189 -0.483740 0.612028 -0.290185 -0.890271 0.724774 -0.022639 -0.309752 -0.770125 -0.248606 0.664439 -1.062422
-0.115882 0.508525 0.759985 -0.476552 0.109227 0.434849 -0.509388 0.966284 0.250897 -0.451533 0.551214 -0.080443 -0.548322 0.594347 -0.642623 -0.138629 -0.954244 -0.776358 0.371513 0.322399 0.005613 -0.417063 -0.240262 -0.597242 -0.485077 -0.675515 0.436209 0.376092 0.164582 0.820865
-0.355685 0.829276 -0.740149 -0.586508 0.537319 -0.741481 0.081070 1.006034 0.742991 -0.607771 -0.598922 1.001381 0.528467 -0.307624 0.031284 -0.273166 -0.455422 -0.356276 0.507519 -0.320056 -0.097485 -0.232444 1.175276 -0.476096 0.552114 -0.357125 -0.396086 0.556650 0.864756 0.951536
0.916559 -0.389420 -0.586401 0.964637 -0.260312 0.936490 -0.566748 -0.899555 -0.277674 0.596707 0.859043 -0.526705 0.379210 0.903404 -0.282518 -0.813510 0.112054 -1.159699 -0.838782 0.786547 -0.368997 0.903533 0.790723 1.042523 -0.308457 -0.044942 0.236074 -0.568164 0.759079 -0.185206
-0.455729 -0.910706 0.639685 -0.838595 -0.617586 -0.260468 -0.267923 -0.719214 -0.554858 -0.269342 0.019581 0.393762 -0.090502 0.226448 0.073918 -0.133135 0.152061 -0.526981 0.935671 0.885464 0.061653 0.735842 0.892566 0.394463 0.745645 0.628947 0.514069 -0.512444 0.153773 0.063856
-0.732603 0.193046 -0.367881 0.281298 -0.025184 0.227679 -0.763154 -0.036829 -0.935154 0.901412 -0.826969 0.405619 0.702019 -0.212266 -0.898874 0.078362 -0.511126 -0.803238 0.503614 0.516735 0.691980 0.034410 -0.723871 -0.874279 0.987050 -0.608592 0.505606 -0.910038 -0.706223 0.635074
-0.640483 0.989209 -0.367520 -0.426811 -0.589272 -0.163001 0.921512 0.657876 -0.904598 -0.524377 -0.712425 1.141670 0.327864 -0.694842 0.333815 -1.524236 -0.879963 -0.350758 -0.589828 0.110112 -0.009008 0.478714 -0.074920 -1.292783 -0.768717 0.045282 0.451335 -0.858487 0.115261 0.434598
0.683354 -0.289959 0.375118 -0.684100 -1.057583 -0.594321 1.134908 0.004783 0.024117 0.585878 0.695604 0.142229 0.534684 0.753561 -0.601403 0.375469 0.625664 0.165490 0.594600 0.369787 0.634233 0.510863 0.828689 0.363548 -0.460603 -0.014964 0.387393 0.013075 0.896030 0.666588
0.213860 0.101082 -0.996433 -0.119673 -1.027942 -0.858852 0.492262 0.993428 0.755116 -0.370854 -0.395566 0.345064 -0.351835 -0.795729 -0.908268 -0.426498 -0.525806 0.399394 0.140794 -0.476325 -0.140500 -0.476884 0.585848 0.505663 0.214396 0.541159 0.867721 0.270330 0.870316 0.139927
-0.469199 0.028637 -0.961722 0.764073 -0.001932 -0.322387 0.066849 0.120599 -0.401675 -0.334641 0.439939 0.424351 1.042705 0.235591 0.153309 0.675567 -0.979609 -0.331118 0.270116 -0.604116 -0.265237 -0.026792 -0.590143 -0.713878 -0.551941 0.970543 -0.376812 0.010412 0.056281 -0.196307
0.967662 -0.251870 -0.601426 -0.003769 -0.354233 0.873111 -0.801139 0.845426 -0.703680 -0.302122 -0.901467 0.015981 -0.345310 0.561666 -0.915240 0.835960 -0.126196 -0.378231 0.713466 -1.044387 0.865254 -0.859106 -0.509004 -0.180535 0.556341 -0.990585 0.925283 0.929961 0.134482 -0.283818
0.371250 0.267676 -0.503549 0.692348 0.918200 -0.386063 0.089358 -0.448656 -0.303873 0.261916 0.515700 -0.178583 0.147074 0.205530 0.561145 0.092385 -0.282957 -0.683476 0.445147 -0.924540 -0.283392 -0.185825 0.258476 -0.475512 -0.242841 0.560438 -0.918403 -0.231576 0.561243 0.034313
0.141053 1.060010 -0.939116 -0.873517 0.418459 0.318743 -0.083328 0.202573 0.150212 -0.508695 0.035950 0.774287 -0.079001 0.493579 0.813616 0.039320 -0.684588 0.143297 -0.670610 -0.078554 -0.696981 0.935133 -0.856550 0.415209 0.793172 0.675150 0.166272 0.136150 -0.576332 -0.937785
-0.293198 0.658418 0.343748 -0.683159 -0.728118 0.134740 -0.051818 -0.697630 0.757799 0.606693 -0.365515 0.343822 -0.427189 -0.038650 0.099250 0.265733 0.247069 0.353088 -0.231974 0.809508 0.917048 0.175512 0.122537 0.553292 0.593436 -0.343984 -0.264864 1.001319 0.338402 -0.048981
-0.720495 0.927443 -0.229157 1.022329 -0.375010 0.789818 0.257415 0.880263 0.228583 0.352078 0.532970 0.766439 0.290202 0.741038 -0.584847 0.734026 -0.892209 0.555968 -0.464822 -0.307203 0.408097 0.537771 0.187387 1.283971 0.869547 -0.350086 0.336437 0.663744 -0.784498 1.020738
-0.338740 -0.526381 0.115368 -0.577111 0.662156 0.201263 -0.638689 0.554292 0.845494 -0.067013 -0.196904 -0.166789 -0.603983 -0.493402 -0.437305 0.025133 -0.460185 -0.240448 -0.688527 -1.014088 -0.527581 0.026460 0.443296 0.407611 -0.572004 -0.736432 -0.407362 0.651370 0.411930 0.568724
-0.388570 0.835798 0.000109 -0.493814 -0.558474 -0.790929 -0.177266 -0.237780 0.126102 -0.891752 1.101903 -0.171939 -0.813064 -0.012475 0.647940 -0.364125 -0.125716 -0.801617 -0.224557 -0.492046 -0.670977 0.427364 -0.130213 -0.099767 -0.262071 -0.721167 0.639775 0.891376 -0.143249 0.656668
0.805694 -0.540754 0.843840 0.396796 0.866300 -1.062972 -0.849880 0.057459 -0.439836 -0.022239 0.200472 0.286465 -0.847947 -0.461500 -0.053779 0.632919 0.842370 0.539886 0.101994 0.733497 -0.509238 -0.166023 -0.550048 -0.452570 0.069584 0.473208 -0.820945 -0.786220 -0.716845 -0.090140
-0.541184 -0.945978 0.536349 0.582154 0.303624 -0.749572 -0.229637 0.920401 0.313452 1.670389 0.087302 0.657141 0.880636 -0.162854 -0.527013 -1.626030 -0.735226 -0.612036 0.427658 0.263249 -0.910664 0.127065 -0.671582 0.462929 0.833334 0.427289 -0.441223 -0.640674 0.046112 0.815000
-0.573437 -0.589232 -0.259820 0.156207 -0.797340 0.167186 1.453095 0.167835 -0.866224 -0.097758 0.340058 0.693633 0.040347 -0.697347 0.855045 0.001255 -0.177739 -0.880274 -0.093823 0.321164 0.685421 0.467500 0.176738 -0.017946 0.540045 0.803359 -0.051356 -1.167447 -0.182321 -0.125770
-0.066685 0.000232 -0.600513 -0.025925 0.700793 0.568448 0.785435 -0.703448 0.204441 0.777403 -0.994254 -0.522321 -0.016712 -0.242487 0.460714 -0.629992 -0.360385 -0.654868 0.569127 -0.275659 -0.909626 0.988869 -0.244929 -0.549953 0.683760 0.238622 -0.442117 -1.047053 -0.584373 1.145709
0.076556 -0.417657 0.311643 0.012614 0.424247 0.403865 -0.344541 -0.389268 -0.261918 -0.805261 -0.066491 0.506077 -0.260511 -0.230736 -0.532227 0.316274 -0.343944 0.511373 0.262672 -0.441754 0.823893 0.136650 0.512597 -0.518528 -0.764041 0.635853 0.176205 0.379588 0.661613 0.566607
-0.896402 0.030676 -0.767368 0.054986 0.051966 0.662778 0.361410 0.250779 -0.985870 -0.674564 0.661271 0.020495 -0.609723 0.707615 0.678146 -0.700401 0.459628 0.831743 0.052384 0.844841 -0.194554 -0.284072 0.399081 0.352698 0.366513 -0.344611 -0.144439 0.668122 -0.337925 -0.130127
-0.824585 0.848358 -0.971963 -0.598580 -0.901101 0.443467 -0.817793 -0.675326 0.060375 0.640959 -0.957810 0.716967 -0.044921 0.620473 -0.833361 0.269553 -0.281836 -0.007186 0.957687 0.348997 -0.559020 -0.611159 -0.719412 0.295642 0.290239 0.322939 1.014049 0.905645 -0.871761 0.119144
-0.390744 -0.135093 -0.003492 -0.177719 -0.380457 -0.516395 0.715786 0.531802 0.805255 -0.458474 -0.896913 -0.214828 -0.733125 0.067411 0.267764 0.836578 -1.143243 -0.735462 -0.392485 0.374208 0.631977 -0.083237 0.121066 0.314030 0.704918 0.254298 0.984569 0.717835 -0.727835 -0.328617
-0.880486 -0.201653 -0.074985 -0.901349 0.555685 0.881819 -0.093369 0.873781 -0.225471 -0.178260 0.178004 0.311637 -0.472467 0.096237 0.411013 0.199855 0.516258 0.347658 -0.697736 -0.136513 -0.025571 -0.377988 0.189481 -0.171046 0.599189 -0.408248 -0.065819 0.626420 0.381146 0.167083
0.012684 0.571815 0.832390 0.014286 0.362701 -0.295487 -0.833739 -0.803830 -0.909577 0.938027 1.020927 -0.481992 0.166515 0.134329 -0.440861 -0.476971 -0.168886 -0.667220 0.506661 -0.752485 0.238675 -0.235685 0.653087 -0.091462 0.205028 -0.276855 0.418133 0.858581 -0.576272 -0.359725
0.207371 -0.270055 -0.606180 0.891246 0.537768 0.103757 0.115279 -0.591577 0.126260 0.360852 0.437944 -0.952448 -0.475728 0.509167 -0.126293 0.714614 -0.236404 -0.224377 0.942996 -0.753180 -0.853585 0.235096 0.544062 0.714645 -0.573898 0.884277 -0.002056 -0.341731 0.275683 0.450314
0.748995 0.950086 0.728754 0.439716 0.667162 -1.028533 0.638134 0.788538 0.798628 -0.604698 -0.608430 0.342317 0.883235 -0.541956 -0.801757 1.140924 -0.393904 -0.157128 -0.624025 0.372093 0.293806 -1.216268 -0.489812 0.078948 0.697554 -0.588067 0.250097 0.175162 -0.715998 0.495484
0.981869 -0.401496 0.620306 0.740388 -0.793847 0.866525 0.901019 0.955271 0.137566 -0.345011 0.540684 -0.867033 0.764984 -0.453575 0.311614 0.467528 -0.106899 -0.457459 -0.520100 -0.936030 0.345479 0.134796 -0.991833 0.088667 0.147957 -0.638157 -0.551444 0.478005 0.881943 0.554512
-0.579896 -0.219595 -0.627791 0.052484 -0.976516 0.009601 0.820737 -0.597571 -0.157447 1.204742 0.786084 0.951566 -0.524369 -0.803709 -0.523601 -0.014940 -0.147462 -0.180659 0.863131 -0.961084 0.122267 0.026335 -0.950273 0.612589 0.198652 0.637807 0.727737 0.773425 -0.048021 -0.024246
-0.432158 -0.379139 0.493271 0.282719 0.659036 -0.364465 -0.681683 -0.872792 0.504458 1.223881 0.729396 1.136282 -0.639729 0.212630 -0.964184 -1.369616 -0.067556 -0.898064 0.146208 -0.220499 0.408178 -1.035669 0.076151 0.544253 0.858023 -0.019155 -0.016201 0.537300 -0.512004 1.418499
0.353438 -0.935066 0.860443 0.600066 0.907936 0.903361 -0.329027 -0.283492 -0.486387 0.641324 -0.542138 0.640000 -0.961876 -0.339946 -0.771704 -1.773376 -0.177907 -0.034015 0.127018 0.439211 0.240518 -0.719575 0.818792 -0.765244 -0.127529 0.776719 -0.198541 -0.800862 0.273939 0.013846
-0.564193 -1.018969 -0.040485 -0.136342 0.817926 -0.639211 -0.080927 0.562247 0.195060 0.572976 -0.701401 -0.576674 -0.393879 0.379453 -0.480008 0.071915 -0.490529 0.924582 0.177876 -0.285804 0.094705 0.127728 0.321164 0.013924 -0.762220 -0.795147 0.797897 -0.262013 0.196460 -0.035509
0.225735 0.835615 -0.857663 -0.151875 -0.220138 0.778051 0.379018 0.178328 0.107148 -0.847661 -0.108026 0.015453 0.946024 0.149382 0.004651 0.494985 -0.307557 -0.914674 0.319677 0.334106 0.851184 0.107267 0.683566 0.529190 -0.105931 0.697445 0.388040 -0.105379 -0.481549 -0.675077
0.251620 -0.099559 -0.949315 -0.186347 0.587853 0.126380 -0.310550 -0.698340 0.957062 0.204056 0.029589 -0.849405 0.073018 0.010487 -0.631043 -0.152920 0.743608 -0.528752 -0.000862 -0.939721 0.397335 0.239175 0.762772 0.958675 -0.113102 -0.636694 0.983063 -0.342357 -0.996955 -1.024415
-0.491802 0.418260 0.360722 0.510453 -0.304336 0.302369 1.122314 0.217542 0.912726 0.497583 -0.717281 -0.468723 -0.393475 0.786740 -0.929568 0.921175 0.722184 0.522690 0.023987 0.147406 -0.288357 -0.660601 -0.048198 -0.347525 0.168214 -0.651178 0.724963 -0.001439 -0.016505 -0.590753
0.171876 -0.507832 -0.224061 0.747068 0.075280 -0.615472 0.295492 -0.178303 -0.381008 0.508498 -1.030871 -0.795719 0.077263 -0.161408 -0.790111 -0.845219 0.175494 0.210656 0.544689 -0.445417 0.746374 -0.607488 0.950194 0.545053 -0.458331 -0.133729 -0.615407 -0.224297 0.897316 -0.802244
0.912441 -0.448842 -0.929917 0.300844 0.334711 0.841578 0.508659 -0.430356 0.046706 -0.112070 0.568239 0.436895 0.551297 -1.182288 0.898425 -0.072085 0.505088 -0.573954 -0.552425 -0.339066 -0.391745 -0.627763 -0.448864 -0.174866 -0.159824 -0.401224 -0.552723 -0.553298 -0.498999 1.008448
0.238840 0.321835 -0.248123 0.118048 0.120127 0.025699 0.482944 0.170822 -0.614488 0.770610 0.668600 0.918476 0.967982 -0.837585 -0.322708 -0.199141 -0.958351 0.114318 -0.173566 -1.068585 0.634019 0.212411 0.622113 -0.677200 0.742158 0.032451 0.671739 1.191605 -0.097069 0.043614
0.287255 0.282192 0.754126 -0.596566 -0.429861 -0.894736 0.402922 -0.548985 0.932963 -0.969413 -0.192682 0.329374 0.764173 0.910301 -1.008928 -0.701731 0.291499 0.745177 -0.635467 0.350706 0.036890 -0.300902 1.072221 0.729324 0.687491 -0.092703 -0.720109 -0.264997 -0.187356 0.475047
0.753396 0.905531 -1.045171 0.507528 -0.388725 -0.472569 0.552461 0.274299 0.370851 0.426910 0.981974 0.268886 1.199490 0.743272 -0.224032 1.190135 0.177606 0.492488 -0.315662 -0.230092 -0.103854 -0.184113 0.913408 -0.982382 -0.963897 0.717497 -0.945419 0.450563 -0.825616 -0.425104
0.172425 0.088983 0.918442 -0.933486 -0.855676 0.452043 -0.433477 0.932243 -0.794071 0.030922 0.483373 -0.570656 0.793441 0.001484 -1.047621 0.164249 -0.461394 -0.781196 0.875779 1.068973 -0.071268 0.424885 -0.835359 -0.613659 0.869568 -0.560360 -0.225552 -0.066019 0.513964 0.045324
-0.399138 -0.194947 -1.007413 -0.376568 0.374698 -0.223292 0.662024 1.025163 0.079636 -0.402040 0.363485 0.553659 -0.570509 -0.511675 -0.091817 0.338501 0.851375 0.849201 -0.429283 -0.433408 -0.960937 -0.392676 0.462565 0.396948 0.429960 -0.512919 -0.123051 -0.140174 -0.000423 0.647188
-0.471358 -1.088318 -0.310244 -0.678972 -0.984916 -0.627957 -0.721740 0.527357 -0.869786 0.137872 -0.097346 -0.442770 0.633320 0.816306 0.030834 -0.264911 -0.704698 0.708369 -0.035538 -0.326596 -0.601986 0.173045 0.598138 0.140712 -0.651639 1.220150 0.759785 0.599734 0.161188 -0.316740
-0.972623 -0.170748 0.014278 0.924775 -0.632622 0.537516 0.139542 -0.857642 0.669781 -0.076555 0.680781 -0.188034 -0.480656 -0.578927 -0.497272 -0.535934 -0.900913 0.570407 -0.523020 0.763119 0.032546 0.835744 -0.415674 0.293998 -0.266921 0.128462 -0.470044 -0.556120 0.143117 0.326292
0.108662 -0.218042 -0.438266 0.848303 -0.358756 -0.266064 0.130912 0.263306 -0.784054 -0.268543 -0.540218 0.403344 -0.531210 0.744172 0.319839 -0.505313 0.353350 0.616257 -0.883145 -0.932876 0.715137 -0.738517 -0.410318 0.244412 0.113440 -0.509960 0.072283 -0.548129 -0.189089 -0.057291
0.981761 0.664364 -0.559536 -0.060005 -0.170021 -0.221507 0.658492 -0.665054 -0.574535 0.911357 -0.033267 -0.586895 -0.272302 0.546438 -0.005987 -0.870439 0.657611 0.528245 0.451545 -1.003125 0.377965 -0.362740 -0.594534 0.892929 0.662718 -0.974091 0.926393 -0.003326 -1.000920 0.847726
0.083231 -0.353390 -0.821598 0.705934 0.015880 -0.533507 0.083334 -0.686243 -0.654092 0.419425 -0.018589 0.830750 -0.215849 -0.550078 0.827349 0.511850 0.648582 -0.354277 0.696826 0.119689 -0.998970 0.051298 -0.688839 -0.109514 0.405292 -0.035330 -0.099574 -0.776976 0.042507 0.528259
0.171606 0.958747 0.509160 0.141525 0.787590 0.544182 0.309383 -0.892610 -0.096094 -0.279366 0.669821 -0.388501 0.346908 -0.874562 -0.381549 0.709829 -0.688860 0.064104 -0.642406 0.728381 0.667767 -0.547114 0.046477 -0.532985 -0.285061 0.549474 0.567194 -0.411408 0.187976 0.274739
0.019896 -0.611843 -0.033584 -0.442103 0.644646 0.344184 -0.572585 0.222215 -1.158082 -0.203036 -0.106734 0.020936 0.638280 0.767740 0.872750 0.077038 -0.751475 -1.047309 -0.890239 0.587821 -0.125536 -0.496391 -0.099262 0.721429 -0.454403 0.777787 0.689419 -0.706604 -0.236154 -0.477435
-0.628843 -0.044830 0.278261 -0.884042 -0.687328 0.063828 0.295408 0.174563 -0.109402 0.162712 0.849680 -0.351364 -1.122546 -0.430599 0.978279 -0.133638 -0.777536 -0.227234 0.256094 0.284096 0.006391 -0.642409 -0.379552 -0.163088 -0.905022 -0.457959 0.598018 0.006836 0.505640 -0.530697
-0.119183 -0.234684 0.923288 0.105896 -0.402274 0.408137 -0.553575 0.475769 -0.060804 -0.209191 -0.629522 0.416322 -0.086941 0.155846 -0.982513 1.020620 -0.170870 -0.755657 0.139618 0.930324 0.875963 -0.667017 0.962117 -0.135861 -0.507087 0.605477 -0.231758 0.671889 0.462176 1.029497
-0.536313 0.951945 -0.425683 0.815514 -0.123417 -0.143854 0.051184 -0.145019 -0.409404 0.669973 0.371653 0.591293 -0.512376 -0.827226 -0.134181 0.123727 -0.688749 -0.620400 -0.608064 0.721032 0.520252 1.060994 -0.771098 0.428694 0.880486 0.010391 1.060047 -0.716223 -0.942659 -0.574676
-0.858244 -0.367020 -0.973119 0.234011 0.540377 -0.494924 0.078448 0.079034 -0.398077 -0.177840 -0.812835 -0.976475 0.259503 0.750627 -0.681509 0.005048 -0.647193 0.593060 -0.608183 -0.442701 -0.497707 0.057505 -0.009475 -0.623086 -0.659844 -0.466183 -0.880373 0.047404 0.125281 0.772014
-0.850987 -0.034523 -0.881937 0.984006 0.465951 -0.743837 -0.693238 -0.569933 0.367175 -0.069571 -1.040602 -0.035734 0.051529 -0.663916 -0.783357 -1.048418 0.660477 -0.617870 -0.952047 -0.485632 -0.777355 0.881522 0.861466 -0.148246 0.561242 -0.226782 0.720383 0.637089 -0.252679 -0.435070
0.581127 -0.380415 -0.401189 -0.463691 0.724840 -0.392056 -0.332065 0.247240 0.628030 0.995468 0.956101 -0.356671 -1.008698 -0.971518 0.872575 -0.432992 -0.934659 -0.035048 1.003395 -0.585802 0.135898 0.462958 -0.428132 0.425229 -0.720796 -0.632743 -0.684241 0.524322 -0.840699 0.497541
-0.091490 0.013753 -0.710150 0.152225 0.587787 0.599044 -0.031059 -0.356217 0.636797 -0.598981 0.071122 0.437609 -0.467475 0.861123 0.541415 -0.509377 0.657689 -0.431275 0.553646 0.757376 0.940282 0.263185 -0.502512 0.755011 0.871845 -0.239023 -0.112424 -0.682361 0.939534 -0.088554
-0.785640 0.221137 -0.658270 0.752844 0.809847 0.905658 -0.051873 0.319657 0.576574 -0.903430 0.297384 0.639103 0.455560 0.755934 0.793467 -0.465385 0.284081 0.549315 -0.810914 0.356134 -0.367580 -0.288087 -0.011814 0.454900 -0.484567 0.228808 -0.464434 0.081093 0.664852 0.160527
-0.854866 -0.300458 -0.232760 0.842644 0.505640 0.176113 -0.503895 -0.129574 -0.036089 0.027932 -0.016101 -0.421279 0.248468 0.310566 0.398993 0.283286 -0.159810 -0.417323 -0.708602 0.709990 0.889706 0.858620 -0.701135 0.167484 0.162858 -0.112082 0.044469 -0.425289 -0.931634 0.100616
0.073012 -0.255352 -0.623757 0.589708 -0.747983 -0.815631 0.868346 0.976655 0.886804 -0.128136 0.401911 -1.003330 0.879063 -0.504579 0.213371 0.661977 -1.082933 -0.148626 0.780338 0.549486 -0.869122 0.632407 0.123113 -0.589450 0.636986 -0.989252 0.828411 -0.074479 0.550289 -0.724411
0.478553 -0.165938 0.251565 -0.301807 -0.722514 0.223702 -0.216194 0.309200 0.753233 0.070682 -0.773847 -0.523416 0.301176 -0.715334 -0.062550 0.441588 0.192482 0.186532 -0.020577 -0.427331 -0.557372 -0.286881 -0.807978 -0.046719 -0.206113 0.205217 -0.763672 0.572555 0.319981 -0.029462
0.051377 0.656074 0.122322 0.825474 1.084516 0.811453 -0.122111 -0.757936 -0.214798 0.585283 0.515727 0.763351 0.497417 0.072604 -0.308102 -0.345414 0.730465 0.398856 -0.261119 0.758772 0.865639 -0.574029 -0.723165 -0.764084 0.536747 -0.056816 -0.901399 -0.631268 -0.609845 0.837892
1.006163 -0.094070 -0.019656 0.423471 0.537545 0.516849 -1.032102 0.289313 -0.513950 0.551831 0.550136 0.445418 -0.235781 -0.013485 0.485771 0.236117 -0.050352 0.137978 -0.764339 -0.609910 -0.317784 -0.594873 -0.457625 0.474815 -0.504394 0.327703 -0.297844 -1.003755 -0.283905 -0.019628
0.529473 0.044985 -0.615390 -0.837888 -0.187534 -0.739141 -0.541909 0.500486 0.135499 0.141069 -0.731174 0.199743 -0.954210 0.276238 0.482647 -0.370087 -0.991794 0.003195 -0.024123 1.030557 -0.372473 -0.235768 -0.598684 0.483445 -0.573951 -0.390313 -0.804268 0.646355 0.828769 -0.133007
0.706427 -0.267465 0.231617 0.883632 -0.679250 -0.614910 0.170276 -0.404149 0.501146 -0.020134 -0.825981 -0.046876 -0.307108 -1.095619 -0.251599 0.291918 -0.174970 -0.736659 -0.670626 0.890183 -1.089484 0.308977 0.125141 -1.224132 0.464718 1.067980 0.315337 -0.792794 0.336626 0.905622
-0.775747 -0.081536 -0.791764 -0.405728 -0.463534 -0.686750 -0.769395 0.105977 -1.023861 -0.477257 -0.573551 0.127096 -0.250125 -0.569510 0.619497 -0.220856 -0.436986 0.163807 0.644421 0.480209 0.115721 1.043670 -0.465621 -0.576837 -0.395980 1.012416 0.455427 0.207430 0.324773 0.285284
0.967765 -0.269508 -0.553897 0.253785 0.167150 -1.132714 -0.637191 0.696922 0.400844 0.740904 -0.639538 0.031567 -0.375920 0.020922 0.295685 -0.133837 -0.474735 1.058595 0.882964 -0.460141 -0.458703 0.238453 -0.729189 -0.343901 0.863600 0.428177 0.864544 -0.630619 1.014124 0.383414
0.792722 -0.384381 0.113050 0.507978 0.947171 0.570847 0.659385 0.406309 -0.465749 -0.204697 -0.312127 0.582450 -0.809019 0.908726 -0.299360 -0.516588 -0.676097 -0.151215 -0.214353 0.630024 0.918269 -0.770809 0.253688 0.703656 -0.844952 0.966711 0.318937 -0.322331 -0.629568 -0.455300
0.630186 -0.812529 -0.033031 0.435657 0.681024 0.342443 0.493730 -0.783545 -0.062780 -0.980787 0.283682 0.830174 -0.535571 -0.024118 -0.270626 0.605110 0.761617 0.141252 0.187643 -0.716995 0.500644 0.401816 0.366771 -0.880685 -0.880375 0.247591 0.509621 -0.108011 0.341283 -1.017295
-0.215624 -1.003557 0.101664 -0.259348 -0.034343 0.513406 0.582972 -0.084102 -0.429329 0.158578 -0.221006 -0.759758 0.205337 0.164427 0.205810 -0.555536 -0.851123 -0.272462 -0.147298 -0.134856 -0.347513 0.437192 0.602440 0.153339 0.997960 -0.309365 -0.992407 -0.820030 -0.574734 0.163107
-0.583577 -0.915569 0.529112 0.989632 -0.350749 -0.846587 -0.728606 -0.879236 -0.937942 0.715276 0.584493 -0.749273 -0.220111 -0.828562 -0.067051 -0.582099 -0.861719 -0.491303 -0.848739 -0.630373 0.819174 0.257492 -0.899448 -0.796161 0.744733 -0.258534 -0.743026 -0.201650 0.130414 -1.006455
0.789199 0.636080 -0.637263 0.954990 -0.966451 -0.050045 -0.878361 -0.862582 -0.171154 0.712192 -0.631787 0.011803 -0.983616 0.148987 0.443864 -0.112964 0.198970 -0.764360 0.761018 0.009555 0.969422 0.363703 -0.298954 -0.207999 0.276921 -0.394195 0.768459 -0.028015 -0.663766 0.676112
0.871736 -0.459586 -0.912063 0.353035 0.249835 0.213456 -0.357554 -0.133298 0.379984 0.209370 0.148056 -0.760898 -0.967721 -0.428810 -0.627853 0.331647 0.541089 0.450503 -0.723457 0.925165 -0.016693 -0.457152 0.465521 -0.743464 0.913078 0.174197 0.839222 -0.346701 -0.307522 0.954119
0.107043 0.030851 0.233037 -0.374157 -0.395103 -0.377944 -0.087650 -0.234525 0.381397 0.504929 0.779424 -0.384399 -0.640411 -0.463109 1.061609 -0.502142 -0.019145 0.057658 -0.412790 -1.034849 -0.026360 -0.132098 -0.741354 -0.519236 0.188794 -0.587457 -0.732268 -0.063634 0.450777 -0.390478
-0.235386 0.104121 0.834614 0.419323 -0.299159 -0.314368 0.737213 -0.186659 -0.035800 -0.506535 0.418833 0.113712 0.825656 -0.744607 0.390380 0.137117 0.438680 -0.286321 0.716135 -0.781721 -0.634549 0.068235 0.440698 -0.018353 0.695880 -0.215497 0.616336 -0.115376 0.000553 -1.064047
-0.005145 -0.352063 -0.826336 0.946717 -0.143617 -0.263393 -0.277579 -0.584661 0.974262 1.005253 -0.981007 0.059928 -0.602918 -0.290621 0.486954 0.641869 -0.391167 -0.591474 -0.706493 0.416334 -0.265069 -0.173866 0.476376 -0.462356 -0.666872 -0.036237 -0.287412 -0.548861 -0.685700 -0.513119
-0.642530 0.743745 0.083449 0.180192 0.248668 0.712551 -0.872744 -0.461486 -0.564053 -0.132861 -0.995227 0.085369 -0.681429 -0.749083 -0.054959 0.355638 -1.046635 -0.358282 -0.281077 0.558918 0.764864 0.392329 -0.767949 0.525140 -0.565820 -0.144134 0.615855 -0.486166 -0.971858 0.162338
-0.695085 0.027368 -0.665235 -0.272900 -0.605373 -0.970881 0.171093 0.954050 0.443438 -0.153199 0.793054 0.854017 -0.336374 0.460212 0.224212 -0.399525 -0.278865 -0.674992 0.071541 0.749240 0.770587 -0.012658 0.175673 -0.688765 -0.966505 0.384447 -0.246259 -0.740434 0.034549 0.228674
0.146034 0.873549 -0.675646 -0.779572 0.238887 0.614633 0.465774 -0.312948 0.190293 0.259020 0.006852 -0.911916 -0.055130 0.231114 -0.923701 -0.510808 -0.353358 0.746742 0.657215 -0.142561 0.393053 -0.324426 0.235486 -0.258673 -0.069256 0.492646 -0.883059 0.373824 -0.465920 0.355167
0.469515 -0.670537 -0.544679 -0.808668 0.542686 -0.696920 -0.184764 -0.760751 0.239134 -0.790051 -0.073388 -0.638306 -0.238298 -0.027651 0.812668 0.285832 -0.468454 0.773542 0.114738 -0.634539 -0.979541 0.509353 0.556162 0.631381 0.481463 0.058671 0.635307 0.233806 0.465255 0.770428
0.933715 0.371654 0.269237 -0.360889 -0.259046 -0.077206 -0.393508 0.858767 0.104413 -0.790198 0.825315 0.217891 -0.138635 0.080065 -0.856547 -0.981603 0.715849 -0.055205 0.493929 -0.786835 0.141153 -0.281516 0.849888 0.190108 -0.371143 0.476573 0.847694 0.311541 0.387526 0.191114
-0.928558 -0.129182 0.444725 -0.641160 0.489191 -0.416499 0.882844 -0.877839 -0.193416 -0.349808 -0.902811 0.780481 0.128396 -0.457480 -0.803028 -0.306656 -0.758093 -0.617486 -0.195263 0.544284 0.199026 0.570060 -0.063186 -0.888613 0.339754 0.923646 -0.649405 -0.510844 -0.005299 -0.612628
-0.635939 0.489019 -0.889289 -0.400734 -0.564244 0.818802 -0.298257 0.375314 0.051174 -0.911192 0.890737 -0.661690 0.460783 -0.152195 -0.308541 -0.676316 -0.846125 0.571375 -0.571062 0.170462 0.128107 1.022235 -0.471147 -0.442175 1.027263 0.127868 0.684336 0.965719 0.566184 0.355400
-0.493468 -0.793452 -0.316158 0.877439 -0.384157 -0.582706 -0.112847 -0.884124 -0.773872 0.469667 0.323598 0.219696 -1.045403 -0.673330 0.395365 0.123543 0.044827 0.095035 0.322122 -0.853092 -1.014279 0.049902 -0.584294 -0.196937 -0.067992 0.745141 1.017329 -0.487240 0.216283 0.601809
0.766756 0.039415 -0.735848 -0.879580 -0.088241 -0.265550 -0.271461 0.876944 -0.247408 0.264704 1.010437 0.254305 0.737956 -1.154256 0.160743 0.397004 -0.449509 0.115909 0.914549 0.129381 -0.467356 0.063303 0.165739 0.548170 -0.875933 0.620383 -0.196517 -0.384467 -0.197597 -0.724667
-0.879625 0.653798 0.915973 0.264904 0.671799 -1.029289 0.582933 0.846300 0.652600 -1.058677 0.546105 0.949745 -0.011916 0.292677 0.787860 0.069507 -0.208731 -0.843885 0.725664 -0.662049 0.464505 0.816958 -0.622556 -0.923289 0.684800 0.871787 0.118085 -0.508832 0.788266 0.031503
-0.306907 0.774095 -0.892085 0.204002 -0.716566 0.286157 0.390778 -1.015988 0.936103 -0.816984 0.335922 -0.543899 0.206945 0.698910 -0.063857 0.130269 1.144366 0.696967 0.818267 0.827838 0.308021 0.048174 -0.583254 -0.548848 -0.587560 0.217844 0.825270 -0.171548 0.775245 0.062059
-0.855037 0.777547 -0.730035 0.844214 -0.050325 -0.768042 0.780384 -0.638399 1.263733 0.323719 0.072732 0.883094 -0.616180 0.744087 0.911559 0.295029 0.196036 -0.647415 -0.188529 0.248646 -0.071118 -0.417848 0.818018 0.711049 0.981275 -1.249545 -0.026434 0.312664 -0.268805 -0.627731
-0.068817 -0.287923 0.261616 0.287085 -0.189591 -0.164716 -0.094756 0.551525 -0.232579 -0.030964 0.951727 0.814920 -0.499376 -0.295677 -0.577363 0.070387 -0.694412 0.184800 -0.518691 -0.585726 -0.652114 -0.091870 -0.608606 -0.393908 -0.373308 -0.304386 0.107999 -0.273492 -0.922900 -0.603117
-0.332734 -0.596129 -0.871831 -0.822868 -0.661393 0.221040 0.409605 -0.839875 0.610668 0.318383 0.823674 0.644680 0.464416 -0.142350 -0.685722 0.087270 0.321485 -0.829760 0.891184 -0.524086 0.750617 0.771095 0.763636 0.901332 0.490433 -1.103925 -0.957006 -0.889164 0.182435 0.141304
0.090712 -0.215577 -0.837779 0.686435 -0.047458 0.447219 0.205778 0.163255 0.610211 0.213686 -0.112458 -0.269024 -0.258525 -0.702995 -0.645300 1.039874 -0.324871 -0.977787 -0.772615 -0.689456 0.330914 -0.385782 0.897309 0.764805 0.778387 -0.951218 -0.011169 1.012303 1.004275 0.168246
-0.583255 -0.708842 -0.211317 0.914267 -0.093583 0.365017 -0.476375 -0.983891 -0.982392 0.526062 0.668842 0.327181 0.763007 -0.209107 0.065719 1.190238 0.241535 0.677397 0.208064 0.460261 -0.457811 -0.666213 -0.023163 0.065857 0.702385 0.067230 -0.672744 -0.497274 -0.436221 -0.176804
0.455594 0.664470 0.549402 -0.500578 0.053609 0.250281 0.640885 -0.173504 0.364501 0.302288 0.589820 0.344599 0.784066 -0.509690 0.354358 0.065353 0.204097 0.335407 0.760774 0.464457 -0.716005 -0.800174 -0.726452 0.414278 -0.779044 0.008184 -0.867448 0.090462 -0.037837 -0.282955
-0.474130 -0.285820 -0.915479 -0.348620 0.861043 -0.637173 1.046394 -0.865785 -0.466804 0.235698 0.651920 -0.014507 0.372339 -0.941533 0.103743 0.557840 -1.033522 0.660857 -0.855066 -0.814662 -0.898528 -0.604545 -0.757514 -0.742583 0.335436 -0.364914 -0.292476 0.865864 -0.630451 -0.145141

Bias v0 (Oculta):
-0.233896
0.522264
0.857644
-0.456121
0.761269
-0.696516
0.937725
-0.830870
0.077393
-0.808816
0.248800
-0.126879
-0.011607
-0.088039
-0.709594
0.263299
-0.360761
0.430579
0.464396
-0.633047
0.372346
0.144113
0.604813
-0.319106
0.437562
-0.167112
0.318856
0.585894
-0.857610
-0.013144

Pesos w (Oculta -> Saída):
-0.554105 0.697396
-1.882669 1.882847
1.047745 -0.508252
0.207605 -0.209442
-0.734699 0.267325
0.816634 -0.567818
1.110947 -1.298648
0.545323 -0.632025
-0.956950 1.518687
1.592436 -1.371854
0.804573 -0.855257
0.634198 -0.925533
-0.511149 0.547019
-0.316323 0.366132
0.903329 -0.282301
-2.028065 2.028500
0.615216 -1.333499
-0.523897 0.803711
-0.053637 -0.240706
0.893382 -1.071771
0.291289 0.039771
0.949637 -0.825732
1.406597 -1.596632
-1.104536 1.151314
0.595766 0.289368
1.666884 -1.408652
-0.931369 0.474762
-1.218477 0.908857
0.568196 -0.921723
1.156825 -0.912284

Bias w0 (Saída):
0.465486
-0.576117
