Pesos v (Entrada -> Oculta):
-0.513340 -0.309320 -1.018631 0.054053 -0.200085 -0.418201 0.301478 -0.647323 0.331868 -0.444530 0.034748 -0.754306 0.258955 0.269255 0.267472
-0.128075 0.789462 -0.359151 0.120023 -0.883027 -0.051500 -0.707440 0.787360 -0.847266 0.561294 0.645544 0.602826 -0.231212 -0.154487 0.312394
-0.338996 0.516681 0.541529 0.408536 0.316014 0.350928 0.301270 0.255639 0.215178 0.523994 0.188041 0.129904 -0.968699 -0.000105 0.368611
-0.874236 -0.755550 0.562193 0.757828 -0.938763 0.466072 0.813602 -0.498806 -0.507758 0.071799 -0.265650 -0.641927 -0.876609 0.592300 -0.624512
0.206011 -0.526571 0.055669 0.553909 0.682896 0.536474 -0.034753 -0.168567 0.568163 -0.176598 -0.676183 0.965716 0.540135 0.425114 0.817145
0.859627 -0.849452 0.833389 0.227965 0.522767 0.493038 0.417898 -0.570752 -0.895183 0.820503 0.644242 -0.468294 0.148773 -0.622674 -0.820884
0.438521 0.386471 1.457746 -0.646214 0.176738 0.251266 1.321475 0.626991 -0.598518 0.187882 -0.317040 0.553982 -0.050603 0.673368 -0.855769
-0.063392 0.929959 1.199824 -0.241868 0.319944 -0.557456 -0.207897 -0.420870 0.854788 -0.135022 0.384520 -0.462132 0.535431 0.622672 -0.128085
-0.589332 -0.772010 -0.137981 -0.458358 0.598132 0.190971 -0.862677 -0.011988 -0.729572 -0.667193 -0.467093 -0.595225 0.287742 -0.865228 0.289523
-0.364837 0.405380 -0.726497 -0.365504 -0.436712 0.873161 -1.130502 0.602165 -0.820226 0.492427 -0.777098 0.248005 -0.228915 0.460643 -0.653756
-0.601256 0.058241 0.499491 1.015323 0.597966 0.301288 -0.602823 0.560087 0.627088 -0.994193 -0.879022 0.247658 0.063447 -0.208484 0.790747
-0.189212 -0.729733 0.761037 -0.653532 -0.879498 -0.645891 0.153510 -0.757875 0.886479 0.582218 -0.222101 0.740079 0.845844 -0.652892 0.700987
0.090633 -1.046283 0.242960 0.812475 0.005718 0.788224 0.108669 -0.597920 -0.921379 0.716579 -0.779669 -1.017341 0.789502 -1.007254 0.729706
0.290146 0.280929 -0.496217 -0.897415 -0.713903 -0.076683 0.495746 1.005069 -0.473225 -0.281442 -0.778654 0.486019 -0.878690 0.334236 0.726446
0.234740 -0.910962 0.151681 0.228807 0.124330 -0.994046 -0.376650 0.421480 0.720752 0.360026 -0.159654 -0.277055 -1.085101 0.900241 -0.547572
0.814381 -0.533231 -0.012687 -0.057146 -0.981660 -0.697834 -0.733395 -1.005145 0.115698 -0.059559 0.142621 -0.494597 0.465396 0.779065 -0.150809
-0.665456 -0.257820 1.014215 -0.489409 -0.282546 0.781509 0.592958 0.483507 0.515934 -0.319325 0.847745 -0.669305 0.744406 0.827515 -0.011724
0.513134 0.296528 1.186680 0.569685 0.032100 0.495571 0.561010 -0.540774 -0.639046 0.606128 -0.790308 -0.123656 -1.030199 0.407342 0.562868
0.724901 0.657359 1.330384 0.556123 -0.190198 0.360116 0.964904 0.403013 -0.617242 -0.275590 0.170279 0.853910 -0.056665 -0.011967 -0.549509
0.846273 -0.056723 -0.162287 0.512474 0.061820 -0.633042 0.529739 0.357668 0.197081 0.254638 0.118044 0.041532 0.406771 0.686543 -0.667184
0.452775 0.036807 -1.032268 0.466471 -0.447241 0.156836 -0.343937 -0.686164 -0.837580 0.450368 0.007009 -1.041071 0.297588 0.156174 0.177681
-0.391901 0.164174 -0.215525 0.653560 0.539784 0.415391 -1.072122 0.050335 -0.115401 -0.694126 -0.103910 0.036297 0.295612 -0.851303 0.850666
0.187895 0.329809 -0.191318 -0.763820 0.914946 -0.096443 0.220325 0.070180 -0.892835 -0.991464 -0.286324 -1.002814 -0.264205 -0.244360 0.427104
-0.289713 0.458541 -1.349352 0.040239 0.233996 -0.949628 -0.040129 0.755266 0.600248 0.850836 0.942240 0.984892 0.794275 0.938836 0.415350
0.150426 0.070968 0.602856 0.149563 -0.390594 -0.844451 0.229430 0.676951 0.035073 0.523314 0.331206 -0.690235 -0.344684 0.629923 0.674717
-0.506088 -0.523529 -1.067227 -0.161734 -0.299579 -0.967344 0.293232 0.982526 0.200034 -0.841145 -0.078865 -0.208967 0.686241 -0.598225 -0.315671
0.866040 0.364724 -0.290141 -0.474558 0.354337 -0.219012 0.820968 0.406945 -0.573780 -0.884791 0.490832 0.395642 -0.292739 -0.555998 0.712339
-0.598977 -0.275459 -0.797262 -0.833090 -0.672725 -0.022894 -0.303376 -0.580733 -0.795355 0.862740 -0.918968 0.623322 0.838529 0.923089 0.062506
-0.069473 -0.068902 0.536428 0.642071 0.060769 0.046491 -0.409716 -0.097605 -0.106327 -0.341514 -0.767060 -0.294882 0.461918 0.935702 -0.506820
0.622708 -0.647862 1.168226 0.111568 -0.614147 -0.240046 0.449662 -0.618364 0.629569 -0.177313 -0.447103 -0.868071 -0.832624 0.287612 0.561204
-0.321258 -1.039546 -0.114636 -0.195546 -0.320232 0.732332 0.095219 0.080594 -0.577205 0.635962 0.702209 -0.996133 -1.032857 0.244041 0.381042
0.351056 0.330374 1.317310 0.880632 -1.020466 -0.086989 -0.259318 -0.601950 -0.048263 0.582830 -1.028949 -0.190965 0.622729 0.715995 0.167983
0.472613 0.081931 0.387667 -0.463756 -0.800839 0.878647 -0.725188 0.119174 -0.733389 0.894180 -0.238341 -0.150211 0.657624 0.511604 0.869308
-1.015106 -0.082627 0.120278 0.887271 0.680678 0.381644 0.428284 0.598172 0.331749 -0.597430 0.062687 -0.137771 0.860112 -0.731139 0.456286
-0.620721 -0.752705 -0.829310 -0.925635 -0.263638 0.287183 0.021372 -0.724299 -0.228066 -0.755647 -0.863485 -0.816529 0.267434 1.005992 -0.666712
-0.785614 -0.171811 -0.526138 0.268090 -0.444999 0.070406 -0.874528 -0.560509 -0.252559 0.879056 0.533586 -0.822740 0.480195 0.116516 0.873052
-0.358675 -0.493902 -0.769202 0.397000 0.528712 0.390333 -1.179626 -0.782577 0.094301 0.239331 -0.152003 -0.242254 0.385206 0.449221 0.206425
0.495401 -0.790069 -0.495590 -0.930257 0.496540 0.271650 -0.673954 -0.861202 0.292630 -0.282004 -0.265619 -0.150646 -0.469224 -0.488579 0.929641
-0.048343 -0.485463 -0.889981 -0.503509 0.183622 -0.210391 -0.065412 0.425755 -0.645678 0.367749 0.915630 -0.141140 -0.315045 -0.797828 0.918406
0.621719 0.881014 -1.018866 -0.696954 0.713159 -0.514769 -0.045133 -0.505402 -0.484994 0.361405 0.299982 -0.606599 0.539906 -0.265419 -0.788471
-0.677462 0.415474 -0.441680 0.830257 -0.568625 0.102720 0.207055 -0.426840 -0.082924 -0.077617 -0.967174 0.536600 -0.716790 0.325190 0.878588
-0.884231 0.344946 0.227222 0.003359 -0.544073 0.416582 -0.083808 -0.191038 -0.242269 -0.897468 -0.266194 -0.784677 -0.265034 -0.301110 -0.261803
-0.646109 0.652844 0.520307 -0.181897 -0.662059 -0.450135 0.266966 -0.825480 0.284211 -0.146626 0.129687 -0.273531 -0.080916 -0.408027 0.761570
-1.037383 -0.941033 0.563473 -0.220237 -0.484214 0.254373 0.649758 -0.737984 -0.876108 -0.683661 -0.330132 0.735833 -0.822613 0.788747 0.826700
0.490915 0.261210 1.033106 0.197960 -0.064074 0.443820 1.082389 0.044665 -0.839695 0.079690 -0.577260 0.315967 0.053438 -0.322401 0.483214
-0.182302 -0.144217 0.526541 0.336540 -0.504901 0.573163 1.091759 -0.806520 0.554832 -0.665894 -0.661073 0.379852 -0.186427 -0.598996 0.840766
-0.309833 0.032441 -0.551770 0.448850 0.137892 -0.614371 -0.175967 -0.371662 -0.517793 0.711839 0.816096 -0.598361 0.553233 -0.807584 0.177027
0.767323 0.167710 0.537944 -0.625129 -0.527999 -0.375235 -0.424851 0.773684 -0.868681 -0.352790 1.036991 0.345567 0.490113 -0.813227 0.710943
0.111476 -0.233084 -0.158811 0.068302 0.680253 -0.754921 -0.798076 0.947418 0.640161 0.910409 -0.087166 1.019251 0.140586 0.369594 0.421954
0.527625 -0.418613 0.661873 -0.100515 0.995449 -0.812668 -0.589379 -0.284285 0.298411 -0.346273 0.297290 0.240187 0.838259 0.591058 -0.327407
0.394200 0.110599 0.739793 0.830543 -0.299431 -0.857627 -0.168954 -0.836077 0.943918 -0.581275 -0.170500 0.594027 -0.772477 0.227359 0.447141
0.690634 0.228214 0.674755 -0.431582 -0.165739 0.194608 0.130532 -0.341968 0.414793 -0.446777 0.491922 0.007994 0.799773 -0.134088 0.479720
-0.265739 0.729723 -0.400687 0.533322 -0.032146 -1.004567 -0.709666 0.193753 0.136879 -0.786959 -0.489750 0.495682 -0.532357 0.416753 0.284680
-0.004746 -1.091760 -1.632870 1.041169 0.946457 -1.025648 -0.580741 0.605048 0.321232 -1.129403 -0.831448 -0.921392 -0.347617 -0.030196 -0.820101
-0.104108 0.535875 0.673766 -0.673060 0.692634 0.447753 0.596483 0.084107 -0.838156 0.017877 0.467645 -0.478322 -0.003990 -0.724473 -0.151366
0.469159 -0.821415 1.134257 -1.053706 0.261728 0.146881 -0.250600 -0.382538 -0.247613 0.058641 -0.540230 -0.151690 0.387105 0.444325 0.878965
0.580930 0.953652 0.395060 0.822144 -1.011525 0.830069 1.051802 -0.355980 0.409896 -0.478874 -1.032226 0.101229 0.148687 0.601743 -0.628018
0.263812 -0.429372 1.231755 -0.918219 -0.966875 -1.043801 0.437323 -0.805243 -0.162660 0.052374 0.177684 0.416012 0.092336 0.360103 0.828394
-0.920423 -0.468882 1.200471 -0.402533 -0.456555 -0.605438 0.208137 0.224122 -0.021424 -0.490867 -0.838303 0.375749 0.017960 0.823094 0.904034
0.809292 -0.840379 -0.090766 -0.853617 -0.150603 0.371029 0.010904 0.056247 0.010402 -0.548359 0.487161 0.262531 0.527647 -0.401174 -0.503552
-0.566278 -0.219919 0.381261 0.147499 1.034351 0.692491 -1.051576 0.772903 0.549891 -0.966367 0.154255 -0.604824 0.549805 0.350887 0.309294
0.888105 -0.081133 -0.420234 0.011499 -0.317612 -0.719373 0.173287 0.874433 0.178755 -0.882727 0.628476 -0.981312 0.649342 -0.101813 0.482002
-0.466776 0.551423 -0.894415 0.796849 -0.939522 -0.462418 0.009086 0.030958 -0.688490 -0.473553 -0.273185 0.090631 -1.077137 0.785216 -0.429985
0.640319 -0.631132 -0.116528 0.079839 0.731470 -0.197208 0.910181 -0.671752 0.375747 -0.500256 0.082262 0.345813 0.207483 0.257177 0.628093
-0.523016 -0.814137 0.632873 0.320345 -0.847037 0.065749 0.422392 0.935784 -0.177572 0.830121 0.818657 -0.410033 -0.160017 0.597591 0.287936
0.235247 0.611445 -1.251038 -0.609548 0.996367 -0.101798 -0.023829 -0.500096 -0.601887 -0.158528 -0.128740 -0.744145 -0.427022 0.638556 0.763840
-0.865953 -0.037081 0.029620 -0.233012 -0.262871 -1.091881 -0.170252 -0.577849 -0.992012 -0.293453 -0.460999 0.297014 0.543187 -1.063621 0.101867
-0.066798 -0.306639 0.084601 -0.928129 -0.683618 -0.820384 0.374550 0.538962 0.168615 -0.984511 0.673795 0.885056 0.210045 -0.841483 0.727812
-0.176796 -0.549641 -0.076412 0.696293 0.307157 -0.539475 -0.178307 -0.200017 -0.659007 -0.289929 -0.095441 0.355294 -0.559775 -0.254895 0.208566
0.909527 0.267297 1.185215 -0.742798 0.810744 0.784324 0.015724 0.040462 0.005434 -0.217901 0.218156 0.919720 0.009578 0.474557 -0.542214
-0.471940 -0.083798 -0.764712 -0.012336 0.320983 -0.383962 1.228185 -0.181931 0.041545 0.237143 -0.056209 0.721307 -0.827162 -0.107681 -0.454818
-1.069968 0.254573 -0.026504 0.275831 -0.522407 0.479088 0.385521 -0.236497 -0.199229 -0.498054 -0.028022 -0.863406 -0.898671 -0.467716 -0.540261
-0.948312 0.115403 -0.502172 0.593022 -0.148501 -0.043833 0.370312 0.763823 0.863576 0.589528 0.317148 0.368608 -0.331335 0.411501 -0.879351
0.214610 -0.428125 0.625788 -0.156857 1.080374 -0.130313 -0.659303 0.743077 -0.348192 0.576976 -0.930102 -0.409043 0.867459 0.056074 -0.530221
0.362495 0.044227 -0.259892 0.744357 0.044356 0.288404 0.747666 0.216654 0.655511 -0.944415 -0.937410 0.950664 -0.040530 -0.587787 0.043407
-0.603589 0.659907 0.025982 0.644906 -1.076146 -0.799198 0.734290 -0.907050 -0.132747 -0.988835 0.298652 0.289097 0.625308 0.377967 0.440442
0.750706 -0.982810 -0.252401 0.750725 0.213494 -0.596657 0.742724 0.050091 -1.024420 0.467535 -0.949068 -0.641243 -0.696952 0.415752 0.221497
0.521234 0.388230 -0.512814 -0.636517 -0.394293 -0.093408 0.425224 -0.139642 -0.651488 -0.709242 0.449107 0.168289 -0.925842 -0.648977 0.273475
-0.471412 -0.394153 0.432603 0.745063 -0.007823 -0.873296 -0.410555 0.870147 0.149315 0.080841 0.436025 0.304511 0.093270 -0.403320 -0.016739
-0.682163 -0.436040 0.129888 0.876372 0.484461 -0.128797 0.432448 0.186860 -0.308213 0.337916 -0.866614 0.889053 0.271809 -0.447317 -0.758977
0.401174 0.625694 -0.480215 0.395622 0.076462 -0.272539 0.643745 -0.582806 0.858721 -0.778033 0.586868 -0.189959 -0.249931 -0.695054 0.812439
0.966653 -0.840029 -0.296610 0.793337 -0.799819 -0.876649 1.006238 0.554288 0.160317 0.758181 -0.590522 -0.309896 -0.837728 0.471448 -0.020539
-0.837275 -0.377419 0.177013 0.515233 -0.055607 0.752008 -0.295169 0.314322 -0.973665 0.336782 0.475318 -0.870210 -0.306907 0.149222 0.929564
-0.811267 0.597914 -0.820108 0.206918 0.325137 -0.965179 0.729508 0.646274 0.188550 0.149587 -0.435273 -0.521086 0.597048 0.914415 -0.742084
0.160692 -0.923870 0.188136 0.766759 0.859217 -0.861716 0.029664 -0.060664 0.084128 -0.012295 0.715565 0.206757 0.509494 0.380188 0.402731
-0.120596 0.700298 0.142458 -0.579700 -0.497318 -0.955964 -0.743669 0.702159 -0.797380 0.098710 0.023783 0.053365 -1.016586 0.269619 -0.692128
-0.059847 0.193918 0.354608 -1.013516 -0.953735 -0.581460 -0.551982 0.970580 -0.355501 -0.754295 0.151773 0.950497 -0.602566 0.635764 0.397175
-1.028381 0.525539 1.243949 0.464829 -0.096919 -0.835476 -0.217990 1.038119 0.932856 -0.284162 -0.484707 -0.423079 0.574933 1.082864 -0.155379
-0.520602 -0.298081 0.030506 0.504584 0.897835 0.235040 -0.425712 -0.447357 -0.196118 -0.673875 0.434209 -0.182820 -0.773654 0.276455 -0.925877
0.054132 -0.928692 0.191886 0.778996 -0.900492 -0.252089 0.806968 -0.821421 -0.855269 -0.757156 0.180750 -0.874262 0.738637 0.540925 0.820401
-0.213440 0.169517 0.841608 0.000008 -0.218462 -0.187623 0.427456 0.378936 -0.680070 0.500452 -0.817967 -0.350520 0.732186 -0.290271 -0.771754
-0.508088 0.755999 -0.031198 -0.687974 0.305112 0.701612 0.532273 -0.723154 -0.696898 0.156827 0.067217 1.433287 -0.480155 0.260480 0.119033
-0.656528 -0.215001 -0.244016 -0.359689 -0.643334 -0.523994 0.960345 -0.858910 0.585317 -0.012360 -0.305145 0.842506 -0.978094 -0.483991 0.845217
-0.571986 -0.244603 -0.241892 -0.277314 -0.107637 -0.523910 0.634465 -0.903698 -0.339133 -0.636414 -0.640772 0.023449 0.370921 -0.157146 0.264451
0.380537 0.057843 -0.723994 -0.047693 0.580437 -0.231415 -0.628259 0.314853 -0.166542 -0.938508 0.730977 -0.711393 -1.009049 -0.144958 -0.299375
0.868472 0.782149 -0.057246 -0.757177 -0.943973 -0.955817 0.838642 0.918884 0.529225 -0.076132 0.906536 -0.624831 0.343691 -0.689001 0.701213
-0.920855 -0.330390 0.166722 -0.434722 0.256367 0.156120 -0.263505 0.273181 0.006861 0.439043 0.698322 0.945031 0.826598 -0.447630 -0.221143
0.348946 -0.997090 -0.328683 -0.902731 -0.497610 0.200375 -0.366636 -0.446271 -0.498803 -0.215096 -0.582856 -0.799905 0.949535 0.045983 -0.675989
-0.298817 -0.182902 0.295177 0.776628 0.168306 -0.543554 -0.013335 -0.755303 0.280535 0.139442 -0.282661 -0.665352 0.895720 0.276821 0.561037
1.055029 0.193610 -0.542223 -0.096139 -0.138605 0.596756 0.636754 0.744034 0.649402 -0.933624 0.185944 -0.634580 0.122186 0.429473 -1.108811
0.005716 0.943670 0.228989 -0.788037 -0.870674 0.871197 -1.240560 -0.603393 0.900008 0.037497 -0.812587 0.311172 -0.537096 -0.307621 -0.656770
-0.473753 -0.052149 -0.980215 0.687242 0.054516 0.328391 -0.288476 0.486887 0.018073 0.263422 -0.103477 -0.616650 0.267350 0.549213 0.897561
0.820698 -0.224960 0.164230 -0.299160 0.620538 -0.229652 0.233454 -0.190945 -0.668965 -0.782928 0.445171 -0.103694 0.636017 0.675528 -0.708774
0.177161 -0.140958 0.323010 -0.902681 0.666068 0.787157 0.614936 0.261119 0.417198 -0.643878 0.787259 -0.591309 -0.965492 -0.535560 -0.449140
-0.435582 0.628769 0.467707 0.770901 0.763830 -0.509421 -0.460014 -0.565778 -0.286206 -0.412574 0.725425 -0.306483 0.822364 -0.913734 0.445446
0.529097 -0.195309 -0.638125 0.109915 0.454106 -0.505149 -0.891938 0.561454 0.167197 0.233204 -0.834215 -0.705403 -0.648334 0.862633 0.493404
0.799928 -0.300378 0.220025 0.573904 0.173442 0.063517 -0.232707 -0.329542 -0.360464 -0.758131 -0.004283 0.421317 0.976070 -0.801996 0.376973
-0.373399 0.587042 -0.286178 -0.373138 0.163109 0.203524 0.719974 -0.035538 -0.687764 0.953573 0.706628 0.994149 -0.183205 0.040426 -0.046091
-0.723589 -0.071967 0.184038 0.447081 -0.137987 0.790932 0.851002 -0.869478 0.340910 -0.705161 0.776111 -0.315087 0.466725 -0.853844 0.302126
0.677649 0.037087 0.332046 0.421851 -0.037966 0.831886 0.059638 -0.294141 0.819993 0.917679 0.226390 -0.615072 -0.508864 -0.457518 -0.405547
-0.207716 0.293318 -0.080882 0.605925 0.413944 -0.948109 -0.496038 -0.165328 0.158915 0.375282 -0.438071 0.740971 -0.658187 -0.422292 0.741205
0.730731 -0.863313 0.188562 0.156827 0.435054 -0.798482 0.585495 -0.134490 -0.634754 0.783426 0.368021 0.491184 -0.724324 0.196099 -0.788145
-0.439748 0.563905 -0.001456 -0.962683 0.720512 -0.644567 -0.328439 0.554069 -0.924792 -0.386211 0.792377 -0.311003 0.497141 0.604452 -0.063875
-0.434834 0.261123 -0.897743 -0.854926 0.846396 0.244015 -1.171052 -0.237200 -0.286690 -0.830945 1.058668 0.723630 0.614693 0.651113 0.810092
-0.986771 -0.043335 0.372135 0.834159 -0.820962 -0.206268 -0.785326 -0.235655 -0.588293 -0.323369 -0.034782 -0.472643 -0.378107 0.455197 0.444375
0.341904 0.306842 0.006226 0.367178 -0.563801 -0.031591 0.163747 0.164833 0.561117 -0.349984 -0.323264 0.578039 -0.852444 0.788782 -0.562907
-0.678905 -0.773445 -0.380468 0.826142 0.904816 -0.871793 0.625650 -0.633245 0.084791 0.133256 -0.639690 0.050643 -1.067425 0.669506 0.138476
-1.090168 -0.149363 -0.264137 -0.191568 -0.687911 -0.872371 -0.252188 -0.439586 0.876517 -0.562241 -0.697442 -0.580837 0.278052 0.206702 0.609100
-0.623027 -0.890189 0.666007 -0.479549 -0.623366 -0.553139 -0.497661 -0.343950 -0.942804 -0.865710 0.679837 0.249654 -0.195616 -0.446106 -0.914879
-0.753278 0.032728 0.122200 0.262927 -0.004881 -0.305105 0.885828 0.054180 -0.602184 -0.289721 -0.178422 0.171724 -0.089084 -0.382582 -0.941964

Bias v0 (Oculta):
-0.997173
-0.330789
-0.386400
-0.103066
0.612636
0.312677
-0.996010
-0.117791
0.391642
-0.934757
0.229958
-0.300695
-0.771447
-0.577138
-0.366603

Pesos w (Oculta -> Sa獮a):
-0.239760 0.404198
0.761302 0.063797
2.753984 -2.819252
-0.147388 0.082467
-0.405704 0.628051
1.082639 -0.675845
2.102515 -2.070510
-0.663855 0.909636
0.375688 -0.201946
0.549567 -0.834605
-0.373142 0.256306
1.237323 -1.362004
-0.518130 0.431227
1.025453 -0.955726
-0.548710 1.039146

Bias w0 (Sa獮a):
-0.552469
-0.067047
