Pesos v (Entrada -> Oculta):
-0.230726 0.553030 0.540485 -0.355073 0.126926 -0.372841 -0.833780 0.376504 0.153202 0.896322 0.057557 0.724892 0.132025 0.448795 -0.002248 -0.614639 -0.454007 0.500490 -0.990618 0.944577 -0.839310 0.695794 -0.537557 -0.135516 -0.898994 -0.343641 0.696654 0.652306 -0.812419 -0.201411
0.744132 -0.581344 -0.730808 0.989445 0.542346 -0.765512 0.309334 0.118412 0.848698 0.355061 -0.409967 0.495813 -0.755413 0.755412 0.979303 0.784650 0.342982 0.354757 0.500603 0.276608 0.350510 -0.061357 0.327604 -0.392464 0.642540 0.268070 -0.063161 0.323463 0.889762 -0.420080
0.338585 0.407974 -0.779492 -0.821056 0.922848 0.434628 -0.333993 0.127368 -0.999076 0.310281 -0.397734 -0.630284 0.704811 0.859544 -0.253235 -0.926194 0.088780 0.406047 0.221555 -0.138248 -0.209482 -0.087395 -0.019513 0.575596 -0.637274 0.240664 0.677748 0.457326 0.140811 -0.612164
0.451077 -0.639216 -0.112899 -0.654676 0.330455 0.636750 0.378634 -0.197006 0.828223 -0.952399 -0.470388 -0.992290 -0.087045 0.436564 0.306518 0.438293 0.553557 -0.747121 0.761379 0.175173 0.203251 -0.683908 0.237300 -0.631402 -0.659194 -0.897309 0.114120 0.590642 -0.462169 0.433930
-0.573697 -0.705553 0.254927 -0.230139 0.573784 0.237917 0.845354 0.474138 0.973940 0.297200 0.226982 -0.760411 -0.946839 0.981081 -0.281841 -0.746345 0.819460 0.309464 -0.208838 0.345268 0.263418 0.239379 0.284448 0.710978 0.889938 -0.335264 -0.110787 0.159829 -0.446541 -0.039289
-0.939418 0.402958 -0.779930 0.321374 -0.850108 -0.494820 0.649401 0.833055 0.716100 -0.783446 -0.980490 0.226271 -0.499615 -0.127992 -0.505524 0.322638 -0.675701 -0.758947 0.269184 0.897014 -0.080243 -0.052508 0.800679 -0.034694 0.912430 -0.461991 0.762330 -0.333078 -0.483041 0.788628
0.427363 -0.461539 0.275693 -0.613267 -0.418965 -0.605075 -0.065009 -0.374533 -0.943336 0.615452 0.827462 -0.326409 0.432773 0.583115 -0.686474 0.919208 -0.296895 0.554566 -0.449776 0.523707 0.890850 0.444534 0.405725 -0.500973 -0.155548 -0.760701 0.653079 0.366179 -0.442280 -0.396679
0.001879 -0.505392 -0.011861 0.460433 0.371723 0.935296 0.362163 -0.577127 0.614583 -0.939445 0.393117 0.601777 -0.712448 -0.500897 -0.244509 0.542785 0.619350 0.478970 0.920797 0.124618 0.145042 0.096784 -0.865063 -0.151594 0.603555 -0.504016 0.250382 -0.730947 -0.519640 -0.515606
-0.743501 0.218026 -0.288894 -0.679651 -0.029522 -0.313784 0.068110 0.019545 0.975651 0.002006 0.077687 0.128409 0.509743 0.026090 0.925584 0.186155 0.495200 0.774025 -0.171738 0.426504 0.301329 -0.919852 -0.146551 -0.394159 0.402480 0.255070 0.145636 -0.694302 -0.740277 0.900366
0.446914 -0.357628 -0.633677 0.919729 -0.475839 0.503111 -0.799757 0.791638 0.281434 -0.862608 0.517348 -0.276932 0.254741 0.192641 0.329123 -0.728644 -0.032502 0.716296 -0.983707 0.211186 0.926372 0.353219 -0.909355 0.052270 0.817475 0.200294 0.734408 0.311951 0.590811 -0.241223
-0.637512 -0.369456 -0.492099 -0.013690 0.498056 0.390958 -0.256390 0.845068 0.283821 -0.611240 0.573852 0.912614 -0.392124 -0.068963 0.154564 0.219950 0.135860 -0.731512 -0.784459 -0.065212 0.722626 0.817750 -0.397755 -0.443461 0.864597 0.333038 -0.876312 0.650552 -0.722478 0.768326
0.128028 -0.764789 -0.703072 0.929840 -0.278708 0.891021 -0.721912 -0.836934 -0.579098 0.805353 0.070514 -0.278095 -0.328397 0.115613 0.323268 0.412996 -0.243932 0.701581 0.829700 0.260681 -0.247119 -0.056249 0.645768 -0.258768 -0.408731 0.020476 -0.072849 0.006540 -0.415228 -0.785167
0.613216 -0.345635 0.520352 -0.566916 -0.898314 0.150139 0.496736 0.018123 0.153910 0.442263 0.597420 0.000566 0.353280 0.766274 0.321123 -0.201891 -0.785868 -0.032861 -0.767511 0.424536 -0.477578 0.088406 -0.560728 -0.673515 0.576561 -0.278570 -0.207938 -0.039445 -0.276493 -0.386767
0.572296 0.614150 -0.361229 -0.788738 -0.997353 -0.916681 0.897312 0.872641 -0.241985 -0.842723 -0.266058 0.028757 -0.895550 -0.326887 -0.991965 -0.058484 -0.707877 0.636564 0.560206 0.288907 -0.404336 -0.878001 0.455500 -0.426346 -0.504927 0.844191 -0.642996 0.774117 0.991303 0.315300
0.484290 -0.603935 0.902318 0.798588 0.064083 0.029245 0.222388 -0.810116 0.718798 -0.457362 0.969547 -0.907131 0.827564 -0.378802 0.955395 -0.276577 -0.429255 0.568085 -0.002158 0.731794 -0.938097 0.912467 -0.003159 0.368475 0.710219 0.238814 -0.929080 0.686355 0.348049 0.853410
0.087668 0.481330 -0.040053 0.347880 -0.599438 0.219026 0.733837 -0.629192 0.766725 -0.943026 -0.494789 -0.598023 0.745425 0.288402 -0.560314 0.862917 -0.075017 -0.239132 -0.966810 -0.311484 -0.295459 -0.493871 -0.823583 0.520172 -0.835769 0.932452 -0.540431 -0.378474 0.096904 0.374060
0.581415 -0.604877 -0.552761 0.673788 0.332273 -0.286009 0.779057 -0.871919 -0.908778 -0.698337 0.667476 0.936671 0.187532 -0.429301 0.011208 0.228074 0.350704 0.134226 -0.581645 -0.714908 -0.075940 0.339876 0.175025 -0.082074 0.907116 0.986681 -0.155612 -0.082786 -0.719951 0.675515
-0.101331 -0.523013 0.208179 -0.372078 -0.917617 0.503855 -0.179447 -0.510339 0.731658 0.332381 0.775311 -0.268968 0.526706 0.453322 0.150416 0.156571 0.042070 0.045379 -0.153500 -0.013531 0.230944 -0.115604 0.290333 -0.636464 -0.629255 -0.050499 -0.963843 0.599245 -0.127556 -0.158084
-0.962077 -0.330060 0.935321 -0.718260 0.988281 -0.986042 -0.343560 -0.634067 -0.016163 -0.675207 0.965416 0.268085 -0.756462 0.571979 0.878634 0.003331 0.323483 -0.295975 -0.053810 0.910144 0.023054 -0.014958 -0.900042 0.644631 0.744661 0.417443 0.799330 -0.377520 -0.262062 0.996196
-0.310581 -0.590517 0.268248 0.255517 0.701719 0.132094 0.431142 -0.729930 0.368480 0.459494 0.882801 -0.170901 0.646935 0.596289 -0.090650 0.372017 0.629953 0.128035 0.858762 -0.766468 -0.361600 0.579829 -0.686171 -0.321918 0.054395 0.836765 0.590235 -0.837989 0.527295 -0.637818
0.425989 0.938183 0.439468 -0.899863 -0.512832 0.256650 -0.681622 -0.542146 -0.288703 0.126823 -0.967408 -0.404463 0.731310 0.006201 -0.314553 0.406475 0.054149 -0.385243 0.340875 0.221460 -0.510349 -0.356086 0.571197 -0.448181 -0.909312 -0.278355 -0.896866 -0.136755 -0.458916 -0.566278
0.606656 0.731336 0.395617 0.311796 0.445339 -0.215823 0.513083 0.333268 -0.669821 -0.003551 -0.934195 0.702863 0.832614 0.773755 -0.093912 -0.269648 0.635473 0.283623 -0.631610 -0.579379 0.654023 -0.297037 -0.278605 -0.677788 0.515853 0.632824 -0.885964 0.679906 -0.743588 0.000245
0.435192 -0.083791 -0.182353 0.533839 -0.787903 0.557695 0.980177 -0.436040 -0.021399 -0.850706 0.193226 0.791912 -0.653209 -0.346058 0.316208 -0.459507 -0.407454 -0.174905 -0.620427 -0.355641 0.824213 0.633558 -0.531088 -0.555791 0.925670 0.201138 -0.862196 0.210965 -0.853512 0.033904
0.007992 -0.312167 -0.284152 0.261914 -0.761570 0.895157 -0.031465 0.592175 0.038190 0.303429 -0.147768 0.569916 0.402555 0.102592 -0.487934 0.453711 0.558326 -0.630248 0.893313 -0.878362 -0.375187 -0.411095 0.606957 -0.830616 0.308488 -0.121688 -0.208661 -0.493426 0.395982 -0.164096
0.055981 0.807260 0.183705 0.575652 -0.133216 -0.902182 0.304965 -0.582088 0.541273 -0.615826 0.040096 -0.664203 -0.199555 -0.621742 -0.223053 0.184278 0.840478 -0.492302 0.035849 0.622363 -0.141596 0.550410 -0.063075 0.028613 -0.087633 0.412390 -0.991029 0.718876 0.153796 0.040022
0.793259 -0.639171 0.817616 0.892766 -0.656627 -0.289471 0.720656 -0.538756 -0.174316 -0.582307 0.938257 0.467235 0.943035 -0.110405 -0.886099 0.924308 -0.627855 0.610024 -0.363037 -0.577948 -0.530097 -0.588428 -0.330332 -0.301042 -0.942844 0.634409 0.618594 0.969632 0.911772 0.008532
0.717840 -0.314507 -0.857328 -0.245489 -0.715560 0.597353 0.638054 0.399889 -0.486356 0.101384 0.325744 0.996342 0.794459 -0.639864 -0.834542 -0.115499 0.855021 -0.496393 -0.717357 0.725224 -0.506469 0.389858 -0.405817 0.833194 -0.994493 0.347218 0.628834 0.041621 0.880499 0.855780
0.096480 -0.456911 -0.940224 0.406808 -0.676030 -0.677748 -0.949247 0.097262 -0.854666 -0.966254 0.607417 -0.773117 0.039138 -0.780473 0.068218 -0.480432 0.726825 -0.402302 0.399486 0.871525 0.539668 0.896528 -0.812897 -0.883304 -0.048800 0.844671 0.766104 -0.605801 -0.063760 -0.665928
-0.968752 -0.407080 0.318358 -0.067451 0.380026 0.479209 -0.173504 0.702759 0.007050 -0.767976 0.284090 0.535896 0.384062 0.897647 0.769552 -0.093643 -0.196568 0.738562 -0.120312 0.712181 0.877805 -0.487935 0.695052 0.186494 -0.248348 0.645160 0.923325 0.012080 0.817339 0.606106
-0.565307 0.692242 0.883999 -0.572269 0.160445 0.297670 -0.640538 0.069180 -0.301985 -0.905813 -0.248493 -0.387507 0.731867 0.550466 -0.920326 -0.010873 0.266710 0.022648 0.242199 0.643297 -0.162469 0.253335 -0.934136 0.978565 0.825447 0.420238 -0.696932 0.148635 -0.285116 0.353934
0.518058 -0.427518 0.804784 -0.600256 0.737824 -0.420911 -0.125561 0.947700 -0.153766 -0.359972 0.498842 0.095709 -0.678878 -0.825285 -0.874701 0.819310 -0.358415 -0.864476 -0.904972 -0.852664 0.369221 -0.277009 -0.289224 -0.824641 -0.359858 -0.180126 -0.636762 0.732820 -0.107687 -0.620020
0.122060 0.659098 0.623515 0.635624 0.677645 -0.257643 0.540646 -0.259861 -0.549514 -0.163254 -0.437534 0.380446 0.744262 -0.816143 -0.969659 -0.027513 0.703102 0.249161 0.685629 0.472540 -0.202276 0.598971 0.384872 -0.875184 0.814494 -0.820468 0.058110 0.763770 0.560415 -0.923990
0.793993 -0.455834 0.161517 0.463447 -0.074661 0.283018 0.233773 0.629965 0.563243 -0.815564 0.048862 0.410102 -0.399347 -0.968979 -0.399738 0.471273 0.468127 -0.796172 -0.374280 0.038423 0.811024 0.703719 0.043222 0.966578 0.683174 0.253267 -0.999733 -0.876406 0.719093 -0.202564
0.652921 -0.326955 -0.531196 0.409030 0.662465 0.330229 -0.151989 0.704028 0.498118 -0.295888 -0.786105 -0.304294 0.969500 0.319783 -0.980980 -0.897872 -0.025431 0.382531 -0.312963 0.075315 -0.038391 0.145984 -0.841751 0.969538 -0.563256 -0.172422 0.174913 0.297929 -0.847900 -0.953738
0.409130 -0.222091 -0.898341 -0.359136 -0.419541 0.324711 -0.147806 -0.389258 0.366233 -0.922938 0.785077 -0.172467 -0.023355 0.476564 -0.892110 0.220353 0.033028 -0.869250 0.760334 -0.800396 0.011750 0.712378 0.111628 -0.632949 0.741274 0.680029 -0.957916 -0.975583 -0.212374 0.632232
0.006136 0.856403 -0.329830 0.702852 0.096974 0.797530 -0.326382 -0.097629 -0.794156 0.403079 -0.594155 0.237055 0.532360 0.754994 -0.571224 -0.854134 -0.590717 0.317628 -0.690696 0.067941 0.206112 0.505405 -0.190484 -0.250736 -0.876511 -0.979888 0.471851 0.999611 -0.423370 -0.800832
0.062835 -0.870230 0.646942 0.547549 0.468461 -0.524282 -0.252395 0.517878 0.328362 0.136415 -0.050957 0.629475 -0.439723 -0.272707 0.584717 -0.625060 -0.915524 0.658410 -0.466977 -0.437911 0.154916 0.284247 -0.239833 0.519221 -0.694609 0.632582 0.263658 -0.166318 0.611673 0.134836
-0.548356 0.254959 -0.404266 0.309575 0.680273 -0.461341 0.967887 -0.222637 -0.722386 -0.416363 0.835265 -0.279724 -0.756574 0.342246 -0.185295 -0.571326 0.328761 -0.453162 0.881130 -0.693505 -0.047810 -0.660733 -0.566284 0.279641 -0.610279 -0.877996 0.638876 -0.103162 0.031103 -0.456361
-0.615851 -0.563265 -0.528968 0.307643 -0.405066 0.210208 0.731270 -0.510502 0.046707 -0.257085 0.791946 -0.475450 0.578375 -0.395563 -0.267674 -0.424919 0.465008 0.677278 0.847595 -0.835163 -0.137400 -0.576091 0.189149 -0.369160 -0.418102 -0.818935 -0.673429 -0.644916 -0.726699 0.880462
-0.620446 -0.305206 -0.725723 -0.652306 0.880060 -0.964758 0.379922 0.363090 0.042537 0.163881 0.377943 0.647656 -0.975478 -0.595784 0.995562 -0.806210 0.311944 -0.424059 -0.760739 0.707148 -0.005276 0.866613 0.087539 -0.359580 0.080187 0.728920 0.911402 -0.013854 0.310225 -0.270886
-0.361145 -0.020111 -0.910814 0.021855 0.097950 0.035974 -0.460674 -0.010452 0.381583 0.528437 -0.477160 -0.575191 0.243867 0.295390 -0.197034 0.786464 0.154237 -0.658117 0.960089 -0.255526 0.305502 0.577719 -0.770716 0.007951 -0.075678 -0.530460 -0.815518 -0.942182 -0.225171 -0.736410
-0.906543 0.297873 -0.692276 -0.892675 -0.988476 0.090319 0.652220 0.020702 -0.303332 0.177073 0.056994 -0.505574 -0.349039 -0.050529 -0.938292 0.141420 0.446201 -0.916880 -0.335039 0.340214 0.118244 0.704416 0.626486 -0.531683 0.361355 0.752298 0.852035 0.600504 0.357171 0.390167
0.565161 0.436958 0.764202 0.223071 0.742656 -0.634859 -0.919388 0.206487 -0.840100 0.585162 -0.248508 0.267643 -0.353725 0.139900 0.455944 0.356633 0.296553 0.327128 -0.331048 0.771505 0.159409 0.495971 0.401937 -0.423931 0.412004 -0.147342 0.327382 -0.129639 0.861023 0.905791
-0.981165 0.677334 -0.353142 0.724600 0.515007 0.698228 0.208613 0.410429 0.944686 0.725676 0.807011 0.534275 -0.316678 0.216476 -0.050284 -0.933631 -0.161836 -0.870726 0.551616 -0.708658 -0.347661 -0.730213 -0.865589 -0.877251 0.419942 0.971858 -0.102260 -0.307859 0.800986 0.165115
0.600527 -0.218359 -0.595935 -0.992640 0.934871 0.643632 -0.488642 0.223900 0.667791 0.700191 0.305163 -0.116911 0.406861 -0.932373 -0.110992 0.252843 -0.791484 0.219564 0.987339 0.225122 0.186529 0.079591 0.307924 -0.761702 0.888649 0.126330 -0.538552 0.420139 -0.441202 -0.691283
-0.305176 -0.009357 0.342530 0.958967 -0.947256 0.381538 0.553854 -0.331035 -0.328253 -0.518481 -0.081788 -0.676862 0.392894 -0.319348 -0.409525 -0.389739 0.398947 0.159764 0.762561 -0.683352 0.387117 0.039896 -0.253488 -0.243316 -0.194083 0.248544 -0.602957 -0.657366 0.930912 0.738416
0.887284 0.043685 -0.611418 0.996870 -0.857332 -0.130496 -0.950918 -0.526184 0.242500 0.822526 -0.724832 0.273670 -0.840054 0.324800 0.805210 -0.157784 0.142234 -0.180641 -0.058132 0.834050 -0.143758 0.564908 -0.805681 -0.072855 -0.288502 0.280094 0.480155 0.803606 0.357063 -0.700777
0.799294 -0.419808 -0.369520 0.363515 -0.308284 0.059908 -0.746052 -0.799050 0.209752 -0.667768 -0.627720 0.050099 0.074636 0.460941 0.763187 0.510396 0.606870 -0.461736 -0.336871 0.154006 0.459908 -0.574732 -0.538570 -0.605007 0.515256 0.858645 0.608836 0.239661 -0.186104 -0.694217
0.851471 -0.883200 -0.338766 -0.770064 0.317626 -0.475859 0.297792 -0.224707 0.867108 -0.262732 0.097214 -0.979479 -0.505524 0.460168 -0.889305 -0.352290 0.294732 -0.180518 0.520406 -0.517127 -0.234532 0.568995 0.644820 0.416574 -0.800901 -0.668150 -0.466124 0.238539 0.056789 -0.767766
0.514195 -0.906330 0.832059 -0.955515 0.765207 -0.279340 -0.239897 -0.402473 -0.945244 0.765642 -0.122571 0.745729 0.581966 0.363953 -0.029383 -0.335879 0.877798 -0.499114 -0.582696 -0.807840 0.728545 -0.153494 -0.305867 -0.417742 0.385496 -0.685609 -0.721631 -0.529282 -0.554393 -0.551893
-0.472521 -0.555807 -0.054603 0.247703 -0.423097 0.059997 0.809861 -0.546125 -0.550453 0.104226 0.892607 0.770486 0.839125 0.322887 -0.252223 0.243138 0.934907 0.919740 -0.690236 0.155004 0.212433 -0.343620 0.496306 -0.316078 0.488065 0.624882 -0.914528 0.620712 -0.595614 0.611017
0.872449 0.474789 0.225378 -0.780290 0.509809 0.787259 0.832889 0.770999 -0.994485 -0.277261 0.986904 -0.027429 -0.328154 0.451530 0.272821 0.016718 0.737297 -0.515864 0.489330 0.603148 -0.431239 -0.449525 -0.443743 -0.365591 -0.648239 -0.644118 0.589685 -0.839701 -0.274668 -0.733808
0.430437 0.045724 0.171106 0.870864 0.017212 -0.551681 0.602409 0.723630 -0.898975 0.403536 -0.486479 -0.104543 0.563869 -0.736768 0.246814 -0.389301 0.546252 0.298492 0.792636 0.697930 -0.294464 -0.446275 -0.112725 -0.034739 -0.213853 0.032809 -0.569210 -0.687159 0.257731 0.057778
-0.713244 0.320873 -0.243854 0.301384 0.485898 -0.504686 -0.937625 -0.712650 0.676169 -0.379942 -0.373487 0.285312 -0.793017 0.631198 -0.858347 -0.168174 -0.178859 0.865556 0.934867 -0.150058 0.375002 -0.093531 0.105088 0.559929 0.786738 -0.880059 0.683809 0.884557 -0.480572 -0.084917
0.177922 -0.775849 0.477608 0.212952 0.659684 -0.939976 -0.404613 -0.317350 -0.288049 -0.935325 0.358616 -0.049233 0.199326 0.324337 -0.877888 0.847310 -0.853935 0.730738 0.282343 -0.021357 0.438142 0.242266 -0.354415 0.920812 0.440529 -0.403539 -0.581202 0.453559 -0.171676 0.249552
-0.561246 -0.618011 0.826461 -0.745931 0.291736 0.864325 0.832829 -0.721591 -0.272581 -0.354135 0.277704 -0.179996 -0.887312 0.695709 0.247238 -0.570513 0.707121 0.130905 -0.946029 0.854260 0.440678 0.367754 -0.750528 0.805216 0.818322 0.824172 0.480459 0.439292 0.980877 -0.284862
0.506185 -0.537650 -0.361445 0.166358 0.279282 0.653007 0.517765 0.417297 -0.810698 -0.923521 0.231423 0.325284 -0.929006 0.818446 -0.625760 -0.729731 0.679820 0.822311 -0.394895 0.102253 -0.402596 0.862566 -0.080688 -0.624927 -0.335675 0.627233 -0.050980 0.205410 -0.282083 -0.485231
0.767660 0.317716 0.667216 -0.964520 0.178612 -0.353402 0.018561 -0.610576 -0.740356 -0.006948 0.302717 0.646468 0.084555 -0.860204 0.547884 0.967654 0.017067 0.097148 0.650639 -0.233180 0.164564 0.035639 -0.596494 -0.842850 0.429603 -0.157884 0.538874 -0.564123 -0.900959 0.585451
0.533709 -0.017216 0.107408 0.179488 -0.027250 0.692195 -0.550286 -0.857441 0.202559 -0.681847 -0.296273 -0.504610 0.139401 0.660065 0.981825 0.335420 -0.131394 -0.053154 -0.547450 -0.179758 -0.440474 -0.650434 0.716477 -0.204139 -0.010139 -0.495047 0.776504 -0.639993 -0.148478 -0.550688
0.692225 0.710719 -0.617139 0.552414 0.100357 -0.365402 0.779701 -0.836311 -0.551280 -0.826808 -0.215992 -0.567918 -0.228698 -0.577155 0.766119 -0.911152 0.863592 0.798636 -0.270388 -0.901058 -0.894445 -0.176995 0.934055 0.429488 -0.397570 0.575154 -0.232829 0.883800 0.338274 0.268915
0.776414 0.089460 0.782868 -0.887590 0.594192 0.070510 0.606454 0.769831 -0.943177 -0.529425 0.073307 0.135836 0.110358 0.748474 -0.051906 -0.010715 0.340501 -0.377530 -0.751421 -0.480667 -0.036284 0.263229 -0.468183 -0.463122 -0.239533 -0.118965 0.679113 0.908085 -0.859343 0.662152
-0.331355 0.995511 -0.452905 0.853030 0.667458 0.363844 0.958657 -0.869503 0.193807 -0.907639 0.206495 -0.559884 0.667326 -0.025380 -0.459015 0.896294 0.805861 -0.910087 -0.112312 0.371364 0.855834 -0.094304 -0.962324 -0.898837 0.216869 0.903553 -0.151141 0.381776 0.492782 -0.497262
0.223050 0.881566 0.344589 -0.711916 -0.626323 0.361969 -0.471606 -0.577754 0.285699 -0.339119 -0.920754 -0.101904 -0.803313 0.567846 -0.031972 -0.708116 -0.883552 0.984904 0.843931 0.127975 -0.052876 0.435934 0.994050 0.990784 -0.896385 -0.240386 0.248020 0.423267 -0.519223 0.386366
-0.917620 -0.512253 -0.215017 0.145906 -0.318362 -0.381085 -0.011984 0.431044 -0.777901 -0.321880 0.525604 0.577807 0.116533 -0.348627 -0.184086 0.872891 -0.493313 0.308376 -0.597466 0.351246 -0.164889 -0.875206 -0.292178 0.883097 0.500446 0.949063 -0.596948 0.464805 0.763184 0.346367
0.128194 -0.514770 0.326446 0.596970 -0.950331 -0.631308 -0.642993 -0.993523 0.887381 -0.999346 -0.934670 -0.882117 0.149193 0.382956 0.193171 -0.274249 0.506051 0.976993 -0.678910 0.190615 0.329597 -0.209783 0.889062 -0.998833 -0.141889 0.066184 -0.431998 0.128977 0.484722 0.851325
0.392930 -0.552827 0.682668 0.779882 -0.081017 0.772146 -0.287355 0.579878 -0.680239 -0.696168 -0.546677 -0.094703 0.548489 0.813492 0.360206 -0.830794 0.051031 0.631335 -0.635264 -0.205253 -0.398856 0.617379 -0.301426 -0.901415 0.624700 -0.063254 0.545435 -0.555886 0.323054 -0.693584
0.738547 0.735736 -0.854014 0.829734 0.940433 0.821282 0.923156 -0.302667 0.099547 0.173726 0.320729 -0.978608 0.580469 0.626944 0.190048 0.603134 -0.721617 0.228776 -0.387133 0.088180 0.827964 0.375543 0.262497 -0.993235 -0.061360 -0.993906 -0.535669 -0.944666 0.186469 -0.580274
0.244081 0.257614 -0.664785 -0.232058 -0.305102 0.274179 -0.551773 -0.963820 -0.151250 0.076894 0.000482 0.353579 -0.877813 -0.073816 -0.731338 0.189554 0.377721 0.229418 -0.726897 -0.155743 0.855412 -0.391896 0.074051 -0.196190 -0.440296 -0.786396 0.708117 0.862673 0.448869 -0.451086
0.057273 -0.402367 0.802159 0.691754 -0.080295 0.423300 -0.192061 -0.198340 0.778041 -0.083369 -0.683126 -0.010356 0.970318 -0.580497 -0.455948 -0.145276 -0.822507 0.059477 0.605359 -0.616731 -0.660188 0.408126 -0.668573 -0.873139 -0.501647 0.843910 0.605397 -0.140770 0.698197 0.199463
0.627420 0.251338 -0.820367 -0.258250 0.505729 0.046145 0.766670 0.275382 0.453778 -0.165057 0.375976 -0.112747 0.217960 -0.577857 -0.210003 -0.570806 0.179856 0.444572 0.536306 0.154448 0.031023 -0.103422 0.490908 0.989748 -0.002421 0.114835 -0.950626 0.087732 -0.001688 0.755216
0.422449 0.786764 0.730137 0.794985 0.629189 0.009392 -0.477797 -0.922743 -0.027689 -0.066487 0.400517 0.029575 0.381615 -0.952805 0.055660 0.580303 -0.787732 0.717621 -0.804915 -0.748615 -0.900155 0.213849 0.860361 -0.007888 0.730864 -0.070113 0.613052 -0.084701 0.294121 -0.556754
-0.668578 -0.747991 -0.697218 0.084895 0.711627 -0.631547 -0.680387 0.659020 0.572822 -0.586269 -0.118380 0.284014 -0.434766 -0.060097 0.898686 -0.121002 0.483259 0.502925 0.691069 -0.261455 0.831225 0.545945 0.781732 0.082241 -0.423254 -0.003659 -0.850739 0.765076 0.766495 -0.016849
-0.785970 0.331801 -0.989514 -0.457305 -0.979313 0.086840 -0.451031 -0.270350 -0.993800 -0.153486 -0.340263 -0.902296 -0.617043 -0.939284 0.032340 0.481716 -0.736043 -0.548722 -0.263647 -0.970394 0.270250 0.530379 -0.908275 -0.574667 0.957930 -0.018139 -0.453471 0.353639 0.204476 0.619378
-0.750648 0.602363 0.907788 0.578110 0.825648 -0.678686 -0.834521 -0.500140 0.884555 0.482611 -0.358602 0.675612 0.124712 -0.950196 -0.869776 -0.489694 0.413442 -0.922887 0.414879 -0.392510 0.388608 0.279512 -0.491778 -0.141317 0.631150 -0.334365 0.220697 -0.012918 0.586686 0.336163
0.398712 0.955604 0.624014 -0.082703 -0.639720 0.011164 0.393498 0.724457 -0.825806 0.431805 -0.945958 -0.332606 0.413915 0.567118 -0.740100 -0.077380 -0.841935 -0.671606 -0.867629 0.009422 -0.277192 0.250129 -0.848404 -0.118952 -0.001312 -0.635794 -0.433791 -0.570852 0.932296 -0.253763
-0.134767 0.207616 -0.908097 0.555952 -0.125655 -0.827216 -0.609796 -0.957638 0.164812 0.714771 0.940305 0.879594 0.087307 0.131211 0.245344 0.554870 0.787857 -0.731373 -0.598159 -0.923672 0.872937 -0.609229 0.584959 0.969222 0.209479 -0.110203 -0.241738 0.602084 -0.393047 0.321631
-0.771860 0.864930 0.791828 -0.379199 0.923297 -0.046113 -0.090416 -0.835824 -0.930168 0.086220 0.973692 -0.341812 -0.845654 0.911864 -0.878425 -0.698826 0.718526 -0.781051 0.670700 -0.430815 0.332502 0.149816 -0.455009 -0.173990 -0.304794 -0.599552 -0.579851 0.694069 0.755457 0.926443
0.026025 -0.697623 -0.815336 -0.309078 0.889734 -0.042393 -0.322307 -0.537134 0.671401 0.778687 -0.263191 0.626429 0.866115 0.485519 0.999289 0.157321 0.368543 0.924793 0.382359 0.834419 0.342534 0.170957 -0.031981 0.019748 0.213825 -0.390093 -0.964128 -0.657358 0.769828 0.505436
0.207290 0.072175 0.109167 -0.493927 -0.764784 -0.005083 0.403419 0.002704 -0.051655 0.774232 0.033652 0.070691 -0.507726 0.099227 0.866175 -0.647458 0.258046 -0.561743 -0.718932 0.509256 -0.495178 -0.598481 -0.990428 0.814777 -0.684982 -0.890808 0.892543 -0.808826 -0.335103 -0.560148
-0.274962 0.837559 0.822294 0.234292 0.102217 0.186709 -0.128564 0.922891 0.111475 -0.692383 0.141604 -0.526945 -0.303835 -0.947362 0.940434 0.490684 0.067486 -0.377054 0.804151 0.133108 -0.309929 0.957060 0.507347 0.422916 0.837225 -0.159680 0.451851 -0.707262 0.158909 0.037081
-0.068101 -0.294833 0.683582 -0.834217 -0.260020 0.268989 0.425528 0.052973 0.024671 -0.158029 0.621646 -0.235215 -0.166762 0.192448 -0.976174 0.774743 -0.820917 -0.197670 -0.535227 0.850373 0.306241 -0.739003 0.114816 -0.719944 0.474474 -0.315233 -0.245381 0.128721 -0.771224 0.424127
0.113898 -0.946235 0.193936 -0.407521 -0.324156 0.132403 -0.537675 -0.603413 -0.827384 0.795659 -0.356518 0.791202 0.108516 0.305444 -0.386432 -0.480337 -0.402961 0.864292 -0.780901 -0.099494 -0.462115 -0.777405 0.204882 -0.821309 -0.607794 0.021936 -0.611733 -0.370991 -0.195659 -0.936535
-0.626169 -0.415069 -0.164629 -0.512371 0.109340 -0.225635 -0.019757 0.822486 -0.993403 0.969143 -0.333909 -0.815917 0.675747 -0.592943 -0.991275 -0.061135 0.051323 -0.399605 -0.005726 0.221660 -0.190739 0.777702 0.241533 0.560150 0.784940 -0.097186 -0.129696 0.292733 0.847456 -0.748520
-0.195336 -0.107998 -0.890001 -0.209465 0.086337 0.025444 -0.187499 -0.663787 0.436378 -0.623951 -0.224148 0.570513 -0.482950 0.147073 0.912038 0.854790 0.508911 -0.781685 0.824267 -0.572655 0.620496 0.826655 0.813873 -0.613275 -0.618266 -0.225806 0.851646 0.840036 -0.035095 -0.231909
0.090537 0.950549 0.770595 0.350127 -0.054216 -0.242399 -0.973286 0.549076 0.404916 -0.250274 0.837172 0.355620 0.829568 -0.834043 -0.782518 -0.746460 -0.765096 -0.394230 -0.462532 0.723723 -0.604680 -0.649353 -0.732553 -0.717099 -0.823387 0.607263 0.466399 -0.475783 0.275194 0.485797
0.020476 -0.086817 -0.356326 -0.629700 -0.625572 -0.022340 -0.749520 0.504160 0.736279 -0.710378 0.913943 0.913630 0.919313 0.356334 -0.095060 -0.791742 -0.894374 -0.763950 0.277768 -0.837791 0.233259 0.114487 0.069484 0.254810 0.650726 -0.832222 0.041171 0.674583 -0.545000 0.878794
-0.475202 0.495222 0.702995 -0.145051 -0.512293 0.201174 -0.745367 -0.060728 -0.387724 -0.402225 0.743429 -0.164867 -0.602585 -0.029186 0.426188 0.887209 0.311157 0.894048 0.301536 0.702173 0.556160 -0.263589 -0.169881 0.671501 -0.272672 -0.444427 -0.224135 -0.900341 0.128238 -0.784050
0.191601 0.050716 0.281986 0.652460 0.715614 0.359047 -0.037202 -0.339491 -0.036667 0.146663 0.838621 0.211226 0.159871 -0.463314 0.531438 0.120867 0.369283 -0.484729 0.065596 0.820170 0.659169 -0.715526 0.557589 -0.860358 0.365268 -0.820579 -0.614043 0.011978 0.129566 0.606039
0.271053 -0.466839 -0.058988 -0.125357 0.989990 0.374570 -0.266223 0.520563 0.368774 0.259494 -0.331139 0.587389 0.029068 -0.784637 -0.073484 -0.650103 0.264559 -0.301855 0.724249 0.567004 -0.078277 -0.931160 -0.773008 0.987754 -0.289388 0.516064 0.475850 -0.104080 0.952519 0.962691
-0.221341 -0.404678 0.215133 -0.906689 -0.534181 -0.308878 -0.434445 0.687540 0.014372 -0.067963 0.938702 0.363438 -0.026970 0.723488 0.723774 -0.421879 -0.749527 -0.394450 0.053619 -0.332517 -0.272761 0.106344 -0.690756 -0.789266 -0.045031 -0.537065 0.761488 -0.782591 0.489287 -0.005311
0.261785 0.548914 0.753123 0.767940 0.792778 0.102611 -0.054427 -0.105258 -0.469966 -0.204565 0.095361 -0.797434 -0.133018 0.832210 -0.889733 0.180304 0.904539 -0.088416 0.160298 -0.898657 0.797773 0.549275 0.695428 0.879329 0.793436 0.743515 -0.758333 0.531651 0.545636 0.007156
0.967870 0.753184 -0.735018 0.285782 -0.015695 0.516660 -0.230753 -0.753458 -0.691806 0.378468 -0.564185 0.926534 -0.666153 0.427514 0.281076 0.129887 0.345355 -0.434724 -0.959524 -0.576973 0.893214 0.513832 0.264990 -0.606571 0.035659 -0.427975 -0.825739 0.652101 0.975569 0.146951
0.850800 0.580711 -0.395664 0.394076 0.068934 0.936536 0.630197 0.522635 0.259872 0.454750 0.057542 0.639479 -0.975438 -0.120371 -0.340937 0.407422 0.677678 -0.495400 -0.540993 -0.824217 -0.276597 -0.163419 -0.650877 0.142002 0.398195 -0.027522 -0.575369 0.589232 -0.893261 0.860066
0.948969 0.418838 -0.748855 0.584277 0.513112 0.439484 -0.599575 -0.421986 -0.147675 -0.195184 0.267909 -0.245904 -0.813610 0.974814 0.096006 0.573973 0.636872 -0.803375 -0.574764 -0.368909 -0.457520 0.237596 0.991416 -0.172596 0.340399 -0.093937 0.626467 -0.286190 0.966384 0.090944
0.111962 -0.447497 -0.299249 0.671652 -0.453237 0.994530 0.189641 -0.044746 0.649183 -0.462861 -0.821290 0.933541 -0.452268 0.685496 0.776760 -0.288242 0.003240 0.610437 0.158970 0.081062 0.212957 0.022583 -0.706147 0.806285 -0.196417 0.784937 0.285057 -0.894228 -0.623521 0.633298
0.271442 0.254372 0.261553 -0.151256 0.342967 0.158322 -0.521640 0.467366 0.981554 0.484684 0.102527 0.816831 0.268497 -0.287425 0.948642 0.953302 -0.089308 -0.283653 0.669363 -0.010881 -0.390570 -0.570699 -0.764881 -0.965445 -0.688371 -0.496022 -0.705424 -0.000418 -0.649986 0.006078
0.913503 0.377596 0.363547 0.192106 0.878540 0.866098 0.031643 -0.153157 -0.854972 0.883268 -0.868948 -0.803233 -0.339790 0.348173 -0.575360 -0.670886 -0.256599 0.225164 0.273378 0.175149 0.591672 -0.426200 0.455355 -0.908014 -0.364116 -0.982135 -0.274667 -0.450864 -0.370859 -0.147878
0.630113 0.384328 0.496697 0.426336 -0.072304 -0.118562 -0.533267 -0.126312 0.356829 -0.346804 -0.252244 -0.666348 0.729511 -0.814412 -0.027770 -0.596792 0.932198 0.751107 -0.713317 -0.437311 0.351479 -0.923837 -0.455914 0.172648 0.272082 0.337222 0.131490 0.295712 0.105339 0.645511
-0.888040 0.473412 -0.610142 -0.219408 0.149537 -0.542710 0.825652 -0.751262 0.381901 -0.247025 0.822622 -0.433199 0.080067 0.422295 0.771777 0.979412 -0.223187 0.674798 0.545391 -0.736949 -0.188353 -0.053588 -0.047140 0.958238 0.189822 -0.905168 -0.906880 0.259775 0.759208 0.782218
0.735730 -0.458740 0.028128 -0.531529 -0.061783 0.315517 0.619875 -0.923332 -0.877714 -0.018364 -0.887859 0.802123 0.659256 -0.422227 0.791120 0.368021 -0.352674 -0.723404 -0.908483 -0.628739 0.060207 0.117783 0.727964 -0.913348 -0.137662 -0.135357 0.616708 0.052699 -0.399940 -0.990292
0.788272 0.478973 -0.332499 -0.745427 0.897806 0.530796 0.253106 -0.004617 0.712931 -0.292358 -0.093464 0.557048 0.633285 -0.562705 0.022899 0.275041 -0.418721 0.978959 0.635058 -0.987332 0.159396 0.431921 -0.808191 -0.679270 -0.751250 -0.655347 0.569283 0.364997 -0.466134 -0.731040
0.757402 0.135503 -0.538666 0.344317 -0.749640 0.267163 0.625395 0.267727 0.530380 0.026112 -0.511861 0.306321 -0.910528 -0.151478 0.682513 0.390791 0.546248 0.204228 -0.438898 -0.000711 -0.282997 -0.656800 -0.428848 0.582350 -0.932377 0.123369 -0.247613 0.853760 -0.087401 0.445074
-0.540224 0.641925 -0.774179 0.409357 -0.866702 0.746499 0.418155 -0.524352 0.422203 0.157025 -0.490084 -0.437469 -0.310774 -0.211110 -0.507506 -0.678436 -0.022857 0.110121 0.257049 0.465385 0.741418 -0.334638 0.861194 0.181546 0.857914 -0.618022 -0.337835 -0.380210 -0.016051 -0.536300
0.606906 -0.963212 0.931724 0.337935 0.467375 -0.840394 -0.663645 0.980744 -0.953791 -0.598317 -0.391108 -0.548502 0.065977 -0.962514 -0.758669 0.307261 0.576821 -0.506770 0.152665 0.639005 -0.990269 -0.895983 0.114723 0.539565 -0.068340 0.089316 0.452255 0.632924 0.736669 -0.322578
0.062743 -0.767081 -0.331699 -0.137029 0.019695 -0.807545 -0.898523 -0.069390 -0.528102 -0.166521 -0.206091 -0.983558 -0.962962 0.816340 -0.727013 -0.473995 -0.340322 0.423825 0.118966 0.083241 -0.905399 -0.721531 0.384175 -0.442303 0.993274 -0.938239 0.855396 0.883571 0.848707 -0.355683
-0.503059 0.446430 0.403287 0.100401 -0.348081 -0.431149 -0.361378 0.135767 -0.264374 0.014691 0.844990 0.349866 0.888463 0.639842 -0.589731 0.917705 0.917690 -0.121621 0.094549 -0.622515 0.260190 -0.216957 -0.168081 -0.071587 0.794635 0.560939 0.685499 -0.252356 0.265662 -0.191645
0.885880 0.198793 -0.349041 0.248145 0.456548 0.436463 0.668770 -0.848744 0.578594 0.839772 -0.782737 -0.426832 -0.043542 0.460201 -0.985142 0.421230 -0.918023 -0.696551 0.424262 0.307432 -0.280716 0.582085 0.883938 -0.114249 -0.794691 -0.567620 0.885984 0.655832 -0.433066 -0.000903
0.562189 -0.509946 0.454704 0.299762 0.628619 0.636334 0.704643 0.039430 0.215907 0.874812 -0.046602 -0.598552 -0.066431 0.229356 0.235363 -0.558807 -0.206225 -0.388140 0.154799 -0.965756 0.583483 -0.730447 0.559323 0.606257 -0.650006 -0.000034 -0.415421 -0.708822 0.190896 -0.427720
-0.066828 -0.712972 0.017334 -0.100582 0.467235 0.649878 -0.790723 0.599350 -0.426774 -0.192372 0.258533 -0.092483 0.354903 -0.655539 0.617588 -0.358837 0.122797 0.294366 -0.902999 -0.933083 -0.169960 -0.415085 -0.312708 0.710337 -0.566042 0.343756 0.386908 0.932597 -0.344495 0.058006
0.965745 0.753170 0.907064 0.479009 -0.193772 -0.869554 0.144296 0.423150 0.630906 -0.403160 -0.288003 0.344133 -0.526067 0.450395 0.585434 0.908696 -0.788613 -0.139093 0.699869 0.674927 -0.567768 0.664964 0.450113 0.598993 0.864444 0.737125 0.498315 0.879483 -0.313561 0.103034
0.554601 -0.496514 -0.321933 0.747480 0.151161 -0.895223 0.419385 0.552734 0.720501 -0.927529 0.721798 -0.618043 -0.215646 -0.546163 0.989748 0.935064 -0.093450 0.702136 -0.745072 -0.451536 -0.935323 -0.344926 0.023221 -0.417192 -0.681310 0.219079 0.906841 -0.064697 0.006396 0.570475
-0.128770 0.038036 -0.284468 -0.922201 -0.978566 -0.528271 0.812800 0.031025 0.772569 -0.062000 -0.580948 -0.134945 0.711037 0.407230 -0.016772 0.901185 0.759873 -0.047896 -0.301045 -0.227286 0.171888 -0.669017 0.743499 -0.297541 -0.119723 0.265737 -0.524604 0.787159 0.187479 -0.666449
0.456792 0.344578 -0.371068 -0.530327 0.104066 0.517402 -0.563968 -0.295774 0.272583 0.205164 -0.875062 -0.809250 -0.109461 -0.387422 -0.517337 0.448806 -0.668182 -0.061813 0.623296 -0.206107 0.653738 -0.328680 -0.217421 -0.497943 0.200170 0.741606 0.456487 0.036861 -0.073164 0.521262
0.592312 -0.705314 0.666452 -0.757391 -0.035631 0.702127 0.298126 -0.661321 -0.669110 -0.402824 -0.692762 0.370796 -0.494134 0.943701 0.019315 -0.512609 0.172412 -0.683511 0.630846 0.708648 -0.556496 0.948106 -0.567066 0.549162 -0.603270 -0.148705 -0.996829 -0.256393 0.847961 0.832833
0.715912 0.226684 -0.364405 -0.778091 -0.375046 -0.189446 -0.992767 -0.055991 0.391516 -0.244119 0.780454 -0.888974 -0.441700 -0.280343 0.255704 -0.799417 0.648586 -0.088464 0.646272 -0.361082 0.566875 -0.018595 -0.286116 -0.813372 -0.740754 -0.482631 0.537449 0.926417 0.572301 -0.238490
0.624083 0.272337 0.116898 -0.286084 -0.319801 0.796644 -0.495762 0.444866 0.687003 -0.549489 -0.337720 0.032101 -0.461702 -0.917362 0.950095 0.093437 0.027498 0.243941 0.839473 -0.191126 0.236188 0.396837 -0.786523 -0.485972 -0.996576 -0.714995 0.312343 -0.268862 -0.237040 0.850117
-0.425761 -0.960828 0.869777 0.131148 -0.956357 -0.886068 0.228102 0.644324 -0.359616 -0.998608 0.677468 -0.594579 0.751293 -0.626018 -0.456638 0.163275 -0.858939 -0.379795 0.521826 -0.301781 -0.422398 -0.942066 0.948351 -0.653333 -0.061472 -0.156987 0.465152 0.054942 -0.205814 -0.722721
0.431702 0.427320 0.619844 -0.631572 -0.125371 0.024436 -0.037621 -0.968299 -0.661484 0.643932 0.671397 0.404359 0.861940 0.529166 0.673675 0.840762 0.572094 0.347140 -0.028277 -0.714758 -0.995337 0.520379 -0.740096 -0.394837 0.951838 -0.225677 0.350474 -0.011792 -0.555290 -0.816879
0.014516 -0.464209 0.351620 0.410282 -0.974710 -0.429097 -0.451215 0.877088 0.859890 -0.363051 0.071406 -0.974377 0.465144 0.121913 -0.151147 -0.185240 0.533763 -0.900601 0.120996 0.350131 0.229593 0.545581 -0.937424 -0.879774 0.693039 -0.282224 -0.976572 0.041362 -0.858614 0.878270
-0.832879 0.964130 -0.045077 0.007620 0.563279 0.318133 -0.974826 0.668633 -0.559266 -0.611291 0.178322 0.422898 -0.405184 0.595709 0.109523 0.480022 0.898128 -0.004101 0.439268 -0.545988 -0.317514 0.323422 -0.974391 -0.380176 0.619326 -0.114119 0.426084 0.129655 -0.721327 0.013340

Bias v0 (Oculta):
-0.696430
0.748453
-0.022161
-0.464737
0.917605
-0.520422
-0.679578
-0.995373
-0.357780
-0.806095
-0.647331
-0.511066
-0.724553
-0.042819
-0.568679
0.764939
0.936492
0.782790
-0.632096
0.701730
-0.315760
-0.840542
0.084710
0.710119
-0.278064
0.728501
0.945475
-0.297078
-0.408240
-0.221831

Pesos w (Oculta -> Saída):
0.406269 -0.345138
-0.793747 -0.677874
0.959085 0.172512
-0.027837 -0.509662
-0.322608 0.061789
0.226052 0.790329
-0.043129 0.715501
0.683620 0.565787
0.567413 0.962164
-0.547107 0.019373
-0.176162 0.706695
-0.719078 0.923507
-0.305082 -0.502068
0.686378 -0.840318
0.938695 -0.909946
0.221142 -0.943678
0.157155 -0.247134
-0.671637 -0.550405
0.989547 0.980810
-0.814562 -0.357464
-0.996759 -0.344517
0.588775 -0.047968
-0.500143 0.873172
-0.315768 0.295488
0.916758 -0.969217
0.295088 0.955020
-0.607992 0.497508
-0.310678 -0.090578
0.347490 -0.560733
0.980529 0.054581

Bias w0 (Saída):
0.493386
0.708077
