Pesos v (Entrada -> Oculta):
0.137067 0.609879 -0.882797 -0.186249 -0.053807 -0.253531 -0.331982 0.561062 -0.330060 0.196224 -0.091285 0.437279 -0.115519 0.561232 -0.917029 0.734583 0.695732 0.113072 0.767208 0.116371 -0.880073 0.590004 0.288217 -0.263154 0.209744 0.925356 0.483233 -0.746510 -0.107457 0.385157
-0.245080 0.363140 -0.102027 0.507526 -0.081186 -0.297162 -0.397726 0.522348 -0.450006 -0.181141 0.092719 -0.583039 -0.492616 -0.254903 -0.034185 -0.092168 0.080332 -0.829330 0.397282 0.910131 -0.883683 0.882036 0.639476 -0.963078 -0.658564 0.608568 -0.320217 0.254638 0.011033 0.206488
0.420743 -0.448682 -0.147323 -0.106642 0.786930 -0.151976 0.421612 0.289080 -0.505061 0.252040 0.802153 0.085737 -0.274891 0.620078 -0.240095 0.358298 0.563663 -0.274669 -0.638054 -0.481214 -0.008633 -0.217387 -0.187020 0.586747 0.839630 0.647328 -0.265557 0.060177 -0.634477 0.476936
-0.007984 0.108806 0.483770 0.072820 0.975645 0.597283 -0.367861 -0.643433 0.732482 -0.571310 -0.271285 -0.093695 0.860553 -0.179501 -0.621984 0.892682 -0.107697 0.431883 0.335527 0.101110 0.462150 -0.034928 -0.159829 0.907779 -0.843993 0.096313 -0.251701 -0.318764 0.249012 0.434675
0.604338 0.574170 -0.281914 0.637868 0.948396 0.727492 0.503737 -0.594570 0.639746 0.004221 -0.404180 -0.323360 -0.121790 0.718549 0.325535 0.521589 0.076478 0.006520 0.310806 -0.788556 -0.580010 0.242919 -0.229159 -0.036902 0.381713 0.239034 -0.661002 0.012734 -0.820423 0.877304
0.348095 -0.378675 -0.389064 0.671135 0.897768 -0.051618 -0.047322 0.022093 -0.173204 0.046680 0.008172 0.930768 -0.366559 -0.425816 -0.185725 -0.312126 0.319106 -0.881700 -0.844539 0.601853 0.498869 0.656491 -0.242270 0.662882 -0.187947 0.911242 -0.496992 -0.639496 -0.158159 0.071634
0.740763 0.299426 -0.856872 0.690393 -0.453479 -0.617220 0.528090 -0.413315 0.496503 0.477874 -0.405609 -0.169557 0.658201 0.722763 -0.472004 -0.429038 0.134213 0.040146 -0.868738 0.905407 0.438645 -0.175823 -0.768566 0.471761 -0.816185 0.514518 0.253706 -0.402443 0.363502 0.916175
-0.318243 0.824717 -0.239537 0.376562 0.346035 -0.498307 -0.871159 0.710966 -0.106249 0.722118 -0.379023 0.486369 -0.763600 0.716246 -0.296033 0.564297 -0.934189 -0.132232 0.378199 -0.166770 0.056387 -0.434426 0.522843 0.645780 0.780418 -0.329854 -0.706360 0.463105 0.737522 0.843034
-0.238032 0.060800 0.355664 -0.785379 -0.171431 0.595023 -0.543277 0.684216 -0.318393 0.942846 -0.640132 -0.038407 -0.999918 0.547483 -0.155249 0.869223 0.814827 -0.289507 -0.363320 -0.371555 0.589070 -0.772266 -0.944797 -0.967906 -0.918233 -0.707420 0.008802 -0.523227 -0.578658 -0.853304
-0.699343 0.764430 0.287542 -0.243873 0.424049 0.100771 -0.617720 0.586708 0.986354 0.154974 -0.212511 0.498335 -0.870387 -0.583789 0.099962 0.926395 0.787815 0.887137 0.482475 -0.540607 -0.962135 0.538951 -0.241576 -0.926924 -0.453018 -0.341760 -0.080585 -0.310221 0.050551 0.955816
-0.290086 -0.114332 -0.518275 0.419976 -0.425997 0.576824 -0.437671 0.252660 0.653379 -0.025558 -0.579250 -0.444454 0.718164 -0.843537 0.150303 0.212102 0.171365 -0.073054 -0.295360 0.115875 0.617678 0.901415 0.404673 0.829204 -0.529361 0.262123 0.119399 -0.230539 -0.730197 0.075166
0.749480 -0.968211 0.305195 0.924314 -0.361636 0.260149 -0.055482 -0.498234 -0.564179 -0.683871 0.585209 0.237863 -0.690154 0.664121 0.353725 -0.484510 0.736824 -0.372374 -0.824460 -0.698108 -0.749854 -0.026500 0.585676 -0.150835 0.314973 0.361875 -0.821857 0.732398 -0.817929 0.221530
-0.803826 -0.937953 -0.999586 -0.747008 0.594876 -0.995882 0.591292 -0.318124 -0.123778 0.624520 0.838481 -0.929330 -0.447287 -0.494284 -0.086841 -0.208770 -0.340255 0.447564 -0.256032 -0.410290 0.051508 0.008485 0.852657 -0.894480 -0.120149 -0.788785 -0.562386 0.172805 0.257067 -0.835483
-0.354505 -0.642678 -0.327376 0.896524 0.186520 0.819553 0.034994 0.627170 -0.374260 0.165577 0.194155 0.119325 -0.257762 0.247759 -0.784810 0.867815 -0.747169 -0.733123 -0.475697 -0.164657 0.619348 -0.080531 -0.775449 0.298383 0.678855 -0.668346 -0.512292 0.650215 0.097441 -0.988800
-0.521535 0.188218 0.727223 0.003920 -0.761501 0.270568 0.634471 -0.500241 0.042350 -0.154199 0.961015 0.688711 0.913206 0.452328 -0.575290 -0.282424 0.566984 -0.601743 -0.497800 -0.558012 0.196112 -0.538512 -0.777721 -0.694978 0.706264 0.120829 -0.848665 -0.173290 0.294796 -0.257286
0.896989 0.857707 0.183101 0.483041 -0.678040 0.925495 0.030101 -0.437350 0.313590 -0.620806 0.314724 -0.106643 0.361498 -0.178383 -0.314627 -0.079212 0.503723 0.177243 0.531101 0.769309 0.680252 0.189554 0.319818 -0.830694 -0.394273 0.876193 0.105433 -0.904782 0.518121 -0.603203
-0.346145 0.117248 -0.119941 0.946534 -0.285776 -0.364569 0.044238 0.507417 -0.425841 -0.542090 0.906336 -0.802356 -0.611535 0.110932 0.039009 0.413492 0.628950 0.182725 -0.469923 0.028806 -0.443770 -0.829959 0.871985 -0.051987 0.259398 0.098583 -0.927365 0.932234 0.566801 0.741160
-0.323684 -0.923809 -0.297766 -0.636439 -0.353990 0.328249 0.444650 -0.092061 -0.388356 -0.522419 0.011913 0.972712 0.530460 0.618291 -0.468668 -0.705374 0.107169 0.758168 0.192686 -0.163761 -0.783106 0.627170 -0.311643 0.610760 -0.246156 0.020073 -0.588739 -0.943032 0.345214 -0.803268
0.193533 0.999101 -0.271299 0.982197 -0.864021 -0.329547 0.084013 0.621290 -0.943040 -0.201201 -0.494379 -0.700507 -0.543490 0.478814 0.088389 -0.439956 0.994497 -0.075083 0.546468 0.752968 -0.162608 0.794833 -0.598280 -0.964862 -0.842834 -0.561277 0.458713 -0.796113 0.495660 -0.212925
0.319289 -0.516006 0.434623 -0.449002 0.581218 -0.459320 0.793399 -0.311048 -0.129171 -0.368306 0.419555 -0.949318 -0.050534 -0.750394 0.440589 0.229671 0.142612 0.126778 0.278523 -0.933372 0.211275 0.718760 0.266746 -0.494753 0.838873 0.581443 -0.382906 0.097485 0.269315 -0.866058
-0.187786 -0.706670 -0.197300 0.085098 0.619102 -0.432176 0.661744 0.523186 -0.176423 0.433839 0.775679 -0.089665 -0.191125 0.695777 -0.356402 -0.139285 -0.941703 -0.689962 -0.598378 -0.430342 0.579952 -0.743756 0.508139 -0.840168 -0.038389 -0.523963 -0.840333 0.114339 -0.089100 -0.194450
-0.443135 0.948657 -0.731971 -0.869844 -0.298367 0.278576 -0.727950 -0.585089 -0.184478 0.864244 -0.889279 0.863697 0.620005 -0.589125 0.637389 0.219091 0.486320 -0.256968 -0.523928 -0.413063 0.410076 0.584692 -0.049379 -0.089435 -0.054250 0.870387 -0.042853 0.409483 0.261308 0.660185
-0.331275 0.036852 0.596845 0.167473 -0.344562 -0.140750 0.207707 -0.839870 0.059108 0.685878 -0.079902 -0.763767 0.289689 0.295555 0.644148 0.564730 -0.819951 0.246003 -0.384414 0.811985 -0.015601 0.230435 0.086996 -0.619025 -0.329422 -0.651530 -0.267387 0.289114 -0.339811 -0.583881
0.568035 0.950111 -0.632877 -0.044054 0.784565 -0.312619 -0.855606 0.036591 -0.099151 0.735546 -0.918001 0.693241 0.128379 -0.086205 0.613665 0.862221 0.667129 0.503152 -0.623454 0.777434 -0.426398 0.644913 -0.783394 -0.137370 0.470827 -0.777945 0.046890 0.219976 0.753791 0.635398
0.149324 0.446341 -0.004778 -0.288186 0.646194 -0.000046 0.767201 0.671168 -0.572603 0.187745 -0.113592 -0.196114 0.128312 -0.259218 0.933926 -0.199708 -0.392380 -0.172438 -0.643272 -0.707129 -0.015190 -0.175657 0.967477 -0.136367 0.315627 0.387556 -0.543825 0.604876 -0.958191 -0.286438
-0.878033 0.004375 -0.563809 -0.192309 0.816901 -0.884229 0.219994 0.301815 0.057795 0.866094 0.250710 -0.650819 -0.836931 -0.671709 0.152708 -0.925057 0.328678 -0.609003 0.838003 0.684890 0.785595 0.517666 0.221620 -0.305859 0.140443 -0.341767 -0.537972 -0.337444 -0.131852 -0.989169
-0.583279 0.516358 0.627986 -0.396028 0.917956 -0.058131 0.678168 0.491710 0.982677 0.583420 -0.059281 -0.874159 -0.193514 -0.924589 -0.988775 -0.031946 -0.414842 0.466039 -0.527834 -0.428888 -0.960253 0.717416 -0.528895 -0.890659 0.199962 -0.176260 0.719874 0.736381 0.200940 0.576414
-0.059629 0.017874 0.001141 0.497918 0.572041 0.612015 0.691611 0.648333 0.326508 -0.118761 -0.037450 -0.836217 -0.659222 0.493643 0.710245 -0.880639 -0.992235 -0.097078 -0.557656 0.424215 -0.541981 0.540008 0.788524 0.320426 -0.712443 0.666310 -0.887567 -0.414859 -0.125327 -0.104141
-0.698246 -0.807603 0.406053 -0.875806 -0.380828 0.594572 0.137218 0.403340 -0.242028 0.307745 -0.162489 -0.894082 -0.146679 -0.312002 -0.389298 0.683264 0.554459 -0.679386 -0.732661 -0.458156 -0.174624 0.528133 0.709225 0.377989 0.542600 -0.732281 0.579077 0.578998 0.705108 -0.316824
0.435521 -0.084016 -0.666473 -0.821739 -0.129520 -0.392402 0.811216 -0.368084 -0.710100 0.553775 0.593272 0.070681 -0.379509 -0.220109 -0.310848 0.277257 -0.804878 -0.184203 0.104036 -0.820577 0.394259 0.004811 -0.049253 0.800332 -0.620987 0.486049 0.309544 -0.933491 -0.195206 0.592374
0.484774 -0.799198 0.199701 -0.118567 -0.463337 -0.968962 -0.043862 -0.392297 -0.520315 0.257965 0.393145 -0.208832 0.842235 -0.252566 -0.228241 -0.278815 -0.815078 0.713392 0.567242 0.758367 0.698156 -0.853194 -0.803037 -0.320673 -0.539580 -0.551526 0.036450 0.194854 0.861924 0.938063
-0.709613 0.462139 0.046504 -0.319723 -0.794406 0.440528 -0.997775 0.421775 0.003405 -0.665480 0.470659 -0.448729 -0.004622 0.758133 -0.194911 0.648617 -0.635986 0.771575 -0.850354 -0.347950 -0.987342 -0.030315 0.018054 -0.149906 -0.774586 0.823056 -0.317314 0.750652 -0.271346 0.076452
-0.622932 -0.789989 -0.011411 -0.123104 -0.419554 0.259148 -0.724871 0.138139 0.134372 -0.255326 0.767164 -0.218099 -0.884992 0.497024 0.213813 -0.553333 0.991541 -0.821714 0.158804 0.215201 0.658631 -0.152670 -0.528409 -0.319681 -0.988956 -0.305082 0.094032 0.593191 -0.106948 0.791841
0.883610 -0.099646 0.402612 -0.804588 0.522939 -0.686217 -0.414387 0.890561 0.714904 0.018750 -0.275065 -0.760295 0.219299 -0.890320 -0.728229 0.714233 -0.651480 0.145953 0.788827 0.935438 -0.414681 0.568877 -0.242308 0.255358 0.171736 0.810264 0.674858 0.232557 -0.413245 -0.916869
0.787025 0.946858 -0.945396 0.518288 0.768248 0.517201 -0.939338 -0.308155 -0.043592 -0.916480 0.124270 0.630046 0.232867 0.486631 -0.607998 0.169042 -0.022587 -0.650852 0.584375 -0.318837 0.733332 0.360843 0.862807 -0.229224 0.312187 0.994301 -0.892025 0.754996 0.130066 0.984220
0.652533 -0.834455 -0.226192 0.466719 -0.563879 -0.391440 -0.492458 -0.810960 -0.098132 0.582800 -0.159530 -0.908243 -0.059188 0.361771 0.142053 0.583672 -0.734462 -0.284963 -0.998415 -0.513409 0.212581 -0.499650 0.094617 -0.469680 -0.954389 -0.342543 0.156147 0.113626 0.398642 -0.323171
-0.440325 0.015709 0.118828 -0.798161 -0.096541 0.704893 0.434026 -0.773355 0.949114 0.676530 -0.836520 -0.414824 -0.240312 -0.694120 0.411217 -0.905482 0.089137 0.920629 0.225161 -0.625117 -0.327276 0.083037 -0.254910 -0.437226 -0.064140 -0.095337 -0.849650 0.858031 0.295647 -0.491250
-0.956180 0.676246 -0.280542 0.476630 -0.328246 0.696763 0.338231 0.882549 -0.534421 -0.534531 -0.315520 0.730143 -0.601499 -0.909012 -0.943712 0.626590 -0.977841 0.216415 -0.884966 -0.437878 -0.859016 0.096929 0.729826 0.068748 0.517402 0.848962 0.578421 -0.153201 0.283761 0.236993
-0.544107 0.805984 0.014982 0.077803 0.251573 -0.174961 -0.533819 0.965737 0.221076 0.393664 -0.667105 0.640473 0.553897 -0.784521 0.734158 0.045137 -0.185828 0.757584 0.262276 0.952816 -0.427248 -0.066426 0.528848 -0.048056 0.239917 0.616066 -0.137226 0.560614 -0.977827 0.646478
0.506979 0.639826 0.525000 -0.810818 -0.891246 0.639477 0.190176 -0.748412 0.048177 0.297460 -0.355269 0.803765 0.143080 0.422786 -0.307703 -0.375156 -0.755758 -0.550185 -0.431123 -0.829763 -0.780110 -0.187991 0.883525 0.848292 -0.624265 -0.508244 -0.650531 -0.051528 0.848880 -0.042622
0.063974 -0.309203 -0.793732 0.707900 -0.433116 0.258276 0.311218 -0.862514 0.149630 -0.377316 -0.101695 -0.795531 -0.912420 -0.972143 -0.093068 -0.055355 -0.928694 0.295067 0.603882 0.604308 0.701625 -0.327425 0.437979 0.058267 0.750414 -0.580935 -0.286348 -0.521413 -0.659878 -0.589682
0.644352 0.385580 0.995734 -0.404861 -0.772336 0.474344 0.657798 0.959223 -0.786082 -0.831519 0.696476 -0.396688 -0.234704 0.215770 0.691349 -0.006153 -0.325582 -0.817945 -0.707340 0.475055 -0.405166 -0.729131 0.929769 -0.408207 -0.869779 -0.146639 -0.239022 0.492275 -0.997338 -0.708790
-0.637888 -0.109816 -0.136539 0.262852 0.250828 -0.575403 0.652757 -0.940382 0.105455 0.819507 0.718735 0.627064 0.193689 0.238299 -0.595412 0.297597 0.201201 -0.475851 -0.672296 0.421722 -0.681575 -0.715714 -0.675721 0.777274 -0.000107 -0.854973 0.560709 0.676771 -0.591025 -0.145184
0.240610 -0.887043 0.050230 0.456006 -0.292589 -0.716331 -0.750194 0.891091 0.234071 -0.907480 -0.684972 -0.060481 -0.277340 0.038377 -0.104782 -0.993786 -0.392351 0.128933 0.562073 -0.897574 -0.600662 0.153654 -0.127713 0.260749 0.519915 0.831427 -0.553788 -0.626524 0.248083 0.297702
-0.035254 0.820505 0.658571 -0.750800 0.972050 0.527471 -0.575298 0.721840 -0.009924 -0.593696 -0.277283 -0.034054 -0.142208 -0.233526 -0.702800 0.195796 0.760892 -0.594684 -0.856132 -0.961832 0.412857 0.316001 -0.478818 0.033713 0.543174 -0.025022 0.371897 0.909170 -0.937458 0.592838
-0.726591 -0.082616 0.995601 -0.207704 -0.248088 0.322972 -0.112587 -0.401339 0.988030 -0.266125 0.661289 0.697912 -0.915053 -0.218419 0.982187 0.430993 0.384679 -0.794490 -0.587242 -0.123272 0.213432 0.174530 0.375368 -0.233539 0.949045 -0.716420 -0.049548 0.134299 -0.625708 0.575836
-0.810161 -0.056985 -0.574251 -0.277067 -0.706859 -0.904285 -0.182528 -0.846893 -0.380837 -0.769732 0.841818 0.617462 0.396662 -0.324914 -0.981127 -0.437636 0.395103 -0.507214 -0.741179 -0.467747 0.514888 0.166080 0.296467 0.344069 -0.271141 -0.886118 -0.312410 0.764550 0.888552 0.717201
0.456002 0.458368 0.493065 -0.920097 0.504037 0.024922 -0.602216 -0.983639 0.240566 0.621469 0.278178 -0.670336 -0.094663 0.632935 0.950315 0.864107 -0.976795 0.802753 0.430754 -0.743201 -0.199128 -0.421785 -0.959675 0.937002 -0.755400 -0.309017 0.109766 0.508619 0.888484 -0.780740
0.872316 0.635068 -0.980402 0.697961 -0.166032 0.007818 0.538812 -0.198480 0.787051 -0.897124 -0.257833 0.982528 -0.537770 0.064936 -0.693721 -0.864155 -0.767305 -0.525815 0.202271 -0.103462 0.444666 -0.524534 -0.583297 0.921036 -0.306214 -0.633986 -0.626686 0.441844 0.329095 0.476681
0.187725 0.255434 0.443718 -0.099377 0.429165 0.285603 0.553600 -0.067770 -0.998768 -0.646852 -0.552674 -0.559537 -0.357157 -0.660047 -0.224716 -0.509765 -0.186107 0.117986 0.544411 0.034014 0.762085 -0.905223 0.207414 0.870524 -0.030787 0.012514 -0.475673 0.005735 0.804054 -0.938415
0.468910 0.315504 -0.343803 0.707472 -0.126533 -0.501373 -0.707555 0.693553 0.247439 0.274024 0.914379 -0.960685 -0.819588 0.762353 0.576960 0.296385 -0.047964 -0.785337 0.376869 -0.049688 0.085652 -0.607416 0.729418 -0.913766 -0.099514 0.866942 -0.754446 -0.433714 -0.518219 0.439235
0.857333 0.224440 0.216008 -0.295147 0.050730 -0.203715 0.421320 0.804843 -0.598298 -0.275989 0.841511 -0.001451 0.858061 -0.791132 0.803345 -0.114712 -0.341288 0.301687 -0.598533 -0.265895 -0.622452 -0.501100 0.589317 0.849186 -0.602114 -0.572131 0.294181 0.332220 0.053782 0.369621
0.257248 0.105094 0.978057 0.304474 -0.719432 0.527973 -0.000528 0.250341 -0.577812 0.191390 -0.372782 0.391649 0.518490 -0.850247 0.648858 -0.170792 0.624846 0.785835 -0.561404 -0.676362 -0.382615 -0.332508 -0.030613 0.436029 0.312362 -0.459063 -0.204734 0.957025 -0.526178 0.637570
0.730028 0.620676 -0.894885 0.265638 -0.572955 -0.198723 0.219668 -0.391734 0.473623 0.333044 -0.210010 -0.576827 -0.191332 -0.174342 -0.766044 0.243718 0.284241 -0.312239 0.622743 -0.127902 -0.233440 -0.223739 -0.795397 -0.878259 -0.421954 -0.649512 0.224169 -0.829310 -0.955038 -0.179146
0.011474 -0.024426 -0.968886 0.100933 -0.560015 0.427057 0.768831 -0.271424 0.691054 -0.339721 -0.532983 -0.121594 -0.603023 -0.202246 0.668463 -0.856424 -0.329720 -0.450702 -0.416030 0.699126 0.701764 -0.481999 0.602560 0.525175 -0.884185 -0.343044 0.026041 -0.106346 -0.243810 -0.376048
0.194225 -0.648812 -0.084692 -0.125626 0.564418 -0.422921 0.845417 -0.655778 -0.602977 -0.532087 -0.415932 -0.543863 0.702912 0.021132 -0.807791 0.467586 0.378546 0.636990 0.819791 0.358295 -0.762418 -0.104357 -0.916590 0.114297 -0.630620 0.639934 0.548855 -0.457340 0.525963 0.835996
-0.837946 -0.855182 -0.736224 -0.914131 -0.109308 -0.084799 0.812906 0.962302 0.504107 -0.935902 -0.196031 0.318372 0.305538 0.293745 0.828569 0.558617 0.734404 -0.657129 0.193501 0.101819 0.293100 -0.545547 -0.389950 -0.810146 0.716205 0.326730 -0.446218 -0.815429 0.722987 0.017169
-0.644069 0.086549 0.769190 0.318548 -0.910428 0.244577 0.002298 0.121207 -0.987621 0.458061 0.206730 0.216149 -0.979455 -0.319806 -0.177432 0.243873 -0.466356 -0.865018 0.857994 -0.706072 -0.199190 -0.825136 0.435699 0.145771 -0.091209 0.072695 0.906401 -0.917248 -0.961651 -0.923847
-0.433068 -0.949464 -0.755564 0.914143 -0.344517 0.630982 -0.120155 -0.993032 -0.292383 0.327912 -0.439812 0.722409 -0.402666 0.355899 -0.938107 0.998311 -0.102193 0.063011 -0.492213 0.963145 0.628879 -0.831980 0.798954 0.403257 0.044649 -0.076758 0.590831 0.588366 0.409955 -0.536669
0.529110 -0.093844 0.270700 0.319263 0.259651 -0.151702 0.942974 0.870276 -0.700061 0.027405 -0.759371 0.880580 0.620513 0.685936 0.967610 -0.582795 0.004034 -0.439384 0.715751 -0.207219 0.405900 -0.876988 0.043599 -0.555655 0.197948 -0.411478 -0.991897 -0.093437 0.151742 0.202556
0.702169 0.078084 0.076766 -0.749787 -0.907648 0.343117 0.787519 0.592097 -0.613282 0.786155 0.104826 0.197342 0.487658 0.313369 -0.937957 0.446899 0.064012 -0.097941 -0.310316 0.223751 0.000720 -0.971749 -0.548160 -0.018670 0.845239 0.829034 -0.283813 0.975868 0.396041 0.102653
0.420763 -0.589591 0.277495 -0.165031 0.120155 -0.163337 0.775083 0.177811 -0.010167 0.998802 -0.986813 -0.693063 0.875017 0.027632 0.647963 -0.375515 0.683070 -0.511743 0.248462 0.495240 0.153575 -0.225786 0.910889 -0.520525 0.372825 0.248151 0.944315 0.084421 0.609519 -0.653858
0.502140 0.616615 -0.672971 0.693962 -0.115130 -0.108710 -0.270811 0.618046 0.687757 -0.461340 -0.366303 0.442850 -0.323027 -0.613423 -0.194704 0.490406 0.453969 0.775507 0.922743 -0.397974 0.149779 -0.829051 0.612659 0.625663 -0.115872 -0.703894 -0.160239 -0.326944 0.691898 -0.705861
-0.680574 -0.983240 -0.946409 -0.377512 -0.627033 -0.443844 0.603116 0.004086 -0.163711 -0.327504 -0.937206 -0.854131 0.533048 0.312108 -0.272792 0.413311 -0.264781 -0.547203 -0.799028 0.862130 0.595519 0.383609 0.110774 0.246256 -0.969106 0.305921 -0.852047 -0.167163 -0.768712 -0.582150
0.990858 -0.140186 0.530425 0.283526 -0.358972 0.329421 -0.002724 0.822638 -0.045655 -0.011075 0.028083 -0.576325 0.278772 0.158933 -0.997897 0.699908 0.689144 0.465087 -0.335351 0.455750 -0.938023 -0.830984 0.576006 0.268226 -0.082747 0.049526 -0.423807 -0.117516 -0.814905 -0.509582
0.324307 0.022536 0.479616 -0.929846 0.075253 -0.559271 0.444189 0.670592 0.031301 0.946595 -0.860552 0.848809 -0.455329 -0.893400 -0.094928 -0.971337 -0.962424 -0.036230 -0.926150 -0.670113 -0.017373 -0.049864 -0.936715 -0.457951 0.828424 -0.176442 -0.366292 0.528404 -0.415937 -0.124089
0.588886 0.926437 0.937150 -0.682761 -0.671275 0.518119 0.487044 -0.350161 -0.949706 0.064900 0.640545 0.904466 -0.440486 0.911727 0.741370 -0.516714 0.129990 0.673249 -0.151376 -0.577236 0.633978 0.309840 0.294299 0.301148 -0.494675 0.839233 -0.782609 -0.638059 0.970064 0.170406
-0.647865 -0.982987 0.381847 -0.016579 -0.579073 -0.262505 0.562385 -0.933197 -0.841625 -0.263897 -0.691043 0.989550 0.043089 -0.179722 -0.764974 -0.599805 -0.079814 0.083464 0.794230 0.011187 -0.488615 -0.010348 -0.178491 -0.664655 -0.218467 -0.972432 0.159429 -0.713195 -0.767248 0.813315
-0.970677 -0.431239 -0.936786 -0.460032 0.693134 0.731313 0.838108 0.819287 0.297267 -0.537556 0.147130 -0.748158 0.031821 0.424098 -0.106461 -0.899368 0.289126 0.175393 0.392685 0.653420 -0.465004 0.846523 0.737283 -0.425078 0.558895 -0.988928 0.359035 0.504034 0.235131 -0.658520
0.785125 0.983168 -0.022303 -0.276613 0.436472 0.974503 -0.588966 0.765537 -0.010469 0.172690 0.700273 -0.921179 -0.298916 0.111701 -0.459917 -0.745896 0.372971 0.869108 -0.940107 -0.449261 0.926676 0.377781 -0.931940 0.121076 0.525268 -0.997888 -0.596452 0.832806 0.872854 0.232368
0.356168 -0.920757 0.148862 0.132714 -0.511507 0.889437 -0.602407 -0.078127 0.965860 -0.884215 -0.136543 -0.012914 -0.864891 0.457158 0.235211 -0.216695 -0.453198 0.445230 0.402383 0.005803 0.278943 0.825405 0.059411 -0.636273 0.927294 -0.171638 0.537984 0.609166 -0.781771 0.928997
-0.784176 -0.403626 -0.340968 -0.958186 -0.473385 -0.262053 -0.765324 -0.567897 -0.656264 0.131075 0.018403 0.205687 -0.901895 0.286041 -0.897950 -0.098254 -0.459084 -0.034941 0.771940 -0.825049 0.964366 0.871099 -0.489853 0.595636 0.778845 0.854973 -0.892588 -0.864323 0.754231 0.330099
-0.160252 0.577527 -0.221315 -0.273307 0.976112 0.252363 0.995644 -0.240469 -0.669827 0.018018 0.644900 -0.495367 0.817638 0.843346 0.352423 0.610396 0.002134 -0.716660 0.226727 0.822003 -0.353535 0.331352 -0.418054 0.442673 0.768540 0.377855 0.933808 -0.826757 -0.164962 0.260171
0.704611 0.933733 -0.425173 0.727349 0.090027 -0.607253 -0.077905 -0.521332 0.537660 0.553875 -0.499303 0.051773 -0.597308 0.213942 0.945930 0.030565 -0.895885 -0.517859 -0.921731 -0.523472 0.312569 -0.242359 -0.302325 0.331741 0.873615 -0.043591 -0.123556 -0.031296 0.538600 -0.030063
0.254634 -0.988032 0.714185 -0.857662 -0.955365 0.262451 -0.311891 0.164518 -0.382945 -0.434406 -0.773688 0.737076 -0.102365 -0.873184 0.999429 0.210994 -0.938973 -0.438227 -0.821721 0.847267 0.370277 -0.229449 -0.973610 0.665568 0.984237 -0.185636 0.814074 -0.701210 -0.542210 -0.722035
0.338628 0.768827 0.770172 -0.999200 -0.897690 0.718898 0.965102 -0.342991 0.208309 0.793815 0.179527 0.632228 0.395531 -0.143951 -0.877451 0.674478 -0.983173 0.501309 -0.571703 0.634789 -0.717355 0.193615 -0.675004 -0.109408 0.679620 -0.689634 0.734385 -0.775277 -0.520249 0.004360
-0.150301 -0.467625 -0.863275 -0.323880 -0.869947 0.657654 0.272563 -0.950284 0.838308 0.705559 -0.794411 0.379664 0.238290 -0.940264 -0.308279 -0.319116 -0.101249 0.126259 0.104124 -0.649305 -0.876263 -0.966817 -0.178265 -0.369628 -0.986545 -0.576050 -0.826517 0.586802 -0.455334 0.531848
-0.758225 -0.610305 -0.110996 -0.670757 0.373290 0.937409 -0.231051 -0.779660 -0.851588 0.227324 0.927336 0.021465 -0.658556 -0.431489 0.993425 0.764126 0.246863 0.152438 0.985904 0.162290 -0.647310 0.214110 -0.988622 -0.478979 -0.384433 0.383887 0.761549 0.306594 0.346661 -0.560892
0.883387 0.127199 0.249117 0.562849 -0.983327 0.792085 0.120400 -0.084782 0.389399 0.340142 0.982739 0.722548 0.950057 0.706760 -0.174042 -0.112052 -0.526518 -0.154508 -0.340798 -0.252128 0.973907 0.377162 -0.592510 -0.990688 0.991791 -0.846451 -0.251586 0.435164 -0.996695 0.735900
0.314753 -0.610622 0.907213 -0.728868 0.581164 -0.714460 -0.390462 -0.628414 -0.671045 0.031940 -0.330008 -0.941771 -0.335903 0.846452 0.416576 -0.809256 0.247906 0.425107 -0.735977 0.128382 0.158899 0.621307 0.212257 -0.283546 -0.173036 -0.946890 0.025142 -0.829249 0.700712 -0.703926
0.364727 -0.301526 0.057509 0.946183 0.249402 -0.529055 -0.670131 -0.764680 -0.999683 -0.541116 0.348818 -0.068524 -0.787458 -0.195782 0.864750 -0.303530 -0.011507 0.313259 -0.256926 0.746823 -0.665842 0.301325 0.215399 -0.549820 0.920885 0.613694 0.959047 0.791533 0.538641 -0.612581
0.184342 -0.235818 -0.948332 0.382200 -0.903405 0.384124 0.697474 -0.718898 -0.145700 -0.025359 -0.385373 -0.814414 -0.131631 0.595386 0.080025 -0.931737 0.493982 0.799064 0.703520 0.495365 -0.337778 0.370620 -0.743300 -0.492361 0.739517 0.413785 0.387765 0.936803 0.082272 -0.380406
-0.360551 -0.637816 0.450802 0.356958 -0.208157 -0.741978 0.178970 0.898936 -0.116059 -0.840548 0.668438 0.602130 0.291587 -0.301003 0.014148 0.507674 -0.129996 0.886637 -0.272505 0.605155 0.080246 -0.672118 -0.286150 0.071655 0.554600 0.986958 -0.068719 -0.742832 -0.515340 0.955836
-0.603398 -0.493395 -0.425543 -0.044942 -0.765172 0.924502 -0.035943 0.351858 -0.454630 -0.146186 0.514869 -0.874590 0.427564 0.781072 -0.299656 -0.123227 -0.940037 0.378396 -0.585161 -0.438610 0.008898 0.204931 -0.689491 -0.933447 0.055562 0.138625 0.188812 0.352756 -0.140559 0.020039
0.203750 -0.850284 0.609368 0.132815 -0.536620 -0.972558 -0.262869 -0.926253 -0.171301 0.144120 -0.245038 0.484422 0.850686 0.833061 -0.027132 -0.090058 -0.717776 -0.727251 -0.545857 -0.510065 -0.395663 0.341058 0.652615 -0.569475 -0.703544 -0.728904 -0.360582 -0.912663 -0.272630 0.828285
-0.053796 -0.102485 0.567397 -0.633253 -0.663955 0.254490 0.587625 0.964224 -0.419887 -0.258508 -0.595569 0.980945 -0.462980 -0.927562 -0.568577 -0.867112 0.470849 -0.087598 0.241163 -0.327560 0.870932 -0.028646 0.531932 0.729392 0.602443 -0.400568 0.701657 -0.084171 -0.597080 -0.950583
-0.623686 -0.720593 0.864643 -0.367782 0.092821 0.174209 -0.613951 0.156370 0.538553 0.734297 -0.688204 -0.593494 -0.037993 0.203968 -0.739875 -0.524439 0.389985 0.656280 -0.430927 -0.909836 -0.299740 0.782109 -0.389621 0.080400 -0.466163 -0.515585 -0.254945 -0.032749 -0.460366 0.726062
-0.099530 0.543582 0.040012 -0.138009 -0.848131 -0.104363 0.943582 -0.522074 0.251461 -0.306207 0.865735 -0.694623 0.794861 0.119526 -0.787328 -0.730700 0.334297 0.639444 -0.785395 0.056623 -0.267451 -0.995834 -0.308141 -0.936056 0.521557 0.964242 -0.967916 0.805822 -0.474074 0.128347
-0.219897 -0.478095 0.917608 0.529441 -0.003640 -0.598466 -0.859803 -0.817819 -0.340743 0.792681 -0.519929 0.068980 0.944717 -0.539904 0.766665 0.339653 0.391012 0.372852 0.280083 -0.190490 -0.943410 -0.496969 0.772112 0.084464 0.622081 0.967316 0.127695 -0.612743 0.265724 0.380045
-0.430223 0.682403 0.994236 0.373981 0.398230 0.122537 -0.360934 0.276262 -0.653560 -0.820278 0.835067 -0.794102 -0.627838 0.091626 -0.703195 -0.198470 0.053572 -0.702336 0.608188 -0.620591 0.912232 -0.079120 0.343938 0.220836 0.800029 0.810120 0.329091 0.787685 -0.026006 -0.884784
-0.721903 -0.960251 -0.130547 0.182902 0.544676 -0.683728 0.022734 0.667626 0.421788 0.299526 -0.827095 -0.654009 0.940332 0.178108 -0.803448 0.794523 0.160165 0.574167 0.102923 0.677021 0.779129 -0.711657 -0.267297 -0.105429 0.610714 -0.483275 0.382547 0.053592 -0.424584 0.728170
0.073809 -0.127371 -0.544850 0.642458 0.112425 0.706507 0.429079 -0.760950 0.802284 -0.542940 0.175076 0.296119 0.842947 0.440192 0.286603 -0.344862 0.955858 -0.700371 -0.825421 -0.655745 -0.683800 0.573205 0.618325 0.114980 0.475274 0.176893 -0.307252 -0.787368 0.764267 0.021177
-0.111015 -0.551155 0.542965 0.186104 0.189254 0.961084 -0.849618 0.440147 0.169238 -0.225408 0.912140 0.636203 -0.515368 -0.698154 -0.499755 -0.414316 -0.368274 0.904979 -0.040719 -0.706093 -0.620861 -0.649760 -0.460764 -0.896008 -0.868588 0.793058 0.932595 0.690843 -0.239221 -0.672942
-0.244019 -0.785346 0.038469 0.569688 -0.584816 0.517562 0.525658 -0.022461 0.596282 0.572713 0.639424 -0.620029 -0.054384 0.990379 -0.903356 -0.769526 0.140933 0.784855 0.582482 -0.859893 0.190240 -0.576818 -0.351720 0.163300 0.000957 -0.661549 -0.966431 0.124771 -0.682159 -0.710789
-0.213128 0.380241 -0.463626 -0.969290 -0.236165 -0.660792 0.660691 -0.768988 0.108743 0.539642 0.259823 0.369523 0.240185 -0.675441 -0.438068 -0.192851 -0.070195 0.552333 -0.163138 0.955811 -0.062825 -0.744610 0.032941 0.048086 -0.495349 -0.979248 0.779946 0.019914 -0.589409 0.522392
0.911049 -0.000329 -0.352825 0.013311 0.963123 -0.442473 -0.619499 0.049312 0.825830 -0.321618 0.001828 -0.476562 -0.841594 -0.435788 -0.540748 0.575228 -0.157531 0.431750 -0.077383 0.263026 -0.847673 -0.710500 -0.714968 -0.172287 0.673291 -0.967998 -0.214267 -0.807039 0.427082 -0.983335
-0.268318 0.314123 0.267122 0.826165 0.031532 -0.123570 0.859123 -0.099694 -0.507934 -0.722904 -0.613451 0.318149 0.389991 0.390668 0.309320 -0.924737 -0.034713 0.203328 -0.774749 -0.931175 0.136822 0.446813 0.100994 0.327427 -0.275298 -0.049271 -0.748547 -0.599017 -0.257252 0.738899
0.548268 0.995002 0.375658 -0.754570 -0.153430 -0.602434 -0.649989 0.823108 0.479691 0.674030 -0.521225 0.830893 -0.161252 -0.948016 -0.720073 0.524872 0.746628 0.963965 0.667207 0.845900 -0.537132 0.427713 -0.887826 -0.402800 0.352233 -0.779314 -0.270875 -0.352048 -0.565392 0.546439
0.056015 0.776922 -0.410724 0.086278 0.389847 -0.953003 0.697261 0.683688 -0.773100 -0.709313 0.525518 -0.320170 0.245814 -0.797995 0.062603 0.012221 0.403374 0.734962 -0.821653 0.416227 -0.666071 0.079869 0.594358 0.557197 0.323040 -0.421499 -0.405918 -0.239125 0.959203 -0.140411
0.008309 -0.289934 0.420382 -0.840019 0.792589 -0.894630 0.564076 0.148140 -0.869333 -0.892863 0.359680 0.427923 0.444000 0.945059 0.685360 0.146834 -0.628585 0.165545 -0.109953 0.999186 -0.619744 0.710883 0.805656 0.898870 0.697662 0.451568 0.112388 -0.365003 -0.699378 0.314529
0.122444 0.980878 0.297323 -0.587106 -0.723133 -0.532855 -0.077848 0.064828 0.596506 -0.284211 0.659450 -0.009024 0.170328 0.010296 0.056358 0.660364 -0.660510 0.245572 0.609229 0.362248 -0.066767 0.504218 0.758922 -0.719012 0.585214 0.174880 0.095299 0.621144 0.963111 0.785175
-0.622340 -0.008941 -0.994033 -0.720058 -0.593459 0.473044 0.600785 -0.234561 -0.470607 0.166153 -0.570479 0.370324 0.183808 0.638395 -0.765264 0.734565 0.095033 -0.005065 0.837510 0.602817 -0.451397 0.521734 0.287199 0.660008 -0.461289 0.020067 -0.108272 0.780471 -0.979291 -0.131224
-0.473313 0.106839 -0.302094 0.997603 0.540638 0.231524 -0.525472 0.648236 -0.389332 -0.468416 0.343082 0.312437 0.906859 -0.310256 -0.786968 -0.893345 -0.983560 -0.794844 0.518301 0.459870 -0.035385 0.350915 -0.390481 -0.442491 0.245411 0.966299 0.085926 -0.498913 -0.756746 0.353031
-0.524917 0.283373 0.092962 0.683044 -0.213798 0.908639 -0.843374 -0.299393 0.364914 0.019031 0.256448 -0.378299 -0.840123 -0.050474 -0.237513 0.016607 0.467362 0.532790 -0.229738 -0.940018 -0.129859 0.724119 0.279842 0.237397 0.042926 0.519984 -0.990823 -0.052467 0.772385 0.004751
0.097986 0.869589 0.512160 -0.414962 0.416653 0.916867 0.655416 0.643680 0.147122 0.563824 0.246617 0.269933 0.305775 0.403558 -0.181307 0.982739 0.060862 0.279612 0.128111 0.574689 -0.794994 -0.401058 0.135838 0.566766 0.990958 -0.675522 -0.658392 -0.737054 -0.931784 0.276534
-0.799825 0.356170 -0.049163 -0.787940 0.638735 0.145496 -0.132921 -0.528244 0.497067 -0.138204 -0.467177 0.461393 0.072628 -0.001227 -0.601208 -0.741140 0.329922 -0.995326 0.531332 -0.013393 -0.988764 -0.818329 -0.786867 0.203150 -0.123397 -0.973640 -0.113273 0.817485 -0.586420 0.732249
0.218133 0.247083 -0.876774 -0.050354 0.242564 0.063681 0.531405 -0.280067 -0.278427 -0.659707 -0.039423 -0.742106 -0.725590 0.954739 -0.635343 0.903937 -0.331352 -0.691451 0.355479 0.244864 0.344596 0.543348 -0.501052 -0.165634 -0.615944 0.695211 0.865097 0.470065 0.946050 -0.690726
0.670061 0.754830 -0.328765 0.156267 0.260041 0.726858 -0.258688 0.817867 0.746337 -0.394673 0.651475 -0.354658 0.589932 0.262542 0.716939 -0.993563 -0.347761 -0.017195 0.582770 -0.227421 0.609099 -0.960408 -0.075454 0.527294 -0.819476 0.214799 -0.983650 -0.422151 0.895355 -0.064676
0.317887 -0.896960 0.671955 0.440814 0.729343 0.349985 0.559955 0.520391 0.793874 -0.862611 -0.087998 -0.818438 0.612837 0.347475 0.078385 -0.506466 -0.799037 0.547769 0.919532 0.774427 -0.712481 -0.300805 0.016458 -0.963700 -0.264317 0.017383 -0.391966 0.147873 0.898517 -0.199087
0.710198 0.647194 0.646662 -0.803755 -0.099210 -0.950481 0.713799 -0.480296 0.517222 -0.782953 0.059800 0.418120 0.138788 -0.451801 0.004102 0.883599 -0.688219 0.061982 0.237838 -0.629097 0.393184 0.567040 0.528636 0.023483 0.628597 -0.419351 0.424635 0.299189 -0.331099 -0.973895
-0.806726 -0.824960 0.349009 0.126091 0.479931 -0.141049 -0.271851 -0.853845 0.125424 -0.343052 0.624541 0.108788 0.078107 -0.739623 0.689863 -0.691118 -0.249942 0.272803 -0.917642 -0.292397 0.922786 -0.503739 0.416271 0.014239 0.677432 0.102051 -0.342636 0.768554 0.955207 0.437569
-0.128488 0.729395 0.429210 0.994872 -0.042294 -0.728382 0.463395 -0.436159 0.715737 0.550713 0.449298 0.392326 -0.840498 0.177613 0.073203 -0.951312 0.870718 -0.052319 0.467182 -0.487531 0.006734 -0.397023 0.933222 0.740199 0.999134 -0.583836 0.524935 0.160433 0.764881 -0.532980
0.948138 -0.858324 -0.683655 0.441246 0.868600 0.146358 0.355406 0.475755 0.723920 -0.847839 0.761218 -0.998887 -0.762821 -0.295639 -0.449034 0.801908 0.198816 0.734675 -0.563118 -0.632097 -0.201197 0.843261 0.038038 0.280084 0.746891 -0.910335 0.548361 -0.684140 -0.351352 0.311324
0.951542 -0.706829 -0.640162 -0.813835 -0.149949 -0.481467 0.328794 0.517549 0.223561 -0.598681 0.903804 -0.101542 0.736895 0.218202 0.124885 0.373060 -0.125182 0.702358 0.880877 0.992148 -0.622144 -0.540452 0.451809 0.550511 -0.398210 -0.626420 -0.063667 -0.461021 0.897737 -0.335370
-0.004667 0.056497 0.000687 -0.444404 0.843707 -0.092398 0.579584 0.286607 0.866194 0.186919 -0.028784 -0.617804 0.761182 0.742982 -0.232147 0.544268 0.006698 -0.474496 0.540062 0.576916 0.477094 0.562389 0.345592 -0.619633 0.442377 -0.266208 0.838576 -0.295754 -0.964689 0.218164
-0.779024 0.544851 0.900894 0.103306 0.359950 -0.664313 0.266116 0.866172 0.615998 0.770684 -0.765309 0.208675 -0.248323 0.495650 -0.371549 0.913008 -0.821676 -0.403332 0.695963 0.112438 -0.275990 0.518123 0.820531 0.623339 -0.560689 0.082149 0.076264 0.111831 0.830402 -0.175604
0.146566 0.644011 -0.559482 -0.319882 -0.225010 0.038774 -0.893559 0.788930 -0.508212 0.703967 0.656819 -0.796966 0.844695 0.964413 -0.122537 0.666015 0.421720 -0.133523 -0.116429 0.608510 0.655534 -0.288577 0.831170 0.416205 -0.244594 -0.616966 -0.241096 0.031525 0.669663 -0.958465
-0.797413 -0.963003 -0.295158 0.003770 -0.182338 0.547523 0.023334 -0.436721 -0.532534 0.393338 0.018595 -0.325250 -0.634142 0.713154 0.001750 0.855881 -0.470477 -0.195894 0.113611 0.077934 0.999439 0.227938 0.547917 0.577705 -0.316294 -0.771221 0.298647 -0.492269 -0.762713 -0.431279
0.637971 -0.585756 0.697944 -0.064682 0.435296 -0.000428 0.756303 -0.493718 -0.602556 0.093694 0.136157 0.243584 0.935897 -0.250865 -0.953839 0.604937 -0.975900 0.821225 -0.569950 -0.972784 -0.025654 0.502653 -0.740959 0.634069 0.651514 -0.543428 -0.865511 -0.905667 0.704517 -0.668367
0.905802 -0.112883 0.703981 -0.319188 0.234802 0.254641 0.715260 -0.790684 -0.606924 -0.014722 0.754092 -0.571732 -0.879862 -0.795252 -0.661401 0.064069 -0.870503 0.878611 -0.357051 -0.488858 0.245291 -0.244831 0.450954 -0.953772 -0.472970 0.425947 -0.215853 -0.419484 -0.907569 0.033667

Bias v0 (Oculta):
0.918662
0.427927
0.132989
0.268187
0.058613
0.426402
0.311086
0.148152
0.084189
0.265055
0.765182
-0.430329
-0.132638
0.622037
-0.360379
0.918806
0.642971
0.220862
-0.606791
-0.045783
0.111595
0.168281
0.093624
-0.315292
-0.175173
0.587227
-0.613919
0.755840
0.350971
0.973803

Pesos w (Oculta -> Saída):
-0.876900 -0.574163 -0.693713 0.164438 -0.808750 -0.255136 0.466618 0.564843 -0.159583 0.619193 -0.436152 0.451235 -0.193735 -0.263724 0.294728 0.727831 -0.791035 0.822729 -0.770464 0.620198 0.349002 -0.155985 0.080088 -0.830850 -0.198451 -0.809673
-0.359402 0.329516 -0.741372 -0.053185 0.790860 0.340499 0.044349 -0.088487 -0.659691 0.102176 0.071036 0.204592 0.112789 0.698151 0.340292 0.502766 0.740634 -0.977273 0.261621 -0.531031 0.461116 0.774973 -0.706073 -0.873962 0.062305 0.143780
-0.427586 -0.098080 -0.300804 -0.281499 0.916628 -0.304634 -0.383993 -0.392763 -0.808623 0.740575 -0.386461 -0.099394 -0.715069 0.940465 -0.967938 0.558565 0.539947 -0.920517 -0.117314 -0.146494 0.664224 -0.145734 0.231464 0.412022 0.135480 0.719355
-0.488429 0.139579 0.222573 0.769269 0.695261 0.568474 0.640094 -0.864069 0.205899 0.255027 0.974682 -0.048873 -0.206673 0.175060 0.961313 -0.053205 0.032994 0.617325 0.715544 0.017517 -0.781090 0.343396 -0.238929 0.877178 -0.123042 0.656144
0.391827 -0.363798 0.594734 -0.610655 -0.624050 0.234920 0.022505 -0.142926 -0.180361 0.380384 0.515291 0.882217 -0.943706 -0.723968 0.426176 -0.840567 0.402906 -0.392575 -0.802390 -0.995095 -0.973948 -0.017613 -0.582116 0.185980 0.600457 -0.268058
0.154019 0.983207 -0.515229 -0.601577 0.430381 -0.029602 0.773959 -0.356650 -0.337895 0.964891 0.199955 -0.279055 -0.546816 0.341707 -0.188508 -0.045090 -0.896900 0.189294 -0.159818 0.438727 -0.837865 0.312303 -0.378978 -0.549323 -0.588227 0.899627
-0.930879 0.662689 0.451977 0.182319 0.354078 -0.444883 0.158084 -0.849992 0.078646 -0.663001 0.036506 -0.428146 -0.953745 0.460175 -0.915776 0.924114 -0.236794 -0.293505 -0.694479 -0.991602 0.508492 0.877307 0.436178 -0.429390 0.767058 -0.556912
0.442605 0.934021 0.049208 -0.131665 -0.544779 -0.523444 -0.374375 0.624719 -0.225680 0.413301 0.268618 0.376981 0.861534 0.378442 0.548790 0.991892 0.297118 -0.887430 0.545035 -0.146410 0.815286 -0.847704 0.720434 0.286755 0.957687 -0.069960
-0.666876 0.574694 0.628816 0.062975 -0.761319 0.260090 0.567811 0.049427 0.786472 0.240500 -0.630289 0.155294 0.627467 0.557847 0.369771 -0.972392 -0.497507 -0.900459 0.934268 0.721803 0.284273 0.754859 -0.781478 0.388449 -0.570593 -0.593965
-0.686074 0.909348 0.455904 0.187279 0.599498 -0.641257 -0.604042 -0.563213 -0.057263 0.790013 0.018209 0.644433 -0.206761 0.274237 -0.793030 0.240474 -0.127085 -0.616181 0.918726 -0.964392 -0.702381 -0.042795 0.826747 0.720843 -0.756318 0.796879
-0.740804 -0.680123 -0.104836 -0.769662 -0.538119 -0.792783 0.011847 0.531394 -0.012429 0.809430 0.618965 -0.504671 -0.014628 -0.638290 -0.886123 -0.253903 0.165443 0.719743 -0.937791 -0.464484 -0.114490 -0.171251 0.034724 0.220555 0.536801 -0.376195
0.533471 -0.655665 -0.165696 0.433985 -0.934390 0.116313 -0.740524 -0.684292 -0.203351 -0.490895 -0.323263 0.828671 -0.162903 -0.028564 0.546217 -0.193847 0.799615 -0.533968 0.311582 0.629464 0.793341 -0.105142 -0.030464 -0.249427 0.522683 0.992177
0.318952 -0.341287 -0.074291 -0.950765 -0.234269 -0.711459 -0.956626 -0.882555 0.854639 0.822799 -0.813144 -0.960253 0.803298 -0.450717 -0.091028 0.092207 -0.891234 0.234609 -0.878521 -0.690048 -0.429032 0.128129 0.927086 -0.255431 0.430696 0.229012
-0.366993 -0.226188 -0.832674 -0.183920 0.029769 -0.569569 0.111608 -0.398280 0.573151 0.546052 0.820987 -0.086111 -0.058856 -0.842710 -0.920430 0.611982 0.442998 0.606884 0.114581 -0.315197 -0.611252 -0.348334 0.796158 -0.974875 0.542152 -0.379141
-0.752812 0.794825 -0.318807 -0.730233 0.591643 0.407979 0.948180 -0.684575 0.085147 -0.928684 -0.285155 -0.910972 -0.875115 -0.860096 0.204218 0.888045 0.598343 -0.430404 -0.525059 -0.821549 0.288105 0.182418 0.229820 0.678594 -0.309887 -0.852072
0.352791 0.938018 -0.001364 0.826603 -0.896190 0.303784 -0.113465 -0.223655 -0.085017 0.395523 -0.689831 -0.244690 0.496633 0.277809 -0.737361 -0.243869 -0.078469 -0.466442 -0.549351 0.651739 0.702099 0.613432 -0.344834 0.081835 -0.682646 -0.946639
-0.272842 0.704017 -0.445414 -0.712454 -0.018299 0.913426 -0.027974 0.107343 -0.322615 0.078169 -0.275276 -0.584472 0.917632 -0.553208 -0.565489 0.551217 0.817442 -0.530821 -0.051190 0.554145 0.363280 0.530415 -0.062080 0.388165 -0.373611 0.427729
0.422489 -0.396763 0.600773 0.606835 0.378387 -0.794373 -0.216148 0.667929 0.697500 -0.057215 -0.205079 -0.316674 0.480864 0.065665 0.512083 0.857159 0.674298 -0.487571 -0.169835 0.808574 -0.818215 0.261981 -0.441611 0.109759 -0.247483 -0.134541
0.392804 0.912825 0.805297 0.250459 0.685943 -0.963846 0.039963 -0.095739 -0.879481 0.959449 0.972312 -0.951551 -0.392099 0.541388 0.212898 0.619803 0.040699 -0.609749 0.818474 -0.812778 -0.697766 0.073851 0.545507 -0.314825 0.925676 0.689325
0.489838 -0.554067 0.573751 0.904287 0.995822 0.330680 -0.782790 0.391107 -0.823323 -0.099358 0.834116 0.343234 0.512981 0.396922 -0.409341 -0.482603 0.534662 -0.362878 -0.184214 -0.173190 -0.005197 -0.940166 -0.809677 -0.460399 -0.793237 -0.976020
-0.252946 -0.185381 0.526722 0.213459 -0.206876 -0.947640 0.457608 0.525790 0.223864 -0.954682 0.420632 0.694829 -0.947347 -0.061661 0.129455 -0.173012 -0.227093 0.624489 0.993302 0.507722 -0.806227 0.778623 0.583778 0.259018 0.085708 -0.782057
-0.638187 0.756353 0.333591 -0.335792 -0.563094 -0.766780 -0.319090 0.669360 0.875962 -0.519544 -0.312820 -0.965838 -0.200587 -0.847364 0.451867 0.646535 0.589540 0.483652 -0.364565 -0.746900 0.411508 -0.072780 -0.482520 0.157533 -0.117188 0.440290
-0.148636 0.520305 0.077167 0.315238 -0.656111 0.518137 -0.200154 0.160988 -0.008742 -0.980206 -0.518439 -0.598661 0.496120 -0.929404 -0.701793 -0.739751 -0.153372 0.175538 0.519789 0.096042 -0.986787 -0.751253 0.548668 -0.058916 0.527582 0.978511
0.611358 -0.862144 -0.826217 0.692415 -0.568998 -0.636293 0.189126 0.906316 0.383074 -0.806762 -0.021903 -0.050408 -0.786784 -0.372333 -0.614131 0.412074 0.165860 -0.165078 0.987017 -0.203939 0.659222 -0.050724 -0.454662 0.268636 0.409007 -0.524397
-0.554728 0.480067 0.279316 0.821541 -0.190132 -0.651929 -0.483956 0.473295 0.865882 -0.305598 0.009535 -0.545123 -0.780293 0.965066 -0.851769 0.201226 0.617655 -0.480260 0.132363 0.716124 0.107684 -0.679246 0.693330 0.418451 -0.901530 0.749359
0.926578 -0.319223 -0.203832 -0.677823 0.119901 -0.206100 0.548602 -0.778502 0.145778 0.413906 -0.543760 0.477281 -0.541401 0.414964 0.884881 0.887364 0.474345 0.847118 0.837746 0.270521 -0.027012 -0.746638 0.986443 -0.643631 -0.784438 -0.105478
-0.542122 0.561301 -0.248051 0.751359 0.893194 -0.503806 0.517366 0.096328 0.220456 0.183010 0.405387 -0.085923 0.550934 -0.962750 -0.578851 -0.724681 0.115380 0.795156 -0.100298 0.669158 0.244996 -0.436333 0.031029 -0.996818 0.150563 0.161728
-0.499347 0.115398 -0.576024 0.393812 -0.953172 0.698620 -0.696928 -0.800645 -0.985582 0.053995 0.059612 -0.666410 -0.904198 0.856907 -0.664561 -0.208326 0.673541 -0.170570 0.665498 -0.759958 -0.441412 0.500843 0.775458 0.036013 0.782336 0.760841
-0.494044 0.230473 -0.098845 -0.407451 -0.119529 0.099496 0.428649 0.123373 -0.297858 -0.818940 0.986525 -0.122503 -0.976953 -0.363312 0.771517 0.777976 -0.847872 -0.328860 -0.912073 -0.567999 0.124617 0.173494 0.695961 -0.225192 -0.881609 -0.389957
-0.277326 -0.865036 0.293517 -0.047996 0.126849 0.386113 0.189247 -0.445522 -0.660813 -0.355107 -0.399003 -0.817061 -0.030633 -0.675791 0.089033 0.855435 -0.795383 0.107472 0.768959 -0.149095 0.576996 0.133062 0.228860 0.255840 -0.219961 -0.511186

Bias w0 (Saída):
0.636004
-0.336437
0.771862
-0.578620
-0.753887
0.019426
0.873634
-0.455950
-0.358721
-0.629327
0.264426
0.001616
0.177405
0.106984
-0.338173
-0.684665
0.754960
-0.843499
-0.045377
0.238922
-0.175207
-0.436973
0.773639
0.637894
0.616151
-0.801603
