Pesos v (Entrada -> Oculta):
-0.904748 -0.134693 -0.906505 -0.281120 -0.922126 0.728563 0.575852 0.822753 -0.939525 -0.467741 0.040932 -0.743674 -0.515640 -0.361547 0.331040
-0.845960 0.338028 -0.638277 -0.738959 -0.331088 0.445786 -0.970184 0.131469 0.399296 0.235727 -0.926805 0.014244 0.389342 -0.935551 -0.860138
0.949614 -0.443620 -0.588521 -0.380363 0.452271 0.927638 0.948487 0.668794 0.411274 0.854328 0.948337 0.449454 -0.891286 1.028894 0.117202
-0.232892 0.003891 -0.573296 -0.119833 -0.745098 -0.831690 0.284152 0.740111 -0.396934 0.885166 0.509260 1.014701 -0.346942 -0.497760 0.542778
0.373417 -0.459466 -0.677481 -0.354007 -0.237211 -0.703188 0.150689 0.809582 -0.548758 -0.006919 -0.202095 0.304210 -0.920443 0.491796 -0.856099
0.121848 -0.745111 -0.698124 -0.801928 -0.275393 -0.867490 -0.600413 -0.611808 0.807605 -0.890014 -0.146704 0.697376 -0.284619 0.534925 0.468195
1.364260 -0.687354 -0.846432 0.125618 0.972519 -0.314723 -0.049550 -0.753334 0.760152 -0.292150 -0.537214 -0.956023 0.888733 0.725171 -1.017577
0.122194 -0.708041 -0.431454 0.107220 0.540687 -0.446934 -0.129699 0.468520 0.712149 -0.903919 -1.254312 -0.688397 -0.599461 0.573525 -0.353736
0.855371 -0.887349 0.598918 0.537050 -0.712954 -0.443109 -0.952356 0.414893 -0.250828 0.485197 0.461314 0.320643 -0.129916 -0.723041 0.212103
-0.800881 0.138487 0.352466 0.868880 0.817272 -0.552668 -0.698721 0.567997 -0.368454 -0.605763 0.713523 0.608700 0.648115 -0.594621 0.146802
-0.005128 -0.130989 -0.585630 0.861142 0.142893 0.143710 -1.016301 0.303359 -0.790164 -0.683331 -0.791926 -0.903330 -0.812453 -0.670898 0.162339
-0.527335 0.908716 0.950977 0.975532 -0.932847 -0.286350 0.036451 0.135318 -0.430892 -0.793779 -0.672999 -0.743844 -0.009162 -0.824365 0.628626
-0.462029 0.096881 -0.839677 0.263785 0.170445 -0.865939 0.421131 -0.514842 -0.352018 0.431248 -0.577339 -0.554307 0.698712 -0.443528 0.791270
-0.637040 -0.430951 -0.484044 -0.876606 0.618031 0.071344 -0.182212 0.856721 -0.111350 0.782760 -0.169482 -0.690857 0.395405 -0.585613 -0.919434
0.348331 0.398793 0.603137 0.039620 0.732295 -0.299124 0.441452 -0.628272 -0.503935 0.838496 -0.133239 0.337870 -0.308542 -0.724711 0.825946
-0.572755 -0.658379 -0.583502 0.375265 0.473082 -0.550065 0.259157 -0.788322 0.007515 0.929649 0.147105 0.180776 0.540209 -1.339614 0.479532
0.176217 0.317975 0.585175 0.682883 -0.650888 -1.007910 0.614071 -0.427275 0.232814 -0.112746 0.424119 1.042938 -0.557128 0.671722 0.017289
0.330120 0.291666 -0.263435 0.599275 -0.526605 -0.608627 0.746135 0.649558 0.669506 -0.454151 -0.570728 0.608925 -0.431368 -0.615759 -0.020574
1.584378 0.799481 -0.016289 0.837595 0.664309 -0.855100 -0.256595 -0.241982 0.020517 -0.131480 -0.937661 0.044725 -0.004564 0.797026 0.027240
0.570386 0.675084 0.547155 -0.564068 -0.170329 0.204969 -0.929701 -0.868875 -0.720121 0.209302 -0.536603 0.461326 0.858320 1.246422 0.201929
-0.394512 0.164559 -0.974710 0.388821 -0.292001 0.608318 -0.688037 0.207995 -0.383571 0.620287 0.734780 -0.969208 0.620409 0.656646 -0.635872
0.389543 -0.473811 0.404666 0.500758 0.738679 -0.314997 -0.534427 -0.746404 -0.822525 -0.240542 0.989508 0.270045 -0.975978 -0.567152 -0.360569
0.160147 0.417895 0.385035 -0.715568 -0.095924 0.485865 0.865679 -0.843882 0.768039 0.505022 -0.612921 -0.637543 -0.613350 -0.080583 -0.686808
-0.240589 0.209645 0.617104 -0.023115 0.438075 0.330522 -0.583507 0.324726 0.714203 -0.080185 -0.196495 0.869355 0.675977 -0.027583 -0.889040
-0.701082 -0.661624 -0.616399 0.000423 0.187873 -0.337463 -1.041817 -0.220505 0.538746 0.243200 0.580115 -0.391961 0.174921 -0.760127 -0.555534
0.041795 -0.325719 -0.559482 -0.226438 0.335974 0.978377 0.156293 0.049011 0.727119 -0.341341 -0.035663 0.344975 0.289918 0.391587 -0.863658
-0.808831 -0.698922 -0.098534 0.536415 -0.198886 -0.795687 -0.386869 0.731727 0.442467 -0.095283 0.230027 0.287956 -0.054564 -0.214198 -0.880136
0.533678 -0.066743 -0.491386 -0.561036 0.285992 0.337394 0.975262 0.317294 -0.803387 0.674443 -0.725071 -0.791603 0.838472 -0.183811 -0.004308
0.895349 0.241255 -0.637082 0.368916 -0.451593 -0.396180 -0.111165 -0.904566 0.350481 0.526400 -0.775246 0.803861 -0.248117 0.690045 -0.852982
0.290313 -0.335608 0.421949 0.956794 -0.037053 0.111725 0.170862 0.974447 -0.274804 -0.720027 0.317619 0.931444 0.688819 -0.570052 -0.233087
0.153129 -0.858704 0.391342 -0.359656 -0.758345 -0.602741 -0.131416 -0.182954 -0.755430 0.648721 -0.250097 -0.031048 0.454696 0.511490 0.221953
0.998193 -0.573898 -0.907305 0.684401 0.276950 -1.184267 0.673131 0.673758 -0.086125 -1.013255 -0.174099 0.682531 0.681187 -0.443284 -0.088177
0.454494 0.937488 -0.196572 0.468650 0.905772 -0.158531 -0.230964 0.736284 -0.816558 -0.678372 0.252374 -0.264678 0.647365 0.565846 0.405279
-0.408739 -1.145625 -0.784543 0.598183 -0.664544 -0.284504 -0.288876 -0.504408 -0.497359 0.512125 0.060458 0.694475 -0.107529 -0.729446 -0.921194
-0.892828 -0.147679 -0.498610 -0.856906 0.011228 0.698253 0.186389 -0.048503 -0.500345 0.432932 0.640778 -0.358846 -0.854975 -0.221044 -0.946763
0.900556 0.642062 -0.700079 0.476188 0.050729 0.285485 -1.021192 1.037792 -0.142403 0.038697 -0.846934 -0.219880 0.359168 0.690227 -0.470240
-0.497638 -0.862448 -0.539148 -0.947705 -0.628580 -0.717473 -0.689788 -0.671368 0.342558 -0.021950 -0.565583 0.873323 -0.967939 0.867569 0.096786
-0.561510 0.835088 -0.850214 0.112427 0.001371 -0.344536 0.626223 0.624078 -0.819334 0.706290 0.365037 0.719897 -0.403299 0.795961 -0.748553
0.648103 -1.000039 -0.964443 -0.878097 0.435429 0.986332 0.947780 0.718061 -0.449491 0.682584 -0.534192 0.631895 -0.652034 -0.566203 0.333630
-0.234461 -0.239125 -0.151249 -0.224512 0.965227 -0.342068 0.239129 -0.380391 -0.962314 0.099534 -1.037637 0.766439 0.728577 0.473856 -0.398408
-0.024007 -0.241397 -0.295255 0.101225 0.286825 0.207121 0.042828 0.151000 -0.305162 -0.331565 0.058426 -0.806496 -0.414281 -0.024290 0.262783
-0.279220 -0.817184 -0.141836 0.563826 -0.975490 -0.436007 0.544649 0.096421 -1.002558 0.372943 0.995822 0.567756 0.344897 -0.339856 0.364556
-0.967425 -0.766755 0.952058 0.349891 0.287327 -0.056435 0.950594 0.795282 -0.088845 0.060389 0.129289 0.028447 0.515162 -0.894650 -0.624799
0.239682 -0.542245 -0.159058 0.053880 0.009775 -0.943470 0.258671 -0.096938 -0.739160 0.619567 -0.146439 -0.560404 -0.957587 0.328812 0.963982
1.114637 -0.455134 -0.210091 0.705247 1.011763 -0.418501 -0.429277 0.344193 0.293493 -0.349750 -1.188457 0.520455 0.237822 -0.424768 -0.131113
0.614794 -1.105602 -0.549029 0.718163 0.233508 -0.553163 -0.986383 0.367229 -0.924644 -0.046620 -0.707968 0.893454 0.603551 0.277564 0.425620
0.203924 -0.258923 0.770666 0.860332 -0.284387 -0.572195 -0.890098 -0.760383 0.394530 0.776096 -0.670098 -0.180953 -0.043912 0.220219 0.713453
0.401248 -0.011495 -0.649368 -0.502548 0.318966 0.770836 0.452311 0.739191 -0.718037 -0.918195 -0.900407 0.084492 0.786668 -0.717475 0.257682
0.538981 -0.957582 0.413422 -0.909773 -0.241943 0.869996 -0.159534 0.004276 -0.201274 0.730392 -0.759734 -0.133507 -0.961787 0.792562 -0.928317
0.563476 -0.347128 0.166894 0.343791 0.077048 -0.259144 0.579679 0.395017 -0.873823 -0.509714 0.971790 0.209001 0.250767 0.838228 0.194210
0.324217 0.697109 0.490610 0.186319 0.259201 -0.385468 0.794656 0.838322 -0.754556 0.419016 0.874709 0.774665 -1.012953 -0.306222 0.372231
0.903967 0.975818 -0.853515 0.986596 0.189278 -0.197026 0.992637 -0.405059 0.696123 0.145854 0.688535 0.585820 0.650774 0.757215 -0.189995
-0.865605 0.169401 -0.486257 -0.184837 0.437711 -0.439057 0.495287 -0.555539 0.314800 1.120628 1.033762 -0.335492 -0.102282 0.144595 0.744554
-1.216308 -0.685859 0.030755 0.698087 -0.523446 0.490380 0.334824 -0.782532 -0.682324 0.148305 1.268896 0.572373 0.852829 -0.816887 -0.529045
-0.783782 -0.390149 -0.158982 -1.027317 0.347338 0.350134 -0.177797 0.248894 -0.482827 0.935332 0.166746 0.487686 0.628346 0.561398 -0.954571
0.478868 -0.397235 0.383226 0.434826 0.118339 -0.593966 -0.122384 0.158712 -0.851575 0.751121 0.496184 -0.604489 -1.082980 -0.652350 0.948597
-0.391260 0.447629 0.087826 -0.177755 -0.088117 -0.457196 0.472025 -0.265993 -0.353725 -0.512124 -0.041718 0.517580 0.166980 -0.495701 0.527677
0.439109 0.297844 0.411692 -0.416384 0.364204 0.290945 -0.017202 0.490331 -0.153090 -0.938679 -0.039832 -0.040069 0.027681 -0.801854 0.116088
0.281486 0.437604 -0.422193 0.173797 0.302575 -0.964551 0.168725 -0.766476 -0.404200 -1.000987 -0.643719 -0.259847 0.581251 0.246805 0.839416
-0.340088 -0.856313 -0.891810 0.169252 -0.151109 -0.543398 -0.606787 -0.471087 -0.919766 0.063042 -0.632575 0.288267 -0.213629 0.873671 0.735720
0.997446 -0.824567 0.349058 0.413825 0.559193 0.465512 0.715778 -0.545783 -0.241699 -0.214717 0.824769 0.313889 0.029181 -0.018018 0.497609
0.570590 0.415109 -0.450089 0.057771 -0.929335 -0.988164 0.552485 -0.214638 -0.446064 0.391759 0.760519 0.577986 -0.989671 0.932296 -0.241778
0.734027 -0.235071 -0.417152 -0.391224 -0.907718 0.250215 0.340286 -0.545728 -0.807406 -0.728673 0.168370 0.720306 -0.777589 0.683226 0.621078
-0.036557 -0.536376 0.832138 0.111133 -0.525368 0.279955 0.380844 0.167944 -0.611858 0.431899 0.734852 0.838252 0.822283 0.296393 -0.257919
-0.326984 0.187923 0.418158 0.042059 0.084516 -0.001780 -0.183878 -0.140842 0.444043 0.992504 0.473312 -0.558658 -0.647008 -1.075808 0.211108
-1.003055 0.622555 0.270523 -0.487796 -0.234723 0.471426 -0.743724 0.982252 -0.192060 0.242502 0.290352 -0.045895 0.743156 -0.153451 -0.968330
-0.119026 0.471112 0.983131 -0.520040 -0.692849 0.112868 0.276018 -0.896038 0.652991 -0.919261 -0.103364 0.318784 -0.485257 0.515730 0.429452
-0.313277 -0.263466 0.327176 0.854251 0.953886 -0.764609 -0.133847 -0.618738 0.281446 0.123249 -0.471716 0.459470 0.949200 -0.885886 0.972402
0.214668 -0.513926 -0.195896 -0.510871 0.864255 0.799510 -0.887156 0.020646 -0.333631 0.507538 0.177201 -0.166873 -0.070252 -0.239596 -0.710824
-0.520888 0.226948 0.006775 0.243780 -0.241422 -0.099764 -0.715914 -0.498520 0.661879 0.453413 -0.554605 -0.767974 -0.055216 -0.783682 -0.931490
0.577194 -0.389201 0.683766 0.979877 -0.991499 0.754282 0.486354 -0.014758 0.438069 -0.640213 1.001919 -0.341726 -0.995262 0.009100 0.379053
1.019716 0.053904 0.505686 -0.928536 0.526617 -0.835438 -0.939020 0.592725 0.604441 -0.030831 0.598262 0.835953 -0.800269 0.242297 -0.662242
-0.000326 -0.524498 0.719914 0.933820 -0.335233 0.441515 -0.106524 1.049633 0.030113 0.464731 0.612012 0.748304 0.818079 -0.346921 -0.632974
-0.475180 0.489487 0.753756 0.780780 0.072648 -0.507296 0.681955 -0.029182 0.626011 0.316431 1.086942 0.961763 0.935097 0.278561 -0.072057
-0.417957 -0.183176 -1.018836 -0.036100 -0.133252 0.335351 -0.278288 -0.976227 -0.859796 -0.130333 -0.172390 -0.211103 0.858766 0.795072 -0.913698
-0.995583 -0.492171 0.478567 0.066930 0.081601 -0.292606 0.051015 0.500718 -0.434664 0.293436 -0.329203 0.029196 0.514499 -1.137829 0.252941
-0.630288 -0.292631 0.265964 0.056468 0.343861 0.130960 0.222047 -0.049475 -0.177661 -0.365093 -0.040550 -0.987916 0.207932 -0.772828 0.372866
-0.068768 0.526692 -0.250683 -0.687836 0.004886 0.586941 0.190129 -0.913370 0.935787 -0.446806 0.780291 0.074649 0.690316 -0.486972 0.404527
-0.804775 0.971135 0.485691 -0.639129 0.249030 -0.799943 -0.916006 -0.759199 0.158271 0.706287 -0.706559 0.517868 0.293645 -0.320286 0.350187
0.499338 -0.640498 -0.338239 -0.135823 0.586448 0.361382 0.379762 -0.416910 0.725349 0.280032 0.726139 0.459706 0.580991 0.426423 0.353699
-0.088202 -0.037011 -0.564589 -0.621220 -0.603271 0.895095 0.744531 -0.785356 0.873525 -1.087576 0.100126 0.564619 -0.868200 1.107286 -0.451919
-0.481476 -0.400657 0.388400 0.712131 0.877224 -0.968296 -0.438284 0.459035 -0.425140 0.160962 -0.770755 -0.309536 0.395683 0.277791 -0.371572
-0.975451 0.893414 -0.844716 0.216483 -1.024015 -0.117490 -0.800158 -0.354894 -0.873177 0.870271 -0.292640 -0.245433 0.315612 0.373027 0.846134
-0.167808 -0.815659 0.770941 1.012497 -0.930907 0.705258 -1.042592 -0.683689 -0.876840 -0.442716 -0.126121 0.084248 -0.312929 -0.349526 -0.956654
0.242790 0.154910 0.930666 0.249051 0.863691 -0.918382 0.674389 0.957023 -0.974215 -0.176693 0.537023 0.687632 -0.487796 -0.522674 -0.979274
0.731396 0.571518 0.245144 -0.033141 0.759192 -0.270287 -0.639172 0.517109 -0.601344 1.104245 -0.567018 0.574860 0.920244 -0.250903 -0.913227
-0.564074 -0.447363 -0.564523 -0.753396 0.372466 -0.409435 -0.949306 -0.709481 0.337595 0.168442 -0.365487 0.613458 0.636189 -0.227619 -0.361438
0.515462 -0.929835 0.200460 -0.567352 -0.978992 -1.086212 -0.233247 0.040771 0.690642 -0.751549 -0.700846 0.010835 0.840491 -0.928973 -0.263827
-0.138774 0.319026 -0.609966 0.365338 -0.252498 -0.372646 0.336304 -0.633250 -0.224049 1.004638 1.219803 0.224638 -0.701428 -0.342591 -0.077269
-0.398849 -0.831909 -0.823760 -0.466955 -0.510499 0.995194 0.789596 0.155601 0.628174 0.759369 0.672807 0.360712 0.562344 -0.170183 -0.277026
-0.528379 -1.000846 0.850391 -0.515705 0.279818 -0.953517 0.483022 0.858670 -0.485592 -0.325897 -0.714122 0.285363 0.247785 0.365593 -0.004884
0.778396 -0.646825 -0.612005 0.495171 0.744015 0.033822 -0.085471 -0.291126 -0.649519 -0.522003 -0.546186 0.405388 -0.036768 0.359674 0.015625
0.196222 0.545112 -0.492998 0.599031 0.818426 -0.652114 0.847409 -0.480066 -0.013190 0.311482 0.498110 0.835370 -0.436020 0.169294 -0.445010
0.737192 -0.339190 -0.264325 0.378220 0.222900 -0.715508 0.255034 0.610195 0.255401 0.336276 -0.692339 -0.196196 -0.994480 -0.804701 -0.322716
0.570464 -0.587167 -0.677596 0.496793 0.872308 0.764234 0.394126 0.702737 0.047951 -0.317705 0.484533 0.065799 -1.011253 0.527247 -0.043174
0.920864 0.326214 -0.849012 -0.252669 -0.145758 -0.543364 -0.219940 -0.464706 0.324562 0.360882 0.402638 0.191194 0.358873 -0.754306 -0.358230
0.714927 -0.263192 -0.078979 0.492703 -0.738627 -0.219596 0.903052 0.577027 0.431791 -0.466565 -0.880648 -0.810621 0.788086 0.584042 -0.659139
-0.766126 -0.260667 -0.007566 -0.546574 0.123307 0.343373 -0.850786 -0.865321 0.768451 0.093145 0.169559 -0.877942 0.613204 -0.048046 0.167474
0.236659 0.949094 -0.258966 0.452890 0.690725 1.004258 0.778776 -0.341687 0.359079 1.038690 0.813620 0.838919 0.047992 -0.642595 -0.018951
0.447920 0.935911 0.464009 -0.543478 -0.866018 -0.210230 -0.096917 -0.672683 -0.819556 -0.035062 0.074065 -0.658785 0.728408 0.398047 0.170981
-0.273530 -0.933806 -0.208820 0.186523 0.052332 -0.147961 -0.268600 -0.905107 0.366319 -0.357256 0.232543 0.635309 -0.105215 0.383999 -0.418163
-0.424705 0.734570 -0.556533 0.292116 0.890951 0.538170 -0.187911 0.161437 0.431177 -0.917293 -0.652226 -0.829373 0.113991 1.033653 -0.234819
0.265237 -0.084672 0.612745 -0.861222 0.913339 0.272973 -0.465416 1.031551 0.846537 -0.284274 0.085268 0.755220 -0.399273 0.710208 0.092392
0.743130 -0.256226 0.039139 0.022112 -0.543600 0.179197 -0.411853 -0.162198 0.072333 0.033364 0.512017 0.143756 0.193215 -0.132291 -0.890636
0.277871 0.112229 -0.830984 0.138884 0.328128 0.420326 0.132889 0.957479 -0.267919 -0.198615 0.965539 0.804190 0.415833 0.647357 -0.231971
-0.975928 -0.679210 -0.335315 0.228742 0.066886 0.472604 0.792302 1.058842 -0.787852 0.526238 0.126982 -0.450646 -0.520886 0.606542 -0.248688
-0.609796 -0.914953 -0.077579 -0.832485 -0.547126 -0.118022 -0.459944 1.046812 -0.356080 -0.670700 -0.149215 -0.280154 0.148629 -0.086120 0.387584
-0.703765 0.801347 -0.785620 -0.937375 -0.535868 -0.288483 -0.859912 0.329589 -0.677548 -0.347477 0.422261 -0.452535 -0.853996 -0.331261 -0.633587
-0.876085 -0.341381 0.003413 0.735973 -0.041782 0.726550 0.585417 0.322220 0.947681 0.004129 -0.277383 0.591858 -0.083193 0.856700 0.401687
-0.324162 -0.876743 1.021534 0.764507 -0.984000 -0.364279 -0.298902 -0.132800 -0.613879 -0.374946 0.338254 0.918033 -1.036601 -0.279237 0.337363
-0.956311 1.010629 0.366157 0.510770 -0.090720 -0.033172 0.280189 -0.350361 0.401787 0.430859 0.689106 0.690190 -0.274160 0.014390 0.519791
-0.312129 -0.554851 -0.776983 -0.865827 -0.767981 -0.198350 -0.427991 -0.491851 0.975225 -0.662721 -1.091252 -0.414627 0.660995 -0.483936 -0.098222
-0.178118 0.188565 -0.915508 0.245609 0.353905 0.685915 0.254782 0.319920 -0.227594 -0.213347 -0.138243 0.012470 0.219492 1.207987 0.020828
-0.173013 -0.681243 0.087661 -0.070888 0.983723 0.092551 0.549417 -0.778534 -0.443409 -0.933719 -0.165905 0.911726 -0.309209 0.427802 0.453408
0.339053 0.067897 -0.948839 -0.321862 0.680380 0.088578 0.184989 0.431159 0.368655 -0.382423 -0.652539 0.280298 -0.072285 0.338324 -0.302407
-0.310689 -0.271967 0.357188 -0.313022 -0.445445 0.269970 -0.746193 -0.581380 -0.766677 0.537319 -0.138869 -0.471778 0.729894 0.373399 -0.996015
-0.281297 0.196048 1.019499 -0.687914 -0.755168 -0.579078 -0.153775 -0.579218 0.619434 0.250269 1.006356 0.331489 -0.835771 -0.698948 0.071841
0.550724 -0.787835 0.666358 -0.898817 0.474376 0.675916 0.885516 -0.006413 0.351276 -0.390424 0.633175 0.325899 -1.013187 0.717461 -0.665129
0.399466 0.524621 -0.694863 0.071824 -0.462612 0.319945 0.080055 -0.723999 0.969816 0.723001 0.594625 0.440026 0.471624 0.890517 -0.783293
1.166950 -0.646379 0.667853 0.336109 0.299607 -1.032959 0.454452 0.823890 -0.412394 -0.886367 0.108043 0.958094 0.230689 0.778091 -0.659677

Bias v0 (Oculta):
0.384991
0.135076
0.775163
-0.152991
-0.483669
0.108551
0.077814
0.662441
-0.135684
-0.742599
-1.014653
-0.488337
-0.939039
0.944533
0.656400

Pesos w (Oculta -> Sa獮a):
2.418532 -2.342268
-0.772117 0.379177
-0.359337 0.992839
0.390905 -0.007427
0.487342 -0.524588
-0.989929 1.500675
-0.026798 0.338440
-0.761767 0.033623
0.262341 -0.288145
-1.201940 1.473461
-2.005191 1.693594
0.337009 -0.124880
-0.023457 -0.426935
1.577569 -1.356819
-0.555186 -0.342314

Bias w0 (Sa獮a):
-0.022331
-0.142541
