Pesos v (Entrada -> Oculta):
-0.328428 -0.012399 0.540922 0.927855 0.886261 0.401979 0.299393 0.066721 -0.288537 -0.419058 -0.342974 -0.836274 -0.541207 0.226555 0.140988 -0.235950 0.816040 -0.857301 -0.751801 0.931948 0.202908 0.040255 -0.491047 0.187867 -0.569431 -0.163449 0.744726 0.261473 -0.377642 -0.810443 -0.505594 -0.713380 -0.900782 -0.818369 0.610720 0.444707 -0.741971 -0.482687 0.471258 0.677956 0.880460 0.788570 -0.025328 -0.727706 0.128233 0.380193 -0.331730 -0.646587 0.124871 0.459951
-0.072356 0.278840 0.055795 0.506035 0.294586 -0.496188 0.373592 0.755282 0.299659 -0.783788 -0.728053 -0.623881 0.338808 0.323608 0.698733 0.408391 0.200034 0.022085 0.670555 -0.447932 -0.194095 0.402117 -0.035605 0.006177 0.148385 0.415969 -0.805220 -0.215387 0.199380 -0.261532 0.971669 -0.859259 -0.629210 -0.438826 -0.180193 -0.553011 0.830281 -0.037765 0.227004 0.272385 0.338470 0.648714 -0.473816 -0.588259 -0.205764 -0.046832 -0.680601 -0.933295 0.269844 -0.855608
-0.547905 0.202757 -0.717914 0.528752 0.695478 -0.083420 -0.312147 -0.041932 0.285990 -0.030792 0.319363 0.871152 0.548469 0.223275 0.661300 0.843469 0.663474 0.346709 0.672865 -0.066101 -0.993416 0.780117 0.775060 0.026537 -0.262841 -0.167623 -0.144513 -0.865987 -0.963561 -0.162060 0.131620 0.730587 -0.571183 -0.449162 0.084248 -0.081193 -0.908127 -0.897759 0.589023 0.066022 -0.930810 -0.576398 0.882773 0.877116 -0.371076 0.678407 -0.750816 0.119675 -0.004992 0.869686
0.157690 -0.083709 -0.750530 0.565158 0.853728 -0.488365 0.117345 0.373469 -0.838043 -0.498115 -0.895761 0.191522 0.531945 0.251632 0.456320 0.590527 -0.529629 0.709928 -0.919914 0.188154 0.953044 -0.382962 0.202132 -0.120499 -0.380796 -0.623752 0.456884 0.920051 -0.914786 -0.687261 0.174458 -0.378722 -0.973923 0.087916 0.926160 0.955464 -0.981352 -0.302527 -0.809312 0.318960 -0.813077 0.080737 0.195407 -0.515574 -0.126270 0.065174 -0.127370 0.310696 -0.780730 -0.193422
0.585199 -0.417921 0.916598 0.845646 0.176285 0.497487 -0.067026 0.740394 -0.523719 0.918412 -0.314551 0.863271 -0.784212 -0.379498 0.658149 -0.708462 -0.294199 0.681939 -0.523661 -0.181652 0.647960 -0.600198 -0.409351 -0.570274 -0.613081 -0.704678 -0.752130 -0.596288 0.743980 0.370263 0.106232 0.709522 -0.563534 -0.524150 0.118956 0.115188 -0.059875 0.925046 -0.722330 -0.762990 -0.673224 -0.773910 -0.615297 -0.872598 -0.317238 -0.496264 -0.596281 -0.831044 0.630399 -0.629270
-0.881480 0.908318 -0.248230 -0.596404 -0.841491 0.716808 0.974712 -0.364195 -0.571927 -0.908867 0.288329 0.694799 0.828506 0.979910 -0.119874 0.041549 0.577406 -0.022414 0.434018 0.139963 -0.888547 -0.350042 -0.582797 -0.316637 0.570351 -0.121328 0.260091 0.654418 0.686216 -0.861943 0.837049 -0.588667 0.633449 0.138547 -0.657260 -0.746918 -0.050407 -0.698428 -0.078718 -0.661028 -0.131727 -0.270324 -0.591885 -0.775307 0.226794 -0.045671 -0.338943 -0.999980 0.331400 0.906359
-0.526982 0.061262 -0.583633 0.128971 -0.720830 0.071514 -0.868880 0.085768 0.962598 0.582333 0.664177 0.726519 -0.358772 0.132833 -0.933373 -0.640266 -0.298296 -0.247705 -0.717570 -0.164237 -0.192104 0.975773 -0.547175 0.350110 -0.624397 -0.805549 -0.946268 0.924539 -0.585780 -0.671758 0.601071 -0.806227 -0.245117 0.563212 0.226258 0.305117 -0.511939 -0.231679 0.560031 -0.222408 -0.542753 -0.490376 -0.749005 -0.293938 -0.443763 -0.266524 -0.423395 0.025112 0.055805 0.696899
-0.490909 0.080408 0.141810 -0.642614 0.983260 0.529253 -0.897118 -0.574458 -0.215685 0.469517 0.201489 -0.221256 -0.938988 -0.237918 -0.160673 -0.891367 -0.079451 -0.104443 -0.631352 -0.187560 -0.315866 0.356630 -0.490550 -0.927611 -0.005739 -0.780535 0.213448 0.037913 -0.953215 0.405986 -0.513902 0.801477 -0.998871 0.641545 0.906976 -0.815604 -0.719652 0.058887 -0.425157 -0.564129 0.116607 0.070959 -0.505962 -0.868357 -0.214237 -0.202382 0.763149 -0.049051 0.864903 -0.377955
0.360409 -0.316871 -0.032463 0.883341 -0.584424 -0.005764 0.651644 -0.164829 -0.002586 0.494649 -0.648282 -0.182200 -0.998151 -0.308943 -0.270134 0.337786 0.324231 0.255919 -0.880786 -0.963352 0.057412 0.599189 -0.470632 -0.900569 0.775806 0.481511 0.818339 -0.884297 0.181890 -0.593610 0.804964 -0.061034 0.282923 0.151529 0.579586 0.347828 0.002602 0.576175 -0.666612 0.815146 -0.855069 0.379463 0.125242 -0.844780 0.884523 -0.281777 -0.683947 0.855703 0.347996 -0.402141
0.421188 0.128064 0.910605 0.656653 0.213781 -0.938578 -0.612891 -0.949088 0.190928 -0.743324 -0.418727 0.355892 0.700239 0.125542 0.370107 -0.200140 0.628282 0.590404 0.648779 0.652236 -0.049714 0.885679 -0.426421 0.959714 0.466787 -0.959567 0.047761 0.050133 0.955444 -0.758050 -0.253080 -0.156490 -0.114991 0.421803 0.922173 0.093711 0.104332 -0.842057 0.567154 0.621889 0.534909 0.552754 0.139105 0.270053 0.052229 0.632407 -0.233683 -0.035491 -0.509792 -0.961032
0.623505 -0.417989 0.467286 -0.710213 0.279706 -0.806496 -0.559876 -0.653247 0.771445 -0.677100 0.219562 -0.152277 0.408629 0.742150 0.303538 0.031750 0.290302 -0.689058 0.229658 0.333859 0.199907 -0.054062 0.540679 0.856788 -0.103578 -0.136768 -0.986483 -0.399263 0.740995 0.608871 -0.290954 0.519116 -0.408784 0.859650 -0.562466 -0.336181 -0.788665 0.786536 -0.959522 -0.766465 -0.792197 0.690807 -0.503810 -0.141570 -0.124627 0.189214 -0.926806 0.449630 -0.133071 -0.582500
-0.296794 -0.218191 0.128177 0.585861 0.435391 0.743655 0.850305 -0.521598 -0.366187 0.022531 0.757194 -0.363603 -0.418712 0.143123 -0.099926 -0.906960 0.321475 0.827632 -0.045598 0.974496 -0.411246 0.513916 0.075298 -0.046146 -0.012464 -0.009868 -0.485790 0.576071 0.287593 -0.748072 -0.090766 0.451701 0.019069 -0.356052 0.685320 -0.259233 0.890959 -0.454444 0.137224 -0.188464 -0.714080 -0.693164 0.219317 0.951025 0.360214 -0.326872 -0.623841 0.934084 0.892256 0.726064
-0.609088 0.801611 0.596056 0.738978 -0.205869 0.124174 -0.996800 0.230855 -0.122557 0.946901 -0.787840 0.330946 0.706448 -0.402978 -0.476544 0.672909 -0.521261 0.008488 -0.751965 -0.222225 0.782994 -0.595517 -0.894039 0.527753 -0.535978 0.733318 0.372289 0.885952 -0.382263 -0.399041 0.150270 0.859799 0.704548 0.728174 -0.807213 -0.280275 -0.214632 0.174442 0.943026 0.770674 0.392075 -0.282138 0.157181 -0.737589 0.571858 -0.387369 -0.066820 -0.420081 -0.237463 -0.073025
-0.156883 0.454814 -0.805664 0.004499 -0.298905 0.267805 0.432915 0.128166 0.944744 -0.368837 -0.973483 0.366093 0.870575 -0.082028 0.810721 0.971484 -0.808231 0.757950 -0.420111 -0.126278 0.560634 -0.258337 -0.200697 -0.377542 0.186665 0.156243 0.854803 0.027146 0.386963 0.574404 -0.539793 0.938864 -0.407871 0.784034 -0.794902 0.087901 -0.228321 0.788830 -0.447867 -0.316559 -0.741330 -0.796282 0.222486 -0.945387 -0.566441 0.920708 0.483695 -0.142184 0.885886 0.804263
-0.668921 -0.897911 0.634813 -0.803083 -0.923301 0.026532 -0.159248 -0.229558 0.136477 0.669583 0.861284 -0.276749 -0.925746 0.862476 0.494463 -0.509217 0.237715 0.732255 0.390432 0.741462 0.458454 -0.573417 -0.161747 0.894814 -0.691987 -0.875504 -0.577355 -0.515359 -0.274275 -0.257017 0.509200 -0.703183 0.375171 0.433530 -0.258093 -0.717941 0.620703 -0.260028 -0.633039 -0.842395 -0.174467 -0.266367 -0.350213 0.129065 -0.775975 0.953718 -0.666102 -0.407444 -0.000559 -0.543032
-0.891295 -0.735569 -0.164793 0.219924 0.378905 0.824338 0.658945 0.689585 -0.458533 -0.545882 -0.493632 0.680563 0.958165 0.281851 -0.053345 0.591855 -0.300867 0.701157 -0.725679 0.126633 0.378473 0.471743 -0.528034 0.034304 0.621657 -0.151500 0.586384 -0.561002 0.543739 0.182846 -0.497384 -0.599099 -0.044150 -0.042082 -0.337822 0.915500 0.060334 -0.910684 -0.096896 -0.602295 -0.570744 -0.335205 -0.451313 0.653481 -0.736590 0.109746 0.307541 0.106152 -0.218945 -0.543083
0.979798 -0.852660 -0.231457 -0.228654 0.299956 0.959778 -0.917851 0.432348 0.062019 0.812214 0.509840 -0.452266 0.305411 0.520797 0.644417 0.933579 0.386663 0.979099 0.822806 0.955385 -0.622422 0.643025 0.814637 -0.133848 0.214995 0.130127 -0.148811 -0.021839 0.015961 -0.587768 -0.718424 0.184472 -0.763988 -0.878389 0.528511 -0.885692 -0.011144 0.861587 -0.849898 -0.180438 0.773291 -0.365650 0.719729 0.577514 0.230974 0.863037 0.305478 0.657312 0.266182 -0.103030
0.109523 -0.057223 0.527966 0.265556 -0.629385 0.465246 0.832847 -0.304219 -0.023132 0.158402 0.018241 0.042268 0.674150 -0.066497 -0.780997 0.826413 0.979158 -0.074803 -0.710068 0.482241 -0.003846 -0.206011 0.606270 -0.777312 -0.311357 0.930903 -0.649055 -0.915985 -0.872820 0.841331 0.482823 0.560290 0.955070 0.361502 0.076136 -0.468444 0.856695 0.127567 0.917375 0.061401 0.248241 -0.914875 0.542986 -0.091975 -0.720623 0.429559 -0.678157 0.575771 0.901680 -0.590189
-0.282750 0.284435 -0.438964 0.200888 -0.059042 0.349555 0.443838 0.983957 0.191115 -0.496917 -0.410271 0.662169 -0.178087 -0.727836 0.452614 0.538015 -0.506665 -0.000850 -0.489482 -0.050278 0.749163 -0.968442 0.972583 -0.764940 -0.971012 -0.941476 0.027162 0.207652 0.556050 0.538108 0.993146 0.480941 0.866870 0.052906 -0.171700 0.432591 0.472062 -0.395869 -0.434440 0.799494 -0.388840 0.213561 -0.795772 0.990127 -0.896037 -0.884140 0.982970 -0.918193 -0.088916 0.088221
0.418558 -0.392344 -0.381185 -0.815626 0.159673 0.585627 0.653700 0.612005 -0.803945 -0.061475 0.613792 -0.341474 -0.888838 -0.953267 -0.023606 -0.623513 -0.454798 0.016343 -0.237792 -0.978128 0.790253 -0.952494 0.154392 -0.777448 0.688156 0.579411 0.780768 0.665114 -0.786763 -0.477811 0.040098 -0.750203 0.049130 -0.445743 -0.486843 0.792158 -0.621042 0.958977 -0.774111 -0.316897 -0.748690 0.238280 0.712540 0.235052 -0.228630 0.734647 -0.560105 0.431898 0.856502 -0.445696
-0.609927 -0.744100 -0.677575 -0.399721 0.422587 0.024040 0.076808 0.631117 0.467791 -0.646023 0.345223 -0.907425 -0.390197 0.600676 0.960306 -0.571792 -0.354103 0.983172 -0.504388 0.448852 -0.563772 0.211473 -0.049672 -0.797124 0.441005 0.952992 -0.343228 0.478087 0.948059 -0.720054 0.042052 -0.945511 -0.634405 0.107338 -0.249726 0.996256 -0.155951 0.116965 -0.878926 -0.485974 0.900181 0.395381 0.104969 -0.594222 0.754147 0.304821 0.257411 0.493988 0.819707 -0.488169
-0.717505 -0.990667 -0.361391 -0.735656 0.467023 -0.718047 0.908469 -0.908607 -0.539281 0.746804 -0.074975 0.723908 -0.182944 -0.914327 0.461441 0.929421 -0.638651 -0.222242 -0.875854 0.759067 -0.986179 0.552575 0.969485 -0.329037 -0.024775 0.455948 -0.881916 0.076477 -0.254621 -0.927225 -0.502507 0.830703 -0.527718 -0.596640 0.416317 0.518292 0.877088 0.318246 -0.128539 0.439978 -0.062268 0.031881 0.474851 -0.629409 -0.420771 0.149408 -0.169827 0.133872 0.635078 -0.728060
-0.611436 -0.117939 0.842388 -0.778226 -0.168157 0.046873 0.334301 0.296356 -0.847938 0.053757 0.565550 -0.424178 -0.205885 -0.393192 -0.233454 -0.963848 0.252377 -0.545871 -0.561437 -0.450344 -0.783288 0.315627 0.808202 0.020800 -0.341639 0.014325 -0.301763 -0.860326 -0.935607 -0.606128 0.177541 -0.946680 -0.836115 -0.490344 -0.390207 0.244410 -0.563111 -0.417688 0.552137 0.811278 -0.432109 -0.229699 0.088502 -0.978570 0.240959 0.381676 0.388186 0.489895 0.012213 -0.134001
-0.829932 -0.159704 0.064799 0.997234 -0.323764 0.158533 0.284773 -0.222144 -0.965270 -0.318332 0.525965 0.077486 0.792530 0.473764 -0.325799 0.773510 -0.788227 0.175644 0.408339 -0.193818 -0.804304 -0.447950 0.430185 -0.329758 0.031840 0.400110 -0.639185 0.600401 0.067408 -0.706424 0.444226 -0.468066 0.696060 -0.211321 -0.081718 -0.768740 0.509678 -0.270174 -0.665310 0.521362 -0.564058 0.412741 -0.276703 -0.135102 0.602900 -0.305649 -0.802665 -0.772993 0.377250 -0.069166
-0.753048 -0.695429 0.934050 -0.005120 0.485699 0.769273 -0.002749 -0.923892 0.768712 0.879634 -0.884382 0.200906 0.282722 -0.884484 -0.365388 0.129620 -0.747102 -0.615234 0.070080 0.966066 0.768149 -0.485879 -0.752832 -0.768991 0.793884 0.297634 -0.898184 -0.059498 0.192920 0.916580 0.111206 -0.894687 0.368789 -0.173853 -0.857838 -0.629667 -0.450400 0.747846 -0.122025 -0.263695 -0.505797 0.224980 0.537718 0.862518 0.921518 0.968309 -0.992164 -0.733380 -0.446869 -0.916152
0.830257 0.603502 -0.823210 -0.731924 -0.775956 0.133263 0.722956 -0.628203 -0.528214 0.995685 0.504180 0.297547 0.650506 0.655450 -0.056711 0.292305 -0.722146 -0.869383 -0.789901 0.578939 0.318400 -0.925388 -0.763532 -0.862108 0.080336 0.073486 -0.024822 -0.916273 0.967740 -0.111211 -0.482721 0.622662 -0.082345 0.574722 0.118284 -0.933566 0.552661 -0.344853 0.033528 -0.346451 0.975871 -0.477114 -0.251011 0.049565 -0.524798 -0.122957 -0.767636 -0.324966 0.222722 -0.761690
-0.897555 0.655979 0.516999 -0.029862 0.111859 -0.611756 0.978672 -0.296504 -0.092613 0.620249 0.616437 -0.939112 0.293465 -0.196455 0.148461 -0.479765 -0.458530 -0.673090 -0.457819 0.063082 0.277567 -0.250998 -0.037470 -0.903796 0.711822 0.405335 0.470657 -0.119181 -0.572821 -0.726842 -0.345239 0.774886 0.159783 0.398802 0.291290 0.692799 0.936314 0.854996 0.646401 -0.304168 -0.232886 0.315193 -0.084672 -0.230500 0.276391 -0.627063 0.504346 -0.209195 -0.772292 0.338462
-0.567509 -0.151541 -0.478825 -0.849156 0.336296 -0.678370 0.629706 0.438763 -0.280591 0.876841 0.762361 0.554929 0.838373 0.566857 0.643339 -0.801243 -0.721982 0.719244 0.926035 -0.654215 0.911779 -0.760673 0.673892 0.226807 0.331301 -0.059837 -0.415268 -0.556565 -0.419266 0.419809 0.361725 -0.794325 -0.005476 -0.585444 0.055629 0.778739 -0.244346 0.762013 -0.377706 -0.796498 0.303404 0.812840 0.213601 0.843030 -0.666452 -0.683288 -0.643091 0.683448 0.574405 0.088256
0.951211 0.527224 -0.790601 -0.117231 0.647195 0.574976 -0.393585 -0.872677 0.463731 0.796358 0.775275 0.884615 0.974767 0.320828 0.706190 0.412537 -0.908956 -0.264633 -0.285649 -0.796806 -0.765001 0.796178 0.850463 -0.686927 -0.509574 0.978916 -0.727888 0.226895 0.739032 -0.850123 0.626833 -0.056396 -0.085586 0.351886 -0.978412 0.925487 -0.292933 -0.347930 -0.588002 0.356329 -0.065235 0.843269 -0.586783 -0.287247 0.345090 -0.546765 0.392871 -0.792955 0.966451 -0.373611
-0.935070 -0.453610 -0.382237 -0.259929 -0.104855 0.488188 -0.341005 0.257270 0.572081 -0.430321 -0.940903 -0.987713 -0.291283 -0.947928 0.044118 0.423950 0.217516 0.979839 -0.990733 0.476550 -0.756488 0.488815 -0.595998 -0.719385 0.020153 -0.759065 -0.782954 -0.225252 0.420723 0.147234 0.836082 -0.661342 0.207710 0.042600 0.632971 0.544523 -0.337367 0.901380 -0.575787 -0.723926 -0.017417 0.372509 -0.124199 0.821846 -0.003133 -0.730489 -0.637977 -0.274087 0.114981 0.964700
-0.596523 -0.033889 0.905444 -0.086222 0.853283 -0.536625 -0.630563 -0.070366 0.793354 -0.253083 0.446963 0.387108 -0.605909 -0.070671 0.703337 0.082733 -0.241328 0.001013 -0.615621 -0.964167 -0.468204 0.814876 0.747175 -0.124008 -0.986676 -0.180495 -0.200659 -0.825625 0.104394 -0.298652 -0.683794 0.927900 0.823549 -0.133380 -0.213202 0.074486 -0.785587 0.997612 -0.302052 0.348516 0.771718 -0.774672 -0.682700 0.320991 -0.639664 -0.141141 -0.331653 -0.007321 0.122646 -0.559070
0.842430 0.868043 0.467598 -0.141563 0.837475 -0.716280 0.598132 -0.779829 0.452161 0.699131 -0.055900 -0.161247 -0.114838 -0.787880 0.806721 -0.429614 0.259382 -0.012438 0.081744 0.914761 -0.814788 -0.262561 -0.763905 0.588240 0.412921 -0.400998 0.396684 0.695439 0.626072 0.982619 0.954937 -0.600919 0.131049 -0.809265 0.884496 0.399691 -0.751633 0.289256 -0.754649 0.993492 -0.998137 -0.664440 0.615167 0.060859 0.127419 0.210640 -0.889287 -0.956199 0.484456 -0.755670
0.892464 -0.772021 0.391630 0.364244 0.343995 0.740232 -0.469183 0.953592 0.684324 0.721414 0.787434 0.077521 0.893601 0.124981 -0.089663 0.939689 -0.515348 -0.599607 -0.056209 0.553455 0.158239 -0.875822 0.131512 -0.430837 -0.585743 -0.412209 0.046395 -0.777660 -0.955344 -0.186084 -0.100682 0.419173 -0.039681 0.489413 -0.835568 0.073235 0.165349 -0.383240 0.182632 -0.623139 0.033184 -0.086631 -0.603561 -0.484884 0.671867 -0.879928 0.644145 -0.947317 0.081390 -0.411206
0.130434 -0.405521 0.230045 -0.247501 0.721970 0.714164 0.947052 -0.320202 -0.900398 -0.808213 0.663581 -0.382096 -0.260558 -0.092714 0.498737 -0.741686 0.626710 0.215284 -0.171682 -0.320664 -0.134724 -0.249867 -0.558513 -0.852879 0.820676 -0.645913 0.207463 0.353030 -0.824171 -0.308337 -0.844365 -0.452724 -0.116759 0.015123 -0.005096 0.637509 -0.736765 0.537165 0.432810 -0.356922 -0.541759 -0.030736 0.328489 0.686536 0.212097 0.446558 -0.667049 -0.417438 0.371175 0.842169
0.837792 0.458297 0.307897 -0.656552 -0.490594 0.802199 0.426988 -0.886814 0.850168 -0.284759 -0.240744 -0.629415 -0.522466 0.402433 0.660600 -0.943491 -0.036468 -0.144102 -0.280987 -0.540079 0.998765 -0.349265 -0.109957 -0.278076 -0.135989 -0.403097 0.107081 -0.040748 0.288935 0.875834 -0.676845 0.063239 -0.683476 -0.874052 -0.289774 -0.312516 0.049901 -0.071726 -0.142025 -0.126130 0.239942 -0.774462 0.985865 -0.128769 0.361531 0.692906 -0.832466 0.831172 0.841181 0.195596
0.308629 -0.883336 -0.147880 0.241489 0.181200 0.458741 0.506613 -0.699798 -0.806879 0.587766 0.005641 0.291974 -0.522616 0.548100 0.942412 0.732152 0.072113 0.973198 0.290728 -0.074268 -0.317765 0.071032 -0.363225 0.801039 -0.413964 0.638864 -0.484757 0.559980 -0.092544 0.634330 -0.992096 -0.274843 -0.761289 -0.504682 -0.325330 0.760752 -0.999259 -0.816907 0.645424 0.282342 0.067713 -0.700294 -0.427756 0.984454 0.047544 -0.583094 -0.432250 -0.368445 0.532668 0.049359
0.777163 0.998434 0.698755 -0.720940 0.191459 0.033551 -0.712500 -0.199453 -0.178400 -0.842536 0.116501 0.104214 0.872639 -0.152701 -0.591123 -0.504834 0.745924 -0.463121 0.408649 0.158289 0.329829 0.245230 0.599622 0.684461 0.584556 0.335467 -0.923326 0.657417 -0.891874 -0.391360 -0.794296 -0.531703 -0.763560 0.195438 0.654908 -0.903435 -0.151667 0.856417 0.215087 0.393078 0.422718 0.706993 0.139889 0.737896 -0.839417 -0.357715 -0.205282 -0.303562 0.491024 -0.925331
-0.463218 -0.828012 0.243311 0.146437 0.723287 -0.596282 -0.955881 -0.953457 0.329215 0.182374 -0.245377 0.613305 0.387950 0.500525 -0.560951 -0.488816 0.435898 -0.422313 -0.097984 -0.655773 0.598894 0.815783 -0.833513 -0.948974 -0.251642 0.303285 -0.998252 0.063530 -0.471563 -0.617119 0.084916 0.388742 0.143684 -0.969540 -0.373396 0.079066 0.402157 -0.635036 -0.060456 -0.397530 -0.046114 -0.694891 0.429298 -0.496782 0.366258 -0.101947 0.764444 0.884580 -0.089379 -0.541104
0.205371 -0.922159 0.038983 -0.660908 -0.891779 -0.098710 -0.510680 -0.267640 -0.056791 -0.066277 -0.174032 -0.834741 0.166868 0.480332 0.075139 -0.842505 0.187556 -0.609345 0.535694 0.379425 -0.983889 0.181495 -0.924680 -0.932800 0.668969 0.915013 -0.858085 -0.063280 -0.646645 -0.676734 0.725417 -0.006204 -0.846303 0.263828 -0.474229 0.022081 -0.472597 -0.628946 0.864454 0.411234 0.782002 -0.177127 0.565484 0.948287 -0.917868 0.348150 0.603226 -0.424865 0.164611 0.219852
-0.182062 0.360564 0.017741 0.915256 -0.853392 0.237480 0.774785 0.870243 -0.911136 0.375212 -0.633798 -0.895210 0.645478 0.632425 0.748581 -0.393087 0.316627 -0.262536 0.454485 -0.666995 -0.366984 0.204324 -0.937843 0.159206 0.923157 -0.789648 -0.941757 0.021189 -0.677992 0.459534 0.425068 -0.152282 -0.265574 0.655319 0.825983 -0.467123 0.041271 -0.939460 -0.085078 -0.099038 -0.698112 -0.752319 -0.818377 0.708273 -0.071276 0.800594 -0.106682 0.049189 -0.867237 -0.237093
0.066420 0.111529 -0.041622 0.309588 -0.569140 -0.197503 0.117086 0.831878 0.564582 -0.417465 -0.723161 -0.286879 -0.665209 0.438043 -0.217038 0.279293 0.038735 0.119124 -0.423191 0.431357 -0.812700 0.136261 0.953221 0.189185 -0.883482 -0.196175 -0.324860 -0.040775 0.158146 -0.965751 0.368633 -0.012161 -0.876823 0.131490 -0.783460 -0.209847 -0.722111 -0.665747 -0.591160 0.223403 0.035321 0.292849 0.972136 0.155441 0.707523 -0.779034 0.058416 -0.075349 0.509055 0.875161
-0.574282 0.969293 0.719492 -0.576937 0.825608 -0.289720 -0.471569 0.250122 0.771088 -0.505581 0.171411 0.754083 0.230850 -0.822586 -0.543763 0.576117 0.183248 -0.199740 -0.498318 0.155101 0.132174 -0.061337 0.844776 -0.349809 -0.360705 -0.090674 -0.032725 -0.815084 0.240463 0.784736 -0.323753 0.304918 0.939306 -0.614794 -0.875559 -0.115447 0.012421 0.020147 0.825049 -0.045279 0.435560 -0.102258 0.195393 0.214390 0.154165 -0.538088 -0.981097 -0.864726 0.786627 0.500362
0.434534 -0.766610 -0.092261 0.228488 0.643687 0.638885 0.575691 0.342507 -0.811902 -0.639978 0.368416 -0.121690 -0.771119 -0.785314 -0.404290 -0.908594 -0.471162 -0.838174 0.085018 0.083817 -0.342703 0.408703 -0.291132 0.238909 0.331813 0.770217 0.067506 -0.881173 -0.887389 -0.036348 0.838827 -0.321767 -0.187412 0.471434 0.172447 -0.209138 -0.165757 -0.862794 -0.007265 -0.455741 0.599345 0.465210 -0.663313 -0.701542 -0.923521 -0.098725 -0.268898 0.400861 -0.671936 0.033396
0.723529 0.236822 0.831369 0.699300 -0.667787 0.637469 0.593411 0.750488 -0.835898 0.293190 0.749152 0.254258 0.410235 0.468755 -0.843488 0.278632 -0.971125 0.759124 0.553286 0.056225 0.507163 -0.995265 -0.457036 0.871182 0.031210 0.820869 0.956698 -0.967927 -0.679087 -0.726410 -0.857009 0.464154 0.304357 0.618566 0.678146 0.041769 -0.044412 0.902891 0.123085 -0.088593 0.743709 0.306875 -0.546120 -0.282125 -0.490642 -0.951639 0.508118 -0.661916 -0.496102 0.090773
-0.504054 -0.029422 0.688101 0.895789 -0.418436 -0.333006 -0.843707 -0.986666 0.131079 -0.968041 0.827156 0.532310 -0.901789 0.380044 -0.350230 0.281203 -0.116259 0.021781 0.563404 -0.742376 0.417652 0.179280 -0.971909 0.764836 -0.130013 0.897643 0.797826 -0.013005 -0.303657 0.420872 -0.622096 -0.100186 0.851771 0.271160 0.716748 -0.363948 0.140114 0.098922 -0.921886 0.179217 0.441660 0.046005 0.770330 -0.777016 -0.796226 0.986958 0.234517 -0.891719 0.670849 -0.746581
-0.315006 0.620491 0.989550 0.563780 0.581544 -0.283261 0.893110 0.929332 0.239117 -0.343938 0.444813 -0.025701 -0.084250 -0.027887 -0.512127 -0.263001 0.684917 -0.953041 0.751533 0.854744 0.007178 -0.084702 0.197274 0.931402 -0.279799 -0.059888 -0.929610 -0.512357 -0.870956 -0.123179 -0.442053 0.368390 -0.243282 -0.131134 0.442176 0.676296 0.399871 -0.120701 0.811237 0.554290 -0.446565 -0.640046 -0.809714 0.439253 -0.142381 0.791148 -0.223736 -0.219772 -0.505915 0.615698
-0.532364 0.990530 0.998625 -0.084106 0.997601 -0.092535 -0.009416 -0.533828 0.597592 -0.992647 0.230232 0.047113 0.043875 -0.703672 -0.041035 -0.548694 0.749891 -0.338700 -0.241575 -0.672902 -0.617119 -0.382989 -0.375545 0.942566 0.121018 -0.831548 -0.440828 -0.573641 0.834117 0.550995 -0.516768 0.991435 0.627127 0.665551 0.834055 -0.326182 -0.208294 -0.399341 -0.324181 -0.912469 -0.477819 0.931456 -0.164860 0.881299 -0.773026 0.735010 -0.056733 0.961321 -0.408193 0.740881
0.067471 0.041617 -0.573990 0.005236 -0.702066 -0.481174 -0.105052 -0.345363 0.548429 -0.831489 -0.114548 -0.489124 0.765072 -0.483562 -0.421952 -0.068365 -0.334134 0.494232 0.039990 -0.036431 -0.629091 0.811761 -0.111461 -0.142470 -0.262034 0.009662 0.182079 -0.554981 -0.189641 -0.451231 0.701039 -0.704164 -0.954327 -0.900506 0.266839 -0.398379 -0.087503 0.019572 0.853036 0.270811 -0.307854 0.958222 -0.457290 -0.008637 0.280526 -0.519354 -0.764025 0.337461 -0.251651 0.755712
0.600683 -0.774593 -0.878060 0.071808 -0.927602 -0.664110 -0.246362 -0.048229 -0.447155 0.768089 0.383731 -0.977130 0.557680 -0.997046 0.957888 -0.263367 0.526867 -0.744766 0.184486 0.398691 -0.717265 -0.815660 -0.960396 -0.075550 -0.421176 0.385474 0.170575 0.386121 -0.813454 0.205524 0.485562 0.134447 0.931102 -0.254953 -0.384544 0.384522 -0.203676 0.707793 -0.501712 -0.539432 -0.148891 -0.655020 -0.956073 -0.210867 0.056061 -0.656302 0.253782 0.203243 -0.640091 0.228632
0.724234 0.881152 -0.385036 0.059145 0.138501 0.147960 -0.969124 -0.591020 -0.251286 0.017870 -0.564356 -0.844370 -0.681163 -0.846069 -0.723018 -0.731207 0.071704 -0.625729 0.577931 -0.256245 -0.695631 0.739604 0.853205 -0.126866 0.559796 -0.775024 0.605598 0.722501 0.176070 -0.566473 -0.359432 0.066823 0.428100 -0.129002 -0.006767 0.225035 0.716961 0.216394 -0.031643 0.584897 0.323331 0.305183 -0.763633 -0.547212 0.317833 -0.157820 0.778142 0.728513 -0.042536 0.397225
-0.502817 0.763644 -0.500618 0.093868 0.224264 0.952038 -0.279964 0.057618 -0.807291 0.907531 0.344023 0.101044 0.676587 0.830416 -0.990350 0.940211 0.016523 0.020560 0.439525 0.018239 -0.554584 0.513048 0.311450 -0.036126 0.573320 -0.598527 0.471221 0.814408 -0.873853 0.794600 0.724643 -0.369514 0.064755 -0.286143 0.089047 -0.163180 -0.712859 -0.753402 0.592627 -0.499254 -0.960961 0.969709 0.863919 -0.738239 0.742855 -0.334066 0.372991 -0.266955 0.692812 -0.398303
0.631124 -0.364332 -0.256669 0.113603 -0.549939 0.794483 -0.545725 0.037338 0.437713 -0.486041 -0.754112 0.175157 -0.682033 -0.661265 0.293438 0.832691 0.547464 0.540989 0.083647 -0.368387 0.995924 -0.207073 -0.737122 -0.500673 -0.710577 -0.283788 0.400128 -0.284019 0.418939 -0.641385 -0.047808 0.578748 0.741668 0.453277 -0.890912 0.336133 -0.560223 0.804212 0.740750 -0.297668 0.402149 -0.825314 -0.808971 -0.564814 -0.737610 -0.919694 -0.975234 -0.122331 0.535284 -0.427304
-0.957081 0.300672 0.260838 0.956396 0.011680 0.195513 -0.909002 -0.241351 0.584316 0.357526 0.656601 0.085246 0.712659 -0.968196 0.535378 0.276409 -0.350487 -0.757671 -0.515844 0.221297 0.526999 -0.126344 0.043121 0.265008 -0.526650 0.913224 -0.868801 -0.686826 -0.720119 -0.926191 0.020997 -0.843037 0.829854 0.852510 -0.176153 -0.210212 0.096255 0.487084 -0.221022 0.838488 0.475134 -0.460476 -0.336453 -0.125732 0.453950 -0.084866 -0.872880 -0.789994 0.185963 0.921706
0.862235 0.653474 -0.765227 0.808758 0.023344 -0.877122 0.706364 -0.380653 -0.765721 0.871381 0.294781 0.693918 0.699435 0.663408 -0.199300 0.758071 -0.805880 0.029354 0.530115 -0.030933 0.449327 0.375165 -0.464858 -0.011780 -0.267880 0.073945 0.502128 -0.953151 -0.138811 -0.152806 0.463804 -0.606945 -0.638141 0.142306 0.478262 0.477378 -0.892725 0.470991 0.020654 0.048452 -0.265934 -0.275284 0.881962 0.709429 -0.893560 -0.870281 -0.959570 -0.893379 0.608037 -0.665655
-0.317801 0.098515 -0.302162 -0.454268 0.898990 -0.205490 -0.621742 -0.184435 0.697859 0.046094 0.085698 0.722584 -0.417187 0.974447 -0.541598 0.901491 0.627073 0.879854 0.728335 0.682357 0.091421 -0.533452 0.716034 -0.917343 -0.719418 0.141776 0.437402 -0.980889 0.808133 0.993613 0.898760 -0.150522 0.382392 0.520770 -0.330432 -0.648139 0.188174 0.013259 -0.777903 0.631380 -0.072660 -0.152198 -0.984968 -0.141203 0.230680 -0.785981 0.925713 0.160626 0.840205 -0.148957
0.141280 0.772266 0.956116 0.921389 0.009188 -0.650371 -0.529406 -0.829412 0.504389 -0.678817 0.898894 0.390642 -0.485070 0.224174 -0.680483 -0.872515 -0.046285 -0.628535 -0.944337 0.313432 -0.924378 0.133445 -0.483688 -0.922967 -0.806979 -0.073990 -0.334281 -0.358873 -0.274905 -0.560248 -0.511819 -0.590347 -0.003183 -0.791727 -0.753894 0.307732 -0.996103 -0.284334 0.443377 -0.688013 -0.796706 -0.448201 0.345468 0.498532 0.222929 0.887974 -0.556013 0.844241 -0.988105 0.162609
-0.959411 -0.915027 -0.268681 0.708324 -0.906325 -0.425195 0.355672 -0.767301 0.768876 0.160236 0.672135 0.885214 0.225381 0.559214 -0.829614 0.048349 0.956291 0.653935 -0.760636 -0.706948 -0.334842 -0.898378 -0.444414 0.728521 0.660269 0.405552 -0.119817 0.264283 -0.583280 0.342764 0.934528 0.312606 0.439476 0.400458 -0.016302 -0.601992 -0.482152 0.047212 -0.867084 0.354681 0.084051 0.651587 0.840949 -0.027975 0.838011 -0.236311 -0.967924 0.267017 0.262318 0.243225
0.046865 0.916478 0.711046 0.219211 -0.415535 -0.181791 0.417547 -0.238343 -0.064941 0.169241 -0.089357 0.665369 -0.360415 0.702196 0.345681 0.858159 0.277702 0.692929 0.060474 -0.873925 -0.996548 -0.436647 0.380856 0.284294 0.284838 0.499276 0.586231 -0.824932 -0.476388 0.768743 0.672600 0.112569 -0.690213 0.666080 -0.035260 0.597693 0.012058 0.697991 -0.099287 0.485444 -0.879974 0.744992 0.171446 0.753969 0.025353 0.246462 -0.348536 0.401930 -0.376642 -0.899296
0.191598 0.528743 0.695356 0.059976 -0.570179 0.160655 -0.630681 0.350654 -0.861056 -0.637524 0.478299 -0.154259 -0.580591 -0.415234 -0.003970 0.931652 0.472556 0.356551 -0.911301 0.865494 -0.871754 -0.583449 0.894502 0.325383 -0.971588 -0.115617 -0.446790 0.874693 0.370242 -0.784078 0.916247 0.031088 -0.935374 -0.718642 0.161642 0.143761 0.832296 0.775045 -0.857734 0.549856 0.642759 -0.502107 0.360751 0.337103 -0.435243 0.466357 -0.343729 -0.730372 -0.209665 0.908857
0.773391 -0.043522 -0.617955 0.000105 -0.023883 -0.629467 0.238664 0.091103 -0.621094 0.565316 -0.481325 -0.392213 0.289990 -0.762916 -0.434755 0.947981 0.932999 -0.640257 0.915613 0.778305 0.522600 0.658047 0.341073 -0.548378 -0.282610 0.654484 0.004409 0.355983 0.711279 0.322160 -0.276262 -0.309804 0.939933 -0.891572 -0.914564 0.074315 0.127367 -0.446051 -0.724646 -0.361107 -0.438510 -0.649394 -0.470269 0.157875 -0.834807 0.413137 -0.718817 0.838246 -0.094972 0.576483
-0.929423 0.484572 0.250093 0.313921 0.401516 0.471862 -0.352926 0.825467 -0.544933 0.438614 -0.224977 0.538539 0.016331 -0.187058 0.579409 0.374059 0.313872 0.831564 -0.327540 0.648484 -0.207531 -0.131464 -0.112490 -0.923308 -0.160571 0.277574 0.144413 0.437720 0.632129 0.401006 -0.161368 0.986963 0.176528 0.992749 -0.409818 0.742754 -0.265652 -0.073342 -0.015124 0.924974 -0.958792 0.544276 0.614762 0.236018 0.872227 -0.086119 -0.613565 0.519881 0.138950 0.997478
0.679082 -0.479190 0.583508 -0.212939 -0.226600 0.886915 -0.371858 -0.721728 0.039382 0.504086 -0.586649 0.028406 -0.892584 -0.594953 -0.952311 -0.854218 0.224196 -0.662053 0.625724 0.069177 -0.403207 0.891065 -0.347504 0.980836 0.191450 0.331321 0.310213 -0.059126 -0.476204 -0.775274 0.899547 0.096727 -0.913095 0.737196 0.541790 0.050808 -0.917018 -0.524400 0.437338 0.279228 0.830063 -0.275677 0.068875 -0.792683 -0.676030 -0.526830 -0.365445 -0.247267 0.023456 -0.805501
-0.222544 0.633423 -0.863059 0.509746 0.186747 0.270324 0.168878 0.997892 0.829148 0.795323 0.471639 0.408989 0.814776 0.599841 -0.245323 0.528801 0.531349 0.115595 0.446397 0.733304 -0.599349 0.955643 0.102457 0.733571 -0.193348 0.348526 0.459135 0.470190 0.974704 0.546637 0.862122 -0.661193 0.472408 0.457696 -0.362691 0.940280 0.488800 -0.001144 0.519718 0.704743 -0.605362 0.158090 -0.177739 -0.183258 -0.886467 0.732879 0.638954 -0.163294 -0.042227 0.381185
0.414491 0.150398 0.402734 0.316122 -0.364839 -0.468116 -0.004601 0.222280 -0.679750 0.359912 0.516894 -0.006385 -0.381928 -0.257477 0.063208 0.380229 -0.336308 -0.119653 -0.384240 -0.504359 -0.609418 0.752778 -0.705056 0.623677 -0.135764 -0.005190 0.747514 0.042000 0.033308 0.405237 0.034596 0.391224 0.380525 -0.738337 -0.620307 -0.336134 -0.064865 -0.009446 0.494877 0.296789 -0.536384 -0.716499 -0.339649 -0.149209 -0.876077 0.090355 0.053748 0.160748 0.111649 0.881205
0.833340 -0.416725 0.936469 -0.502295 -0.593547 0.851779 -0.126547 -0.756642 -0.037740 0.493927 0.861115 0.689769 -0.508542 0.491499 0.599370 0.847749 0.870204 0.532711 -0.580415 -0.436681 -0.731051 0.385037 -0.119895 -0.800543 -0.449018 0.392864 -0.251372 0.784797 0.503704 -0.739241 -0.648761 0.521516 -0.337559 0.670797 0.416832 0.450821 -0.458061 -0.257671 0.051372 -0.087081 0.627532 -0.186798 0.751777 0.152054 0.250489 -0.265229 -0.495223 0.611516 0.208907 0.804560
0.891552 -0.936214 0.352379 0.907828 0.349029 -0.155943 0.190159 0.642243 -0.799514 -0.052572 0.981867 0.494646 -0.623213 0.697586 0.916605 0.114969 -0.235826 0.134643 -0.751887 -0.449165 0.519959 0.572658 0.729225 0.322812 0.798147 0.964447 -0.420296 0.095423 0.474476 0.416462 -0.695585 -0.807552 -0.002578 -0.470859 0.628521 -0.260777 -0.455073 0.923502 0.516215 -0.926264 0.869598 -0.125633 0.038674 0.449410 0.665403 -0.503786 0.293829 0.803545 0.047910 0.976227
0.588877 -0.233016 -0.124613 -0.826825 -0.973198 0.681599 0.188864 0.792653 0.351539 -0.235125 -0.301391 0.066576 -0.643598 -0.275410 0.511254 -0.933799 0.233429 -0.685896 -0.206720 -0.198906 0.002660 -0.338476 0.098947 0.281774 0.901867 0.100567 -0.205538 -0.721843 0.660596 0.534104 0.222415 -0.411508 -0.107686 0.513660 -0.706874 0.440849 0.536983 0.601885 -0.897900 0.582489 0.064942 0.020427 -0.699196 -0.230003 0.502403 0.189547 -0.489974 0.670707 -0.630910 -0.820608
0.761297 0.856753 0.840937 -0.744806 -0.460468 0.162530 -0.146982 -0.114838 -0.055179 0.462551 0.160289 0.411976 0.292466 -0.088323 -0.577555 -0.841347 0.245441 -0.666279 -0.957043 -0.818513 -0.144095 0.155425 0.684818 -0.839739 -0.829167 -0.234566 -0.983809 0.689083 0.437281 -0.268456 0.748546 -0.383175 -0.955949 -0.905338 0.146052 -0.034625 0.843665 0.960173 -0.537686 0.056297 0.981167 0.509875 -0.340896 0.414797 -0.034551 0.349365 0.735207 -0.409701 -0.814126 -0.528384
-0.702673 0.580881 -0.937979 -0.608959 0.902930 -0.797433 -0.479498 0.040228 -0.460825 -0.347076 -0.836288 0.900850 0.636779 -0.392115 0.641496 0.113699 -0.411225 0.882134 -0.878592 0.485586 -0.260202 0.319272 0.769011 -0.656393 -0.356642 0.540990 -0.360841 -0.128564 0.218840 -0.912119 0.774863 -0.932166 -0.946317 -0.651179 0.560914 0.210224 0.873805 0.006336 0.600877 -0.020594 -0.962040 0.606406 -0.093298 -0.477010 0.889777 0.553493 0.715339 0.654531 -0.546468 0.116273
-0.549087 0.973129 -0.273108 0.780984 0.151831 -0.444195 -0.552305 -0.492573 -0.728810 0.344636 0.126814 -0.159756 -0.772067 0.097701 -0.415589 -0.002435 -0.874549 0.939392 0.274303 0.542798 0.786313 -0.116729 0.623475 -0.231876 -0.188030 -0.767954 -0.665729 0.423608 0.922114 0.903852 -0.160372 -0.661573 0.551310 0.712197 -0.382672 0.624200 0.106890 -0.370003 -0.860597 0.866037 -0.160112 -0.526863 0.766635 -0.708101 -0.765612 -0.978377 -0.418762 0.191785 -0.298937 -0.805894
0.969524 0.074794 -0.865504 -0.002156 -0.717611 -0.537974 -0.326118 -0.575052 0.819642 -0.886322 -0.813787 0.977277 -0.272313 0.037255 0.250867 -0.530838 0.806398 -0.551702 -0.869468 0.272318 -0.085864 0.436635 0.495506 0.550750 0.550572 -0.204717 0.449102 0.685876 -0.424055 -0.173612 0.596817 -0.302215 -0.942058 0.820153 -0.275853 -0.694554 0.141975 0.142891 0.065112 -0.430560 0.422599 0.417544 -0.172586 0.401048 0.308244 -0.157848 0.065830 -0.380631 -0.336944 -0.627760
0.237018 -0.392812 -0.218640 0.938267 -0.806433 -0.611131 0.377959 0.265007 -0.697066 -0.901394 -0.715750 0.108162 -0.233521 0.658851 0.361264 -0.849707 0.307654 0.919287 0.319121 -0.045909 -0.306207 -0.817476 0.651803 0.644215 0.415461 -0.824221 0.362524 -0.534658 -0.942929 -0.251838 -0.936876 0.156800 0.179947 -0.475645 0.905285 0.272922 0.945962 -0.869926 -0.969652 0.076583 -0.316322 -0.140081 0.502683 -0.312538 -0.642665 -0.957930 -0.610977 0.015234 -0.432067 -0.418084
-0.380712 0.432349 -0.205969 0.930549 0.299210 0.240202 0.215262 0.343588 0.366980 0.173276 0.814295 0.440275 -0.549029 0.618668 -0.179042 -0.349112 -0.308572 0.955787 -0.676709 0.779726 0.120068 -0.812403 0.797866 0.781330 0.262875 -0.086108 0.072667 -0.728005 0.521123 -0.756765 -0.483562 0.541360 0.646935 -0.531574 -0.300937 -0.433838 0.487227 -0.096761 0.351932 0.703578 -0.584722 -0.074257 0.027835 0.577209 0.588176 0.643060 -0.087957 -0.995585 -0.292560 -0.973622
0.365478 0.910755 0.977452 0.728527 0.417121 0.785650 -0.696505 0.782416 -0.922489 0.054563 0.044332 -0.491442 -0.188203 0.112154 0.880249 0.116226 -0.042256 0.316098 0.596853 -0.021112 0.543593 0.013845 0.137170 -0.343734 0.140115 0.614598 0.227067 0.461419 0.927067 0.042580 -0.377083 -0.460607 0.042467 0.563221 -0.998316 -0.543603 0.866340 0.293694 0.675563 0.511417 -0.213405 -0.207044 0.247991 0.765886 0.631527 -0.462141 0.654379 -0.964836 0.154832 -0.001239
-0.038099 0.872064 -0.293234 0.152499 0.146367 -0.616897 0.412877 -0.506035 0.693920 0.784710 0.590594 -0.180819 -0.846281 -0.533226 0.731373 -0.183560 0.520845 -0.726302 -0.840805 0.246774 0.960563 -0.684308 -0.983037 -0.449023 0.596030 0.854463 -0.250346 -0.756983 0.886618 -0.597989 0.215846 0.487361 0.971376 -0.272342 0.841115 0.804051 0.587991 0.419294 -0.476130 -0.496245 -0.080038 -0.234261 -0.478915 -0.478233 0.644984 -0.763318 -0.868207 -0.091083 0.881362 0.434841
0.203978 -0.959538 0.004074 -0.537778 0.183480 -0.537867 -0.260058 0.135535 -0.276067 0.887291 -0.675764 -0.553787 -0.145178 0.428372 -0.997852 0.295508 -0.009919 0.723968 -0.933174 0.150989 -0.852250 -0.354335 -0.860076 0.573991 -0.086237 -0.813251 0.932930 0.734219 0.337596 0.883626 -0.837708 0.626999 0.033789 0.174957 -0.095920 -0.936693 0.938081 -0.642089 -0.030166 -0.590148 -0.779493 -0.243994 -0.245825 -0.637317 0.524206 0.921702 -0.160354 -0.065967 -0.940100 -0.718411
0.588119 -0.860185 0.156554 0.009530 -0.648272 -0.626570 0.494122 -0.660811 0.042914 -0.095771 0.875259 -0.937972 -0.521000 -0.731731 0.844065 0.629251 0.832003 -0.803721 -0.815233 0.266201 -0.999173 0.664357 -0.749107 -0.697282 0.736361 0.847098 0.595115 0.106342 0.613974 -0.614532 0.588217 -0.277017 0.482800 -0.906338 0.128257 0.068547 0.647336 -0.245881 -0.224012 -0.411826 0.688054 -0.634664 -0.566643 -0.688331 0.104921 0.091603 -0.323990 -0.444063 -0.084650 0.636197
-0.888336 -0.856348 -0.865744 0.321163 -0.850727 -0.331064 -0.016138 -0.215491 0.894080 0.253238 -0.894566 0.867060 -0.146056 0.738268 -0.635101 -0.251407 0.179417 0.494549 0.741345 0.146323 -0.880561 -0.357515 -0.644346 0.553785 -0.506418 -0.418999 0.735565 0.287402 -0.427132 0.762977 0.884706 0.383012 0.592329 -0.536442 -0.383464 -0.678013 -0.459417 0.112578 -0.011362 -0.324252 -0.069310 -0.513043 -0.747255 -0.762182 0.975541 0.663824 0.558838 -0.106988 -0.385342 -0.004034
-0.141992 0.737457 -0.184855 -0.324303 -0.173632 0.062151 -0.892111 0.366961 0.007088 -0.146823 0.612499 0.865405 -0.510705 -0.313376 0.941232 0.738335 0.946244 0.185692 -0.796267 0.387260 -0.759718 0.819790 0.860001 -0.142705 0.884463 0.715552 0.119788 -0.371037 0.514892 -0.074960 0.084198 -0.730428 0.428686 0.421461 0.723342 -0.130818 -0.646381 -0.253966 0.918430 0.741818 0.174669 0.647140 0.245956 -0.823794 0.736888 0.157510 0.439807 -0.880836 0.663787 -0.574334
-0.546476 0.111637 -0.762176 0.658336 0.231421 0.950743 0.048388 -0.983147 -0.592648 -0.920966 -0.239493 0.709435 0.488893 0.546709 -0.670981 0.567564 -0.919021 0.342517 0.726510 0.993415 0.839638 0.149964 0.169692 0.589492 0.179879 -0.364893 0.221766 -0.411605 0.013736 -0.144364 -0.724330 0.724356 0.300239 -0.586482 -0.027597 0.306711 -0.832856 0.780314 0.306992 -0.068818 -0.750219 -0.754310 0.243472 0.407960 -0.854654 -0.948551 -0.354968 0.323874 -0.830085 -0.057025
-0.022604 -0.132040 0.784471 0.919122 -0.506941 -0.648811 0.282921 0.082649 -0.830171 0.895843 0.172803 0.275612 -0.542068 -0.316413 0.631860 0.318810 0.139745 0.282754 0.428570 0.497961 -0.456539 0.099902 0.850538 -0.439846 -0.398556 -0.604438 0.313874 0.265806 0.101484 -0.020754 -0.790683 0.783971 0.742566 -0.688372 0.070877 0.428591 -0.220899 -0.258281 -0.721073 -0.970975 0.692888 0.355568 -0.146979 -0.836806 -0.740423 0.803672 -0.104214 0.795534 -0.923338 -0.357782
0.933040 -0.788605 0.707401 0.538166 0.909481 -0.455854 0.959670 -0.650159 -0.255606 0.153489 -0.183688 -0.282329 -0.597303 0.690721 -0.999907 -0.525516 0.855948 -0.057601 0.043748 -0.732628 0.196117 -0.112262 0.040067 0.839189 0.762529 -0.894720 0.228941 0.090947 -0.504246 -0.847059 -0.998770 -0.908364 0.979043 0.556605 -0.554380 0.663745 -0.606158 0.414546 -0.582133 0.353741 -0.107561 -0.049566 0.743847 0.827927 0.270978 -0.308401 -0.159359 -0.736308 0.761578 0.370902
-0.058475 0.246880 -0.492231 0.320806 -0.050542 0.520969 -0.748685 -0.575591 -0.106216 0.302828 -0.752213 0.694554 0.695637 -0.463691 -0.471566 -0.420167 0.103177 0.927219 -0.010187 -0.029200 0.721488 -0.089763 -0.801666 -0.348813 0.805006 -0.882445 -0.354802 0.755425 0.173999 0.426106 0.400801 -0.978382 0.029008 0.519434 -0.497530 -0.703056 0.575765 -0.526796 0.790472 -0.207790 -0.701364 0.359881 0.331011 0.245485 0.212335 -0.751953 -0.720835 0.507466 -0.775706 -0.355662
0.895984 -0.972007 -0.692669 0.819900 0.578817 -0.524523 0.956327 0.486712 -0.894144 0.411625 -0.201291 -0.336437 0.871557 -0.042372 -0.961227 0.851781 0.254870 -0.653403 -0.707979 -0.944302 -0.650842 -0.055048 0.476011 -0.690564 0.434471 -0.428798 0.961719 0.699227 0.039213 -0.878734 -0.114729 0.737314 0.973172 -0.000057 0.778771 0.809327 0.017903 -0.674103 -0.031051 0.316659 0.726480 0.350077 0.286518 0.048183 -0.556928 -0.832857 0.310106 -0.742249 0.959121 -0.539161
0.042854 -0.836579 0.255186 0.961205 0.752133 -0.043088 0.122155 0.281093 -0.720159 0.845921 -0.278375 -0.299996 0.102060 -0.783264 -0.093068 0.229308 -0.836377 0.722813 -0.299973 0.846555 -0.595711 0.182497 -0.957044 -0.513625 0.368345 -0.468677 0.874123 -0.236413 0.891613 0.118895 -0.584988 -0.709098 -0.083874 0.646574 -0.871353 0.514000 -0.765131 -0.577069 0.604052 -0.197901 0.446859 -0.120564 0.939011 -0.832684 0.722109 0.258854 0.566677 -0.946785 0.693943 -0.818006
-0.526420 -0.599361 0.513876 0.467886 0.717558 0.287514 -0.010582 -0.912846 -0.652912 0.326665 0.951196 -0.525123 0.195492 -0.158229 -0.458205 -0.476884 0.578349 -0.328842 -0.324369 -0.867717 -0.046349 -0.574491 0.693564 -0.555367 0.519979 -0.090123 -0.165621 0.222689 0.188339 -0.235235 0.785028 0.143707 0.248851 -0.940422 0.529859 0.939356 0.773851 -0.328557 0.336719 -0.914885 0.453917 -0.352184 -0.414987 -0.719037 -0.623407 0.855942 -0.166800 -0.636074 -0.805935 0.985162
0.995018 -0.492916 -0.072980 0.204448 -0.487505 0.145931 -0.609749 -0.614066 0.720200 0.916622 0.167011 0.531854 0.847132 0.204399 -0.849638 -0.962031 -0.347340 0.953297 -0.793872 -0.275747 0.618058 0.913124 0.835898 -0.844998 -0.760375 0.285767 -0.027595 0.178623 -0.952541 0.119031 0.783735 -0.196570 0.325481 -0.653560 0.822060 0.905433 0.336399 -0.969723 0.872855 -0.443473 -0.186242 -0.960597 0.892723 -0.389362 0.697717 -0.219619 -0.227539 0.678187 -0.293566 0.086045
0.406064 -0.876832 -0.075050 0.735650 0.357365 -0.913620 0.735316 0.008492 0.173576 -0.298495 0.753132 -0.707413 -0.525505 -0.551312 -0.172719 0.758172 -0.506028 0.524955 -0.481979 -0.828617 0.196978 0.497712 0.515756 -0.657216 -0.709299 0.281457 0.732080 0.283473 -0.450729 -0.724998 0.655539 0.747591 0.698280 0.202067 0.267051 -0.846275 0.167208 -0.380680 0.996546 -0.236313 0.602471 0.569375 -0.012537 0.922396 -0.202656 -0.198786 -0.935008 -0.154230 0.537315 -0.922882
0.463099 -0.273711 0.630780 -0.023603 -0.522184 -0.383110 -0.499080 0.909564 -0.076210 -0.538907 -0.290872 0.931585 -0.570254 0.060783 0.038982 0.676058 -0.075053 0.215340 0.338854 0.966865 -0.032081 -0.691141 -0.347955 0.789652 -0.845898 -0.462015 -0.336761 0.277715 -0.317534 -0.051398 0.310745 0.716757 -0.294856 0.318307 -0.700666 0.780748 -0.028330 -0.056405 -0.310730 -0.529115 0.902795 0.173413 0.664598 -0.455298 -0.356569 -0.307468 -0.554297 0.170593 0.756331 -0.666620
0.551716 -0.071587 -0.729869 -0.297399 0.468139 -0.927301 -0.886878 0.038866 -0.507477 0.245928 0.546757 -0.335922 -0.997996 -0.464693 0.749439 0.204248 -0.453167 -0.766011 -0.344150 0.287175 0.684672 0.321056 0.495689 -0.591905 -0.524584 -0.218380 -0.437707 0.487187 0.097404 0.210311 0.913433 0.140586 0.853924 -0.100867 0.469333 0.030292 0.512987 -0.692065 -0.350823 -0.776244 -0.255618 -0.223088 -0.665755 0.162908 -0.366179 -0.840560 -0.752414 -0.869299 -0.896122 -0.338910
0.517918 0.741204 -0.854179 0.069985 -0.995831 0.561025 -0.157045 -0.378446 -0.787657 -0.167341 -0.815254 0.918238 0.537252 0.305273 -0.135201 -0.565824 0.651864 -0.741542 0.227206 -0.474926 -0.859943 -0.759555 0.881074 0.778797 -0.734326 -0.721060 -0.824923 -0.802459 0.860028 0.043408 -0.730970 0.232529 -0.600820 0.639468 0.598092 0.900704 -0.361550 -0.751859 -0.541699 0.104316 0.244473 -0.836930 0.767882 0.191926 -0.144792 0.669379 0.394518 0.205303 0.662524 0.916440
0.350970 0.104968 -0.780404 -0.827936 0.580570 0.313967 0.854871 -0.751836 0.747909 -0.430826 -0.751369 -0.722010 -0.446831 0.115553 -0.017890 -0.343541 -0.097972 0.590051 0.279450 -0.253729 -0.506767 0.172461 0.429456 -0.049182 -0.823068 0.829395 0.199595 0.804450 -0.637138 -0.352343 -0.436051 -0.562834 0.482680 0.688698 0.719807 -0.273538 0.922422 -0.135567 -0.687255 0.681673 -0.045923 0.274062 -0.099755 -0.466279 -0.268486 -0.252156 0.092521 -0.584682 0.555863 0.716542
0.074570 0.127458 0.444584 0.146469 -0.802014 -0.681539 0.506843 -0.879397 0.510731 0.836960 0.444629 -0.113336 -0.104547 -0.962653 0.110561 -0.576236 -0.579110 0.050177 0.632780 0.751765 -0.782705 -0.696231 -0.542496 -0.278277 0.045037 0.621421 -0.102778 -0.120055 0.510498 -0.094248 0.837857 0.271417 -0.884606 0.834225 -0.752672 0.686530 0.815469 0.153205 -0.374749 -0.701959 0.811313 -0.641942 0.270067 0.530420 -0.960805 0.941643 -0.642224 -0.349972 0.794507 0.213647
-0.179784 0.529820 0.262808 -0.435937 0.746548 0.044630 0.390692 0.047920 -0.665838 -0.981376 -0.290250 0.676064 -0.776400 0.066306 0.336726 -0.468243 0.533903 0.370183 0.750308 0.364053 -0.401533 -0.801675 -0.027903 0.965693 0.577401 -0.339535 -0.719734 0.913145 -0.620132 -0.802103 0.905719 0.326330 -0.136664 -0.396356 0.184240 -0.518786 -0.516882 0.318574 -0.467785 -0.219175 0.277295 -0.806362 0.833803 -0.035802 -0.487577 -0.786865 -0.784754 0.943402 0.999571 -0.099192
0.881579 -0.209981 0.922050 0.272339 -0.902756 -0.274229 0.036844 -0.103623 -0.540986 -0.461779 -0.228495 0.009687 -0.823441 -0.568514 0.669713 -0.741235 -0.390886 0.138950 -0.743330 0.556927 -0.916292 0.063675 -0.684259 -0.963148 -0.587131 0.939669 0.855399 -0.469806 -0.533503 -0.846035 0.814654 -0.303323 -0.084149 -0.680520 0.679275 0.845057 0.788568 0.135868 -0.815307 0.724483 -0.315335 -0.161882 -0.310719 -0.769193 0.732223 0.799906 0.480666 0.786696 -0.237377 -0.346319
0.053552 0.960450 0.813097 -0.226588 0.061246 0.635224 -0.175988 0.101555 0.419979 -0.940463 0.408278 0.873959 0.556274 0.038482 0.619874 0.784380 0.389838 0.302524 -0.276032 0.424587 0.735997 -0.997952 -0.803110 0.686035 0.130403 0.592878 -0.163891 0.400235 -0.429970 0.944813 -0.527311 -0.825712 -0.033993 0.820896 0.764406 -0.186377 -0.694745 -0.406410 0.869769 0.042579 -0.787510 -0.235453 0.026687 -0.284472 -0.650415 0.818486 -0.767993 0.194986 -0.944409 0.191227
-0.138855 0.842617 -0.768217 0.005287 -0.606758 -0.639292 0.165848 0.976179 -0.463615 -0.653063 -0.045036 0.094303 0.581324 -0.121230 0.658541 -0.904568 0.957762 0.375540 0.554270 0.002203 0.608987 -0.639669 0.431558 -0.382018 0.407239 0.362554 0.479943 -0.076893 0.521891 -0.934440 0.087523 0.207238 0.811805 -0.600150 -0.764267 -0.477664 -0.070465 -0.841670 0.479788 0.108487 0.474263 0.822489 0.267675 -0.394576 0.508033 0.154854 0.907231 -0.624109 0.612207 0.845233
0.073732 0.462334 0.463182 0.518801 0.915931 0.705937 -0.034515 -0.432875 0.089940 -0.699664 0.725165 -0.684333 -0.912611 -0.497848 0.560620 -0.690841 -0.200101 -0.963298 -0.202170 0.489700 0.726363 0.803961 0.128903 0.316404 0.483944 -0.826373 0.841040 0.136828 -0.318173 0.017424 -0.165129 0.138800 0.112203 -0.004731 -0.688746 -0.935267 -0.283995 -0.424851 0.832970 0.432778 0.354352 0.987262 -0.995431 0.883276 0.077887 0.660305 -0.146275 0.589687 0.046004 -0.601127
0.213465 -0.742509 -0.522371 -0.795383 0.132018 0.003836 -0.416095 -0.329883 0.118142 0.086495 -0.756796 -0.532702 0.251953 0.052323 -0.226034 0.917685 0.975335 0.745687 0.989756 0.800509 0.218352 0.630375 0.533494 0.322218 -0.609830 0.764316 -0.089503 0.208360 0.644167 -0.207094 -0.193302 -0.183728 0.182789 -0.153135 0.845127 -0.441199 -0.598448 0.108278 -0.255445 0.257433 0.931127 0.886428 -0.458347 0.520896 -0.914592 0.503946 -0.808699 0.740831 0.083650 0.113190
0.088302 -0.304539 -0.956409 -0.413991 -0.357345 -0.335146 0.791363 -0.469392 -0.369829 -0.950057 0.391147 0.647485 0.497171 0.581232 -0.960742 0.098139 -0.831966 -0.592622 0.411521 -0.711328 -0.897204 0.394996 -0.673109 0.339784 0.997401 0.615179 0.161515 -0.728084 -0.580019 -0.049292 -0.678675 -0.485691 0.961860 -0.773239 -0.371189 0.979638 -0.450001 0.938804 -0.373502 0.578751 -0.614175 0.468489 -0.316940 0.383243 0.985924 0.068636 0.863207 0.706078 -0.003442 -0.634809
0.684185 -0.865660 0.616987 -0.296870 0.302526 0.141810 -0.164023 0.623627 -0.364774 -0.836162 -0.127077 0.865927 0.260029 0.755672 0.777584 0.512301 -0.730148 -0.289936 -0.061855 -0.615892 0.490610 -0.816915 -0.531830 0.299322 -0.220409 -0.239553 -0.928238 0.631517 0.027541 0.387229 -0.833193 0.136043 -0.948854 0.916531 0.139263 -0.805566 0.025115 -0.056997 0.088542 -0.519834 -0.530127 -0.078467 0.720719 -0.972804 -0.197968 0.004464 -0.930359 -0.380224 -0.348505 0.676615
-0.258446 0.185056 0.446849 0.958902 -0.608340 -0.700906 -0.763013 0.417888 0.598288 -0.859416 0.834024 -0.643235 -0.534497 -0.179914 -0.318316 -0.255542 0.315822 -0.706629 0.313482 -0.153231 -0.582770 -0.672835 -0.026368 -0.124574 0.495652 0.436437 0.844542 0.766273 -0.418575 0.961157 0.807922 0.996726 -0.096552 0.564117 -0.116878 0.562219 0.700628 -0.980966 0.642464 -0.847675 0.889782 -0.051125 -0.038283 0.465400 -0.496027 0.742943 0.567154 0.578526 0.416809 -0.576461
-0.279874 -0.199036 0.802294 0.616871 -0.748755 -0.827466 -0.942248 0.594059 -0.643755 0.805010 0.740726 0.787774 -0.667705 -0.566804 0.499333 -0.856855 -0.956606 0.027700 -0.726492 0.355574 -0.811830 0.383938 0.055139 0.884742 -0.733937 0.456787 0.818016 -0.550932 -0.811298 -0.760037 -0.539265 -0.320861 -0.015878 0.065154 0.152913 0.017660 0.880387 -0.202999 0.866578 -0.127405 0.054886 -0.397453 0.304505 -0.159562 -0.042367 0.365472 -0.729389 -0.815455 0.547118 0.605041
-0.415496 0.456845 0.069360 0.761656 0.072591 0.982027 0.868515 -0.469261 -0.652258 0.961745 0.900061 0.014925 -0.676208 0.769669 -0.048008 -0.350490 -0.232491 0.964034 -0.401029 0.190373 -0.336813 0.143341 0.658828 0.112328 0.745115 0.379239 -0.708892 -0.965276 -0.784257 -0.050813 -0.658051 0.079678 0.520033 -0.929137 0.902149 0.244660 -0.816916 0.918004 0.854407 0.834828 0.046551 -0.349819 -0.204337 0.626497 0.642587 -0.298529 0.552897 0.113699 -0.764284 0.691215
-0.016350 -0.961580 -0.561871 -0.255930 -0.815555 0.722842 -0.699050 0.205128 0.786720 -0.047825 -0.867058 -0.876314 -0.987436 -0.743443 -0.866154 0.526808 0.989018 0.568339 -0.270811 0.844270 0.813648 0.771909 -0.046788 -0.229429 0.930227 0.483942 -0.760849 -0.298559 -0.557843 0.422109 0.912849 0.055545 -0.658764 -0.283664 -0.870446 0.515316 0.129438 -0.844463 0.230745 0.657166 -0.719727 0.997783 -0.322805 -0.485923 0.708581 -0.166927 -0.620792 -0.821697 0.444912 0.869932
-0.200988 -0.590442 -0.981257 -0.731134 0.218506 0.029340 -0.340516 0.653285 0.485301 0.203495 -0.365322 -0.255812 -0.579699 0.864134 -0.813723 -0.197415 0.635186 -0.156027 0.406610 -0.044005 0.488764 -0.129441 0.603889 -0.632128 0.204755 -0.680481 0.144068 -0.104800 -0.840710 0.953296 -0.187990 -0.477614 -0.123043 0.837476 -0.970910 -0.309596 0.131497 -0.533378 -0.912093 0.543229 0.716031 -0.505459 0.491914 0.068693 0.158467 -0.796128 -0.300953 0.872647 -0.528305 0.687794
0.943770 -0.174735 0.378816 -0.208443 -0.154484 -0.821821 0.098816 0.683067 0.089224 0.480778 0.067488 0.333683 0.952638 0.174298 0.473207 -0.504184 0.902465 -0.914321 -0.675098 -0.939206 -0.432278 0.452283 0.085133 0.401353 0.699141 -0.582027 -0.653342 -0.498533 0.031337 -0.279201 -0.654904 -0.476678 -0.239637 0.036695 -0.923650 -0.495616 -0.145398 0.080722 -0.816048 0.973140 -0.270203 0.727321 -0.314558 -0.979092 0.857353 0.586295 0.485628 -0.554434 0.200663 0.192474
-0.424435 -0.461193 -0.367111 -0.803605 0.680977 -0.058665 -0.390238 -0.500011 0.090090 -0.401176 -0.151687 -0.933202 0.954073 -0.591974 0.475839 0.647135 -0.392762 -0.856943 -0.513829 -0.497659 -0.304400 -0.934239 -0.355671 0.127214 -0.024492 0.135705 -0.675671 0.678720 0.412467 0.323740 -0.037883 0.499988 -0.456938 0.913506 0.263662 -0.195715 0.572139 -0.045547 0.592800 0.412094 0.656998 0.900474 -0.605711 0.244301 0.001713 0.127878 -0.780353 -0.755988 -0.462903 -0.737131
-0.134854 0.941196 0.597093 -0.878605 0.591239 -0.421535 -0.175393 -0.193064 0.203220 -0.685831 -0.969576 -0.995811 0.769892 0.266643 0.204216 0.990011 0.707854 -0.328946 -0.408609 -0.696410 0.269054 -0.341444 0.008344 -0.193679 0.259051 -0.499291 0.438214 0.910507 -0.985586 -0.525452 -0.593256 -0.597772 -0.398487 0.664959 -0.367583 0.377605 -0.897932 0.780732 -0.886196 -0.539075 -0.863048 0.469243 0.283558 -0.949943 -0.661882 -0.750678 0.401566 0.366755 0.568447 0.063427
-0.971092 0.899108 -0.481395 -0.722355 0.482796 0.841122 0.841291 -0.938716 -0.287038 -0.840349 -0.454929 -0.987051 -0.797831 0.368670 0.586349 -0.960475 -0.337371 0.028276 0.965517 0.662818 0.087394 -0.044005 0.417066 0.177980 0.568049 -0.570463 0.889135 0.741558 0.796084 0.269341 -0.063468 0.618695 -0.895200 0.845279 0.234969 -0.076833 -0.541564 -0.637334 0.996828 0.894128 0.645905 0.823208 -0.294958 0.953670 0.997711 -0.624746 -0.484376 -0.120770 0.554622 0.731344
0.540357 -0.485296 -0.935396 0.734080 0.857669 0.698229 0.317358 -0.776195 -0.898161 0.588548 -0.436910 0.048192 -0.756632 -0.099308 -0.131680 0.163628 -0.343248 0.150313 -0.266125 0.623303 0.658786 -0.718540 0.196635 -0.012897 0.937924 -0.680887 -0.613575 0.833040 -0.017108 -0.578416 -0.423547 -0.019009 0.872732 -0.690826 0.636708 0.521727 0.416637 0.276403 -0.946633 -0.077451 -0.931804 0.972039 0.990548 0.494121 0.860015 -0.503150 0.974988 -0.058067 0.571858 -0.162404
-0.001888 0.709510 -0.153884 0.780771 -0.877085 -0.268674 -0.254898 -0.072089 -0.421567 -0.218359 0.571341 -0.760630 0.511344 -0.952656 -0.082186 -0.793234 -0.173484 0.705099 -0.713784 -0.684266 -0.755167 -0.226224 0.344790 -0.027047 0.941477 -0.561121 -0.601849 0.240395 -0.330134 -0.995419 -0.700660 0.178948 0.329007 0.963672 0.442954 0.511829 -0.120433 -0.430914 0.619396 -0.365062 0.135029 -0.577964 0.210773 -0.994850 0.349618 0.475811 -0.315570 -0.345701 0.345007 -0.214129
0.997279 0.613424 0.224362 0.680120 -0.263061 0.353614 -0.044949 0.030966 -0.955328 0.303718 0.747533 0.256439 0.204316 0.694572 0.829848 0.349633 -0.298338 -0.103467 0.916257 0.105464 0.881573 0.755020 -0.248976 -0.748612 0.271833 -0.294899 0.123820 0.403867 -0.675207 0.241121 -0.086964 -0.897316 0.319548 0.490139 -0.656226 0.855070 -0.797437 -0.489486 0.336506 0.273358 0.836784 -0.875169 0.840163 0.265509 -0.989784 -0.980578 0.818893 -0.019767 -0.290832 0.978897
0.717919 0.829607 0.482252 -0.067041 0.737290 0.882426 0.164969 0.447711 0.774302 -0.246977 -0.960563 0.053542 -0.888924 -0.306499 0.005803 -0.005057 0.177167 0.590103 -0.986912 0.491849 -0.889765 -0.040530 -0.558440 0.860896 -0.481159 -0.329887 0.373086 -0.404301 0.395952 -0.321209 -0.384573 0.483864 -0.986811 0.317084 0.842531 -0.909387 -0.641387 0.739137 0.908528 0.940251 -0.107806 0.272780 0.963072 0.451989 -0.702925 0.493507 0.866174 0.630205 0.171812 0.628818
0.676333 -0.260746 -0.381904 0.545794 0.440035 -0.937336 0.293484 -0.978658 0.167148 0.126823 -0.012745 0.623549 0.545942 -0.150451 -0.203623 0.834387 0.435700 -0.415414 -0.671996 -0.443325 0.792461 -0.883594 -0.617669 0.933283 0.303425 0.049910 -0.935550 0.559443 0.613032 -0.968788 -0.362118 0.002220 -0.520080 0.776565 -0.147787 -0.244006 0.121558 -0.403213 0.020686 0.272208 -0.823029 -0.680002 -0.188342 -0.667884 0.247973 -0.062722 0.898773 -0.126138 -0.567414 -0.268643
0.509731 0.864400 0.735317 -0.215624 0.046517 -0.946987 0.049705 -0.247153 0.834513 0.175532 0.731170 -0.476163 -0.646430 0.548484 0.522658 -0.911454 0.631345 -0.014370 0.129964 0.824863 -0.887056 0.698879 0.041446 0.808286 0.947283 0.892739 0.373493 -0.485392 -0.911747 -0.767940 -0.529282 -0.008710 -0.920897 -0.617554 0.645864 0.134068 -0.527140 0.822894 -0.854851 -0.249574 0.213165 0.040005 -0.988095 0.542584 -0.229930 0.242012 0.182211 -0.787488 0.421540 0.918086
-0.696646 -0.098641 -0.023650 -0.752986 0.726607 -0.670894 -0.442733 -0.945093 0.716752 0.082952 0.254825 -0.914793 0.355888 -0.774043 0.419386 0.141985 0.079018 0.686011 -0.307985 0.872841 0.091705 -0.866270 -0.814689 -0.199929 -0.048846 0.760150 0.978917 -0.992377 0.361661 0.093920 -0.428857 0.355832 0.106194 0.119794 -0.225595 -0.984453 -0.322405 0.103623 0.648007 -0.395648 0.795736 -0.720673 -0.940186 0.562929 0.669671 -0.431362 0.353564 -0.732989 -0.459384 0.806721
0.483052 0.403009 0.460739 -0.237428 -0.273398 0.933338 0.734198 0.724752 0.112779 -0.394116 -0.074709 -0.991650 0.093590 -0.669299 -0.978042 -0.801801 -0.770163 -0.347479 -0.446750 0.632891 -0.575396 0.700289 -0.550277 -0.808395 0.858503 -0.303456 0.230425 0.328153 -0.407657 -0.374719 0.863881 0.678615 0.640590 0.347806 -0.012451 -0.352161 0.992410 0.370943 -0.979461 0.189023 -0.339661 0.695148 0.483696 0.213234 -0.462887 -0.104118 -0.372076 -0.630014 -0.712474 0.249256
-0.554389 0.301811 0.597164 0.287481 0.412282 -0.029896 0.244460 -0.552319 -0.833244 -0.058477 -0.929459 0.734092 -0.464836 -0.481485 0.140353 0.032812 0.695033 -0.337934 0.716672 0.847753 -0.351606 0.046510 0.525912 -0.390138 -0.533985 0.610083 0.539235 0.569227 -0.134177 0.635049 -0.856664 0.311704 0.034564 -0.299427 0.398483 -0.568790 -0.313848 0.026921 -0.767572 -0.907772 0.900613 0.641245 0.620236 -0.991152 0.486406 0.029361 0.350794 -0.225193 0.473496 0.623711
-0.934511 0.887565 0.611127 0.020199 -0.560542 -0.156989 -0.058557 -0.357298 -0.682059 -0.593393 0.493885 -0.266107 -0.496129 -0.264185 -0.767351 0.977339 -0.228758 0.020115 0.844275 0.562213 -0.202795 -0.762843 -0.649909 0.868856 0.587645 0.503446 -0.212631 -0.022965 0.684015 -0.922080 -0.553557 -0.447312 0.008116 -0.183642 0.251648 -0.917850 -0.106013 0.259749 0.052182 0.657855 0.669869 -0.134333 0.100456 0.036511 -0.611530 -0.324798 -0.695104 0.618267 0.456700 0.791631

Bias v0 (Oculta):
-0.141592
0.031324
0.555520
0.828619
-0.647529
0.507537
0.030104
0.006237
-0.724297
0.526001
0.805974
0.270960
0.247114
-0.450520
0.651908
0.228432
-0.696198
-0.735793
0.913806
-0.987274
-0.502473
-0.203452
0.159825
-0.228460
-0.459196
-0.353522
0.322759
-0.312426
-0.543695
0.500658
-0.191802
0.548505
0.276603
-0.543595
0.658603
0.200514
0.105862
0.212049
-0.157306
-0.637329
0.864344
0.308786
0.083171
0.011498
-0.890785
-0.381005
-0.760396
0.154055
-0.652104
0.245725

Pesos w (Oculta -> Saída):
0.602869 0.772797
-0.352719 -0.177978
-0.377943 0.218863
0.068828 0.779658
-0.340765 -0.596592
-0.282782 -0.092158
-0.401623 -0.240387
0.916337 0.443324
0.850192 0.035621
-0.993023 -0.460341
0.747922 -0.055608
-0.618546 -0.461183
0.130553 0.908857
0.756557 -0.856657
0.169165 0.793930
0.351670 -0.230925
-0.934137 -0.355347
-0.845753 0.895238
0.529764 -0.795039
-0.670659 -0.924306
0.750439 0.960210
0.694128 -0.291649
-0.612693 -0.398601
-0.458675 0.837120
-0.460849 -0.397457
0.101689 0.737136
0.599596 -0.253681
0.629477 0.066346
0.337145 0.052152
0.258205 -0.507225
-0.776752 -0.880110
0.526328 -0.759491
-0.542509 -0.011751
-0.431534 -0.642463
0.562631 0.115633
-0.512846 -0.846194
-0.941018 0.281126
0.700690 -0.990203
0.505618 -0.447875
0.145977 -0.291147
0.237795 0.343580
0.078160 -0.846075
-0.340923 0.272416
0.954828 0.078688
0.883297 0.595694
0.000879 0.876800
0.743254 -0.485925
-0.160190 -0.601181
0.878386 0.653650
0.047093 0.582543

Bias w0 (Saída):
-0.482966
0.044275
