Pesos v (Entrada -> Oculta):
-0.369748 0.791207 -0.707750 -0.067792 0.307413 -0.142863 0.480524 0.158478 0.141805 -0.044665 0.275668 0.300926 -0.151766 -0.694141 -0.443892 -0.790187 1.067672 0.123057 -0.699135 -0.599034 -0.631581 0.512401 0.348782 -0.951584 0.354698 -0.425404 -0.266638 -0.120284 0.508952 0.228551
-0.824347 -0.180514 -0.286986 -0.182065 -0.379730 -0.822751 -0.983931 0.072641 0.091052 0.962228 -1.053162 0.024247 -0.346616 -0.519854 0.051354 -0.689650 0.064128 0.197316 -0.075445 -0.108970 -0.317193 -0.252245 -0.168320 0.206714 0.360532 -0.988369 0.772066 -0.280767 0.634133 0.381699
-0.263360 0.914991 0.395218 0.613785 -0.079170 0.484426 -0.468087 0.284551 0.368332 0.859556 -0.068014 0.942153 0.559370 0.504608 0.061597 -0.725214 -0.626330 0.316219 -0.722575 1.203072 0.366632 -1.174853 0.070274 -0.370500 -0.237441 -0.999852 0.729735 -0.072711 -0.903938 -0.193675
0.124141 0.006668 0.948364 0.318702 0.230838 0.779433 -0.476026 0.443606 0.240341 0.116190 0.574599 -0.167353 0.045724 0.750117 0.798490 0.895065 0.426963 -0.595598 0.683279 -0.071827 -0.485340 -0.219545 0.070851 -0.063554 0.188234 -0.305061 1.037310 -0.533143 -0.081482 0.230997
0.131978 1.083205 0.656623 -0.081694 -0.003226 0.155237 0.315857 -0.729587 -0.394568 -0.068233 0.383724 0.334698 0.408221 0.129615 0.052626 -0.891483 0.216769 -0.629817 -0.211588 -0.558056 1.030033 0.464341 -0.470682 -0.483288 0.136842 -0.140254 0.305438 0.474770 -0.087356 -0.981504
0.746035 0.783551 -0.376079 0.032217 -0.038430 1.054408 -0.063414 0.137283 -0.122433 -0.280894 0.594671 0.313635 0.325840 -0.623306 -0.114156 0.553802 0.437706 -0.549731 1.001504 -1.425071 0.374690 0.226305 0.105450 1.038295 0.253095 -0.615022 0.242780 0.204089 1.016409 -0.001082
0.017550 -0.558302 0.077078 -0.795062 -0.639908 -0.385610 0.358373 -0.245949 -0.274002 -0.030182 0.957920 -0.432387 0.054963 0.262896 -0.450257 0.674584 -0.371508 -0.184251 0.693298 -1.167776 -0.701808 0.653867 -0.252626 -0.532942 -0.760610 -0.238749 0.721974 0.269370 1.214408 0.492244
0.936617 -0.564160 0.713934 -0.497208 0.556047 0.709863 -1.145662 0.073093 0.365243 0.373214 -0.937788 0.175029 0.107663 -0.436782 0.219820 -0.407360 0.515117 -1.546004 0.760337 -0.573813 -0.729185 1.083528 0.079352 0.251341 -0.844532 -0.610997 -0.341821 0.506558 0.976811 -0.072557
-0.364501 0.235992 0.253441 0.256073 0.596248 -0.790004 -0.400617 -1.304671 0.837384 0.426145 0.488692 -0.332175 -0.651460 0.095702 -0.707107 -0.381439 -0.786468 0.123049 0.207993 1.098874 -0.253117 0.833504 -0.071972 -0.685325 0.815655 -0.246207 0.985345 0.258246 0.574002 0.218313
0.501544 -0.370134 -0.653707 0.116406 -0.121960 -0.600636 0.698464 -0.031729 0.671122 1.492829 -0.847853 0.269835 -0.445220 0.228436 0.380191 -0.591776 0.123379 -0.782951 0.586806 -0.303675 -1.307715 -0.097180 0.022042 0.221827 0.628011 -0.143136 -0.953106 0.679213 0.056719 0.367567
-0.299360 0.848978 0.079843 0.362194 0.096211 -0.988678 0.145641 -0.568583 0.324202 -0.361673 -0.578915 -0.557481 0.818940 0.036646 -0.613213 0.724846 0.365504 0.978764 0.448972 0.626873 0.332480 -1.050831 -0.511917 -1.152688 0.249228 -0.644418 0.453808 -0.421705 0.007927 0.221585
-0.574325 0.923364 -0.583908 0.656642 0.532038 0.893117 -0.181543 0.396962 0.445329 -0.154611 -0.543308 1.237881 -0.022427 0.819668 0.009277 0.279415 0.917487 0.713113 0.094858 0.954375 -0.026185 -0.251067 0.954114 -0.653580 -0.664115 -0.133439 -0.444191 0.736496 -0.849124 0.448591
-1.222442 0.703736 -0.325135 -0.516293 0.875582 0.703680 -0.161788 -0.723946 -0.285123 0.635825 -0.459890 0.820710 -0.591729 -0.049184 0.170349 1.039035 0.975155 0.629384 -0.308481 0.335487 0.337431 -0.406351 -0.355637 -0.871027 0.558919 0.882649 -0.797021 0.700496 0.593869 -0.320357
-0.886209 -0.278608 -0.436566 -0.228344 -1.087662 0.793463 -0.021064 0.549482 0.056495 1.032667 -1.164448 -0.628025 0.160535 0.083511 0.301907 0.164094 0.061559 -0.838634 -0.468573 -0.530075 -0.639010 0.927416 0.398529 -0.866649 -0.534307 -0.007464 0.012938 -0.195734 0.091745 -0.460813
-0.346037 -0.797158 0.783268 0.312950 0.605704 -0.923537 -1.187850 0.723442 0.570188 0.129293 0.707681 -0.191583 -0.646433 -0.134168 0.503753 -0.627959 -0.993444 0.104985 0.227305 0.069318 -1.208738 0.054003 -0.312648 -0.424159 -0.447062 -1.032234 -0.478678 -0.280441 -1.087530 0.128567
-0.012940 0.787039 -0.080252 0.483821 -0.243245 -0.225309 -0.847000 -0.219967 -0.636164 0.760717 0.711070 -0.657582 -0.133299 0.436749 0.224102 -0.371030 -0.041264 -0.774463 -0.600099 0.721543 -0.202112 -0.799613 0.486627 -0.285915 0.151602 -0.740657 -0.437435 1.220029 -0.629085 0.321409
0.212612 0.368462 0.267183 0.013824 0.667308 -1.008020 0.112953 0.138445 -0.351690 0.290176 -0.441584 -0.137687 0.416496 -0.380038 0.602245 0.180777 -0.105534 -0.393534 0.650048 -0.249490 -0.182807 0.644768 0.080663 0.828006 -1.117780 0.193731 0.075568 0.685648 1.077363 0.162163
0.239090 0.463968 -0.308170 -0.660174 -0.227853 0.845116 0.104475 0.722776 0.157729 -0.884331 0.597502 -0.990816 0.945889 -0.008265 1.009215 0.771094 0.026202 -0.347016 0.878338 0.562215 0.266494 0.339875 0.884243 -0.238242 -0.349041 -1.440619 0.054420 -1.440303 -0.276259 -0.370470
1.074682 -0.874044 -0.412447 0.213918 -0.365903 0.151378 -0.289390 0.978215 0.532023 -0.395494 -0.431011 -0.750147 -0.531190 -0.873360 -0.794798 0.057827 0.440948 0.061142 -0.094105 -0.178976 -0.273094 -0.224850 -0.295686 0.807137 0.893600 -1.101692 0.952707 -0.629698 0.299287 0.565732
0.580560 0.123204 0.155008 -0.300121 0.227737 -0.424660 -0.691339 -0.158327 -0.269857 -0.029037 -0.402124 0.003799 0.809738 -0.372561 -0.551957 -0.469477 -0.568545 -0.011291 1.222707 -0.108164 -0.125460 0.654248 0.059756 0.927337 0.349019 0.370545 0.039880 -0.514006 0.918021 0.145799
-0.523829 -0.163001 -0.146394 -0.585524 -0.120640 -0.383286 0.121643 -0.266591 1.413468 0.930410 0.541637 -0.570545 0.458646 -1.071238 0.457170 0.329463 -0.595353 0.045877 -0.665454 0.122923 -0.494271 0.286511 -0.427741 0.514814 0.600642 -0.516014 -1.685516 -0.437970 0.603300 -0.584234
-0.669558 0.928133 0.490294 -0.265645 -0.794802 -1.220636 0.580100 -0.632041 0.248032 1.321224 -0.248196 -0.736116 -0.549449 0.787860 0.785119 -0.438175 0.703851 0.450867 -0.447917 0.785058 0.361914 0.561910 -0.442013 -0.205008 0.099628 0.007364 -0.452811 0.523688 0.520224 0.694740
-0.818504 0.848020 0.231808 -0.225201 -0.471927 0.036212 -0.405305 -0.924146 0.264844 1.041769 -0.084782 -0.853829 -0.751265 0.223765 0.825747 -0.743572 1.049772 -0.593132 -0.014140 0.477569 0.404800 0.872634 1.060217 -1.481982 -0.340736 -0.323576 0.196014 0.577388 -0.324927 0.510473
0.305025 0.467516 0.676784 -1.058427 -0.296352 -0.692334 0.333650 0.981581 0.965614 -0.271512 -0.441773 0.179679 -0.365165 0.590220 0.086103 0.931867 -0.035009 -0.620237 0.350691 0.852513 0.158229 -0.725828 1.033138 -0.714137 -0.583525 0.084215 -0.958767 -0.106606 0.165530 0.669375
-0.058073 0.670587 0.793554 0.396795 0.930816 -0.315773 -0.148019 -0.278147 -0.827737 0.192103 -0.668720 0.574004 0.179041 -0.567418 0.625384 0.285134 -0.045143 -0.594682 0.271313 -0.602090 -0.851046 0.643284 0.355293 -0.793388 0.790110 -0.860767 -0.624089 -0.391336 0.229089 -0.418062
-0.900599 0.467441 0.696502 0.233107 0.333092 -0.502774 -0.092439 -0.816346 0.749379 1.146091 -0.191525 0.677028 -0.022502 -1.222279 0.131827 -0.431973 -0.661676 0.936650 0.375970 0.238778 0.126418 0.844363 0.458514 -0.461698 0.476112 -0.892289 0.508404 -0.085490 -1.096434 -0.962785
0.646643 -0.110945 -0.371678 -0.023762 -0.553604 -0.551445 0.255408 0.395850 -0.960313 0.065244 -0.862432 1.079387 -0.128901 -0.607073 0.804270 0.031681 -0.077542 0.851074 -0.791665 0.567588 -0.003303 -0.035935 -0.424302 0.443646 -0.902746 -1.112415 -0.603591 -0.440197 1.014869 -0.087176
1.066761 0.807220 -0.755760 0.968348 0.805185 -1.322033 0.234128 -0.013291 -0.229334 -0.108292 1.019084 0.507409 -0.201102 -0.566783 -0.148393 -0.218744 -0.549990 -0.333797 -0.955668 -0.216659 -0.199546 0.599454 1.476753 0.826500 -0.038257 -0.201452 -0.801217 -0.553309 -0.222004 -0.144133
0.392424 -0.308902 -0.737006 0.385477 -0.301453 -0.235763 -0.271344 -0.726871 0.179704 0.130274 0.450348 -0.357389 -0.189811 -0.350905 -0.027633 0.091035 1.126756 -0.342298 -0.165689 -0.498539 0.219395 -0.491806 0.131837 1.133489 0.906050 -0.103074 0.550419 0.366558 -0.733687 -0.194294
0.526717 0.084587 -0.142450 -0.065358 1.249850 0.369269 -0.079383 -0.020605 -0.209828 -0.093620 0.654640 -0.062532 0.529458 -0.698147 0.769640 -0.114501 0.376156 -0.957038 0.063852 -0.812826 1.104494 -0.798809 1.005860 -0.533433 0.340959 -1.052151 -0.091831 -0.180387 1.029515 1.029816
-0.888098 -0.530127 0.440935 -0.538336 -0.026880 -0.325382 -0.103284 0.707151 1.087691 -0.568671 -0.515704 -0.787907 0.483363 -0.578138 0.407755 -0.125536 -0.408854 -0.667233 1.073519 -0.116999 -0.049199 1.193499 0.157540 0.862822 -0.367128 -0.058374 -0.199042 -0.664241 1.024952 0.701008
-0.404837 -0.075303 -0.864039 -0.354106 -0.224471 -0.375915 -1.899688 0.091459 0.075792 0.670159 0.672536 0.743508 -0.477266 0.531466 -0.358283 -0.481949 0.630823 -0.667549 -0.209038 -0.203635 0.189262 0.261272 -0.282215 0.086745 0.439831 0.538509 0.376130 -0.340978 -0.086714 0.043416
1.112701 -0.774165 0.422849 0.277430 1.080973 0.150716 -0.843310 0.142534 0.668763 0.855271 0.856643 -0.163006 -0.438811 -0.967805 0.692564 -0.086329 0.794336 -0.503873 -0.583040 -0.041687 0.678348 -0.158767 0.389351 0.004948 0.330881 0.015473 -0.731264 -0.664953 0.352970 0.212142
-0.671017 -1.015460 -0.012771 -0.530437 0.692364 -0.301778 -0.743206 0.394134 0.620586 0.565306 0.550400 0.181608 -0.504393 -0.718635 -0.444250 -0.496404 0.361103 0.334693 -0.945972 0.184322 0.255210 1.028764 -0.158195 0.187018 -0.520012 -0.806079 0.577450 -0.063205 0.400802 -0.992697
-0.710235 0.065485 -0.129093 -1.189558 -0.903341 0.939037 -0.288338 -0.182188 0.063408 -0.476443 -0.966697 0.378307 -0.778584 0.366956 0.580406 -0.530801 -0.358137 0.907204 -0.790826 -0.329371 -1.067818 0.180121 0.169098 -0.971171 -0.595738 -0.561769 -0.419875 0.084818 0.132429 0.338310
-0.942929 -0.414433 0.941539 -0.892628 -0.158992 0.876695 0.766980 0.785009 0.923720 0.209749 -0.168384 -0.020371 0.511208 0.814435 -0.976245 -0.502687 -0.371106 0.799731 0.746831 -0.160184 1.053335 0.041035 0.296180 0.665777 -0.447623 0.364358 -0.804928 0.344211 0.935724 -0.600350
0.423545 0.414360 0.580901 0.815917 0.670908 -0.204342 1.049638 -0.749831 0.030948 1.180792 -1.149486 0.849202 -0.067999 0.638698 0.980137 1.025127 0.493033 0.274889 -0.902652 0.870377 0.010961 1.163097 0.316686 0.723948 -0.293431 0.046794 -0.900779 -0.269192 0.621315 -0.473403
-0.471507 -1.061648 -0.765525 0.332510 0.422717 0.001580 -0.417196 0.678763 -0.227646 -0.170506 -0.435419 0.691412 0.097649 0.469588 1.090143 0.506715 0.224844 -0.631495 -0.427589 -0.420850 0.457836 -0.587741 -0.205275 -1.257284 -0.675497 -0.314941 -0.654826 0.089303 1.022451 0.361545
-0.131379 -0.687352 0.103415 0.067411 -0.461157 -0.069985 0.474067 0.176297 0.180553 0.071642 -0.426476 -0.178255 0.187489 -0.364946 -1.014518 -0.119413 -0.803520 -0.100471 0.617312 0.776504 0.857251 1.017746 -0.432863 -0.136043 -0.570642 0.062821 -0.547184 -0.257042 0.268573 0.573294
-0.638993 0.035156 -0.035025 0.248391 0.736440 -0.288184 -0.849590 -0.020760 -0.073804 0.518227 0.350104 0.150995 0.200338 -0.150745 -0.672239 -0.460201 -0.583935 1.510069 -0.596885 -0.254431 -0.134707 -0.215360 0.074761 0.188835 0.025545 0.633878 0.008411 -0.046902 0.059243 -0.173053
-0.651135 0.634456 0.657081 0.637107 0.244278 -0.289346 0.343612 0.053551 -1.456767 0.281203 0.234070 -0.297661 0.937736 -0.637723 0.963799 -0.250649 0.334046 -0.053331 -0.655847 -0.474438 -0.061938 0.222814 0.644059 1.252415 1.289157 -0.432180 -0.038928 -0.617795 -0.301762 0.887502
-1.256976 -0.421097 0.960979 0.929081 -0.764452 -0.212045 0.344100 -0.364925 -0.077451 0.271361 -0.870886 0.658540 -0.715747 0.312343 0.210278 0.463682 -0.442255 -0.719685 -0.378309 -1.690810 0.862885 -1.058182 0.657040 -0.247789 -0.079004 0.848403 -0.218636 -1.300172 0.720698 0.241446
-0.316497 0.152685 0.234436 -0.156165 -0.014678 0.165208 -0.646028 -0.557765 1.817005 0.090644 -0.010025 0.010477 -0.086703 0.420704 1.087463 -0.582186 -0.152023 -1.730563 -0.679759 -0.800450 -0.035233 -0.124292 0.403971 1.140843 -0.693815 0.901493 0.403073 -1.544456 0.270224 -0.206786
1.168782 0.133895 -0.354388 -0.025301 0.431896 1.481365 -2.027357 -0.297206 0.815295 -0.071638 0.527097 0.230577 0.738145 0.126259 -0.849699 -0.684523 0.289717 -0.354090 0.630930 -0.067668 0.752865 -1.356350 -0.831727 0.928352 -0.210883 -0.419918 0.768095 0.200634 -0.062341 0.734266
-0.157055 0.553158 -0.054752 -0.723317 0.250797 0.513189 -1.097295 -0.101800 0.464868 -0.728880 0.307559 0.647202 0.382929 0.115872 0.658154 -1.392050 0.038615 -0.347134 -1.056521 0.408061 -0.093555 -1.630981 -0.558835 -0.094588 -0.906531 -0.426565 0.182069 0.948041 1.254959 0.713601
0.637269 -0.983387 0.630289 0.574624 0.386384 0.641211 -0.578470 -0.884625 -0.990631 -0.787146 -0.953261 -0.256482 0.027230 -0.153897 1.426170 -1.092579 0.146415 -0.696895 -0.350893 -0.599641 -0.597110 0.131631 1.201142 -0.679670 -0.399745 -0.419751 0.043748 0.144789 0.030075 -0.354864
-1.171963 0.755450 -0.830920 0.593360 0.383311 0.594107 0.628964 0.202965 0.549339 -0.623262 0.344933 0.209616 0.929467 -0.703773 -0.172118 0.215292 -0.768657 0.798599 -0.248630 -1.105608 -0.649173 -0.485573 -0.569347 0.109414 -0.772819 -0.510821 0.059403 -0.094952 -0.338339 0.339276
0.525720 0.111386 1.269691 -0.766791 0.408516 0.985831 1.062638 1.055958 0.501125 -0.140229 0.625543 -0.499062 -0.220039 -0.430524 -1.037642 -0.753756 -0.034894 0.481623 0.556214 -0.153664 -0.355810 -0.116963 -0.543179 -0.790447 0.520327 0.840489 -0.153610 0.084033 -0.846185 -0.428940
0.793428 0.900531 -0.223573 0.234283 -0.493794 0.029305 0.696844 -0.426962 -0.490230 -0.256416 0.339602 -0.032964 0.281759 -0.839289 -0.864538 0.491451 0.834392 0.658689 0.332545 0.684845 0.650888 -0.607345 0.088684 -0.007944 0.494096 0.222518 -0.028482 -0.304160 -0.760983 0.456424
0.640957 0.358451 0.494209 -0.638808 -0.503365 0.678810 0.953394 -0.449580 0.317016 0.705192 -0.723509 -0.364179 -0.018833 0.333560 0.888155 0.861840 0.001343 0.797358 -0.361313 0.158955 0.787500 0.151640 0.361118 0.720026 -0.877898 0.389216 -0.492164 -0.423143 -0.026409 -0.342963
-0.766949 0.221937 1.016111 0.119120 0.426531 -0.318129 0.093407 -0.455888 0.253763 0.083485 0.794258 -0.565973 0.356151 -0.565540 -0.200630 -0.295212 0.461264 1.396814 -0.389125 0.768672 1.222267 0.315319 0.965558 -0.010089 0.306358 0.053084 0.097804 0.461806 -0.439750 -0.237598
-1.329903 -1.085029 -0.460352 0.656558 -0.210422 -1.098259 0.794999 -0.376735 0.596111 -0.075689 -0.344143 -0.435328 0.715426 -0.936179 -1.566585 -0.585411 -0.668843 0.201119 1.066382 0.316514 1.618381 0.232906 -0.388835 -0.751459 0.557098 -0.712296 -0.402152 -0.123480 0.400820 0.547695
0.050563 -0.612596 -0.717362 -0.207496 -0.342092 -0.193635 1.277640 0.082479 -0.199907 1.100804 -0.237319 1.091995 0.471284 0.747715 -0.064500 -0.703033 -0.318300 0.483097 0.170835 -1.093985 -0.786699 -0.821472 0.398786 0.402426 -0.049775 0.327021 0.082042 0.874901 -0.955196 -1.096243
-1.097832 -0.533526 0.708570 0.378883 0.208586 -1.248480 -0.416865 0.186219 -1.106373 -0.446026 -0.435809 1.288626 0.961041 1.208585 -0.649951 -1.464652 -0.868246 -0.821910 0.309367 -0.788177 -1.046073 0.664931 1.820642 -0.422497 0.972874 1.464654 0.971925 -0.476728 0.808739 0.667423
0.834769 0.593166 0.455647 -0.627645 -0.433234 0.816187 0.823705 1.454728 -0.079333 -0.065855 -0.496481 0.428758 0.393777 0.049656 -0.845157 -0.134674 -0.338928 -0.259420 0.629610 -0.578979 -1.372920 0.260488 -0.224113 -0.143503 1.337972 -0.181817 -0.118383 -0.607049 -0.356606 -0.699162
0.180976 0.137489 0.497092 -0.679179 0.114907 0.743556 -0.647903 0.740170 0.903319 -0.078699 1.195261 0.568072 -0.863954 0.491825 -0.219866 -0.231909 -0.930564 0.326696 0.332103 -0.125483 -0.954557 -0.579526 -1.407366 -0.072352 0.597061 -0.862163 -0.066401 -0.574475 -0.607170 0.216741
0.057202 -0.055094 -0.076058 0.277771 -0.718373 0.173320 -1.148175 -0.331804 -0.039934 -0.455400 -0.252668 -0.435782 0.001738 -0.510066 -0.065634 -1.267631 -1.063213 -0.910224 -1.220004 0.963815 0.332078 -0.295648 0.270917 0.788987 0.759679 -0.930551 0.004700 0.653333 -0.645626 0.404955
0.530677 -0.094995 0.134577 -0.416752 -0.952543 0.798358 -1.491560 0.402656 -0.955299 -0.004592 0.243559 -0.194889 -0.858944 -0.055265 0.331823 0.599350 -1.639782 -0.284360 0.309541 -0.023514 0.786337 0.442532 0.042399 0.493276 -0.587459 -0.163163 -0.177838 -0.635793 -0.410852 0.333693
-1.122921 -0.192350 -0.434444 -0.772646 1.203991 0.546352 -0.825551 0.358627 0.403127 -0.562517 -0.449055 -0.508345 -0.770574 0.328913 0.186563 -0.396723 0.188382 -0.274790 0.481929 -0.674181 -0.637483 -0.511972 1.094103 -0.428649 0.379608 0.659896 1.218126 -0.541825 0.495174 -0.486244
0.106949 1.001005 1.147170 1.035554 -0.053763 0.175047 0.656952 -0.679157 0.287530 0.060144 0.189146 0.840248 -0.755089 -0.633564 -0.978645 -0.444436 0.933741 0.130861 0.723844 0.923103 0.080800 -0.129158 -0.896503 -0.865239 1.004166 0.751546 0.634813 -0.018423 1.057202 -0.810728
-1.039029 -0.498039 -0.408986 0.546706 0.904916 -0.271215 -0.333939 0.254455 -0.539719 -0.284915 0.008266 -0.825546 -0.859404 0.294920 0.116982 0.334934 0.065914 0.169101 0.317987 0.458891 -0.309804 1.168684 0.345397 0.404644 1.068557 -0.437132 -0.959020 -0.356834 0.592311 0.166579
-1.260519 -0.536056 -0.594046 0.240417 -0.339464 -0.774639 -0.349225 -0.761417 0.544598 0.131831 -0.141508 0.678686 1.373807 -1.159314 0.245437 0.652313 0.442638 0.852865 -0.819209 -0.643906 0.055728 -0.159228 0.176225 0.641760 0.267690 1.377432 0.430771 -0.714504 0.209452 0.787106
-0.650729 -0.491341 -0.010741 -0.099536 -0.147839 0.728896 0.797125 -0.559075 -0.260375 0.476194 -1.012314 0.691864 0.349154 -1.656652 0.104762 1.326607 -0.062054 0.130663 -0.195828 0.034330 0.644958 0.105019 -0.482040 -0.044069 0.889684 -0.775233 -0.284106 0.583230 0.760116 0.196181
-0.856196 0.745044 -0.136114 -0.170834 1.064813 -0.580474 1.228522 1.086376 0.520148 0.234470 0.660537 -1.085077 -0.475126 -0.724631 0.506582 0.411724 -1.176501 0.341371 1.066949 0.274100 0.117827 -0.703700 -0.659716 0.886875 -0.466216 -1.099268 0.433943 1.238560 -0.615314 -1.090596
-0.225888 0.416747 -0.090485 0.265911 0.204739 -0.096508 -0.599771 0.738965 -0.960996 0.927919 -0.748752 -0.330443 -0.353321 0.430545 -0.653441 -0.857834 -0.466988 0.188405 0.785330 0.045651 -0.161383 0.193985 -0.091574 0.151028 -0.766634 0.137622 -0.376543 0.422118 0.926648 -0.625355
-0.122409 0.614911 -0.847222 0.503889 0.791101 -0.311779 -0.271009 -0.286752 0.547487 0.028875 0.263087 0.977030 1.575809 -0.266037 -0.310675 -1.002918 1.245108 -0.500084 0.746412 -0.691318 -1.151938 -0.884964 1.338698 -0.669597 -0.597800 0.698258 0.255806 1.039239 0.783552 0.399453
-0.565185 -0.145973 -0.028963 0.123025 -1.078630 0.431702 0.269303 0.289989 -0.692365 -0.136519 -0.425969 -0.179953 -0.472012 0.261043 -1.060014 -0.853150 0.172258 0.563291 0.693431 1.226049 -1.798285 0.357974 -0.011205 -0.295338 -0.105062 -0.843500 -1.100732 -0.025245 -0.132172 0.166931
-0.007118 -0.776587 -0.136701 -0.388148 -0.583860 -0.078183 0.217395 1.029523 -0.765774 -1.244517 -0.610976 -0.782713 0.024766 -0.572425 -1.387293 -0.596502 0.122740 0.420612 0.514205 0.391563 -1.084267 0.905914 -1.121478 -0.880253 -0.165609 0.196171 -0.490767 1.128086 -0.677114 -0.733239
0.609493 0.296242 0.384207 -0.429809 0.953710 0.309039 -0.261436 -0.097210 -0.758388 -1.007890 0.356754 0.418691 0.490138 0.656220 0.554563 0.318688 0.554096 -0.638883 0.242869 0.167419 -0.652313 0.563221 0.122079 -1.016307 0.084683 -0.189863 -1.149985 0.031732 -0.643726 0.983594
-0.199750 0.507124 -0.760942 0.222687 -0.781997 0.617196 -0.254143 0.330753 -0.426297 -1.328888 -0.510087 0.425398 -0.380801 -0.723590 -0.059584 -0.001269 0.566369 -0.513755 -1.825638 0.400137 0.149628 0.028696 -0.052692 0.098465 0.293109 0.613846 -0.632570 0.234855 -0.147100 1.202421
-0.326271 -0.176016 0.198436 0.681699 1.057606 0.849214 -0.795756 -0.351824 -0.461682 -0.080144 0.355290 0.240670 -0.428739 0.091336 -0.857839 -0.480258 0.702081 -0.724425 -0.778640 -0.182493 0.311449 -0.548527 0.693988 -0.679597 0.303283 -0.621957 -0.543193 -0.806113 -0.446827 0.970566
0.139453 0.411641 -0.289611 -0.486618 -0.098069 -0.550133 0.329366 0.366947 0.272705 -0.144905 0.196816 0.088561 0.904302 0.745423 -0.394914 -0.794227 -0.350863 0.527703 -0.151069 0.930522 -0.489918 -0.221313 0.062143 0.268780 0.916345 0.229372 0.315701 0.822673 0.933414 -0.701018
0.434772 0.783474 0.829223 0.614802 0.791683 -0.144112 -0.222007 -0.320223 -0.932318 0.094994 -0.171547 1.139674 0.136589 0.767528 0.025684 -0.569197 -0.711384 -0.340368 -0.477658 -0.953661 -0.607100 -0.799032 -0.056586 0.657942 -0.583858 -0.430967 -0.172436 -0.780034 0.923768 0.325809
-1.201171 -0.905374 0.434138 0.701472 0.088722 0.459677 0.196119 0.710331 -0.375382 0.161947 0.552546 -0.296234 0.123425 -0.830675 0.379392 0.583164 0.974844 0.375453 0.869884 -0.750615 -0.721389 -0.372440 -0.310434 0.275428 0.429776 -0.019441 -1.075418 0.282541 -0.491477 -0.630495
-0.008631 0.517383 -0.242581 -0.805583 -0.490602 0.356786 -0.149971 -0.224151 -0.321940 -0.132000 -0.012678 -0.123335 -0.859627 0.059165 0.221335 -0.535175 0.090038 -0.357638 0.178366 -0.267609 -0.625570 -0.351849 -1.161105 0.358518 0.376288 0.465148 0.296160 0.144992 0.512126 0.483853
-0.799680 0.884278 -0.854260 1.481918 1.475235 0.897935 -0.442248 1.076954 -0.391103 0.069296 0.393870 -0.530015 -0.350834 -0.859343 0.775442 0.614366 -0.048555 -0.599762 0.627487 0.524783 0.301607 -0.268534 -1.858427 -0.293404 0.393574 -1.091326 -0.774297 -0.305562 0.732364 -0.580362
0.525447 -0.624850 -0.273493 0.164409 -0.155237 -0.374056 -0.548260 0.423827 0.265424 0.443253 0.484044 -0.556905 -0.628403 0.042203 0.144557 0.741895 -0.360571 0.265700 0.076059 -0.241288 0.155900 0.494462 -0.958693 0.116705 -0.816030 0.007115 -1.359628 -0.527342 -0.660592 -1.107628
-0.561956 0.084049 -0.323587 0.577864 -0.268174 -0.900636 0.090302 -0.130677 -0.064214 0.142790 -0.579835 -0.011954 0.456010 0.625510 0.431740 -0.113323 1.072229 -0.548515 0.412845 -0.244088 0.583131 0.063413 0.033182 -0.092000 -0.827458 0.380128 -1.008400 -0.616635 -1.025040 0.275516
0.106360 -1.069832 -0.073440 1.674176 0.019715 -0.242325 0.546241 -1.512295 -0.360569 -0.229998 -0.920086 -0.763006 -0.876582 -1.000589 -0.713803 -0.985187 0.492699 -0.517548 0.762908 1.121632 0.130870 -0.073565 -0.143344 1.275458 -0.610334 -0.241099 -0.601131 -0.256856 -0.112993 -0.485611
0.604321 -0.714963 0.214315 -0.227193 0.095192 -0.158115 0.689435 0.186019 -1.133001 -1.604580 -0.193863 -1.123512 0.299679 0.466951 -0.419273 -0.875628 1.716002 0.439181 -0.633796 0.415542 0.461763 -0.116792 0.151403 -0.304296 -0.016870 0.476389 -0.540344 -0.392953 -0.823289 -0.270270
-0.233027 -0.051211 0.539296 -1.287436 0.433048 -0.125663 0.034922 0.355722 -1.493212 -1.432427 -0.825312 -0.777851 -1.011599 -0.210459 0.628221 -0.705393 0.170303 -0.039012 -0.987902 0.508664 -1.098875 0.875343 -0.456234 -0.836339 -0.333323 -0.200511 0.352949 0.027453 0.102789 -0.438930
-0.263143 0.079112 0.331042 -1.125584 0.421316 -0.782636 -0.924585 -0.572662 -0.450508 -0.933296 -0.576217 -1.028399 0.177610 -0.343428 0.296983 -0.028847 -0.094351 -0.027839 -1.015892 -0.357218 -0.692434 -0.323799 1.035782 -0.476643 0.097279 -0.065246 1.266555 -0.213762 -0.807504 0.613219
0.656792 0.435917 0.359128 0.368967 -0.132165 -0.375304 0.815551 0.599865 0.741884 0.093212 -0.380626 0.439803 -0.464270 0.288722 -1.005107 -0.287433 0.769211 0.161174 -0.051846 -0.611610 -0.208597 -0.733613 -0.688026 0.872836 -0.712203 -0.582995 -0.070627 0.493182 -0.048693 1.027906
-0.742099 0.494224 -0.084821 -0.024709 1.047074 -0.291016 -0.796694 0.186867 0.635962 0.152980 -0.118025 0.585336 0.287784 -0.488099 -0.900963 -0.224567 0.808494 -0.289040 -0.276674 0.739888 0.015574 0.364180 0.083401 1.121848 0.920254 -0.386752 0.163755 0.952394 0.079571 0.239033
-0.620002 0.790428 -0.707022 -0.290992 0.807400 0.924897 -0.167181 -0.548834 0.916712 0.170095 -0.920265 0.501181 0.741671 0.124971 -0.641292 0.576506 -0.396840 0.098309 0.358670 -0.416294 -0.331546 0.637426 0.237058 -0.608372 0.718146 0.414416 -0.905722 0.998250 -0.217217 0.080191
0.166048 0.546617 0.376389 -0.626858 -0.242989 0.846173 -0.745479 0.711772 -1.404023 -0.383096 -0.882935 0.484341 -0.748294 -0.969633 0.560047 0.767779 0.067808 0.190753 0.324593 0.333199 0.857678 -0.186708 0.414852 0.678186 -0.057682 0.471488 -0.443363 -0.502448 -0.932588 0.444403
0.521211 0.928356 0.483361 -0.205213 -0.776685 0.764173 0.580907 0.757721 0.006234 -0.184167 -0.166433 -1.126947 -0.302926 -0.446681 0.397842 -0.332847 0.564410 0.095573 0.322548 -0.383033 -0.568407 -0.815235 0.056739 0.230374 -0.348297 0.759297 -0.074603 -0.165342 -1.361908 0.580700
-0.496327 -0.178356 0.502118 -0.251956 0.520438 1.199999 -0.282842 0.012098 -0.411936 0.526522 0.386187 -1.532437 -0.522386 -0.784293 0.416951 0.568486 -0.031756 -0.544882 -0.060005 0.534178 -0.171023 -0.483731 0.481662 -0.173588 -0.187020 -0.146818 0.172362 -0.289408 0.234787 -0.733005
0.144943 0.608485 0.954550 0.421049 -0.863844 0.817755 0.344444 -0.761513 0.206868 0.537295 0.832884 0.006184 -1.048466 -0.327525 -0.579996 0.882997 0.207424 0.621303 -0.246992 -0.818039 0.305955 1.219877 -1.735075 0.838404 0.971546 -0.364823 0.773983 0.031399 -0.131997 -1.090364
0.739911 -0.166528 0.199628 0.391084 -0.227650 0.665341 -0.865768 0.100908 0.106947 -0.747574 -0.191777 0.681744 -1.395616 -0.720409 -1.431114 -0.405105 -0.312589 -0.290244 0.473456 0.100456 0.881635 0.359590 -0.169273 -0.767509 -0.607794 -0.144747 0.448427 -0.601650 0.444634 -1.710786
-0.044310 0.509401 0.131655 0.740889 -0.122135 0.913998 -0.091558 -0.527978 0.880914 -1.449911 0.490374 -0.672084 -1.015435 0.854420 0.018017 -1.092949 -0.352138 -0.349030 -0.743894 1.110173 0.500200 -0.334314 0.611051 0.764337 -0.293606 -0.514456 0.521802 0.217114 -0.085950 0.126691
-0.564186 0.867145 -0.258113 0.872362 -0.235184 -0.051313 -0.697334 -0.140551 -0.661569 -1.118886 0.504634 -0.524303 0.080963 -0.709960 0.418578 0.001834 0.370658 -0.374229 -0.476710 -0.187614 0.903670 0.265202 0.512935 -1.102623 0.003767 0.107408 1.063348 0.799695 -0.957079 -0.633082
-0.382302 0.637681 0.760976 -0.321234 0.690510 0.763334 0.967761 0.724421 -0.725180 -0.514544 -0.820085 -0.211246 0.263669 -0.164144 0.424631 -0.496758 0.076678 0.145422 -0.357696 0.727022 1.220049 0.762682 1.041775 -0.308381 -0.791942 1.301181 -0.191266 -1.009910 -0.932472 -0.419702
0.293917 0.534100 0.514404 -1.068884 -0.033309 -0.722353 0.041628 0.205156 -0.194212 -1.074063 -0.241849 0.425876 -1.166978 0.862311 -0.230921 0.103951 -0.425254 0.081255 -0.085668 0.075606 -0.511155 -0.844553 -0.080400 1.231055 0.644871 -0.088222 1.495449 0.683565 -0.534820 -0.144338
-0.289085 0.824174 0.080666 0.807861 -0.434848 -0.081835 1.042886 -0.309754 -0.521376 0.517578 0.180879 -0.292048 -1.031157 -0.581290 -0.137770 0.545193 -0.494994 -0.259281 -0.531076 -0.813148 -0.603447 0.945487 -0.913165 -0.905234 -0.425588 0.759853 -0.473691 0.168075 0.363475 -0.174564
0.119563 0.243475 -0.346249 0.341200 -0.542850 -0.707860 -0.087843 0.066204 0.914819 -0.566153 0.710451 0.428317 -0.070056 0.345246 -1.026027 0.220784 0.306463 0.473743 -0.806680 0.896096 -0.545701 0.665748 0.160483 0.222811 0.261471 0.686591 0.074892 -0.145491 0.184883 0.637555
0.176224 0.645912 0.600389 -0.466843 0.201327 0.104825 0.898533 0.941473 -0.002241 -0.116594 0.728756 0.838395 0.742180 1.038993 -0.433598 0.429159 0.945695 -0.267193 -0.103080 0.187450 0.726241 0.006320 -0.196493 0.687833 0.416912 0.556325 0.512029 0.069257 -0.866283 -0.392874
0.072226 1.062404 -0.278418 1.093596 -0.490877 -0.314680 -0.361927 0.954777 -0.778521 0.101467 -0.302221 -0.627282 -0.304754 0.107343 0.558388 0.118912 -0.353577 -1.160779 0.051807 -0.031337 -0.072018 -0.706509 -0.914440 0.954444 0.075091 0.564453 0.623410 0.132663 0.299264 -0.700071
-0.291297 0.756040 0.209247 0.503651 1.105083 0.334415 0.790109 0.815471 -0.216135 -0.958484 -0.591612 -0.950960 -0.442305 0.030928 -0.382602 0.137771 -1.045284 -0.805615 -0.249497 0.210985 -0.134945 -0.220569 -0.895376 -0.161213 -0.491931 0.911482 0.050370 0.340106 -1.150806 -0.793322
-1.066563 -0.239538 -0.971353 0.544451 0.051127 -0.130861 0.650057 -0.351170 -0.501341 0.173352 0.394032 -0.157340 0.499343 -0.102479 -0.529140 0.299332 0.764017 0.523084 -0.030095 0.069240 -0.837131 0.151053 -0.634226 0.244725 -0.767465 0.364492 1.022131 -0.279250 -0.706647 -0.169143
0.143015 0.088715 0.765280 -0.942069 0.292889 -0.349009 0.346898 -0.816840 0.489793 0.306605 0.708750 -0.030692 -0.023694 0.214426 -0.126013 0.204503 0.056880 0.799672 0.203715 1.067248 0.083970 -0.671409 -1.076137 0.600825 0.669299 0.232044 -0.843502 -0.082827 -0.057953 0.200297
0.039768 -1.012330 0.458114 -0.852344 0.170614 -0.430217 -0.088802 0.162183 -0.168560 0.306580 -0.942934 0.561117 -1.085760 1.033416 -0.616222 1.749723 -0.681958 1.793715 0.415487 -0.709355 -0.060817 -0.934401 -0.561704 -0.412319 -0.027378 -0.098020 0.676600 -0.154182 0.975815 -0.025824
0.246014 0.742535 0.821793 0.479786 -0.470447 -1.023230 -0.002820 0.685425 0.607689 0.404913 -0.470014 -0.015883 1.159634 1.115467 -0.797043 1.489152 -0.497833 0.221469 -0.778486 -0.513219 -0.308398 -0.640451 0.816248 0.240519 0.509976 0.123986 0.266134 0.311000 0.015218 -0.489428
-0.978854 -0.797158 -0.567228 0.830998 -0.734207 -0.136746 -0.303116 -0.057037 0.014132 -0.930981 0.772694 0.072130 0.658074 0.150376 0.808354 0.252132 -0.074189 -0.357635 0.156556 1.375106 0.648864 -1.347449 0.712210 0.520729 0.248270 0.315991 0.754299 0.421819 -0.479625 -1.786735
-0.465215 0.484424 -0.598436 0.245679 -0.501989 -0.383048 -0.591093 0.188694 0.161174 0.015213 -0.371146 -0.656585 -0.546048 0.809019 1.175046 0.698100 0.057100 -0.189451 -0.572979 -0.007801 0.488832 -0.484280 0.382722 -0.315215 -0.181063 1.310744 0.436059 -0.165719 -0.808316 -0.526825
0.226574 -0.372591 -0.971690 0.148233 -1.235556 -0.037768 0.324831 -0.111901 -0.655961 -0.258928 -0.234288 -0.062351 -0.639888 -0.889969 -0.214552 0.812068 0.872406 0.958337 -0.032507 -0.664272 0.261740 0.151383 0.388491 0.379630 0.869422 1.044934 1.103063 -0.443866 -0.719320 -1.033673
0.824781 0.383714 -0.067413 0.674867 0.032149 -0.505153 0.445115 0.212572 -0.300114 0.750498 -0.598257 0.395898 0.525081 0.729083 0.517042 0.073418 -0.555754 0.723324 -0.561346 0.422789 0.245928 -0.140575 -0.926337 -0.008735 0.084501 -0.614231 -0.762483 0.167350 0.221782 0.526552
0.756027 0.482790 -0.081149 0.232862 0.605434 -0.734076 0.916831 -0.385227 -0.530641 -0.548017 -0.914713 0.025141 -0.154076 -0.219240 -0.116082 -0.824816 0.624208 1.141571 0.255058 0.597733 1.161030 0.459609 0.775228 0.782444 -0.243312 0.979809 0.393029 1.041792 0.076968 0.184387
-0.445889 -1.023811 0.227954 0.936396 0.333354 -0.729572 0.336531 0.454877 0.735861 0.076864 0.669852 0.053856 -0.016525 0.882558 0.931756 -0.395999 -0.146050 -0.644513 0.065295 0.550546 -0.688624 0.174530 0.698155 0.710624 0.532276 -0.333964 -0.756431 0.513957 -0.013983 0.974147
0.123923 -0.066094 0.286057 0.625166 0.479106 -0.511859 -0.446204 0.545397 0.214955 0.763298 -0.677027 0.314735 -0.197458 0.180421 0.478667 0.115981 0.423269 0.596225 -0.598040 -0.553857 0.145947 0.407872 -0.566511 -0.154954 -0.867565 0.037888 0.075117 -0.705395 0.143050 0.806008
0.641444 -0.953086 -0.184796 0.903520 0.206213 -0.800336 -0.268664 0.800336 -0.828126 0.453368 -0.092810 0.542199 -0.647321 0.071511 -0.336247 0.598580 0.221188 -1.436063 -0.862701 0.363441 0.546657 -0.100724 -0.175616 1.143543 0.923583 0.252106 1.314322 -1.243033 0.003946 0.083676
-0.613938 -0.290415 -0.304850 -0.792740 1.195556 -0.027608 0.371390 -0.138261 -0.711158 -0.094124 0.390396 -0.631112 0.768749 1.348464 -0.330206 -0.086744 0.734544 0.064380 0.254315 -0.746831 -0.578173 -0.205867 -0.445054 1.175726 -0.723430 -0.491479 0.833441 0.736601 -0.227656 0.415456
-0.276867 0.486276 -0.681315 -0.491840 0.234397 0.873942 -0.077490 0.006812 0.212368 0.025794 0.441863 0.400942 -0.684006 0.058273 -0.209218 -0.086767 0.970977 0.469701 0.721201 0.756939 -1.131365 -1.020831 0.511613 -0.514942 0.508771 0.184548 0.140761 0.082092 0.528677 0.791771
0.474473 -0.962573 0.070114 -0.624235 -0.360794 -0.797288 0.249394 -0.753780 -0.451724 0.314953 0.752640 -0.387618 0.804245 1.381795 -0.155915 0.123072 0.145896 1.149775 1.107479 -0.300629 0.724071 -0.037754 -0.804014 0.268773 -0.704031 0.156339 -0.577375 -1.016233 0.014547 0.492100
0.413263 -0.840614 1.413120 -0.909854 -0.154892 -0.538918 -0.034509 -0.189114 -0.041959 -0.188753 0.834807 1.233767 -0.797191 1.158348 0.294949 2.313313 0.721862 1.245159 -0.139602 -1.341463 0.659837 -0.177959 -0.175554 -0.777587 0.488611 -0.101165 0.419411 0.348440 0.877561 -0.377255
0.263447 -0.698110 0.181233 -0.019045 -0.599038 -0.079898 -0.565095 0.744033 0.428195 0.046761 -0.374873 -0.163279 0.929859 -0.245506 -0.285224 1.534267 0.535738 0.421897 0.067897 -0.514271 -0.408014 -0.849410 -0.322321 -1.383151 -0.345207 0.515558 0.079557 0.949249 0.687745 -1.673084
-0.449713 0.805391 1.173855 0.532872 -1.361759 -0.688884 0.604084 -0.072947 -0.043263 -0.332235 0.759541 -0.553270 0.175640 -0.057335 0.583818 0.695596 0.083376 -1.369803 0.546404 -0.185438 0.633102 -1.130614 -1.333727 -0.532762 0.352748 0.958069 1.046596 1.480696 1.287082 -1.394731
0.328921 -0.684301 0.738926 1.161694 -0.001513 0.131959 -0.285884 0.054536 -0.520068 0.260004 0.745743 0.075172 0.002623 -1.047062 -0.631794 1.186249 -0.180115 -0.036504 0.623096 0.363781 -0.358720 -0.911313 0.325284 -1.470507 -0.170008 0.745131 -0.324459 0.387777 0.382167 -0.861242
0.313330 0.819552 -0.048857 0.446199 0.775320 0.595076 -0.014434 -0.212132 -0.872462 -0.053268 -0.314583 0.207180 -0.072856 0.944173 -0.003942 0.904942 0.046849 0.386806 -0.064038 1.035131 0.925837 0.690059 -0.506344 0.506142 -0.255777 0.446809 1.072701 -0.182635 -0.832208 0.415769
-0.942023 0.956403 1.346042 1.080899 0.946775 0.697827 0.981671 -0.794886 0.100146 -0.574572 0.230243 0.789355 -0.101739 -0.827905 -1.039141 -0.448182 -0.321847 -0.732961 0.386017 1.003690 0.201396 1.149045 0.783871 -0.269490 0.694966 0.688078 -0.353708 -0.036678 0.377510 0.072279

Bias v0 (Oculta):
-0.451695
1.034824
1.192571
-0.688042
-0.281866
-0.122839
0.965830
0.849938
0.912637
-0.663863
-0.654488
0.629665
-0.646560
0.550973
-0.173692
1.023153
0.874109
0.714947
0.597152
-0.222056
-0.607909
0.588789
0.375744
0.101075
0.663057
-0.164988
-0.666871
-0.097924
-0.546925
-0.586441

Pesos w (Oculta -> Sa獮a):
-1.245295 -0.681338 -0.773101 -0.589786 -0.548882 -1.234701 -1.037237 -0.949733 -0.872652 -0.555727 2.801936 0.306129 -0.426869 0.358593 0.361057 0.406015 -0.550776 -1.529936 -0.158739 -0.509306 -0.932035 -0.237106 1.666068 -1.611984 0.486528 -0.401470
-0.578727 -1.010028 0.576699 -0.819188 -1.299023 -0.511354 0.373670 -0.012535 0.104618 -0.117653 -0.368013 -1.450665 0.541779 -1.020779 -1.403914 0.050077 -0.496947 -1.044731 -0.014020 -1.200278 -1.397328 -0.475381 0.046544 -1.735675 -0.424386 0.289373
-0.466413 -1.934166 0.194009 -0.065170 -1.279862 -1.615678 -0.287616 -0.392258 0.434822 0.423709 -0.784504 0.345403 -1.193532 -1.317100 -0.119387 -0.223113 -2.430965 0.263248 -0.351610 -0.585539 -0.811802 -1.049487 -0.903804 -1.082240 -1.102074 -0.951076
-1.490821 0.778650 0.919713 1.040398 -0.064319 -0.333675 0.341922 1.040661 -0.321343 0.367253 -2.603450 -0.649346 -0.094801 -2.111337 0.842870 -0.605040 -0.108485 -3.345841 0.819760 0.552434 0.887125 -0.389477 -0.159880 -3.766551 0.327576 1.169436
-0.184171 -2.070589 0.587358 -2.716111 -0.328195 -1.685761 0.268106 -0.707544 0.359565 0.315629 -0.357287 -0.044977 -0.959548 -1.080852 0.070649 -1.327890 0.684978 -0.111925 -0.528884 -0.931242 -1.002802 -0.611615 -1.287432 -0.586678 -0.525119 -0.918636
-2.201000 -0.869124 0.623530 -0.351605 0.259233 0.487528 0.094204 0.971691 1.570426 -3.274011 1.535507 0.212431 -0.778932 1.161143 -1.906478 -0.958869 -2.055961 -0.481378 0.521660 0.324486 -0.032123 -0.531426 -2.431443 0.287895 0.058405 -0.529037
-1.631638 1.357401 -2.138252 0.999117 -1.102226 -2.757632 -0.896600 -1.030969 -1.281820 -0.592131 -0.946843 -1.981842 -0.784029 -0.349339 1.556121 0.261165 2.128855 0.619278 -1.727591 0.753056 -0.487410 0.080750 -1.072521 1.540642 1.424791 1.092795
-2.383838 -2.026080 1.035370 -1.639207 -1.734708 0.263874 -0.366045 -2.849671 -0.555065 0.053019 -0.517562 -0.217822 -0.606044 0.714652 1.234248 -0.805570 0.721090 0.154039 -0.349817 0.893493 0.744551 0.255045 -0.957413 -1.084862 0.479751 -0.412552
0.254393 0.875513 -2.358281 0.325251 0.320633 1.231532 1.501853 -0.596582 -0.528006 -2.653882 -1.848810 1.494963 0.011431 -0.042882 -0.412524 -0.712020 -0.121339 -1.454452 1.377895 -0.306563 -0.826859 -2.354762 -0.452749 0.840632 -0.769637 -1.912132
2.003685 1.766756 -1.782844 0.869313 -1.546513 -1.933083 2.125996 0.474442 1.588301 1.337130 -2.533216 -2.237095 -0.046964 1.967596 1.335269 -0.305506 1.001748 0.797539 0.935511 -1.142623 -0.065138 -2.041942 0.522998 -1.415845 -1.660204 -1.609682
-1.372753 -0.588246 0.308863 0.100020 0.378044 -0.236759 -1.592649 -0.087171 1.017970 -1.302900 0.357913 -0.924180 -0.978616 1.071098 0.075766 -0.456587 -0.561732 -0.882006 -1.287725 -0.996113 -0.278233 -1.055337 2.942908 -0.819625 -0.127320 -0.900793
-0.708811 -0.654134 -0.253797 -0.092787 -0.261025 -0.373057 -0.043549 -0.766217 -2.042998 0.998650 0.549730 -0.238714 0.295145 -0.432271 0.388274 0.567345 -0.489991 -0.645441 1.273050 0.131584 -0.916105 0.861687 -0.076411 -0.158175 -4.360254 -0.257504
0.869298 -0.589840 -0.636473 0.058085 -1.228757 -0.871109 -1.119675 0.512356 0.492811 -0.505048 -0.305354 -1.194326 -0.176955 0.413584 -0.701035 0.077176 0.026736 -1.579681 0.261557 -0.594294 -0.678128 2.049165 -0.036868 -0.472062 -0.601304 -0.130604
-0.894575 -2.287379 3.111767 -1.529485 -0.164342 0.827329 2.086867 0.191419 -1.500754 -2.295831 0.491132 -2.945397 -0.410693 1.078030 1.609834 0.368559 1.172219 1.217086 -2.102259 -1.875555 0.570249 -1.331936 -0.102536 -1.634407 -1.347448 -1.339328
-1.417063 -0.920928 -1.051874 -0.562807 2.007180 0.196469 0.241613 -0.942360 1.374709 1.448316 1.606743 -1.841284 -0.196122 -0.671936 -0.120044 0.721758 0.398206 -0.091542 1.194930 -2.662011 -1.658823 2.354532 -0.497705 -0.883024 0.986754 -1.323903
0.936081 1.730238 -2.089930 -0.938183 -2.651793 2.647217 -2.625669 1.362696 -2.313602 1.216793 0.352919 -2.038759 -0.992691 0.625212 -0.940184 -0.151596 -1.508974 -0.136636 1.504885 0.879387 0.207381 1.637159 -0.532030 0.864236 2.136355 -2.798102
0.254626 -1.360052 0.051348 -0.290571 -0.515947 -0.647214 -3.806321 -1.080868 0.281137 -0.902675 -0.358004 0.552833 -0.882359 0.275816 0.430135 -0.227639 0.156971 -0.512318 -1.639238 -0.797688 -0.167041 -0.911230 -1.457482 -1.600378 0.068401 -1.461482
0.586093 -2.143153 -1.544284 1.490383 -1.039889 -0.375546 -0.951064 1.692582 -0.078255 0.143339 1.360494 -2.703464 -0.319895 1.666088 -2.282252 0.747795 -0.001382 1.615923 -1.662410 1.287877 -3.468214 -1.457011 0.738684 0.332995 -1.593242 0.952737
-1.215399 -0.906015 -0.528849 1.713230 -0.952698 -2.032067 -1.642398 1.948184 -0.788854 -1.365860 -1.403712 -0.759678 -0.811549 1.696875 1.184567 -0.036066 0.187150 -2.057802 -0.497839 -1.110823 0.826730 0.722796 0.314898 1.370949 -0.814490 -1.562023
1.277409 0.078227 0.132505 -1.071623 1.119206 0.819408 -1.654786 -2.154151 -0.340311 -1.342329 -0.520077 0.203704 0.077858 -2.262905 -1.194546 -0.062377 0.729748 -2.457932 0.801500 -0.283882 -2.776725 -2.048263 1.062373 0.992032 0.173200 -0.421715
-1.462691 1.247754 -1.713933 -2.220031 2.473410 0.969718 0.188138 1.111816 -1.069245 0.348888 -1.708370 -2.446838 -0.612372 -0.200117 -0.979092 0.667527 -0.705475 -0.793495 0.282320 0.029594 -1.678232 -0.989643 0.515742 1.500594 1.020935 1.666780
-0.603144 0.984081 -1.171269 -0.486323 1.351469 -2.519174 -1.814873 -0.071647 0.046618 -1.283727 0.096945 0.482532 -0.619647 0.218381 -0.384567 0.353855 -1.406034 -0.348767 -1.117941 -0.952722 1.670334 -0.752878 -0.793761 0.117758 -0.800804 0.189136
1.239146 0.827794 0.084908 1.138222 0.663188 0.204336 0.994369 1.020099 -2.171144 0.544574 0.541906 0.104627 -0.771665 -2.443128 -1.911995 0.578246 -1.075682 0.712029 -3.243133 -2.366527 0.147101 -0.545685 -1.302553 -1.138585 -0.145903 1.081343
-1.246549 -0.094842 -1.046158 -2.046296 0.326770 -1.004752 -0.081554 2.341828 -0.311656 -0.808692 -0.453729 0.209350 -0.718884 -0.749190 -1.967969 -0.419637 0.844500 -0.412600 0.531623 -0.055583 2.222006 -0.156211 0.813040 0.151479 -0.905399 -0.427742
0.305357 -0.608138 -1.213205 0.946591 -1.741899 -1.479697 -1.781099 -1.850444 -0.058553 0.061003 -0.359064 0.423552 0.351312 -0.967606 -1.217197 -0.137881 -0.604187 0.430430 -1.270029 0.590517 0.478086 -0.034022 -0.731420 -0.467570 -1.840404 1.087052
-1.008655 1.458272 0.096116 1.513066 -0.011250 0.976334 -0.698552 -1.393106 -1.355397 -1.062969 -2.571066 0.132684 -0.844254 -0.801585 -0.564558 -0.110671 -0.062034 2.407783 -1.887103 1.748351 1.261263 1.379420 -0.739817 -1.914047 -0.095095 -1.411420
0.171497 -1.568186 -1.282425 -2.144238 0.877745 0.971468 1.049942 -0.039357 -1.032355 -1.165004 -0.934973 -0.802423 -0.447547 -1.005155 -1.325834 0.532461 0.295200 -2.017756 -1.384450 1.994583 1.160370 0.654609 0.761664 -0.393409 1.055225 -1.088045
0.785284 -1.002392 -0.342791 -0.071037 -1.639568 -0.088578 0.143713 -1.811026 0.681453 -0.066210 -0.439420 -1.352602 -0.317672 -1.393874 1.082502 -0.920853 -2.309863 -1.340506 -0.645377 0.859497 -2.281794 -0.220425 0.591129 1.492012 0.553877 0.548159
-0.334210 -0.015023 -1.327435 0.343021 -1.034205 0.652927 0.262628 -0.720735 -3.188766 0.425476 -0.659582 1.199572 -0.117333 0.514458 0.172644 -0.815163 -1.985863 0.409959 1.136934 -3.208856 0.384676 0.084297 0.236254 0.678493 1.291668 -0.102049
1.151473 1.739963 -0.714590 -1.789227 0.893179 -0.038965 -0.153563 0.536557 -0.436498 -2.135660 0.662462 1.440567 -0.192412 -0.923124 -2.160028 -1.207730 2.008859 0.669606 -0.466638 -1.240300 -2.003119 1.614833 0.752429 1.322071 -0.304987 0.067698

Bias w0 (Sa獮a):
-0.462348
-0.219069
-0.489141
-1.637719
-0.199916
-0.649969
-0.049805
-1.520270
0.426896
0.084278
0.104677
0.294307
0.618085
-1.028641
-1.206298
-0.372120
-0.175524
-1.268840
-0.928593
-0.155997
-0.515238
-1.374531
-0.226261
-0.242355
-1.301257
0.251742
