Pesos v (Entrada -> Oculta):
0.164789 -0.150652 -0.629480 0.262716 -0.581361 0.204284 0.750433 0.563196 0.420385 0.389014 0.861830 0.686833 -0.593649 -0.466005 -0.137674 0.177588 0.503846 0.621452 0.972222 -0.872320 -0.847456 -0.542935 -0.465483 -0.452106 -0.966617 -0.537428 -0.601534 0.060493 -0.871088 0.677163 0.367038 -0.319088 0.223633 -0.034691 0.788708 -0.428636 0.085205 0.665233 0.758756 -0.853474 -0.463982 -0.735691 0.560714 0.500002 0.167058 -0.193621 0.637544 0.159422 0.154396 0.500359
0.409749 0.744153 -0.135976 -0.312589 0.570054 -0.307855 -0.153227 0.533079 0.504165 0.639586 -0.101031 0.417324 -0.671300 0.207618 0.538439 0.065188 -0.529209 0.553101 0.237255 -0.883939 -0.434324 0.566187 0.173628 0.932799 0.595898 0.202419 -0.435611 0.481573 0.097416 -0.263028 -0.356232 -0.686599 0.293671 -0.781938 -0.961515 0.067759 0.304636 0.624109 0.323134 -0.840757 -0.534122 0.104308 -0.649654 -0.049121 -0.163171 0.398978 -0.812166 -0.791460 0.370614 0.346846
-0.895145 0.674337 0.721420 0.895723 0.834849 -0.314992 0.764002 -0.464553 -0.023486 0.228884 -0.739225 -0.005289 0.393754 0.584438 -0.097064 0.714829 0.893867 -0.468071 -0.830378 0.905520 -0.835687 0.699587 0.310206 0.325401 -0.503313 0.523429 0.875316 -0.163066 -0.587768 -0.800439 -0.475543 -0.075835 0.821083 0.222377 0.049847 -0.613401 0.000741 -0.491864 -0.628045 0.038737 0.136876 -0.706485 0.139595 -0.824142 -0.455168 -0.821156 -0.469711 -0.911035 0.225082 -0.853217
-0.955186 0.436969 -0.629080 -0.059716 0.611728 0.263218 0.755902 0.586795 0.269129 -0.946154 -0.512721 0.296626 -0.690605 0.566225 -0.374381 -0.790014 -0.056020 0.032658 0.652921 0.286328 -0.771600 -0.952719 -0.801831 0.623403 -0.738054 0.320650 0.197371 0.944028 -0.444302 -0.628740 -0.482352 -0.546849 0.678478 -0.352868 0.255471 -0.070833 0.656824 0.739645 0.030218 -0.615006 -0.018189 0.829240 0.258526 0.227970 0.951678 -0.275095 0.399426 -0.815286 0.560191 0.959231
-0.322928 0.208856 0.676819 0.459683 0.997314 0.966629 0.199484 -0.760098 -0.766638 -0.554421 0.928670 0.866099 -0.321154 0.265221 0.704261 -0.531640 0.992124 -0.327963 0.349876 0.587952 -0.206681 -0.647357 -0.829580 0.914167 -0.625728 -0.016216 0.579983 0.161296 0.803746 -0.367210 0.163025 0.734754 0.376658 0.376533 0.644853 -0.790366 -0.518970 0.508703 -0.884516 -0.550168 -0.437755 -0.522888 -0.336803 -0.017756 -0.897364 0.225955 0.285065 -0.268546 0.358103 -0.292658
-0.098860 0.989293 -0.479203 0.442393 0.558489 0.583785 -0.483412 0.928600 0.740616 -0.771580 -0.521057 -0.366634 0.643842 0.410991 -0.894962 0.236157 0.774586 0.921321 -0.458113 0.960099 0.545452 -0.171347 -0.257969 0.764269 -0.730109 -0.356390 -0.518955 0.014451 -0.543772 -0.546860 -0.831839 -0.259319 0.881965 0.816154 -0.780747 0.454005 0.808089 -0.556782 -0.530704 -0.620368 0.160237 -0.825302 -0.119511 0.252132 -0.129921 -0.618066 0.722913 0.017430 -0.079259 0.115354
0.590899 -0.588374 -0.037296 0.800675 0.120119 0.330454 0.483497 0.492126 0.735702 0.543756 0.810856 0.416440 -0.548844 -0.588172 -0.833548 0.708190 0.090434 -0.892156 0.056182 0.529385 -0.123889 0.495463 -0.089759 -0.458100 -0.262765 0.331271 0.878318 0.563411 -0.488870 -0.899234 -0.303920 -0.922882 0.066631 -0.768038 0.367571 -0.725599 0.331178 -0.961936 -0.488280 -0.648762 -0.865559 -0.586908 -0.771243 -0.183070 0.886058 -0.296305 0.896443 0.738162 0.709948 -0.691341
0.875807 0.173108 -0.437008 -0.272646 0.411391 0.486065 -0.833920 0.848934 0.808614 0.678339 -0.639341 0.411973 -0.628398 0.943496 -0.959628 0.746473 -0.116330 0.986444 0.502232 -0.223487 0.927359 -0.502596 -0.159960 0.991150 -0.746172 0.490972 0.516405 -0.386333 0.709664 0.946609 0.508525 -0.498981 -0.586094 -0.544260 0.378334 -0.101483 0.888106 0.668846 -0.734742 0.894545 -0.065388 -0.157068 0.307120 -0.698017 0.843117 0.532402 0.026889 -0.935709 0.161842 -0.567420
0.071728 0.869539 0.321883 -0.321705 -0.820862 0.451468 -0.840888 -0.040220 0.423365 -0.862266 0.922975 -0.364615 0.692750 0.379379 -0.102494 0.426488 0.315827 0.325903 -0.463763 -0.828675 0.789430 -0.851902 0.006234 -0.315630 -0.246865 -0.771251 -0.151376 -0.467141 -0.810980 -0.075624 0.178630 0.693307 0.805347 -0.057248 -0.865050 -0.822892 -0.458557 -0.190859 0.528885 0.719225 -0.245396 -0.948295 -0.795348 -0.749808 0.480030 -0.191147 0.726156 0.950639 -0.443234 0.883984
0.047510 -0.698550 -0.306019 0.403524 -0.762411 -0.012622 0.559088 -0.368851 -0.009976 -0.598138 0.939707 0.803795 0.645561 0.760530 -0.464305 -0.949992 0.594435 -0.722895 0.202775 -0.389986 -0.203562 0.788909 -0.483564 0.608456 -0.492347 -0.893638 0.188609 -0.424400 0.835852 0.969143 -0.359379 -0.926396 0.905761 0.634895 -0.273992 -0.845738 0.855946 0.886690 0.326523 -0.286472 0.121018 0.883416 -0.571472 -0.578889 -0.760920 -0.068290 0.143058 0.569392 -0.996610 0.434185
-0.885156 -0.486049 0.344966 0.276336 -0.234457 -0.502597 -0.254260 0.349143 -0.415468 -0.903648 0.558706 -0.347739 0.769665 0.321990 -0.956628 0.965465 -0.056745 0.296733 -0.891186 0.180417 0.888530 -0.109260 0.643985 -0.962687 -0.752557 -0.797998 0.141883 -0.371741 0.739699 0.850031 0.674274 0.295577 -0.733393 0.305546 -0.763048 0.900304 0.234501 0.946764 -0.202203 0.285189 -0.550075 0.955738 -0.603903 -0.851199 -0.923319 0.180181 -0.204995 0.659485 0.777521 0.744797
0.313561 0.121787 0.411987 0.015979 0.644022 -0.863854 0.044427 -0.938653 0.424328 -0.061126 -0.634547 -0.882249 -0.779005 -0.240787 -0.760291 -0.998328 0.601558 0.249252 0.118830 -0.716792 0.714130 -0.243088 -0.695331 0.965201 0.437797 0.622925 -0.463396 -0.326106 -0.096357 0.873805 -0.270078 -0.315299 0.098791 -0.337894 0.768678 0.129971 -0.111225 0.898953 0.573575 0.840832 -0.183386 0.572390 -0.761378 0.514009 -0.614130 0.181927 0.560751 0.709433 -0.815484 0.893034
0.532692 0.810447 0.628691 -0.504596 -0.340043 0.956739 -0.919009 0.905554 0.906171 0.956457 -0.496039 0.044460 -0.968071 -0.382712 0.996099 0.609425 0.144130 -0.691683 -0.344479 0.506813 0.052900 -0.194152 -0.188167 0.577170 0.508716 -0.610335 -0.068255 -0.871981 0.606932 -0.803526 -0.664006 0.350940 -0.559836 -0.590458 0.973411 -0.077669 0.114902 0.711151 -0.806251 -0.444780 0.954919 0.471160 -0.687496 -0.274121 -0.152922 -0.567340 -0.761025 -0.186544 0.463472 0.673797
-0.881556 -0.748828 0.308201 0.261445 0.647126 -0.709910 -0.643618 -0.632935 -0.045899 -0.304301 0.029188 -0.310268 0.658304 -0.426232 0.697964 -0.796734 0.998437 0.135307 -0.072240 -0.848181 -0.492122 0.179947 0.568082 -0.273113 0.879656 -0.049611 -0.797063 -0.908767 0.463196 0.968183 -0.821846 -0.861386 -0.221847 0.962590 -0.681584 0.926675 0.669719 -0.164000 0.303178 -0.102850 0.666780 -0.040926 -0.787127 0.149426 0.503659 -0.256984 0.602042 0.297517 0.768319 -0.603518
-0.424224 -0.553619 -0.131933 -0.094228 -0.116930 0.782116 0.477863 0.000708 -0.205144 -0.062559 -0.658471 -0.903555 -0.993421 0.433637 -0.498075 -0.879218 0.105866 -0.508683 -0.041074 0.441634 0.594544 0.945680 0.352009 -0.970621 0.903114 -0.381306 -0.355375 0.926523 -0.850434 -0.091413 0.022324 -0.390097 -0.663790 -0.242243 -0.678331 -0.970755 -0.571091 0.265532 -0.366336 -0.770440 -0.479994 -0.056039 -0.227593 -0.393850 -0.033954 -0.726321 0.651684 0.569277 -0.042260 0.809321
0.200299 -0.055110 0.944011 -0.047131 -0.747510 -0.782643 0.654050 -0.877376 -0.368126 -0.251155 0.997518 -0.319391 0.362745 0.616613 -0.781622 0.701630 0.505949 0.410493 0.998826 0.759440 0.009097 -0.030459 -0.402230 0.139789 -0.836227 -0.143069 0.982817 -0.079225 -0.003798 0.213675 0.521503 0.929494 -0.667263 -0.192719 -0.726272 0.553077 -0.570518 0.892399 -0.481404 0.663206 -0.108087 0.608423 0.636000 0.960656 0.631540 0.634092 0.143950 -0.556784 -0.603564 0.555496
-0.703929 -0.507764 0.660729 0.805810 -0.623389 -0.553998 0.832790 0.824177 -0.933177 -0.640498 -0.436178 -0.450069 0.762313 -0.337060 0.768001 0.705792 -0.283125 -0.890811 -0.612479 0.043031 -0.797186 0.198976 -0.252917 -0.692215 0.275057 -0.378660 -0.116273 0.654852 -0.135886 0.940875 -0.379601 -0.948279 -0.396036 -0.319678 -0.353864 0.935323 -0.304752 -0.389777 -0.223252 0.735320 -0.074407 0.714395 -0.164634 0.301906 -0.026742 0.960767 -0.560847 -0.821348 -0.197436 0.678776
-0.971114 -0.072146 0.193977 0.136861 0.911524 0.163510 -0.063055 0.053600 0.942844 0.078451 -0.376220 0.552922 -0.692658 0.936826 -0.577903 0.736542 0.206576 0.190425 0.325279 -0.302768 0.496513 -0.982388 0.442185 0.378568 0.605735 -0.371613 0.403334 -0.661626 0.718272 -0.377523 -0.489167 -0.014455 0.361257 0.062405 0.501063 -0.645602 0.854274 -0.696641 -0.514267 -0.255575 0.139494 0.201961 0.767605 -0.922504 0.323811 -0.980159 -0.336969 -0.191801 -0.770806 0.776126
0.178398 -0.905668 -0.657666 -0.483032 -0.132564 -0.285324 -0.088860 -0.623604 -0.447885 0.945114 0.864600 0.459749 -0.565037 0.537838 0.520353 0.678227 -0.615198 -0.823948 0.351418 0.482240 0.701956 0.162553 -0.348288 0.593768 0.920343 -0.385069 0.235115 -0.365804 -0.614103 -0.497360 0.837581 0.822817 0.970064 0.477214 0.109020 -0.480262 -0.586473 -0.958719 0.098361 -0.827262 -0.649830 0.299785 -0.890117 0.568155 0.891930 -0.318507 -0.626938 -0.899574 0.918239 0.262905
0.191975 0.488297 0.509034 0.646522 -0.948304 0.656726 -0.652668 0.285522 -0.714265 0.862262 -0.527927 0.419573 -0.770010 -0.107386 -0.336521 0.046819 0.039325 -0.144331 0.627950 -0.679829 -0.652504 -0.395438 -0.401034 -0.437265 -0.112886 0.738801 0.158139 0.861853 0.256504 -0.777780 0.107849 0.540484 -0.454797 -0.083951 -0.760662 -0.315471 0.719813 0.601648 -0.010486 0.871916 0.803735 0.102195 0.396794 0.410729 -0.854660 -0.783143 0.484889 -0.041558 -0.802484 -0.004638
-0.847342 0.964095 -0.519946 -0.801734 0.647257 0.940103 0.567490 -0.376476 -0.695137 -0.043880 0.287734 -0.828378 -0.949696 -0.935554 0.320201 0.887622 0.144356 0.130395 -0.922833 0.064045 -0.337669 -0.224983 0.541726 -0.103125 0.204214 -0.041421 0.656153 -0.795903 0.924021 -0.934248 -0.756539 -0.932880 0.536534 0.645168 0.112127 0.956276 0.970446 -0.123891 -0.534693 -0.625046 0.804981 0.316140 -0.178010 0.691069 0.161346 -0.609816 -0.449045 0.340196 0.486868 0.077130
0.867167 -0.409024 0.466629 0.281129 0.259437 0.075679 0.218654 0.770265 -0.391188 -0.514274 0.490947 0.705113 0.075427 0.457289 0.144790 0.474468 -0.006414 -0.153717 0.216106 0.865428 -0.101590 0.406344 0.939497 -0.166251 0.308848 -0.894137 -0.307527 -0.049629 -0.005793 0.959708 -0.486233 0.517518 0.671752 -0.790649 -0.513800 -0.877721 -0.586432 0.927096 0.350510 -0.389574 0.587386 0.192331 0.548706 0.649350 0.301559 0.841838 -0.810583 -0.295887 0.684979 -0.662568
-0.736632 0.664297 0.204573 0.428912 0.823243 0.365689 -0.965926 0.804046 0.453342 -0.483797 0.282346 0.628785 -0.379315 0.122597 -0.253966 -0.123800 -0.418185 -0.690655 -0.461078 -0.948109 -0.310399 0.916067 -0.682465 0.906238 -0.483762 0.194480 -0.162430 0.335745 -0.623101 0.759999 0.194797 -0.387639 -0.320139 -0.838658 0.548067 -0.182458 -0.756595 0.518417 -0.485741 -0.879595 -0.420944 -0.239635 0.036988 -0.405826 0.980843 0.735199 -0.164364 0.962614 0.095508 0.156691
-0.585281 -0.022746 -0.618601 0.334671 -0.456236 -0.456130 0.358391 -0.162395 0.544665 -0.417529 -0.920668 -0.494158 0.577207 0.385372 -0.965866 0.906121 -0.900156 -0.814360 0.137460 0.029867 -0.141787 0.444808 0.237496 0.247963 0.778605 -0.329565 0.271634 0.507307 0.548738 -0.458004 0.390713 0.940254 -0.174431 0.642199 0.811894 0.320632 0.845793 0.177617 0.105598 -0.116853 0.102211 0.468623 0.397574 -0.421294 0.634152 0.508725 -0.848971 0.474047 -0.291945 -0.462145
-0.025079 -0.123198 -0.774328 0.190711 0.489844 0.027163 -0.485067 -0.277584 -0.710545 -0.130604 0.193668 -0.382791 0.377314 -0.285362 0.096714 -0.524911 0.576827 -0.804376 0.723372 0.646838 -0.516584 0.998420 0.453953 0.037563 -0.036200 -0.525062 0.133191 -0.979138 -0.543357 0.726331 0.161435 -0.534433 -0.291848 0.558163 0.103017 0.930757 0.557314 0.363190 0.119321 -0.185318 0.739321 -0.382982 0.514553 0.999097 0.389145 0.160489 -0.646701 0.400476 -0.480276 -0.376987
0.428096 -0.580347 -0.677104 0.730117 0.800774 -0.345026 -0.873706 -0.036221 -0.688893 0.055906 0.582153 0.205653 0.980622 0.797429 0.660913 -0.603205 -0.775629 -0.194391 0.300722 -0.071150 0.341247 -0.011306 -0.469208 0.735124 -0.245042 0.332259 0.654210 0.193948 -0.141856 0.985723 0.438124 0.208947 0.201247 0.794335 -0.160074 -0.719868 -0.655171 -0.840718 0.828194 0.958508 0.773309 -0.864398 -0.622832 -0.579338 0.147937 -0.623183 0.530835 -0.155701 -0.220743 0.839144
0.171143 0.584436 0.692226 -0.856488 -0.926299 -0.975377 -0.135330 0.259530 -0.313988 -0.440780 0.358969 -0.958168 0.016909 -0.306753 -0.002731 -0.462822 0.806329 0.512421 0.887040 -0.844925 -0.822127 -0.293295 0.241147 -0.771566 -0.868952 0.623423 0.734512 0.523724 0.752502 0.381838 -0.925014 -0.284324 -0.218268 -0.190328 0.546087 -0.301617 -0.246063 -0.634956 0.155220 0.501149 -0.868565 0.773106 -0.106544 -0.973422 -0.338498 0.960561 0.433945 -0.925168 0.191983 0.740716
0.560013 -0.595919 0.779481 -0.619761 0.058759 0.225179 -0.296752 0.858309 -0.833189 -0.619187 -0.961238 -0.838668 0.506394 -0.885512 -0.330593 0.142853 0.579173 -0.938956 0.948033 -0.932346 0.493538 0.273820 -0.444456 -0.942375 -0.038765 -0.250888 -0.559349 0.485866 0.521889 -0.827155 0.445305 -0.717793 0.637220 -0.127634 -0.528415 0.967378 -0.429622 -0.504435 -0.378825 0.907968 0.197862 0.419276 0.359042 0.220928 0.115328 0.561461 0.303294 0.656492 -0.351090 0.531506
-0.121478 -0.830184 0.567621 -0.824954 0.088168 0.039326 -0.279261 -0.577320 0.049150 -0.697091 0.247040 0.172972 -0.835414 0.574743 -0.722842 0.002844 0.014257 -0.639921 -0.351078 -0.151737 0.174703 -0.442501 0.169673 -0.963827 0.209835 -0.220782 -0.453620 -0.500173 0.263864 -0.996980 0.679926 -0.378176 -0.501321 0.910260 0.818882 -0.976066 0.603981 -0.754164 0.238603 -0.660482 -0.953851 0.845447 -0.558237 0.743858 -0.340907 -0.530570 0.812384 -0.400595 0.288015 -0.981759
-0.323152 -0.089056 0.061669 -0.601302 -0.955073 -0.126000 0.251953 -0.146936 0.162861 0.342137 0.833313 0.290501 0.396574 0.117057 0.035629 -0.932919 0.289419 -0.582541 0.395127 -0.787203 -0.097732 -0.908862 -0.247069 -0.890767 0.468892 -0.327047 -0.597289 0.930182 0.358520 0.873282 -0.574788 -0.701753 -0.516347 -0.944049 -0.601141 0.233179 -0.657930 0.108243 0.958979 0.705355 0.325306 0.294339 0.054191 -0.005706 0.384547 0.559040 0.233505 0.131702 0.362497 0.435801
-0.438933 -0.653734 0.019134 0.447313 0.548755 -0.985731 -0.499178 0.335854 0.757673 0.931986 -0.392192 -0.266902 0.473920 0.541653 -0.340737 0.216687 -0.592481 -0.472572 0.388363 -0.255066 -0.772628 0.634966 0.041084 -0.387369 -0.448971 -0.131278 0.074474 -0.447564 0.874339 0.611560 0.561974 -0.566440 0.707092 0.076018 -0.360842 -0.446364 0.141297 0.195847 -0.822749 -0.993501 -0.048312 0.231420 0.690669 0.095740 -0.307584 0.516840 -0.377714 0.812623 0.082783 0.537510
0.503966 0.260493 -0.806538 -0.504249 -0.204381 0.369748 0.004456 0.313250 -0.565232 0.349736 -0.921176 -0.247855 0.562064 -0.201288 -0.642361 -0.470119 -0.364127 -0.702820 0.423696 0.449727 -0.964788 -0.379647 -0.791902 0.647743 0.743633 0.046294 0.399294 0.427199 -0.707045 0.653832 -0.385457 0.902133 0.695536 -0.262805 0.391546 -0.310521 0.703027 0.044577 0.116200 0.605558 0.222225 -0.197197 -0.228860 0.051885 -0.738690 -0.599299 -0.100874 0.064274 0.789440 0.168764
-0.704137 0.767842 -0.232816 0.043872 0.029754 0.291209 0.253157 -0.260032 0.955242 -0.885616 -0.334370 -0.829311 0.018211 0.747771 0.895263 -0.506962 -0.795194 -0.579610 0.967306 0.890579 -0.493868 0.626840 -0.420101 -0.335269 0.053405 -0.971995 0.827135 -0.571344 0.088653 0.182440 -0.227086 -0.655653 -0.882662 -0.559060 -0.468215 0.482957 -0.389737 0.311296 0.119386 -0.363727 -0.530468 -0.297756 0.198342 -0.423392 -0.174388 0.043348 0.857894 -0.179461 -0.949130 0.179585
-0.942163 0.367376 -0.650932 -0.912271 -0.593314 0.356011 0.392758 -0.899507 -0.619601 0.577590 -0.107678 0.792667 -0.517686 0.360127 0.015205 0.579694 -0.954873 -0.398559 0.831534 -0.551655 -0.828191 0.643790 -0.524832 -0.899666 0.352338 -0.087725 0.464686 0.517536 -0.213199 0.339582 0.447432 -0.573966 -0.469950 -0.409746 0.979073 0.312838 0.424030 0.905839 0.184415 0.011424 -0.565814 -0.742176 0.562133 -0.118170 -0.767302 -0.042414 -0.344194 -0.571836 -0.667722 0.392055
-0.671741 -0.557957 0.891270 -0.944129 -0.462194 0.809170 0.483762 -0.008378 0.148643 0.909434 0.725899 -0.307237 0.936022 0.103921 -0.644759 -0.857091 -0.485634 -0.418238 -0.989715 -0.621599 -0.266316 -0.986528 -0.032115 -0.555817 -0.640430 -0.187509 -0.509735 -0.919220 -0.190711 -0.346863 -0.351362 -0.198176 -0.467782 -0.827961 -0.057076 -0.786850 0.341747 0.895477 -0.218082 0.588265 -0.826071 -0.298174 -0.984189 0.033684 0.189556 0.135129 -0.874256 -0.675999 -0.140928 -0.540704
0.503989 0.125832 0.393319 -0.257472 -0.821562 -0.456426 -0.260610 0.499986 -0.747835 -0.015179 -0.036344 -0.381046 -0.827444 0.245505 0.351050 0.677729 0.458297 0.998292 0.206893 0.914104 0.494906 -0.018114 0.743854 -0.818330 0.046209 0.802681 0.038707 -0.092696 -0.759428 -0.965340 0.980783 -0.584099 0.663414 -0.161839 -0.502299 -0.817303 -0.374887 0.577712 0.352861 -0.995386 -0.382790 -0.379829 0.792753 0.033710 0.211305 0.611745 -0.995076 -0.049528 -0.391318 -0.938072
0.375439 -0.514499 0.123028 0.575064 0.807462 -0.604446 0.342833 0.862829 -0.303727 0.114241 -0.652582 0.456138 -0.824091 0.161278 0.756853 0.176669 -0.405157 -0.611974 -0.523865 -0.410818 -0.628754 -0.464236 -0.069178 0.193860 0.371192 0.800130 -0.297540 0.361014 0.117032 0.506491 -0.543796 0.325410 0.885685 -0.724423 0.328960 0.208615 0.044841 -0.482656 -0.489760 0.482604 -0.764782 -0.019096 0.980040 -0.047747 0.049346 0.382521 0.180216 -0.472669 -0.232306 0.490140
0.636267 0.704999 -0.021456 0.516629 -0.871612 0.085762 0.039585 0.626032 0.079495 0.571360 -0.647270 -0.108629 0.983523 -0.673882 0.732575 -0.796737 -0.058642 -0.916671 0.093796 0.264824 -0.720475 0.084093 0.372743 -0.120942 -0.527530 -0.802299 0.819723 -0.354819 0.779990 0.106521 -0.504551 0.544445 -0.452949 0.232250 -0.473387 -0.104418 -0.078017 -0.079247 -0.068062 0.571046 -0.042890 0.695159 -0.344056 -0.141548 0.350877 0.126755 0.537904 -0.878179 -0.500763 -0.411146
0.221405 0.874385 -0.938868 0.004746 -0.655211 0.867654 -0.437141 0.975502 -0.550734 -0.190346 0.248286 -0.164814 0.999939 -0.906145 -0.996546 -0.018759 0.873673 0.265455 0.372468 0.154128 0.512788 0.050133 -0.053559 -0.211147 -0.888849 -0.874361 0.175972 -0.041896 0.693209 0.493916 0.039716 -0.612370 -0.454565 -0.843571 0.921537 0.298217 0.020938 0.132117 0.776253 0.575309 0.228762 0.999108 0.082623 0.113694 -0.374620 0.851670 0.749789 0.933280 0.906739 0.295836
-0.748698 -0.262924 -0.230059 -0.666959 0.114912 -0.040185 0.872841 -0.115172 -0.761909 0.778510 -0.709353 -0.517795 0.418492 0.451773 0.830072 -0.756872 -0.367667 0.352491 -0.723762 0.007684 0.596599 -0.896392 0.736841 -0.069577 -0.260292 -0.801739 0.364073 0.944938 0.352912 0.108797 -0.150438 0.087361 -0.645947 -0.457313 -0.911450 -0.806897 0.798650 -0.373695 -0.836732 0.196570 0.982800 -0.175972 0.118177 0.824912 0.406735 -0.744679 -0.522683 0.220885 0.549382 0.358827
-0.929397 0.335661 -0.104862 0.386747 -0.402099 0.399169 -0.991422 0.325813 0.655663 -0.248861 -0.839419 0.674871 -0.896153 -0.360267 0.198544 0.909632 -0.841305 -0.851655 -0.219088 -0.759223 0.345044 -0.491654 0.800590 0.848898 0.132503 0.617640 0.800838 0.956680 -0.585273 0.392866 -0.090917 0.588276 -0.588890 -0.634488 -0.675072 -0.184938 -0.444890 -0.626600 0.209366 -0.444025 -0.312626 -0.932622 0.113029 -0.462169 0.795386 -0.494749 0.723821 -0.759366 -0.131152 -0.483343
0.675391 -0.518027 0.350190 0.924665 -0.159439 0.961168 0.722257 0.270785 -0.111436 -0.470193 0.972206 -0.740804 -0.506805 -0.374401 0.683602 -0.010515 0.418756 0.609196 -0.832030 0.374363 0.989633 0.075015 -0.302522 -0.499129 0.954858 -0.147846 -0.757648 0.095914 0.473762 0.023737 -0.713261 -0.541360 0.249391 0.731408 0.129772 -0.274721 0.343825 -0.970052 -0.232592 0.816343 0.756756 -0.016729 -0.973633 0.325400 -0.562038 0.259860 0.347212 0.038618 0.446766 -0.901210
-0.174724 -0.049742 0.827669 0.667051 -0.231212 -0.976308 -0.951253 -0.887176 -0.458489 0.934291 -0.276371 0.689807 0.393860 0.037682 0.340392 -0.570189 -0.391357 0.940264 0.230975 0.131751 -0.976594 0.448184 -0.274690 -0.238481 0.827481 0.441577 0.405817 -0.388012 -0.533712 -0.948544 0.748857 0.276450 -0.843644 -0.660932 -0.195194 -0.052970 0.573911 -0.231755 0.229556 0.050602 -0.405256 -0.440216 0.076078 0.481999 -0.663850 0.668650 -0.506357 -0.030663 -0.267305 0.105914
-0.172585 -0.765399 -0.939926 -0.997988 -0.859282 0.558937 0.910608 -0.335392 -0.513630 -0.204128 0.113072 -0.167869 -0.294413 0.277325 0.110930 0.689497 -0.291912 0.711940 0.647247 -0.097647 -0.641869 -0.417393 -0.579426 -0.421185 -0.250307 0.018244 -0.176233 -0.495428 0.927711 0.200848 0.999529 -0.488470 -0.040780 0.817076 -0.550695 0.725314 -0.513478 -0.847191 -0.892641 -0.657111 0.764550 -0.473920 0.571489 0.794702 0.795978 0.032969 0.727548 0.584833 0.414866 -0.231883
-0.420318 -0.934729 0.311258 -0.665411 0.230842 0.200514 -0.359673 -0.494609 0.524294 0.766876 -0.880457 0.666171 0.750270 -0.128771 -0.070509 0.415825 -0.591048 0.989937 0.110733 -0.186014 0.202947 -0.446432 -0.346257 0.842983 -0.247621 -0.208587 0.262450 -0.993357 -0.333103 -0.137113 0.456053 -0.263692 -0.370581 0.284025 0.272535 -0.257002 0.516877 0.125555 0.714318 -0.142163 0.249449 -0.503379 0.902855 0.472922 0.282078 0.412851 0.912150 0.285874 0.489369 0.294344
-0.586735 -0.404820 0.709206 -0.381390 0.107622 0.310341 0.857532 -0.997089 0.135824 0.962238 0.990076 0.399798 -0.584619 -0.247285 -0.239585 -0.489538 -0.133057 0.995726 -0.731435 0.788763 -0.476380 -0.151833 0.568886 -0.512282 0.036567 0.225947 -0.785502 0.539106 0.177440 0.783979 -0.068696 0.377829 0.618646 -0.147190 0.441849 -0.244106 0.366179 0.483982 0.914443 -0.772302 -0.551445 0.910964 -0.131953 -0.446416 0.359353 0.790814 -0.393550 -0.424953 -0.173379 -0.233388
0.544688 -0.949256 0.857736 -0.138065 0.010830 -0.768418 0.066905 -0.623741 0.683497 0.210791 -0.790601 -0.253433 0.762696 0.028592 0.061882 0.863348 0.704295 -0.508345 0.242300 -0.172634 -0.694938 -0.666066 -0.702351 -0.116384 0.637843 0.852327 -0.942632 -0.944494 0.161598 -0.006469 -0.609547 -0.235304 -0.513190 -0.062551 -0.209691 0.395660 0.428345 -0.621158 -0.049583 0.238135 -0.661914 -0.621985 -0.307227 -0.823700 0.321962 0.244405 0.098191 0.319117 -0.602614 -0.695535
0.689728 -0.636139 0.048591 -0.287703 0.786066 0.007464 0.442862 -0.025137 0.195821 0.869562 0.975484 0.611569 -0.776640 0.172233 0.751783 -0.076411 0.106875 0.107695 -0.924882 -0.884146 -0.607570 0.378030 0.568888 0.118550 -0.051043 0.951129 -0.921807 0.590060 -0.205358 0.993504 -0.076323 -0.237552 -0.051636 0.985644 0.598790 0.500697 0.404954 0.012662 0.741555 -0.304645 -0.286621 -0.334500 -0.137175 0.543179 0.664124 -0.860354 0.896578 -0.413210 0.449455 -0.640545
0.403984 -0.597267 0.565839 -0.362397 -0.030410 -0.856819 -0.906150 -0.670790 0.572549 -0.833364 -0.557767 0.717311 -0.741777 -0.850801 0.393858 0.146278 0.609729 -0.730518 0.067536 -0.661013 -0.268007 0.518624 0.038676 -0.934848 -0.703283 -0.686073 -0.035141 -0.558505 -0.712169 0.818098 -0.458038 0.871099 -0.302289 -0.856051 -0.065010 0.076332 -0.702757 -0.425010 -0.222359 0.199025 0.768048 0.484874 -0.883613 -0.135988 0.301808 0.115819 -0.239925 0.108708 -0.714402 0.860863
0.244769 0.387861 0.301082 -0.361237 0.088787 0.134252 -0.072745 0.150089 -0.302837 0.523962 0.016401 -0.155519 0.498392 -0.736859 0.024747 -0.235333 0.805717 -0.774936 0.910748 0.818538 -0.554638 0.121817 0.464842 0.648807 0.793595 0.096209 0.232123 -0.181823 0.562162 -0.619249 0.851898 0.200582 -0.739731 0.174074 0.290355 -0.415557 -0.811565 -0.933938 0.568052 0.744388 -0.098006 0.056268 -0.790437 -0.783169 -0.508289 -0.885404 0.652345 0.105934 0.230174 -0.691741
-0.580532 -0.516460 -0.384721 -0.751599 -0.907583 0.961409 -0.084349 0.990504 -0.057034 0.384847 -0.108324 0.762069 0.038165 0.473765 -0.053879 -0.450158 -0.044240 0.079914 -0.434403 0.999827 -0.177348 0.379718 0.411921 -0.083206 -0.395238 -0.036037 0.354998 -0.567202 0.839375 -0.015487 0.381541 -0.453186 0.117927 -0.691139 0.378424 0.487895 -0.051138 0.776900 -0.556889 -0.182197 0.343085 0.951239 0.037612 0.523952 0.235597 0.572895 0.173272 -0.537413 -0.021959 0.079412
-0.159454 0.342485 0.783018 0.813782 -0.019966 -0.770919 0.317706 0.218613 -0.282089 0.459072 -0.489417 0.403089 -0.012874 -0.997254 -0.884000 -0.713925 -0.267076 0.674593 0.243251 0.867391 -0.804875 0.317774 -0.038134 0.438926 -0.573894 -0.426930 -0.932664 -0.414562 -0.074642 0.031256 -0.320874 0.496281 -0.309808 0.181720 0.622056 -0.029911 0.875014 0.632351 0.983544 0.487913 0.693640 0.584932 -0.530843 0.138583 -0.685285 -0.021932 0.366308 -0.733627 -0.037406 -0.501805
0.096216 -0.907747 0.297007 -0.226467 0.116689 0.938395 0.958225 0.917504 -0.280866 0.382836 0.505744 -0.714969 -0.502649 0.729129 0.882944 0.677692 0.057739 -0.066821 0.734703 0.187221 -0.307758 -0.992012 -0.948162 0.109952 -0.097112 -0.820130 0.293088 -0.892237 0.628660 -0.693718 0.355425 0.177027 -0.964577 -0.271364 0.135587 -0.515495 -0.110481 -0.793298 -0.223645 -0.737161 -0.783775 0.566729 0.629808 0.622958 0.654284 -0.335578 0.608030 -0.841780 -0.044361 0.348539
0.548425 0.115732 0.681756 0.203835 0.196495 -0.286318 0.937468 -0.192069 0.184855 0.774026 0.403905 -0.621673 0.904076 -0.318985 -0.027619 -0.182737 0.585689 -0.270080 -0.905556 0.468947 -0.631189 0.638326 0.820154 -0.542993 -0.217527 -0.682298 -0.062445 -0.089311 -0.867310 -0.833966 -0.780960 0.577327 0.639950 -0.180683 0.818097 0.933131 0.113491 -0.099767 -0.044694 0.205817 0.503980 0.159278 0.297422 0.049376 0.731651 -0.529923 0.889631 -0.704948 0.257636 0.904509
0.209508 0.644800 -0.147504 -0.906015 -0.564697 0.647268 -0.166991 0.743570 0.992615 0.880137 0.678750 0.438768 0.677208 -0.127878 0.953259 0.223596 -0.641982 0.568127 -0.329922 -0.842813 0.213954 0.290900 -0.155814 0.633504 0.319325 -0.917847 0.594109 0.140673 0.820786 0.741351 -0.272170 -0.037450 -0.847649 0.485489 -0.270055 -0.266492 -0.378313 0.017292 -0.396055 0.933683 0.659260 -0.289538 0.126031 -0.910189 0.419761 0.776153 0.566567 -0.471602 0.284597 -0.542082
0.572617 -0.347447 -0.653071 -0.914474 0.646178 -0.855275 -0.948214 -0.269909 0.367771 -0.712526 0.733828 -0.876745 -0.513033 0.101334 -0.070715 -0.805736 0.722342 -0.839501 0.294676 0.131203 0.571110 -0.372373 0.416310 -0.677687 0.627034 0.227154 0.326455 0.844634 0.471301 -0.066186 0.420723 0.917826 -0.383665 -0.135704 0.390430 0.054512 0.668021 0.734614 -0.697668 -0.744886 0.801719 -0.355434 -0.781568 -0.033883 -0.354771 -0.455887 -0.887469 0.713794 -0.680252 0.721980
-0.472742 -0.932535 0.898701 0.659916 0.891401 0.908361 0.812411 -0.652202 0.434240 0.721698 0.858360 0.241058 -0.860154 0.305322 -0.278089 0.039870 -0.821505 0.628250 0.999872 0.410093 0.961265 -0.386144 0.372384 0.470883 0.996300 0.574582 0.654689 -0.272814 -0.403094 -0.563357 -0.557034 0.518272 -0.014163 -0.134281 -0.139397 -0.152706 0.598986 0.321796 0.347402 0.599256 0.910006 -0.944118 -0.568923 0.061562 -0.831430 -0.102784 -0.212431 -0.908764 0.880524 0.863555
0.403696 -0.071315 -0.972924 -0.272105 -0.241646 0.214258 0.778430 -0.979839 0.155661 -0.246935 -0.408152 0.195598 0.447129 0.923483 0.318369 0.404496 0.896298 0.520017 -0.602168 -0.543213 -0.605885 -0.891011 -0.762540 0.886713 0.263179 -0.880164 0.635936 0.823454 -0.220078 0.986448 0.449183 -0.026973 -0.251722 0.396805 -0.202472 0.340227 0.896520 0.099607 0.412514 0.240910 0.214874 -0.000880 -0.830365 -0.006301 0.627390 0.111902 0.798035 0.980082 -0.248499 -0.347248
0.292239 -0.715475 0.776781 -0.542011 0.092520 0.193472 -0.109714 -0.222472 -0.192032 0.655838 -0.229690 -0.016447 -0.979669 0.782504 0.399754 -0.309036 0.190380 -0.955185 -0.772322 -0.782101 0.798767 0.408307 -0.450831 0.507421 0.483933 -0.413542 0.525371 -0.161296 -0.623919 0.858137 -0.289307 -0.558438 0.198408 0.669445 -0.290997 0.499789 0.569067 0.295995 0.298922 0.992954 -0.753074 0.281824 -0.555405 -0.760434 -0.529874 -0.529987 0.235871 -0.030905 -0.697965 0.497369
0.793482 -0.278518 0.020953 0.350289 -0.673787 -0.770879 -0.141070 0.626254 0.025111 0.610368 -0.922332 -0.974477 0.153831 0.506450 0.191188 0.041676 -0.633944 -0.004530 -0.520757 0.191197 0.187338 -0.140087 0.553010 -0.262301 0.503442 0.546980 -0.920366 0.807058 -0.098359 0.069151 0.362676 -0.568628 0.317766 -0.567566 -0.457722 -0.013750 -0.907552 0.118670 0.299819 0.230196 0.553021 -0.283943 0.184891 0.883789 0.740540 0.466198 -0.335853 0.730915 0.578752 0.243881
-0.366484 0.578515 -0.654815 0.603363 0.141429 -0.621222 -0.645031 0.910930 -0.029967 -0.503923 -0.556328 0.256784 -0.054653 0.827839 -0.031772 0.689407 0.146852 0.663587 -0.982971 -0.989278 0.282920 0.180935 0.143219 0.987983 0.662922 0.330320 -0.334471 -0.237021 -0.269406 -0.709760 -0.819253 -0.636495 -0.087858 0.977326 0.057601 0.975310 0.287931 -0.341847 0.356268 0.083770 0.982011 -0.942785 -0.104287 0.903096 0.563393 -0.879230 -0.475930 -0.218432 0.480638 0.121901
-0.644679 -0.304031 0.349600 0.826167 -0.000965 0.983443 -0.792347 0.222149 0.373502 0.028345 0.769227 0.295248 0.165166 0.594662 -0.778956 0.580799 0.597162 -0.185682 0.497682 -0.349731 -0.868118 0.643854 -0.276532 -0.052132 -0.745887 -0.440041 0.485667 -0.818109 -0.752458 0.311640 -0.607751 0.934377 -0.653092 0.762752 -0.857014 0.312836 -0.997114 -0.547826 0.909530 -0.383627 0.592790 -0.617051 0.478719 0.292169 0.650713 -0.702565 -0.626124 -0.108195 0.579042 0.471991
-0.497814 -0.835768 0.071477 -0.007777 -0.784121 -0.410485 0.804283 0.942859 -0.800355 -0.150017 0.530729 0.551579 -0.681313 0.702266 0.554001 -0.014130 -0.768880 0.171164 -0.248477 0.757589 -0.365872 -0.246057 -0.907754 0.004809 -0.682358 -0.463877 -0.179056 0.150704 0.915921 -0.534053 0.494391 0.964018 0.085621 -0.281612 -0.443435 -0.700775 0.714407 -0.638812 0.806402 -0.240907 0.189283 0.875349 -0.781144 0.261634 0.711571 -0.230326 0.778375 -0.142488 0.256606 -0.507536
-0.849513 0.102927 -0.850991 0.485125 -0.954975 0.206957 -0.227923 0.114459 -0.357329 -0.104132 -0.988962 0.670082 0.433440 0.616392 -0.853820 0.897693 -0.955017 -0.831900 -0.340866 0.771397 -0.153571 -0.448822 -0.952410 0.636257 0.278512 -0.693513 -0.835797 0.519925 0.368990 -0.959427 -0.694317 0.104962 -0.013316 -0.146681 0.194690 0.848244 -0.133581 0.609136 -0.137577 0.472806 -0.484499 0.130194 -0.491055 -0.212730 -0.473284 0.708083 -0.845772 0.656365 -0.530436 -0.946121
0.777295 0.403666 0.661460 -0.683615 -0.004623 0.079021 0.420930 0.025249 -0.597457 -0.498844 -0.290873 -0.688915 -0.289022 0.661183 0.442363 -0.768173 0.397508 -0.349817 -0.083891 -0.584329 0.176781 0.195070 -0.338563 0.481403 0.037917 -0.144281 -0.970205 -0.421495 -0.780327 -0.918957 -0.810401 -0.930517 -0.385758 -0.912832 -0.402732 0.754978 0.516762 0.985313 0.816818 0.814921 0.942389 -0.822607 -0.552943 -0.488084 0.048577 -0.311770 -0.103900 -0.149797 0.838554 0.890099
-0.789265 0.581163 0.296117 -0.601396 0.474549 0.385279 0.262866 -0.120900 0.794378 -0.293497 0.714425 0.055804 -0.392450 -0.795668 0.853800 0.264963 -0.095413 0.508178 0.307497 0.628189 -0.883379 0.765247 0.445379 -0.663687 0.920160 -0.566610 0.218344 0.221412 -0.644562 0.982616 0.332424 0.761599 0.128311 -0.088871 0.511744 -0.105271 -0.137034 -0.928130 0.677266 0.871974 -0.507935 0.418669 -0.951235 0.832864 -0.927201 -0.686355 0.898541 0.603636 0.599848 0.306207
0.897148 -0.256259 0.838792 0.114335 0.355284 0.159177 -0.463052 -0.026401 -0.771782 0.381651 0.194676 0.586990 0.771248 0.331153 -0.725662 -0.283939 0.177674 -0.478970 0.996124 0.656408 -0.594218 -0.440776 0.236260 -0.340374 -0.254048 -0.368420 0.377527 0.928296 0.222344 0.137722 0.158130 -0.087555 0.640245 -0.989492 -0.642904 0.487334 -0.607276 0.874066 -0.812715 -0.883855 0.532899 0.650483 -0.707856 -0.818101 0.567580 0.445215 0.153985 -0.067524 -0.863043 -0.803677
-0.619237 0.635110 0.358694 -0.768872 -0.357449 0.620123 0.877279 -0.226617 -0.172837 -0.873019 0.299245 0.597136 0.009424 -0.063084 -0.676235 -0.393098 -0.375089 0.947383 0.461390 0.947574 0.530216 -0.350692 -0.343765 -0.860969 0.022276 0.109159 -0.689905 0.992774 -0.473096 -0.208409 -0.346495 0.188581 -0.019352 -0.150246 -0.286894 0.027969 -0.965372 0.437132 0.426102 0.426639 -0.016288 -0.919411 0.753236 0.947959 0.551254 -0.717660 -0.021889 0.020921 0.739005 0.279626
0.499732 -0.269322 0.390819 0.526357 -0.711064 0.054979 0.650650 -0.687828 0.001499 -0.552504 0.905283 0.953811 0.045769 -0.646747 0.586738 0.268351 -0.121691 0.626829 -0.121671 -0.648833 -0.285547 -0.524160 0.662705 0.016254 0.393995 0.721884 0.493050 0.151847 0.173625 -0.937232 0.370517 -0.857275 -0.783399 0.731786 0.105489 0.099448 0.018552 0.924452 0.410704 -0.204295 0.321916 -0.450452 -0.726532 -0.178299 0.961196 0.260268 -0.941953 -0.541935 -0.445096 -0.078659
0.742853 0.180473 0.556905 -0.587865 0.990666 -0.601752 -0.348801 -0.357192 0.671928 0.975402 -0.426059 0.983737 0.165174 0.473703 -0.932808 -0.621814 -0.632577 -0.220078 0.958497 -0.169816 -0.059055 -0.454769 -0.871129 0.016077 0.094125 -0.942359 0.909202 -0.320574 -0.882437 0.333064 0.042983 -0.443243 0.736049 0.387877 0.034330 0.372478 -0.544277 0.982552 -0.659879 0.052930 -0.711190 -0.287552 -0.515525 -0.284041 -0.202003 -0.621577 -0.124065 0.845395 -0.779851 -0.886442
-0.746941 -0.719078 -0.926775 0.062013 0.739461 -0.828739 0.338560 -0.197205 0.370016 0.124166 -0.597002 -0.050632 0.472575 0.323836 0.957488 0.119545 0.636548 -0.891109 0.960352 -0.549950 0.370585 -0.903141 0.652046 -0.388363 0.515959 -0.119734 0.029643 0.165746 -0.300146 -0.989715 0.116900 0.200256 0.843976 0.100248 0.657955 0.000362 -0.987051 -0.580899 -0.522101 0.508476 -0.156183 -0.481707 0.623117 -0.638860 0.952825 -0.116398 -0.931653 0.569092 -0.843882 0.180804
-0.530133 0.189636 0.557675 -0.897247 0.369841 -0.459711 0.758932 0.977026 -0.036899 0.606692 0.771893 0.697349 -0.548140 0.246602 0.382899 -0.971475 -0.015724 0.566948 -0.032167 0.776835 0.285876 0.043156 0.187271 -0.190160 0.016479 0.489777 -0.690106 -0.079679 -0.806966 -0.983151 -0.395558 -0.437043 -0.749054 0.725346 0.335224 0.573530 0.701692 0.661426 0.991312 -0.408559 0.306282 0.509557 0.679340 0.587814 -0.436604 0.620369 -0.113294 -0.171783 0.957298 0.326310
-0.913989 0.856182 -0.289109 0.047868 0.542913 0.913356 -0.162574 0.708701 0.097249 -0.116270 0.608497 -0.179944 -0.972689 0.195954 -0.155123 0.064096 0.231983 -0.588218 -0.074593 0.097615 0.006221 0.920236 0.721216 0.871982 -0.402458 -0.887494 -0.723290 -0.553898 -0.551151 0.227659 0.871909 -0.657697 -0.015498 0.799491 0.394038 0.589827 -0.239833 -0.449454 -0.519826 -0.570638 0.797924 0.423230 0.220910 0.779912 -0.563953 0.006342 -0.008497 -0.852400 -0.798946 0.607752
-0.472314 0.267895 -0.652490 -0.389898 0.497427 0.355225 -0.755926 -0.594872 0.602931 0.116570 -0.404166 -0.625089 0.972355 0.355189 0.129761 0.477466 0.745832 0.832522 -0.822731 -0.094725 -0.051236 -0.473427 0.717115 -0.513411 0.421762 -0.704585 -0.417590 0.840167 0.750074 -0.121975 -0.110899 0.901774 -0.701509 -0.848483 0.315782 -0.704610 0.709636 0.125292 -0.048451 0.471621 -0.076040 -0.187957 0.733310 -0.440779 0.644446 -0.898649 -0.292478 -0.044643 -0.991790 0.344258
-0.646515 0.738397 -0.828257 0.521186 -0.510994 0.182843 -0.335914 -0.305974 0.642259 -0.055868 -0.695537 0.824622 0.131828 0.058793 -0.745782 0.192096 -0.462991 -0.163961 0.339295 0.613233 -0.595332 0.763069 -0.231281 0.610518 0.613849 0.782216 0.550877 0.079847 -0.149402 0.888645 0.166274 -0.379627 0.538031 -0.473313 0.980149 -0.848015 0.991264 -0.761465 -0.946207 0.420159 -0.547151 -0.161533 -0.223456 0.408750 0.759326 0.647453 -0.390899 0.764081 0.460163 -0.039094
0.399948 -0.042850 -0.122282 0.538935 -0.116998 -0.716416 0.299659 0.770912 0.104474 0.229707 -0.585446 0.353174 0.086150 -0.438130 0.601974 0.648984 -0.118095 -0.598921 -0.918974 0.285461 0.741677 0.287801 0.947130 0.214492 -0.170107 -0.448475 -0.275039 -0.414907 -0.739353 -0.439763 0.822330 -0.509916 -0.321647 -0.317338 -0.564719 -0.007102 0.588223 0.406332 0.038196 -0.132102 0.947265 0.297965 0.910873 0.092113 -0.042069 0.227694 -0.838591 -0.943971 0.950266 -0.527851
0.117068 -0.315327 -0.873999 0.499263 -0.807997 -0.003657 -0.856898 0.879098 -0.721301 -0.384863 0.230162 -0.927222 0.301224 -0.092603 -0.300114 -0.688538 -0.705419 0.069355 0.639227 0.944496 0.209852 0.168526 0.255808 0.102239 -0.246839 0.856723 -0.614784 -0.871045 0.866770 -0.939563 0.828781 -0.830826 0.618794 0.138796 0.062052 -0.725538 0.650941 -0.091695 -0.372631 0.787244 -0.551187 0.311686 0.924382 0.682857 0.105841 0.352592 0.234470 -0.521495 -0.241679 0.250163
0.367943 -0.525580 0.838373 -0.686804 0.868061 -0.151751 -0.469099 -0.260176 0.637381 0.227862 -0.201685 -0.606806 -0.336110 -0.731615 -0.088870 -0.224708 0.613691 -0.374625 -0.607270 -0.511844 0.345526 -0.864097 0.251545 0.802647 0.258951 -0.083207 0.669420 -0.585305 -0.423554 0.104918 0.619392 0.779693 0.755971 -0.056144 -0.013585 0.141521 0.456527 -0.669256 -0.007473 -0.601582 -0.569030 0.238230 -0.281373 -0.663502 -0.806449 -0.321102 0.683174 -0.403056 0.053401 0.228891
0.725959 0.241796 -0.130220 -0.583572 0.240137 0.800963 0.612488 0.079098 -0.696560 -0.213589 -0.202914 0.288861 0.706158 -0.256787 0.584983 -0.923716 -0.182313 0.596349 0.921184 -0.074266 0.620425 -0.727603 -0.161020 0.575350 -0.465298 -0.150972 -0.414201 -0.892430 0.534154 0.060348 -0.471553 0.661190 -0.919655 -0.872908 -0.238189 -0.437992 0.848820 0.110913 0.809505 -0.810169 0.939135 0.675446 0.330735 -0.314316 0.073643 0.612675 0.315049 -0.860347 0.802002 0.843160
0.836758 -0.632835 -0.010593 -0.652559 0.171852 0.652059 -0.023155 -0.797377 0.108250 -0.497612 0.344125 0.451156 0.327475 0.893135 -0.678436 0.547516 -0.144854 0.927905 0.316558 0.658336 -0.499897 -0.993385 -0.011291 0.237519 0.352125 0.650560 0.350240 0.068533 -0.653078 -0.480060 0.374935 0.525074 -0.463536 0.307041 -0.024516 -0.689066 -0.830716 -0.602451 -0.238142 0.194374 -0.933557 0.579797 0.446815 -0.160193 -0.384338 -0.430000 -0.535510 0.791786 -0.907908 0.821496
-0.765555 0.395894 0.611931 -0.856575 -0.232540 -0.896810 -0.668162 -0.092959 -0.450838 -0.398180 0.666655 0.611182 -0.796757 -0.984334 0.881082 0.749482 0.535776 -0.266022 0.120279 0.361044 0.726874 0.248955 0.095602 0.567626 -0.274755 0.002070 0.213095 -0.113303 -0.609346 0.299138 0.096260 -0.183998 0.661377 -0.879244 0.312868 0.085561 0.125914 -0.142027 0.639202 -0.300715 -0.425187 0.104922 0.082796 -0.027060 -0.788381 0.038651 -0.215831 0.466178 -0.964926 0.217393
0.983889 0.694037 -0.517570 -0.560344 0.261058 0.025815 0.737450 -0.368963 -0.718314 -0.712823 0.947282 0.549061 -0.700426 0.717369 -0.635232 0.930302 -0.217105 0.283151 0.876749 0.532742 -0.862388 0.353856 0.014917 0.053387 0.730269 -0.585949 -0.588223 -0.419711 -0.966065 0.732606 0.271656 -0.632177 -0.288800 0.408771 -0.923780 0.711263 0.109879 -0.983298 -0.242060 -0.126413 0.372798 0.805911 -0.537352 -0.105372 -0.419980 0.973484 0.879943 -0.260222 -0.440920 0.180858
0.782783 0.542200 -0.699942 -0.119898 -0.022396 -0.462917 0.278748 0.762431 0.536703 -0.911926 0.282767 0.321195 -0.415722 -0.878946 0.756979 -0.295363 -0.357668 0.363284 0.271218 -0.118179 0.090122 -0.131442 0.103231 0.050026 -0.494707 0.727700 0.569614 -0.030206 0.226443 -0.812894 0.435351 -0.496245 0.583949 0.064433 -0.228918 -0.444072 0.309393 -0.400136 0.267407 -0.102617 0.864446 -0.916452 0.638835 0.198764 -0.414209 -0.104366 -0.399921 -0.029098 0.090650 0.527321
-0.717217 -0.872354 0.804559 0.870733 -0.541507 0.538236 0.210015 -0.413457 0.482263 0.115632 0.190442 0.616547 0.709829 0.994994 0.944847 0.693773 -0.068160 -0.839015 -0.002995 -0.123814 -0.211596 -0.626480 -0.397983 -0.381429 -0.685882 -0.369894 0.155087 -0.222726 0.881292 0.264935 0.689533 0.214408 0.594990 -0.084594 -0.029247 -0.553300 0.351460 -0.473273 0.370960 -0.822923 -0.212102 -0.390908 0.174864 0.142201 -0.916239 0.259697 0.312141 -0.635919 0.537373 0.898891
0.079746 0.483024 0.052964 -0.158690 -0.620371 0.003309 0.060960 0.173392 0.017237 -0.242004 0.472554 0.256450 -0.328775 0.893318 -0.574865 0.504131 0.941560 -0.209041 0.017922 0.137638 0.580153 0.718390 0.881548 -0.376002 -0.838833 -0.543887 -0.364560 0.062064 -0.148272 0.373304 -0.394268 -0.432224 -0.823279 0.694010 -0.264890 -0.113075 0.744249 -0.863130 0.850105 -0.177270 0.377592 -0.763519 0.642394 0.406140 -0.019429 0.631591 -0.350883 -0.722090 0.119997 0.520344
0.508120 0.859446 -0.158523 0.816311 -0.177852 0.162881 0.353916 -0.260619 -0.052832 0.425298 0.989001 0.170106 -0.750966 0.010015 0.033706 -0.481797 -0.909577 0.187866 -0.034932 -0.216223 0.750520 -0.185874 -0.355764 -0.453606 0.860982 0.741935 -0.439154 0.257514 -0.825561 0.951653 -0.538461 0.820882 -0.703983 -0.116387 0.480489 -0.560126 0.848853 0.864571 0.416764 0.797831 0.924366 -0.644956 -0.267692 0.869013 0.151364 -0.442522 -0.082836 -0.746770 0.454839 -0.761722
-0.143579 0.579504 -0.906272 -0.997037 -0.325945 0.160581 -0.566893 -0.875754 -0.089055 0.460278 0.654911 -0.346236 0.308704 -0.904247 -0.249222 0.731433 0.412239 -0.994760 -0.982995 0.018676 0.745250 0.776654 -0.861627 0.682159 0.985277 -0.124540 -0.767757 0.253169 -0.867754 0.576669 -0.854407 -0.879404 0.925086 -0.622205 -0.653628 0.523234 0.434273 -0.040175 -0.122736 -0.244321 -0.765611 -0.099049 -0.828108 0.760018 0.993127 0.201977 0.304493 -0.648298 0.764746 0.605025
-0.175793 -0.557381 0.008829 0.404076 0.606812 0.853158 0.552291 -0.625432 0.624318 0.405179 -0.421160 0.564774 0.524052 -0.821282 0.264970 -0.558633 -0.619108 -0.765886 0.949981 -0.034463 -0.293663 0.184461 -0.540624 -0.981212 0.961678 -0.859694 -0.112463 -0.316063 -0.869675 0.496721 0.253806 0.682359 0.911175 -0.747669 -0.940456 0.661339 0.006388 -0.820317 0.524017 -0.063886 0.344745 -0.131300 -0.615903 -0.336432 -0.311743 0.467273 0.945876 0.154118 -0.688751 0.785054
0.187446 0.111369 0.181650 -0.816251 -0.196200 -0.647881 0.314155 -0.102321 0.866369 0.770027 0.440812 -0.504508 0.568322 0.657122 -0.148323 0.244245 -0.494731 0.783590 0.310853 -0.420956 -0.480874 -0.346872 -0.209740 -0.868444 0.003407 0.610988 0.058112 0.609227 0.754408 -0.999750 0.523994 0.170273 -0.207599 -0.608349 -0.686466 0.957855 -0.692676 -0.775423 0.685720 0.827298 -0.817659 0.566320 0.145152 -0.624132 0.725693 -0.098886 0.542581 -0.562007 -0.466980 -0.130224
-0.608076 -0.745298 0.891399 0.708689 0.032843 0.691619 -0.511380 -0.382556 0.753164 -0.169645 0.902840 0.849266 -0.307499 -0.326820 -0.558365 0.889494 0.264271 0.806426 -0.882150 0.754667 0.589410 -0.030633 0.348189 0.489983 -0.317950 0.705114 -0.124925 -0.133552 -0.731419 0.203631 0.078000 0.983054 0.994321 -0.097337 -0.984235 -0.634236 -0.242080 -0.804206 -0.819364 -0.771298 0.973629 0.555911 0.158536 0.651194 0.753764 0.634257 -0.310744 0.777741 0.864523 -0.012675
0.997597 0.603496 0.226451 0.973629 0.105333 0.225459 -0.935000 0.641303 0.074025 -0.822594 -0.421308 0.047309 0.926891 0.720297 0.787005 0.626851 -0.208781 0.461271 -0.402677 0.483123 -0.269765 0.594027 0.232692 -0.342407 0.914168 -0.318553 -0.144093 -0.791389 -0.416103 -0.031560 0.843433 0.969134 0.869588 0.348178 0.595641 0.786108 0.783800 -0.473978 0.106356 -0.109460 0.354731 -0.795050 -0.699549 -0.286230 -0.940527 0.968773 -0.764030 -0.522957 -0.153092 -0.785753
-0.260419 0.603450 -0.171919 -0.720430 -0.587560 0.337431 0.426101 0.451583 -0.583442 0.692769 -0.523002 -0.708320 -0.410900 -0.610099 0.249670 0.582280 -0.544566 -0.780183 -0.513340 -0.411058 -0.706772 0.663805 -0.678296 0.209575 0.276670 0.395404 0.860759 0.205693 0.146010 -0.744469 0.349637 -0.396075 0.253068 -0.683965 0.362464 -0.315181 0.873913 0.470835 0.639172 0.742012 0.188664 0.529098 -0.714745 0.051895 -0.310032 -0.139326 -0.144985 -0.457596 0.851694 0.939134
0.474524 -0.492292 -0.268554 0.870026 -0.854186 -0.326948 -0.061097 -0.398845 -0.852407 -0.330907 -0.562147 -0.117872 -0.390821 -0.072632 -0.137424 -0.324745 0.384187 0.249395 0.483086 0.398397 -0.084463 0.094437 0.899456 0.747779 0.388802 -0.843156 0.483645 0.310811 -0.664920 0.712279 0.261614 -0.323933 0.708526 0.706942 -0.688258 0.425502 0.607644 0.323047 -0.366294 -0.625108 0.347070 0.878458 -0.755120 0.157343 0.253334 0.660559 -0.336427 -0.146199 -0.600996 -0.685725
0.330603 -0.303304 -0.783883 0.197712 0.999292 0.149225 0.370961 0.607130 0.237257 0.848484 -0.391501 0.082406 -0.716720 -0.470073 0.666146 0.944312 0.147909 -0.435092 -0.417209 -0.521817 0.096647 -0.912018 -0.793851 0.291347 0.653528 -0.419097 0.634530 -0.862775 0.176738 0.235586 0.145879 -0.061611 0.491024 -0.074175 0.437826 -0.532752 0.522052 0.986158 -0.736332 -0.218621 0.990315 0.159557 0.241601 0.469223 -0.622023 -0.232931 -0.374410 -0.912485 0.921826 0.111378
-0.821209 0.057980 -0.734807 0.071720 0.638819 -0.944023 -0.007749 -0.682094 0.172357 0.212107 0.330653 -0.667593 -0.774379 -0.387599 0.694295 -0.423950 -0.898916 -0.754919 0.501521 0.645373 -0.598803 -0.476797 -0.390133 -0.461288 0.811627 -0.029500 -0.823810 0.922674 0.420175 0.288987 0.581511 -0.696243 0.184862 -0.142270 -0.892060 -0.349468 -0.864628 0.209270 0.835564 0.207879 -0.877447 -0.483368 -0.235848 0.423112 0.181887 0.078973 0.287535 0.266037 -0.564790 0.410693
-0.064739 0.863881 0.693384 -0.724269 -0.316093 -0.557867 -0.992727 0.743643 0.790939 0.599539 0.667306 0.911941 -0.122677 0.626368 0.323706 0.012896 0.382502 -0.336342 -0.853825 -0.027886 -0.805543 0.005637 -0.965941 -0.455413 0.771080 0.067968 0.599177 0.387200 -0.276717 0.336459 -0.644576 -0.531221 0.600105 -0.405447 0.756439 0.217082 -0.735262 0.544292 0.183162 -0.111099 -0.325071 0.498339 0.236957 -0.653398 -0.285346 -0.206522 0.117508 -0.934205 0.016160 0.559549
-0.403945 -0.247312 0.228105 -0.496495 -0.230243 -0.003571 -0.445269 0.904773 -0.410287 0.527884 0.581682 0.453922 -0.936831 0.566643 -0.720991 -0.425600 -0.788323 -0.871500 0.823763 0.115633 0.115567 -0.583530 0.474291 0.188256 0.762464 -0.145187 0.894169 0.110605 -0.135597 -0.451554 -0.365232 0.693248 -0.906929 0.409347 0.017283 0.617769 -0.063625 0.423135 -0.705772 -0.726905 -0.043331 -0.144258 0.016851 -0.252222 -0.750524 -0.106671 -0.973012 0.675643 0.282780 -0.340757
0.949761 0.330521 -0.748957 -0.857572 -0.732103 0.446579 -0.412641 0.685257 0.421685 -0.527475 0.151756 0.810227 0.647751 -0.493696 0.868075 -0.168674 -0.946741 -0.400438 -0.539702 -0.058625 0.631353 -0.960648 0.005266 -0.764705 -0.701018 0.263798 0.620580 -0.773381 0.876547 -0.880275 0.872227 -0.509894 -0.613976 0.316698 0.851141 0.116705 -0.683860 -0.536834 0.407175 -0.185044 0.099971 -0.714295 -0.154903 -0.623441 0.408564 -0.740908 0.734244 0.409747 0.207046 -0.953540
-0.151920 -0.966640 -0.384510 -0.796257 -0.718349 0.825017 0.153464 -0.448603 -0.987407 -0.164853 -0.474955 -0.303171 0.174877 -0.743695 -0.923749 0.838113 -0.323417 -0.099628 -0.206674 0.636794 0.369126 -0.720776 -0.171312 0.523533 0.964554 0.972792 -0.774228 0.602386 0.143915 -0.153637 -0.237426 0.550465 0.661971 -0.523956 0.521749 -0.626507 -0.380553 0.755375 0.040840 0.813221 0.275268 -0.566146 -0.265665 0.486211 -0.483556 0.573336 0.640580 0.473578 0.202078 -0.622600
-0.076823 -0.333908 0.529356 -0.758795 0.757335 0.322428 -0.409294 0.807977 -0.045300 -0.825642 -0.788447 -0.808130 0.877711 0.820585 -0.865175 0.134839 0.424729 -0.330904 -0.590716 -0.345038 -0.774917 -0.001933 -0.635766 -0.446442 0.478899 0.377442 0.063322 -0.645295 -0.235741 0.454357 -0.895438 -0.057619 -0.626809 0.669308 -0.658060 0.397962 -0.788390 0.080519 -0.500994 0.722121 0.306855 0.847559 -0.552648 -0.413684 0.355625 0.929093 -0.302734 0.665483 0.255396 -0.992159
0.724713 0.566482 -0.421502 -0.314588 0.103392 -0.042744 -0.412677 -0.218312 -0.064542 -0.903693 -0.442933 -0.780167 0.069998 -0.812544 -0.877522 -0.469476 -0.867930 -0.870720 -0.904340 -0.929339 -0.107216 0.991637 0.923155 0.957414 0.839006 -0.544901 0.160089 -0.875389 -0.230330 -0.713043 0.450934 0.280915 -0.270776 0.462271 -0.520435 0.840613 -0.851665 -0.056356 -0.285195 -0.865078 -0.475301 -0.917044 -0.581148 -0.019789 0.952422 -0.379414 -0.818380 -0.340233 -0.390731 -0.276650
0.953937 0.118870 0.786787 0.364487 -0.335255 -0.734090 0.335874 -0.588184 0.362370 0.356412 -0.051166 -0.463002 -0.632773 -0.562304 -0.941395 -0.128943 0.841603 -0.696853 -0.398770 0.090405 -0.335093 -0.975845 -0.120110 -0.903603 -0.266807 -0.153530 0.766920 -0.706714 -0.638539 0.239266 -0.513465 0.092971 0.643005 0.820190 -0.241119 -0.278286 -0.125396 -0.914846 0.446027 0.040708 -0.001605 -0.271687 -0.899785 -0.683416 -0.023027 -0.438354 0.354971 0.015347 0.423913 0.940866
0.452544 -0.487664 -0.842391 -0.678599 0.326745 -0.417040 0.570369 -0.194813 -0.798405 -0.945363 0.061461 0.073013 0.959721 0.482483 -0.292654 -0.381446 -0.867732 0.315400 0.428409 -0.706167 0.424162 0.702224 -0.056218 0.378576 -0.460419 0.054402 0.419395 0.701202 -0.625159 -0.870503 -0.910642 0.606041 0.044127 0.756333 -0.505831 0.156329 -0.120317 0.204846 -0.824826 0.311302 -0.835383 0.156926 -0.958707 -0.319342 -0.887600 -0.701687 0.979030 -0.233567 -0.402986 0.628642
0.232950 0.407434 -0.445033 -0.492717 0.709024 -0.534932 -0.072616 -0.228639 -0.337692 0.214809 0.441646 0.589551 -0.347470 0.172928 -0.662730 0.978046 0.817266 -0.267496 -0.841274 -0.389109 -0.006677 0.270702 0.338212 -0.605602 -0.566216 0.207467 0.243232 0.929265 -0.751802 0.477896 0.482465 -0.298147 0.939902 -0.839085 -0.744544 0.297106 -0.791041 -0.629105 -0.516344 0.952795 -0.159150 0.153305 -0.287384 -0.604229 -0.671277 0.788671 -0.812508 0.841500 0.537252 -0.937891
0.285067 0.180521 0.827044 0.726906 0.606509 0.381867 0.691261 -0.110885 -0.814417 -0.384180 0.535803 -0.868341 -0.426281 -0.341443 -0.405814 -0.133631 -0.948476 0.025589 -0.636647 -0.328725 -0.852556 -0.984989 0.744221 0.523878 0.203976 0.529871 0.648080 -0.314594 0.790865 0.708769 -0.191515 -0.678046 -0.906216 -0.184850 0.319414 -0.606685 0.425744 0.681395 0.529860 -0.415778 0.627568 0.940272 0.749420 0.804604 -0.144575 0.812056 0.103554 -0.564638 -0.107548 -0.844075
-0.228125 -0.717308 0.649328 -0.385901 0.807864 -0.455860 0.155931 -0.408178 -0.676877 -0.551773 -0.385849 -0.649341 -0.445759 -0.089622 0.362218 0.560556 -0.852327 0.241233 0.025601 -0.786055 -0.521194 0.197246 -0.065982 -0.296165 -0.669649 -0.356004 0.476110 0.255438 -0.138698 0.666352 -0.226807 0.961302 0.980765 -0.561841 0.074489 0.709724 0.560627 -0.849177 -0.535641 -0.136585 -0.380628 -0.810766 0.570562 0.433803 0.544061 0.446966 -0.085169 -0.249106 -0.751522 0.120792
-0.590683 0.663169 0.391687 0.125182 0.636501 0.386124 0.538372 -0.502422 -0.424882 0.545373 0.444725 0.504761 -0.448139 -0.164622 -0.187926 0.078890 0.973311 -0.223509 0.307380 0.353271 -0.667673 -0.114816 0.081631 0.060198 -0.645493 -0.914746 -0.212329 0.618509 0.369533 0.579352 -0.805072 0.143927 0.277591 -0.591695 -0.749568 0.414632 0.991233 -0.373324 -0.385055 -0.359908 0.614379 -0.607670 0.245227 0.300317 -0.868661 0.633616 -0.487743 -0.843779 -0.676207 -0.202246
0.049908 -0.743721 -0.185747 0.094514 0.020593 0.766964 -0.024732 0.468521 -0.525683 -0.149707 -0.894648 -0.657301 -0.253943 -0.382513 -0.259164 -0.493456 0.225446 0.797823 0.178255 0.621226 0.284239 0.469610 -0.163728 0.507658 0.749715 0.950530 0.374818 0.630884 0.989387 -0.219425 0.900795 -0.969592 -0.069603 -0.747151 -0.750130 0.408963 0.648603 -0.491182 -0.268838 0.824534 -0.162323 0.356559 0.387514 0.103115 -0.391591 0.420861 0.625002 -0.950131 0.651695 0.374205
-0.397539 -0.139852 -0.500080 0.559047 0.762139 0.685272 0.994285 0.901675 0.164275 0.801239 -0.580106 -0.685503 -0.555229 -0.019611 -0.589048 0.108870 -0.215208 0.527967 -0.076958 0.863115 -0.885792 -0.148698 -0.838292 -0.405940 -0.775902 -0.645679 -0.500836 0.076938 -0.817234 -0.942211 0.862914 0.564865 0.892760 0.389017 -0.553275 -0.540497 0.530609 -0.251215 -0.940603 -0.960278 0.508958 -0.972409 -0.197656 0.277193 -0.633433 -0.066966 -0.872058 -0.183819 -0.264289 0.113821
-0.210865 -0.970849 -0.203166 -0.385547 0.341285 0.732841 0.923392 0.724114 -0.628989 -0.978351 -0.416006 0.598252 -0.548330 0.864878 0.204066 -0.272979 -0.100743 0.697518 -0.424535 -0.135427 0.565585 -0.240551 0.952270 0.777525 -0.803846 -0.095267 -0.683448 -0.988484 -0.175536 0.622203 -0.514659 -0.549553 -0.541640 0.323660 -0.286234 0.667269 -0.589825 0.224909 -0.730977 0.428436 -0.680854 0.888425 0.334996 0.857034 -0.480825 -0.334934 -0.872129 0.996792 0.672366 -0.798074
-0.212856 -0.139654 0.555911 -0.908188 -0.162209 -0.437799 0.369237 -0.621041 0.272987 0.028326 0.262298 -0.804163 0.891198 -0.512992 -0.476759 0.773427 0.143747 0.788431 0.403855 0.674576 0.771437 -0.554697 -0.029662 -0.050209 0.601882 -0.823446 -0.233309 -0.192679 0.373503 -0.950780 -0.255368 -0.110578 -0.977784 -0.142020 -0.080939 -0.279688 -0.915671 -0.065745 0.961480 0.630079 0.297098 0.456691 -0.179841 0.129777 0.836930 0.405677 -0.231262 0.630155 0.338061 -0.697070
0.802345 0.952368 -0.390671 0.011919 0.746543 -0.413765 -0.902684 -0.809873 -0.942432 0.800194 0.126906 -0.252322 -0.154490 0.057762 0.992018 0.645579 0.193715 0.507570 0.614274 0.715246 -0.498574 -0.212492 0.722259 -0.471638 -0.054241 0.503101 0.015155 -0.863423 -0.593074 0.375475 0.397307 0.155979 -0.439029 -0.051846 0.065387 0.397268 -0.533805 -0.845303 -0.409520 -0.494438 -0.738643 -0.985376 -0.468947 0.415385 -0.063422 0.013942 -0.794456 0.766443 -0.211361 -0.465833
-0.232051 -0.402234 -0.780753 -0.634958 -0.586043 0.226320 0.347441 -0.804460 -0.554658 -0.896310 0.857718 -0.640290 -0.245215 0.917934 0.250569 0.275098 -0.195368 0.749197 -0.593332 -0.121225 -0.240148 -0.285213 0.187400 0.543412 0.333632 0.612900 0.416544 0.712568 -0.236569 -0.029535 0.354639 0.792766 0.944564 -0.656151 0.603508 -0.684894 0.907653 -0.282895 -0.668696 -0.842904 -0.189365 0.854572 -0.463087 -0.794352 0.207818 -0.826506 0.758308 0.791780 0.213241 -0.601924
0.842090 -0.502201 0.285749 0.001111 0.032220 0.987036 0.071675 -0.381835 -0.800795 -0.155533 -0.219224 0.181245 0.500022 -0.785515 -0.449939 -0.715417 0.778460 -0.560240 0.013153 -0.600947 -0.977540 -0.797704 0.641698 -0.539718 0.381991 -0.103340 -0.774216 0.321050 -0.568154 0.579794 0.212703 -0.281339 0.863954 0.675068 0.872150 0.158034 -0.494539 -0.970916 -0.815748 0.329212 0.211340 -0.331010 -0.119575 -0.381533 -0.701535 -0.656416 0.455378 -0.729740 0.784584 -0.811674
0.538946 0.133529 -0.788208 -0.853264 -0.812233 -0.604686 -0.652801 -0.019106 0.910042 -0.781508 0.913795 0.639453 -0.260124 0.939590 0.070484 -0.779497 0.960634 -0.883689 0.848668 -0.770816 -0.842741 0.536136 -0.938585 -0.221431 -0.755279 -0.966924 0.407995 -0.597836 0.304809 0.408269 -0.245701 0.293430 0.440560 -0.187030 -0.451015 0.119818 0.596938 0.006491 -0.249869 0.821321 0.525044 -0.865813 0.260016 0.934102 0.700030 -0.277677 -0.357080 0.113312 -0.070805 0.462076
0.590615 0.983002 0.765530 -0.103067 -0.695598 0.512423 -0.956242 -0.426400 -0.355736 0.847643 -0.851560 -0.461911 0.307539 -0.607673 -0.890582 -0.503906 0.870791 -0.339801 0.210442 -0.267578 0.666156 0.308186 -0.969403 0.899482 -0.939815 -0.086922 -0.144537 -0.533943 0.759992 0.299690 -0.935287 0.402286 -0.817479 -0.218910 -0.214802 0.613405 0.512725 0.359216 -0.801443 0.303393 0.938467 -0.639007 0.819157 -0.685759 0.479256 -0.894760 0.668040 -0.131387 0.422269 0.754925
-0.998319 0.345952 0.373450 -0.816316 0.965171 0.417068 0.545102 0.658470 0.973572 0.092614 -0.767532 -0.148401 -0.012959 0.369930 0.348523 0.470266 0.637090 0.131842 -0.317979 0.668566 -0.815760 -0.929957 -0.200184 0.076017 0.379700 -0.956590 -0.591131 -0.846568 -0.205662 0.020597 0.825254 0.591109 0.219407 -0.160408 -0.733729 -0.303572 0.085220 0.623412 -0.253252 -0.300598 -0.813939 -0.043235 0.275052 0.030045 -0.922792 0.913496 0.741512 0.209482 0.067976 -0.957344
-0.156535 -0.282751 0.925896 -0.199153 -0.040614 -0.703550 -0.542615 0.330901 0.667162 -0.774415 0.659026 -0.266015 -0.432728 0.036595 0.525821 -0.424560 0.148644 -0.230801 -0.920266 0.639386 -0.228008 0.533856 0.322553 -0.346201 -0.083825 -0.454266 0.459976 -0.470417 0.035613 -0.800522 0.429988 -0.302103 0.573378 0.214347 -0.307859 0.280424 -0.413760 0.720347 -0.531053 0.490151 -0.243915 -0.076871 0.125355 -0.742253 0.021475 -0.793880 -0.320749 0.977363 -0.935125 -0.310210
-0.990157 -0.218880 0.464421 0.404615 -0.047577 0.511398 0.163996 -0.658332 -0.500426 -0.874663 -0.652786 0.905572 -0.938338 0.668484 -0.058541 0.482625 0.697257 -0.912760 -0.247094 -0.855307 0.827822 -0.676655 -0.145673 0.780731 0.434539 0.405819 0.645950 0.963151 0.320069 -0.610229 -0.938581 0.518386 0.911857 -0.154030 0.331461 -0.871335 -0.318645 0.810005 -0.664789 0.595870 0.932997 0.773629 0.178641 0.589848 0.753963 -0.697275 0.671925 0.858795 -0.021865 -0.901735
-0.517984 -0.480607 -0.539578 -0.731925 0.598005 0.678527 -0.984855 0.116424 0.828576 -0.740811 -0.794752 -0.446952 0.643875 0.785060 0.773692 -0.520664 -0.418259 0.091927 -0.386993 0.795078 -0.807332 -0.386698 -0.572542 0.024553 0.398544 -0.937606 0.612507 -0.093266 -0.322323 0.571818 0.528951 -0.629978 0.193299 -0.296481 0.490218 -0.290968 -0.232357 0.163279 -0.093686 0.089246 0.280357 -0.159126 0.453614 0.338973 -0.033852 0.135879 -0.882332 -0.779729 -0.388873 0.161109

Bias v0 (Oculta):
0.515664
-0.301891
-0.391623
-0.221008
0.981564
0.699546
0.105259
0.357826
-0.280286
-0.835981
0.898391
-0.650765
-0.674265
0.138618
0.858787
-0.224166
0.908124
-0.949805
0.066729
0.934056
-0.224264
-0.330711
0.390337
-0.766617
-0.699754
-0.238552
-0.727359
-0.699868
0.957379
0.333551
0.474672
0.348688
-0.591810
-0.266125
-0.209026
-0.655162
0.632714
-0.017019
0.114559
0.224019
-0.274431
-0.843101
-0.161965
0.055084
-0.161778
-0.617140
0.136582
0.202194
-0.806183
0.093948

Pesos w (Oculta -> Saída):
-0.500385 -0.807201
0.625052 0.005075
0.594689 -0.877460
-0.697471 0.396543
0.499014 -0.199078
0.485135 -0.045490
-0.168793 -0.776040
0.408775 -0.251664
0.494040 0.353092
-0.224849 -0.571713
0.697889 0.050681
-0.328789 0.428987
-0.451012 -0.040912
-0.863546 -0.124025
-0.281895 -0.877593
-0.617186 0.494081
0.353026 0.981475
0.982104 0.509453
0.157207 0.829486
0.220268 0.932506
0.918197 0.734182
-0.607313 0.995812
0.833543 -0.691762
-0.398600 0.379558
-0.843414 -0.037294
-0.407343 0.449299
0.579121 -0.878022
-0.866226 -0.670726
0.052245 0.801155
0.876239 -0.764825
0.899094 -0.196709
-0.110383 -0.158362
0.523198 0.352169
-0.559244 0.476557
-0.878396 -0.254141
0.673938 -0.077170
-0.847106 -0.059658
0.631588 0.853737
-0.357654 -0.581247
-0.378617 0.756376
-0.594837 0.134173
0.839924 0.327079
-0.336446 -0.998263
-0.518126 0.635050
0.714249 -0.231429
-0.960790 -0.567272
-0.052659 -0.939458
0.391631 -0.849589
-0.887589 -0.124666
0.357899 -0.418694

Bias w0 (Saída):
0.488599
-0.227259
