Pesos v (Entrada -> Oculta):
0.169924 0.368588 0.197395 0.276636 -0.978495 -0.424705 0.259048 -0.200112 0.214968 -0.852720 -0.289853 -0.495379 0.198415 0.769625 0.559160 0.093302 -0.810479 -0.276161 -0.803126 -0.505270 0.841101 -0.457724 -0.564889 0.503538 0.274824 -0.392230 0.481556 -0.277383 0.388329 -0.835536
0.751537 -0.339458 -0.653083 -0.091668 0.124589 -0.137073 0.535140 0.596128 -0.534215 -1.053341 0.215104 -0.134135 0.393837 0.236039 -0.252593 -0.700766 -0.577624 0.290560 0.253429 -0.989478 -0.565716 0.836589 0.027838 -0.969370 -0.976264 0.750625 -0.123955 -1.100735 -0.318431 -0.416015
-1.078259 -0.204563 -0.685219 -0.100495 0.759546 0.750208 0.377714 -0.861349 -0.071698 -0.403832 0.011954 0.498983 -0.182379 -0.153546 -0.124237 -0.918266 0.163663 -0.852803 -1.122837 -0.252469 -0.837283 -0.247328 -0.809036 0.863004 0.745797 -0.650239 0.591768 -0.454095 0.101733 0.357562
-1.254045 -0.723792 -0.107682 0.406062 0.728825 -0.141147 -0.409504 -0.669154 0.133386 -0.071577 0.909296 -0.411551 1.086510 0.673756 0.451334 0.459725 0.456878 0.868705 -0.975157 0.228612 -0.588548 1.033744 0.134076 -0.171082 -0.083937 -0.050900 0.949307 1.066139 -0.159187 0.413756
-0.837659 0.953784 0.971236 -0.306418 0.162488 0.295015 0.562448 0.846028 0.449554 -0.579598 -0.080687 0.085738 1.216339 -0.282053 -0.583880 0.216711 -0.914910 0.646089 0.813310 0.701537 -1.073695 0.512446 -0.504081 -0.030529 -0.726264 -0.276512 0.340375 -0.056757 -0.143034 0.729384
-0.317223 0.766784 -0.392345 0.619673 0.350425 -0.239748 -0.300126 0.687542 0.770805 0.346663 0.204974 0.111805 0.118096 0.905923 -0.568278 -0.657916 -0.791653 -0.335972 0.596832 -0.649542 -0.249676 -0.764539 0.577337 0.254607 -0.153240 -0.642397 -0.442205 -0.699288 -0.523176 1.565018
-0.407217 -0.466011 -0.300206 0.575176 -0.602694 0.604768 -1.061279 -0.821532 0.273517 -0.044623 0.968657 0.405712 0.551622 -0.824826 -0.764340 -0.820299 0.226144 0.388828 0.006216 -0.929887 -0.498200 0.870470 -0.921184 0.537635 -0.171637 0.024299 0.007053 0.559404 0.488414 0.279014
-0.699820 -0.452012 -0.513344 -0.506082 0.569187 0.011733 0.773115 -1.084122 -0.413759 0.730859 -0.692633 0.075277 -0.113977 0.219395 -1.433845 -0.572872 -0.836135 0.439452 0.608902 -0.062482 -0.972623 0.399560 -0.200725 0.827267 0.808263 0.997029 0.549141 -0.634674 0.160966 1.124393
-0.751723 0.511275 1.011950 0.252098 0.404463 0.421918 0.165172 -0.260783 0.592259 -0.451034 -0.012284 -0.088955 0.588547 0.870967 0.249794 -0.223940 0.249034 0.804903 -0.189601 -0.586712 -0.297807 -0.122959 -0.558309 0.927709 0.283670 0.062205 -0.309985 -0.538638 0.564059 -0.919406
-0.452327 -1.390273 0.657845 -1.036978 -0.813018 -0.297194 -0.848480 -0.479820 0.515099 -0.715273 -0.010964 -0.742263 0.382459 -0.728595 0.972836 0.509125 -0.840732 -0.929569 -0.772040 0.654148 -0.192725 -0.889980 -0.452936 0.521124 0.159123 -0.303656 -0.567804 -1.209464 0.547716 -0.526986
1.104034 0.354020 0.314664 -0.095106 0.788772 -0.300559 -0.681419 -0.182673 0.411210 0.348222 -0.751324 0.321276 -0.208374 0.678969 0.567441 -0.252757 0.689008 0.422871 -0.129950 0.856775 -0.222350 0.418629 -0.361157 -0.538618 -0.329725 -0.978758 -0.609810 -0.460533 -0.638072 -1.332325
1.050141 -1.184745 0.149597 -0.260069 -0.018955 -0.996508 0.330909 0.052065 -0.372884 -0.207870 0.979297 -0.513691 0.751783 -0.493551 -0.216242 -0.580898 0.573862 -0.589886 -0.214180 -0.192766 -0.857443 0.034528 -0.872447 -0.023982 -0.373904 0.416480 -0.594665 -0.735617 0.623801 -0.493861
0.905639 -0.910441 0.485095 0.268910 -0.717131 0.773167 -0.509539 -0.408527 -0.968743 -0.608721 0.696950 0.219806 0.774414 -0.507647 -0.471101 -0.612701 0.348001 -0.699421 0.643212 -0.148915 -0.264091 0.353171 -0.278939 0.514521 0.749007 -0.627386 -0.801438 -0.151995 1.064421 0.270688
0.805076 0.120240 0.536995 0.846070 0.231138 -0.898796 -0.427295 -0.183049 -0.001779 0.133557 0.804741 0.112606 0.290745 -0.557744 0.473785 0.091809 0.015259 -0.418679 0.010132 0.698810 -0.052029 -0.092770 0.183914 0.372100 0.374930 -0.795640 0.261900 0.279311 -0.688987 -0.486509
0.653329 -0.317750 0.888499 0.787944 0.772324 -0.893025 -0.630684 0.603777 -0.985143 -0.365124 -0.785498 -0.014822 1.014567 -0.819454 0.448396 0.100333 0.454770 0.184945 -0.774070 -0.383628 -0.660924 -0.382844 -0.911854 -1.323124 -0.486731 -0.680444 -0.355156 0.643637 0.726038 0.717402
0.828881 0.125806 -0.229113 -0.762537 -0.320748 -0.535154 -0.339443 -0.845619 -0.282124 0.317694 -0.744608 -0.324600 -0.123447 -0.107840 -0.160118 -0.510959 0.860918 0.204345 0.022963 -0.578794 -0.965527 -0.060691 -0.142565 -0.843533 0.789872 -0.444605 -0.691880 0.045069 0.503651 0.012938
-0.657164 1.089698 -0.809316 0.813365 0.966527 -0.013201 -0.760226 -0.271718 -0.233095 -0.388749 0.334298 0.468146 -0.639090 0.170119 -0.186956 -0.814270 -0.787618 -0.806966 0.693400 -0.098467 0.675825 -0.602958 0.457775 -0.395533 0.856206 0.741045 0.045663 0.552621 0.450467 0.700925
0.425522 -0.781798 -0.935429 -0.706860 -0.261325 -0.364731 -0.824460 -0.385362 0.843686 0.286331 0.147982 -0.474490 0.488586 0.070142 -0.533161 -0.865756 -0.705323 -0.102038 0.917037 0.348096 -0.837199 -0.725007 0.956714 -0.710923 0.067773 0.214376 0.988617 0.911951 0.720232 1.713182
-0.665403 -0.222907 -0.332531 -0.440044 -0.070465 0.048796 -0.455410 -0.374314 -0.158046 0.750826 0.066251 0.189547 -0.523197 -0.358836 -0.148526 -0.147201 -0.148851 -0.767623 -0.409476 0.216372 -0.021127 0.396287 -0.194170 -1.329581 0.617964 0.672879 -0.639199 1.031672 0.005855 0.774581
0.507366 0.855788 -0.603733 0.280975 -0.432354 0.365551 -0.298821 0.490455 -0.358597 -0.121639 0.063609 0.240730 -0.494613 0.781228 -0.960621 0.571884 -0.931375 0.252011 -0.776629 0.742980 -0.658856 0.446410 -0.442772 -0.332221 0.806699 0.551230 -0.290126 -0.593247 0.642609 0.364169
1.522657 0.362841 -0.678482 0.286348 0.628480 -0.241042 0.715755 -0.021046 -0.764024 0.790678 0.633919 0.075406 -0.204971 0.310705 0.674914 -0.330749 0.427991 -0.105256 -0.755149 0.431288 0.563346 0.565407 0.361557 1.128932 -0.514036 0.557154 -0.270684 -0.308547 -0.276658 -0.850202
1.011168 -1.046259 -0.681212 -0.317908 0.371504 0.847070 -0.155249 -0.935140 -0.990475 -0.248979 0.160034 0.754689 -0.545950 0.703159 0.159714 -0.643085 0.600131 0.644659 -0.355005 -0.401587 -0.083850 0.373532 0.269175 1.427520 0.511926 0.288080 0.243236 -0.878858 -0.918152 0.260654
0.247441 -0.272930 0.552475 0.388971 0.258675 -1.040945 0.745076 -0.321090 0.360461 -0.170377 0.621952 0.409038 0.148611 -0.285886 0.552015 -0.790918 0.106946 -0.306028 -0.009255 0.960465 0.139217 -0.148311 -0.060618 -0.079672 0.456233 -0.097848 0.501008 0.580463 -0.617975 -0.860986
-0.122526 -0.520182 -0.428874 0.473032 0.721331 -0.857767 0.663398 0.368287 -0.049808 -0.508517 0.755800 -0.059278 0.567824 -0.754020 0.728585 0.142224 -0.039530 -0.348082 -1.042203 -0.825099 0.414424 -1.008435 -1.007002 -0.234168 -0.027361 0.738685 -0.075069 0.714129 1.020960 -1.296238
-0.492036 -0.313481 0.215202 0.453157 0.970400 0.663309 -0.533622 -0.395681 0.058916 0.546217 -0.079201 -0.930370 -0.142718 -0.256420 0.049045 -0.415390 0.279540 -0.001077 0.153370 0.717804 -0.457535 0.343350 0.828336 0.912344 -0.823913 -0.884907 0.444398 0.346550 -0.402808 -0.846107
-0.190298 0.516420 0.884521 -0.293084 -0.940999 -0.718368 -0.364666 -0.145325 0.574355 -0.416634 0.723159 0.403953 0.341193 0.694581 0.102638 -0.172601 -0.828088 0.932216 0.154113 0.019717 -0.692612 -0.746562 0.853671 -0.411620 0.489017 0.181268 -0.924309 -1.082524 -0.455106 -1.295947
0.625177 0.176700 -0.613962 -0.825050 0.242573 -0.150132 0.386849 -0.632552 -0.329593 0.752250 0.529952 -0.065925 -0.855621 -0.571203 -0.914854 0.683480 -0.746042 0.631287 0.280904 -0.205918 0.092371 0.309325 0.782786 -0.470852 0.202152 -0.290706 0.741444 1.059919 -0.723781 -0.738151
0.319340 1.190838 0.967640 -0.753636 0.714630 0.791447 -0.655951 -0.880428 0.459686 0.048789 -0.443757 -0.010443 0.767572 -0.630802 -0.190370 0.590098 1.023128 -0.852999 0.505966 -0.176104 0.461569 -0.339540 0.907673 0.757997 -0.664980 0.049738 -0.069044 0.125962 0.101179 -0.841081
-0.194573 0.757773 0.828639 0.766260 0.348204 0.069843 0.810827 -0.620213 0.125400 -0.595936 0.077626 0.933639 0.630159 0.142005 -0.448252 -0.265792 0.142465 0.774059 0.733161 0.142247 0.930691 0.823876 -0.158449 -0.888832 -0.671807 0.741959 -0.513729 0.159089 0.273453 0.185890
-0.928399 -0.728227 -1.115926 -0.391982 0.234020 -0.230066 -0.046456 0.400544 0.397064 -0.173942 -0.754937 -0.822104 -0.459120 -0.041158 -0.259172 0.860621 0.391327 0.414549 0.336285 -0.684680 0.304347 0.657452 -0.037549 -1.262291 -0.732500 0.825992 0.580935 0.815616 -0.456733 1.138732
0.587757 -0.403661 0.388685 0.103970 -0.007874 -0.206955 -0.009843 0.230630 0.204829 -0.667420 -0.526654 -0.741916 -0.527514 -0.507479 0.326814 0.354341 0.026230 -0.608490 -0.401806 0.649654 0.756795 0.092693 -0.619586 -0.754147 -0.570975 0.088636 -0.305485 0.358669 0.649475 0.980363
-0.529305 -0.565004 0.044583 0.778108 -0.318067 0.733848 -0.898627 0.206831 -0.428121 0.908287 0.849479 0.484745 -0.756047 -0.850910 -0.263402 -0.887130 0.518437 0.329191 -0.068962 0.874128 -0.927784 0.380202 -0.806153 -1.001245 0.385792 0.226344 0.496718 -0.907124 -0.625907 0.907349
0.897425 0.354477 -0.424741 0.447617 0.053821 -0.851467 -0.398170 -0.378179 0.118959 0.291890 0.731171 -0.443677 0.719716 0.569899 1.018976 -0.143624 -0.464194 0.912878 0.271226 0.243589 -0.983047 -0.818716 0.069156 -0.719109 -0.565334 -0.786753 0.521382 0.122074 0.861801 0.255792
-0.784663 -0.775946 -0.433532 0.740492 0.891812 -0.543589 -0.274612 -0.153251 -0.762987 -0.174721 -0.308626 -0.208091 -0.469307 0.852945 0.443403 0.293059 0.232715 0.613284 0.294002 0.752049 -0.256024 0.053860 0.183261 -0.080600 -1.089757 1.038986 -0.368986 -0.598767 -0.581188 0.025722
1.046972 -0.056769 -0.829013 -0.238881 -0.278791 1.074538 -0.331329 0.690560 0.190782 -0.286702 0.533509 -0.546987 0.943578 -0.000283 0.563395 -0.769642 0.006580 0.937306 0.688054 0.645364 0.685980 -0.634798 -0.240091 -0.515224 -0.178789 0.016149 -0.780422 -0.453505 -0.224118 -0.513097
0.164500 0.428548 0.570845 0.290690 0.756175 0.964771 -1.029515 -0.365905 -1.070276 -0.627742 -0.223787 0.780030 0.680416 -0.329746 0.522506 -0.048219 -0.844653 -0.274055 -0.532658 0.926148 -0.495141 -0.695242 0.814988 -0.704787 0.076447 0.771954 0.897721 0.613495 -0.607444 0.444709
1.098064 -0.817158 0.812682 0.931596 0.530592 -0.321867 -0.549988 0.540470 0.025768 -0.113984 0.087976 0.508185 -0.549970 -0.508089 -0.437186 -0.178529 0.378965 -0.820128 -0.933111 -0.611354 0.917834 -0.110218 0.025159 0.992939 0.469861 -0.150113 0.299535 0.214420 -0.695390 0.608378
-0.261593 -0.874193 0.522949 0.725964 -0.419076 -0.227993 -0.752361 -0.773409 -1.066079 -0.578919 -0.373725 -0.014457 0.831732 -0.863802 0.440475 0.977235 -0.992875 -0.766698 -0.005222 0.056315 -0.870537 -0.782150 -0.303171 -0.078185 0.618693 -0.189156 0.486421 0.141635 -0.790102 -0.642157
-0.296156 0.507196 -0.231818 0.096005 -0.753580 -0.116236 -0.570964 -0.037395 -0.733406 -0.129713 -0.934637 0.353755 0.263893 -0.825013 0.601000 0.287593 0.126049 -0.313406 0.394349 -0.026982 0.498017 0.608126 -0.088149 0.383881 0.344483 0.920776 -0.795590 -0.502453 0.793632 -0.402970
0.247339 -0.421899 0.272460 0.984409 -0.008385 -0.634800 -0.153533 0.405028 -0.808515 0.212557 0.802518 -0.728509 0.828913 0.759570 0.896939 -0.208858 0.522188 0.492197 0.190307 0.689074 -0.143320 -1.070655 0.101045 -0.032091 -0.724531 0.419680 0.481580 -0.648779 -0.417891 0.018065
-0.256895 0.768912 -0.244220 -1.052375 0.270344 0.162254 -0.848527 -0.151565 -0.345856 -0.285583 -0.508588 -0.223721 -0.351352 0.680550 -0.715461 0.211409 0.227135 -0.383585 0.364480 -0.177230 0.315141 0.657436 -0.203908 -0.001065 0.727481 0.680021 0.091277 -0.654877 0.075156 -0.963533
1.084632 -0.406409 -0.556478 -0.994617 -0.163861 0.095671 0.737645 -0.339327 0.373423 -0.035618 -0.254234 0.885917 0.476316 0.887246 0.455607 -0.806116 -0.239725 -0.316906 -0.476963 -0.140030 1.212194 0.750967 -0.087126 -0.929589 -0.150541 -0.950116 0.005604 0.254925 0.196070 -0.214235
-0.619337 -0.777052 -0.323127 0.692330 0.471675 -0.309487 0.967372 -0.608240 0.725018 0.879567 0.106805 -0.680013 0.239615 0.349968 -0.259108 0.064701 0.127826 0.532992 -0.774279 -0.623548 0.584865 -0.258411 -0.714589 0.055928 1.135093 -0.657188 -0.571884 -0.583865 -0.242858 1.438571
-0.822499 0.760287 0.516697 0.176768 -0.146460 0.959000 -0.360400 0.480871 -0.061257 0.895048 0.432412 0.459259 -0.001857 -0.057741 0.899179 -0.898107 -0.127519 0.563683 -0.280550 -1.027054 0.293787 0.455901 0.590306 -1.012684 0.409512 0.900085 -0.797960 -0.380398 -0.309630 1.321018
-1.058443 0.749648 0.133960 0.401987 0.495922 0.159614 0.767305 0.693115 -0.265585 0.396981 0.741306 0.624714 -0.522570 0.144771 -0.706467 -1.150645 0.115080 0.126637 0.988507 0.220180 0.213815 1.035085 0.524180 -0.013540 -0.038171 0.978955 -0.061200 0.683842 1.242878 1.002543
-0.645812 0.319323 0.186173 0.646100 -0.842156 0.166040 -0.367434 -0.694861 1.314719 -0.069661 -0.766129 -0.344029 1.184169 0.298095 0.433137 0.447939 0.682571 1.070197 0.421320 -0.224140 -0.127451 1.269820 0.541361 -0.093139 0.540849 0.317103 0.716477 1.203169 0.693665 1.123380
-0.737480 -0.174041 0.993379 0.089577 0.162844 1.124887 0.278974 0.729373 0.464037 0.495766 0.651426 0.491423 1.193810 0.317797 -0.828107 -0.205607 0.945192 -0.798115 -0.345611 -0.662940 0.403637 0.952074 0.421192 0.623174 -0.526178 -0.428070 0.973246 -0.320523 0.076754 0.547059
-0.168884 0.636900 0.180290 0.902214 0.818131 0.142511 0.879888 0.479455 0.555273 -0.413835 -0.856185 0.963725 -0.110099 0.470463 -0.787448 0.946393 -0.771461 0.336631 -0.235039 0.792438 -0.581536 0.585138 0.887725 0.818460 -0.793629 -0.116541 0.494170 0.550049 -0.599779 0.853392
0.979509 -0.101317 0.518121 0.921479 0.841038 -0.417618 0.243348 -0.485685 -0.580967 0.690646 0.648317 0.879253 0.890794 -0.580529 -0.308338 0.140759 -0.031890 0.991420 0.645111 -0.281529 0.322227 0.127374 -0.557818 0.381137 0.586628 0.157255 -0.830163 -0.661714 0.453888 -1.116618
0.763202 -0.180877 -0.513048 0.581442 -0.087367 -1.041712 0.230701 0.249670 0.335918 -0.660479 -0.899003 0.610125 0.740469 -0.056177 0.676334 -0.167138 -0.540586 -0.691992 0.998375 0.191952 -0.061577 -0.875753 -0.129587 -0.838967 0.283425 0.371335 0.056052 0.938758 -0.554783 -0.041411
-0.294895 0.884558 -0.312883 -0.217718 -0.027111 0.545815 -0.720445 0.048697 -0.779640 -0.725317 -0.749144 0.339120 0.629532 -0.724127 -0.669958 0.063973 0.680289 0.064519 -0.561594 0.687106 -0.683713 0.750044 -0.658203 0.395672 0.076941 0.296665 -0.564444 0.164221 0.437660 -0.404906
0.002496 1.065122 0.517750 0.651039 -0.348108 0.740236 -0.799557 -0.296866 -0.095890 -0.159585 -0.715859 -0.049601 0.019561 -1.069848 0.686183 0.894744 0.245120 0.553653 0.641199 -0.672993 0.952295 -1.005419 -0.875040 -0.400744 -0.752175 -0.678196 0.509514 -0.797285 -0.820959 -0.164140
0.395072 -0.794018 0.233870 -1.073416 -0.536481 -1.000181 0.869795 -1.273476 -0.708647 -0.038828 0.531855 0.434500 -1.125075 -0.255882 0.360019 -0.666763 -0.121825 0.593890 0.105370 0.668105 -0.719305 0.447110 0.099576 -0.594411 0.110824 -0.201369 0.049643 0.561782 0.773394 -0.436843
0.231265 -0.094912 0.841876 0.329378 0.257672 0.150892 0.872538 -0.797305 -0.994384 -0.530055 0.463500 0.609560 0.358577 -0.471789 0.165763 -0.495527 -0.554900 -1.089907 -1.031325 0.767442 -0.789449 -0.504525 -0.929641 0.718488 0.777082 -0.792168 0.641717 0.584376 -0.002765 -0.984112
-0.655883 0.030663 0.540113 0.407338 -0.670776 0.598814 0.050937 0.221593 -0.851582 0.137721 0.575208 -0.299158 -0.826970 -0.396240 0.453768 0.186208 -0.271943 0.408333 0.723275 0.591081 0.073003 0.221880 -0.023952 0.178936 -0.392190 -0.397558 0.305283 0.844891 0.966042 -0.271912
-0.986751 -0.730382 0.081611 -0.020505 0.663193 0.000417 0.465209 0.142980 0.557510 -0.570040 -0.851419 -0.851907 -0.128927 0.025753 0.841598 -0.178951 -0.063783 -0.425205 -0.224422 -0.850686 -0.437803 0.683704 -0.345327 -0.343176 -0.894055 -0.813040 -0.931984 -0.564798 -0.779859 1.012207
-0.811329 -0.140373 0.743994 0.106914 -0.500732 -0.480113 -0.118508 0.014868 0.678898 -0.623423 0.817443 -0.978718 -0.286464 -0.570446 0.514127 -0.935119 -0.502969 -0.649328 0.945564 0.754898 -0.404605 1.085342 0.924325 -0.467018 -0.972202 0.950282 -0.186311 0.314567 0.485869 0.959173
0.329231 0.161789 -0.285010 -0.540196 -0.653910 0.176704 0.370288 0.683591 0.017059 -0.343423 0.276759 0.409577 0.890996 -0.838506 0.160635 0.640658 0.461419 0.281697 0.033022 -0.071558 -0.892749 -0.880833 0.822429 -0.370152 0.342710 -0.550065 0.171930 0.216630 0.014172 1.678435
-0.684912 -0.283743 0.310579 -0.235697 0.037389 -0.490829 -0.959919 0.054779 -0.294354 0.314236 0.894392 -0.656884 0.138505 -0.125825 0.719951 -0.682133 -0.940550 -0.317980 0.444094 -0.828748 -0.512673 0.432864 -0.708911 -0.160063 0.873217 0.751329 -0.633546 0.466134 1.154064 0.487003
-0.124781 0.766983 0.990717 -0.735924 0.907417 0.182144 -0.925999 0.831706 0.678698 -0.740291 0.583571 0.388532 -0.092768 0.049529 0.855677 0.440909 -0.282288 -0.494118 -0.938605 0.510460 0.203646 -0.604033 -0.786331 0.109049 -0.663912 -0.070715 -0.270024 0.359442 -0.091049 0.974951
0.577240 -0.742169 0.814225 0.887822 -0.252553 -0.188886 -0.937249 -0.206620 0.388789 -0.102418 0.259329 0.685627 0.657321 0.044905 -0.618759 0.582086 -0.522040 -0.232458 -1.061663 0.344027 -0.970650 0.622335 -0.866080 0.576521 0.883335 -0.392429 0.155636 -0.591501 -0.542768 -0.416570
-0.496585 -0.217514 -0.383040 -0.926165 0.233555 0.342671 -0.837891 -0.632306 -0.231890 -0.733747 0.869493 0.639246 0.592140 -0.752539 -0.095561 -0.999745 -0.102134 0.228621 0.914429 -0.652490 -0.800974 -0.322515 0.705665 1.155920 0.881182 -0.484670 -0.126558 0.135590 0.201424 -0.412906
-0.996817 0.003248 0.007376 -0.154706 0.007104 -0.751702 -0.036539 -0.818036 0.893453 0.706460 -0.602346 0.661210 0.062640 0.197442 0.207168 -0.759001 0.430951 -0.390376 0.690077 -1.036680 -0.919672 -0.944605 -0.014579 -0.365596 0.066526 -0.643502 -0.836870 0.035599 0.242021 -0.080903
-0.149401 -0.484977 -1.142130 0.191846 0.405174 0.586882 0.484606 -0.359306 -0.443618 -0.563316 0.615623 -0.786518 -0.162017 0.217276 -0.992891 -0.343289 0.224944 0.821273 -0.423707 0.258263 -0.102485 1.176556 0.386609 -0.500079 -0.436428 0.162123 -0.365864 0.041558 -0.404467 -0.522860
-0.238774 0.562314 0.577609 0.292231 -0.880462 0.602966 -0.589338 -0.921178 0.235962 -0.706749 -0.442538 -0.279042 -0.404019 0.054432 0.348698 -0.689526 -0.363639 -0.290691 0.477123 -0.354614 -0.458713 0.183182 0.814440 0.905378 0.344709 0.222120 -0.758293 0.499355 -0.486840 0.421219
-0.323550 0.242621 0.361309 -0.036429 0.976005 0.583789 -0.858664 0.562208 -1.204968 0.064974 -0.236589 0.791560 0.756625 -0.320879 -0.398509 0.849073 -0.691432 -0.259589 -0.467101 -0.891597 -0.081802 -0.623993 0.158145 0.392286 -0.824919 1.048487 -0.783809 -0.400916 -0.693136 -0.390224
0.347695 0.433141 0.046056 0.860541 -1.167858 -0.253543 -0.133413 -0.054969 0.759295 -0.770567 0.896514 -0.762390 0.018654 0.072499 0.692607 0.556447 -0.505847 0.642500 -0.277817 -0.046772 0.335893 -0.143196 -0.183931 0.478180 1.046268 -0.467243 -0.742957 0.643534 -0.564153 -0.564439
0.889583 1.214273 0.891123 -0.401943 -0.910291 -0.262475 -0.725860 -0.572081 -0.454773 -0.100176 0.761986 -0.700967 -0.015074 1.037177 -0.444198 -0.833596 0.100468 0.479775 0.274179 -0.777650 0.116136 0.497893 0.759051 0.545793 0.343511 -0.120051 0.882062 -0.322099 0.440115 0.537610
0.366768 -0.454874 -0.073487 -0.103768 -1.226223 -1.163890 -0.696025 -0.021644 0.199177 0.126939 -0.984810 -0.829054 1.018610 -0.059504 0.535067 -0.681728 0.646434 -0.844300 0.880240 -0.921841 -1.053448 -0.220649 0.021997 -0.196476 -0.983032 0.678062 0.732271 -0.398709 -1.046125 -0.074718
-0.001085 -0.006320 -0.626376 0.103138 -0.903022 0.011244 0.029587 -0.725498 0.162658 -0.056353 0.198537 -0.073305 -0.201817 -1.004411 1.028889 -0.016071 -0.306620 0.165550 -0.136611 0.357028 0.665061 0.460942 -0.718466 -0.878465 -1.046392 -1.073746 0.922089 0.345906 0.785531 0.878888
0.199824 0.748057 -0.285005 -0.227203 0.462711 -0.851951 0.123595 0.605433 -1.000695 0.081437 -0.116330 0.296192 -0.142460 -0.414211 -0.847565 0.130875 -0.334563 -0.105248 0.869493 0.243477 -0.564290 -0.929432 -0.068982 -0.309728 -0.227970 -0.595229 0.249460 0.318361 0.508927 0.228547
-0.255890 -0.562904 0.961669 0.621040 0.267311 0.489308 -0.350228 -0.060987 0.079732 0.722699 0.955494 0.494441 -0.579437 0.661678 0.384203 -0.248758 -0.608734 -0.239754 -0.132221 -0.781356 0.446884 0.071136 -0.759000 -0.724332 0.344335 -0.722977 0.003217 -0.554804 0.274932 -0.706300
0.468162 -0.626434 0.676658 -0.487705 0.320329 -0.459917 -0.154783 -0.873452 0.857585 0.910850 0.194714 -0.292975 1.087253 0.487897 0.383772 0.819758 -0.928390 0.021779 0.265774 0.880451 0.291646 0.450278 0.496331 -0.667396 -0.912112 -0.713128 0.972695 -0.341954 -0.475197 0.710061
0.224583 0.699856 -0.394838 -0.290660 0.202904 0.738200 0.553197 -0.871790 -0.637509 0.670480 0.073364 -0.409582 0.475230 0.803024 0.005514 -0.999782 0.512487 0.437957 -1.016171 0.429754 -1.020697 0.043691 0.046465 -0.610648 0.348759 -0.483270 -0.921399 0.507601 -0.536516 0.250950
0.209179 -0.459192 -0.559785 -0.445529 0.554373 -0.036451 0.040823 -0.129276 -0.184523 -0.489569 -0.845759 -0.711062 0.749619 -0.533457 0.762424 0.667494 0.119837 -0.308680 -0.900039 0.587261 -0.602540 0.721523 -0.364097 0.542454 0.775460 0.729672 -0.242059 1.014833 0.342165 -0.819594
-0.250154 0.466901 -0.176938 0.901627 -0.370165 1.018544 0.807695 0.317790 0.731391 0.270403 0.751438 -0.174157 -0.906890 0.074966 -0.262252 0.551765 -0.883248 0.184626 1.425008 -0.263325 -0.106454 -0.093177 -0.151054 0.065319 0.202143 0.885387 -0.097601 1.076219 0.382613 0.370653
-1.036132 -0.794509 -0.156414 0.002564 0.828405 0.120866 0.129254 -0.440692 0.844985 0.830635 -0.889467 0.033626 0.641618 -0.160824 0.176554 0.245032 -0.096355 0.251828 -0.423973 0.587285 0.328866 -0.268665 -0.917889 0.084325 0.370182 0.429836 -0.522682 0.080129 0.263134 -0.184946
0.343417 0.778181 -0.546128 0.568632 -0.150651 0.675160 0.883541 0.041975 0.463186 0.610369 -0.760829 1.174140 -0.549986 0.523899 0.869805 0.969543 -1.170803 0.505857 0.745722 -0.685656 0.132892 -0.227643 0.573591 -0.567031 -0.412513 -0.592760 -0.970109 -0.241099 -0.122618 -0.857613
-0.676467 0.163591 0.567911 0.137005 0.345607 0.435994 -0.042026 0.450515 -0.707887 0.594886 0.226118 -0.913454 -0.683693 -0.420276 -0.782764 -0.716400 -0.543713 0.009757 0.371939 0.251818 0.474499 0.583913 0.878896 1.168829 -0.635104 0.317051 -0.334149 -0.211959 -0.145680 -0.147523
-0.020138 0.479148 0.754196 0.212306 -0.788418 -0.826554 0.844146 -0.094423 -0.085806 -0.517676 0.553553 0.374550 -1.143907 -0.041050 -0.361243 0.180482 -0.357372 0.377625 0.129158 -0.981965 0.807551 -0.373461 -0.409151 0.907924 0.063848 -0.955053 0.351239 0.359675 0.977023 0.046141
0.249242 0.949389 0.003418 -0.330834 -0.265098 0.068061 -0.747546 0.024138 0.638703 0.593506 -0.470470 0.688325 0.233733 0.125287 -0.642919 0.137574 0.154822 -0.315548 0.537388 -0.375855 0.827023 -0.153410 0.621062 0.492062 0.031959 -0.684730 -0.520668 -0.460846 0.777733 -0.662302
-1.029853 0.357125 0.293344 -0.569242 -0.876304 -0.029506 -0.232004 0.032602 1.195019 -0.583896 -0.909717 -0.194639 -0.514423 0.540555 -0.773057 0.220555 0.703720 0.483777 -0.015071 -0.627092 -0.570025 -0.448089 0.863136 -0.783788 0.815622 -0.636625 -0.168091 0.470716 0.678091 -0.222813
-0.447004 -0.114579 -0.291538 -0.668946 0.256616 0.871202 -0.518506 -0.130357 0.067858 -0.909641 0.288700 -0.940492 0.098158 0.039634 -0.780218 0.138456 -0.517016 -0.751747 0.603244 -0.540721 0.018603 0.054582 -0.056441 0.078404 0.771146 0.065857 -0.702999 0.549183 -0.173077 -0.066179
0.707144 0.529204 0.969708 -0.236570 0.915777 0.557160 0.671309 0.891456 -0.101381 -0.065875 0.173361 0.695558 -0.595608 0.528966 -0.934148 -0.432464 0.199619 0.865150 0.186495 -0.909481 0.621459 -0.325554 0.249549 0.782737 -0.021018 -0.117485 0.553195 -0.017425 -0.371141 0.891108
0.875230 0.742912 0.205710 -0.731948 -0.157634 -0.659443 0.089542 -0.321762 -0.257103 0.180927 -0.055506 -0.019549 0.983258 0.655564 0.267749 -0.840827 0.155326 -0.626766 -0.799775 -0.736639 -0.419355 -0.882354 -0.171630 -0.990853 0.460004 -0.927612 0.609227 0.789729 -0.163960 -0.008771
0.592104 0.222590 -0.388957 0.789248 0.820823 -0.056781 0.276602 -0.784974 0.019934 -0.727791 0.828599 0.128475 -0.821117 0.015172 0.789271 0.050109 -0.205355 0.352216 -0.894630 0.050696 -0.551443 0.484756 0.469687 -0.295739 0.823460 -0.816946 0.258450 -0.226041 1.002509 -0.842827
0.310844 1.466634 0.807650 0.508516 -0.991767 -0.452402 0.145749 -0.768363 -0.515402 -0.676063 -0.906998 0.226149 -0.270429 0.487014 0.912140 -0.160501 -0.384377 -0.771389 0.199541 0.815833 0.072309 -0.510973 -0.117489 -0.906823 -0.008176 0.781824 -0.289886 -0.625115 0.503798 0.141685
0.549732 -0.441580 -0.926558 0.667191 -0.145081 -0.335889 -0.160804 -0.017522 0.443027 -0.386948 0.688978 0.693185 0.106522 0.712965 0.017650 0.404086 0.171547 0.590320 -0.249566 -0.782548 -0.843791 -0.239498 0.227105 0.488686 -0.724682 -0.767470 -0.434481 0.660357 -0.604747 0.699325
-0.268556 -0.348933 -0.475633 0.516054 0.050042 -0.457768 0.852580 0.569914 -0.793692 -0.236819 0.578439 -0.251829 -0.212094 0.172129 0.119967 -0.790718 -0.290139 0.019632 0.545278 -0.008638 0.325993 0.873032 0.138287 -0.366118 -0.413983 -0.353342 0.206055 -1.225109 0.322212 0.160073
-1.181288 -0.598757 -0.568505 0.795762 -0.832247 0.271855 0.462478 -0.019839 -0.449187 0.667511 0.748033 0.810873 0.947239 0.503188 0.271084 0.116033 0.119326 0.302672 -0.463434 -0.801072 0.418303 0.066193 0.939759 0.095290 0.541354 -0.040557 -0.291942 -0.147230 1.070923 -0.456193
0.432799 -0.691225 0.060340 -0.297101 -0.141104 0.876982 0.680748 0.333577 0.673972 -0.229988 -0.556161 0.343104 -0.736190 0.888044 0.593509 0.116884 0.792319 -0.363870 -0.731361 -0.662221 -0.970996 -0.056109 -0.339315 -0.635339 -0.261188 0.183596 0.267988 0.655123 -0.535121 0.907403
0.806377 0.966806 0.562012 0.413236 -0.087211 0.367349 0.209045 0.294484 0.667346 0.434439 -0.391377 0.032921 -0.016544 -0.549943 -0.518406 0.138021 -0.212162 -0.161760 0.473329 0.539560 -0.491766 1.231509 -0.405114 -0.796358 0.260770 -0.647058 0.232842 0.845407 0.450928 0.774389
0.760802 0.737491 0.359000 0.738344 -0.686380 0.909294 0.902193 -0.266894 0.745893 0.846370 0.499792 0.088538 0.445808 0.491240 0.903206 0.254703 0.442449 -0.700036 1.272632 0.538772 0.215273 0.635124 -0.228135 0.483536 -0.624659 0.317060 0.071388 0.844522 -0.941427 -0.616971
0.691338 -0.190172 0.818267 -0.716754 -0.509646 -0.195580 -0.161722 -0.346819 1.030579 -0.733714 -0.035499 -0.270894 0.296346 -0.611640 0.602023 0.068941 0.785678 0.658210 1.145477 -0.295852 -0.409423 -0.747359 0.045451 -0.582634 0.838869 0.219537 0.019559 0.427528 0.035779 0.043248
-0.139301 -0.942758 -0.985857 -0.592752 0.043422 0.524085 -0.990373 0.370277 0.164078 -1.003733 0.787973 -0.756496 0.823502 0.954759 0.327820 0.880995 0.903414 -0.455757 -0.481548 -1.033814 -0.716992 0.789306 -0.710784 -0.415951 0.313054 0.494897 -0.047227 0.333591 -0.243854 0.125918
0.137783 -0.284476 0.191885 -0.847938 -0.562912 0.804618 0.684129 -0.631636 0.709835 0.491582 -0.603823 -0.380193 -0.684967 -0.035805 -0.163223 0.944598 -0.271505 -0.434374 -0.692575 0.846414 -0.273686 -0.603435 0.491516 0.140849 0.158942 -0.531174 0.481777 0.635764 -0.095739 0.863425
0.863972 -0.295811 -0.419974 0.793469 0.434390 -0.049138 -0.686321 -0.778853 0.650456 -0.004279 -0.407458 -0.731411 -0.672926 0.556545 0.740780 0.944245 -0.253127 1.032244 0.559857 -0.631837 -0.577834 0.704664 0.926080 -0.198628 0.279376 0.104069 0.186933 -0.977465 -0.432931 -0.099187
-0.492880 0.239822 0.826669 -0.151351 -0.264023 0.758086 0.349313 0.048828 -0.148197 -0.334076 -0.316460 0.851402 -0.633975 0.293974 -0.229561 -0.666518 -0.608288 -0.165081 -0.032015 -0.059919 0.559812 0.617369 0.777310 0.535182 0.479790 -0.711878 0.618388 0.088225 0.631068 -0.089961
-0.536309 -0.494515 -0.326973 0.933968 0.496019 0.175468 0.310293 -0.071304 0.090071 -0.929974 -0.233416 0.472367 -0.215118 0.627408 0.456633 -0.813946 -0.482635 -0.699532 0.226094 0.230782 -0.502216 0.829855 -0.264672 0.428740 -0.159861 0.527396 0.475186 0.422381 0.929835 0.437533
0.020352 -0.201145 -0.443665 0.136707 -0.002493 -0.505522 -0.964612 -0.428493 -0.313101 -0.236915 0.925210 0.167500 0.852088 -0.168871 -0.341989 -0.206448 -0.841340 0.847219 0.566823 0.894976 0.077748 -0.776550 0.537195 0.082947 0.759062 -0.321714 0.219535 -0.567155 0.459445 -0.560240
-0.246133 0.158139 -0.977896 0.213146 0.674318 0.267462 0.639955 -0.366664 -0.851725 -0.389393 0.613160 -0.884914 0.569265 -0.581634 -0.296632 -0.426289 -0.609150 0.064299 -0.290838 0.432254 -0.178710 0.712784 0.770513 -0.620567 -0.937873 0.801162 0.113674 -0.313390 -0.981457 -0.249016
-0.870349 -1.076145 -0.259381 -0.341014 0.151868 -0.663203 0.015788 0.159428 -0.155562 -0.869452 0.738401 -0.455701 -0.045049 -0.600153 0.769933 -0.831958 0.502296 0.282362 -0.794124 0.486241 -0.932109 0.511334 0.009295 0.479083 -0.769728 0.900743 0.860087 -0.271037 -0.932557 -0.276976
-1.045421 0.167446 -0.654532 -0.066108 0.180899 -0.157740 -0.843026 -0.849681 -0.608744 -1.134061 0.527453 -0.854468 -0.125925 0.097473 -0.416062 -0.079824 0.253418 -0.736815 -0.525525 0.473358 -0.718768 0.683748 -0.672273 1.222879 -0.668441 -0.416303 -0.737447 0.537520 -0.078701 -0.457545
-0.376550 0.431873 0.421845 -0.850712 -0.902003 0.603504 -0.370008 -0.728717 1.021392 0.685269 -0.344923 -0.093764 0.928465 -0.392453 0.669610 -0.360466 -0.395396 0.224796 -0.601385 -0.552361 0.679103 -0.569747 -0.234939 0.167501 -0.264228 0.580009 0.840615 0.014629 -0.564764 0.172982
-0.538555 -0.469820 0.720052 -1.079898 -0.213142 0.859751 -0.284928 -0.635035 0.490178 -0.621565 0.311822 -0.854593 0.678570 0.601684 0.797319 0.545526 -0.430487 0.921392 -0.278202 -0.772978 0.468197 -1.099253 0.354388 0.794129 -0.740259 0.408749 -0.069873 0.404908 0.488710 0.855098
-0.799363 -0.236225 0.015933 0.005354 0.133704 0.499206 0.801121 0.442463 0.306114 -0.943931 -0.632290 0.739575 -0.755659 0.436755 0.657851 0.295876 0.001383 -0.630145 -0.779824 0.877646 0.237242 0.233223 0.660027 0.476293 0.312406 -0.033220 0.241039 -0.260130 -0.785917 -0.852192
0.291524 0.629431 -0.092416 0.375931 -0.204310 -0.148804 -0.289340 -0.222459 0.712150 0.328348 0.140690 -0.482315 1.020688 0.005563 -0.031105 -0.250140 0.913538 0.671987 -0.248324 -0.345308 0.305915 0.119715 0.304489 -0.988636 -0.733901 -0.657240 0.074091 -0.153934 0.288196 0.573988
0.076967 0.945990 -0.914282 0.501483 -0.789376 -0.177554 0.349554 1.032892 0.265820 0.440050 0.951193 -0.923768 -0.094967 -0.109369 -0.181090 0.284343 0.479257 0.007084 0.790286 0.553308 0.500095 -0.435817 0.356320 -0.124360 0.774851 -0.619934 -0.103876 -0.630286 -0.456919 0.154227
0.449548 0.227744 0.174535 0.248565 -0.029914 0.174070 0.357943 -0.593759 -0.103932 0.831849 0.625417 0.864418 -0.225403 0.445536 0.179825 0.624509 -0.895938 0.588895 0.213487 0.543486 0.915717 -0.215267 -0.652826 -0.194747 -0.375726 -0.109811 0.508497 -0.693042 -0.401358 -0.543973
-0.186296 0.679769 0.573774 -0.505092 0.006236 0.479117 -0.385492 -0.942338 0.489590 0.456369 0.692413 -0.772354 0.558495 -0.686994 -0.062454 -0.686603 0.629068 -0.089848 0.616921 0.480705 0.565963 -1.073829 -0.941777 -0.896976 0.348901 0.674610 -0.542353 0.046846 1.030748 0.315148
0.380389 0.658034 -0.519631 -0.113854 -0.643754 0.952305 -0.006851 -0.512628 0.320140 -0.455473 -0.915630 0.707871 -0.359656 0.051268 0.468348 -0.800985 0.588644 -0.150457 0.210035 -0.734693 -0.909722 -0.068126 0.400786 -0.085009 0.271661 -0.884402 -0.655831 0.504094 -0.619387 -0.319128
-0.959721 -0.187307 0.198347 -0.773182 -0.648719 -0.021934 -0.822942 -0.561271 0.490263 0.336031 -0.296260 -0.135473 0.372003 -0.167364 0.357032 -0.410391 0.788781 -0.824438 0.509020 -0.797970 0.225290 0.078174 -0.825752 0.000115 -0.534551 -0.209188 -0.179359 0.621451 0.498342 -0.138038
-0.836924 -0.727522 -0.249661 0.182651 0.674917 0.555167 0.292589 1.163372 -0.269645 0.640864 -0.427932 -0.704650 0.059481 -0.671212 -0.950198 -0.593075 -0.662073 -0.375931 -0.333066 0.894572 0.775484 -0.397564 0.315642 1.020156 0.834774 0.942532 0.467643 0.525386 -0.229255 -0.490820
0.384378 -0.602912 -0.501318 0.409724 0.302679 -0.550755 -0.899622 0.372935 -0.652021 0.046405 0.255016 -0.287612 0.510309 0.385757 -0.491774 0.047970 0.416764 0.776840 -1.001913 -0.597195 0.591924 -0.782353 0.431523 0.568626 0.109253 -0.652047 0.962600 -0.582078 -0.643508 -0.699962
0.498836 -1.065090 0.130453 0.640931 0.416538 -0.323861 -0.481552 -0.678322 0.165891 0.131944 0.385464 -0.100235 -0.200848 0.610890 -0.698677 0.591512 1.242782 0.869620 -0.953228 0.126230 -0.025799 -0.133820 -0.167462 0.197654 1.007106 -0.634563 -0.948251 -0.199716 -0.827120 1.482531
-0.434902 -0.011564 0.236318 -0.774739 -0.903857 0.732550 0.286597 -0.395477 0.713010 0.641369 0.933926 -0.603803 0.345901 0.964399 -0.466713 -0.579972 0.616278 -0.642018 -0.811716 -0.155476 -0.237010 -0.044616 -0.145003 0.336201 -0.616387 -0.641875 0.070798 -0.499347 0.359059 -0.385790
0.194425 0.248906 1.032248 -0.914977 -0.473503 -0.758405 -0.378406 0.233362 -0.579912 0.358424 -0.475417 1.020882 -0.570489 0.430085 0.414624 -0.436426 -0.364258 0.085007 0.225020 -0.684680 -0.345057 0.518502 -0.235208 -0.796776 -0.276908 0.939091 -0.052360 0.252502 -0.874808 -0.798612
-0.089537 0.688275 0.213987 0.955111 0.088568 -0.194364 0.492000 0.281336 -0.231322 0.798354 0.525114 -0.151955 -0.048158 0.947400 0.647067 0.903325 0.393471 -0.486160 0.403935 -1.025629 -0.861796 0.036084 0.493783 0.738187 -0.318937 -0.121679 -0.704358 -0.329696 -0.664898 0.165004
0.342566 -0.816863 -0.380353 0.105061 -0.541977 1.017487 0.077792 0.578619 -0.690034 0.167041 0.690014 0.864448 0.564902 -0.195080 -0.647406 -0.357509 -0.994191 0.554390 -0.716379 0.774682 0.773717 -0.401396 -0.083400 0.819016 0.261139 0.109133 -0.545862 0.455068 0.379463 -0.046033
0.844871 -0.222456 -0.324245 0.995428 0.163847 0.203603 -0.225530 0.697794 -1.100020 0.301536 0.831743 0.927705 0.592473 -0.107098 -0.301925 -0.191420 -0.425228 -0.408498 -0.358362 -0.492329 -0.593566 0.884634 -0.009096 -0.859554 -1.040636 -0.811567 0.506713 -0.236227 -0.453361 -0.574071

Bias v0 (Oculta):
-0.058571
0.507227
0.270619
1.088631
-0.318691
-0.875571
0.671914
0.007593
0.274216
-0.217402
-0.539900
-0.023700
-0.434218
0.446585
0.599690
-0.322119
0.547251
-0.206402
-0.448245
-1.076015
-0.484226
0.337576
0.048410
-0.624939
0.751223
-0.920599
-0.853031
0.733282
0.930322
0.393976

Pesos w (Oculta -> Saída):
-1.977453 2.040229
1.588114 -1.567096
-0.861721 1.015545
0.723476 -0.972005
-0.996385 0.939172
1.110183 -1.155622
-0.604426 0.820553
1.218965 -1.338970
1.239702 -1.141532
0.975675 -1.118560
0.698101 -0.092087
-0.356924 0.596274
1.001038 -1.359540
0.404548 -0.695959
-1.926183 1.838870
-0.547643 0.676667
-0.445188 0.466048
0.759764 -0.877777
1.781517 -1.647857
-0.706807 0.887703
-1.219055 1.184995
1.166147 -1.216515
0.465224 -0.374963
-2.053476 2.181417
-0.980428 1.084712
1.265871 -0.507050
-0.126754 0.008445
1.403257 -1.387935
0.929344 -1.059929
3.323810 -3.237558

Bias w0 (Saída):
-0.683215
0.535220
