Pesos v (Entrada -> Oculta):
0.407503 0.342350 0.230444 -0.822895 0.600214 0.589607 0.548804 -0.926296 -0.330358 -0.944167 0.645013 0.418688 -0.112781 -0.670534 0.509599 -0.039882 -0.356183 0.943382 0.215929 -0.380499 0.629474 -0.728009 0.709968 0.960493 -0.197580 -0.377209 -0.981377 -0.434671 0.651788 0.468378
-0.227270 -0.756500 -0.081133 0.443664 -0.280700 -0.318117 -0.139579 -0.055703 0.790607 -0.223087 -0.669330 -0.252027 -0.725886 0.557295 -0.864304 0.427013 0.213997 0.633918 0.044065 0.235898 0.689945 -0.394066 -0.022530 -0.973745 0.807884 0.556268 -0.516750 0.206232 0.671335 -0.812483
0.611049 0.438408 0.821827 -0.576220 0.818751 0.999084 0.819167 0.477630 0.738515 0.773575 -0.776526 0.926100 -0.703936 0.222365 -0.197688 -0.165248 -0.323607 0.503380 -0.241131 0.921191 -0.082348 0.441173 -0.667916 -0.879938 -0.779151 0.490112 0.290490 -0.419687 -0.124390 0.175046
0.230214 -0.758404 -0.467124 -0.171519 0.849200 -0.952596 -0.735273 -0.109326 0.995549 0.014496 -0.799397 0.236796 0.381678 -0.100550 -0.447866 0.479339 -0.112623 0.498673 0.501623 0.562471 -0.709589 0.371216 -0.856606 -0.327700 0.228947 -0.139847 -0.707196 -0.967395 0.998742 -0.438925
-0.567143 -0.217023 -0.291939 0.454500 -0.524884 -0.702035 0.346991 0.622285 -0.403097 0.407022 0.958098 0.674107 -0.908070 -0.264640 -0.784597 -0.040668 -0.663679 0.481777 -0.286385 -0.027265 0.176178 -0.067051 0.709117 0.293204 0.927772 -0.283307 0.691060 0.820664 0.791210 0.906647
-0.470955 0.279130 0.417153 0.169813 -0.196604 0.827208 0.333065 0.332459 -0.129317 0.393044 0.945801 0.647526 -0.256986 0.246637 -0.715649 0.021279 0.364186 0.600749 0.693908 -0.739257 -0.637034 -0.964209 -0.067222 0.688505 0.249418 -0.003097 0.317686 0.481821 0.593638 0.380443
0.966961 -0.159304 0.312913 0.547482 0.233505 0.354609 -0.816409 0.812358 -0.487645 -0.546546 -0.134421 0.881167 0.755711 -0.525182 -0.070007 0.832203 -0.061836 -0.198485 -0.022004 0.958425 0.082488 0.023193 -0.553544 -0.336554 -0.292340 0.444018 0.139890 -0.944489 0.885950 0.679903
-0.741825 -0.858058 0.161948 -0.482090 0.387426 -0.632171 0.362315 -0.134791 -0.017437 -0.454145 -0.178369 -0.104860 -0.258746 0.275916 0.949068 -0.227251 0.951990 0.459162 -0.528497 -0.814475 -0.425168 -0.752912 -0.805252 -0.922571 0.241368 0.492971 -0.350984 -0.976872 -0.085693 -0.475922
0.025772 -0.824135 -0.232330 0.018416 -0.357214 0.114865 -0.289467 -0.023111 0.713777 -0.641360 0.543747 0.514545 0.392629 0.337175 -0.794256 -0.400036 0.186334 -0.198547 -0.164769 0.061367 0.621467 -0.579200 -0.673331 -0.290398 -0.099649 0.912808 0.717636 -0.241751 -0.442039 0.105938
0.210198 -0.518761 -0.291532 -0.742800 -0.287342 0.964399 0.370241 -0.944614 0.753068 -0.562652 0.052706 -0.381750 -0.551534 -0.152406 -0.702086 0.714388 -0.874993 -0.599031 0.077147 0.355915 0.205234 -0.622022 0.617520 -0.570879 0.873102 -0.786361 0.682676 -0.766983 0.183689 0.471266
0.234460 -0.744136 0.670047 -0.087433 -0.081553 0.867030 -0.999217 0.171601 -0.517308 0.440586 0.232126 -0.207021 0.104958 0.688514 -0.451226 -0.794452 0.721098 0.571610 -0.377311 -0.287529 0.996064 -0.046047 -0.941226 -0.914667 0.592944 0.868248 -0.675358 -0.341713 0.662746 0.424575
0.643667 -0.216233 0.489421 0.062416 0.025493 0.134875 -0.206085 -0.855905 -0.562217 0.503721 0.764273 0.739717 0.820382 0.350419 -0.272494 0.666423 -0.731259 0.901858 -0.808135 0.241807 -0.600603 -0.982032 -0.891399 0.521555 0.265112 0.791022 0.371605 0.488761 0.474964 0.491526
-0.999667 -0.583997 -0.516334 -0.232600 -0.695590 0.003613 -0.911197 0.797845 0.695474 0.676064 -0.866795 0.733037 0.416777 -0.456537 -0.454375 -0.317137 0.083031 0.736420 0.469718 -0.837305 -0.248107 -0.589377 0.015050 -0.881502 -0.980141 0.182863 -0.201950 0.299381 -0.084564 0.011783
0.765071 -0.922939 0.212459 0.669506 -0.243644 0.498734 0.973655 -0.332384 0.510085 0.754538 0.221563 -0.602624 0.706062 -0.854553 0.017415 0.784663 -0.264129 0.103656 -0.193427 -0.895502 -0.013801 0.989856 0.647812 0.808979 0.978369 -0.786673 0.809459 0.014950 -0.146213 0.626379
0.424728 -0.465286 -0.759453 0.470075 0.887337 0.396571 0.851045 -0.027178 -0.667427 -0.208671 -0.183758 0.186561 -0.812319 -0.237971 0.135844 0.886540 0.648662 0.438628 0.749100 0.134789 -0.578974 0.631691 0.971948 0.956933 -0.449929 -0.475562 -0.324921 -0.715389 -0.401656 0.134502
0.761145 -0.669599 -0.821201 0.212014 -0.094091 0.792090 0.027214 -0.503669 -0.235917 -0.141004 -0.190578 -0.346110 0.378525 -0.475331 0.951620 -0.732319 0.096391 -0.561295 0.681328 0.350489 0.629753 -0.813064 0.108005 -0.212188 0.854194 -0.305444 0.132098 -0.978316 0.809067 0.444079
0.236979 0.377979 0.050779 -0.287838 0.364828 -0.617313 -0.489900 -0.434700 0.300772 -0.109198 -0.231905 -0.927466 0.474167 0.222990 -0.830420 -0.885197 -0.152327 0.431272 -0.922797 0.949261 0.596150 -0.054044 -0.760870 0.580008 -0.350004 0.558893 0.790658 -0.304705 -0.229690 0.301310
0.928057 0.177607 -0.530783 0.306719 0.486683 -0.386645 -0.897377 0.786759 -0.401408 -0.644300 0.758795 0.919415 0.176905 0.019637 -0.030904 -0.778563 -0.181808 -0.084462 0.727169 -0.117144 0.522234 0.398241 0.151609 -0.906484 -0.648202 -0.618744 0.404679 -0.521663 0.249152 -0.926699
-0.743363 -0.883445 -0.277506 -0.694406 -0.066645 -0.102736 0.852964 -0.088882 0.874919 0.495608 -0.754287 -0.693996 0.424630 -0.556901 -0.427066 0.731283 -0.933797 -0.928898 -0.304777 -0.434106 0.145958 -0.831812 -0.789994 0.258700 0.920521 0.385279 -0.707107 0.667067 0.380810 -0.719245
0.293760 0.305608 -0.816531 -0.999044 0.110285 -0.995984 -0.262246 0.109847 0.604440 0.968154 0.249475 -0.933751 -0.346193 -0.015988 -0.481056 -0.089468 0.839490 0.098410 0.102619 0.385188 -0.906232 -0.497434 -0.696159 -0.339840 0.331470 -0.065179 0.529608 -0.163639 -0.720198 0.339296
-0.609727 -0.883369 -0.309529 -0.200533 -0.213831 0.501700 -0.065170 -0.023451 0.114366 -0.295446 -0.623842 0.706923 0.881531 -0.421830 0.204210 0.094630 0.291783 -0.143886 0.673943 0.952603 -0.286649 0.222520 -0.937697 -0.630323 0.133182 0.287139 0.120177 0.414170 -0.155068 -0.280193
-0.190518 -0.434214 -0.201840 -0.935825 -0.525533 -0.584586 -0.072202 -0.666148 0.442490 0.252986 -0.287868 0.010950 0.446726 0.901165 -0.187810 -0.117265 0.499433 -0.559962 -0.753454 -0.126525 -0.319491 -0.144292 -0.080259 -0.159568 0.876724 -0.718901 -0.625931 0.703938 0.541390 -0.235178
-0.379506 -0.110684 0.477281 0.124132 -0.084221 -0.412307 0.885208 0.722629 0.367991 -0.813867 0.437999 -0.441258 -0.009922 0.203005 0.961464 -0.515230 0.741672 0.884340 -0.412918 -0.871376 -0.982856 -0.639447 0.941402 -0.587063 -0.695972 0.449559 -0.137366 -0.594635 -0.016668 0.469546
0.222894 0.337947 -0.409808 0.164474 -0.502084 -0.925118 0.094606 0.159563 -0.054603 -0.723534 -0.194475 -0.997081 -0.475415 -0.654904 -0.643081 -0.312697 -0.977418 0.628927 -0.093017 -0.620661 0.872149 -0.057350 0.245428 -0.552802 0.404591 0.067846 -0.983752 0.613279 -0.837989 -0.908737
0.849169 -0.532424 -0.146932 -0.484669 0.874471 -0.253917 -0.189996 0.846771 0.140514 -0.947419 -0.253803 0.600828 -0.788216 0.115982 -0.114342 -0.672570 0.816495 -0.012859 0.581879 -0.777537 -0.540171 0.115171 0.344776 -0.518031 -0.931875 -0.448103 0.879307 -0.879504 -0.980549 0.335436
0.494648 0.822341 -0.900341 0.746242 -0.863662 0.991811 -0.707878 0.166522 0.435051 0.773250 -0.089045 -0.292585 0.518089 -0.854337 0.412069 -0.586262 0.901730 -0.712449 0.894127 -0.485175 -0.723440 0.521661 0.480289 0.621561 0.134182 0.244157 0.959633 -0.263566 -0.563644 0.990149
0.161096 0.156820 -0.088996 0.710187 0.163343 0.679928 0.378904 0.718884 -0.867008 0.880162 -0.591990 -0.235696 0.877380 -0.041056 0.761882 -0.415450 0.845376 0.382730 0.143009 0.518714 -0.096502 0.276600 -0.724645 -0.593509 0.482279 -0.143216 -0.612497 0.997226 -0.797707 0.416373
0.937031 -0.973551 -0.082147 0.757522 0.230835 -0.162425 0.020216 0.590697 -0.006959 -0.002869 0.782004 -0.939366 0.683210 -0.671160 0.799407 -0.406600 0.601850 0.187316 0.839503 -0.783784 0.431159 -0.211118 0.540908 0.304370 0.414260 -0.077263 -0.198406 -0.884708 -0.588912 0.899582
-0.175861 0.618062 0.502363 0.964378 -0.716061 -0.539117 -0.428039 -0.395957 0.733811 -0.258968 0.577531 -0.942592 -0.364233 -0.421554 0.419370 0.952562 -0.006714 -0.609693 -0.161237 0.810694 0.776831 -0.731697 -0.358896 -0.777518 0.010071 0.714800 -0.082879 0.111569 -0.347539 0.236333
-0.514802 0.845130 -0.851256 -0.733858 0.397727 -0.022579 -0.904534 -0.968840 -0.135712 -0.487474 0.260365 0.954683 0.235377 -0.777156 -0.742646 -0.473862 0.236856 -0.460902 -0.375393 0.685678 -0.801035 -0.794681 0.619849 -0.570997 0.827350 -0.800066 0.938057 0.972270 0.241446 -0.700616
0.244117 -0.280256 0.013729 -0.371363 -0.775091 0.837863 -0.567256 -0.342406 0.249478 0.843293 -0.947832 -0.632079 0.567058 -0.388672 -0.081417 -0.293359 0.189785 0.015027 0.213362 0.732718 0.993720 -0.113071 -0.742333 -0.078885 -0.340091 -0.825683 0.139515 0.301260 0.793187 -0.301988
-0.653029 -0.864067 -0.382122 0.554895 -0.310531 -0.812216 0.740747 -0.001590 -0.530025 0.338947 -0.988132 -0.564017 0.236745 -0.193291 0.547491 -0.855789 -0.560210 -0.493977 0.555216 -0.333111 0.106594 0.778160 -0.875726 0.219291 0.295059 0.418060 0.251894 -0.675318 0.507660 0.741588
-0.098438 0.808047 -0.307332 0.020731 -0.166293 0.299326 0.157935 0.804768 0.794026 0.587801 0.429515 -0.996735 -0.396929 0.134351 -0.591139 0.850827 0.544605 -0.723019 -0.120962 0.378953 0.825827 -0.305988 -0.980642 -0.071057 -0.863157 0.047414 -0.424973 0.070144 -0.656866 -0.087909
-0.433307 -0.608877 0.565777 -0.984323 -0.371613 0.311918 0.839766 -0.954597 0.970279 0.765864 0.038050 0.570394 0.976717 0.224831 0.698199 0.173581 0.697854 -0.817571 0.146422 -0.424270 -0.660477 -0.177679 0.889960 0.931909 0.822430 -0.412422 0.617978 -0.124683 -0.148457 -0.632727
0.115757 0.465792 0.739275 -0.757272 -0.101107 0.075000 0.054977 -0.465745 0.266331 -0.471714 -0.643966 0.718083 -0.338156 0.987141 -0.209783 -0.902963 -0.727543 -0.475202 0.489086 -0.394702 0.008362 0.712678 0.369913 -0.768849 0.446218 -0.133790 0.854989 -0.090627 0.867226 -0.044232
0.931230 -0.232957 0.529050 -0.401659 -0.072270 -0.219482 -0.979418 -0.811086 0.582557 -0.212095 0.766805 0.168250 0.578212 -0.888941 -0.319366 -0.510166 -0.221875 0.223166 0.050966 -0.683017 0.430610 -0.662653 0.877984 -0.778128 0.335338 -0.538795 0.551081 -0.065192 0.799828 0.140735
-0.739206 -0.964131 -0.990203 0.786558 -0.528047 0.187656 0.860339 0.689530 -0.800901 -0.507873 0.046653 0.706636 -0.329498 0.556830 -0.456223 -0.838393 -0.705045 0.245411 0.644528 0.245022 -0.762412 0.542687 0.960434 0.557686 -0.250201 0.357700 -0.560306 -0.736054 -0.914875 -0.292938
0.731787 -0.108939 -0.617836 0.230803 0.184630 -0.739387 -0.806990 -0.634871 -0.687567 0.553493 -0.275918 0.273238 0.729517 0.916056 0.334230 0.921542 0.881773 0.482414 0.365357 -0.826271 -0.840176 -0.089699 -0.870539 -0.937977 0.794275 0.866986 -0.056600 -0.793478 0.230122 -0.621060
0.322099 -0.980709 -0.208134 -0.899429 0.072690 0.439814 0.579527 0.418707 0.251246 0.898785 -0.308363 -0.142150 0.759000 0.877750 0.018215 0.665095 -0.753327 0.424968 0.874113 0.663059 -0.369174 0.610798 0.581486 0.657206 -0.782038 0.382741 0.279500 0.198254 -0.910982 -0.888842
0.973014 0.241806 0.911522 -0.844990 0.336273 0.990138 -0.311725 -0.760566 0.960952 -0.538575 -0.444866 -0.230316 0.818849 0.216239 0.338945 0.312875 -0.332988 -0.158130 -0.164723 0.805931 -0.348504 -0.404908 0.608106 0.525669 0.546439 -0.370636 -0.484224 0.467208 0.564380 0.768613
-0.994146 0.278144 -0.322264 0.720801 0.517481 -0.343666 -0.109658 -0.152607 0.912728 0.362089 -0.775461 0.351304 -0.671105 -0.960454 0.364926 0.173133 -0.163881 0.471630 -0.603233 -0.241324 -0.302403 0.205541 0.058155 0.641561 0.598443 -0.325175 -0.172483 0.382044 0.048458 0.589529
0.427075 0.908584 -0.546649 -0.875534 0.596783 -0.345650 -0.117965 -0.617685 0.022064 -0.498457 0.193415 0.618168 0.493404 -0.625182 -0.581601 -0.236292 0.105349 -0.506218 -0.035779 -0.153966 -0.828330 -0.629410 -0.548317 -0.127737 -0.151540 0.310600 0.312501 0.267288 -0.640835 0.855434
0.004784 -0.986537 0.570866 0.552468 0.076785 -0.732684 -0.657845 -0.665253 0.283122 0.522288 -0.126586 0.241961 -0.599724 -0.591421 -0.359673 -0.434778 0.986798 -0.299935 -0.031769 -0.332708 -0.283279 0.632339 -0.925598 0.107051 0.904486 0.499277 -0.170672 0.919660 -0.076808 0.387198
-0.643952 0.302934 0.428009 0.400647 -0.422953 0.862662 0.909319 0.872923 -0.093586 -0.828820 -0.317968 -0.446369 -0.414020 0.129270 -0.783771 0.563900 0.505633 0.388377 -0.743850 0.758485 -0.862691 0.727256 0.375126 -0.957764 0.171226 0.084655 0.024757 0.601106 -0.778533 -0.799751
-0.956833 0.402761 0.264189 -0.281104 -0.087377 -0.075426 0.588997 -0.509777 -0.676611 -0.008686 0.033314 -0.377620 -0.795927 0.464400 0.306432 -0.196645 -0.839831 -0.670281 0.496754 0.492126 0.941826 -0.512729 0.806453 -0.054543 -0.162743 0.681800 0.573702 0.516097 -0.002643 0.165186
0.097845 0.739273 0.337302 0.389372 0.792383 0.671829 0.349874 0.271966 -0.161836 0.990119 0.985888 -0.140766 -0.793055 0.759774 0.088936 0.484440 -0.308202 -0.837610 -0.316553 -0.443855 0.727250 -0.978687 -0.527365 0.851145 -0.575736 0.572936 0.761051 0.820765 0.526727 0.566412
-0.071692 -0.244054 0.252522 -0.499034 -0.204764 0.908740 0.446373 -0.512114 -0.845312 0.530569 -0.885745 -0.254103 -0.084207 0.544838 0.802687 0.987215 -0.112833 0.816681 0.634067 0.839197 0.799364 -0.419123 0.094860 -0.037320 0.153138 0.491029 0.268236 -0.705986 -0.232949 -0.588279
-0.029012 0.207184 0.678010 -0.503570 -0.118817 0.513755 -0.962104 0.519404 -0.381833 0.304466 0.262375 0.699600 0.736834 0.147001 0.990838 -0.157996 0.584008 0.110043 0.440167 -0.587350 -0.492887 0.974043 0.436231 0.588423 0.840474 0.304161 0.211174 -0.760124 0.609840 -0.496806
0.163561 -0.648982 -0.545824 -0.973270 0.228458 -0.240905 0.299025 -0.958514 0.103618 0.489729 0.990520 0.347036 -0.854116 -0.971373 -0.947594 0.569535 0.406038 -0.137662 -0.076552 -0.589659 0.252885 0.189426 -0.761638 0.251647 0.358960 -0.668811 0.616764 0.176059 -0.699778 -0.833482
-0.713751 0.838631 -0.958583 -0.806655 -0.484024 0.926326 -0.996117 -0.474270 -0.221637 -0.738508 -0.630067 0.048344 0.187847 0.749996 -0.455804 0.547855 0.589644 0.331182 0.477927 -0.356704 0.482595 -0.536468 0.414682 0.733313 -0.760620 0.750965 0.191144 0.254189 -0.993320 -0.769259
0.151669 0.583671 -0.316157 -0.924272 0.220087 -0.587049 0.286337 -0.937082 0.738468 0.510316 -0.802125 0.005307 0.121369 -0.484625 -0.435480 -0.539544 -0.789805 0.092277 0.541377 0.276131 0.206158 -0.428174 -0.854291 -0.815018 0.172977 0.772943 0.003940 0.416103 0.649637 0.521951
0.094442 -0.202320 -0.826796 -0.666988 0.870753 0.638794 -0.911012 0.726307 -0.975310 -0.524831 0.139037 -0.605026 -0.768008 -0.213980 0.598861 -0.311063 0.105339 0.474327 0.210906 -0.417582 0.776474 0.680129 -0.048366 0.757245 -0.239069 0.396374 0.414665 0.811974 0.463046 0.960870
-0.234619 0.404340 -0.956012 -0.543982 -0.172738 -0.131242 -0.637594 -0.225749 0.254222 0.065370 -0.413682 -0.746363 0.676204 -0.792530 -0.050691 -0.297656 0.299825 -0.400640 -0.602053 -0.889738 -0.033208 -0.941928 0.411962 0.974394 0.869233 0.135697 0.846236 0.899252 0.717235 -0.247698
-0.349776 0.929786 0.679201 -0.690160 -0.549815 -0.981789 0.181707 -0.494375 -0.624802 -0.460886 0.765564 0.127461 0.186037 -0.907743 -0.158982 0.461748 0.454890 0.695570 -0.862892 -0.560261 0.766421 -0.983486 -0.819849 0.205324 -0.768163 0.286511 0.891824 0.210791 0.354792 -0.786402
-0.809528 0.299948 -0.022022 0.457572 0.719032 0.057198 -0.301270 0.454557 -0.376074 -0.836266 -0.442239 0.645109 0.962715 -0.404408 0.399382 0.663821 0.969409 0.944096 -0.200501 0.578068 0.929159 0.510345 -0.490405 -0.955527 -0.325188 0.599040 -0.864297 0.846495 0.006564 -0.549089
-0.272321 -0.672527 -0.483505 0.498044 0.692175 0.694119 -0.974235 -0.332187 -0.474901 -0.839364 -0.304027 -0.907063 -0.575855 0.490484 -0.081848 -0.721203 0.863931 0.530790 -0.843703 -0.493778 -0.995529 -0.486599 -0.468891 -0.236619 -0.316874 0.533880 -0.982662 -0.613113 0.870901 0.663428
-0.019940 0.330530 -0.243671 -0.086835 0.389564 0.460313 -0.276756 0.232808 0.025205 0.739193 -0.137391 -0.229084 -0.836613 -0.967798 -0.775890 -0.987676 0.463265 -0.048749 -0.500814 -0.521766 -0.452309 -0.590972 0.918922 -0.461746 0.203707 -0.945979 -0.126237 -0.534001 -0.316516 0.356277
-0.174163 0.302760 0.903086 0.795276 -0.847715 -0.163635 0.998304 -0.122137 0.167224 0.599146 -0.309984 0.746545 -0.322339 0.922270 -0.802998 0.554849 -0.503855 -0.983283 -0.468924 -0.214111 -0.273231 0.022258 0.550466 0.085899 0.652622 -0.990039 -0.169592 -0.322148 0.791972 0.859692
0.502214 0.289488 -0.411573 0.775052 -0.539243 -0.349210 -0.630127 -0.659514 0.606719 0.563739 0.707121 -0.216943 -0.074010 -0.010248 0.610653 -0.362201 0.463687 -0.930300 0.230293 -0.586416 -0.461000 0.749526 -0.016432 0.958645 -0.071791 -0.017388 -0.284416 -0.119051 0.709100 -0.158515
-0.285369 -0.192040 0.069952 0.047099 -0.059384 -0.950427 0.169092 -0.864972 0.220644 0.315756 -0.310547 -0.499374 -0.875727 -0.134448 0.692266 0.062181 -0.130993 -0.943797 0.882325 -0.561110 0.225410 -0.624266 -0.438395 -0.698055 -0.683366 0.992421 0.948795 0.181998 0.407370 -0.820949
0.264522 0.474483 -0.178868 0.196175 0.956228 -0.189531 0.938219 -0.613282 -0.410134 0.544571 0.764381 -0.723361 -0.087669 -0.319221 0.594898 -0.856577 0.182841 -0.002817 0.495652 -0.261388 0.035688 -0.287557 -0.425146 0.132991 -0.748837 0.055985 0.377427 -0.738746 -0.617647 -0.525412
0.676811 0.677921 -0.210166 0.526503 -0.520000 -0.208239 -0.273271 -0.818906 0.076273 -0.685295 0.806046 -0.659657 -0.883513 -0.646772 0.642942 -0.742439 0.201041 0.079238 -0.352418 0.246754 0.472009 0.161706 0.489577 0.689363 0.360287 -0.602752 0.603645 -0.672120 -0.889520 -0.431634
0.075478 -0.944783 0.862401 0.355276 -0.988141 0.948766 0.975943 -0.470768 0.588523 0.418597 -0.876233 -0.086379 0.710471 -0.350596 -0.658817 -0.445981 0.184099 -0.549839 0.664093 -0.382172 0.094930 -0.916707 0.741234 -0.213535 -0.120356 -0.355943 -0.009892 0.401558 0.509771 -0.113410
-0.342735 0.545662 -0.930105 -0.244297 0.233803 -0.762272 -0.647050 0.509459 0.635584 0.470476 0.573461 -0.899502 0.876893 0.320385 -0.923010 -0.555901 -0.376453 -0.384620 -0.774647 0.775201 -0.038800 0.612965 -0.060727 0.810097 0.679111 0.080009 0.588247 0.106884 -0.962914 -0.235423
0.462509 0.981097 0.920551 0.022030 0.367405 -0.472686 -0.297352 -0.483743 -0.586008 -0.255524 -0.550314 0.764561 -0.778240 -0.394634 0.141367 -0.709925 0.238219 -0.453844 0.283482 -0.579377 0.207881 0.278073 -0.333301 -0.852704 0.843524 -0.837910 -0.313133 0.306274 0.933686 -0.833234
0.013247 0.990336 -0.156848 0.443478 -0.247046 0.131735 -0.031295 0.975112 0.069094 0.155087 0.266392 -0.450340 0.453374 -0.448794 0.949367 0.160248 0.682664 -0.102708 -0.759832 0.691024 -0.215093 0.827298 -0.893930 0.121010 0.577904 -0.375278 0.822135 -0.027613 0.722721 -0.077167
0.059363 0.120942 -0.829225 0.440825 -0.192940 -0.002194 0.985960 -0.648395 0.309483 -0.301296 0.803107 0.300167 0.722976 0.369821 -0.777430 0.344407 -0.770369 0.087956 -0.031538 0.180419 0.076184 0.299439 -0.492570 -0.962232 -0.071343 -0.079406 0.203286 -0.839505 0.190234 0.330695
0.706669 -0.311954 -0.910910 -0.020605 -0.392148 -0.153381 0.645094 -0.468902 -0.508879 -0.269186 -0.423769 -0.062541 -0.144000 -0.374326 0.737029 -0.880302 -0.501473 0.347031 0.616291 0.183381 -0.398235 -0.336696 -0.865123 0.288903 0.416570 0.488642 0.175288 -0.884851 0.479275 -0.993966
0.730172 0.239663 0.348545 -0.937344 0.353784 0.001060 0.330279 0.074091 -0.419498 0.141992 -0.630323 -0.183247 0.113448 -0.831660 0.457656 -0.548196 0.394789 -0.375835 0.490460 -0.301548 0.869887 -0.372882 0.245299 -0.858566 0.196486 0.726374 -0.281818 -0.592386 0.018499 -0.134864
0.788563 -0.155491 0.466414 -0.729599 0.101282 0.164140 -0.757946 0.294572 0.183118 -0.397748 0.398127 -0.538691 0.973220 -0.865869 -0.647752 -0.438720 -0.712475 0.047916 -0.833844 0.313581 0.174995 0.538951 0.857955 -0.314072 0.545148 0.717658 0.115559 0.030394 -0.530405 -0.978078
0.549579 0.863901 0.362682 0.022612 -0.581600 0.380072 -0.634999 0.447532 -0.016134 0.631768 -0.671580 0.058684 0.338104 -0.832470 0.535006 -0.988302 0.446494 0.234960 -0.929186 -0.883184 -0.267770 0.937027 0.603769 -0.576474 0.646099 0.372346 0.289370 -0.493449 0.294739 0.750982
-0.915570 -0.206883 0.662151 0.123617 -0.798509 -0.813418 0.798573 0.228834 0.683493 -0.877129 0.740498 -0.897567 -0.965041 0.758558 -0.600093 -0.774909 0.537843 -0.938247 0.703223 0.471089 -0.014743 0.187300 -0.533164 -0.468388 -0.518715 -0.191885 -0.356189 -0.318993 -0.315888 0.325200
0.038472 0.405002 0.514339 0.550983 -0.318471 -0.096622 -0.427232 -0.828699 0.314610 0.232749 -0.185047 0.194832 -0.189806 0.725803 -0.320532 -0.676500 0.083577 0.008866 -0.710552 -0.074081 0.468713 0.909818 -0.827027 0.336002 0.033094 0.722275 0.743958 0.129387 -0.588820 0.445806
0.396109 -0.464815 -0.302154 0.500238 0.140023 0.516773 0.990883 0.307804 -0.794544 0.854780 0.642959 -0.920478 -0.201090 -0.196429 -0.270828 0.813221 -0.351559 -0.258984 -0.189351 0.262819 0.991982 -0.950021 -0.312850 0.367067 0.352311 -0.403142 -0.539234 -0.817566 0.686924 0.182492
-0.916069 0.627445 -0.973205 -0.759185 -0.836411 0.527623 0.952543 -0.951680 0.404745 -0.272779 0.843854 -0.093086 0.117141 0.796097 0.351545 -0.040316 -0.892768 -0.327895 -0.420884 0.243704 -0.360211 -0.283618 -0.328078 -0.656157 0.078791 -0.938779 0.118036 0.097979 0.653842 -0.555679
0.830583 0.816087 0.544372 0.673766 0.812031 0.107211 0.358722 0.603149 -0.153719 0.578482 -0.509776 -0.317949 0.224916 -0.236363 0.199734 0.004226 0.101456 -0.041101 0.167925 -0.345636 -0.070130 0.156054 0.528068 -0.104673 0.875677 0.962235 0.178312 0.685813 0.592081 0.091307
0.248724 0.822791 0.601521 -0.037210 -0.724725 -0.814412 0.533632 0.787884 0.468978 0.048163 -0.743564 -0.594110 -0.275655 0.312825 -0.020778 -0.096046 0.450384 0.655704 0.487195 0.691190 -0.983240 0.558226 0.159190 -0.408168 -0.876034 -0.298919 -0.605845 0.165276 -0.919929 0.686713
-0.026665 -0.220486 0.823359 0.256655 0.892152 0.324082 -0.149922 0.163523 -0.426361 -0.148077 0.707144 0.883422 0.906244 0.813813 0.838935 -0.790538 -0.701821 -0.915772 -0.413164 -0.523584 -0.062785 -0.257179 -0.083213 -0.550718 0.317943 -0.861950 0.558750 -0.102037 0.436446 0.774481
0.382151 0.852645 0.589075 -0.908781 -0.156627 -0.234282 0.983431 0.283471 -0.584263 -0.729370 0.198700 -0.184200 -0.379177 0.692083 -0.495394 0.076329 -0.794269 0.859548 -0.099272 0.268354 -0.316957 0.841380 0.229577 0.675610 0.615945 0.037745 0.232549 -0.107306 -0.981321 -0.440964
-0.165471 0.122510 -0.046868 -0.533698 0.253842 0.498653 -0.787459 0.640022 0.733741 0.901448 -0.675937 -0.492050 -0.243893 -0.718640 -0.695917 -0.209800 -0.565372 -0.079531 0.997644 0.245592 -0.334037 -0.247415 -0.995587 -0.467364 -0.582101 0.154808 0.051754 -0.980729 0.148773 0.223640
0.667957 -0.776077 -0.428733 -0.382972 0.772598 0.890809 -0.889455 -0.294198 0.059108 0.139167 -0.762487 -0.610344 0.790916 0.334796 -0.187516 -0.989909 0.892506 0.928100 -0.703582 -0.354962 -0.295242 -0.032027 -0.388017 0.942424 0.698636 0.856255 -0.337981 -0.195438 0.380285 0.799560
-0.217705 0.385128 -0.970466 0.341077 0.310380 -0.666877 0.809608 0.638836 0.714516 0.211118 -0.236380 0.502859 -0.910059 -0.347561 -0.937739 0.853239 -0.249048 -0.625498 0.589329 -0.475803 -0.827404 0.595405 0.944409 -0.336342 -0.195875 0.610601 -0.091444 -0.953051 -0.055906 -0.631331
0.481074 0.565007 0.340256 0.272281 -0.580082 -0.428333 -0.451191 -0.316910 -0.955442 -0.784295 -0.232808 -0.576140 -0.579586 0.820669 0.899405 -0.289142 0.750134 -0.273330 0.157158 0.308934 -0.282564 0.613554 -0.751376 -0.359537 0.445022 0.286860 -0.545397 0.797131 0.440898 -0.207809
-0.368189 -0.225251 -0.539577 0.168301 0.134711 0.678412 -0.719320 -0.596958 -0.457483 0.225091 0.165171 -0.515152 -0.249089 -0.352618 0.814398 -0.778889 0.802866 -0.687545 0.532536 0.401956 0.438838 -0.296547 -0.287066 -0.623882 0.204327 0.521330 0.955356 0.250551 0.955350 -0.268155
-0.124094 -0.996038 0.411477 -0.349683 0.439058 0.291546 -0.700248 0.913298 -0.277426 0.566028 0.038985 -0.949856 0.140368 -0.472440 -0.034422 0.700294 -0.258354 -0.268760 0.535533 0.590909 -0.064531 0.341175 0.817846 -0.013153 0.113486 -0.285409 0.977542 -0.493993 0.186177 -0.898431
0.602780 0.054070 -0.941571 -0.556191 -0.199122 -0.808965 0.394796 0.707117 -0.118558 -0.517229 -0.492552 -0.415552 -0.775949 0.380121 -0.690376 -0.437919 -0.419214 -0.278182 -0.543523 0.996547 -0.819117 0.389430 -0.764850 -0.881702 0.046547 -0.340506 -0.233865 0.708875 -0.149305 0.205526
-0.268360 -0.036083 -0.931504 0.736443 -0.921691 0.558287 0.409745 0.042729 -0.883186 -0.864562 0.103472 0.780560 -0.316636 0.690242 0.707218 0.563007 0.354058 -0.908450 0.230594 0.739799 0.104214 0.301366 0.584169 0.026829 -0.666328 -0.591236 0.966240 0.323379 0.493258 -0.046680
0.978523 0.763348 0.029402 -0.146191 -0.559981 -0.918985 -0.426148 -0.812185 0.018653 -0.463238 -0.551918 -0.533436 -0.664950 0.251599 0.153542 0.898444 -0.071716 -0.569052 0.356254 -0.054181 0.472549 0.805101 0.808404 -0.421775 0.993018 0.404132 0.567261 0.528814 0.933156 -0.271162
0.498590 0.974528 -0.853443 0.030123 -0.443505 0.490797 -0.101994 0.125978 0.419590 -0.224087 -0.363973 -0.656749 0.511774 0.054207 0.030176 0.072999 -0.774781 0.934506 0.715278 -0.255349 -0.424666 0.858319 0.276316 0.378357 0.295247 0.396087 -0.679511 -0.495652 -0.440868 0.987280
-0.355296 0.825652 0.145786 0.310819 0.386750 -0.541770 -0.811319 -0.468744 -0.274377 0.294181 0.774352 -0.529059 0.364685 0.245237 -0.985248 -0.415141 0.079867 -0.425150 -0.715686 0.825350 0.879247 -0.333257 0.343571 -0.327969 0.496549 -0.974501 -0.913069 -0.741311 0.367677 -0.852821
-0.358149 -0.535972 -0.337613 0.974862 0.348477 0.896633 0.354339 0.229753 0.654164 -0.435363 -0.964290 0.017739 -0.079049 0.099321 0.441000 -0.538522 0.518727 -0.844081 -0.199930 -0.617428 0.087420 -0.688068 -0.207069 -0.712489 -0.860306 -0.629359 0.300725 0.065584 0.929963 0.084899
0.185651 0.030163 0.024003 -0.865582 -0.592209 0.148110 -0.963951 0.488427 0.801378 0.296231 -0.823872 0.769394 0.209147 -0.531202 0.466324 -0.169508 0.851262 0.902850 0.677627 -0.797419 -0.168498 -0.583475 -0.168953 0.968096 -0.037088 -0.090451 -0.453788 0.913792 -0.636155 -0.990196
-0.340751 0.810806 -0.769047 -0.447412 0.227525 -0.899528 0.181746 -0.651675 -0.303534 -0.217145 -0.353305 0.849059 0.659726 0.767735 -0.520003 0.863843 -0.842069 -0.498552 -0.764336 0.249044 -0.883707 -0.373547 0.856910 -0.304848 -0.344355 0.718194 0.783727 0.639501 -0.594610 -0.312058
-0.380084 -0.661902 -0.693735 0.870186 -0.691496 -0.416348 -0.659045 -0.297987 0.817904 -0.328732 -0.374380 -0.419126 0.910846 -0.850150 -0.302463 0.106845 0.048079 0.313901 0.078412 0.000795 -0.911840 -0.101427 0.014068 0.649734 0.497345 -0.235853 0.108438 0.853182 -0.387966 0.436562
0.939861 -0.612329 0.491450 0.692913 -0.213698 0.945006 0.468131 0.775873 -0.344585 0.845148 0.977152 0.803496 0.317149 -0.657550 -0.276858 -0.988525 0.383197 0.855272 0.803366 0.024047 -0.654060 0.395644 0.095695 0.316117 -0.243460 -0.335646 0.227931 0.813401 0.018804 0.902692
0.166615 -0.715004 0.209933 0.030368 0.425698 0.778418 -0.178522 0.705138 -0.686086 0.482847 0.499040 0.168285 -0.816754 -0.734924 -0.007583 0.522173 -0.603407 -0.910504 -0.086769 -0.779364 -0.715933 -0.845194 0.687783 0.410479 0.611485 -0.076593 -0.643097 -0.379526 -0.560364 0.517097
0.451459 0.746986 0.103306 -0.242560 0.337980 -0.605763 0.894469 0.151955 -0.197180 0.188511 0.140197 -0.539269 -0.054427 -0.266757 0.842321 -0.196408 0.091010 -0.653194 -0.156533 -0.479139 -0.122836 0.491730 0.520112 -0.155206 -0.384461 -0.420562 -0.010719 0.002439 -0.792571 0.931308
-0.339681 0.838136 0.709521 -0.939770 -0.699558 0.811975 0.150511 -0.052307 0.921321 0.595730 -0.702742 -0.629178 0.075975 0.216843 -0.175453 -0.241793 0.849805 0.510003 -0.421712 0.389184 0.284810 -0.057839 0.398486 -0.347057 -0.307994 -0.171154 -0.020642 0.177219 -0.311254 0.642487
-0.108933 -0.738271 0.242361 -0.048907 0.895752 0.236724 0.087758 -0.333314 0.771963 -0.118106 0.468643 -0.221457 0.461147 -0.173913 -0.433225 0.086039 0.724868 -0.814894 0.015352 -0.100083 0.435766 0.006244 -0.712426 0.369068 -0.043994 0.855605 0.029760 -0.001494 -0.146513 0.949001
0.558750 0.433293 0.317381 0.673283 -0.490014 -0.891515 0.511272 0.887306 0.287052 0.045241 0.628410 0.718720 0.085036 0.042101 0.199126 0.100471 -0.752418 -0.018691 -0.783582 0.052284 -0.212577 0.115113 0.869039 0.993312 -0.095621 -0.968536 0.585863 -0.929403 0.331881 -0.101009
0.615125 0.181831 0.727997 -0.024896 -0.930962 0.729984 -0.418946 -0.433053 -0.030972 -0.634903 0.659109 0.650099 0.803251 0.030235 0.459567 -0.125476 -0.023241 -0.095020 0.771037 0.687977 -0.971063 0.134510 -0.460533 0.449279 0.626054 -0.039094 0.247874 0.913260 -0.724678 -0.056194
0.568947 0.677665 -0.927493 0.318117 -0.740834 -0.113100 0.552746 0.750273 0.098403 -0.840928 -0.226932 0.476269 -0.843547 -0.399253 -0.477592 0.251322 -0.036782 -0.849753 0.306691 -0.254474 0.229505 0.766155 0.530878 0.787296 -0.300780 0.954674 0.194063 -0.382704 0.679086 0.386416
0.338856 -0.281906 -0.919833 0.310314 -0.028683 0.407042 -0.181639 -0.839980 -0.300654 -0.176650 -0.410140 0.218108 -0.972252 -0.730826 -0.864162 0.494412 0.318871 -0.826036 0.872297 0.677723 -0.564356 0.519860 -0.002719 0.038458 0.801588 0.044998 -0.706579 0.896720 0.227056 -0.312710
0.526747 -0.149967 -0.514194 0.637611 -0.626783 0.175294 -0.156162 -0.434841 0.937091 -0.113033 -0.676170 0.319736 0.609309 -0.077458 -0.278966 -0.223645 -0.740328 -0.452780 -0.577432 -0.660947 -0.902378 -0.240742 -0.275576 -0.448315 -0.867788 0.447416 0.188890 0.692822 0.694919 0.394927
-0.329329 0.159603 -0.940813 -0.864546 -0.006266 -0.007642 -0.302748 0.806606 0.497658 -0.272615 -0.872746 0.991441 -0.228222 -0.765767 -0.605960 0.157955 -0.338781 0.371742 0.651181 0.465295 0.288497 -0.336492 -0.107995 0.419902 0.552706 -0.592219 -0.466035 0.209356 0.261496 0.053322
-0.817064 -0.081397 0.457656 0.014456 -0.076783 -0.591119 -0.913629 0.307829 0.146958 0.736993 0.439529 0.346192 0.724289 -0.637571 -0.680603 0.895591 0.086581 -0.775726 -0.449863 -0.822104 0.490140 0.613231 -0.900267 0.928810 -0.932279 -0.748012 -0.485531 -0.330474 -0.942109 0.616714
-0.959637 0.058074 0.616724 -0.871414 -0.359854 -0.186369 0.579939 -0.179353 0.635028 -0.248627 -0.508180 -0.584294 0.077752 0.269545 -0.946214 -0.560971 0.867813 0.171091 0.758460 -0.839310 -0.627188 -0.371376 -0.717228 -0.472970 0.892953 -0.497332 -0.817125 0.743667 -0.785276 0.051188
0.683079 0.787555 0.141883 -0.057010 0.751906 0.161292 -0.872461 0.625249 0.809798 0.446368 0.555189 -0.057040 0.581577 -0.690228 -0.810828 0.555858 -0.059489 0.316638 0.819778 0.810583 0.560396 -0.302508 0.732683 0.535966 -0.458460 -0.830243 -0.868347 -0.820855 0.672374 0.173449
0.673514 0.737893 0.555912 0.128364 0.054015 0.830914 -0.441976 0.121179 -0.368807 -0.398295 -0.509152 -0.257665 -0.850835 0.544549 0.036912 -0.738030 0.366417 -0.938644 0.822215 0.676691 -0.944034 0.810298 0.344633 0.573373 -0.722762 -0.063321 -0.110711 0.672434 0.550469 -0.492650
0.298438 -0.415464 -0.024912 -0.837106 0.588581 -0.879908 0.647325 -0.546708 0.456428 -0.032088 0.326639 0.751601 0.911182 0.548042 0.568044 -0.830409 0.800849 -0.467009 -0.723485 -0.662201 -0.994569 -0.347469 0.182882 -0.294621 -0.834550 0.533745 0.663432 0.872046 -0.160635 0.974562
0.312240 0.726404 0.322779 0.167600 0.666968 -0.079933 -0.562892 0.144990 0.757255 -0.408877 -0.538338 -0.775738 -0.019275 -0.683202 -0.803721 -0.671629 -0.770210 0.963326 -0.430445 -0.184179 0.919969 0.744007 -0.855574 -0.363571 0.814760 -0.105897 0.663033 -0.655863 0.257244 -0.335186
0.745188 0.172724 -0.854895 0.335152 -0.918103 -0.146893 -0.430329 0.310143 0.017151 -0.921256 -0.174336 0.927591 -0.414319 -0.505455 0.010084 -0.632742 0.784788 -0.104723 0.628483 -0.956567 -0.637250 -0.005676 0.697435 0.013693 -0.960078 0.505088 -0.936751 -0.927335 -0.503726 0.402495
0.665681 0.934135 0.498576 -0.616797 0.408186 -0.290885 -0.402578 -0.776329 0.965829 0.476616 0.483022 0.040834 0.183480 -0.081955 0.602084 0.032443 -0.610206 -0.416638 -0.420408 -0.650501 -0.343419 0.418710 0.523951 0.562668 -0.630420 -0.341423 0.647563 -0.820582 -0.567936 -0.305166
0.353059 0.426576 0.139469 -0.255910 -0.555376 -0.751310 -0.410847 -0.130503 0.778008 0.500493 0.599549 0.907921 -0.064008 0.426447 -0.984445 0.363716 0.991123 -0.817105 -0.517825 -0.499224 0.550360 0.249698 -0.035093 -0.395886 0.083907 -0.928488 -0.559556 0.113375 -0.726569 -0.420840
-0.572077 0.954432 -0.659201 -0.757259 -0.605242 -0.291467 0.456171 -0.669938 -0.983840 0.625605 -0.832892 0.042118 0.198383 0.841704 0.093115 -0.301227 0.474277 0.083086 0.644307 0.760197 0.505474 0.384291 0.547552 0.051081 -0.356686 -0.305573 0.771998 0.827090 0.827162 0.776349
0.377901 0.219370 0.587150 0.305674 0.123975 0.817982 -0.175491 -0.812428 -0.228687 0.960896 0.237889 -0.642814 0.896988 -0.216370 0.084995 -0.239372 -0.035237 0.311949 0.851178 -0.698901 -0.002892 -0.396529 0.495480 -0.145823 0.921371 -0.971592 -0.787937 -0.286757 0.368940 0.974431
-0.693456 -0.045939 0.388532 -0.222196 -0.520037 0.243763 -0.923303 0.750739 -0.669477 0.259547 0.759689 0.343338 0.823879 -0.653788 -0.989378 0.493464 -0.268703 0.879651 0.214916 0.014976 -0.932212 -0.185492 -0.548981 0.570038 0.889207 0.988745 0.798145 -0.913205 0.805000 0.671660
0.484960 -0.250804 0.915003 0.351167 -0.260869 -0.288866 0.168430 0.601495 -0.138630 0.542027 0.625283 0.368329 0.480941 0.068366 0.963348 0.335537 0.011488 0.508502 0.282490 0.393483 0.618526 0.738493 0.947621 -0.108712 0.487482 -0.828890 -0.098837 0.032064 -0.609415 -0.671865
0.621901 0.230878 -0.081500 0.208757 -0.530620 0.885427 -0.128555 0.847906 0.336182 0.796040 0.851790 -0.484653 -0.643653 0.285467 -0.292204 -0.463334 -0.214058 0.937056 0.435643 -0.154307 -0.989657 0.244904 -0.770001 0.211655 -0.422290 0.786674 -0.844909 -0.917359 -0.432370 -0.922213
0.778130 -0.174318 0.185031 0.541053 -0.322817 0.257295 0.122232 0.300328 -0.886553 0.101883 -0.498675 0.214031 -0.913624 -0.766187 -0.135706 -0.407646 0.381389 0.511043 0.836636 0.500115 0.126800 0.905356 0.433603 -0.229466 -0.960596 0.220364 -0.945534 0.710844 -0.570676 0.454402

Bias v0 (Oculta):
-0.181326
-0.428500
-0.938029
-0.501330
-0.837241
-0.211897
-0.225245
-0.448068
-0.722857
-0.576316
-0.333969
0.897054
0.648895
0.387637
-0.502749
0.670744
0.870350
-0.435202
-0.491433
-0.671812
0.084837
0.677217
0.469733
0.111587
0.265306
-0.624103
-0.896696
-0.432672
-0.057547
-0.711451

Pesos w (Oculta -> Saída):
0.757779 0.492119 0.960505 -0.840759 -0.411284 -0.366667 0.697468 -0.374845 0.555238 0.521841 -0.823406 -0.104748 0.975007 -0.396358 -0.888472 0.547545 -0.621777 -0.575893 -0.785551 -0.236989 -0.279881 0.341947 -0.756813 0.531213 -0.506873 -0.603882
0.424830 -0.149167 -0.886275 0.908983 -0.212037 -0.461125 -0.397905 -0.654042 0.267055 0.918717 0.761105 -0.747178 0.616889 0.371897 -0.989109 0.339684 0.784961 -0.929566 -0.397110 -0.524407 -0.405423 0.087909 -0.654128 0.210087 0.623032 -0.119095
0.685165 -0.635081 0.364309 0.262220 -0.323333 -0.614294 -0.637666 0.742915 0.867927 0.901126 0.338617 -0.262722 0.354287 -0.578070 -0.830552 -0.284130 -0.209018 -0.200106 -0.140903 -0.378867 -0.893722 0.822139 -0.734608 0.810312 0.765129 0.289326
-0.409567 -0.399865 0.442675 -0.671665 -0.536457 -0.699856 0.228378 -0.868012 -0.521409 -0.294175 -0.918421 0.854956 0.344521 -0.352297 0.536248 0.733401 -0.302174 -0.808253 0.900926 0.065776 -0.254901 0.491263 0.823886 0.321106 -0.311561 0.531652
0.875898 0.104280 -0.780130 0.731435 0.666358 -0.368603 -0.044986 0.911442 0.585751 0.474553 -0.908424 0.500612 0.571099 -0.151983 -0.731081 0.729828 0.697138 0.280500 -0.064973 -0.675639 -0.370999 0.687040 -0.635566 -0.213561 -0.062625 0.829311
0.823222 0.906067 0.641416 0.042204 -0.264603 -0.028452 -0.914313 0.590605 -0.350211 -0.199323 -0.358088 -0.447448 -0.992573 0.601017 0.970530 0.305064 -0.519664 0.618859 0.329684 0.605450 -0.242387 -0.969363 0.329213 0.520005 -0.903638 -0.482948
0.872238 0.046976 -0.054258 0.671949 0.365046 -0.291228 0.766392 -0.451944 0.418949 0.849927 -0.622071 -0.797664 0.163402 0.354402 0.870655 -0.238882 0.013774 -0.323341 -0.664988 0.673446 0.927521 0.405648 -0.558648 -0.289891 -0.010141 0.243405
-0.981931 0.176190 0.967168 0.500446 0.975037 -0.303448 0.800657 0.015614 -0.512030 -0.641581 0.648924 -0.827120 -0.634775 -0.892822 0.499333 0.877302 -0.407732 -0.159365 0.083803 -0.942555 -0.971409 0.718478 -0.714315 0.245148 -0.145676 0.770057
0.516179 0.617001 0.397309 0.727168 -0.899600 -0.172472 -0.733025 -0.194444 -0.299271 -0.407442 -0.191051 -0.734942 -0.302890 0.410608 -0.061685 0.696141 -0.846352 -0.574327 0.419356 -0.824278 -0.957701 0.267579 -0.328001 -0.406719 0.217279 0.578133
0.855068 -0.547397 0.070044 0.293917 0.605009 0.187412 -0.313672 -0.439866 0.651224 0.025387 0.238077 0.324023 0.546344 0.582087 -0.429098 0.926157 -0.942629 -0.149221 -0.883742 -0.227111 0.308970 0.899616 0.476785 -0.836621 -0.363171 0.779284
-0.459408 0.703749 -0.520033 0.357589 -0.325266 -0.270319 0.696903 -0.772894 0.247818 -0.926350 -0.699816 -0.944841 0.015999 -0.467794 0.231974 0.573787 -0.152868 -0.431047 0.501021 -0.667233 0.541360 -0.430872 -0.105368 0.570405 0.074583 0.017483
0.200064 -0.105209 -0.462058 -0.388094 -0.088135 -0.328531 -0.088925 -0.946953 0.348975 -0.987057 0.936004 -0.856433 -0.957803 -0.708212 0.256287 -0.603040 -0.114523 -0.387239 -0.608019 -0.234791 0.775174 0.857480 0.373583 0.799051 -0.453247 0.578028
0.597081 -0.639691 -0.026533 -0.707569 -0.828185 -0.334961 -0.707495 -0.957704 -0.468527 -0.468062 -0.247207 0.401880 -0.886662 -0.645835 0.513005 -0.524901 -0.764534 -0.716371 0.353756 -0.508681 -0.228213 0.955734 0.266532 0.401537 0.710767 0.409578
-0.403204 0.058321 0.596685 -0.299047 -0.802262 0.542569 0.828798 -0.073963 0.668865 0.546021 0.014855 0.904334 0.121502 -0.938556 0.433884 0.911024 0.676500 0.893746 -0.540259 -0.028971 -0.130642 -0.798437 0.556014 -0.646668 -0.243178 0.256456
-0.465614 -0.979177 -0.424119 0.791161 0.558432 0.214607 0.994181 0.804977 0.557361 0.231030 -0.868266 -0.568038 0.969493 0.747936 0.078708 -0.280019 0.411455 -0.606851 -0.386052 0.087747 -0.216103 0.167845 0.313024 -0.175354 0.913138 0.120239
-0.714910 -0.438507 -0.911123 -0.044725 -0.378118 0.618552 -0.884449 0.407250 -0.777272 0.023431 0.283850 0.735105 0.748214 0.453351 0.249924 0.155846 0.128872 0.672327 -0.338063 0.754332 -0.294425 -0.787156 0.888783 -0.882259 -0.727321 0.412322
0.690716 0.240257 0.074381 0.645458 -0.892220 0.799063 0.966728 -0.172509 -0.883841 0.213203 0.985692 0.030574 -0.518204 -0.929249 -0.654464 -0.561440 -0.593456 0.233049 -0.466400 -0.312795 0.236986 -0.289613 -0.093741 0.938619 -0.725098 0.775239
0.144037 0.069619 -0.890833 0.523491 0.352732 -0.397851 0.044494 0.045719 -0.615887 -0.805344 0.697124 0.244703 0.500119 -0.084399 0.162932 -0.475385 -0.374402 0.582819 -0.293119 0.512341 -0.811021 -0.473638 0.103592 -0.075617 -0.007254 -0.203956
0.809194 -0.333075 -0.294452 -0.116670 0.220902 0.457448 0.456738 0.811384 -0.714198 0.046940 -0.350862 -0.342161 0.403938 0.484581 0.553352 -0.259766 0.724048 0.778217 -0.813194 -0.270034 0.486718 -0.684532 0.534385 0.784800 0.897406 -0.399467
0.217163 0.593046 -0.728849 0.774383 -0.682308 0.554345 0.386457 0.569580 -0.252057 -0.520886 0.693075 0.622514 -0.103596 -0.624618 -0.764908 0.964431 0.661877 0.080695 -0.380591 -0.903776 0.689472 0.157715 -0.566105 -0.681715 0.110893 0.775297
-0.433598 -0.272691 -0.622117 -0.669137 -0.451803 -0.770459 -0.377109 -0.515266 -0.645794 0.816115 0.128598 -0.291562 0.761098 -0.150923 0.280005 -0.303438 0.939398 0.228275 -0.412047 -0.103432 0.223013 -0.060515 -0.478884 0.696165 -0.849966 -0.325838
0.487490 0.410559 0.942549 0.912110 -0.890091 -0.661391 0.106646 0.961450 0.111114 -0.365635 -0.148489 -0.708329 0.298961 0.015872 -0.216330 0.768431 -0.303734 0.643352 -0.990339 -0.508551 0.659036 0.620163 -0.106786 -0.902049 -0.083007 0.842441
0.136981 0.426297 -0.154765 -0.579834 -0.172342 0.973391 0.278117 -0.902040 -0.052537 -0.993949 0.625015 -0.113956 0.936584 0.756880 -0.479134 -0.240117 0.521964 -0.307497 0.635372 -0.520041 0.769389 -0.222064 -0.221328 -0.502597 -0.721757 0.086223
0.893409 0.339602 -0.485940 -0.690249 0.501593 0.723381 -0.742314 -0.361213 0.549210 -0.816845 0.156005 0.313844 -0.072885 0.595938 0.295058 0.656597 -0.137576 -0.990673 -0.481841 0.743983 -0.977119 0.295752 -0.437280 -0.780858 0.979184 0.702027
0.832287 0.689005 0.985475 -0.380455 -0.014899 0.394329 0.306225 0.607173 0.958233 0.195701 -0.568478 -0.935621 0.850110 0.905664 -0.425938 0.197292 -0.372269 0.803179 0.542799 0.534106 -0.361909 0.943815 -0.765377 -0.267837 -0.886482 0.010576
-0.363931 0.490839 0.349328 0.157299 0.619666 -0.374196 -0.003417 -0.670519 0.199141 -0.682280 -0.738397 -0.188977 0.308913 0.570059 0.592749 -0.130649 -0.304453 0.996883 0.866739 -0.740106 0.682455 -0.637382 0.016026 0.680209 -0.041579 -0.424566
-0.420923 0.902047 -0.085521 0.565282 0.782085 0.722788 -0.490246 -0.656386 0.166869 -0.543415 0.010951 -0.253439 0.506274 0.054712 -0.923730 0.724597 0.993712 0.494209 -0.837538 -0.621394 -0.390803 -0.950790 -0.661499 -0.015675 -0.152370 -0.031631
0.376476 -0.951688 -0.098836 0.160507 0.890716 0.945475 0.774988 0.170981 -0.648844 0.243296 0.618729 0.754584 0.513529 0.708081 -0.929510 -0.554991 -0.187916 -0.630951 -0.228300 -0.792588 0.947032 0.337455 -0.567230 0.206372 0.545718 -0.191359
-0.293636 0.158326 0.689983 -0.647825 -0.735555 0.342302 0.813962 -0.328886 -0.091109 -0.270495 0.510992 -0.058519 0.436129 -0.355043 -0.609100 0.848622 -0.328140 0.465983 -0.321101 0.352371 -0.751064 0.243000 -0.299447 -0.482812 -0.948227 -0.076495
-0.944308 -0.755951 -0.245715 0.276297 -0.479050 0.910616 -0.240593 0.674674 -0.015975 0.117820 -0.816345 -0.007534 0.318339 -0.539466 -0.652809 0.522854 0.047327 -0.365829 0.087824 -0.090663 -0.141618 0.796242 -0.441222 -0.175245 -0.945085 -0.739125

Bias w0 (Saída):
0.507013
-0.981740
-0.953511
-0.825630
0.035662
0.837975
0.464691
-0.883482
0.078672
-0.969850
-0.618418
0.274329
-0.239758
0.518653
0.544007
0.270323
-0.728592
-0.381592
0.623704
0.080398
-0.920277
0.082437
-0.117071
-0.069464
0.482940
0.756737
