Pesos v (Entrada -> Oculta):
-0.482699 0.225458 0.029587 0.361520 0.891318 0.530143 -0.872322 0.779983 0.534118 0.345875 0.457572 -0.655463 0.373875 0.229745 -0.487917
0.341046 0.330022 0.251520 -0.613697 0.337743 0.575607 -0.281408 -0.419807 -1.348188 0.130044 0.744503 -0.595881 -0.632695 -0.060533 0.562651
0.082326 0.932097 -0.208582 0.811154 1.171955 0.501610 -0.149030 -0.695354 -0.928020 0.496931 0.410259 0.941777 0.970639 -0.956600 -0.290640
-0.099738 0.627835 -0.063191 0.144142 0.311071 -0.889087 0.670817 0.424086 -0.195889 0.196512 1.007958 -0.139992 -0.695734 0.337414 0.704895
-1.110973 -0.439299 0.499533 0.075169 0.913914 -0.620834 0.154384 -0.077744 0.968358 -0.359582 1.249945 0.319997 -0.948340 0.445972 0.237423
0.409977 0.036022 0.796793 0.503198 0.788133 0.424938 -0.652939 0.519338 0.861239 0.249416 0.681031 -0.753216 -0.237353 0.612706 0.966987
-1.423813 -1.309547 0.236805 -0.137653 -0.264383 -0.562224 0.504566 0.254136 -0.386157 0.486676 0.285715 -0.285053 0.262134 1.384364 0.892137
-0.246771 0.649897 0.335637 -0.679706 0.863428 -1.022558 0.082280 0.589711 -0.508653 0.683604 0.771056 0.435626 0.237970 -0.478784 -0.193899
0.524705 1.677595 -1.271815 0.459515 -0.280196 -0.157525 -0.710961 -0.033932 0.119439 -0.010283 -0.109780 0.353756 0.093439 0.034203 0.648979
0.440070 0.417227 -0.255043 -0.331348 -0.100883 0.524711 0.424258 0.119588 0.187909 0.924157 -1.708954 0.608171 0.208916 0.979034 -0.838589
0.824859 0.492967 1.276876 0.425628 -0.198401 0.587964 -1.089503 0.972342 0.415620 -0.154483 0.161002 -0.073535 0.056514 -0.514419 -0.373403
0.077981 0.733584 -0.783177 -0.354275 -0.434842 -0.589257 1.081581 1.215663 0.134286 -0.034432 -0.203430 0.234967 0.401135 0.982006 -0.103976
1.204774 0.698012 1.212843 -0.413096 -0.157674 -1.131427 0.505865 1.186036 -1.401351 0.622473 -0.099829 -0.768831 -0.047122 0.148007 -0.770763
-0.194698 1.061797 0.728084 -0.374436 0.221596 -0.353747 -1.096076 0.657667 0.352672 -0.697727 0.199776 -1.169726 -0.559225 -0.335608 -1.415254
0.355192 1.418935 -1.452072 -0.082647 0.129316 0.513683 -0.039065 -0.635072 -0.519763 0.027519 0.216927 -1.187512 0.640235 -0.694958 -0.770454
-0.462104 0.413006 -0.818254 -0.935456 0.203082 0.933272 0.261390 -0.453848 -0.211450 -0.032464 0.368193 0.308864 0.965397 -0.630222 0.231435
0.095661 0.511211 0.709722 -0.787194 0.028842 -0.550584 0.124480 0.732676 -0.242132 -0.248736 0.050600 -0.349429 0.110738 -0.254666 -0.147345
-1.892090 0.612879 1.720341 0.592986 -0.551064 -1.200207 -0.207108 1.348237 -0.352356 1.141298 0.436325 -0.038728 0.312013 0.459776 0.025658
-0.740839 -0.393935 0.593351 0.180585 0.077415 -0.320143 0.238440 0.329001 0.158106 -0.275380 0.959796 0.572196 -0.409870 -0.463494 -0.916842
-0.660538 -0.159467 -0.473492 0.485202 -0.112560 -0.642816 0.220792 0.598020 0.380983 0.708299 -0.518647 0.412667 0.492285 0.859907 1.195729
1.136563 1.220188 -0.818206 0.081886 -0.361007 -0.274997 0.596407 0.815867 -0.820166 1.413103 -1.865286 -0.128548 -1.146710 0.506418 -0.058964
0.584463 0.859440 -0.920288 0.009364 0.470281 0.312912 -0.106290 -0.245286 -0.832872 0.293464 -1.464823 -0.411745 -0.962356 0.284099 0.292379
1.304592 0.700619 -0.722176 -0.598158 0.740048 0.122687 -0.169302 0.726312 -0.726428 0.225916 -0.428169 -0.540926 0.765992 -0.242953 -0.836459
0.592115 0.308749 -0.651686 -0.425316 -0.466238 0.304416 -0.149837 -0.258621 -1.385507 -0.100991 -1.365093 -0.002160 0.959371 0.706861 0.873964
1.320048 1.021645 0.923468 -0.478852 0.954132 -1.035189 0.516304 -0.082366 0.465313 -1.275429 -1.317988 0.225362 -0.361139 0.549501 0.263375
-0.626108 0.201675 -1.365627 1.011195 -0.676246 -0.665950 0.965424 -0.327778 -0.846434 0.708726 -0.733603 -0.587845 -0.524320 -0.046384 0.393155
0.515348 0.458651 -0.165625 -0.075620 -0.291111 0.276262 -0.253221 -0.566464 0.264829 -1.056938 -0.481463 -0.706346 0.069806 -0.679755 -0.288150
-0.122231 0.994878 -0.230791 -0.361109 0.919180 -0.099913 -0.384166 -0.548394 -0.783790 0.972149 0.258859 0.131012 0.252590 -0.766968 -0.248973
-0.998471 0.696099 -0.314779 -0.209364 -0.427335 -0.307153 -0.630479 -0.800857 -0.555432 0.464387 0.670443 -0.157640 0.114726 -0.724640 -0.009632
-0.638050 1.285678 2.416750 0.904451 0.049629 -0.417990 -0.683045 0.306642 -0.116332 0.259172 -1.147437 -0.835928 0.189428 0.706012 0.059921
-2.288515 0.423070 -0.355420 0.220611 -0.232597 -1.066082 0.622093 0.864970 -0.054450 -0.220317 0.028936 0.459870 -0.480865 0.026753 -0.443116
0.628080 0.302523 -1.521454 0.145788 1.877112 -0.568277 -0.046091 0.156885 -0.604480 -0.727130 0.098676 -0.646151 -0.257685 -1.273021 0.591725
0.338063 0.471138 -1.427186 0.053725 0.819619 -0.301240 0.117425 -0.620368 1.088030 0.827228 -1.139846 0.200576 -0.488426 -1.193663 0.008488
-0.187609 0.629288 -0.253124 0.114246 0.056226 0.950211 -0.221667 -0.387817 -0.319325 1.295179 0.109966 -0.102424 -0.147729 -0.041255 0.394258
0.695456 0.211602 -0.261591 -0.292441 -0.424322 -0.968255 -0.657267 0.141455 0.213033 -0.263756 -1.338314 -1.035189 0.112690 -1.364637 0.371520
-0.374005 0.858842 -0.296443 0.648144 0.151087 0.682189 -0.187771 0.269752 0.026565 0.542735 -0.765570 -0.059660 0.628927 -0.302163 -0.674616
0.282798 1.108721 0.409389 -0.069549 -0.461418 -0.938834 0.095242 0.211317 -0.519300 -1.165772 0.394958 -1.001772 0.401596 0.423077 0.145052
0.975771 -0.212818 -0.816648 0.839821 -1.004966 -0.411186 0.904055 0.127067 -0.025321 -1.171447 -0.272421 -1.565142 0.397788 0.029507 0.141076
-0.399043 0.146236 -0.323229 0.646362 -0.357183 -0.991310 -0.536321 -1.065342 0.440191 0.674353 -0.174285 0.504838 0.284225 0.187324 0.762989
-0.371028 -0.005035 -0.386801 0.645547 -0.368086 0.348973 -0.939064 -1.732781 -0.248975 0.443790 -0.227779 -0.891479 0.303126 -0.404314 -0.259553
-0.619444 -0.857064 0.362014 -0.388383 -0.855443 1.434034 -0.331144 -1.196258 -0.559870 0.320792 0.404356 -0.636463 -0.633915 -1.040026 0.617658
0.135497 -0.059467 -2.138535 -0.518338 0.060087 -0.053030 0.769393 1.674521 -0.785504 -1.860651 -0.146607 -0.386948 -0.975520 -0.620608 -1.108424
0.960605 -0.857139 -1.300798 0.607326 0.103223 0.110476 -1.324703 1.290241 -0.561154 -0.304047 1.000558 0.261464 0.682159 0.157047 -0.888838
-0.410664 -0.622169 -0.491661 0.338340 0.402061 -0.028380 -1.716322 0.513416 -0.495557 -0.883332 1.138661 -0.181929 0.483434 -2.262020 0.500831
-0.615943 0.134396 -0.978858 0.330944 1.042417 0.350852 -1.008034 -0.188917 0.183644 0.575276 -0.278237 0.824595 0.539687 -1.734312 0.581391
0.887044 0.040374 0.544113 -0.323738 0.477311 -0.945023 -0.882592 -0.043927 0.052681 -0.000561 0.480736 -0.614461 -0.712626 -0.811301 0.890666
0.449369 0.977046 -0.030522 0.259716 -0.148785 -1.110721 -0.643464 0.664178 0.361499 -0.701480 -0.608968 -0.040930 0.552970 -0.353381 0.824340
-0.191282 -0.285273 0.066860 -0.546764 0.912404 0.652076 -0.298350 0.607990 -0.230757 -0.383199 -0.959759 0.190106 0.304493 0.540029 -0.268517
-0.999912 -0.365742 0.953538 0.730681 -0.914040 -0.737299 -0.576472 0.279123 -0.012569 -0.269033 -0.604334 0.109490 0.928924 -0.348801 0.447866
0.011592 -0.330468 0.728525 -0.854194 -1.498112 0.589319 -0.558348 0.571252 -0.811467 0.152609 -0.619123 -0.354399 -0.128942 0.654401 -0.150121
0.481648 -1.015905 0.577967 0.501551 -0.905187 -0.355531 -0.204598 -0.423709 -0.833211 0.804056 -0.729212 1.309720 -0.134924 -0.133182 0.853904
0.241987 0.111153 0.685840 -0.150089 0.162447 -1.139180 -0.836189 -1.556573 -0.542088 -0.447446 -0.893343 0.803660 -0.228996 -0.052340 -0.132977
0.876730 0.424297 1.130160 0.806240 -0.302273 0.101820 0.020823 -1.139886 -0.216443 -1.329429 1.465198 -1.096884 0.497198 0.209497 -0.939897
-1.907076 1.355167 -0.509125 -0.212750 -0.425562 0.621802 1.313800 0.413730 -1.234611 -0.333185 -0.360955 -2.339253 -1.155253 0.456775 0.509859
0.859616 2.306478 2.036901 0.319704 -0.789465 0.268363 -0.479326 0.643985 1.088985 -0.776101 0.672305 -0.267675 -0.649569 1.220870 -0.242170
-0.323787 1.633379 0.809419 -0.446540 -0.276254 1.049738 -1.450689 -0.781209 0.692184 -0.337152 0.223296 1.418427 -0.931572 -0.440174 -0.736295
1.073775 -0.136631 -0.154032 -0.370600 0.122260 0.291533 -0.624473 -0.010312 -0.220892 1.192644 0.274407 1.914457 1.021380 -1.863895 0.446564
-0.124755 -0.567264 -1.566090 -0.251659 0.502076 -0.400363 0.357767 0.137415 -0.719729 0.001892 0.776241 -1.233415 -0.076746 -0.916996 0.640820
-0.657088 1.048457 -0.594566 0.952513 -0.507874 0.162376 0.249343 -0.041491 -0.954075 0.664245 -0.007530 -0.953450 0.315681 0.005018 -0.171987
0.695029 -0.317849 -0.818565 1.267615 0.263531 0.781223 -0.548578 -0.087809 -0.641214 0.111347 0.459248 -0.212491 0.929207 -0.434672 -0.291712
0.126898 -0.845578 0.189821 0.056190 0.093287 -0.668444 -0.520697 0.882560 -0.225689 0.251275 -0.795665 0.271895 0.940763 0.692880 0.182182
-0.319284 0.191770 0.018792 0.620253 -1.419169 -0.900860 0.713875 0.546030 0.563021 0.721409 -1.029694 -0.016959 -0.907141 0.150924 0.278059
-0.738463 0.712100 0.153632 -0.406900 -0.375603 -1.028611 0.237821 -0.468383 -0.018444 0.655699 -0.640044 2.161325 -0.363757 0.367722 -0.209410
0.784489 1.143831 0.588226 0.425227 -0.271519 -0.710373 0.377140 -0.120206 0.030469 1.454002 -0.183458 2.075420 0.643873 -0.498594 0.057866
0.702581 1.504359 0.872287 0.339303 -0.259055 -0.317652 -1.087922 -0.528746 -0.564453 -0.585610 1.275572 0.272849 -0.885487 -0.010635 0.024156
-0.241010 0.693602 -0.758721 0.952695 0.645846 0.385459 0.615698 0.761613 -1.134910 -0.845925 1.213789 -2.005247 -0.383602 -0.097293 -0.521342
-0.346677 0.709861 2.271837 0.814507 -1.275495 0.394534 -1.121744 -0.069726 0.123951 -0.578459 -0.133785 -0.530217 -0.169494 0.606813 -0.093584
-0.479667 2.659290 2.562063 -0.043408 -0.547041 0.724547 -0.037503 0.006587 0.023221 -0.170478 -0.595796 1.968110 -0.036868 -0.080778 -0.077298
-1.211374 0.116034 -0.112376 0.562476 -1.326867 0.344331 -0.183983 -0.111015 -0.037019 0.888044 0.712123 0.116830 0.128909 -0.772042 -0.446339
-1.230071 -0.326455 -0.726181 -0.348152 -0.925490 0.282370 0.234427 1.153637 -0.523922 0.679277 -0.560126 0.541412 -0.267299 -0.644689 0.018409
-0.447240 0.110224 -0.332004 1.234768 0.274566 -0.026670 0.220510 0.501007 0.290505 -0.777391 0.698156 0.604943 0.853421 -0.909536 -0.205991
-0.969802 -0.036414 0.541016 0.258390 0.239222 -0.171081 -0.560102 -0.337629 -0.091998 0.448997 0.251089 0.253656 0.332224 0.886846 0.707558
1.032681 0.407851 0.729858 0.702407 0.764351 1.159087 -0.245927 -0.245245 -0.844896 -0.737297 -0.346047 0.557270 -0.461275 -0.282003 0.102182
0.515304 -1.047371 1.176333 0.994428 -0.029297 -1.379781 -0.854560 1.025564 0.347447 0.569780 -0.935267 0.563691 -0.106249 0.324211 0.498668
0.924400 -0.506020 0.795083 -0.703942 -0.198784 -0.032107 0.502057 -0.421359 0.175036 0.121224 -0.421534 0.794181 -1.207359 -0.149842 0.370806
0.869155 0.773217 0.108703 0.298071 -0.588196 -0.114505 0.593659 0.031070 -0.002842 -0.064319 0.149409 0.808540 1.225544 0.475592 0.173684
1.565060 0.296474 -0.368503 -0.045233 0.139826 0.381985 -0.477632 -0.180623 0.107877 1.751416 0.451646 -0.415281 -0.914190 -0.186863 0.017352
-0.035922 -0.300567 -0.588623 0.393305 -0.100930 0.773726 -0.234846 -0.551910 -0.554935 -0.579044 1.184097 0.639440 -0.135320 1.032716 -0.449663
-1.225044 -0.092570 0.611909 -0.486571 -1.397325 0.725559 -0.789206 0.207442 -1.304941 -0.873404 -0.662047 0.069617 -0.078235 0.488273 0.076280
-1.411511 -0.484408 0.334925 -0.328955 -0.734004 0.717282 1.045743 -1.274888 0.641093 -0.466825 0.133241 -0.456136 -0.448213 0.642225 0.550768
-1.497865 0.056935 -0.301630 -0.050954 -1.579490 1.358773 0.811389 -0.116543 0.812840 -0.743355 -0.839442 -0.520994 0.786691 0.188641 0.177717
-1.139056 0.052270 0.266213 -0.635653 0.165910 0.460677 -0.479570 -0.033936 0.449292 0.875899 0.605152 -0.516828 0.374429 0.276313 0.274538
-0.517826 -0.357680 -0.094075 0.019889 0.592140 0.847559 0.035149 0.133239 1.035851 0.399424 0.565903 0.067410 0.605048 -0.934654 0.373125
-0.183423 -1.084656 -0.709547 -0.498007 -0.487216 0.190619 0.326816 0.054195 -0.465701 0.130482 -0.895669 -0.697299 -0.028559 -0.211269 0.335825
0.515877 -0.266236 0.645276 1.045125 -0.738279 0.066420 0.491982 -0.916546 0.361665 -0.439084 0.367729 -0.086540 1.022109 0.357360 0.495465
0.416211 -0.403822 -0.773241 -0.001697 -0.978812 0.735970 -0.039553 0.575173 -0.002933 0.534473 -0.133820 -0.284809 -0.262001 -0.751641 -0.023878
0.894974 -1.033325 -0.321054 -1.153757 -0.269088 0.646554 0.536157 0.115195 0.329583 0.079384 -0.692074 -0.115855 0.552953 -0.861744 -0.290142
0.525452 -0.418641 0.869935 0.231398 0.257633 -0.350524 0.798234 0.121570 -1.609072 -0.134807 0.315891 0.961500 0.105943 0.765265 -0.924393
1.144394 -0.097615 -0.361738 -0.290817 0.033972 0.087931 -0.084732 0.274207 1.066502 -0.083242 -1.414515 1.212848 -0.122880 1.059576 0.470049
-0.451123 -0.842301 -1.747823 -0.152762 -0.449236 0.984648 -0.894981 0.635280 0.468414 -0.393739 -0.828392 0.093627 0.620243 1.523956 1.792106
-0.804762 -1.091932 -1.014017 -0.359749 0.554446 0.095135 -0.739940 0.233139 -1.249852 -1.436838 0.508709 0.645632 -0.134827 1.251416 -0.220660
-0.454709 -2.170452 -0.840196 -0.115130 0.089365 0.349689 1.764112 -0.718990 -0.662666 -0.763572 -0.849206 -0.965847 0.184336 -0.465240 0.288101
-0.952706 -0.671721 -0.356540 0.519168 -0.009329 0.767726 0.645222 -0.631683 0.667207 -0.700481 -1.531516 -0.979073 0.078861 0.190426 -0.123642
-2.165664 0.347936 -0.046994 0.545305 -0.407089 0.972134 0.878309 -0.667757 0.437186 0.128476 -0.541410 0.579150 0.738219 -1.851572 -1.023473
-1.092917 -0.418947 0.694491 1.229900 -0.935210 1.113889 -0.975110 0.863472 -0.626626 -0.763830 -0.574846 -0.155669 0.622156 0.815898 1.223336
-1.116161 0.051172 -0.788500 1.151388 0.513353 0.868867 0.094394 0.920189 0.140016 0.068964 -0.130720 -0.447600 1.084003 0.325292 0.910077
1.072116 -0.428829 0.321585 -0.030098 0.027270 0.896199 -0.233466 0.237191 -0.467284 0.071080 0.448807 0.693988 0.755052 -1.205011 -0.355242
0.423034 -1.156714 0.552900 1.044464 -0.974054 1.491684 0.176478 -0.261585 -0.796359 0.335104 2.356015 -0.701205 1.018041 -0.274733 -0.407186
0.352045 -0.327805 1.072859 -0.088908 -0.299922 0.503534 -0.237991 0.714144 -0.232940 -0.194311 1.937609 0.572728 0.147858 0.080813 -0.332690
0.367419 -0.330579 0.660854 0.691658 0.581586 -0.874919 0.064969 -0.092926 -0.582403 0.334150 1.124146 0.871943 -0.369562 -0.465566 -0.196664
-0.592923 0.091064 -0.911851 0.750884 0.313282 -0.864876 0.783224 0.209218 0.681303 0.644782 -0.069511 -0.087230 -0.335443 0.577875 -0.113901
-0.641982 -0.983558 -0.590945 0.006740 1.429990 -0.348594 0.932855 0.064628 1.807290 0.726871 0.700349 -0.488611 -0.258746 0.970464 0.913064
0.735088 -0.529205 -0.936548 0.756806 0.801027 -0.911634 1.137813 -0.221878 -0.375437 -0.631775 0.066351 -0.395241 0.745363 0.584588 0.440587
-0.060094 -1.319345 0.578109 0.492300 0.894034 -0.766138 1.081736 -0.939014 -1.569855 0.089735 -0.394189 0.079299 -0.116528 0.140154 -0.806215
-0.220142 -1.443911 0.767507 -1.056335 -0.936356 -0.008310 1.519293 -0.819944 -0.312544 -0.709055 -0.142752 -0.196066 -0.072891 -0.219324 -0.196960
0.768122 0.773838 1.569828 -0.393924 -0.482516 1.068275 0.919570 -0.454231 -0.345862 0.380330 -0.423602 -0.002595 -0.494748 0.529248 0.580070
-0.488800 -1.059920 0.818384 -0.102556 0.399491 -0.051567 -0.776050 0.419103 0.768157 0.206143 0.829519 0.390120 0.633011 0.009035 -0.177527
0.412874 -0.527538 -0.761677 1.319365 0.139769 0.435045 -0.690419 0.823891 -0.437409 -0.690062 0.283137 -0.571214 -0.784623 -0.682257 -0.022148
-0.551508 0.053427 -0.160525 0.184905 -0.905610 0.235550 -0.651626 -0.303811 0.255708 -1.094323 0.998023 0.305342 -0.513646 0.155815 0.370631
0.207552 -1.372204 -0.179414 -0.571502 -0.276235 0.063158 0.452769 -0.227163 0.149515 -0.886339 0.739257 -0.609246 0.180102 -0.671738 0.720640
-0.709601 -0.612993 -0.078665 0.805624 -0.126882 0.115952 -0.407327 0.059826 0.796518 -0.453771 1.565843 0.673912 1.093552 0.124307 0.267434
-0.341500 -0.038088 0.310065 -0.627083 1.002959 -0.201798 -0.305273 1.989535 0.140312 0.369469 1.528022 0.044939 0.497510 0.043727 -0.645242
0.019151 0.048136 0.243859 0.577009 0.553125 -1.154101 -0.168654 0.576040 0.179262 -0.480524 0.301937 -0.337703 -0.398490 -0.280114 -0.704981
-0.696217 0.727020 0.001978 0.080523 0.720946 -0.474034 -0.168032 0.012537 1.169685 0.599653 0.561253 -0.849977 -0.270871 1.138615 0.035497
0.716151 -1.182198 -1.329565 0.388204 0.166489 -0.804978 2.622510 -0.893516 0.875642 0.211711 0.432855 -0.280685 0.946135 1.708285 0.309244
-0.016957 -1.165138 0.440022 -0.263173 0.297928 0.422626 1.460726 -0.334170 -0.227945 1.146045 -0.596136 0.572623 -0.971427 0.014132 1.421751
1.110461 -1.351701 0.605922 0.349834 0.271346 0.077268 1.706279 -1.360123 -1.584988 0.869504 0.064282 0.461236 -0.612656 1.823635 0.774787
1.758645 -1.003527 -0.734461 -0.225771 -0.736647 -0.349787 1.100113 -1.169568 0.025523 -1.212753 -0.226780 -0.295616 -0.322637 0.077685 0.765917
-0.108791 0.163050 0.153104 0.650221 0.124408 0.011305 -0.314744 -0.746043 -0.641829 -0.340143 -0.550864 -0.989238 0.872185 -0.494052 0.537293
-0.453820 0.159531 0.885418 1.361046 0.150474 -0.551479 -0.808507 -0.575397 0.861159 -0.611416 0.538970 0.401919 -0.107456 -0.779896 0.075256

Bias v0 (Oculta):
-0.680587
0.304713
-0.550069
0.748594
0.697221
-0.311829
-0.535674
-0.881263
-0.001590
0.341956
0.854083
0.386012
-0.124000
-0.414037
0.565534

Pesos w (Oculta -> Saﻥda):
-0.302296 4.216195 -2.944549 1.166984 -3.216439 -1.010057 4.120162 -3.269032 3.103141 0.554533 -2.331210 -3.594105 -0.653811 2.836270 3.905940 -1.185728 -0.490752 -0.066112 3.504383 1.908102 -4.692186 -0.443160 -0.530714 -2.388213 -1.690713 -3.685084
1.796099 -4.136262 1.633382 1.853309 -4.555099 -3.220265 1.313239 -0.622567 4.011035 1.222360 0.191821 4.567115 -0.043438 0.771642 0.602579 -3.086355 1.583842 1.016655 0.804538 -5.484844 -0.484447 -4.052662 -1.291826 1.378198 -2.926740 1.966795
-2.245941 -2.172340 -2.329840 1.943832 -1.954451 -2.673410 -3.944935 -4.721742 1.998657 -1.830927 3.250892 -3.059394 1.816774 0.308306 -0.051224 -2.351973 2.842853 -4.696923 -3.382348 2.162703 2.643558 3.272136 -1.724970 0.351876 1.521806 1.263871
-1.067977 -1.249192 -1.066542 -1.916851 0.074084 -0.069743 -2.317698 -1.125966 -2.076451 -1.036333 -2.059098 -2.089336 -1.911572 -2.789671 -4.026797 -1.113974 -1.056771 -1.440886 -2.758991 -1.097272 -2.832270 -0.996527 -0.889566 -0.934391 -2.277735 -0.316399
2.150713 -1.376382 -2.251546 -0.620635 -0.465694 1.519660 1.721987 -0.919376 -1.290291 -2.654114 0.275999 -1.897300 3.935540 0.274024 -1.817682 -1.373040 -1.122403 -1.226626 -1.178558 -2.244809 -2.425781 -2.762451 3.055770 -2.881118 -1.598763 -0.987744
-3.996302 0.407195 0.370647 0.494844 1.905320 0.446332 -0.031575 -2.495150 -1.336147 0.474689 1.883661 0.380724 -2.044700 -3.787898 0.339528 0.350904 -0.054883 1.474728 -0.399582 1.111848 1.201791 -1.043544 0.005497 -4.523235 -1.336525 0.999475
-1.015391 -2.388368 -0.986709 -2.124390 -4.489072 4.096920 0.386788 -1.698379 -1.741818 2.396729 -0.875726 -1.692225 3.780742 -2.163690 -0.402227 4.314700 -1.216236 0.604719 -1.448079 -1.651426 -2.081256 2.115824 -0.464108 -2.234761 2.256055 -0.582283
0.999273 1.546635 -0.340543 0.894814 0.947805 -1.573515 -0.324097 0.195233 -3.582725 -3.873124 0.863434 1.900648 -0.500896 -0.072551 -2.417244 -0.267174 0.666269 0.782048 2.844839 -2.698210 -1.434878 0.337332 -3.900559 0.077861 1.037267 -4.831470
-1.237174 -1.430726 -1.208984 -1.226094 -0.824370 -0.740515 -1.317088 -1.161908 -1.053578 -1.737709 3.244856 -1.930583 -0.879750 3.354265 -2.120718 -0.382529 -0.697276 5.195148 -1.135134 0.234659 -1.201243 -0.516743 2.093661 2.427476 -2.600840 -0.418634
2.917263 0.925980 -2.100761 -1.673548 -2.211760 -2.543794 -2.929698 -0.803581 1.167509 3.269969 0.955586 -1.959437 -1.057849 -0.603154 -1.972369 -0.506923 -0.852972 -0.373715 0.025060 -0.924404 -1.710434 -0.307175 1.647645 2.104559 1.361444 -3.371293
-1.159150 -1.937380 4.272564 -4.227548 -1.795961 -1.728931 2.069165 3.135773 -1.397149 -1.529099 -0.987201 -4.479089 -1.334096 1.414058 3.195193 -1.679298 1.750899 -2.003523 -1.297845 1.454651 2.465143 1.934471 1.582344 -1.677934 -2.394435 -2.333968
-2.465157 -2.813292 -1.583709 -0.840537 -0.295176 -0.480332 -2.346364 -1.112017 2.400159 -3.023749 -3.768889 1.056773 -0.436072 0.505349 -1.432072 -1.843331 -0.651009 -2.166162 4.416444 1.532747 -1.375328 -4.182009 1.188602 1.777289 3.323830 -0.241445
-1.406026 -0.634122 -1.633211 -3.491850 0.799549 0.158377 -0.610533 -0.719210 -2.352795 -0.372820 -2.019219 -1.679882 -1.703284 -0.774671 0.926730 -0.810265 -0.671899 -0.776340 -0.882385 -0.475947 -0.306853 -0.697260 -2.169584 -1.437641 -0.159302 0.028795
-2.346799 0.907542 -2.981258 2.578134 -2.352360 -3.941295 -3.067652 4.179576 -1.214121 -0.512983 -2.404442 -1.865910 2.420162 2.521053 2.816462 4.116871 -3.362098 0.674290 -1.534226 -0.907465 4.574801 -2.453059 -1.241867 0.728104 -1.976575 -0.698208
-0.724200 -1.467814 1.302515 -0.888064 -0.680816 -0.117566 -0.883386 0.267048 -1.352451 -0.910609 -0.138018 -0.259745 -2.516098 -0.941655 -0.058229 -1.603968 -5.066571 -1.957309 -1.537468 -0.554796 -0.277647 -0.171999 -1.117754 -0.772947 -0.884107 -0.020626

Bias w0 (Saﻥda):
-0.564205
-0.982279
-2.434118
-1.096731
-0.803301
-1.314752
-1.784236
-1.617959
-3.218966
-0.478004
-3.044321
-0.737556
-1.450634
-3.084685
-3.456448
-2.373711
-1.282307
-2.044811
-2.942193
-1.100491
-3.152171
-1.867594
-0.399363
-1.062059
-2.166181
-0.768650
