Pesos v (Entrada -> Oculta):
-0.497626 0.647907 -0.386739 0.671997 -0.284768 -0.266737 -0.220972 -0.683877 0.807881 -0.276877 -0.855532 0.930167 -0.147230 -0.768788 -0.313333 -0.998539 0.503134 -0.605248 -0.410024 -0.627112 -0.529993 0.718066 -0.075777 -0.887132 0.808593 0.887255 -0.259233 0.634970 0.386468 -0.900251 0.059695 -0.340594 -0.953772 -0.479777 0.002665 0.533504 0.070680 0.680224 0.497542 0.602259 0.393899 -0.888306 -0.402045 -0.265000 0.268825 0.688634 0.652278 0.906103 0.796836 -0.561918
-0.974123 -0.147878 -0.061049 0.277964 -0.603005 0.022093 -0.724256 0.581401 0.687286 -0.844244 0.407276 -0.227266 0.370619 0.492315 -0.545890 0.687774 0.933088 0.639203 -0.084213 -0.794025 -0.202426 -0.586701 -1.028139 0.422198 -0.727378 -0.263769 0.215160 -0.612935 0.413090 0.884501 -0.700287 0.964484 -0.745805 -0.876042 0.060760 0.688543 -0.579705 0.431132 0.353686 -0.280408 0.899901 0.904326 0.173057 -0.837168 0.915155 0.059464 0.067762 -0.243323 0.576902 0.889080
-0.717513 0.711613 0.468042 0.415786 0.652969 -0.662318 0.180941 -0.908527 -0.062504 0.058472 0.679410 -0.296631 -0.647904 -0.269815 -0.710750 -0.323565 -0.967388 -0.929149 1.012033 1.021028 -0.924069 -0.675614 -0.443410 -0.849506 0.103126 -0.765585 0.396037 -0.609574 0.181700 0.225172 -0.581730 0.572861 -0.552644 0.008781 0.210881 0.809957 -0.754914 0.596078 -0.483467 0.259490 -0.800783 0.187583 0.504901 -0.305065 -0.339907 0.061694 0.492561 0.295634 -0.216212 0.798632
0.654932 -0.142058 -0.053329 0.612430 -0.715572 -0.903489 -0.471719 -0.432791 0.452834 0.121333 0.721356 0.334406 -0.347549 -0.880779 0.298726 -0.249473 0.666293 -0.850347 0.373568 0.436912 0.263123 0.280850 0.541500 -0.292048 -0.484378 0.711813 -0.567648 0.164147 -0.242385 -0.165475 -0.647675 0.984625 -0.964612 -0.611356 -0.217426 0.166043 0.672411 -0.242573 -0.429800 0.502626 -0.273558 -0.967189 0.293829 0.312775 -0.232122 -0.489784 0.787286 0.973231 -0.768467 0.156465
0.873629 1.078404 0.337639 0.611123 0.672979 0.666558 0.221710 -0.794512 -0.562015 0.023951 0.692109 -0.168520 0.704701 0.300271 -0.181266 0.606791 0.128889 -0.934253 -0.719883 0.446478 -0.856941 -0.718989 0.708025 0.697647 0.269220 -0.514461 0.817239 -0.719632 -0.496030 1.028691 -0.411744 0.079633 0.422941 0.355021 0.165343 0.868722 -0.390147 0.038037 -0.959887 -0.186232 0.145513 -0.650245 0.137030 0.217957 -0.404353 0.014150 0.605981 0.736574 0.055184 0.336579
0.495997 0.516948 -0.907665 0.137731 -0.168359 0.198951 -0.465300 -0.676317 0.081857 0.225201 0.437125 -0.189460 -0.416593 0.114366 -0.736206 -0.297902 -1.034904 -0.532174 0.552212 -0.204832 1.007047 -0.724890 -0.406217 0.880537 0.983701 -0.933770 -0.384449 -0.230597 -0.872616 -0.316248 -0.274406 -0.920978 -0.972314 0.246495 -0.301556 0.314784 -0.699345 0.177957 -0.290446 0.172212 -0.817726 -0.729386 -0.673390 -0.838857 -0.750274 -0.286616 0.824637 0.542106 0.992096 0.318901
0.742177 0.143995 -0.965918 -0.773702 1.021109 0.014268 -0.120072 0.591313 -0.737184 -0.890434 -0.732629 0.745303 -0.830286 0.623224 -0.628350 0.408708 0.759607 0.029317 -0.215632 -0.294546 -0.690969 -0.543975 0.375388 -0.919576 -0.080898 0.242085 -0.185627 -1.021203 -1.144989 -0.574089 0.203772 0.841209 0.621228 -0.303965 -0.404634 0.054050 -0.446403 0.328616 -0.284660 -0.531065 -0.156586 -1.088746 0.835365 0.662414 -0.312368 0.963958 -0.991699 -0.791206 -0.912014 -0.276011
0.643518 1.062910 0.641940 -0.454394 -0.394132 -0.770099 0.748053 0.216061 0.838918 -0.784706 -0.542422 0.013452 0.642014 -0.548981 -0.117144 -0.882408 -0.702305 0.608866 0.707615 0.724404 -0.671031 -0.056608 0.700691 0.284879 -0.126483 -0.582329 0.415466 -0.293188 0.423503 -0.058088 0.165195 -0.432367 -0.596270 0.449508 0.720170 0.007735 0.328411 -0.109221 0.477940 -0.542913 0.430256 0.695583 -0.765237 0.136422 0.205815 0.379257 0.575589 0.174662 0.188365 -0.883035
0.583278 0.839636 -0.531484 0.313644 -0.485228 0.657830 -0.832359 -0.753698 -0.204460 0.108432 -0.492772 -0.269578 -0.005565 0.035596 0.646775 -0.007183 -0.737453 -0.519363 -0.450921 0.178647 -0.119486 0.650084 0.540210 -0.938429 0.481253 -0.558165 0.902739 -0.193512 -0.518894 -0.272340 0.662394 0.682161 -0.629174 -0.950658 -0.602172 -0.916581 -0.523916 -0.544222 0.044171 -0.334489 0.781515 -1.000120 0.211911 0.268469 0.015568 0.170534 -0.410966 -0.585530 0.765007 0.350067
-0.216519 -0.720141 0.281885 -0.155658 0.323449 -0.176963 -0.086570 -0.520459 -0.986356 0.794417 -0.681569 -0.941801 -0.867527 0.901225 -0.453634 0.802225 -0.616595 0.385651 -0.817286 0.577198 -0.837863 -0.979466 -0.192357 -0.244730 -0.695999 -0.489789 0.997977 0.122525 -0.499401 0.436432 0.865083 -0.083689 0.429598 -0.137195 -0.176073 -0.716734 -0.526660 0.186965 -0.144995 -0.781823 -0.842176 0.847034 0.803324 -0.735574 0.661382 0.886004 0.349608 0.600305 -0.786352 0.246259
0.334071 -0.913416 -0.343907 0.581399 -0.044728 -0.385346 0.635405 -0.908658 -0.909762 0.130464 -0.590242 -0.155034 0.842953 0.322918 0.111077 -0.309764 -0.729514 0.329520 -0.312625 0.354453 -0.494131 -0.753609 -1.025153 0.703406 0.257895 -0.134379 -0.138361 0.159113 0.842373 -0.563400 0.624175 0.326365 -0.479359 -0.849188 -0.055050 0.139423 0.548058 -0.670904 0.730138 0.680975 -0.265658 -0.759068 0.719491 -0.216978 -0.375382 0.136520 -0.075584 -0.676146 0.107943 0.871205
-0.053723 0.623153 0.003124 -0.125611 0.844030 0.637969 0.652537 -0.940680 0.034556 -0.015010 0.020520 0.670383 -0.458347 -0.376512 0.752002 -0.148040 -0.376847 0.921912 0.830254 0.085750 -0.533543 0.108284 -0.620078 -0.316737 -0.346605 0.479349 -0.653196 0.873124 0.719674 -0.717771 0.085184 0.150267 0.604984 0.123589 0.096342 0.541318 0.038043 0.325909 0.238841 -0.428456 0.483499 -0.492351 0.628866 0.807445 0.090818 0.734453 0.900401 0.200610 -0.049754 0.312084
0.124674 0.703305 -0.742709 -0.350667 -0.145100 -0.062867 -0.518556 0.412049 -0.075528 0.978419 -0.743117 -0.563167 -0.368783 -0.820810 -0.783382 0.524750 -0.366253 -1.027271 -0.376323 -0.921248 0.900744 0.335007 -0.184708 -0.257956 -0.005035 -0.934778 0.597518 -0.834114 -0.036255 0.421787 -0.181187 0.310487 1.006835 0.302466 -0.504772 -0.612276 -0.079819 -0.584692 0.972310 0.859779 0.901514 0.271913 -0.710777 -0.239403 -0.325554 -0.086009 0.078300 -0.520838 -0.595566 0.127138
0.448640 -0.656089 -0.542255 -0.037835 -0.561053 -0.798333 -0.437365 -0.381409 -0.937926 0.618266 -0.480311 0.575524 0.679763 -0.494571 0.610411 0.704696 -0.682838 0.802338 -0.361615 -0.055367 0.620920 -0.562930 -1.039127 0.200893 0.526067 0.923820 -0.846281 -0.825929 -0.020817 0.330687 0.590446 -0.551655 -0.339923 -0.205979 0.305444 0.743047 0.021429 -0.832934 0.521563 -0.295097 -0.595524 -0.811573 -0.120300 0.922208 0.464226 0.570753 -0.353066 -0.717540 -0.294686 0.391084
-0.937373 -0.865409 0.555363 -0.219114 -0.536169 -0.122631 0.466841 0.178198 0.809180 -0.095562 -0.154414 -0.555768 0.537288 -0.379605 0.711724 0.591540 0.769493 -0.690749 -0.860088 0.645015 0.830716 0.492589 -0.818384 -0.285098 -0.445187 0.516009 -0.412916 0.894241 -0.756081 0.250355 -0.869479 0.228616 0.155609 0.501089 0.228736 -0.366322 0.869226 0.716905 -0.733860 -0.022733 0.197619 -0.711629 0.312508 -0.171753 0.477142 -0.173317 -0.198985 0.459732 0.776416 0.717532
-0.036756 0.225493 1.059741 0.055905 -0.079702 -0.868996 -0.686080 -0.436697 0.761517 -0.676894 -0.379029 -0.562062 0.564586 -0.008047 -0.251110 -0.078220 0.419680 0.524557 0.615757 0.552643 -0.856649 -0.210813 0.226868 0.629057 0.139120 0.104055 -0.129491 0.089201 -0.509055 0.325388 1.017346 -0.090547 0.139296 0.057060 0.276957 0.889768 0.204906 0.158272 -0.409749 -0.428203 0.882378 -0.071729 0.148439 0.518938 0.882490 0.406535 0.795037 0.818583 -0.392707 0.560097
0.918914 0.068631 0.438796 0.241307 -0.092958 0.413811 0.625055 0.513201 -0.672711 0.345155 -0.372403 -0.949029 0.845276 -0.293242 -0.196221 -0.752240 -0.890041 -0.312893 0.802051 -0.029317 -0.006684 -0.067534 -0.371113 0.128361 0.405336 -0.029250 -0.513803 0.815753 -0.593758 -0.551716 0.308909 0.480908 -0.500559 -0.046287 -0.697533 -0.787404 -0.102867 -0.246767 -0.755911 -0.958098 0.458137 0.745263 0.405861 0.053719 -0.952219 0.500158 -0.925819 0.940674 -0.284152 -0.748108
0.792127 0.274381 0.843108 -0.078967 0.713269 0.443206 -0.630927 0.137538 0.872996 -0.905143 -0.175674 -0.841052 0.182762 -0.277366 0.394877 -0.537360 0.543641 -0.094938 0.910302 -0.791032 0.086258 0.225177 0.211684 0.068620 -0.936946 -0.317953 0.334469 0.848523 -0.801042 -0.483077 0.682280 -0.042389 -0.302060 0.795312 0.776277 -0.740643 -0.351679 0.366697 -0.330537 -0.945335 0.035011 0.003929 -0.024400 -1.034130 -0.997876 0.465173 -0.906694 -0.341614 -0.662587 -0.131231
0.499747 0.124379 -1.016002 0.944664 0.551576 0.983189 0.375728 -0.165770 -0.003231 0.646947 0.786852 0.185768 0.313388 0.833096 -0.325481 0.042466 -0.327179 0.262078 -0.306293 -1.065601 0.294180 0.702187 0.745360 0.002926 0.495554 -0.201778 0.575398 0.454344 0.528272 -0.330736 0.457087 -0.245331 0.742902 -0.168972 0.343788 0.780827 -0.280335 -1.013943 -0.585512 -0.126670 0.289258 -0.349136 -0.009943 -0.063237 0.174166 0.594340 -0.479604 0.962442 0.428737 -0.022118
-0.822264 -0.690004 -0.725714 0.920937 0.184012 0.074505 0.573530 0.546137 -0.977784 0.538528 0.017230 0.017508 -0.937283 -0.340219 0.171375 -0.491001 -0.610348 -0.830453 -0.915227 0.212295 -0.288543 -0.362737 -0.078812 -0.551292 -0.871537 -0.607029 0.282276 -0.100589 -0.069758 0.855305 -0.244755 0.209077 -0.490967 1.105914 -0.189428 -0.850106 -0.673209 0.661742 0.776945 -0.540533 0.734007 -0.932710 -0.262576 -0.638241 0.874743 -0.977002 -0.196455 0.579774 0.355277 -0.161872
0.859034 0.242661 -0.753385 -0.483232 -0.354143 -0.310306 -0.469238 0.484044 -0.317481 -0.079393 -0.324629 0.078721 -0.459767 0.689809 0.339588 0.420052 -0.554758 0.363013 0.947256 -0.082440 -0.853496 0.928086 -0.475099 -0.999327 0.641533 -0.099481 -0.309481 -1.053471 0.971501 -0.395268 -0.069038 0.803551 -0.497427 -1.103156 0.126391 0.020819 0.113166 -0.120506 0.754882 -0.859991 -0.026186 0.062563 -0.594919 -0.072141 0.953696 0.539163 -0.746312 0.468267 0.385778 0.472876
0.157038 0.733101 0.128921 0.133158 -0.848704 -0.896362 0.966608 0.819864 0.706342 -0.239032 -0.947073 -0.443785 0.382198 -0.013677 -0.624342 0.024130 -0.346524 0.252510 -0.697407 0.829048 -0.473179 -0.652995 0.747410 -0.295652 0.296019 -0.497448 -0.893391 0.823504 0.424772 -0.400737 0.900222 0.507171 0.674558 0.710311 -0.050116 0.895316 0.490181 -0.863608 0.349880 -0.589528 -0.639858 -0.145379 0.780297 -0.737201 0.900669 -0.455073 -0.973243 -0.200722 0.916469 0.559990
-0.260282 -0.382483 0.873683 0.162742 -0.874014 0.750183 -0.913657 -0.232361 -0.552199 0.960926 0.241774 -0.522378 -0.391980 -0.451950 -0.042603 0.723270 -0.961470 -0.410834 -0.065132 -0.325809 0.008415 0.145776 -0.843266 -0.029703 0.793234 0.764846 0.838768 -0.118046 -0.199628 0.087354 0.643961 0.828751 -0.770594 0.027674 -0.785309 -0.346512 0.789694 0.084881 0.507282 -0.280299 -0.310671 0.042551 -0.110147 -0.311543 -0.221307 -0.233406 -0.810898 -0.084202 -0.367213 -0.040344
-0.303215 -0.262653 -0.538617 -0.222391 0.766304 -0.284805 -0.517970 0.313917 -0.735341 0.442015 0.180948 0.932670 0.014433 -0.790894 0.484023 -0.013466 0.386616 -0.391891 -0.469776 0.668805 -0.139700 -0.961400 0.406159 0.114731 -0.067772 0.224483 0.168599 -0.764518 -0.435517 -0.424539 -0.588061 0.931068 0.372331 0.271821 0.006979 -0.032884 0.596988 -0.586151 -0.501228 -0.828096 0.584170 -0.265170 0.045954 -0.366639 -1.040584 0.919131 0.355478 0.109270 0.735607 -0.511488
-0.477942 -0.535194 -0.555774 -0.787913 0.145878 -0.027122 -0.877133 0.581786 -0.895511 0.234823 0.858877 0.367452 -0.348254 -0.939512 0.106095 -0.598607 -0.252382 0.158154 0.211956 -0.662601 -0.197450 0.359648 -0.462585 -0.705768 -0.719414 0.049006 0.834639 0.006540 0.893397 0.679496 0.956614 -0.690788 0.606980 -0.157471 0.640063 -0.883688 0.055951 -0.713621 0.866275 0.980434 -1.011107 0.244649 0.554727 0.070888 0.453183 -0.879752 -0.411520 0.165334 -0.239481 0.452482
0.563269 0.384372 0.292157 -0.451683 -0.823552 0.935683 0.232230 0.548584 -0.067262 0.882617 -0.513751 0.871723 -0.592547 -0.410949 0.253664 0.997355 0.312801 0.311252 -0.578884 0.955993 0.305031 -0.558268 -1.110392 -0.181199 -0.058075 -0.017875 -0.517820 0.468223 0.008000 -0.083360 -0.398697 -0.452456 -0.299561 0.139715 -0.409977 -0.802538 -0.128153 0.791532 -0.147218 -0.052633 -0.950550 1.055953 0.488275 -0.625954 0.818637 0.140611 -0.742672 0.626953 -0.846260 0.313790
0.629335 -0.164299 0.781327 0.219210 0.744405 -0.893886 -0.169835 0.493259 -0.532001 -0.332687 0.103771 0.634096 -0.690856 0.963746 -0.319011 -0.897297 0.252816 -0.710082 -0.708001 0.469696 -0.443248 0.746227 0.580978 0.211554 0.175680 -0.497318 -0.168269 -0.411090 -0.543192 0.678746 0.800319 0.513766 0.676836 0.002069 0.377625 0.462838 -0.655819 0.009972 0.506827 -0.635879 -0.972800 0.713318 0.313381 0.276316 0.429942 -0.500983 -0.243819 -0.247160 0.327775 -0.860357
0.435223 -0.404607 -0.617744 -0.226648 0.094197 -0.234682 -0.036712 -0.296196 0.060250 0.492742 0.470639 0.660725 0.296328 -0.258504 -0.329660 0.419947 0.162882 0.776197 -0.608952 -0.804910 0.406091 -0.073400 -0.018837 -0.785922 0.290399 0.273003 0.264873 0.262364 -0.483390 0.250303 -0.054525 -0.754149 -0.888456 -0.421118 -1.011526 0.405823 -0.694374 0.293053 0.537188 0.686747 0.415171 -0.072359 -0.645730 -0.452299 -0.751137 -0.646298 0.604849 0.810720 0.656556 -0.257990
-0.769600 -0.459835 -0.976172 -0.526019 -0.787210 -0.883661 0.559466 0.494855 -0.302896 -0.233550 -0.909202 0.186873 -1.102172 0.899242 -0.159262 -0.407778 -0.420646 0.946383 0.157619 0.854797 0.012888 -0.567211 1.037242 -0.166094 0.587258 0.685340 0.201202 -0.277633 0.325243 -0.273679 0.592041 0.834667 0.070442 0.779284 0.706353 0.260616 0.008216 -0.004336 -0.355615 -0.907459 -0.756425 -0.258648 -0.370288 0.962906 0.364145 -0.133627 0.146706 0.953423 -0.388389 -0.724404
0.091012 0.742965 -0.431853 0.778729 -0.847109 0.354363 0.667893 -0.334626 0.399161 -0.056676 0.711533 -0.545725 0.116721 -0.940378 -0.131578 -0.725942 -0.241583 0.532081 -0.382719 -0.998554 0.036701 0.000421 -0.441960 0.386929 -0.292148 0.125895 0.425593 0.207595 0.669443 -0.264219 -0.002295 0.392034 -0.135003 -0.675926 -0.785711 -0.411256 0.413657 0.850667 -0.265551 0.865779 -0.038144 -0.342663 -0.679560 0.699305 -0.622178 -0.197986 0.633332 -0.735946 0.109114 0.557035
0.387042 -0.135490 0.910009 -0.676334 0.918487 0.247983 0.534518 -0.575426 0.781087 0.303178 -0.751020 -0.927809 0.481988 0.157563 -0.431630 0.133521 0.914944 -0.574688 0.499808 -0.275078 0.320037 0.925578 0.586921 -0.352187 0.369424 0.777224 -0.531041 0.068625 0.144236 -0.004535 0.161704 -0.350370 -0.142013 -0.064092 -0.085694 0.656400 0.592945 -0.648095 -0.312980 0.644052 -0.674728 -0.656001 0.425694 -0.962945 0.265693 -0.631565 0.501868 -0.123344 0.878720 0.831513
0.653753 -0.085577 -0.750341 -0.132319 0.470772 0.874133 0.695756 0.338123 0.774026 0.427441 0.063691 0.820145 0.252457 0.312786 0.613976 -0.796310 -0.639553 -0.143140 0.424965 -0.660975 -0.919455 0.018358 1.022083 -0.248107 0.522809 0.260405 0.394963 -0.693915 0.775983 -0.887916 -0.995500 -0.051091 -0.639297 0.788387 0.105887 -0.274172 0.486512 0.497425 0.802876 -0.184696 -0.377427 -0.227197 -0.541914 0.143176 0.056271 0.445176 -0.062750 0.754907 0.219762 0.226677
0.100691 0.423151 -1.184325 0.016560 0.166263 -0.807674 0.385413 0.249285 -0.606125 0.594686 0.008047 0.194288 -0.139420 0.697471 -0.489716 0.533016 -0.295216 -0.153370 0.911765 0.700383 0.045724 0.326937 0.625162 0.109462 0.241313 -0.379461 -0.509689 -0.715582 -0.222735 0.277778 0.376306 -0.735283 0.559076 0.410142 -0.656986 0.322404 -0.842584 -0.967590 0.104126 0.603007 0.011836 0.530063 -0.305270 -0.595187 -0.924425 -0.035036 0.607191 -0.405080 0.891824 -0.816086
-0.322284 -0.275375 -0.374925 0.882074 -0.786204 0.316177 0.329557 -0.146541 -0.576479 -0.415033 -1.012436 -0.250745 -1.104293 -0.700285 -0.675578 0.316686 0.556406 0.532351 -0.532465 0.361494 -0.894925 -0.216793 0.005628 0.603783 0.284852 -0.558164 -0.281618 -0.718850 -0.912396 -0.519526 -0.481836 0.523019 -0.191718 0.117532 0.098005 -0.297012 0.335575 -0.966072 -0.935832 -0.646729 0.378293 -0.880248 0.887777 -0.725104 -0.044327 0.354746 -0.942782 -0.637310 0.201855 0.490784
-0.506875 0.230897 -0.396047 0.597692 -0.831119 -0.694588 -0.594476 0.549520 -0.325741 -0.737588 -0.016253 -0.856714 0.414370 -0.089766 -0.189019 -0.959786 -0.376046 -0.634345 0.138794 -0.363724 -0.538013 0.399161 -0.542792 -0.492767 -0.899416 0.679916 -0.712289 -0.402890 0.831613 0.554759 0.659350 0.423438 0.526965 -0.731895 -0.552240 0.518499 -0.093095 0.468083 0.561003 0.575566 -0.402145 0.024442 0.996837 -0.823123 -0.966024 0.782868 0.775171 -0.339899 -0.923183 0.412542
-0.716582 0.216013 -0.654990 0.875282 -0.099080 -0.255306 0.952467 0.290049 -0.805479 -0.277655 0.845476 0.386793 -0.540749 -0.940360 0.112669 0.296712 -0.043807 0.878952 -0.845638 0.948733 1.042195 0.013542 0.362507 0.231456 0.793519 0.264068 0.887457 -0.862123 -0.178568 0.991461 0.353089 0.245086 0.049053 0.758209 0.801600 -0.803457 -0.153154 -0.853472 0.282254 -0.122145 -0.402256 -0.196816 -0.851003 -0.529253 0.451918 0.973760 0.261903 0.344280 0.738038 0.489401
-0.161791 -0.125575 -0.649183 0.690566 0.342819 0.046487 -0.231150 0.779679 -0.425558 -0.776873 -0.354033 0.938637 0.053722 -0.663583 -0.618722 0.893825 -0.464262 0.279040 -0.155500 -0.544362 -0.801517 0.945975 0.368738 -0.962317 0.231733 0.698298 0.306252 -0.436945 -0.001188 0.590199 -0.432805 0.760379 -0.301112 0.789365 -0.497869 -0.527525 -0.881713 -0.906950 -0.214976 1.030917 0.175584 0.379720 0.248351 0.159108 0.193006 0.703390 0.639591 0.551660 0.405632 -0.882888
0.534723 0.132565 -0.815572 -0.093548 0.136152 0.562671 -0.500790 0.523956 0.037128 -0.745475 -0.423433 0.073684 0.092380 0.853602 0.518736 -0.488170 0.352291 0.245489 0.193719 -0.207057 -0.160209 -0.593390 -0.258241 -0.897817 -0.434615 -0.395353 0.741487 -0.314709 -0.681263 0.978923 -0.040032 0.067081 -0.948877 -0.061050 -0.034750 0.124342 -0.023781 -0.466943 0.694217 0.409658 0.586727 0.636468 -0.402843 0.174155 -0.888341 0.357070 -0.336137 -0.855875 0.321366 -0.426860
0.571573 0.639167 0.852828 0.894342 -0.427959 0.377872 0.037673 -0.977719 -0.832373 0.300706 -0.804191 0.716190 -0.542366 0.593947 0.952302 -0.120367 0.600362 0.518259 -0.190567 0.152615 0.012800 -0.360910 -0.508902 -0.173422 -0.032679 -0.309824 -0.845687 0.474952 -0.336485 0.442375 -0.589425 0.065670 -0.609308 0.681027 -0.283000 -0.039316 0.231515 0.294428 -0.409018 0.893611 -0.403981 0.111085 -0.857106 0.006168 -0.458397 -0.719731 0.839949 -1.031263 0.907144 0.218823
-0.146588 1.007843 0.388497 0.640710 -0.588048 0.555557 0.664289 0.947979 -0.321331 0.364638 -0.338363 0.660143 -0.362706 0.803553 0.481482 0.331966 0.430911 -0.560400 -0.155029 -0.462672 0.461478 -0.372316 -0.333597 -0.743154 0.472554 0.401367 0.655873 -0.700984 -0.733504 -0.980076 0.011961 0.031469 0.274753 0.128838 0.378187 0.649801 0.722515 -0.289076 -0.648296 0.043719 -0.022880 -0.256568 0.455109 0.832943 0.649209 0.308039 -0.206643 0.182539 -0.731300 -0.970329
0.277966 -0.393313 0.620448 0.889752 0.004368 0.747037 -0.321600 0.053955 0.081003 0.064481 0.349458 0.200941 -0.324091 -0.312895 -0.283125 0.228580 -0.347997 0.787541 -0.196634 0.483925 0.792882 0.362231 -0.850210 -0.413741 0.212430 0.579735 -0.897592 -0.323038 -0.919266 0.985189 -0.648936 0.678664 0.647368 -0.678981 -0.051165 -0.010940 -0.731943 0.091387 0.530929 0.904634 -0.443400 0.931649 -0.019625 -0.713888 0.734396 0.419692 -0.537860 0.535587 -0.047435 -0.211454
0.424142 0.609058 0.183606 0.119763 0.106119 -0.333625 0.803321 0.816170 0.303638 -0.698815 -0.735804 -0.151228 0.605726 0.953876 -0.814409 -0.514737 -0.613705 -0.124762 -0.304442 -0.764595 0.689946 1.022423 -0.558063 -0.328503 0.912369 -0.583632 -0.102855 -0.442361 0.944352 -0.298490 -0.191925 0.768362 0.673123 -1.119678 -0.499146 -0.704739 -0.120572 -0.950802 -0.241362 -0.555432 -0.388865 -0.049255 -0.119953 0.561063 -0.577281 -0.496636 -0.178069 0.072849 -0.078002 0.286187
-0.691700 0.918935 0.955485 -0.191775 0.446511 -0.093668 -0.751055 -0.727554 -0.948469 -0.416220 0.357459 0.204660 -0.187684 0.976557 -0.281376 -0.955637 -0.495199 0.042281 0.224623 -0.045990 0.367213 0.137246 -0.169756 0.114779 0.458497 0.447554 0.821794 -0.842181 0.862258 -0.122934 0.329341 0.545968 -0.127455 -0.811268 -0.167763 0.117036 -0.074950 -0.174571 1.090014 0.596014 -0.175498 -0.691923 0.736522 -0.281658 0.884130 0.991761 0.201433 -0.887664 -0.861207 0.047853
-0.199220 -0.611245 0.908398 0.571529 0.113924 0.604395 0.734492 0.284468 -0.824020 0.288542 -0.243896 -0.832144 0.222031 0.357220 1.134166 -0.259266 0.627129 0.334559 -0.679559 0.461799 0.814491 0.196492 0.049885 0.401645 0.329202 0.093531 -0.050790 0.875043 -0.393721 0.894112 -0.725880 0.687333 -0.106473 -0.384116 0.657690 -0.670045 -0.699823 -0.890996 -0.775596 -0.095070 -0.741905 -0.999511 0.518793 0.292407 0.504336 0.120513 -0.004344 -0.079983 0.569193 0.857668
0.051747 0.124835 0.613944 0.644858 0.202069 -0.254685 0.124221 0.778736 0.040885 0.891540 -0.554650 0.116955 0.674401 0.152534 1.133038 -0.959622 0.091062 -0.343951 -0.171315 -0.841168 -0.344642 -0.259543 0.862021 0.099636 -0.231608 -0.152987 0.603051 -0.591290 0.773580 -0.787987 -0.974844 0.614294 -0.826868 -0.147802 -0.831821 -0.148332 -0.872089 -0.765244 0.289505 0.561964 -0.421372 0.150287 -0.492933 -0.510520 0.698683 -0.570394 -0.970359 -0.333803 0.606116 -0.567931
-0.650847 -0.581573 -1.033715 -0.226189 0.178527 -0.878509 -0.564919 -0.917521 0.575346 0.465002 0.552578 -0.376857 -0.260496 0.596771 -0.198029 -0.760748 0.267997 -0.043455 -0.346845 0.624461 -0.703173 0.679024 0.276372 -0.078720 0.794405 0.261103 0.781385 0.347639 -0.732376 -0.147203 0.431264 -0.818631 -0.551122 -0.290528 0.745396 -0.636958 -0.051441 -0.922370 0.802937 -0.578781 -0.165644 -0.451439 0.850548 -0.442884 0.758144 0.389512 0.003972 -0.624383 -0.673579 0.279116
0.096680 -0.020049 0.104158 -0.077325 0.422895 -0.548558 0.180711 -0.405475 0.785974 -0.304763 -0.957488 0.363629 -0.157504 -0.396475 -0.018695 -0.831068 -0.615145 -0.972508 -0.912697 -0.292208 0.996688 -0.914824 -0.265884 -0.248354 0.419570 -0.460073 -0.564736 -0.624157 0.697596 0.577128 -0.409932 -0.352438 0.187177 0.324628 -0.481823 -0.029612 -0.623158 -0.853338 0.873437 -0.487305 -0.905912 0.152597 -0.448860 0.370164 0.367058 0.088754 -0.569448 -0.940269 0.209816 -0.906248
0.773027 -0.806254 0.767723 0.779052 0.167933 -0.509411 0.036974 0.809083 0.815098 -0.918007 -0.216029 -0.101533 -1.096195 -0.149822 0.160501 0.703642 0.387088 -0.560142 -0.371059 -0.402806 -0.690363 0.647803 -0.566086 0.903982 0.576649 -0.525528 1.015946 -0.365491 0.281270 0.823070 -0.153237 0.849216 1.016104 0.669925 -0.966872 -0.905104 -0.640722 0.624491 0.831625 -0.673904 0.271213 -0.134722 0.404971 0.607577 0.498024 -0.935907 0.992607 -0.052506 0.409756 -0.193316
-0.567374 -0.865327 -0.046351 -0.835644 0.880987 0.511365 -0.242555 -0.583342 -0.137958 0.959920 -0.519311 0.549589 -0.316011 -0.010933 0.304974 -0.498912 -0.507564 0.300124 0.240401 0.610242 0.781356 -0.180553 0.708404 -0.296057 -0.125065 -0.869376 -0.409461 -0.616687 0.000541 -0.480300 0.219464 -0.985381 0.451869 0.815206 0.482403 -0.954350 0.366113 -0.090381 0.920003 0.802604 -0.047537 -0.799092 0.126269 -0.547938 0.400297 -0.674642 0.234013 -0.210556 -0.635316 -0.624691
-0.451139 0.111232 -0.364038 0.257455 0.751503 0.703533 0.739041 0.065151 -0.450766 -0.269397 0.530141 0.161808 0.413605 0.098798 0.783208 0.565093 -0.182725 -0.326332 -0.772368 -0.352791 -0.242788 -0.480732 0.723516 0.006617 0.629705 -0.031316 -0.262162 -0.146276 0.178571 -0.804732 0.650486 -0.409728 -0.551849 -0.457353 0.848677 0.061328 -0.238901 -0.757387 -0.973225 0.614048 0.558614 -0.394507 0.434019 -0.192269 -0.190828 -0.094352 -0.371264 -0.346108 -0.207268 -0.781465
0.328960 -0.000870 -0.857730 0.201527 -0.151677 0.049576 0.587424 -0.406044 -0.358968 -0.232132 -0.299270 -0.540923 -0.075552 0.950540 -0.228329 -0.005716 0.195838 0.121200 -0.568505 -0.511495 -0.501827 0.445523 0.743518 0.167671 -0.544538 -0.861545 0.110270 0.478534 0.639066 0.165693 0.659920 -0.293804 -0.391626 -0.218523 0.185817 0.046470 -0.775210 -0.793398 -0.978886 -0.079492 -0.931255 0.153462 0.205259 -0.146236 -0.104144 -0.477493 0.403229 -0.381435 0.623548 0.825168
-0.506000 0.449587 0.086866 0.199677 0.014804 -0.290972 -0.375778 0.641280 0.670588 -0.024667 0.283814 -0.208127 -0.037660 -0.517441 0.562184 0.892696 -0.475797 0.449700 -0.184798 0.602877 0.862003 -0.190481 0.229585 -0.778064 -0.471031 0.661944 0.660167 0.828886 -0.872168 -0.308795 0.798626 0.035596 0.586691 -0.720354 -0.324551 0.219047 -0.759132 -1.010107 -0.969591 -0.923640 0.438841 0.838486 -0.626094 0.438776 0.318239 0.899990 -0.550319 0.193623 1.038541 -0.717189
0.557079 0.642115 -0.704049 0.472121 0.560140 0.124432 -0.621873 -0.236302 0.349281 0.927009 0.558709 0.624103 1.006636 -0.471764 -0.577910 -0.635317 -0.584203 -0.813468 -0.584348 -0.596146 0.046663 -0.694201 -0.672829 0.687236 0.149870 0.397305 -0.618956 0.374034 0.933717 -0.379534 -0.742200 -0.141164 0.746218 -0.574929 -0.941059 -0.281475 -0.091660 0.697808 -0.100379 0.204402 -0.952962 0.708656 0.132423 0.130250 0.289414 -0.475672 0.256077 0.504086 -0.333401 -0.752277
-0.750014 0.471475 0.544155 -0.410709 0.298756 -1.052162 -0.958789 0.510252 -0.724343 -0.742793 -0.068990 0.344421 -0.219851 0.213254 -0.733444 0.691063 0.503723 -0.682025 0.468612 0.056164 -0.217040 -0.451939 0.366020 -0.358326 -0.084144 -0.825772 -0.485252 0.206330 0.676731 0.801122 0.954119 -0.640182 0.674409 -0.079464 -0.742488 0.890112 0.784559 0.296871 0.404708 -0.604589 0.151449 -0.789049 -0.471444 -0.180926 0.316322 0.770760 0.440444 -0.732292 -0.434626 -0.005734
-0.367755 -0.881759 1.120078 0.896516 0.428202 -0.315881 -0.810035 0.448533 0.435642 -0.316370 -0.478532 0.080228 -0.624909 0.824252 0.365352 -0.750480 -0.512178 -0.715284 0.512199 -0.450218 0.161306 0.954206 -0.605226 -0.546866 0.002757 -0.883474 1.012531 0.912450 0.246787 0.980997 0.212600 0.119453 0.611293 0.652551 0.990961 -1.018722 0.628900 0.127784 0.767175 -0.943569 -0.429112 0.378773 -0.822633 -0.331357 0.447027 0.502471 -0.927603 -0.747075 0.990593 0.309489
-0.467947 0.199626 -0.092046 0.660080 0.294719 -0.211393 0.231430 0.359531 -0.180612 -0.677537 -0.581788 -0.325838 0.992136 0.255275 0.849449 0.262414 -0.857205 -0.932422 0.023231 0.327041 -0.108635 0.178782 0.446734 -0.407809 0.801666 0.318711 -0.863415 0.832792 0.581551 0.715568 0.724921 0.017361 0.750511 -1.073605 -0.174538 -0.724554 0.820496 -0.418466 -0.155510 -0.037299 0.280507 0.319104 -0.636510 -0.131751 -0.396820 0.357256 0.746736 0.819310 0.832124 0.471320
0.347371 0.450926 -0.109749 0.083933 -0.479788 -0.079855 -0.256178 -0.464220 -0.752493 0.607055 -0.163930 -0.627435 0.025776 0.480539 1.044821 -0.517760 0.859426 0.965009 -0.900687 0.113508 -0.483170 0.149958 0.012909 0.855277 0.521364 0.941209 0.614271 -0.295574 -0.336680 0.744740 -0.568413 -0.567340 -0.117271 -0.325960 -1.011227 -0.682677 -0.564618 0.394493 -0.909056 0.300903 0.492975 0.145256 -0.617213 -0.840751 0.591216 -0.271605 0.443470 -0.440724 0.457962 0.735256
0.508650 0.782579 -0.133263 -0.115041 0.267909 -0.314542 0.911587 -0.986935 -0.558073 -0.485709 -0.550244 -1.022959 -0.606991 -0.989378 -0.570100 -0.493942 -0.178341 0.451230 0.134650 0.230943 -0.560043 0.207250 -0.182164 0.768922 -0.897449 0.836030 -0.660484 -0.381411 0.615543 -0.709310 0.473214 0.682590 0.175134 0.949090 -0.860710 0.315768 -0.380154 0.756822 0.653044 0.218073 -0.957272 0.837931 -0.373197 0.267461 0.455316 0.421189 -0.798586 0.772292 -0.827586 0.483857
0.501952 -0.548799 -0.315245 0.246722 -0.592237 -0.648848 0.107121 -0.538729 -0.144018 -0.674562 -0.312283 0.750607 0.277681 -0.733504 -0.770097 0.365839 0.826714 0.242830 0.858143 0.293272 0.429363 0.970342 -0.561771 0.875307 -0.753535 0.641837 0.164582 0.797074 0.331281 0.219408 -0.378822 -0.764343 -0.434535 -0.682867 -0.858891 -1.033604 -0.135290 0.085949 0.127501 -0.958308 0.092691 -0.351531 -0.881987 0.015039 0.138243 -0.593688 -0.261108 0.037208 0.227769 -0.707932
-0.857504 -0.928245 -0.096045 0.183156 -0.033304 -0.066692 0.290359 0.369285 0.162354 -0.991409 -0.829437 0.704511 0.340554 -0.267393 -0.445155 -0.804092 0.735224 -0.116305 -0.859678 -0.589845 -0.169041 0.341929 -0.131971 0.780224 0.055937 -0.270164 0.387509 0.068888 -0.460668 -0.038932 -0.569854 -0.332671 -0.311347 0.785898 0.003602 -0.664690 -0.865528 -0.508929 -0.048220 0.457285 -0.727549 0.602402 0.112315 0.268237 -0.757807 -0.007393 1.004171 -0.634333 -0.463204 0.522724
0.107103 0.777263 0.125683 0.090274 -0.858638 -0.773410 -0.596560 -0.905738 0.768683 -0.652181 -0.234289 0.194906 0.745099 0.446980 -0.730006 0.518965 -0.038044 0.524094 0.611918 -0.793774 -0.797029 -0.823491 0.289463 -0.726817 0.765837 -0.472195 0.294671 0.248747 -0.745869 0.829891 0.172588 -0.073500 -0.770677 -0.302871 0.510532 -0.859853 -0.934896 0.488848 -0.938900 -0.151250 0.505938 -0.916845 -0.073935 -0.062778 0.343547 -0.676261 0.093979 -0.585403 -0.392026 -0.168855
-0.996393 -0.960076 0.792025 0.554519 0.952818 0.130858 0.074051 0.572705 -0.156799 0.571030 -1.001247 0.355302 -0.501303 -0.372765 0.122556 -0.366122 -0.150535 0.577078 -0.478453 -0.591587 -0.354117 -0.537989 0.723394 -0.639341 0.651110 -0.977249 -0.390018 -0.853215 0.318588 0.608847 -0.585137 -0.375912 -0.038397 0.725077 0.751797 0.040041 -0.829022 0.769204 -0.501709 0.439256 -0.132382 0.060531 0.860533 -0.762129 0.191213 -0.933046 0.676761 -0.534281 -0.190988 -0.016632
0.370615 -0.441925 0.061682 -0.182449 -0.463414 -0.482929 -0.993468 -0.577842 -0.824553 -0.993102 0.026385 0.223260 -0.137880 0.400260 0.692817 -0.018834 -0.730368 -0.617840 0.916780 -0.352990 0.279241 0.530513 0.892278 -0.619590 -0.534704 0.082659 -0.421735 -0.165210 0.812402 -0.165173 0.888403 -0.062760 0.363692 -0.993002 -0.809259 -0.384621 -0.650492 0.424412 0.714472 -0.221413 -0.143969 -0.457312 -0.224895 -0.773925 -0.029996 0.694100 -0.152523 0.570762 -0.810086 0.523418
-0.968126 0.427651 0.684721 0.495274 0.171145 0.744010 -0.641007 0.805328 0.105281 0.405325 0.054170 -0.810725 0.628429 -0.215871 -0.819512 -0.183757 -0.044729 -0.818177 -0.458262 -0.608229 -1.029332 -0.925900 0.314910 0.457222 -0.221660 0.395245 0.373427 0.229436 -0.052119 0.338279 -0.336613 -0.145104 -0.729842 0.649714 0.070615 -0.921994 0.544811 0.032729 -0.480026 0.040037 0.163607 0.602412 -1.149948 -0.933973 0.830543 0.409503 0.541249 -0.203356 -0.093187 0.048935
0.265792 -0.765532 0.597703 -0.391473 0.764796 0.752245 0.773462 0.736822 -0.780238 0.033582 0.051218 -0.308195 -0.238949 0.930312 0.389311 0.830590 -0.193530 -0.907803 0.496059 0.357380 0.184093 0.968336 0.432801 -0.260963 -0.307299 0.122097 -0.088335 0.115069 -0.060958 0.059483 0.450602 0.145508 0.558730 -1.172932 0.380964 0.060230 -0.213219 -0.348951 1.103947 0.361253 0.332040 1.044702 -1.000646 0.701657 -0.125260 -0.442243 -0.613921 -0.845595 0.480859 0.992104
0.818705 -0.257453 -0.448089 -0.876214 -0.931380 -0.288907 -0.295053 0.513732 0.581755 0.237037 -0.478032 0.970360 1.163338 0.152244 -0.279994 0.930327 -0.757781 0.315156 0.190125 -0.606845 -0.463365 -0.719985 0.556987 -0.957733 0.350872 0.233314 1.053579 1.037136 0.771586 0.404494 0.926056 0.680090 0.571830 0.492148 0.108381 -0.784049 0.526045 -0.561481 0.661221 -0.113099 -0.620835 -0.231531 -0.871545 0.042268 0.730071 0.823549 0.769072 0.026927 -0.975789 -0.768056
-0.741228 0.600704 -0.172350 0.184795 -0.208140 -0.186489 -0.261244 -0.766653 -0.218658 0.351085 -0.762630 -0.359376 0.547935 0.152778 0.533588 0.773662 0.143789 0.900684 -0.156566 -0.486384 0.089688 -0.473664 0.382557 -0.197590 0.305165 0.112812 -0.697234 0.352111 -0.448057 0.186120 -0.963763 0.218636 0.069957 -0.099110 -0.216509 -0.253125 0.896685 0.394369 0.619791 -0.836695 -0.693931 0.860095 0.123930 0.363446 -0.897669 0.105742 0.440661 -0.777361 0.406642 -0.076256
-0.876780 0.572226 0.472278 -0.455119 -0.784385 -0.042254 0.270785 -0.803515 -0.719799 -0.500759 -0.647106 -0.642645 0.353308 0.599307 0.716715 0.824305 0.131815 0.536541 0.315253 -0.152056 0.008032 -0.106813 -0.169325 0.228018 0.741105 -0.046559 0.054214 0.154499 -0.584551 0.734215 0.151022 -0.313998 0.669284 0.347998 0.051434 0.637142 -0.092363 -0.422544 0.352124 0.255158 0.227871 0.282990 0.598668 -0.574524 -0.881426 -0.776517 0.244227 0.249991 -0.463226 -0.818241
-0.017739 -0.858749 0.104354 -0.119113 -0.052038 -0.599138 0.071260 -0.339620 0.829563 0.366663 -0.534381 0.273924 -0.884433 0.854710 0.748509 -0.630958 -0.371625 -0.670579 0.367295 0.464640 -0.888972 -0.616715 -0.377804 0.153983 0.642202 -0.792701 -0.147296 0.907667 0.317958 0.508366 -0.191845 0.439185 0.389407 0.682907 -0.098427 0.154695 -0.516556 -0.003577 -1.032594 -0.240432 0.765966 -0.268339 0.959888 -0.564847 0.259956 0.974192 0.630815 -0.247575 -0.793591 0.451715
0.657180 -0.211306 -0.846042 -0.920687 0.998314 0.507231 -0.343265 -0.487423 -0.002835 0.415402 0.933786 -0.071382 0.729605 0.935537 0.450785 0.944822 0.944340 -0.279210 -0.009177 0.690311 0.770609 -0.114823 0.199250 -0.324251 0.985328 0.914053 0.129680 -0.074381 0.361854 -0.538444 0.224555 0.791703 0.332004 -0.187781 0.582180 -0.975215 -0.465242 -0.183485 -0.202283 -0.454055 0.744066 0.533082 0.378922 0.602802 0.512985 0.380387 0.533125 0.961984 0.739834 -0.902268
-0.864644 -0.031163 0.812016 0.521339 -0.178659 1.074802 -0.991579 -0.089728 -0.516207 -0.196251 0.419790 0.307905 -0.418099 -0.934473 0.204162 0.032955 0.177682 0.790523 0.957132 0.936732 -0.049104 -0.741358 -0.706860 -0.262978 0.869311 0.823134 -0.271592 -0.368058 -0.424339 0.955377 -0.933455 -0.826048 0.745650 0.894919 -0.912707 -0.450209 -0.284161 0.168320 -0.241533 -0.283773 -0.593747 0.972091 1.020126 -0.561052 0.113376 -0.276256 -0.143624 0.625699 -0.288592 -0.174571
-0.811007 0.010647 -0.012673 -0.235432 -0.552814 -0.832236 -0.647785 -0.228843 -0.812952 0.318889 -0.472676 -0.759640 0.557961 0.665629 0.321197 -0.788590 -0.162775 -0.337205 0.031757 -0.302238 0.244219 -0.070919 0.507168 0.352251 -0.576659 -0.593148 0.501830 -0.731276 0.252801 -0.928672 -0.790827 0.368859 0.032308 0.609909 -0.196270 -0.316083 -0.211507 0.659301 -0.094959 -0.034405 -0.390774 0.287707 -0.941515 0.104481 0.312483 -0.123695 0.809125 0.050106 -0.123778 -0.394915
0.140652 0.231719 -0.748154 -0.705678 -0.293227 -0.373689 0.192257 0.728431 -0.555308 0.212167 0.163697 -0.065591 -1.082978 0.516757 0.618127 0.238301 0.697018 -0.787679 0.625402 -0.809533 0.468324 -0.000705 0.810993 -0.050719 -0.860575 -0.365911 0.339817 -0.168403 0.128546 0.903690 -0.411062 -0.046605 -0.267041 -0.834609 -0.436737 0.852117 -0.701853 0.002347 -0.608877 0.138224 -0.735981 0.671882 -0.849230 -0.547963 0.859910 0.642938 0.156100 -0.021100 -0.760747 -0.999719
-0.604652 0.385240 -0.830473 0.993577 0.472777 -0.276138 0.265087 -0.630928 -0.347747 -0.094213 -0.187235 -0.391597 0.030525 1.006712 0.890104 -0.654892 0.708618 -0.103513 -0.705106 -0.907788 -0.245290 -0.452550 -0.557320 0.346664 0.347486 -0.372640 0.273378 0.636328 0.534188 0.197978 0.930109 0.497010 0.992177 -0.825294 -0.526620 -0.122544 -0.162921 -0.143486 -0.945107 0.887842 -0.988997 -0.196683 0.583349 0.905267 -0.622467 -0.365648 -0.974969 -0.663784 0.791242 -0.366133
0.529499 -0.696472 -1.010414 0.463147 0.722615 0.463442 0.269621 -0.337346 0.006011 -0.719711 -0.137687 -0.003881 0.255385 0.232235 0.123174 -0.835891 -0.744943 0.703943 -1.008574 0.797576 -0.098658 -0.210660 0.809210 0.853009 0.232488 -0.335098 -0.540917 0.211405 0.315729 0.278552 -0.582483 -0.694849 -0.773467 0.757167 -0.126589 -0.621343 -0.247411 -0.334162 0.723574 0.242179 0.000004 -0.196015 0.140571 0.946617 -0.325790 0.232842 0.412990 0.850377 0.633310 0.048175
0.891132 -0.948193 -0.234637 -0.846036 0.515374 -0.779362 0.125723 0.535831 -0.614188 -0.339871 0.836640 -0.515435 0.131804 -0.485901 -0.596296 0.526851 0.623805 0.184757 -0.668803 -0.665134 -0.403396 0.392071 -0.535488 0.910600 -0.061241 -0.311179 0.865490 -0.043213 -0.553954 -0.864426 -0.788976 -0.066327 -0.232416 0.565598 -0.355192 0.154373 -0.257714 -0.270644 -0.628782 -0.930819 0.192625 0.451102 -0.775801 -0.318322 0.989695 -0.924334 -0.895276 -0.801165 0.495820 0.244314
-0.288586 -0.307564 -0.186495 0.665622 -0.883412 -0.126211 0.408636 -0.586293 0.620262 -0.172114 -0.300220 -0.698765 0.332614 0.210344 -0.446915 0.883008 1.029985 0.498978 0.567349 0.433411 0.626942 0.254536 -1.107009 -0.557276 -0.076751 0.440027 -0.251267 0.891655 -0.763544 0.124444 0.164717 -0.443622 0.936855 0.342857 0.766332 0.659009 0.038470 -0.685448 0.981282 0.032880 0.768150 0.999747 -0.942042 -0.555529 0.367112 -0.161786 0.333993 0.460252 -0.049358 -0.341312
0.144307 0.468471 0.348184 -0.030550 -0.423837 -0.492686 0.672956 0.039954 -0.999254 0.763188 -0.411119 -0.513990 0.269969 -0.594865 0.821855 0.333095 0.872833 0.569607 0.552430 -0.343909 0.037253 0.040023 -0.896021 -0.170658 0.939578 0.888323 -0.879842 -0.734530 0.089118 0.657911 0.148714 0.218637 -0.644960 -0.267761 0.082898 -0.483979 0.265711 0.332135 0.930743 0.391653 0.741349 -0.190118 0.111841 0.370090 -0.468612 0.279725 0.737963 -0.904462 0.553607 0.669949
-0.254270 -0.788389 0.689392 0.584231 -0.640996 -0.569574 0.741815 0.126043 -0.941129 -0.238064 -0.649048 0.327409 0.811472 -0.480798 -0.382457 -0.119043 0.230887 -0.634705 -0.384109 0.520556 0.395833 0.753543 0.851003 0.482198 0.211503 -0.600097 -0.856713 0.213099 0.657742 0.474703 -0.206074 0.463912 0.435380 0.403042 0.330602 0.541499 0.354328 0.094072 0.038824 0.354617 0.289825 0.148943 -0.143990 -0.591053 -0.614893 0.028148 -0.150351 -0.330175 -0.386037 -0.421848
0.083132 0.576869 -0.885989 0.861594 0.624182 -0.046756 0.254560 0.448514 -0.306211 -0.358400 0.820622 0.296344 0.141167 -0.924342 0.822114 0.223000 0.080820 0.499844 0.885079 -0.487115 0.604964 0.495746 0.952689 -0.187321 0.621024 0.000625 -0.325953 1.044442 0.202315 0.716271 0.908258 0.553607 -0.110545 -0.202738 -0.495766 -0.720284 -0.766337 0.712104 -0.867202 -0.578897 0.606716 0.753225 0.278217 1.028876 0.336975 0.213758 -0.786500 0.276076 -0.778974 -0.407343
0.889329 0.800186 0.594750 -0.012292 1.132133 -0.549267 0.327788 -0.728945 -0.151640 -0.247548 -0.280532 0.838085 -1.141758 0.366430 -0.000020 -0.890199 -0.000008 -0.201017 -0.200976 0.234067 -0.892809 0.090479 0.611888 0.563423 -0.253210 -0.659060 -0.646804 0.537642 0.362893 -0.316588 -0.862787 -0.613403 0.201626 -0.522435 0.484259 0.883095 0.446493 -0.884578 0.326251 0.325489 -0.438776 -0.227871 0.438300 0.319786 0.082515 -0.577232 -0.277535 -0.766326 0.199029 0.309926
-0.330713 -0.603573 0.866016 -0.747411 0.559338 -0.217380 0.513770 0.699364 -0.870530 0.138918 -0.931687 0.729079 -0.923705 -0.388296 0.415676 -0.629662 -0.650990 0.365276 0.382017 0.096421 -0.180750 0.576382 0.667673 -0.749526 -0.410533 -0.606112 0.508992 0.551185 -0.304357 0.462660 0.655676 -0.570095 0.199945 0.272913 -0.584783 -0.612967 -0.856105 -0.943427 0.355200 0.819387 -0.753353 0.168380 -0.724339 0.049696 -0.383796 0.411413 0.942356 -0.044671 -0.886540 0.502964
0.745735 0.483044 0.219071 -0.913279 -0.111838 0.708283 0.306434 -0.171897 0.175792 -0.512641 0.499475 0.135238 0.016236 0.205114 0.021748 0.165955 0.772142 -0.640514 -0.879601 0.447439 -0.392377 -0.875042 0.022065 -0.988743 0.986328 -0.113262 0.815849 -0.306010 0.018355 -0.008236 0.077272 -0.716858 0.607185 0.506774 -0.591463 0.626114 0.832941 -0.298468 0.432605 0.467673 0.340620 -0.141843 -0.461324 0.190771 0.236433 -0.088148 -0.922485 0.790124 -0.808035 0.240163
0.234311 -0.436125 0.446249 -0.814307 -0.447017 1.052619 -0.993438 -0.457834 -0.467097 0.291244 0.736834 -0.958067 -0.927315 -0.058218 0.223566 -0.719220 -0.531475 0.745048 0.197059 -0.931353 -0.842672 -0.082410 0.184923 -0.203191 0.531855 0.932909 -0.649720 0.886478 -0.459717 0.800654 -0.016098 -0.771451 0.303861 -1.045346 0.665520 0.923973 -0.677137 -0.785676 -0.381709 0.072080 0.814474 -0.275639 -0.909131 -0.044383 0.032311 -0.463764 -0.306428 -0.884341 -0.961823 -0.691610
0.865608 0.402041 0.036122 0.538060 0.050916 -0.870708 -0.830468 0.630464 -0.235362 0.791954 0.467738 0.742926 -0.438842 0.336728 0.675872 0.865081 -1.014211 -0.905466 0.158082 0.686315 0.556138 0.455495 0.260227 -0.404451 0.479677 0.638165 -0.773316 0.812809 0.507565 -0.618010 0.522644 -0.640318 -0.445490 -0.538039 0.185615 0.907531 0.197119 -0.731812 0.680115 0.016175 -0.712276 0.965181 0.370969 -0.887487 0.405003 -0.763415 0.463073 0.993852 -0.887128 0.722410
0.254846 0.249954 -0.365369 0.108118 0.504822 0.515888 -0.556242 -0.580581 0.612741 -0.855499 0.344760 0.883458 0.745181 -0.109446 -0.864166 -0.145475 -0.507503 0.064127 -0.249520 -0.074227 0.147160 0.959515 -0.029714 -0.090017 -0.029552 -0.177337 0.783725 0.372698 -0.690939 0.733907 0.914370 0.253609 0.768902 -0.364730 -0.542028 -0.709267 0.080158 -0.960670 -0.867781 -0.901308 0.235271 0.542462 0.167391 -0.529637 -0.283640 0.865095 0.516707 -0.210284 -0.484756 0.657864
-0.382961 -0.887796 -0.088284 0.348876 -0.514909 -0.903003 -0.734426 0.088689 0.550705 -0.148885 -0.652676 0.785597 0.089149 -0.326568 -0.898561 -0.165097 -0.562604 -0.233174 0.885627 -0.541911 -0.640657 -0.746691 -0.420279 -0.664899 0.659532 0.593331 -0.311174 -0.107576 -0.012904 0.763608 0.827774 -0.626559 -0.566718 0.518028 -0.430870 -0.524360 -0.496692 0.445614 0.719431 0.945199 -0.916168 -0.639319 0.993031 -0.460418 0.293410 0.303238 0.985217 0.273910 -0.981119 0.226949
-0.443288 0.229030 0.842618 0.778378 -0.565789 -0.628372 -0.138331 -0.694814 -0.352539 -0.728474 -0.904959 -0.075284 -0.767400 0.776999 -0.719694 -0.396980 -0.126493 -0.040190 0.782644 0.793277 0.818645 -0.416523 -0.490551 0.974715 0.718897 -0.454912 -0.349428 -0.273374 -0.529798 -0.474118 0.208878 -0.354513 0.298402 0.981608 -0.067768 -0.179781 -0.715853 0.786487 0.172574 -0.335207 0.311724 -0.058709 0.215476 -0.754205 -0.918326 -0.578023 0.627080 0.422213 0.114743 -0.305132
0.335506 -0.045442 0.898180 -0.402653 -0.305784 0.512668 -0.919868 0.305162 0.908985 0.289811 -0.124151 -0.192093 0.199182 0.866693 0.308173 0.529829 0.720338 -0.174534 -0.427685 0.947531 0.662941 -0.409093 0.770176 0.335512 0.950050 0.779270 -0.109011 -0.362880 -0.139794 -0.494382 0.495766 0.848056 -0.604980 -0.482595 0.780847 -0.352196 -0.549699 -0.338462 0.097265 0.920959 -1.022520 -0.454124 -0.808712 0.240269 -0.307865 0.123409 0.814077 0.642368 -0.213163 0.701220
-0.876470 0.904461 0.521409 -0.859714 -0.174244 0.239484 -0.528645 -0.638387 0.381299 -0.864158 -0.911770 1.005838 0.561449 0.439851 0.937878 -0.108799 0.399867 -0.377604 -0.872199 -0.008294 0.802898 0.248115 -0.452712 -1.006736 -0.521435 0.254979 0.024714 0.592416 0.309170 0.431230 0.708803 -0.315510 0.063498 0.724111 -0.371683 -0.359872 0.665407 0.272786 1.104846 0.588928 0.566328 -0.929073 -0.263749 0.013338 0.857148 0.606646 0.447987 -0.300985 -0.001661 0.609549
0.514916 -0.735803 0.247381 -0.528434 0.024139 -0.495809 0.394317 0.681398 -0.404134 0.824205 -0.916744 -0.426022 0.290791 -0.174646 1.121001 -0.536120 -0.396692 0.438187 0.329466 -0.045532 -0.426578 0.446861 -0.125584 -0.331888 0.671096 -0.004142 -0.524049 -0.462263 -0.932885 -0.763051 0.375917 0.942695 0.786052 -0.080739 0.371059 0.176529 0.797340 0.093343 0.567700 -0.375875 -0.107624 0.837811 0.006902 -0.644488 -0.920637 0.103231 0.005845 0.576713 -0.855709 -0.632507
-0.256810 1.004641 0.153372 -0.288207 -0.007577 0.083457 -0.613596 -0.604069 0.217845 -0.032708 -0.086980 -0.921451 -0.706374 0.315816 -0.673641 0.470448 0.544350 0.472462 -0.972228 0.937438 0.592664 -0.212334 -0.280470 0.195052 -0.397621 -0.247591 -0.558580 -0.866009 -0.904370 0.571343 -0.347571 -0.584730 0.767602 -0.339398 -0.228408 0.391185 -0.537745 0.167882 -0.831683 0.672764 -0.653225 0.763111 -0.500095 -0.683723 -0.887321 -0.345454 -0.780339 -0.513565 0.771140 -0.690568
0.503281 -0.562037 -0.407291 -0.656739 -0.516526 0.585947 0.355992 0.728845 0.026681 -0.730534 -0.161657 0.573500 0.019655 0.012049 0.663776 -0.171597 -0.129952 -0.524594 -0.709107 -0.500945 -0.940160 -0.846902 0.549380 0.192731 -0.437551 -0.008151 -0.497457 0.582673 -0.447213 -0.135149 -0.230801 0.573215 0.360622 -0.380080 -0.092852 0.874939 0.743030 0.845746 -0.844562 -0.424424 0.761796 -0.372843 0.953275 0.414477 0.638728 0.754067 -0.250755 -1.042434 0.627136 0.916820
0.006891 -0.990176 0.109069 -0.194015 0.461919 0.275073 -0.956769 -0.078774 -0.027642 0.828689 0.325288 0.401865 0.089003 -0.537231 -0.433762 0.079375 0.577144 -0.253667 0.120191 -0.732409 0.145026 -0.105985 0.994884 -0.616956 0.879510 -0.123212 0.192836 0.156367 0.093213 0.305194 -0.973325 -0.414418 0.831273 -0.006632 0.323968 -0.497403 -0.585631 0.345966 0.846539 0.443066 -0.863220 0.388359 -0.475545 0.521037 0.197817 0.757738 0.640010 0.056527 0.688090 -0.282750
-0.717544 0.494548 -0.872006 -0.500299 -0.394468 -0.151823 0.275722 0.190835 -0.098316 0.594654 -0.422715 -0.793801 0.478251 0.293557 0.396680 -0.601731 0.118563 0.885137 0.659019 -0.363103 0.781267 0.915219 0.118984 0.055912 -0.769244 -0.364623 -0.037359 0.120911 0.874915 0.054293 -0.469240 0.058196 -0.362908 0.654181 -0.676305 -0.499318 0.296898 0.167687 -0.889034 0.080829 -0.667868 -0.809351 -0.136636 0.852465 0.081429 0.365846 -0.202038 -0.330823 0.901580 0.757862
0.783526 0.902012 -0.504152 -0.510017 0.283920 -0.914731 0.939674 -0.430047 -0.605790 -0.738593 0.047266 0.161869 0.507719 -0.538322 -0.655072 -0.840181 0.483361 0.144396 0.484436 0.748051 -0.708568 -0.955042 -0.463024 -0.760359 0.510368 -0.591703 0.055437 -0.378015 -0.743109 0.652624 -0.727478 0.057082 -0.298848 0.153211 0.175705 -0.596861 0.656688 0.532569 0.497663 -0.792190 -0.306520 0.172257 -0.217357 0.580210 -0.216951 0.774794 1.019192 0.095193 -0.949326 0.859233
0.285977 -0.760724 0.971748 0.695385 -0.115371 -0.110485 0.178868 -0.747799 -0.014532 0.469187 -1.048536 -0.637782 -1.078251 0.387867 -0.933038 -0.187344 -0.827338 0.687157 0.147535 -0.710713 -0.808979 0.897540 -0.470364 0.543269 -0.770767 -0.240033 -0.768567 0.765841 -0.643196 -0.151375 -0.385362 0.239760 -0.757976 -0.750874 0.252655 0.916034 0.213973 -0.701927 -0.691371 0.957681 0.560234 0.106532 0.677681 -0.446732 -0.343900 0.934307 0.236693 -0.404040 0.524300 -0.519117
-0.421308 -0.807878 0.551490 -0.237162 -0.268058 0.045672 -0.415215 0.254073 -0.481201 -0.710594 0.439663 -0.515719 0.154914 0.729281 -0.530139 0.665161 -0.644791 -0.886947 -0.140511 0.721542 -0.375230 0.611041 -1.032877 0.884450 -0.725815 -0.065896 0.034316 -0.031787 0.108599 -0.803053 -0.113077 -0.427000 -0.967748 0.516783 0.991677 -0.796857 0.164349 0.432320 0.101071 -0.544547 -0.250977 -0.452500 -0.391211 0.796219 0.430879 0.092656 -0.430051 0.753403 -0.351070 1.001895
-0.361775 -0.125601 0.193061 0.617430 -1.044976 0.007921 0.218715 0.969637 0.988490 -0.224422 0.550961 0.056803 0.749609 0.157856 -0.969261 -0.810652 0.873383 -0.426026 0.029316 -0.167735 -0.655835 -0.720827 0.610030 -0.111333 0.926596 -0.865135 0.604961 0.539222 0.488625 -0.366741 -0.048557 -0.946311 0.888463 -1.247434 0.395369 -0.914067 0.493285 -0.636710 -0.954196 0.035948 -0.237171 -0.734160 0.487361 -0.021683 -0.460581 0.961090 0.842143 -0.342390 0.215794 -0.650948
0.716874 -0.785610 0.779831 -0.144311 -0.440559 0.724669 0.843458 0.735685 0.926649 -0.152599 -0.227012 0.478481 -0.484047 0.043368 0.174245 -0.556128 0.733897 -0.853721 0.044157 0.788325 0.835081 0.931664 0.828920 0.593899 -0.477691 -0.507990 0.375678 0.082999 -0.442471 0.602013 0.755342 -1.054773 -0.086424 0.653047 0.552292 0.475980 -0.687611 0.428594 0.290515 -0.695189 0.829559 0.008031 0.781717 0.331048 0.694620 0.883023 -0.313023 -0.734753 0.759463 -0.890788
0.640720 0.506229 0.049206 -0.208770 -0.599233 0.625279 -0.857157 0.412612 0.197395 0.406029 0.872459 0.881759 -0.728630 -0.408294 0.465600 0.392906 -0.833988 0.617167 0.900447 0.419613 0.000797 -0.481165 -0.597248 0.742294 0.769744 -0.047434 -0.444935 -0.316149 -0.997773 0.401763 -0.195890 0.604435 0.116495 -0.398061 -0.882428 0.113205 -0.495959 -0.095835 0.947794 0.687848 -0.357762 -0.642193 -0.086495 0.399610 -0.241759 0.093466 -0.883874 0.304800 -0.829473 -0.285378
-0.177847 0.244370 0.548677 -0.128902 -0.093904 -0.350965 0.035093 -0.389962 0.748324 -0.331215 0.151374 -0.468582 -0.739973 -0.601388 -0.327096 0.133803 0.360138 -0.216144 -0.000899 0.277647 0.887246 -0.325119 -0.652817 -0.565999 0.780666 -0.022860 0.952560 0.999642 -0.092117 0.025374 -0.806441 -0.863902 -0.499726 -0.226199 -0.041121 0.739568 -0.019086 -0.867479 -0.612518 0.440309 -0.724967 -1.054361 0.547363 -0.427760 0.624872 -0.161322 -0.246689 -0.275339 0.759451 0.743583
-0.535840 -0.734147 0.789778 -0.781172 0.482472 0.194037 1.000045 0.394840 -0.607301 0.746425 0.409279 -0.209566 -0.974883 0.821961 -0.245094 -0.357654 0.278353 -0.073022 -0.257990 -0.299454 0.270962 -0.215099 0.772014 0.756175 0.326462 -0.298932 -0.151469 0.256574 -0.022342 -0.000932 0.118833 -0.112961 0.684460 -0.420140 -0.379178 0.573503 -0.249329 -0.946795 -0.933386 0.720576 -0.288572 -0.522632 0.068947 -0.358256 0.465606 -0.241217 -0.913603 0.861116 -0.465456 -0.598899
-0.948760 -0.223386 0.114647 0.148313 0.923024 0.910775 0.079154 0.853288 -0.290304 0.019789 0.943114 0.019520 0.808218 0.340740 -0.483667 0.213183 0.932698 -0.766715 -0.439796 -0.109387 -0.554686 -0.317322 0.240942 0.719905 0.238102 -0.475167 -1.021580 -0.211580 0.998500 0.494141 0.384499 -0.198765 0.184976 0.440051 0.489763 -0.239451 -0.141577 0.386724 -0.667064 0.112366 -0.318719 -0.771981 -0.823778 0.161326 -0.577862 0.439584 0.173483 0.801446 0.718914 -0.739813
0.077463 -0.903286 -0.023666 0.555057 1.007933 -0.449141 -0.172032 -0.674657 -0.735478 -0.326085 0.230952 0.364948 0.174055 -0.735536 -0.232670 -0.209542 -1.000734 -0.517422 -0.315217 -0.497169 0.386743 -0.183853 0.474609 -0.179427 -0.680148 -0.986461 -0.168105 0.365067 0.881576 0.005647 0.987566 -0.314407 0.521905 -0.654408 0.725604 -0.319755 -0.246481 -0.201988 0.102052 -0.571356 -0.777718 0.083788 -1.022471 0.710524 -0.305738 -0.373259 -0.588064 -0.762887 0.359024 0.569936
-0.332296 0.381881 0.765499 0.679222 -0.240130 0.682612 0.205492 0.596677 -0.676178 -0.331057 0.047735 -0.975621 -0.323618 0.540742 0.402634 0.306763 -0.353630 -0.727010 0.118102 0.941625 -0.338357 0.862787 0.653882 0.440365 0.351443 -0.261480 1.037771 -0.899115 0.558818 0.767302 -0.615344 0.922146 -0.887744 0.047114 0.313294 -0.728239 -0.517042 0.145576 -0.134391 -0.583547 -0.818634 -0.376947 0.382141 0.741224 -0.745399 0.047365 0.871118 -0.911730 0.055561 0.366407
-0.088382 -0.542113 -0.824911 0.108055 0.249369 0.916171 -0.822645 -0.918449 -1.011681 0.825702 -0.563004 0.714977 -0.189415 -0.709303 -0.554555 -0.043493 -0.546398 -0.711899 0.486200 -0.593805 0.645985 0.713005 0.841824 0.085124 0.975661 -0.211313 -0.461779 0.608020 0.737970 -0.255143 -0.233089 -0.036725 0.313533 -0.725336 0.609155 -0.817709 0.910123 0.917085 -0.008185 -0.878763 -0.353969 0.987837 0.201248 -0.577979 -0.286570 0.221025 -0.035374 0.469625 -0.605564 -0.140643
0.754489 0.017344 0.113263 -0.083856 -0.246721 -0.737749 -0.793117 -1.073281 -0.935772 -0.623739 -0.058977 0.614991 0.112135 0.751931 -0.030382 -0.255318 0.022790 0.046208 0.861254 0.648721 0.947690 0.809128 -0.705884 -0.864226 0.848560 -0.724546 -0.106168 -0.578017 -0.868898 0.823401 0.138697 -0.581922 -0.452097 -0.118154 -0.612645 0.163565 -0.128207 -0.491590 -0.834883 0.417435 1.012152 0.412311 0.622784 0.150977 0.747610 -0.228688 -0.743750 -0.943253 -0.277767 -0.588056
-0.454436 1.026835 0.828837 -0.558727 -0.171764 0.494087 0.760442 0.644027 -0.776132 -0.498329 0.131559 -0.351145 -0.242498 -0.865654 0.305437 0.798109 0.808002 0.256190 -0.444431 0.126209 0.432713 0.892710 0.147983 0.752999 -0.307896 0.018007 -0.914355 0.128014 0.854715 -0.599503 -0.879985 0.125480 0.332223 0.602358 -0.610330 -0.316657 0.243699 -0.717710 -0.768162 0.992415 -0.892137 -0.008888 0.291881 -0.245992 -0.479487 -0.143693 0.363747 0.041704 -0.749570 -0.835548
-0.536923 0.468682 0.927968 0.569476 0.787545 -0.620563 0.172099 -0.108001 -0.325469 0.603178 0.748403 0.647755 0.726677 0.233866 -0.111614 -0.749288 0.960859 0.005288 -0.072916 -0.487304 -0.561150 0.053362 0.176078 0.288395 -0.857728 0.386494 -0.881010 -0.740234 -0.014488 0.310799 0.329958 0.943877 -0.406024 -1.172646 0.063990 -0.089671 0.363466 -0.007642 -0.339904 0.723901 -0.045409 0.841231 0.504188 -0.068513 0.292721 0.389342 0.110683 -0.158398 0.441025 -0.524811
-0.194475 -0.731046 -0.733432 0.011283 0.564955 0.127941 0.612518 0.111732 -0.977149 -0.566744 0.234629 -0.305560 0.447873 -0.377758 -0.611398 -0.838620 -0.826365 -0.344098 0.401386 0.489035 0.899569 0.478627 -0.299767 -0.320925 -0.406498 -0.743987 -0.149115 0.690301 0.498795 0.504954 0.406411 0.800123 -0.129826 -0.019173 -0.775595 0.559194 0.904507 0.383839 0.719903 0.135936 0.924189 0.386323 0.148809 -0.573984 -0.399272 -0.126671 -0.737119 -0.522158 -0.777114 0.182337
-0.113165 -0.183343 -0.664142 0.041391 -0.302861 -0.799413 0.219501 0.513331 0.887123 0.765847 0.456871 -0.986847 0.014058 0.904707 -0.854820 -0.575816 -0.286326 -0.082419 -0.356758 -0.197746 0.173963 0.837402 -0.491843 -0.829397 0.810646 0.022238 -0.949926 0.013401 -0.035968 -0.849459 0.374501 0.464519 0.085515 1.008650 -0.974044 0.858616 -0.608071 0.205943 0.083621 -0.103915 0.241018 -0.984850 0.464318 -0.933714 0.735558 -0.415602 0.671231 -0.280013 0.374638 -0.706686
-0.440282 -0.430182 0.467277 0.387997 -0.395981 0.846145 0.098516 0.647680 -0.088864 -0.287286 0.446770 0.001674 -0.810555 -0.901767 -0.492334 -0.684451 -0.249240 0.311379 0.134189 0.127185 -0.547599 0.292803 -0.017831 0.424574 -0.945671 -0.143084 -0.345263 0.755118 -0.423163 0.331648 -0.974719 -0.853030 0.246148 1.133149 0.692256 0.272228 0.803343 -0.656419 0.342335 -0.172826 -0.686419 0.526034 0.786966 -0.246523 -0.316334 0.480333 0.764230 -0.054531 0.707150 -0.097900
0.114049 -0.621203 0.775315 0.681426 0.196356 0.930424 -0.131808 -0.153136 0.351491 -0.356093 -0.092919 0.528227 -0.868180 -0.389756 0.002056 -0.841073 -0.246649 -0.847618 -0.851585 -0.548185 0.070695 0.619139 0.243383 -0.828943 0.357863 -0.036762 -0.298584 -0.316633 -1.287861 0.287385 0.383860 0.935651 -0.479175 -0.575091 0.314060 0.314411 -0.079711 0.682737 0.367241 -0.366534 0.149348 0.185390 -0.355145 0.420919 0.538313 -0.091451 -0.695541 0.266329 0.202369 -0.255727
0.959894 -0.426453 -0.380668 1.003717 0.945983 0.279140 0.922303 0.660536 0.352836 0.403492 0.004737 0.200894 0.152675 0.301351 0.320541 0.995303 0.268333 0.976708 0.255011 0.462590 0.968332 -0.434728 -0.830492 -0.208474 0.341716 -0.453802 -0.648151 -0.338483 0.167762 0.864578 0.708404 0.300360 -0.013440 1.209201 0.360757 -0.580399 -1.022285 0.885819 0.542662 0.485431 -0.086784 -0.390107 -0.517296 0.374705 -0.912045 -0.900534 -0.469232 -0.136467 -0.985767 -0.701371
0.589616 -0.675155 0.138989 0.667794 -0.588759 0.541871 -0.818145 -0.368924 0.138797 -0.881860 0.046551 -0.353974 -0.317871 0.728603 0.531388 0.389328 -0.661603 0.083539 0.961836 -0.880813 0.380290 -0.225918 -0.724152 0.969475 0.728343 -0.313349 0.197499 0.105689 0.334276 -0.846336 -0.919972 -0.708588 0.167333 -0.204330 -0.511869 0.270322 0.730960 0.497178 -0.527101 0.446922 0.697582 0.714015 0.363799 -0.330556 0.884767 0.468739 0.884052 -0.224603 -0.914559 -0.023144
0.310203 0.856894 -0.263331 -0.960305 -0.461110 -0.426235 -0.252511 0.137657 -0.826501 0.448649 0.169667 0.987103 0.765117 -0.132817 -0.215556 0.687970 0.495159 0.148539 -0.756241 0.357986 -0.292292 -0.715234 -0.702486 0.701717 -0.167041 -0.831546 0.723010 0.469085 0.734681 0.504062 0.786168 -0.704783 -0.800492 0.405473 -0.080210 0.304925 0.770774 0.476155 -0.131009 0.585094 -0.108575 0.148144 -0.003830 -0.335184 0.998473 0.894671 0.865132 0.203454 0.644778 -0.915067
0.706087 0.821154 -0.842627 -0.884706 0.110347 -0.798144 -0.255077 -0.073209 0.805284 -0.005253 -0.696202 -0.151097 -1.001739 -0.726422 -0.974527 0.806013 0.157054 0.344828 0.907969 -0.366792 0.132352 0.552710 0.098886 -0.286251 0.409391 -0.811716 0.993611 0.786486 0.517099 0.889386 0.103851 0.787455 -0.498821 -1.093954 0.553203 0.745253 -0.142143 0.595758 0.733458 1.033925 0.776662 1.002230 -0.146040 -0.402404 -0.757672 0.629769 0.155123 -0.523271 -0.713909 0.294911
-0.675103 -0.262244 0.463518 0.684290 0.141066 0.172987 -0.632441 -0.835488 -0.428691 -0.093325 0.795060 -0.760448 0.769788 0.909169 -0.430177 0.610382 -0.683290 0.363821 0.198721 0.059838 0.967236 0.598532 -0.577812 -0.630951 -0.846897 -1.004073 0.630674 0.006758 -0.345104 -0.050143 0.698097 0.857994 0.870872 0.167441 0.762650 0.816130 0.374045 -0.372942 -0.937139 -0.345539 -0.593363 -0.371690 -0.524971 0.409109 -0.839600 -1.006260 0.018378 -0.085707 0.759453 0.319742
-0.252036 -0.129110 0.357357 0.027528 -0.423440 -0.079467 -0.752293 -0.560256 0.438914 0.493453 0.562633 0.906672 0.868254 -0.532449 -0.655064 -0.901487 -0.927126 0.935098 0.141111 0.212278 -0.829991 -0.415107 -0.193384 0.179767 0.986123 0.538539 -0.300081 0.384257 0.345281 0.944367 -0.398786 -0.032266 0.927944 0.309581 0.093020 -0.689189 -0.123931 -1.010794 0.837702 -0.436455 -0.820797 0.183225 1.023472 -0.172342 -0.242472 0.806931 0.192842 -0.845169 -0.293010 -0.770076

Bias v0 (Oculta):
-0.022364
0.835790
0.204024
-0.934668
0.307510
0.857258
0.084158
0.171771
-0.087388
-0.957706
-0.851298
-0.796428
-0.533782
-0.589007
-0.579608
-0.948555
-0.021138
-0.598134
0.404932
0.202004
-0.317161
-0.906491
0.925761
-0.175002
-0.050963
0.317643
0.023100
-0.012073
-1.061220
0.005043
-0.881575
0.495182
0.574732
0.042690
0.756895
-0.481357
-0.726795
0.250092
-0.638755
-0.326963
0.530744
-0.347815
0.319115
-0.905669
0.792880
-0.511773
-0.345974
0.457626
0.711260
-0.059459

Pesos w (Oculta -> Sa獮a):
0.135189 -0.139337
0.263664 -0.784174
-0.974703 0.606546
0.389514 -0.509814
0.649894 -1.002463
0.802116 -0.712568
-0.272741 -1.109701
-0.586149 0.364860
-0.295768 0.281352
0.542741 0.425769
0.902221 0.333225
-0.114682 0.326309
-1.189391 1.163587
-0.066104 0.247139
0.741486 -1.159622
-1.133171 0.174119
0.210352 0.661953
0.250954 -0.568641
0.319250 0.175800
-0.414530 0.347364
0.678246 -0.694743
-0.055922 -0.219479
1.687566 -1.714823
0.138823 -0.073051
0.677708 0.400273
-0.018235 -0.642678
-0.190943 0.183635
-0.490825 0.756872
-1.180669 0.916124
0.229686 -0.481813
-0.313759 0.753132
-0.389355 0.851940
-0.148425 -0.020523
1.263487 -1.520030
-0.013311 -0.270971
0.636813 0.218110
-0.798871 1.236251
-0.595026 -0.506712
-0.884365 0.777361
-0.471425 0.783728
1.105348 -0.147208
-0.374258 0.673668
0.724847 -1.018829
-0.466055 0.635108
-0.597084 0.357638
-0.054189 -0.079564
-0.523090 -0.494655
0.400973 -0.980420
0.305959 -0.674663
-0.253972 0.762266

Bias w0 (Sa獮a):
0.863349
-0.450806
