Pesos v (Entrada -> Oculta):
-0.039458 -0.622321 0.555281 0.934256 -0.494788 -0.532012 -0.503859 -0.456915 0.619347 0.491185 0.258258 0.157119 0.757495 -1.171416 -0.637663
-1.008298 0.856491 -0.536568 -0.071650 -0.704928 0.820715 -0.296380 0.618350 0.131259 -0.701038 -1.094181 0.155712 0.767418 0.233616 1.011905
-0.695641 -0.372767 0.294815 -0.511668 -0.959054 0.534238 -0.058193 -0.424987 0.120889 0.148075 0.194801 0.302627 0.453236 -0.946245 0.652940
-0.760243 0.083119 -1.035218 -0.185049 0.037284 0.181829 0.116526 -0.226781 -0.949625 -0.031025 0.400465 -0.111526 0.846473 0.302721 -0.082200
-0.126737 0.624589 0.530355 -0.224852 -0.208794 0.061273 -0.192276 0.532031 0.116436 0.306189 -0.303235 0.783336 -0.973808 0.177150 0.920061
1.019493 -0.450250 -0.105110 -0.525914 -0.904799 -0.048758 -0.474461 -1.256668 -0.120879 0.294727 -0.104033 -0.047474 -0.672126 1.027642 0.868297
0.546359 0.766585 0.514210 0.395849 0.316514 -1.229807 1.082495 -1.039398 0.333291 -0.379162 0.492907 -0.491281 -1.415362 1.122274 -0.356255
-0.300514 -0.157276 0.150318 -0.136803 -1.181219 -0.779048 0.855742 0.058896 0.146935 0.626667 0.676976 -0.507873 1.017138 1.276866 0.071592
0.807911 0.022347 0.124903 0.428863 -0.154200 -1.192230 -0.563232 -0.115939 0.736802 0.485244 0.565497 -0.709320 1.008765 0.520154 -0.404748
0.685636 -0.204839 -0.428610 0.073940 -0.154799 -0.003653 0.275266 -0.659674 -0.572499 -0.108070 1.185972 0.147630 1.138676 0.136195 -0.495736
-0.403863 -0.386588 0.108409 -0.009146 0.105740 -0.550020 -0.807273 0.921506 1.081439 -0.010613 0.257479 -0.231360 1.197916 0.499823 0.647689
-0.631774 -0.119346 -0.749755 0.761265 0.966323 0.783122 0.790052 -0.591527 1.072182 -0.191961 0.199819 0.908422 0.679227 0.652900 0.939729
-1.040374 0.168470 -0.093424 -0.370329 1.188332 0.661796 0.015336 -0.578323 -0.506669 -0.006684 -0.636690 -0.683533 -0.612977 -0.508119 0.384175
0.388806 0.854786 0.268331 -1.266093 0.608560 0.656417 0.377324 0.401030 0.127506 -0.135404 0.170526 -0.737151 -0.252348 0.064843 -0.386395
-0.474280 0.436901 -0.795009 -0.582664 -0.789620 -0.340287 0.465406 0.582491 -0.673745 -0.437123 0.806262 0.656183 1.141488 0.261274 -0.143702
-0.593700 0.251114 -0.912483 -0.619333 -1.504914 0.787811 -0.010162 0.377978 -0.152253 0.546102 -0.350758 0.207766 0.580484 0.558390 -0.733123
-0.595893 -0.330411 0.453960 -0.453350 0.345411 -0.052601 0.651239 -0.935921 -0.529453 -0.324403 -0.291158 1.199536 0.044203 0.245936 -0.273100
0.040157 -0.135496 1.063232 -1.378791 -0.393314 -0.734884 0.132289 -0.634926 0.748114 0.224853 -0.127281 -0.118736 -1.330244 0.430923 -0.672779
-0.270949 0.169567 0.441916 0.470874 -0.649776 -0.500855 0.456135 -0.583722 -0.005713 0.962753 0.392536 -0.835889 -1.020810 1.344461 0.716603
0.617232 -0.424358 0.088928 -0.164087 -0.316655 -0.790276 0.062328 -0.268184 0.557728 0.093955 0.223922 -0.364783 -0.490661 0.630953 0.142515
0.449252 -0.931078 -0.590970 0.083352 -0.573529 -0.300976 0.483863 -0.475208 0.572122 -0.184069 0.648630 -0.013967 1.104093 -0.455631 0.334404
0.255632 -0.051010 -0.636661 -1.004809 0.025431 -0.965548 0.144904 0.846544 -0.136175 0.607660 1.293029 -0.848358 1.385935 -0.323359 -0.224625
0.382126 -0.398179 0.665988 -1.190747 -0.110390 1.249898 -0.271250 0.049012 -0.211002 0.625217 0.269502 -0.447694 0.683013 -0.745973 -0.146408
-1.111624 0.475863 0.422301 -0.204921 0.694805 0.031662 -0.203904 -0.540302 1.256599 -1.025054 -0.197961 -0.702902 0.649986 0.963688 0.738997
-0.754527 0.358309 -0.032473 0.030635 -0.571039 -0.565047 -0.379183 0.215109 -0.630061 0.152042 -0.644726 0.832233 0.141591 0.515700 0.094119
-0.580569 -0.846145 1.054508 -0.763906 0.656044 0.915620 0.780345 0.367829 -0.101662 0.246468 -0.566116 -0.502294 0.145565 0.914579 -0.108727
-0.459312 -0.978833 -0.653065 -0.150737 -0.072163 -0.594045 -1.031814 0.303875 -0.597172 0.241889 0.716998 -0.499705 0.269280 0.742148 -0.176391
0.280557 -0.271083 -0.928214 0.729325 0.232690 1.230557 -0.035254 -0.337399 0.465027 -0.596350 0.538912 0.085776 0.722640 0.102193 -0.727564
0.044452 -0.402978 -0.401531 0.037253 0.222965 0.685821 -0.299815 -0.080381 0.065182 -0.082338 -0.423469 0.457213 -1.189135 0.560412 -0.614497
-0.956314 -0.837472 0.674122 -1.907027 0.219837 -0.001041 0.153831 -0.646609 0.009630 -0.185767 -0.022099 0.706302 -0.788743 0.598736 -0.827010
1.004549 -0.259333 0.194472 -0.412721 1.000688 -0.874244 0.615872 -1.319837 0.461331 0.512508 0.240111 -0.473308 -1.122236 0.641246 -0.518699
-0.443081 -0.243644 -0.280376 0.444034 0.310155 -0.039563 1.130939 -0.227694 0.161557 -0.216262 0.469539 -0.309898 0.591256 0.693002 0.093070
-0.298567 -0.531565 -0.018301 0.183998 0.464475 -0.405566 0.070654 -0.073558 0.403306 -0.005042 0.304308 0.050299 0.990175 -0.426916 0.334576
-0.399927 0.144352 -0.684312 -0.500616 0.968901 -1.534836 -0.964522 -0.196232 -0.168086 -0.190368 0.885032 -0.005772 -0.454917 0.550127 0.576161
-0.819716 -0.337270 -0.323235 -0.194112 1.137004 0.151213 0.140035 0.248562 0.773616 -0.221071 -0.017242 -0.619080 0.036238 -0.428318 -0.442725
-1.140956 -0.101868 0.685330 0.297996 0.097318 0.337074 0.024302 0.026209 1.048727 0.848583 0.810440 1.126153 -0.892796 -0.860746 0.851503
0.513751 -0.088544 1.031585 1.042483 1.186911 0.821258 0.154454 -0.357841 0.897508 -0.377123 0.232417 0.063433 -0.641498 0.582969 0.661375
-0.071278 -0.760426 -0.173496 0.061500 0.443871 0.114930 0.348510 0.428912 0.437791 -0.313728 0.104289 0.384418 -0.451556 0.329970 0.432527
0.627515 0.147131 -0.631062 -1.162996 0.836053 0.790486 -0.161572 0.437961 0.716472 -0.243435 -1.096775 0.462348 -0.292217 -0.075929 -0.307985
0.198391 -0.617153 -0.591716 0.136657 0.376093 1.660661 0.244893 0.749051 -0.179275 0.634525 0.033915 0.342779 -0.308809 0.867578 -0.563034
0.211259 -0.754929 -1.188711 0.143670 0.902970 1.743523 -1.142108 0.276086 0.561293 -0.967431 -0.133367 -0.127752 -0.626779 0.650370 0.473776
0.000470 -1.967523 0.762995 0.398739 -0.130719 -0.051310 -0.484691 -0.304645 -0.651844 -0.829019 0.236461 -0.396765 -0.318589 -0.481941 -0.812560
0.632699 -0.800339 0.500191 -0.273911 -0.421131 -1.490837 -1.158257 0.819085 -1.026017 -1.002318 1.195491 0.406045 -0.007873 -1.347998 -0.473725
-1.317334 -0.377424 -0.878759 -0.117994 1.349044 -1.291626 -0.412484 0.781430 0.078805 0.282815 0.082055 -0.013965 -0.104080 0.288807 -0.107937
-1.963984 0.077422 -0.522141 -1.396451 0.230554 -0.645043 0.374049 1.304006 0.245111 0.559107 -0.015577 -0.062510 0.326876 -0.000601 0.201733
-0.298598 0.238478 -0.522880 -0.255533 0.659461 0.582346 0.537828 1.002749 0.170906 -0.362283 -1.106207 -0.364221 0.275910 1.007664 0.587119
-1.106100 -0.774289 0.311056 0.591125 1.238108 0.820447 1.080752 -0.043489 -0.067967 -0.588304 0.409055 -0.193915 -0.202236 -0.040571 -0.481939
-0.455417 0.125962 -0.243266 0.586336 0.726969 1.012360 0.261842 0.195589 0.712576 -0.706661 1.279216 1.054832 -0.581984 -0.894997 0.890573
-0.041109 -0.078573 -0.233644 -0.094067 0.546921 1.061990 -0.678226 0.384073 -0.171429 -0.775066 -0.771591 0.168222 -0.117032 -0.805801 0.760403
0.288874 -0.541590 -0.649127 0.216813 1.414601 0.287835 0.950366 -0.634129 -0.740285 -0.179927 0.264552 0.162809 -0.895322 -0.022508 0.152895
0.829993 -0.974925 -1.446337 -0.386289 0.496042 -0.357975 0.186212 0.379925 1.079648 0.765901 -0.793268 0.114764 0.167443 0.032764 0.204033
0.039728 -0.238731 -0.824836 0.394961 -0.967210 -0.307088 -0.137619 -0.261556 0.719114 -0.422507 -1.013768 -0.870980 -0.422050 0.178496 0.172660
0.096753 0.443235 -0.224631 0.194872 -0.055230 1.261087 0.509788 -0.121316 -0.324669 -0.230701 -0.928578 0.528233 -0.020073 -0.520768 -0.422289
-0.293223 -0.945453 1.215509 0.169480 0.014979 1.975166 0.825268 -1.514104 -0.467828 -0.207105 -0.753923 -0.384949 1.303650 0.287412 0.685841
-0.046519 1.369439 0.564779 -0.863345 0.429781 0.229981 1.910939 0.342534 0.415381 0.440901 0.042389 -0.193482 -0.229313 0.686692 0.085680
-0.194631 0.608428 0.413999 -1.159514 0.302336 -0.386268 -0.158411 -0.591463 0.193042 -0.370151 0.431248 0.809396 1.046396 0.075168 -0.461353
-1.395535 0.945010 -1.030170 -0.868322 0.005919 0.705035 0.105576 2.238444 0.153008 -0.066958 -0.203467 -0.221140 1.011016 0.728468 -0.431717
-0.324744 0.415225 0.000124 -0.705704 -0.258156 0.159006 0.710432 2.578391 -0.964043 -0.353428 -1.201360 0.337419 0.087117 0.710038 -0.050199
0.016160 -1.077738 0.695153 0.247796 -0.615208 0.763720 0.264402 0.388026 0.307133 0.809140 -0.319748 0.375048 -0.074144 -0.418586 -0.113214
0.000496 0.140580 -0.741210 1.003274 -0.489902 0.015489 -0.951417 0.593982 0.427980 -0.400787 0.186165 0.430101 0.221859 1.041027 0.703286
-0.143820 -0.294642 -0.104245 -0.106828 -0.155163 1.037213 0.555822 -0.509577 -0.118882 0.278059 0.139642 -0.211537 0.455510 0.703302 -0.180697
1.759184 -0.449760 0.697347 0.037963 0.326972 1.182913 0.407476 0.020374 -0.580625 0.527683 -1.426156 0.165039 -1.035130 -0.779508 0.096159
0.103757 -1.592427 -1.075679 0.249219 -0.533522 -0.639075 1.039767 -0.280860 0.515956 -0.480494 -0.318499 0.069347 0.096315 -0.051354 -0.026136
-0.336616 -0.316953 -0.444144 -1.062114 -0.020279 -0.893238 0.011883 -0.603792 0.194656 -0.141134 -0.933092 0.989296 0.610526 -1.031013 -0.680058
-0.264439 0.349642 -0.264557 -1.024996 0.228641 0.672306 -0.226491 -0.114863 0.342974 -0.344634 -1.287101 0.666925 0.856725 -0.132137 -1.020197
0.696012 -0.482237 -0.006160 0.808767 -0.309505 0.374416 0.844386 -0.118851 0.320604 -0.203892 0.539179 0.798125 1.023717 0.584418 0.949398
-0.547008 1.033744 0.450029 -0.926391 0.883250 0.683892 0.236895 -0.385076 0.094278 -0.252892 -0.458969 -0.959447 -0.417875 -0.023296 0.284333
-0.791426 1.232191 1.001468 -1.670149 0.376362 -0.329174 0.874746 -0.211872 0.059827 0.194854 -0.869294 -0.572588 -1.081606 0.652030 0.771785
0.154330 -0.688501 0.358329 0.344395 0.661664 0.617940 1.223987 0.806707 -0.502678 0.604903 -1.327504 0.300144 0.224621 -0.813113 -0.387442
-0.749606 -0.927432 -0.572795 0.441714 0.865020 0.575074 0.784374 1.632395 -0.910210 0.210679 -1.148574 -0.509073 0.141855 -0.105541 0.925795
0.390608 -0.765382 -0.310620 0.924534 -0.383235 -0.236584 0.327458 0.090164 0.353300 -0.794105 0.152704 0.277155 -0.984093 -0.697870 1.015393
-0.490376 0.883973 0.368969 0.145184 -0.142951 -0.751680 -0.499565 -0.910427 0.947847 0.551755 -0.134982 0.607455 -0.018779 0.565713 0.989538
0.010155 0.389995 0.784373 0.341270 -0.665261 -0.423458 0.238277 -0.506884 -0.121474 0.614118 0.949689 1.237031 -0.705028 -0.919825 0.060195
0.016672 -0.622375 -0.260338 -1.063758 -0.161028 0.046090 0.602565 -0.755643 -0.873601 0.088724 -0.212077 -0.251143 -0.047096 0.324433 -0.074629
-0.196795 -0.612906 0.697762 0.801679 0.411841 -0.256858 -0.665746 -0.281034 0.498790 0.485875 0.681443 -0.378911 -0.628802 -0.388990 0.258048
-0.266080 0.228650 -0.889639 -1.209838 -0.258682 -1.162161 -0.303772 -0.836991 0.486534 -0.314556 -0.023807 0.270638 -0.659403 -0.753077 -0.112018
0.263485 0.810315 -0.453354 -1.014732 0.984194 0.172744 0.472642 -1.221533 -0.097794 0.366515 0.479875 0.402287 1.567149 -0.834464 1.013007
0.617996 -0.249433 1.076474 -0.721036 0.447833 -0.560833 -0.203234 -0.225770 -1.077749 -0.448541 0.021116 -1.059489 0.384270 -0.273595 -0.507432
-0.672641 -0.132442 0.239686 -0.445860 -0.624834 0.193238 -1.608529 0.290177 -1.744408 -0.146182 -0.285914 -0.286046 0.171942 1.124858 0.466605
0.359818 0.477972 1.779577 0.051845 -0.010250 -0.132102 0.352353 -0.078210 -1.646151 -0.803155 -1.171247 -0.323437 -0.490605 -0.003248 0.481692
-0.164034 -0.847882 0.955894 0.081619 0.163418 -0.991910 1.648538 -0.330705 -2.023353 -0.066577 -0.467278 0.296829 -0.182442 -0.791284 -0.331890
0.616423 0.350358 -0.072243 0.532363 0.902416 0.749356 0.493493 -0.343419 -0.715800 1.072411 -1.274956 0.790493 -0.098957 1.032243 -0.392980
-0.355971 0.829313 -0.919196 0.080255 0.772018 -0.848160 0.540884 0.172228 0.157463 -0.247948 0.361280 0.406040 0.252317 0.159099 0.407132
0.104520 0.762410 -0.816327 0.775581 -0.018664 0.879926 -0.625769 0.132040 0.644762 0.872028 0.512666 0.378957 -0.343813 0.653623 -0.383345
0.424603 0.473566 -0.149337 -0.556004 0.774167 -0.838346 -0.917598 -0.655421 -0.150890 0.792707 -0.644639 0.552945 -0.254703 -0.856609 -0.152173
1.065819 -0.103553 0.089083 0.768370 0.223144 0.181649 -0.463853 -0.648842 0.689412 -0.046544 -0.228895 -0.994770 -0.476784 -1.059459 0.061870
0.079348 0.389179 0.124347 -0.010385 0.249271 0.516392 0.100599 -0.113787 -0.950013 -0.768187 -0.242363 0.180415 -0.541561 -0.638942 -0.571134
0.088239 0.650360 -0.217943 0.716809 0.583011 -0.121144 -0.580065 -0.119633 -0.268742 -0.934866 0.182226 0.765866 0.056675 -0.123839 0.242455
0.804155 0.601115 0.023533 0.092655 0.112272 -1.106929 -1.086336 0.228212 -0.271063 0.304696 0.592637 1.350549 -0.000691 -0.310278 -0.159339
2.712090 -0.159233 0.004674 -0.804084 1.227561 -0.174218 1.214514 0.860629 -0.397731 -0.524981 -0.055961 0.708106 0.582258 0.966572 -0.101385
0.445839 -0.315293 -0.194439 0.367472 0.223666 -1.556812 -2.400600 0.974727 -0.602914 -0.681793 -1.321071 0.356441 0.378232 1.127831 0.293096
-0.474925 0.032833 0.684011 0.795839 0.220928 -0.793269 -0.540102 0.652597 0.034062 -1.336489 -0.854981 -0.000182 0.981614 0.537360 -0.611353
-0.751857 0.036336 1.285563 0.110827 -0.478686 0.166029 0.045727 0.386711 -0.410058 0.124283 -1.166894 0.665231 -0.741083 0.436660 -0.387090
-0.621948 -0.061550 -0.524588 0.851020 0.616499 0.504745 -0.180995 -0.006100 -0.673561 -0.225965 -0.736604 1.018701 -0.149252 -0.285529 -0.058560
-0.435233 -0.064904 0.122960 -0.393044 0.070428 -0.257273 -0.409790 -0.457234 -0.617403 -0.668429 0.023608 -0.220691 -0.390543 -1.015781 -0.202014
0.203314 -0.620658 0.788585 -0.826145 -0.809281 -0.729206 -0.945093 0.186299 -0.522793 0.324000 0.737626 0.867982 -0.740340 0.422360 0.623288
0.033866 0.490502 0.455335 -0.488501 1.184013 0.598490 -0.782469 0.684796 0.771772 -0.344818 0.715913 -0.539522 -0.783555 -0.733116 1.116737
-0.842444 1.641086 -0.056950 0.163595 1.133315 -0.462935 -0.135406 -0.198701 0.463854 -0.996436 0.041141 -0.461292 -0.440227 -1.460706 -0.205187
-0.857251 1.953034 0.533357 0.188515 0.009432 0.085906 -0.120408 -0.050149 -0.177707 -0.662781 -0.318222 0.684779 -0.933343 -0.506611 0.767196
-0.709707 1.604887 -0.214431 0.726903 -0.468645 -0.122959 -0.335319 -0.182408 0.017688 -0.619605 -0.217801 -0.881361 -1.062616 -0.428806 -0.567293
0.733083 0.236278 -0.587430 0.775934 -0.317536 -0.181355 1.123576 0.209468 -0.009733 1.239870 0.419795 -1.051409 0.163960 0.152466 -0.227085
0.527245 -0.167480 0.951972 1.763371 -0.012073 -0.022978 0.800265 -0.071494 0.903722 1.363650 -0.310660 -0.641970 -0.719653 -0.450900 0.463592
-0.395680 -0.171807 0.077572 1.337491 -0.429497 0.273036 0.275357 -0.369890 1.030749 0.181827 -0.296719 0.519908 0.885293 -0.454422 -0.156304
-0.734329 -0.280971 0.039048 0.872485 -0.010031 -0.602054 -0.663619 -0.873810 -0.605651 -1.281765 -0.541024 0.897698 1.316152 -0.652909 0.619751
0.426518 0.143712 -0.101445 0.516536 -0.596104 0.426592 -0.260188 -0.370945 0.185678 -0.651554 0.539029 -0.568605 0.983634 -0.690176 -0.411964
0.882795 -0.975858 -0.753267 -0.651299 -0.549963 0.066764 0.333988 -0.602458 0.182817 -0.414459 -0.176631 0.571067 0.453185 -1.390797 0.977013
1.151597 0.334127 -0.668426 -0.071069 0.522136 -0.701764 -0.751369 0.730930 -0.001059 -0.091514 0.674156 0.971598 0.492698 0.071860 -0.060579
-0.494626 0.753116 0.674305 -0.415440 0.092304 0.508368 -0.585201 -0.133936 0.517604 -0.175643 0.136536 0.224999 -0.950390 0.422680 0.892106
0.806465 0.663555 0.985562 -0.139707 -0.492179 -0.087895 -0.452136 0.777409 0.460644 0.230661 0.671361 0.376603 -0.308717 -0.735438 -0.634355
0.318034 0.556385 0.217583 0.321449 -0.267871 0.269650 -0.615742 0.397732 0.251871 -0.659557 0.441916 0.003008 -0.095146 -0.587484 0.664257
-0.249440 1.561333 0.579917 0.187745 -0.871143 0.228874 -0.150251 -0.410881 -0.414613 -0.817716 0.090146 0.350995 -1.375341 -0.288459 -0.231980
-0.221358 -0.099959 -0.052650 0.187457 0.682531 0.479947 0.188168 0.014290 -0.891569 0.115389 0.092258 0.737057 -0.861481 0.002933 0.528795
-0.770444 -0.577746 -0.176754 0.591539 -1.351456 0.127112 -0.408626 0.893726 0.126326 1.161791 0.053416 0.976430 -0.163571 -0.702152 0.367079
1.188676 -0.198247 0.363394 0.381178 -0.210553 0.356474 -0.060848 0.132837 0.789879 1.579928 0.316375 0.124433 0.310817 -0.547433 0.895425
0.836165 0.066526 0.886635 1.423734 0.264782 -0.234321 0.926177 -1.051412 0.499536 0.827708 -0.024780 0.938561 0.297412 0.253275 0.576814
-0.057749 0.303864 0.644740 1.132635 -0.089661 -0.108092 1.537245 -1.079487 0.417976 -0.472035 -1.274178 -0.389607 0.438321 -0.171837 0.280981
-0.016255 0.108273 -1.147283 0.818689 -0.352482 -0.825422 -0.709331 -0.796168 0.046840 -1.482243 -0.930350 -1.026872 2.409760 -0.759378 0.704132
0.286513 -0.149412 0.102268 -0.089453 0.127718 -0.724136 -0.448901 -0.574428 1.209575 -0.169244 -1.018713 -0.915304 0.605140 -0.609239 0.125943
-0.169173 0.988056 -0.687713 -0.129440 0.663325 -0.828121 -0.517934 0.631236 0.486607 -1.109971 0.373381 0.630325 -0.302853 -0.766838 -0.605538
-0.979820 -0.355509 0.261687 -0.765794 -0.773405 -0.876569 -0.056017 -0.482655 1.222724 -0.345721 0.693312 0.968681 -0.957304 0.934082 0.768026

Bias v0 (Oculta):
0.372126
-0.342889
0.021777
0.064466
-0.544631
0.239350
0.221524
-0.794786
0.129517
-0.339199
0.796170
-0.206806
0.219276
0.310223
0.977226

Pesos w (Oculta -> Saﻥda):
-1.185703 3.346707 -1.497364 2.525484 -1.348898 -2.309610 -2.380246 3.163211 -0.350236 -0.406646 -1.796495 -1.337462 -1.632427 2.167623 -1.190710 4.037403 -2.344878 1.510046 -1.309365 -0.651409 1.311324 -2.723343 1.284764 -0.346991 -1.251060 -0.762313
-1.426736 -2.711854 1.743727 -1.001533 -2.598969 -1.376582 1.933964 -2.433853 2.898630 -1.741125 1.771622 -1.172545 0.993360 2.024895 1.760898 -1.370455 1.734818 -1.804380 -1.792733 2.627191 0.525969 -1.781215 0.163979 -1.511617 1.338332 -3.215882
-4.174234 -1.672116 2.544984 0.702594 0.711830 1.119835 -1.182296 0.459618 -3.197980 -4.058229 -0.023361 0.098037 1.697004 -0.565953 0.874261 1.138164 0.347488 1.361023 -4.316046 -2.655857 0.506189 1.226906 -2.962930 0.126341 2.098512 -1.333380
1.893484 -0.776319 -2.036702 -2.027305 -1.711623 3.102242 -1.214165 1.347029 -2.653093 -0.345825 -2.451766 -2.008037 2.251187 -1.470754 -1.458522 2.164441 -0.557347 1.437312 -2.290215 2.688358 -1.781450 2.588330 0.114799 -1.166770 -1.502038 -2.162723
1.293993 -0.351059 -1.542679 -0.620167 0.563698 -1.423211 -0.884994 0.939385 -0.705082 0.345989 -0.898946 -0.210912 -3.932970 0.526143 -0.237657 -0.533007 0.394058 -1.442931 0.718702 -0.207512 -0.553060 0.420906 -3.724611 -1.001039 -0.250998 0.450964
1.941347 1.217437 2.311096 1.999828 -2.171951 -3.066955 1.080340 -0.464396 -0.640246 1.521466 1.730090 -2.827346 -0.331966 -2.478224 -1.660782 -0.519382 2.348105 1.768088 -3.861380 0.279723 0.924691 1.402012 -1.894442 -1.375208 -2.936369 2.485775
1.164383 -1.337966 0.450192 -0.708483 -2.328106 -0.054506 -1.526819 -2.951235 -1.956375 2.583967 0.248144 3.510040 -0.236605 1.562744 -1.794921 1.076753 -1.644610 1.611360 0.751140 -1.206822 -0.465012 2.124776 -0.263773 2.103545 -1.558107 -2.297786
0.435728 2.692346 1.131361 -3.504585 1.242603 2.435104 1.586210 -3.303178 0.261146 -1.992108 2.143177 1.133749 -2.023341 -2.803147 -4.033470 -1.169968 -1.935466 1.322807 0.070991 1.674761 -1.645672 -2.774021 0.073601 0.663734 -2.012603 1.715061
-2.364462 0.263419 -3.038912 -0.497076 -4.331926 0.407011 -0.258524 -1.847570 0.364121 -0.584185 -1.350974 0.001908 -0.072934 -0.951203 -1.384393 -2.408674 -0.941948 -0.844749 0.777374 -0.448659 -0.954543 -1.380177 -0.533083 0.134689 0.312541 0.408498
2.915931 -2.506103 -1.456417 -1.029450 -0.586692 -1.039438 -1.469974 0.807689 -0.503077 -1.291313 3.227408 -3.405418 -0.647322 2.666234 -0.868960 -1.216770 -0.470991 2.077568 -1.721318 -0.734393 -1.300562 -1.916731 1.837134 4.089493 -1.333531 -0.702088
1.045263 1.601409 -2.563143 0.743152 0.979322 -1.310946 2.804091 0.374404 -3.811527 -2.436174 2.191972 -0.015626 0.918714 1.062827 0.990346 -1.812168 2.027481 1.581226 2.460883 -2.736358 -0.204776 -1.488846 0.132010 -4.495114 -3.873051 -2.910220
-2.143177 -3.205596 -1.171171 -3.397012 0.530824 -0.270992 -1.163871 -0.319319 -0.600573 -0.555675 -2.295042 -1.619956 -0.588710 -1.304899 1.362849 -0.465788 -1.222558 -1.451808 -0.922218 -1.131746 -0.344399 -1.574318 -1.179064 -0.821755 -0.062630 -0.384781
0.131249 -0.745676 0.920639 2.380276 -1.004420 2.156052 0.834887 -2.758955 3.014627 1.605256 -2.884370 -0.430343 -2.058091 -1.958031 3.694068 1.879450 -3.030024 -1.992240 0.679915 -3.182945 -2.098356 -1.854872 1.409133 -2.198004 -2.646980 -1.793916
0.752944 -1.377784 -0.175048 -0.184572 -0.329811 -1.615090 1.151112 1.898455 -0.909858 -1.171642 0.895406 2.817694 2.041635 -1.581372 -1.068798 -1.317821 -2.763864 -2.824178 -1.679185 -1.203487 1.298208 -2.009047 -0.161717 -0.215234 -1.667486 1.936946
-2.217047 -0.685879 -1.889229 -2.062964 -0.075298 -2.089820 -2.988180 -0.947995 -0.988535 -0.433661 -1.782197 -1.724328 -1.340314 -1.041770 -1.886010 -2.358325 -0.908806 -1.714392 -0.578919 -0.507224 -0.722108 -1.075030 0.369945 -1.056658 0.079367 -2.005564

Bias w0 (Saﻥda):
-1.334981
-1.696944
-0.608312
-0.294688
0.113816
-2.281096
-1.785484
-2.672397
-1.489903
-0.432358
-2.872090
-1.426866
-1.263086
-2.123549
-2.367661
-1.059169
-1.611864
-3.591981
-0.460699
-1.442456
-0.585708
-0.492224
0.004190
-0.347769
0.108984
-0.755713
