Pesos v (Entrada -> Oculta):
0.393211 0.446169 -0.771984 0.879336 0.649818 0.125982 0.168816 0.510088 0.717008 -0.140416 0.869901 -0.524889 0.611269 0.113654 0.321495 -0.804911 -0.712534 0.576004 0.000503 0.669526 0.482444 -0.873263 0.774282 0.923895 -0.834938 -0.695802 0.904883 -0.385648 -0.880023 -0.156074 0.236982 -0.169606 0.639527 0.968382 -0.113134 0.609794 -0.784095 0.345624 0.861968 0.925844 -0.415376 -0.114201 -0.741731 0.326676 -0.687093 0.489451 0.327213 0.709183 0.476213 0.920334
0.627404 0.040024 -0.102061 0.087963 -0.362515 0.469915 0.368822 -0.072372 -0.283869 -0.879897 0.900285 0.356027 0.688629 0.360787 0.734098 -0.474888 -0.981794 -0.950279 -0.755888 0.622615 -0.682418 0.043439 -0.852100 -0.029021 -0.477002 -0.185965 -0.808471 0.572005 0.705627 0.764585 -0.482989 0.056590 0.358362 -0.531173 -0.606354 0.891414 -0.657734 0.525100 0.458714 -0.625636 -0.167706 0.839357 0.401195 0.980704 -0.664551 0.716838 0.559955 0.368379 0.030186 -0.519632
0.525886 -0.380882 -0.937055 -0.721624 -0.936685 -0.900826 -0.376550 -0.692090 0.471408 0.829083 -0.816772 -0.369991 0.338392 -0.279051 -0.864104 -0.975425 -0.836166 0.972226 -0.390521 0.039830 -0.862316 -0.442754 0.707037 0.630482 0.999903 -0.040128 0.424450 -0.239169 -0.160352 0.590337 -0.968507 0.312814 0.048773 -0.836014 0.554488 0.952645 -0.244740 0.010501 -0.886406 0.514846 0.845038 -0.010818 0.624065 0.408543 -0.704683 -0.775753 -0.122630 0.883589 -0.978235 -0.570102
-0.416839 -0.443396 0.658461 -0.082308 0.694896 0.133595 0.006559 0.562906 0.559958 0.739687 -0.542823 0.229363 0.185862 -0.707907 -0.871247 -0.015256 -0.226609 0.978784 -0.771802 -0.185264 -0.136570 -0.652111 0.481022 0.934565 -0.882028 0.086766 -0.621226 0.304258 -0.388792 -0.429992 -0.008017 -0.154567 0.365346 0.445274 -0.259390 0.485118 -0.630548 -0.336483 -0.088553 0.403892 -0.247564 -0.553394 -0.212800 -0.402338 0.106440 0.877138 0.994669 0.670528 -0.022619 -0.333747
0.828269 -0.720529 0.494896 -0.230031 -0.682511 -0.464064 0.669127 0.638308 -0.145454 0.787167 -0.898230 -0.005450 0.867603 0.914330 -0.174385 -0.981317 -0.349810 0.146717 -0.015923 -0.715245 0.076883 -0.395497 0.530047 0.596626 0.154209 0.815121 0.675131 0.535627 -0.374504 -0.763803 -0.406276 -0.039454 -0.514605 0.510124 -0.776430 -0.666875 0.418288 0.981579 -0.742122 0.244273 -0.288517 -0.943745 -0.640967 -0.457142 0.750815 -0.697237 0.964281 0.077470 0.806018 -0.474954
-0.063338 -0.819535 0.318477 0.134714 0.781542 0.267860 0.384570 -0.484333 -0.205406 -0.017822 -0.172445 -0.281963 -0.685932 -0.343607 0.543352 0.868825 0.176282 -0.270017 -0.135169 0.566956 -0.011761 0.149890 0.425032 0.236566 0.964967 -0.435440 -0.712504 0.482521 -0.209281 -0.168679 -0.381817 -0.053467 -0.091400 0.575323 -0.876995 -0.926914 -0.335755 0.719679 -0.616574 -0.056843 0.459191 0.364821 -0.517995 -0.352273 0.893401 0.883706 -0.613578 0.684553 0.457702 0.304610
-0.594428 0.093926 -0.121722 0.841885 0.273892 -0.094475 -0.359274 0.690880 0.417526 0.584388 0.979641 0.999989 -0.486210 -0.956593 0.659361 0.265336 0.082424 -0.770388 0.564438 0.530688 -0.589142 0.133714 -0.488239 0.159587 0.138224 -0.174366 -0.202407 0.766123 -0.212443 0.757525 -0.759796 -0.464126 0.839652 -0.702263 -0.494971 -0.903743 -0.717673 0.836143 0.211544 0.419307 0.722159 -0.517118 0.789041 -0.373032 -0.533671 0.472272 -0.789565 0.756371 -0.030145 -0.237252
0.123769 0.557603 -0.888488 -0.495813 -0.104921 -0.723176 -0.273684 0.575665 -0.661377 0.217121 -0.418143 -0.487565 0.606414 0.418176 -0.429728 -0.761551 -0.235385 -0.364128 -0.269034 0.471040 -0.213413 0.767440 0.653008 0.263780 0.392701 -0.185489 0.536454 0.824489 -0.030861 -0.724195 0.716044 0.841474 0.934658 -0.134351 -0.550772 -0.447578 -0.652323 0.196343 -0.098043 0.168516 0.635668 0.243071 -0.343393 -0.195072 0.558441 0.988509 -0.404379 0.008738 0.826801 0.455255
0.485269 0.538922 -0.302941 -0.334791 -0.579851 -0.450038 -0.614711 0.738057 -0.178418 0.464719 -0.358927 -0.073085 0.594522 0.055168 -0.499970 0.197629 -0.681600 0.116750 0.974955 0.764572 -0.938711 0.003645 0.823362 0.959655 0.743396 -0.978706 0.329489 -0.085971 0.436851 -0.899298 0.365435 -0.647168 -0.771256 0.473590 0.860758 -0.427003 -0.511021 -0.567453 0.898897 -0.452431 0.721746 -0.884979 0.910220 0.672223 0.994126 0.414475 0.218802 -0.664086 -0.642089 -0.247290
-0.469525 -0.028193 0.678557 0.325764 0.989657 -0.329460 0.019145 0.369498 0.630594 0.796331 0.479634 0.891903 0.686488 -0.996299 -0.394772 -0.245158 -0.033306 0.681069 -0.150647 -0.370718 -0.389764 0.519666 0.816020 -0.491218 0.998985 0.268567 0.747135 0.825564 0.377147 0.742545 -0.859592 0.403664 -0.454216 0.032457 0.799834 -0.260649 0.379755 -0.937621 0.946903 0.890978 -0.145084 -0.811939 0.968164 0.735440 -0.009691 -0.163478 -0.567650 -0.012689 -0.280923 0.224741
0.559626 -0.395000 0.573257 -0.216122 0.074991 0.030364 0.245286 -0.434457 0.051750 -0.396512 0.236978 0.424321 -0.073977 -0.641908 -0.217649 0.585256 0.810973 0.801737 -0.118669 -0.351422 -0.316837 0.605579 0.566448 0.899960 0.473907 -0.262749 0.059480 0.352792 -0.589091 0.311318 -0.506350 0.747368 -0.100231 0.103072 -0.763041 -0.528761 -0.680461 0.057734 0.649641 -0.173387 -0.880981 -0.673701 0.318358 -0.940425 -0.692622 -0.926187 0.800777 -0.779871 -0.507704 -0.681040
0.721024 -0.680092 -0.422073 0.076480 -0.960933 0.010822 0.023160 0.787315 -0.191908 0.031378 -0.244514 0.855742 -0.813189 -0.182200 -0.244080 -0.996677 0.741144 0.662441 -0.293637 -0.765833 -0.938959 0.758503 -0.002558 0.555977 0.223699 -0.941662 0.840502 0.759019 0.682274 -0.950363 -0.924379 0.048900 -0.514754 0.450215 0.692990 -0.954845 0.348312 0.167706 0.362568 0.547469 0.294894 0.668464 0.399467 -0.834849 -0.657059 0.858791 0.780211 -0.846612 0.098759 0.120083
0.062463 -0.941805 -0.508881 0.755975 -0.025398 -0.963422 -0.279895 -0.490691 -0.431784 -0.962574 -0.948521 -0.771243 0.172369 -0.731120 -0.053556 0.374029 -0.077434 -0.621439 0.700797 -0.091575 -0.921914 0.652518 -0.523341 -0.130619 0.578774 0.442330 0.058908 0.422136 -0.448660 -0.203009 0.510982 0.642631 0.637663 -0.414154 -0.539900 0.126766 -0.375121 -0.829197 0.442289 -0.204382 -0.797118 0.863262 0.396209 -0.028399 -0.837558 0.078840 0.073773 0.462077 0.856317 -0.765792
0.086485 0.091014 -0.879132 -0.275191 -0.442117 -0.599125 0.041110 -0.704993 -0.628540 -0.293621 0.235628 -0.135952 -0.763637 0.723330 -0.264663 -0.551489 0.952954 -0.906271 -0.170762 -0.327516 -0.449189 0.278317 -0.062060 -0.568597 -0.547165 0.627658 0.642393 0.861282 0.718507 -0.588677 0.246569 -0.225886 -0.484592 0.046103 -0.850296 0.055208 -0.427352 0.510682 0.956973 -0.104598 -0.805639 0.127989 -0.860487 0.127450 0.047260 -0.777579 0.734662 0.748014 -0.677580 -0.872904
-0.599655 0.852464 0.519442 -0.881650 0.132347 0.109829 -0.186677 0.699083 0.734853 0.329683 -0.193902 0.564551 -0.160530 0.083885 0.167120 0.839084 -0.585164 0.104163 -0.195972 -0.080161 -0.792310 0.837985 -0.418608 0.280946 -0.512430 0.962934 0.998732 -0.815070 0.782261 -0.545644 0.900819 -0.197367 -0.753631 0.475586 0.993617 -0.065054 0.184666 0.395883 0.261640 0.114120 0.517112 -0.914525 -0.083395 -0.737283 -0.174637 -0.818912 0.402682 0.515004 0.810695 -0.528461
-0.250101 -0.220567 0.113268 0.307159 -0.890641 0.140223 0.684480 -0.483729 0.040336 0.770098 -0.053946 -0.471382 0.998626 0.107348 -0.383488 0.106411 -0.869105 0.833301 -0.659784 0.573643 -0.436381 -0.518113 -0.957181 0.629649 -0.184492 0.149099 -0.662795 -0.819405 -0.196226 -0.899554 -0.389171 -0.002409 0.176862 -0.560716 0.845394 -0.146789 -0.715842 0.740396 0.662498 0.302309 -0.851187 0.230312 -0.794496 0.222945 0.818556 -0.143895 0.414671 -0.630475 -0.999344 -0.335714
0.877930 0.459234 -0.201344 -0.345209 0.029215 -0.683597 0.633289 0.675638 0.061074 -0.599059 0.700398 0.798408 -0.132583 0.310410 0.436676 -0.763964 0.264403 0.014534 -0.138838 -0.531990 -0.008956 0.377975 -0.552414 0.823199 0.668806 -0.559870 0.694624 0.994694 -0.131423 -0.400848 -0.654473 -0.775978 0.242251 0.811314 0.370093 0.381830 0.289926 0.545951 0.508577 0.108862 0.516891 0.028364 -0.686890 0.934540 0.730722 0.013742 0.715339 -0.279773 -0.706316 0.540725
0.505388 -0.130174 -0.210624 0.608903 -0.591936 0.438970 -0.883029 -0.474356 0.878772 0.862920 -0.558126 -0.990150 -0.391232 0.186937 -0.859725 -0.656976 0.574255 -0.548585 -0.937498 -0.431872 0.633178 -0.578277 0.484193 -0.096841 -0.409778 -0.104498 0.873722 -0.263537 0.602074 -0.436191 0.075353 0.294755 0.309204 -0.134286 -0.535571 -0.887719 -0.128770 0.177273 -0.655960 -0.403003 0.232944 0.215203 -0.044545 -0.242455 0.723171 -0.114832 0.539763 0.168610 0.063928 -0.759155
-0.261041 -0.964856 0.098272 0.636408 -0.902321 -0.597916 0.705697 0.748533 -0.129820 0.401998 -0.170142 -0.767155 0.898569 -0.093325 0.221630 -0.763651 -0.192436 0.919330 0.685391 0.667358 0.055391 0.585423 -0.173627 0.387117 -0.329981 0.875294 0.137549 0.176766 0.563721 -0.009417 0.618433 0.829828 -0.609824 -0.804396 0.199515 -0.760272 0.895715 0.239118 -0.381916 -0.365778 -0.593493 0.521909 -0.825208 0.794219 -0.897622 -0.994135 0.852766 0.219252 0.270961 -0.999673
0.246019 -0.581618 0.829081 -0.345336 -0.097344 -0.215074 0.828084 -0.422989 0.816415 -0.020749 0.689139 -0.138282 -0.424577 0.179087 0.764291 -0.414268 -0.211721 -0.623911 0.569706 0.100055 0.873274 0.716603 -0.163083 0.322865 0.632188 -0.781573 0.802995 -0.192770 0.433378 -0.381309 0.185124 -0.963886 0.730664 0.366382 -0.017505 0.804742 0.642661 0.492035 0.553057 -0.877794 0.230128 -0.618446 -0.228925 0.943396 -0.944260 0.625967 -0.223234 -0.182871 0.948857 -0.479607
0.272589 -0.553894 -0.486940 -0.442646 -0.590570 0.289844 0.275044 -0.271838 -0.180916 -0.589883 0.640768 -0.197561 0.514093 -0.471176 -0.581464 0.319850 -0.486908 -0.706736 0.481927 -0.142573 0.434224 0.899887 -0.759692 0.787182 0.672811 0.708231 0.249964 0.418966 0.845008 0.411588 -0.482678 -0.743034 -0.984456 -0.484214 0.645809 -0.977898 -0.943657 -0.928384 -0.936502 -0.876110 0.037000 -0.247236 -0.390285 -0.136457 0.749364 -0.416874 0.853417 -0.481202 -0.304904 0.353124
0.664786 0.695010 0.036381 -0.366777 -0.223693 0.629400 0.133576 0.526973 0.888524 -0.875127 0.074839 0.740683 -0.152259 -0.189568 -0.833895 -0.075855 -0.162984 0.287644 -0.278232 -0.676032 0.463547 -0.907443 0.687361 0.929766 -0.561108 0.446737 -0.152362 -0.580707 -0.346413 -0.830999 0.178351 -0.656839 0.574675 -0.286727 0.406993 -0.470922 -0.757099 0.812734 0.527329 -0.374840 -0.120865 -0.403719 -0.085345 0.396139 -0.967792 0.814031 0.005104 -0.287600 -0.619795 0.097238
0.867005 -0.551203 0.688515 -0.002352 -0.748757 -0.649684 0.613746 0.543064 0.278832 0.275629 -0.699342 0.503635 0.621421 0.771513 -0.631728 0.905707 -0.596052 -0.257724 0.584557 -0.547065 -0.855051 0.070990 -0.235111 0.058451 -0.901198 0.173801 -0.707326 0.171078 0.895204 -0.331925 -0.713354 -0.023932 0.551369 0.511163 -0.117741 0.477480 0.802834 0.583244 0.211396 0.210960 0.783961 -0.799569 -0.578405 0.996549 -0.114188 -0.977852 0.039774 0.101165 -0.779006 -0.679624
-0.933520 0.273297 0.382642 -0.988872 -0.526709 0.116934 -0.363632 -0.330382 -0.691792 -0.975413 0.654947 -0.910008 0.497904 0.993745 0.754696 0.718229 0.773570 0.127519 0.450836 -0.068256 0.531630 0.430272 -0.110531 0.556254 0.166589 0.994986 -0.582818 0.609979 -0.729431 0.202748 -0.433154 0.063910 0.870135 -0.476931 0.696330 -0.958452 0.248485 -0.859639 -0.975915 -0.956196 -0.629943 0.800722 0.711493 -0.896765 -0.553687 0.497992 -0.351756 -0.197385 -0.282464 0.213725
-0.369387 -0.264783 0.155723 0.118781 -0.139295 -0.702143 -0.269295 0.943574 0.821767 0.861165 -0.121117 -0.835906 -0.259942 0.392407 -0.098529 0.202444 -0.006383 -0.728518 -0.031304 0.063182 0.302665 0.407625 -0.481836 -0.072765 0.637205 0.940499 -0.832939 -0.875543 -0.648589 -0.074794 0.922421 -0.276767 0.176363 0.339075 0.388847 0.640878 0.393834 -0.300627 -0.559989 0.844105 -0.295384 -0.413975 0.379701 -0.838845 -0.544250 0.129227 0.456749 -0.545669 -0.244502 -0.829460
-0.901125 0.067473 -0.808613 0.398552 -0.117974 -0.097711 -0.554802 0.221477 -0.887836 0.462371 0.139046 -0.817494 0.845525 0.323322 -0.370614 0.094366 0.565717 -0.984836 0.115483 0.728817 0.463393 -0.454615 0.226765 0.039528 -0.586626 -0.229118 0.713557 -0.813624 -0.974869 0.538129 -0.443510 0.832009 -0.813630 0.652088 0.797311 0.469107 0.802008 0.430967 -0.200143 -0.682789 0.774316 -0.337152 -0.300155 0.472025 0.976530 -0.182934 0.369369 -0.375664 0.722346 0.798534
-0.055185 0.873148 0.158667 0.288246 0.520501 -0.394909 0.149704 0.186084 0.837162 -0.524959 0.944349 -0.690980 0.724382 -0.246653 0.647325 -0.231541 -0.808734 0.075018 -0.645969 -0.789896 -0.419772 -0.160424 0.165478 0.313935 -0.906660 0.865858 -0.137919 -0.486854 -0.679761 0.192336 -0.760945 0.648613 0.916698 -0.260816 0.480295 0.327771 -0.162343 0.028038 0.558908 -0.777655 -0.133879 -0.500295 0.432378 0.301287 -0.700159 0.183086 -0.004811 0.182219 0.373243 0.822604
-0.406135 -0.245955 -0.455738 -0.859929 -0.033751 0.389595 -0.937541 0.594467 0.296920 0.391589 -0.430551 -0.915793 -0.112262 0.014722 -0.871469 0.530633 -0.975520 0.614928 -0.907102 0.378270 0.198314 0.685473 -0.997648 -0.326504 -0.858610 0.683205 0.298272 -0.840845 0.592264 -0.578330 -0.082001 -0.590371 -0.112656 0.141687 0.831109 0.544178 -0.331921 -0.181302 -0.449250 -0.182834 0.840993 0.946136 -0.708335 0.181778 0.779667 -0.868900 0.821216 -0.496570 -0.245432 -0.324808
-0.922507 0.768952 0.012936 0.326711 -0.928477 -0.292247 -0.458266 -0.123931 0.377937 -0.495844 -0.600773 -0.607893 0.239895 0.602862 0.776896 -0.217793 0.668936 -0.533928 -0.500991 0.928643 -0.323665 -0.141119 0.998700 -0.487181 0.361112 0.552287 -0.232356 0.351650 -0.145457 -0.980197 0.106330 -0.865286 -0.074648 -0.085149 0.375162 -0.493067 0.241242 0.910352 -0.108985 -0.130752 0.176559 0.959335 -0.188403 -0.914147 0.568095 -0.569347 -0.281041 -0.171675 -0.985689 -0.731508
-0.689629 -0.562593 -0.755472 0.210041 -0.653288 0.415221 0.498109 0.220579 0.186193 -0.772471 -0.570800 -0.963430 0.226321 -0.967560 -0.904113 -0.659991 0.972180 -0.477172 -0.731518 0.655167 0.214648 -0.605886 0.240000 0.257967 0.105239 -0.223185 0.188939 -0.977350 0.855322 -0.908503 0.214375 0.134499 -0.194826 0.340902 -0.680027 0.444231 -0.466274 -0.543074 -0.520550 0.824958 0.138069 0.733324 -0.949917 0.079424 -0.116808 0.474453 0.719344 0.456547 0.436199 0.952054
-0.233327 0.506224 -0.143855 0.875390 0.037442 0.022746 -0.242403 -0.189267 -0.387782 0.112299 0.861342 -0.881441 -0.056250 0.345344 0.382875 0.090106 0.990478 0.653279 -0.903390 0.403484 0.048707 -0.859217 -0.846635 -0.101651 0.775093 -0.831013 -0.739736 -0.175459 -0.069195 -0.281286 -0.368763 -0.003185 0.243211 -0.378555 -0.880712 0.083794 -0.583709 0.311116 -0.718307 0.100895 0.521252 0.669522 0.985590 0.662142 0.584495 -0.531982 0.001223 0.447617 -0.016126 0.473553
-0.687435 0.425033 0.335143 -0.868010 0.288646 -0.346817 0.871874 0.368080 -0.628080 0.339752 -0.274480 0.907227 0.698019 0.253494 0.689870 -0.189016 0.162006 -0.137005 0.180044 0.534207 0.413652 0.148197 -0.646535 0.636660 -0.716683 0.788199 -0.840822 0.763043 -0.520398 0.481686 -0.876110 0.981337 -0.985170 0.800740 0.017425 0.150604 -0.481899 0.208942 0.234554 0.892298 0.439789 -0.442780 0.054717 0.489358 0.283669 -0.368717 -0.671664 0.667701 0.774265 0.753548
0.098228 -0.455813 0.365647 0.352451 -0.980585 -0.589966 -0.963709 0.481739 -0.256583 -0.128637 -0.946618 -0.863617 -0.256149 -0.977138 -0.383013 -0.052786 -0.858768 0.463897 0.225207 0.866856 -0.939456 0.609475 -0.078089 0.817436 -0.927037 -0.997350 -0.624947 -0.420990 0.786079 0.122134 0.472364 0.184065 0.407860 0.221024 0.899245 0.252284 0.143893 -0.567191 -0.517840 0.761111 0.292194 0.048179 -0.353146 0.861062 0.795091 0.116926 -0.835877 0.649252 0.257330 -0.523729
0.612450 -0.062178 -0.197096 0.668141 -0.956737 0.153893 0.657693 -0.789545 0.488653 -0.095972 0.311417 -0.199835 0.695990 0.388201 -0.331248 -0.686782 -0.283542 0.172461 -0.984615 0.290852 -0.382307 -0.502021 -0.516657 -0.427324 -0.730680 0.876933 -0.206254 -0.150491 -0.912104 0.811274 -0.245491 0.332808 -0.460657 0.996377 0.919190 0.303116 -0.221179 0.452363 -0.518242 0.364330 -0.135339 0.103542 0.949783 -0.007325 0.449977 0.302612 0.854491 -0.997448 0.847527 -0.283092
-0.902138 0.489062 0.639821 -0.539954 0.080451 -0.114832 0.436888 -0.354718 -0.495439 -0.473184 -0.520716 0.791071 0.161196 -0.108384 0.706658 0.692693 -0.026895 -0.955938 0.007808 0.589819 0.820349 -0.554405 -0.103161 -0.536072 -0.176565 -0.749435 -0.250858 -0.326341 -0.761670 0.068040 -0.438341 -0.290943 0.326584 -0.394621 -0.343696 -0.203109 0.823523 -0.338433 -0.709848 -0.745020 0.362011 -0.398726 -0.605069 -0.107600 -0.205146 -0.839994 -0.128231 0.335180 -0.150775 -0.856790
0.285755 0.503999 0.314447 0.859340 -0.617180 -0.419940 0.086846 0.659857 0.298557 -0.597453 -0.712276 0.607466 -0.813315 -0.797702 0.553248 -0.939538 -0.224189 -0.845456 0.644381 -0.516277 0.564086 0.155304 0.830703 -0.316959 0.653505 -0.523739 -0.681142 -0.248619 0.574053 0.133758 0.659307 -0.614010 -0.187441 0.908503 -0.972312 -0.763641 0.878897 0.310425 -0.335631 0.104865 0.929604 -0.740140 -0.932346 -0.283900 0.406177 -0.295728 -0.278447 0.811050 0.755144 0.221807
0.637441 -0.103948 0.971324 -0.474747 -0.940979 0.911507 0.555263 0.390025 -0.679097 -0.486002 -0.116552 0.483734 0.513679 -0.514880 -0.445346 -0.199447 0.531057 0.519903 -0.599266 -0.886043 -0.041149 0.251971 0.427199 0.705098 -0.638581 -0.259725 0.708034 0.431452 0.924737 0.205410 0.902995 -0.891767 0.923116 0.480495 0.043581 -0.650146 0.269035 0.406399 -0.859614 -0.994270 0.254873 0.041873 -0.281332 -0.920249 -0.005317 -0.709778 0.029979 -0.369453 -0.051189 0.845499
-0.067538 -0.668852 0.783375 -0.437459 -0.923152 -0.829498 -0.277791 -0.979647 0.055127 0.201017 -0.679490 0.614082 -0.303540 0.842536 -0.199015 -0.935534 -0.591390 -0.337132 -0.661553 0.407084 0.064908 -0.936403 0.871046 0.547942 0.767395 -0.143232 0.437238 -0.606393 0.872929 0.413063 -0.678908 -0.855394 0.988851 -0.249918 -0.207859 -0.376317 -0.717328 -0.687728 -0.435561 0.505064 -0.975066 -0.135319 -0.048897 -0.146135 0.796598 -0.337181 -0.721693 -0.052413 0.239407 0.954099
0.600931 0.801470 0.242418 -0.835099 -0.353662 0.028126 0.801343 -0.029602 0.654076 0.312386 -0.118879 0.857909 -0.587398 -0.820037 -0.838213 -0.964144 -0.835649 0.013928 0.611883 -0.916785 0.206248 -0.227249 0.593631 0.659068 -0.023504 -0.920382 0.779619 0.112767 -0.534293 0.393604 0.108806 0.988196 -0.180513 -0.510572 0.308991 -0.082341 -0.973700 0.016844 -0.179510 0.932656 0.665256 -0.472715 0.505632 -0.278815 0.720724 -0.687755 0.737600 -0.285922 0.714390 0.728679
0.425341 -0.035432 -0.809170 -0.018435 0.859434 -0.612059 0.658398 -0.305416 -0.551164 0.698904 -0.126381 0.245763 0.578998 -0.726408 -0.812875 0.257580 -0.761563 -0.388475 -0.652586 0.028937 0.356809 -0.997617 -0.524444 0.816221 -0.038330 0.900476 -0.483649 0.031571 -0.659004 -0.132223 0.284332 -0.828350 0.127746 -0.760856 -0.000852 -0.678789 -0.819293 0.057469 0.210184 0.001189 -0.004605 -0.257778 -0.304920 -0.622975 -0.879230 0.935074 0.351579 -0.035390 -0.538402 -0.901293
-0.454659 0.223316 -0.508550 0.934167 -0.337006 -0.805642 -0.480632 -0.026087 -0.710874 0.160688 -0.225939 -0.738842 0.013971 -0.823771 -0.216497 0.327628 -0.349088 -0.374918 -0.904459 0.491801 0.690881 -0.492965 0.431298 0.237808 -0.686003 -0.389014 -0.041260 0.302592 0.865662 -0.546132 0.336711 -0.165997 -0.056657 -0.739789 -0.172743 -0.095598 0.525738 0.356009 -0.257071 0.250140 0.220109 0.264671 0.972645 -0.217131 0.568573 0.219904 0.669037 0.193783 0.250420 0.292792
0.871921 -0.058774 0.187358 -0.921656 0.517534 -0.230421 -0.731120 -0.569972 -0.233106 -0.081984 -0.220338 0.779645 -0.499514 0.173934 -0.152216 -0.119737 0.879667 0.434338 -0.079040 0.787454 -0.347742 0.117768 0.722693 -0.559969 -0.811954 0.840422 -0.922996 0.666164 0.774417 -0.464110 -0.109836 -0.465561 0.755778 0.325294 -0.615281 0.179916 -0.700179 -0.686259 0.555586 -0.579617 0.588452 -0.437749 0.328198 0.309924 0.710600 -0.204812 0.478267 -0.160717 -0.331725 0.060722
0.081983 0.329791 0.761314 -0.352631 -0.433084 -0.817833 0.318949 -0.076471 0.437438 0.043356 0.901267 0.637419 -0.440772 0.770872 -0.540856 0.534522 -0.667329 -0.376182 0.621068 -0.051172 -0.850238 0.874981 -0.848314 0.718460 -0.410976 -0.137702 0.140224 -0.225608 0.892573 0.702061 0.376208 -0.563660 0.068629 -0.749594 0.918394 0.173850 0.101555 0.633788 0.452381 -0.638808 -0.302920 0.037872 -0.811000 0.013178 -0.428809 -0.591755 -0.303115 0.748546 -0.775779 -0.569368
-0.795194 -0.795733 -0.649871 -0.738099 0.048289 -0.124765 -0.328063 -0.757558 0.635218 0.514931 0.284419 -0.502652 0.263419 0.252523 0.984912 0.401673 -0.727107 0.690297 -0.784499 -0.891465 -0.304696 0.072961 -0.652369 0.487258 0.118898 0.529956 -0.642382 0.578853 -0.846548 -0.258104 0.091630 0.477538 -0.644145 0.606226 -0.829736 0.256278 -0.892150 -0.716375 0.131546 -0.207692 -0.108820 -0.579352 0.874205 0.854447 -0.725052 0.386558 -0.882566 -0.059770 0.281216 0.603029
-0.133551 0.619328 -0.603604 -0.245547 0.995487 0.980559 0.437044 0.570282 -0.443480 0.922803 0.496745 -0.143166 -0.002491 0.670467 -0.595985 0.826582 0.383429 -0.799246 -0.416800 0.607625 -0.634785 0.212367 0.035182 -0.054326 -0.762057 0.854599 -0.201150 -0.942056 0.666595 -0.581151 -0.636085 0.407848 -0.473570 -0.499415 -0.662972 -0.080787 0.981666 -0.114368 -0.657108 -0.801228 0.683239 -0.215518 -0.904507 -0.888666 0.019825 -0.657879 0.724684 0.607549 0.864238 0.014830
-0.377211 -0.745129 0.347197 0.897166 0.722011 -0.703695 0.097375 0.332432 -0.374828 -0.200189 0.728529 -0.053748 0.046549 0.080309 0.054750 0.766026 0.468102 0.888135 0.219406 0.048849 -0.729831 -0.441295 0.418331 0.206991 -0.673869 -0.265218 0.587982 -0.228048 0.260225 0.167779 0.628428 0.233376 -0.398305 -0.432594 0.401212 0.286307 -0.241404 -0.585768 0.652283 0.702788 -0.618001 -0.257631 -0.411007 -0.504565 -0.506075 0.024170 0.869799 0.479410 -0.354715 0.896488
-0.468010 -0.825930 -0.211184 -0.352860 0.281862 0.820863 -0.610966 0.550195 -0.027260 -0.341409 0.961753 -0.783298 -0.733677 -0.289014 -0.791806 -0.191389 0.574580 0.707256 -0.474395 -0.027810 0.110999 -0.810228 0.580571 -0.725355 0.727412 0.483247 -0.409067 0.715499 -0.907106 0.546885 -0.107551 -0.953616 -0.683508 0.798417 0.016623 0.552467 0.289700 0.556467 0.119389 0.336581 0.498918 -0.492459 0.677083 0.467134 -0.940586 -0.800686 -0.615244 -0.960185 0.712380 -0.683095
0.940343 -0.384374 -0.704036 -0.518251 0.344739 0.140833 0.504066 0.745962 -0.925002 -0.799945 0.643896 0.191593 0.201399 0.505837 -0.337091 0.922143 -0.742207 -0.670737 -0.340107 -0.351871 -0.604747 0.453232 -0.070069 0.577175 -0.837687 -0.422524 -0.000168 -0.124113 -0.760301 0.544346 -0.764771 0.103900 0.250623 0.488517 0.831511 -0.783554 0.094296 0.832745 0.176344 0.219554 0.439711 0.052844 -0.691802 -0.403724 -0.166036 0.609823 0.749159 0.609318 0.580355 -0.118617
-0.140425 0.102118 0.665679 -0.967105 0.479919 -0.848995 -0.735725 0.389834 0.306769 -0.406544 0.781818 -0.721652 -0.405761 -0.512021 0.888275 0.590259 0.702733 -0.757940 0.937700 -0.637209 0.196757 -0.838637 0.747296 -0.182254 0.268477 -0.507287 0.706788 0.531989 -0.738867 0.244350 -0.979310 -0.193995 -0.792553 -0.135113 0.810101 0.783933 -0.069936 -0.862845 0.491896 0.222711 -0.370357 0.386170 -0.399016 -0.685726 0.117579 -0.802837 0.263657 0.312745 0.754542 -0.967618
-0.534571 0.436286 0.291590 0.576630 0.749852 -0.267910 -0.378038 0.590728 0.127053 -0.202492 0.003010 0.874299 -0.349140 0.133836 0.329173 -0.776271 0.180923 0.320107 -0.529821 -0.248800 -0.555296 0.788650 -0.320175 -0.497971 0.515868 0.387632 0.260169 0.842366 0.676671 -0.408513 -0.226043 -0.106447 0.665439 -0.937676 -0.833183 -0.839736 0.839189 -0.455760 -0.268980 0.887805 -0.892529 -0.576357 -0.017468 -0.499075 -0.932098 0.893551 0.424304 -0.186839 0.473953 -0.012276
-0.291948 0.921687 -0.539458 0.703743 -0.290272 0.980801 0.612068 -0.932889 -0.926191 0.713809 0.904780 0.006806 0.787447 -0.637307 -0.642274 -0.008834 0.734527 -0.198655 -0.922686 -0.877391 0.580581 0.278662 -0.012110 0.494966 -0.303709 -0.234502 -0.611280 -0.464034 -0.337666 0.209926 -0.965461 0.646985 -0.442582 0.855716 0.522329 0.816059 -0.697777 0.259924 0.625051 0.824574 0.668698 -0.448445 -0.913202 0.127863 -0.096403 -0.327849 -0.145685 -0.711175 -0.368309 -0.422661
0.529324 0.460986 -0.909171 -0.785875 -0.792960 -0.630361 0.521138 0.575072 -0.837226 -0.657054 -0.448372 0.398293 -0.366812 -0.929565 0.958048 0.469112 -0.531736 0.620038 0.443195 -0.499004 -0.524938 0.040739 0.335093 0.683861 -0.113875 -0.758540 -0.163767 0.698322 -0.382933 -0.506341 -0.572513 0.728361 -0.770805 0.866472 -0.501997 -0.844402 -0.503525 -0.835687 0.122811 -0.724773 0.540673 0.290178 -0.249566 -0.932679 0.926704 -0.762097 0.408673 0.496930 0.671007 0.222236
0.888435 -0.839857 0.519596 -0.826646 -0.344225 0.980694 0.128319 0.567477 -0.381036 0.758728 -0.293724 0.035154 -0.268621 -0.296500 0.823889 0.193611 0.790652 -0.328374 -0.332083 -0.179973 -0.644483 0.487406 0.127548 -0.613389 -0.283440 0.769696 0.913281 -0.277225 -0.173899 -0.831169 -0.941133 -0.446223 -0.447320 -0.684912 0.452293 0.736178 0.969301 -0.670194 -0.769339 0.384193 -0.582650 -0.971848 0.448084 0.892831 0.584824 0.660489 -0.969209 0.518017 0.563066 0.834650
-0.688400 -0.136014 -0.339295 -0.929383 0.113269 -0.138608 0.962819 -0.472120 0.528957 -0.789584 -0.959147 -0.476959 0.717713 -0.700824 -0.689813 0.848733 0.335642 0.495378 0.858052 -0.047498 0.712569 0.491925 0.264602 -0.750353 0.292979 0.005520 0.249012 -0.631262 0.657387 0.898556 0.533251 0.858872 -0.549629 0.057225 0.839256 -0.692875 -0.186245 -0.971861 0.813973 0.998068 -0.393281 0.158379 0.593661 0.695073 -0.326167 -0.202438 0.517443 -0.278094 -0.021753 -0.024416
0.164312 -0.665991 -0.770148 0.392281 0.168019 -0.900473 -0.426436 -0.737012 -0.219018 0.279042 0.113907 -0.221033 -0.984784 0.443561 -0.130253 0.179250 0.508376 0.002771 -0.744009 -0.459598 0.861232 0.868914 0.659938 -0.884165 -0.725829 -0.272486 0.736343 0.288863 0.125734 0.523328 0.589928 -0.971132 -0.388629 0.002702 0.341578 -0.441012 -0.238470 0.061319 0.247285 0.244529 0.604640 -0.581371 0.424422 0.113655 0.681896 -0.155046 0.541360 0.509970 -0.214051 -0.658278
-0.852677 -0.300266 0.416791 -0.614480 0.766603 0.723239 -0.150140 0.053576 0.771472 -0.093198 -0.356566 0.456835 -0.139170 -0.323982 -0.226351 -0.628011 0.987643 -0.594194 -0.816304 0.781689 -0.155092 0.598594 -0.967869 -0.315211 -0.829285 -0.633886 -0.882923 0.624783 0.639128 0.870350 -0.779873 0.418498 -0.637006 -0.799057 -0.726660 -0.096651 -0.359045 -0.036495 -0.275826 0.573720 0.386553 -0.506729 0.223811 -0.657253 0.013744 0.181459 0.292513 0.734601 0.986626 0.306053
0.983394 -0.641997 -0.950466 0.903302 -0.534447 -0.380458 0.808058 -0.962152 -0.026894 -0.133274 -0.989774 -0.675022 0.940914 0.017924 -0.103553 -0.493377 -0.039497 -0.670060 0.018399 -0.703652 0.606591 -0.486261 -0.870869 0.627613 -0.011191 0.718249 -0.714349 -0.604473 -0.286219 0.220887 -0.957049 -0.024295 -0.159635 0.956141 0.070271 0.225864 -0.435472 -0.536400 0.810920 -0.887488 0.949348 0.295219 -0.892199 -0.164270 -0.965272 0.034768 0.923452 0.574418 0.516039 0.388078
-0.918729 0.339687 0.961923 0.611772 -0.451669 -0.069255 -0.729640 -0.115593 0.659925 0.421183 -0.500631 0.268649 -0.704958 0.090806 0.136598 0.953458 0.319221 0.330664 -0.456646 -0.025643 -0.986061 -0.395403 0.928203 -0.121467 0.915762 0.022178 0.735529 -0.118010 0.059385 0.629791 0.942262 -0.002950 0.341787 0.422018 -0.090531 0.520372 -0.218007 -0.475014 0.350301 -0.684453 0.120380 -0.538896 0.042530 0.889572 -0.423682 0.731592 0.306444 0.908809 -0.843421 0.468838
0.053262 -0.996445 0.654272 0.789105 0.955983 -0.767717 -0.248659 -0.028210 0.682012 -0.247859 -0.320002 -0.483579 0.798119 0.417199 -0.855907 0.015919 -0.191182 -0.780577 0.512922 0.083083 0.431456 0.649581 -0.226475 0.488587 0.512510 -0.089963 0.863268 -0.920471 0.579040 0.736237 -0.794867 0.241640 -0.536212 -0.342408 0.345530 -0.095402 -0.330369 -0.151642 -0.561645 -0.270142 0.870562 0.302869 -0.766992 0.035872 -0.930629 0.939168 -0.647390 -0.435764 0.751848 0.999341
0.292072 0.211152 0.381219 0.166146 0.429233 0.060607 -0.522767 0.493374 0.024026 0.000282 -0.361749 0.608027 -0.132745 0.494050 -0.093233 -0.235707 0.734143 -0.908821 -0.945557 -0.284404 0.707132 0.229022 -0.319957 0.024111 -0.722550 -0.360139 -0.082032 0.605228 0.667274 0.336226 0.641127 -0.492812 -0.631030 -0.670464 -0.127686 -0.387620 -0.573636 -0.435302 0.858778 0.618958 0.200314 -0.025575 0.173243 -0.717504 0.192217 0.347125 -0.276721 0.581288 0.273622 0.349585
-0.141175 0.738314 0.438398 -0.950761 -0.728372 -0.755834 -0.195230 -0.333738 -0.443628 0.241938 -0.219020 -0.044617 0.807985 0.159949 0.642089 0.812487 0.075440 -0.889957 -0.199252 0.209275 -0.119937 -0.658328 0.085734 -0.309827 0.463172 -0.819702 0.723592 0.369335 -0.380223 0.036229 -0.682768 0.177695 -0.356606 -0.937168 0.668281 0.215121 0.782072 -0.041558 -0.773760 0.743594 0.079864 -0.808763 -0.743899 0.382120 -0.262158 -0.001592 0.315894 -0.352258 0.190508 0.982092
-0.938510 0.414767 -0.058150 0.016355 0.636548 0.075094 0.291273 -0.292231 0.765913 0.670803 0.539925 -0.315497 0.153076 0.149124 0.021305 -0.346494 0.385909 -0.628816 0.403726 -0.319915 -0.526949 -0.034605 0.585252 -0.934042 -0.295062 -0.133574 -0.342560 0.243420 -0.796334 -0.890481 -0.695485 0.367134 -0.601758 -0.645385 0.721251 0.380590 0.031409 0.127049 -0.714609 -0.127098 -0.248431 0.698761 0.671018 -0.953201 -0.138198 0.220526 -0.679987 -0.325742 0.700194 -0.265215
-0.531258 0.105534 0.295740 -0.844529 0.673638 -0.737686 -0.955305 0.835724 -0.607097 -0.736378 -0.100214 -0.034456 -0.695988 0.463899 -0.277615 0.656841 -0.510283 0.904007 0.620862 -0.451692 -0.978099 0.195256 -0.862914 0.626856 -0.147818 -0.615637 -0.268170 0.007747 -0.019744 0.716109 -0.859350 -0.705921 0.790520 0.123398 0.178648 -0.663710 -0.358802 -0.402228 0.835534 -0.848546 -0.658176 0.925372 0.790374 0.148818 -0.352728 -0.424499 0.550239 -0.790769 -0.293862 -0.208207
0.344038 -0.143133 -0.384613 0.744810 0.030196 -0.503340 0.192856 -0.107644 -0.106161 -0.069774 -0.882761 0.116042 0.811304 0.739654 -0.954826 0.000235 0.114690 0.778559 0.058865 -0.463128 -0.958676 -0.390420 -0.664372 -0.309108 0.845179 0.300767 0.166717 -0.004032 -0.628024 0.725135 0.769650 -0.167631 -0.924357 -0.548223 0.243724 0.588168 0.983214 0.418359 0.157125 0.513903 -0.528697 0.299946 -0.075573 -0.937984 0.285930 -0.369799 0.253279 -0.889839 -0.246790 0.215078
0.833136 -0.445275 0.623340 -0.491185 0.716576 0.365170 -0.182818 0.173233 -0.915078 -0.908715 0.836383 0.029125 -0.991116 0.667581 -0.560687 0.588585 0.043236 -0.941349 -0.462553 -0.088953 0.184448 -0.476239 0.190629 0.316539 0.528185 -0.454738 -0.357992 0.867424 -0.377284 0.732400 0.722627 0.748849 -0.362039 0.010995 0.285616 0.535680 -0.270570 0.415489 0.925413 -0.057453 0.664760 0.528531 0.969443 -0.690199 -0.897042 0.009745 -0.939281 -0.278512 0.839203 -0.331257
0.869120 -0.885096 -0.691504 0.424205 0.033091 0.053015 0.002925 0.764360 -0.186338 -0.633241 -0.634072 -0.693198 0.642917 0.164216 0.925409 -0.186186 0.204653 0.568186 0.627967 0.925094 0.904566 -0.493851 0.819010 -0.808636 0.777161 -0.956336 -0.553758 -0.976994 0.520762 -0.573924 0.282024 -0.401041 -0.117806 -0.861858 -0.317246 -0.890851 -0.811735 0.179080 0.971656 0.011068 -0.835836 0.667480 -0.844920 0.474499 -0.917062 0.624415 0.253049 0.520523 0.398919 -0.039938
0.340054 -0.262796 -0.842745 -0.968419 0.586672 -0.729658 0.471857 -0.513797 -0.349935 -0.662482 -0.203153 -0.355827 -0.836490 0.455821 0.469630 0.349274 0.151574 -0.111652 -0.386399 -0.932896 0.588217 0.112044 0.600093 -0.399782 -0.952447 0.422100 -0.500023 -0.790374 0.687087 0.264220 -0.946729 -0.659280 -0.366121 0.051496 -0.862413 -0.629278 0.442138 0.420677 -0.703728 -0.768597 -0.069571 0.214072 -0.936133 -0.649865 0.326982 0.209557 0.206885 0.070725 -0.397877 0.591438
0.696085 0.724392 -0.729499 -0.993213 0.817519 -0.190261 -0.807489 -0.335246 0.788488 -0.969741 0.370495 0.583081 0.170769 -0.050614 0.099419 -0.790978 -0.672346 0.522037 0.079789 -0.816916 0.294375 0.504130 0.779750 -0.222372 0.167758 0.548196 0.786284 0.864987 -0.590933 -0.550105 0.064118 -0.084817 -0.687384 -0.034099 -0.416366 -0.453477 0.883579 -0.892919 -0.325231 -0.359135 -0.222630 0.359069 0.353857 -0.195132 -0.409439 -0.850458 -0.555374 -0.618883 -0.810873 -0.366955
-0.584037 -0.766403 -0.049023 0.130707 -0.533746 -0.346876 -0.774572 -0.867388 0.117006 0.880515 0.926407 -0.843701 -0.588951 0.057351 -0.392386 0.359574 -0.513186 0.189111 -0.450965 0.675287 -0.409814 0.938438 -0.433112 0.780002 -0.645347 -0.171336 0.370091 -0.631262 -0.265010 0.079975 -0.160397 -0.396288 -0.598833 0.413094 0.673713 0.139333 0.136697 0.997876 -0.920664 0.108575 0.900591 -0.010160 0.896976 0.290119 -0.646924 0.735304 0.855528 -0.597305 -0.821253 -0.183864
-0.892606 -0.351716 -0.369746 -0.963722 0.643879 -0.980515 -0.382680 -0.490829 0.243961 -0.389741 0.559382 -0.808414 -0.933174 0.692485 -0.222709 -0.461178 0.140885 0.983887 -0.806929 -0.972895 0.093667 0.433402 0.031615 -0.813280 -0.126898 0.673859 -0.376928 0.894627 0.195752 -0.742681 0.215259 0.613718 -0.705244 -0.249008 -0.672121 -0.466729 -0.076696 -0.189303 -0.701564 -0.310518 -0.760408 -0.633788 -0.038179 -0.971420 0.054772 -0.177581 0.278177 0.922767 0.717658 -0.880270
0.577597 -0.907012 -0.883356 -0.415820 -0.083508 0.224821 -0.052536 0.688271 -0.963925 -0.783900 -0.431150 0.538901 -0.787621 -0.890841 0.385309 0.321033 -0.956351 -0.320138 -0.813433 0.219412 -0.776340 0.007261 -0.641006 -0.418983 -0.411258 -0.564052 -0.785526 0.405744 -0.218317 0.163709 0.701531 0.995853 -0.977384 -0.598948 -0.096209 -0.693003 0.787851 0.876505 -0.041698 -0.396113 -0.276690 -0.005962 -0.631922 -0.656745 -0.210993 -0.060660 0.383547 0.485780 0.411862 0.221584
-0.885883 -0.274954 -0.185679 -0.182751 0.494064 -0.899505 0.748507 -0.358059 0.922615 0.382870 0.774671 -0.691225 0.712840 0.130632 -0.256111 0.623664 0.616004 -0.095893 -0.741922 0.550169 -0.693130 -0.243428 -0.033740 0.595989 -0.373454 -0.521281 0.827079 0.687823 0.160595 0.600496 -0.349493 -0.312498 -0.920113 -0.471712 0.939663 0.180241 0.204773 0.941103 0.944869 -0.172815 0.183209 0.033262 -0.925453 -0.333770 0.238599 -0.940115 -0.753996 -0.070322 0.428090 0.099113
-0.232986 0.621269 -0.457240 -0.907612 0.050088 0.768995 0.816666 -0.659103 -0.893611 0.169204 0.704570 -0.504600 0.716060 -0.855547 0.916787 -0.601755 -0.893148 0.219239 0.575374 0.396339 -0.289219 0.253491 0.292795 -0.761160 0.658586 -0.951276 0.263051 -0.191051 0.170459 0.771294 -0.030913 0.872500 0.276980 0.772133 -0.247719 -0.002610 0.689757 -0.973665 0.302284 -0.694555 -0.325216 -0.231988 -0.126531 -0.620918 -0.858566 -0.733124 -0.894559 -0.028428 -0.079984 0.948464
-0.942127 0.401004 0.874734 0.593976 0.203623 0.175237 -0.655440 0.045973 -0.456271 0.972326 -0.181369 -0.051625 0.539840 0.833326 -0.066398 -0.450192 -0.040185 0.493908 0.009388 0.413278 0.549851 0.874911 -0.140148 -0.223094 0.344801 -0.129864 -0.478485 -0.240783 -0.785848 -0.406037 -0.070904 0.602841 0.847037 -0.553603 0.803180 0.999969 0.855247 -0.079187 -0.451610 -0.788555 -0.317318 -0.350515 0.085118 0.902097 -0.056838 0.489130 -0.613414 0.512119 0.914222 -0.171350
0.403375 -0.063851 0.594633 0.800002 0.910673 0.406518 0.643224 -0.617324 0.443895 -0.398955 -0.591776 -0.708290 -0.250664 0.422437 -0.543089 0.218054 0.218147 0.980359 -0.237633 -0.341853 0.817328 -0.576866 0.125930 0.508132 -0.664596 -0.173586 0.943321 -0.755588 -0.378391 0.080212 -0.019779 0.081516 0.934661 0.730023 0.175628 0.444332 -0.552210 0.419271 0.624448 0.195084 0.399095 0.370508 0.132032 0.555355 0.662463 -0.708765 -0.755892 0.569140 0.338137 -0.360110
-0.027810 0.802303 0.245638 -0.909204 0.579475 -0.151015 0.986378 0.833137 -0.363721 -0.460856 0.326233 0.288916 -0.816976 0.791302 -0.113195 -0.384979 -0.772326 -0.087852 0.528428 0.010904 0.179267 -0.249357 0.216986 -0.423150 -0.180753 -0.625667 -0.180865 -0.553956 0.386194 0.807873 0.219941 0.095800 0.779026 -0.354780 -0.384161 0.815372 -0.064045 0.307744 -0.834494 -0.989206 0.480000 -0.238223 0.691198 -0.380912 0.100960 -0.903861 -0.959959 0.589929 -0.383934 -0.966993
-0.548949 0.142644 0.286873 -0.645303 0.644892 -0.969596 -0.284093 -0.075955 -0.559553 0.399049 -0.003410 -0.437481 -0.244373 -0.157129 0.332098 -0.708406 0.777088 0.830060 -0.209715 -0.961629 0.298279 0.690284 0.415116 0.354565 -0.996431 0.746980 0.864643 0.160548 0.598274 0.125420 -0.244899 -0.672307 0.322065 -0.718519 0.681387 0.743904 0.329979 -0.341693 0.273067 -0.913967 0.785918 -0.548700 -0.351419 -0.934542 0.054189 0.941480 -0.269566 0.296297 0.047782 0.700221
-0.361759 -0.926103 -0.908721 -0.800216 0.965435 0.423528 0.173412 0.361227 0.523287 0.768249 -0.503191 -0.835179 -0.356219 -0.191675 -0.372115 -0.927894 -0.411349 0.193498 0.408320 -0.395236 0.569064 0.371038 -0.012824 0.442542 -0.711480 -0.729944 -0.701030 -0.543094 -0.964166 0.008869 -0.932755 0.374307 -0.589129 0.120499 0.616521 -0.737710 0.595411 -0.002044 0.657546 0.727760 -0.937447 0.744687 -0.027030 0.949430 0.369690 -0.548060 -0.438153 0.921448 0.166317 0.704687
-0.554221 -0.051342 -0.020744 -0.465138 0.111925 0.763002 -0.797703 0.835911 0.708093 -0.608778 -0.851063 -0.448503 -0.490207 -0.265959 -0.597839 -0.000570 -0.312060 0.735315 -0.763963 0.118709 0.132784 0.096706 0.082497 0.115019 0.544951 0.752152 0.267781 0.900661 -0.923042 0.843209 -0.519402 -0.917663 -0.817593 -0.643056 -0.751775 0.349218 0.481344 0.195747 0.172201 -0.957051 -0.519774 0.148695 -0.289844 -0.227992 0.243849 0.262317 0.426572 0.767723 -0.097166 0.253118
-0.489209 0.484814 0.942182 0.750010 -0.533211 -0.274771 -0.283811 -0.357112 -0.463666 0.828141 -0.111359 0.754918 0.865841 0.562244 -0.727328 -0.449267 -0.615502 -0.094343 0.074546 0.503006 -0.121503 -0.352092 0.094551 0.540156 -0.550947 -0.129096 0.766086 0.629815 -0.982368 -0.493974 0.637198 0.268796 -0.720187 0.592642 -0.690625 -0.308282 0.348903 0.222070 0.020079 0.775370 -0.700093 -0.850245 0.391775 0.456688 -0.899472 0.612396 -0.305483 -0.042494 0.482724 -0.409220
0.544613 -0.760411 -0.595523 -0.706002 -0.424376 0.378493 -0.998101 -0.120537 -0.118560 -0.129091 -0.941722 0.540292 0.120084 -0.069544 0.059450 -0.916876 0.147025 -0.061616 0.581707 -0.853863 -0.854788 -0.993638 -0.155138 -0.420606 0.076230 0.132675 0.457086 -0.964225 0.365007 -0.807187 0.814708 0.864802 -0.294527 0.457648 -0.459892 0.631018 -0.995249 0.098348 -0.778456 0.460898 -0.533879 -0.242359 -0.813895 0.834222 -0.858819 -0.282656 -0.857566 0.466037 0.711222 0.981569
-0.105081 -0.166574 0.748800 0.688187 0.381014 0.052451 0.053391 0.244920 -0.627351 -0.145888 0.608482 -0.350848 -0.236226 -0.863543 -0.032136 -0.116107 -0.695969 -0.734925 -0.081362 -0.252784 0.396658 0.727413 -0.389045 -0.257017 -0.180983 0.921774 -0.183231 0.366354 -0.496797 -0.643447 0.693277 0.370675 0.956254 -0.915563 -0.265855 0.921857 -0.043814 -0.600603 -0.801527 0.354215 0.738235 0.619577 -0.976278 0.656566 -0.843719 -0.799032 0.871438 -0.042776 -0.847518 -0.704789
0.010222 0.592553 -0.730163 0.996092 -0.778444 -0.206846 0.209287 -0.691571 0.302447 0.709547 -0.504210 0.457860 0.192761 -0.139825 -0.018332 0.415950 -0.350694 -0.476833 0.061361 0.671895 -0.290092 0.488110 -0.330860 0.918200 -0.946452 0.675137 0.558895 0.889690 -0.790803 -0.495552 -0.581432 0.269548 -0.252116 0.002552 0.188981 -0.633325 0.589075 0.081995 -0.093711 -0.701883 -0.653782 -0.683272 0.380403 0.558438 0.082999 -0.521369 0.750158 0.858878 0.361300 -0.257725
0.662701 -0.825462 -0.680689 0.967577 0.570589 -0.037214 -0.199852 -0.950076 0.432954 0.962447 -0.631377 -0.568164 -0.417365 -0.990021 0.326791 0.983809 -0.399531 -0.115325 -0.437328 -0.390695 -0.957874 0.232654 -0.897407 -0.097862 -0.989752 -0.865792 -0.353592 -0.874403 -0.935180 0.340688 0.269891 0.105803 0.882775 0.544172 0.515609 0.596647 0.352661 0.323608 -0.232062 0.854315 -0.933738 -0.373350 0.820511 -0.763973 0.992454 -0.075902 0.154738 0.894465 -0.606885 0.196533
-0.754232 0.173299 -0.164229 -0.798070 -0.558192 0.962831 0.145972 0.096767 0.840435 -0.272323 0.163732 0.719374 -0.181970 -0.742241 0.753471 -0.274050 0.692721 0.131882 0.164194 0.886121 -0.669766 0.899088 -0.605707 -0.920355 0.729877 0.543644 -0.653467 0.964970 -0.518615 -0.904127 0.511489 -0.129867 0.570320 0.867647 0.659423 -0.993487 -0.536525 -0.159631 0.592093 0.925231 0.952463 0.422522 -0.801108 0.984621 -0.186182 0.374087 -0.178558 0.129656 -0.927497 -0.945271
-0.826678 0.461048 0.559680 -0.350429 -0.071250 0.534137 -0.916068 -0.078634 -0.103557 -0.020148 0.643726 0.406055 -0.159938 0.257686 -0.165686 0.736581 0.146128 -0.204271 -0.305048 0.010686 -0.583949 -0.217486 -0.589182 0.244145 -0.592500 0.497790 -0.504771 -0.454591 -0.459986 -0.835328 -0.649667 -0.307957 0.747672 -0.075004 0.718248 -0.469713 0.800559 0.645763 -0.627741 0.075409 -0.996837 -0.434507 0.649071 -0.428772 -0.053353 -0.742063 -0.862939 0.261528 -0.935482 -0.385017
0.936078 -0.678924 -0.629649 -0.828945 0.501583 -0.587399 -0.819321 0.735494 0.042860 -0.072201 0.488242 -0.036489 0.449343 0.483625 0.287896 -0.307470 0.274255 0.028033 -0.691023 0.638361 -0.966721 -0.361578 -0.535695 0.039312 -0.778369 0.775485 -0.629619 -0.448481 0.713378 -0.317220 -0.411768 -0.699666 0.511213 0.608280 -0.466486 -0.725655 -0.956495 0.168738 0.041173 0.349965 0.316842 -0.802099 -0.199520 0.880114 -0.354433 -0.009420 0.648748 -0.500856 -0.480799 0.578145
-0.529485 0.710424 0.309752 0.289995 -0.024812 0.065299 0.767415 0.204430 -0.758389 -0.384377 0.135898 -0.820280 0.594000 -0.162170 -0.399311 -0.373680 0.410284 0.355031 0.484283 -0.471130 -0.513560 -0.567863 0.113284 0.520066 0.362239 0.852458 -0.193412 0.736732 -0.455729 0.396117 0.860432 -0.631720 0.667031 0.974069 0.897378 0.544022 -0.874083 0.092629 0.388011 -0.327734 0.993596 -0.981138 0.440518 -0.971500 0.422957 -0.237591 -0.330013 0.514497 -0.858919 -0.320221
-0.986223 0.810158 0.002552 -0.568795 0.437299 -0.250309 0.761829 -0.111213 0.137989 0.049923 -0.466054 -0.480953 0.511948 0.929108 -0.694238 0.032559 0.057989 0.023701 0.402000 0.914639 0.528717 0.538872 0.445209 0.110396 0.185365 0.853278 0.258134 0.985926 0.313171 0.487259 0.103810 0.205993 0.262476 -0.928459 -0.428321 0.826253 0.635808 0.033536 -0.151301 0.546498 -0.351303 0.833623 -0.911128 -0.286402 -0.297940 0.996106 0.829327 0.605759 0.594890 0.982045
-0.154648 0.670703 -0.704356 -0.300751 -0.433938 -0.604788 0.646616 -0.239617 0.409848 -0.068101 -0.884471 -0.637484 -0.168802 0.509297 -0.265612 0.367272 -0.787265 -0.921448 0.735105 -0.193324 0.713540 -0.424658 0.841239 0.595184 0.622553 -0.653844 -0.012836 0.689715 -0.706707 0.167298 0.711285 -0.051778 -0.771956 -0.324698 0.047028 0.542717 -0.137909 0.909392 0.388534 -0.519063 0.151272 -0.423234 0.060171 -0.149065 -0.712871 0.995473 0.614897 0.160820 0.030178 0.226515
-0.891909 -0.980172 -0.259909 -0.560105 -0.141520 -0.571963 -0.781956 0.718402 -0.746537 0.269773 0.105955 -0.780772 0.045192 0.917811 -0.017061 0.755945 -0.014947 -0.686497 0.811744 -0.484832 0.568694 -0.782898 0.913387 0.781901 -0.997903 0.592745 -0.770748 -0.488375 -0.800461 0.997388 -0.157754 0.092054 -0.255031 -0.636187 0.293882 0.738757 0.990813 -0.456069 -0.368628 -0.439692 -0.751620 -0.443574 0.900354 -0.243456 -0.867581 0.016646 -0.714154 0.778432 0.328745 0.533594
-0.928660 0.406501 0.115274 0.807734 0.614365 0.028089 0.927564 -0.509634 0.614072 0.636369 -0.216454 0.387083 -0.100771 -0.363003 -0.859616 0.717481 -0.643600 -0.987336 0.725022 -0.822242 0.954536 -0.325219 -0.948218 -0.194927 0.117852 0.754955 -0.272481 0.201404 -0.125577 0.190336 0.590120 0.348487 0.664607 0.763818 0.677142 0.033344 0.521285 0.349981 -0.762929 -0.221297 0.152260 -0.840996 0.788574 -0.899042 -0.917092 0.751256 -0.656092 -0.121922 0.903420 0.621889
-0.757720 -0.685589 0.308948 0.212268 0.637798 0.772247 -0.062684 -0.614851 0.144184 -0.088134 -0.154912 -0.378539 -0.414704 0.266044 -0.217751 -0.029118 0.780223 0.241630 0.899722 -0.115486 -0.067603 0.846010 0.888461 -0.280555 0.026191 -0.894238 0.400171 0.981380 -0.839778 0.685464 0.427902 -0.948783 0.538866 0.976150 0.759841 -0.793422 -0.153132 0.990384 0.490650 0.546895 -0.598021 0.283451 0.560022 -0.631919 0.703994 -0.293211 0.486665 0.113126 0.021130 0.410948
-0.403264 -0.451681 -0.240757 -0.890179 -0.046552 -0.451664 0.492226 0.262329 -0.601377 -0.890264 0.690752 0.640169 -0.830646 0.001764 -0.353810 -0.813647 0.491115 -0.635804 -0.260959 -0.949596 -0.432175 -0.291105 0.338829 -0.140896 0.018722 -0.974846 0.806071 -0.682328 0.704361 0.641157 -0.466970 0.503546 -0.380029 -0.438137 -0.291987 0.474242 -0.859293 0.696068 0.267618 0.597390 -0.576967 -0.859916 0.477766 -0.207496 -0.537945 0.664064 0.870996 -0.408011 -0.354357 0.675256
-0.065428 0.330274 0.645982 -0.096294 0.179071 0.994206 0.743122 -0.788039 -0.007690 0.698265 0.736264 -0.864918 -0.051788 0.384108 0.114042 -0.328551 -0.050712 0.380727 -0.231197 0.331855 0.984948 -0.796020 -0.617962 -0.015704 -0.668576 -0.306979 -0.792604 -0.161499 0.846072 0.098246 0.357916 -0.670926 -0.362185 -0.723288 0.386325 -0.493168 0.799421 -0.530590 0.173919 -0.997743 0.598686 -0.755217 0.962612 -0.457940 0.575858 -0.260862 0.385952 0.974825 0.592266 0.577770
-0.882226 -0.233265 0.299216 -0.932497 0.503911 -0.283854 -0.813769 -0.741215 0.781399 0.076895 0.982268 -0.168278 0.703823 -0.642541 0.948022 -0.641836 -0.595068 -0.937544 0.204679 0.729487 0.571836 -0.725331 -0.161570 0.475788 0.399488 0.978859 0.918791 -0.675759 0.566517 -0.098629 0.265935 -0.584938 -0.289122 0.617124 0.761832 0.004161 0.238406 -0.175532 -0.247433 0.424777 0.549451 0.202227 -0.677890 -0.780394 -0.819602 -0.854629 0.569592 0.644288 -0.990706 -0.212613
-0.714826 0.829652 0.400337 -0.702250 -0.185217 0.637009 0.934737 0.598926 -0.631196 -0.491894 -0.211957 -0.447463 -0.472131 -0.859525 -0.644378 -0.277966 0.273824 0.883031 -0.125012 0.029538 0.585797 0.164822 0.587695 0.537609 0.228428 -0.299667 0.328941 0.205634 -0.855589 0.865006 -0.523291 0.815441 0.841906 -0.994502 0.439163 -0.692059 0.422192 -0.759270 0.814897 -0.638566 0.590757 0.966540 -0.292386 -0.745637 -0.000280 0.671862 0.209004 -0.958301 -0.007524 0.153773
0.756726 0.700103 -0.585231 -0.898097 0.330405 -0.205593 -0.231294 -0.009252 -0.051956 0.896755 -0.522156 0.858034 -0.411923 -0.201808 -0.119024 -0.015293 -0.243313 0.109168 -0.405060 0.558503 -0.028359 -0.002001 -0.230185 -0.652866 -0.061412 -0.821488 -0.064580 -0.837865 0.011164 -0.718482 -0.045275 -0.526591 0.275199 0.214016 -0.764061 0.442799 0.845514 0.835783 0.266199 -0.720308 -0.300829 0.044767 0.538988 0.924747 0.078142 -0.741614 0.258318 0.938063 -0.562219 -0.990611
0.939193 0.164229 0.824642 0.840092 -0.062367 0.785053 0.211623 -0.079326 -0.105613 -0.809143 0.472343 0.334742 -0.139765 -0.383963 -0.427825 0.007911 0.255350 0.664952 -0.353020 -0.342175 -0.414386 -0.207385 -0.048171 0.585946 -0.800840 -0.005660 -0.726138 -0.395908 -0.837674 -0.976496 0.668082 0.787117 -0.966566 0.081178 0.167363 -0.403684 -0.134987 0.265384 -0.792208 -0.763215 -0.272875 0.311366 -0.136288 0.827568 0.100931 0.350632 -0.190421 0.163347 0.062965 -0.786098
-0.089534 0.812165 0.685608 -0.297647 0.278943 0.621507 0.733377 0.301764 -0.002796 0.487211 -0.607075 -0.924669 0.536467 0.925816 -0.614115 -0.450346 0.808149 -0.202481 -0.769272 0.121800 -0.135458 -0.667462 -0.352283 -0.524031 0.160144 -0.261817 0.974082 -0.396198 0.686998 -0.345139 0.241285 0.001251 0.918882 -0.233850 0.374243 -0.089407 0.167638 -0.538245 -0.863860 -0.707074 0.030560 -0.147413 0.753966 0.080906 0.699141 -0.318001 0.079909 0.392254 -0.460410 -0.226000
0.825558 0.068126 0.720251 -0.333893 0.928954 0.552669 0.433467 -0.745144 -0.996627 0.048071 0.368773 -0.865262 -0.918997 -0.041347 -0.868633 0.737274 0.902028 0.694083 0.082631 0.342439 0.003110 0.161089 -0.422474 -0.405873 -0.447940 0.052445 0.336221 0.197484 -0.075889 0.270617 -0.664097 -0.136368 0.100142 0.140707 -0.858560 0.828710 0.762267 0.854466 0.086258 -0.762530 -0.488284 0.817974 -0.900416 -0.741062 0.021968 -0.245453 -0.613967 -0.245999 0.108970 -0.860409
-0.042019 -0.918698 -0.042193 0.916041 -0.803056 0.205849 0.452960 -0.435228 0.998932 0.171558 -0.184362 0.378788 -0.797082 -0.783453 -0.260356 -0.279995 0.941577 0.111180 -0.648402 -0.373257 0.245909 0.536269 0.636962 -0.869634 -0.062390 0.028448 0.734131 0.371432 -0.286948 0.620577 0.847491 -0.415300 -0.639427 -0.668334 -0.105921 0.634417 0.703895 -0.208431 0.596838 -0.756678 0.514794 0.935794 0.311733 -0.793730 -0.926142 0.505147 -0.817659 0.122853 -0.226767 0.447462
0.746496 0.758124 0.619227 0.241531 0.396430 0.002271 -0.712654 0.555673 -0.053816 0.842536 0.926241 0.011698 -0.128071 -0.931928 0.660291 -0.768333 -0.378449 -0.008643 -0.376138 0.466955 0.991354 0.300757 -0.146231 0.911720 -0.966675 0.874484 -0.658456 0.269146 0.873505 -0.514525 -0.276293 -0.620674 -0.350141 0.455987 0.168693 0.818643 -0.010006 0.687760 0.572609 -0.407076 0.377785 0.216260 0.695930 -0.586478 0.054297 -0.347544 -0.382985 0.344620 0.892566 -0.334850
-0.838088 0.995874 0.638084 0.640197 0.709810 0.131194 0.957460 0.310192 0.214758 0.766383 0.959302 -0.714585 0.455838 -0.985207 -0.597790 -0.734776 0.766657 0.917428 0.225871 -0.256268 0.280575 -0.831820 -0.694586 0.207615 -0.967250 -0.259381 -0.137761 0.648636 0.768190 0.038799 0.344721 -0.468173 -0.631568 -0.700358 -0.366297 -0.145843 -0.415275 -0.510755 -0.464266 -0.308398 0.988900 0.803129 -0.953129 -0.876141 -0.344136 0.929459 0.098697 0.735375 0.711059 -0.946933
0.081118 0.007074 0.216708 0.710379 0.093625 0.090590 -0.567176 -0.841249 -0.123873 0.425359 0.755067 0.430622 0.302683 -0.940672 0.053192 -0.166713 -0.617240 -0.118808 0.105444 0.713362 0.717076 0.861433 -0.324980 0.977538 -0.132131 0.863991 0.062376 0.490307 0.551373 -0.123224 -0.698546 0.074985 0.180764 -0.371589 -0.278853 -0.069268 -0.654909 -0.616479 0.093437 0.624242 0.967597 -0.916497 -0.106931 -0.626048 0.929405 -0.806377 -0.980145 0.373885 0.332138 -0.087792
0.608157 0.845307 0.091150 -0.983022 0.068555 -0.807008 0.974663 0.087341 -0.505802 0.473881 0.344812 -0.102300 0.947038 0.928090 0.705321 0.266401 0.902680 0.994211 0.387789 0.469842 -0.980304 -0.313433 0.370671 -0.804736 0.044172 -0.904948 0.628892 -0.896210 -0.135501 0.350628 0.628440 0.573672 -0.249617 -0.838849 0.496502 0.445988 0.198377 -0.706524 0.358769 -0.454559 -0.532731 0.738584 0.334098 0.049693 -0.636915 0.238158 -0.068007 -0.600280 -0.709889 0.427456
0.999128 0.746429 -0.577770 -0.105247 -0.806245 0.935280 -0.415682 -0.809923 0.829336 0.737416 0.342731 -0.639931 -0.121516 0.434490 0.745397 0.364880 -0.010062 0.932319 0.511108 0.020407 -0.157927 0.895669 0.950890 -0.564266 -0.914563 0.259644 -0.652718 -0.965876 0.423675 -0.291815 0.441529 0.809667 0.711708 -0.595597 0.208635 -0.885566 0.665920 0.896537 -0.332086 -0.624157 0.549755 -0.901358 -0.182029 0.719275 -0.135365 -0.962239 -0.999791 0.047047 -0.896028 -0.279185
-0.182838 0.122538 0.714235 -0.723948 -0.546999 0.150314 0.551107 -0.693970 0.928956 -0.170865 0.677647 -0.386491 0.476836 0.722593 -0.396099 -0.567920 -0.687709 -0.118598 -0.292782 -0.032207 -0.504478 -0.135541 0.995869 0.886930 0.106602 -0.602071 -0.424249 -0.664564 0.494893 0.162365 -0.857387 -0.773991 -0.003078 -0.522514 0.155423 -0.256960 -0.599178 -0.566188 0.877572 0.504510 -0.803098 -0.197625 -0.257799 0.166396 -0.812088 -0.009809 -0.196422 0.310137 0.175310 0.601375
0.972776 0.922803 0.361912 0.048751 -0.139446 -0.062555 0.061123 -0.382794 0.921794 0.283108 -0.030649 -0.333614 0.273292 -0.994849 -0.172946 -0.327804 0.963900 0.631846 0.169969 0.208468 0.398642 -0.506470 -0.420274 0.796074 -0.940408 -0.033301 0.273023 0.999532 0.940925 -0.201419 -0.129601 -0.236619 0.574801 0.149918 -0.065450 -0.296075 0.656813 -0.098040 0.584246 0.181958 0.870709 -0.195796 0.960309 -0.399129 0.877377 -0.689354 0.832440 0.351654 -0.340121 -0.602564
0.925106 0.460546 0.109473 -0.330973 0.619931 -0.750369 -0.341922 0.096626 -0.706282 0.486680 0.776474 -0.946206 -0.867526 -0.338955 -0.914497 -0.818248 0.831544 0.082436 -0.918258 0.052616 0.602159 -0.501021 0.955561 -0.290815 -0.818298 -0.848242 0.744920 0.958036 0.337077 -0.229017 0.447548 0.711451 0.332288 -0.566255 -0.792440 0.341905 0.627951 -0.943180 -0.612568 -0.499324 -0.330772 0.566470 0.317708 0.929289 -0.699715 0.969035 0.724493 0.543592 -0.215717 -0.430207
0.752059 -0.690149 0.715652 0.505998 -0.459708 0.673931 -0.234648 0.278866 0.806767 0.531948 0.779175 0.548147 -0.575381 0.124336 -0.334453 -0.325435 0.224584 0.329358 -0.308009 0.858042 0.945955 0.839177 -0.260242 -0.954557 0.233975 0.335155 0.993163 -0.088600 0.223504 -0.526534 -0.924783 0.878052 0.770049 -0.292081 -0.700422 -0.697195 0.355803 -0.582887 -0.708514 -0.199952 -0.664888 -0.394302 0.657291 0.381057 -0.888716 -0.084075 0.992218 -0.902946 0.217803 -0.266577
-0.858184 0.730590 -0.290650 0.635846 -0.513872 0.335152 0.125670 0.449243 -0.385099 -0.379583 -0.511605 -0.394042 0.716011 -0.116476 -0.759310 0.446871 0.459527 0.577248 0.399722 0.325614 -0.512042 -0.849799 0.348716 0.984479 0.953243 -0.346798 -0.297376 0.129791 -0.551412 0.691575 -0.259074 -0.954446 0.267696 0.562636 0.927768 -0.091444 -0.452902 0.528581 0.284693 -0.115010 -0.207296 0.386258 -0.694016 -0.840716 0.412377 0.160946 0.507880 0.009693 0.715317 -0.950560
0.860295 0.547587 -0.463713 0.602168 -0.801469 0.589016 0.998061 -0.117188 0.803051 -0.276490 0.169575 0.489194 -0.291913 0.435930 -0.596882 -0.895720 -0.334260 0.070981 0.656745 -0.932232 0.943600 -0.062424 0.408836 -0.443937 0.980874 0.407222 0.307730 -0.270007 0.205454 -0.993593 0.007008 -0.869382 -0.183490 -0.985080 -0.219174 0.398219 0.975296 -0.397488 -0.974284 0.528529 -0.805102 -0.644966 0.042882 0.078544 -0.029746 -0.717700 -0.280269 0.485194 0.551337 0.348832
0.500411 0.815906 0.993280 0.377184 -0.650039 0.558700 -0.848072 0.751676 -0.082552 -0.870328 -0.351435 -0.903161 0.546160 -0.974803 -0.416424 -0.057529 0.065582 -0.214626 -0.879248 0.394837 0.861905 -0.607158 -0.280510 -0.150708 -0.719085 -0.897844 0.867833 -0.917157 -0.167401 -0.326875 0.139002 -0.809460 -0.681060 -0.320204 0.675672 0.354672 0.428604 -0.851490 0.609913 -0.083951 -0.630461 0.110786 -0.547067 0.856129 0.919666 0.220493 -0.866249 0.525136 -0.742934 0.115429
-0.316031 0.993691 0.579663 0.765417 -0.456106 -0.491962 -0.694348 0.151562 -0.751091 -0.573354 0.388491 0.399527 -0.737519 -0.879344 -0.901112 -0.879195 0.437952 -0.180012 0.309445 0.929277 0.303505 0.852543 0.581880 0.016968 -0.295284 -0.234375 0.022302 -0.126583 0.519654 0.084435 -0.385178 -0.674500 -0.958150 -0.951117 0.403249 -0.954345 -0.671476 -0.315540 0.863891 -0.840324 -0.409205 0.449315 -0.654750 -0.512332 -0.932982 -0.101830 -0.168482 0.845411 0.053013 -0.064834
0.887761 0.259711 -0.711502 -0.098548 -0.684166 0.155737 0.496256 -0.343792 -0.482425 0.825759 0.528429 -0.236671 -0.787454 0.616981 0.509852 -0.405657 0.384354 -0.482697 0.563783 0.056764 0.247116 0.626856 -0.131771 -0.898194 0.128227 0.982570 -0.228647 -0.935674 0.792728 -0.700740 -0.837338 0.619874 -0.869795 0.238922 -0.755885 0.010715 0.876751 -0.831846 -0.533070 0.488189 0.004271 0.237591 -0.542113 -0.882391 0.010343 0.607467 -0.011442 -0.236887 -0.146082 -0.262888
-0.081320 -0.144019 0.756678 -0.701938 -0.665918 -0.662586 -0.962560 0.845361 0.441318 0.870959 -0.991786 0.177977 0.962561 0.204513 0.687727 -0.792641 -0.242142 -0.540716 -0.853219 0.592533 -0.670385 -0.991964 0.311366 -0.995704 0.946644 -0.686191 -0.798548 0.010799 0.306237 -0.545862 0.041319 -0.149442 0.541375 0.306654 -0.224518 0.163914 -0.212794 0.003790 -0.795651 0.111907 0.776936 0.135670 0.809707 -0.227024 0.100758 0.999464 -0.788162 0.118812 0.450929 0.925599
-0.100048 0.373492 -0.130152 -0.485517 0.678713 -0.857897 -0.294483 -0.257318 -0.968490 0.718382 0.462387 -0.059167 0.311206 -0.038649 -0.892758 0.208308 0.707290 0.719764 0.003238 -0.227692 -0.824004 0.662046 -0.527308 0.886263 0.020044 -0.468117 -0.027849 0.264661 -0.895031 0.621923 -0.470417 0.195126 0.460034 -0.741975 0.067897 0.071705 0.330936 0.482963 -0.799190 -0.298813 -0.366746 0.263207 0.128073 0.461067 0.767068 0.758740 -0.285531 -0.316052 -0.722449 0.229255
0.246082 0.926827 0.053239 0.007248 0.020683 -0.138199 -0.278690 -0.607491 -0.911441 0.430119 0.022044 0.885185 0.177390 0.936538 0.832570 0.009581 0.926106 0.706003 0.376948 -0.353573 -0.176274 0.608261 -0.979940 0.366790 -0.321398 0.437442 -0.989789 -0.862117 -0.164888 0.853091 0.981527 -0.721331 -0.987892 0.131045 -0.348755 -0.469008 -0.912252 0.433322 -0.213887 0.645570 0.211223 -0.617452 0.242166 -0.911205 -0.946326 -0.784197 -0.675126 -0.364402 -0.047313 -0.967926
-0.993161 -0.745592 0.208980 -0.845598 0.719593 -0.667431 -0.092340 0.192351 -0.152190 -0.356724 -0.362367 -0.424804 0.345623 0.467198 0.717927 0.012527 -0.192854 -0.373462 -0.791951 0.855064 -0.704466 -0.147691 0.207462 0.705824 0.588753 0.597282 0.412461 0.660814 -0.256779 -0.822125 -0.608643 -0.772685 -0.211172 -0.808304 0.416000 0.938979 0.162560 -0.262906 0.981421 -0.925746 0.856684 0.065165 -0.980917 0.167032 0.228110 -0.902494 -0.557163 0.934209 0.119919 -0.402056

Bias v0 (Oculta):
0.513069
-0.277922
-0.109659
-0.614513
-0.911278
0.424876
0.354798
-0.348956
0.162115
0.443663
0.049437
0.477883
0.062849
0.804673
0.074431
-0.488717
0.211730
-0.323012
0.634037
0.226970
-0.761049
0.343248
0.345864
-0.690044
-0.407212
-0.412195
0.218423
0.331958
-0.317549
0.177419
-0.255964
0.775553
-0.816648
0.149248
0.490070
0.721697
-0.200109
-0.917691
-0.137766
-0.825261
0.827582
-0.451586
0.472027
0.084159
0.450763
-0.415230
-0.930259
0.827121
-0.808472
-0.733368

Pesos w (Oculta -> Sa獮a):
0.115580 -0.209785
0.695967 0.626206
0.737711 -0.719972
-0.894301 -0.189895
0.392942 -0.799295
-0.211156 0.988243
-0.917820 -0.326478
-0.613057 0.164160
0.278595 -0.016750
-0.060834 -0.900366
-0.577117 0.977709
-0.424261 -0.905899
0.478764 0.752932
0.981709 -0.986360
0.659176 -0.646500
-0.858769 0.602706
-0.338499 -0.001075
-0.718390 0.423021
-0.195945 -0.674339
-0.487448 0.127939
0.120177 0.854234
-0.822381 0.828334
-0.267580 -0.490722
-0.584135 0.413385
0.225970 -0.789021
0.224280 0.369699
0.215711 -0.999736
-0.500391 0.238188
-0.225841 -0.617683
-0.074370 0.449656
-0.955800 0.659770
0.018079 0.847597
-0.480315 -0.534758
-0.270888 -0.774183
-0.899792 -0.338561
-0.133554 -0.131761
-0.342776 -0.040925
0.526876 0.956043
-0.284626 0.009944
0.139924 0.242679
-0.422553 -0.225983
-0.165992 -0.100685
0.777082 -0.848877
-0.315938 0.894269
-0.932998 -0.579206
0.509452 0.047201
-0.052199 -0.392385
0.937503 -0.662647
-0.704579 -0.745156
0.095833 0.375191

Bias w0 (Sa獮a):
0.098932
0.234794
