Pesos v (Entrada -> Oculta):
0.519424 -0.559363 -0.655230 0.225380 0.122843 0.589600 -0.018246 -0.681155 0.630475 -0.530936 -0.490233 0.610170 0.131330 -0.317871 -0.189219 0.075781 0.443057 0.251067 -0.165755 -0.721363 0.581222 0.718151 0.003994 -0.599095 0.820415 -0.621343 -0.697417 -0.337520 0.880094 0.453270 0.153360 -1.052051 -0.328685 0.898952 0.247698 0.560838 -0.402376 0.170472 1.004103 0.671748 0.604288 -0.868470 -0.655060 0.715742 -0.414788 0.548444 -0.225295 -0.621057 -0.141513 0.149726
-0.193674 0.080147 0.641539 -0.197142 -0.417414 -0.673409 -0.418710 -0.196834 -0.441646 0.900098 -0.603216 -0.751905 -0.818411 -0.602162 -0.154035 0.831999 0.869216 0.632793 1.112396 0.871937 -0.026251 -0.926455 0.845383 -0.371793 -0.705534 0.166177 0.367963 -0.067891 -0.176127 0.019555 -0.291556 0.719865 -0.787202 -0.034430 0.671376 -0.259711 0.953028 -0.622569 0.338080 -0.935002 -0.272314 0.045478 0.771710 0.026507 -0.076975 -0.282946 0.359969 0.265435 0.653784 0.060754
-0.178290 0.869753 -0.226920 -0.073148 0.560718 0.431067 -0.314103 -0.528907 1.032096 1.081430 0.254261 0.323380 0.375981 -0.660716 -1.073661 -0.451496 0.288384 0.152343 1.080042 -0.360004 0.523954 -0.912910 -0.640750 -0.670846 -0.755503 1.069320 -0.061563 0.103817 0.769752 -0.386303 0.189900 0.879638 -0.102159 0.607807 -0.511251 -0.266765 0.113350 0.737412 -0.484642 -0.772710 -0.068349 -0.223392 0.141201 0.966245 0.645124 -0.519618 -0.179057 -0.302172 0.499487 0.857396
-0.834953 0.490411 -0.197618 -0.416526 0.264388 -0.463477 -0.889594 -0.815120 -0.453729 0.529194 -0.181094 -0.651004 -0.884926 0.474100 0.127913 0.690370 -1.144198 -0.590717 -0.143028 0.344082 -0.157592 -0.596615 -0.872657 -0.331450 0.318162 -0.804549 -0.702750 -0.371263 -0.885003 0.445565 0.020696 0.399326 0.470669 0.262580 -0.316679 0.342412 0.459184 0.576796 0.341148 0.707456 -0.794372 0.418617 0.347610 -0.333394 0.903144 -0.324957 -0.571609 -0.671723 -0.011319 0.808724
0.348892 0.551560 0.633247 -0.001524 0.407948 0.088958 0.012472 -0.469917 -0.395643 -0.082397 0.094626 -0.060377 0.346631 0.062548 0.282616 0.586573 -0.212752 -0.231255 -0.068909 -0.704769 0.282756 -0.672571 -1.037120 0.906409 0.143911 -0.515114 0.564362 0.852090 -0.077986 0.270567 0.090752 0.840718 -0.788880 0.571620 -0.932418 0.444557 0.917467 0.442146 0.435980 -0.200175 0.489282 -0.650144 -0.521500 0.551001 1.103935 -0.131155 -0.770226 -0.438880 0.921388 0.514363
-0.399391 -0.782457 -0.691621 0.960949 -0.847300 0.368189 -0.221681 0.423304 0.102426 -0.720383 0.235070 0.481624 -0.166452 -0.799578 0.196905 -0.508262 0.679443 0.880163 -1.012689 -1.280747 0.535640 -0.996092 0.884071 -0.747281 0.508213 -0.286993 0.163692 0.950510 0.068843 -0.324639 0.690025 0.365206 0.355996 0.224073 -0.727061 0.120082 0.363517 -0.766063 0.368879 0.632573 -0.708966 0.278215 -0.000799 0.405639 1.016232 -0.046131 -0.556311 0.754019 0.908152 -0.574213
0.463806 -0.462051 -0.635306 0.747252 0.959727 0.606190 -0.426332 -0.728178 0.852038 -0.292790 -0.408943 -1.091456 0.507357 0.944800 -0.221724 -0.941344 0.441691 0.480376 -0.995517 -0.763643 0.223726 0.245043 0.208113 0.648297 -0.577638 -0.326924 -0.004675 -0.999412 0.579533 0.913799 0.363246 -0.651223 0.692485 0.188014 0.607109 1.131259 0.657112 -0.876645 0.908592 0.584410 0.217115 -0.180672 0.237947 0.722229 0.372422 -0.818562 -0.691006 1.057574 0.505426 1.026469
-0.612700 0.587791 0.558215 0.513940 -0.293739 -0.271529 -0.736311 -0.394264 -0.025691 -0.761441 -0.336727 -0.080960 -0.841056 -0.994719 -0.460073 0.625492 -0.694230 -0.124954 -0.837198 0.023842 -0.668782 0.166538 0.539898 0.017720 0.327302 -0.697456 -0.740039 -0.143851 -0.685292 0.091109 0.106533 0.921735 0.202227 0.739111 0.626010 0.909287 -0.427056 -0.840078 0.763290 0.830221 -0.254479 -0.621115 0.974136 -0.078749 1.065119 0.322243 0.086649 -0.683127 0.930188 0.351485
0.919812 -0.674539 -0.235456 -0.356716 0.647460 -0.048198 0.304648 -0.509195 -0.783746 1.160248 1.159229 0.156546 -0.638719 -1.029189 -0.447532 0.000720 0.060280 -0.033924 -0.522746 -0.105081 0.129749 0.312953 0.268736 -0.934668 -0.334725 -0.422124 -0.587132 0.773368 -0.238001 -0.778770 0.948360 0.374696 0.659791 0.472699 -0.291215 0.945071 -0.616368 0.693236 0.098682 0.120386 0.129128 -0.385603 0.087038 -0.032075 0.044537 0.559505 0.226233 -0.967485 0.135161 -0.921080
0.555595 0.348493 0.315612 1.007602 0.403110 0.614021 0.790409 -0.459416 -0.750483 1.075112 -0.103949 -0.695986 0.568212 0.669538 0.445058 0.512921 0.444203 -0.234816 0.799011 0.239267 0.360573 -0.036646 -0.395594 -0.005532 0.002377 0.899532 -0.960202 -0.405842 0.238508 -1.135544 -0.618880 0.077411 0.561562 -0.799502 -0.043768 -0.853123 -0.659216 0.954249 0.525380 -0.483409 -0.360067 0.483184 0.556674 0.015561 0.567047 -0.926837 0.784944 0.320104 -0.517145 0.908372
-0.439369 0.041479 -0.966138 -0.937435 -0.700359 -0.081051 0.771665 0.168613 1.013471 -0.480191 -0.523764 -0.494283 0.065044 0.641109 -0.394045 0.806715 0.597882 0.923877 -0.165849 0.221599 -0.745315 -0.082225 0.335926 1.026006 0.722151 -0.367347 0.878213 -0.206718 -0.212542 -0.543200 0.864357 -0.435994 0.160221 0.902789 0.550837 0.612277 0.663406 0.223137 -0.984967 0.501241 -0.419499 0.546053 -0.995496 -0.823204 -0.767748 -0.350381 0.770657 0.581039 0.591031 -0.491808
-0.854635 -0.098171 0.442256 -0.687290 -0.427405 0.862546 0.089830 -0.167821 -0.871421 -0.750795 0.757226 0.632044 -0.120904 0.308150 -0.044975 -0.528042 0.235209 -0.774546 -0.265406 0.465456 -0.016129 -0.772415 0.656232 0.383344 0.246236 0.495921 -0.467895 0.188779 0.772734 -0.898905 -0.758183 0.439946 -0.122491 -0.346649 0.867569 -0.162229 -0.838765 0.106013 -0.074566 0.082712 0.511021 -0.662424 -0.695537 0.523704 0.334121 0.479214 0.691222 -0.008415 0.168615 -0.214283
0.943121 -0.286270 -0.295495 -0.244388 0.100649 0.541666 0.196515 0.185063 -0.342808 0.124621 0.702800 -0.291230 0.187368 0.515952 -0.312688 -0.524097 -0.536266 -0.554789 -0.179066 -0.024456 0.583854 0.279037 -0.122180 1.034399 0.528968 0.147915 -0.293055 -0.245942 0.630808 -0.386734 0.727690 -0.718185 1.066479 -0.770743 0.480933 0.374143 -0.507972 0.268733 -0.822781 0.491070 -0.860542 -0.452603 -0.228966 0.657746 1.056099 0.883423 -0.614178 0.599393 0.883750 -0.640571
0.898371 -0.168169 0.312565 0.627078 -0.396772 -0.074143 0.400553 0.596360 0.178425 0.746419 0.395064 -0.691907 -0.650161 0.166108 0.310058 -1.124081 0.447866 -0.478579 -0.104156 0.696646 0.933455 -0.878096 0.151584 0.263766 0.673378 -0.075200 0.525292 0.231742 0.792557 -0.092827 0.098634 -0.869307 -0.244479 0.419501 0.177320 0.066072 -0.890253 0.223789 0.170442 0.110607 0.468768 -0.881402 -0.564840 -0.016257 -0.682679 0.712597 0.064562 0.114627 0.455860 -0.681870
0.810845 0.896893 0.476556 -0.160103 0.335509 -0.513224 -1.335474 -0.726809 0.857813 1.294963 -0.184813 -0.705844 -1.235476 0.735257 0.057055 0.683473 0.601061 -0.287366 1.112839 -0.292117 0.955227 -1.010904 -0.578199 0.433018 -0.425478 0.275612 -0.122064 -0.865282 -0.305475 -0.455161 -0.393386 -0.558791 -0.214815 -0.057915 -0.946045 0.425910 0.147935 -0.667326 0.057000 0.120200 0.062675 -0.438806 0.038460 0.280745 0.024789 0.637608 -0.432892 -0.624893 -0.626936 0.062051
-1.256055 -0.074937 1.094818 0.079846 0.249649 -0.574476 -0.056156 -0.574023 0.105868 0.645165 -0.528247 0.104260 -0.543317 0.653309 -0.398255 0.846218 -1.070265 0.641958 0.348200 -0.378487 -0.395622 -0.212488 0.349790 -0.612679 0.534574 0.583872 0.762680 -0.324141 -0.276100 -0.171304 0.184818 0.456125 0.212724 0.511112 -1.026023 0.536021 1.304163 -0.225149 0.437100 -0.246581 -0.702946 0.011206 0.151272 0.181099 0.013749 -0.359287 -1.188856 -0.090197 -0.403641 0.206714
-0.533877 0.380960 -0.009091 0.563346 0.066844 -0.720904 -0.337763 -0.352817 0.585061 0.127821 -0.763890 -0.209455 -0.039051 -0.449958 0.054980 -0.447432 0.532537 0.022846 -0.313943 0.098318 0.370353 -0.246483 -0.676124 0.635465 0.342978 -0.965745 -0.782340 0.284681 0.094475 -0.553674 -0.040085 -1.017630 0.895800 0.947012 0.095446 -0.059825 0.515134 0.852729 -0.789203 -0.047907 -0.249954 -0.153146 0.599267 -0.454597 0.413073 -0.531862 -1.318609 -0.022128 0.759823 1.100796
0.190280 -0.380195 0.480388 0.462870 0.688889 0.322403 -0.239276 -0.133916 0.233185 0.109832 0.697670 -0.450970 0.397050 -0.848243 0.734693 0.545533 0.685195 0.944526 -0.004508 -0.161504 -0.426491 0.580393 -1.158014 0.087704 0.533184 -0.940983 -0.499074 1.004108 -0.276559 0.001306 -0.364402 -0.306462 0.528940 -0.178036 -0.307058 0.488171 -0.512557 -0.082432 -1.216326 0.134297 -0.149605 0.173419 -0.359084 -0.130772 0.039317 -0.189633 -0.799762 0.461373 0.297579 0.363284
-0.568018 -0.226213 0.712646 0.184654 -0.684896 1.005106 0.312787 -0.916735 -0.032645 -0.154032 0.269049 0.729931 0.811059 -0.083149 -0.504173 -0.448362 -1.053525 0.011242 -0.700824 -0.997374 -0.102954 0.054298 -0.582019 -0.496093 0.545742 -0.479392 -0.850940 0.198161 -0.655794 -0.060973 0.255275 0.990287 -0.548568 0.347634 -0.724054 0.414438 0.089704 0.273127 -0.842523 0.805329 0.662771 0.087487 0.259026 0.360554 0.337098 0.125628 -0.813422 0.457184 0.311996 0.938962
-0.504381 0.237081 -0.439903 0.969789 0.852304 -0.670930 -0.515650 -0.243174 0.038922 -0.746007 -0.209613 -0.063483 0.336642 0.119621 0.583423 0.330638 -0.551424 1.031500 -0.526754 0.046974 0.623325 -0.469959 0.547698 0.272162 0.259761 -0.474068 0.077468 0.572246 -0.282937 0.689267 -0.154358 0.009767 -0.123482 0.878991 0.002827 -0.630194 -0.948038 0.370050 0.576952 1.337523 -0.092504 -0.645292 0.941522 0.385611 -0.687884 0.143012 -0.016971 -0.336101 -0.364922 -0.120170
0.960871 0.018626 -0.061492 -0.564538 0.768595 0.225605 -0.386400 -0.211868 -0.742240 1.129717 -0.482835 0.808744 -0.453120 -0.998977 0.256171 0.235680 -0.878248 -0.336688 0.991294 0.258912 0.288185 -0.943111 -0.703118 0.069632 0.800019 0.570588 -0.151793 0.633440 -0.056471 0.034612 -0.248050 1.247467 0.228376 0.030256 0.594860 -0.105875 0.522593 -0.616364 1.134080 -0.161125 0.406182 0.000937 -0.471848 0.335999 0.138944 0.071743 0.926333 0.696397 0.572861 0.154012
0.962941 -1.167404 0.321570 -0.146121 0.086734 -0.919738 -0.391415 -0.340419 0.003606 1.016753 0.320324 0.360224 0.537588 0.390537 0.284467 0.562275 -0.618459 -0.644817 -0.043911 -0.550771 0.360212 0.199892 0.462693 0.642222 -0.653910 1.221083 -0.536994 -0.795741 0.164123 0.209334 -0.318446 0.269161 0.722771 -0.045353 0.162996 -0.697263 0.313058 -0.310456 0.521224 -1.037844 -0.004153 0.233087 -0.443345 0.886190 0.682281 0.252651 0.116487 -0.643423 0.588324 -0.000883
-0.045673 0.176937 -0.999127 -0.670567 0.153266 0.865289 0.378962 0.250670 0.891071 0.360081 -0.169483 0.660423 0.703468 0.344076 -0.570955 -0.321879 0.584998 -0.073964 0.080293 -0.458728 -0.324663 0.096877 -0.495256 0.894577 -0.413126 0.097776 0.455911 -0.113872 0.395822 -0.471037 -0.839550 0.298896 0.711965 -0.692686 0.503839 0.492156 0.944753 -0.158190 -0.368400 0.002859 -0.227892 -0.086896 -0.178541 -0.865548 0.149550 -0.347445 0.042442 -0.755160 -0.284817 -0.231919
-0.513516 -0.816550 0.604625 -0.026443 -0.317477 -0.110755 0.262115 0.277018 0.345692 -0.252115 -0.606289 -0.220782 -0.259951 0.329979 1.071896 -0.575657 0.520478 -0.632041 0.746126 -0.177260 -0.898975 0.888174 -0.396686 0.549606 -0.016230 1.109290 0.359718 -0.305691 0.201999 -0.152396 0.798983 -0.344688 -0.490046 -0.479784 0.631823 -0.613182 0.639400 -0.155283 -0.527942 -0.894263 -0.945838 0.292500 -0.872931 -0.578776 -0.500255 0.559182 0.275098 0.789354 1.087332 -0.125736
0.148887 0.001719 0.355601 -1.069385 -0.083675 -0.105158 -0.436110 0.354127 -0.687924 0.158160 -0.871849 -0.624731 0.317710 -0.518397 0.586124 0.906818 -0.877768 0.103241 0.476014 -0.590186 0.055333 0.553140 -0.073543 0.442955 0.882311 0.024809 0.584512 0.018812 -0.383543 -0.205169 0.746918 -0.166638 0.637521 0.405804 -0.538813 -0.542644 -0.468661 0.311787 1.042619 0.776387 -1.016876 0.620379 -0.957334 0.783371 1.035994 0.153218 0.552023 -0.105116 0.444960 0.926055
0.221894 0.447422 -0.254945 -0.147817 -0.452764 0.515925 0.587180 0.870098 0.133704 0.956359 -0.404681 0.980572 0.465168 0.479015 0.378369 -1.199300 -0.177827 0.092379 1.016339 0.665393 -0.259105 -0.097104 0.576804 -0.546059 0.003016 1.032305 0.755084 0.632043 0.993333 -1.002502 -0.271157 0.091510 0.026724 -0.693429 -0.686261 -0.788602 0.714063 -0.270053 -0.543068 -0.758872 -1.007457 0.670228 -0.491778 -0.639835 -0.993335 -0.344953 -0.981588 -0.315425 -0.168135 0.955754
-0.350792 0.629063 0.508443 0.320110 -0.238358 -0.410241 0.703088 -0.153625 -0.352187 0.529246 0.504913 -0.071743 0.345885 -0.410211 0.172943 -0.039991 0.671295 -0.203282 0.765028 0.344174 -0.526915 -0.213602 0.996873 -0.531630 -1.116015 -0.073043 1.025531 0.101179 -0.656267 0.098801 -0.361272 -0.075913 -0.672022 0.435799 -0.300633 -0.974445 -0.132955 0.443402 0.777841 -0.728999 0.026859 -0.079080 -0.335470 -0.394120 0.559481 -0.341033 -0.210122 0.410764 0.499032 0.549678
-0.375378 -0.305962 -0.703145 -0.954685 0.530446 0.253542 -0.039971 -0.009121 -0.622617 1.446133 -1.047665 0.315417 -0.043046 1.127294 -0.038555 0.042435 0.341923 0.560167 0.640489 0.731507 0.042991 -0.760074 -0.444616 0.708042 -0.714943 0.650904 -0.552587 1.021155 -0.174959 -0.912091 -0.277560 0.487536 -0.421018 -0.100464 0.344589 -0.759722 0.703339 -0.425644 0.163351 0.073652 0.477083 -0.750964 0.281645 0.229807 -0.243597 0.058395 0.565121 -0.341005 0.093325 -0.283392
-0.408418 0.641486 0.465703 0.198292 1.419815 1.054299 0.214055 -0.756476 -0.689267 0.573538 -0.670555 -0.296675 0.519641 0.984337 -0.383089 -0.726622 0.169263 0.300492 -0.191566 -1.119278 -0.631344 0.471191 -0.565157 0.241691 0.240676 -0.197416 -0.257154 -0.955943 0.107116 -0.964497 -0.516499 -0.753819 -0.303004 1.006346 -0.699056 -0.807719 0.726820 -0.373167 0.574267 0.174935 0.058047 0.452915 0.980769 0.533981 0.388851 0.076101 -0.116675 1.173767 -0.829228 0.187109
-0.429371 -0.870963 0.210488 0.015515 0.172619 0.209487 -0.303087 -0.206465 0.361024 0.198537 0.060047 -0.498606 0.435871 -0.915246 0.297893 0.606512 0.866603 0.352358 -0.109820 -0.213910 0.523450 0.775577 -1.340000 -0.007490 -0.456605 -0.767495 0.328180 0.601713 -0.186525 -0.483023 0.451044 0.388091 0.572870 -0.708651 -0.363340 0.250492 0.130501 0.498058 -0.272125 0.733028 0.574550 -0.383789 0.232608 -0.467694 -0.696612 0.460990 -0.706477 0.702433 0.401212 1.150958
0.396483 -0.090835 0.300903 -0.893830 0.708937 0.757827 0.342242 -0.204340 -0.352324 -0.345310 -0.595598 -0.717681 0.723444 -0.394722 0.250169 0.741656 -0.888227 -0.266983 -0.606848 0.575549 -0.121206 -0.334313 0.089705 1.026848 0.683832 -1.088954 -0.947006 0.224049 0.000016 0.377957 0.348610 -0.451554 0.771142 0.488106 -0.850175 0.605313 0.159654 -1.023411 -0.464532 0.887455 0.126147 -0.200477 0.424294 -0.378970 0.532222 0.533164 -0.141326 -0.864831 0.696164 1.043776
-0.118577 0.159672 -0.663877 0.765457 -0.543086 0.088618 -0.944170 -0.006359 0.853563 0.202505 -0.298142 -0.083647 0.330913 1.204402 -0.020722 0.555222 0.094907 -1.341743 0.289901 0.005087 0.071036 -1.386013 0.057247 0.165381 0.652281 0.316648 -0.588701 0.054462 0.208383 0.565954 -0.315068 -0.317922 -0.062646 0.624457 -0.340174 -0.624974 -0.445897 0.241571 -0.766269 1.233445 -0.649352 -0.659130 0.687528 0.286176 0.144760 -0.437624 -0.736548 -0.936761 0.581820 0.670048
0.550694 0.479059 0.579316 -0.739024 -0.209755 -0.920567 -0.313576 -0.443506 0.207066 0.636373 0.125839 0.083036 0.398391 0.047773 -0.604445 0.861257 0.313546 -1.254117 0.902100 0.248768 -0.260369 -0.762604 0.377371 -0.670650 -0.774677 -0.338289 -0.155062 0.615743 1.212336 0.403885 0.368215 -0.143849 0.249163 -0.469988 -0.291855 -0.002548 -0.478792 0.035486 0.900388 -0.106383 -0.299616 -0.496228 0.455220 -0.242083 -0.779167 -0.103916 -0.219171 -0.331516 0.307003 -0.442604
-0.246798 -0.824724 0.844543 0.416487 -0.689334 0.479389 -0.430772 0.051356 0.079187 0.256756 0.055188 -0.230093 0.270970 -0.198345 0.374152 0.339998 -1.044488 0.443054 1.428150 0.676528 0.453218 0.132323 -0.382270 0.421601 0.151698 -0.759968 -0.683319 -1.124073 0.577542 -1.222379 0.203113 -0.561460 -0.546115 0.260309 -0.658261 -0.149286 -0.023592 -1.105856 -0.317936 0.406953 0.480317 -1.070079 -0.223113 0.012117 0.405115 0.661579 0.088344 0.738113 -0.618840 0.383388
-0.501070 -0.038651 -0.705592 -0.707410 -1.135531 0.537279 -0.438690 0.569597 0.432268 -0.357012 0.421563 0.119909 0.750795 -0.603286 -0.132328 0.362656 0.601015 0.552183 0.090411 -0.484073 -0.692011 -0.068256 -0.008125 0.708592 0.884894 0.318510 0.278132 -0.660579 0.440958 -0.957908 0.292614 -0.192621 0.151791 0.272072 -0.093090 0.204261 -0.938174 -0.632272 0.131193 -0.162027 -0.052490 0.797131 0.912217 0.605808 0.059640 0.724262 -0.435671 1.282505 0.380149 -0.213404
-0.314599 0.009520 0.247364 -0.526026 0.778654 0.375194 -0.492816 -0.732421 -0.754741 0.070280 0.370767 0.789920 0.732805 0.881260 -0.292362 -0.015896 0.814544 -0.376793 0.893650 0.998377 0.650976 0.485240 0.814910 -0.557264 -0.681318 -0.199013 -0.382020 -0.737490 0.926216 0.521930 -1.034991 0.218202 1.090377 -0.439177 0.456835 -0.590344 -0.311756 0.478872 0.371727 0.647711 0.280632 0.595567 -0.795028 0.008471 1.063839 0.787059 -0.137959 -0.685433 -0.579910 -0.185203
0.339766 -0.575263 -0.667419 -0.523161 0.518530 -0.175324 0.100857 1.170074 -0.928658 0.279017 -0.426968 -0.756457 -0.117082 -0.312476 -0.491956 -0.799390 -0.871269 0.638026 0.714471 0.543951 0.209308 0.911057 -0.042746 0.795055 0.833703 -0.098202 -0.498517 0.898741 0.689261 -0.936652 0.201729 -0.252098 0.227024 -0.149608 -0.661439 0.501492 -0.235175 0.308892 -0.381838 -0.637510 0.252585 -0.058049 -0.357999 -0.927639 -0.212989 0.745970 0.878507 -0.542815 0.048794 -0.633841
0.768977 -0.690495 -0.847371 -0.730430 0.745789 -0.609433 0.946781 1.077091 -0.052872 -0.887754 0.100870 -0.190943 -0.329719 -0.844311 0.797680 0.494410 0.186767 -0.838045 -0.308324 0.747259 1.033294 -1.016767 0.295940 -0.256279 -0.610215 0.258835 0.057388 -0.866052 0.146248 0.197169 -0.373416 0.332664 -0.108665 -0.388546 -0.055036 -0.368365 0.076102 0.489771 -0.659756 0.487433 0.930701 -0.730053 0.195504 -0.680248 0.629607 -0.687547 -0.641346 -0.433582 -0.380937 -0.033016
0.001700 0.337864 -0.609680 0.095237 -0.398053 -0.294599 0.600123 0.130430 0.455720 0.366134 0.001162 0.233023 -0.162216 0.006950 0.419905 -0.462028 0.254949 -0.008051 -0.458704 0.084049 0.327680 -0.609480 0.222577 0.571258 0.236224 -0.494391 -0.467626 0.596065 -0.447112 0.135484 0.071866 -0.368087 0.052073 0.758292 0.597476 0.477385 0.498747 0.049558 0.774661 -0.574061 0.628423 -0.973246 0.801106 0.817616 -0.062424 -0.897742 0.368041 -0.328115 -0.147656 -0.938992
0.639882 0.926982 -0.065171 0.040072 0.804878 -0.198436 0.039279 -0.766080 -0.156316 0.295794 -0.299702 0.154533 0.126891 0.150562 0.938344 -0.964710 0.311801 -0.033807 -0.772873 -0.420760 0.579245 -0.049946 0.776149 -0.770298 -0.447600 1.557472 0.231851 0.074702 -0.517392 0.733398 0.644852 0.123938 0.326810 -0.896168 0.688162 0.077254 0.075708 -1.125008 0.338436 0.745403 -0.381779 0.776313 0.621258 0.286825 1.141603 -0.955749 -0.090671 -0.583889 -0.325103 -0.884491
-0.814675 0.383209 -0.441112 0.861819 0.094198 0.996885 0.067131 -0.128225 -0.241274 0.369109 -0.859732 0.364630 -0.660416 0.361287 0.584705 -0.879711 0.176017 0.376079 -0.163933 -0.024157 0.676939 -0.308882 1.194046 0.889906 -0.981059 0.938090 -0.852384 0.501900 -0.261941 -0.753215 -0.657815 0.392774 -0.506551 0.446941 0.187496 -1.274686 0.537257 0.187371 -1.113839 0.314103 1.126716 -0.311874 -0.751034 0.809179 -1.130139 0.675610 0.635076 0.276595 1.021052 -1.071050
0.469887 -1.540390 0.514310 0.005869 1.072858 -0.658509 -0.501004 0.584692 0.151544 -0.126173 0.834788 0.439310 -0.273270 -0.559373 0.690511 -0.265953 -1.015037 0.271889 -0.479401 0.508242 -0.473073 -0.584097 0.052017 0.159863 0.257586 -0.944830 0.484231 -0.790091 -0.657066 -0.314245 -0.578709 -0.151121 -0.058302 -0.688479 -0.339893 -0.769888 0.106537 -0.100883 -0.509406 1.009684 -0.402733 -0.708233 -1.171171 -0.091668 -0.441008 0.971090 0.004689 0.514367 0.372423 -0.148871
-0.475907 -0.485019 -0.628325 -0.944095 -0.564207 0.259111 0.401830 1.072062 0.275221 -0.358641 0.949498 0.194621 -0.265163 -1.233993 -0.802213 0.737356 -0.369269 0.051632 0.122380 0.178768 -0.465560 -0.382416 0.676105 0.362585 -0.447298 -1.376442 -0.902945 0.147708 0.527432 0.295620 -0.145685 -1.147088 -0.776512 0.011547 -0.507066 0.333152 -0.708465 0.364360 0.936617 -0.065642 0.795058 -0.525929 0.583497 0.133593 -0.106671 0.508418 1.110862 0.812106 -0.477243 -0.027207
-0.219404 0.414048 0.721208 -0.246656 -0.977829 0.381057 0.743857 0.448972 0.695707 0.942884 -1.106826 -0.115021 -0.216082 1.161114 -0.742189 -0.067850 0.089405 -1.078505 -0.798473 -0.733993 0.783183 -1.026594 0.237138 0.315276 0.768865 -0.853618 0.253809 -0.976590 0.822776 -0.271455 0.301754 -0.908842 -1.370019 -0.858534 -0.611598 0.534703 0.995658 0.410969 0.092440 0.778594 -0.539563 -0.207286 0.589856 -0.302517 0.431591 0.309079 -0.616289 0.303264 -0.803042 0.212788
0.036467 -0.886508 1.209798 0.211333 -0.245149 -1.282073 -0.064422 -0.185260 1.664922 1.679170 -0.802553 -0.798693 1.126173 0.921126 0.109874 -0.073702 0.667840 -0.276475 -0.047267 -0.373470 -0.218348 -0.095584 -1.121184 0.307746 -0.178751 -1.459609 0.338621 -1.251397 0.133142 0.686132 -0.210325 -0.078900 -0.998533 0.154215 -0.515093 0.471814 0.788801 -0.791739 -0.268597 0.476028 -0.217163 -1.340232 -0.054637 0.419563 -0.699295 -0.078376 -0.321744 -1.246632 -0.284445 0.651840
-0.337711 -0.536302 -0.261849 -0.020550 0.881678 -0.732266 -0.623102 -0.636063 -0.185111 -0.162725 -0.835182 0.449457 0.866133 0.917145 -0.363732 -0.192128 -0.227389 -1.097531 -1.067417 -0.564532 0.810356 -0.320453 -0.088421 -0.173842 0.483139 0.164409 0.224776 -0.586455 -0.177719 0.631248 -1.247522 0.041057 -1.099909 -0.049881 -0.483673 1.208935 0.019994 -0.119961 -0.508435 0.520830 -0.071858 -0.496572 -0.063239 0.922609 -0.701891 -0.991718 0.384109 0.748661 0.787612 -0.388976
1.173279 0.773247 -0.318165 0.193599 -0.975436 -0.189995 -0.458292 1.000448 -0.982502 0.380356 0.671363 -0.466526 0.491739 0.514025 0.104812 -0.763520 0.598351 -0.511342 0.187523 -0.763382 -0.086933 0.652753 -0.730931 0.424777 0.273493 0.811089 -0.259605 -0.568674 0.535977 -1.093551 0.381146 0.018468 0.440349 0.258507 0.659088 0.696237 0.303771 -0.759799 -0.932316 0.727706 0.403278 -0.050316 0.276193 0.413866 -0.266153 -0.562851 0.062949 0.462531 0.848378 0.791496
-0.233305 0.638146 0.406192 0.195605 -0.030211 -0.728392 0.889065 0.324509 0.022104 -0.153073 -0.787193 -1.136975 0.487971 -0.209139 0.108359 0.587672 -0.875060 -0.870648 0.097970 0.474578 0.116649 -0.477725 0.778723 0.558342 0.718073 -0.470185 0.133699 0.177940 -0.333689 0.728205 -0.624115 -0.169611 0.329296 -0.711089 0.108245 0.930121 0.107653 0.661049 0.083247 -0.579924 0.804646 0.575019 -0.843439 -0.241620 0.563165 0.611171 0.418924 0.513516 0.869957 0.971934
0.746496 0.340717 -0.947590 0.848971 -0.447046 0.118020 -0.864212 0.088440 0.831183 -0.834939 -0.247180 -1.067780 0.785116 0.810961 0.872557 -0.800175 -0.703278 0.372489 0.106528 -0.279101 0.535148 -0.078344 -0.754715 0.634406 0.006587 0.500328 0.165809 0.131435 -0.550397 0.238254 0.805952 -0.923217 0.768705 -0.150779 -0.157830 -0.160999 -0.869804 0.121307 1.016923 0.207821 0.278025 -0.933960 -0.520130 0.207241 -0.142153 -0.817332 -0.555294 -0.027933 0.690961 0.802939
0.949430 0.220314 -0.473820 0.026191 -0.308072 -0.067042 -0.216606 -0.327319 -1.064238 0.014539 -0.150856 0.088677 -0.053081 -0.063997 0.068599 -0.257097 0.590017 0.214461 0.157711 -0.358625 0.547252 -1.134731 -0.986930 -0.218249 0.015165 0.032402 -0.223110 0.696141 -0.226093 -0.988948 -0.483993 0.652989 -0.691813 0.137962 -0.620479 -0.107117 -0.101910 0.198848 -0.344380 -1.008550 1.067069 -0.023807 -0.494098 -0.304530 0.715921 0.405233 -0.180919 -0.122219 1.027254 -0.529486
0.739872 0.377939 -0.641890 -0.077300 -0.610659 -0.379863 0.981135 0.426453 0.201267 -0.100552 -1.148812 0.451618 -0.204952 0.579158 -0.097532 0.078525 -0.729463 -0.300913 0.265686 1.102181 0.511255 1.152040 -0.319529 0.641944 0.701739 0.706674 -0.556833 -0.440655 -0.776622 -0.667735 -0.330310 -0.330564 0.136090 0.368808 -0.015360 0.022272 0.673040 0.489440 0.379816 -0.188515 0.774748 -1.048143 -0.053281 0.146821 -0.472572 -0.331143 -0.471203 -0.391653 -0.527614 0.290637
-1.401871 0.703455 -0.505371 -1.022311 0.392308 -0.350347 -0.369321 0.631560 -0.054486 1.189758 -0.848284 0.525219 -0.378973 -0.595196 0.326859 -0.107504 1.067832 0.207202 0.386622 0.804038 -0.779655 0.105921 0.573218 0.092656 -0.535492 -0.086712 1.015711 -0.702697 0.053421 -0.301702 0.718237 -0.866488 -0.273284 0.579603 0.124680 0.341380 -1.176092 -0.164281 0.319500 -1.229354 -0.891349 0.381085 1.541745 1.001171 0.497867 -1.286219 -0.501515 -0.151329 0.867543 -0.301145
-1.731666 -0.918474 -1.113552 0.135762 0.974581 -0.268815 -0.257553 1.028927 -0.922876 -0.303525 0.725802 0.840619 0.249575 0.392230 0.815229 -0.984924 -0.572745 1.474718 -0.273200 -0.369976 -0.435212 0.391433 0.598651 -0.295379 0.883432 -0.263290 0.468952 -0.535393 0.709935 -0.136875 0.276298 -0.170282 -0.784448 -0.845680 1.148008 -0.527076 -0.811335 0.009206 -0.241347 -0.677231 -0.857178 -0.577561 -0.304554 -0.076365 -0.273351 -0.140565 0.194877 -0.140654 0.710954 -0.857814
-0.430098 -1.518444 -0.057413 0.226990 0.316369 -0.391501 -0.709059 -0.130738 -0.120983 0.814201 -0.412248 -0.424581 -0.739454 1.051533 0.425876 -0.624292 0.463341 1.607194 0.839102 1.235300 -0.500674 -0.137504 0.602834 0.931627 0.034181 1.099075 -0.999203 0.868339 -0.992943 0.416041 -0.964971 -1.066524 0.836396 -1.238964 1.408669 -0.410382 -0.197291 -0.327537 -0.387395 0.657294 -0.368687 -0.294176 -0.334104 -0.928458 1.040400 0.548502 0.240644 0.139416 -0.736203 0.845573
-0.420676 0.519244 -0.624179 1.073960 -0.169759 0.024871 -1.293267 0.445408 0.198541 0.872677 -0.231976 -0.826067 0.507762 -0.459796 0.248833 0.290590 0.464383 0.388246 -0.750579 -0.873468 -0.262399 -0.302498 -0.314347 0.268400 -0.057451 -0.092736 0.698965 0.216604 0.903267 0.537439 0.741474 0.236972 -0.181523 -0.753925 0.088611 -0.495212 0.949709 -0.578923 -0.506456 -0.875029 0.134689 -0.125738 -0.436832 0.258107 -0.348406 0.316366 -0.661647 -0.072434 -0.477403 1.195650
-0.088161 0.602850 0.168300 -0.019582 -0.110012 -0.258445 -0.530619 -0.621219 0.452205 0.218068 -0.430202 -0.945729 -0.963987 1.046424 0.726937 0.257828 0.137503 0.917039 -0.751505 -1.430541 -0.607864 0.799273 -0.613504 -0.593805 0.368171 0.089152 -0.658914 0.184604 0.572876 0.349013 0.458937 -0.462806 0.469068 0.122425 -0.146487 -0.200305 0.964429 -0.221793 -0.558756 -0.650527 -0.785997 -0.844799 0.255952 0.290382 -0.266992 -0.542236 0.642051 0.399458 0.960534 0.391184
0.185556 0.292354 1.631748 -1.549737 -0.107414 -1.166135 -0.100221 -0.321415 0.631834 0.374686 -0.695119 -0.266357 0.797172 0.227566 -0.097385 0.447548 -0.641618 -0.658716 -1.388880 0.446735 0.736151 0.704755 -0.311042 0.020370 0.625919 -1.356861 -0.038909 -0.334899 0.652018 0.529255 -0.894340 0.067348 -0.400650 -0.959045 -0.536137 1.597285 -0.613274 0.105935 -0.508946 0.453122 -0.833986 -1.212245 0.852291 0.277850 0.396530 -0.509264 -0.595596 0.612668 0.671469 -1.084007
0.106057 0.654496 1.339506 -1.135917 0.513561 0.754945 -0.884513 0.089288 -0.821908 0.744779 -0.501014 -0.678598 -0.308983 -0.637343 -0.783215 -0.997249 -0.019374 -0.260616 -0.872150 0.579838 0.484288 -0.574667 0.138288 0.927818 -1.020510 -0.468813 -0.763878 -0.994107 0.703512 0.646175 0.631637 -0.889051 -0.934884 0.596596 -0.326244 1.107980 -0.091141 -0.562664 -0.142360 -0.815008 -0.999086 0.568266 0.825009 1.109064 0.176291 -0.067320 -0.128138 0.384081 -1.166091 -1.125473
0.276613 -0.057771 -0.205791 0.344687 0.589971 0.769992 0.078041 -0.078895 -0.610365 -0.127908 -0.512112 0.847344 0.604742 -0.541349 0.404234 0.274978 0.572237 -0.108389 0.526285 0.180049 1.072014 -0.371094 0.727868 -0.265152 0.897508 -0.108724 0.302486 0.479564 0.173344 0.025869 -0.614510 0.031714 0.221623 0.057949 -1.127503 0.944499 -0.307737 0.586772 -0.779166 -0.026172 -0.609443 -0.427938 -0.484789 1.164979 -0.674926 -0.736091 0.194639 -0.116794 0.149756 0.606340
-0.673576 0.653287 0.585056 -0.067312 0.305564 -0.822734 0.650417 0.911797 -0.252027 -0.806988 -0.732088 0.414478 0.997596 -0.176534 -0.361111 0.914453 -0.426357 0.480135 0.844321 -0.231410 -0.500108 -0.826375 -0.186631 -0.614148 -0.452559 0.353777 -0.565162 -0.440824 0.890609 0.219583 0.037289 -0.308639 0.850398 -0.731083 -0.707599 1.024695 -0.928084 0.919408 0.458648 -0.145989 -0.485079 0.802396 -0.723134 -0.215386 0.539563 -0.656720 0.179160 0.035941 1.071623 0.052462
0.467991 0.083491 -0.599718 -0.029487 -0.968409 0.799910 -0.520251 0.220761 -0.900995 -0.671311 0.278898 0.479837 1.027415 0.129477 -0.723131 -0.297094 0.588434 -0.326291 0.407489 0.793725 0.530951 -0.548778 -0.301999 0.155018 1.000924 -0.214351 -0.355611 0.490528 0.046448 0.010352 -0.260433 -0.594854 0.874733 -0.741296 -0.161175 -0.291542 -0.289935 -0.146325 0.487195 -1.020185 -0.927574 -0.725491 0.811823 0.928789 0.466724 0.701724 0.064034 0.830094 0.865495 -0.374465
1.097905 0.724161 -0.812203 0.537411 -0.891839 0.171368 0.304415 0.086470 -0.773742 -0.935007 0.383796 0.144758 0.043535 -0.440644 0.556449 -0.835361 -0.740832 -0.395136 0.689041 -0.977693 -0.089974 0.572449 -0.043746 0.620386 -0.215812 -0.603845 -0.171643 -0.370953 0.340868 0.756652 0.522603 0.489664 0.951368 0.301566 -0.704496 -0.229397 0.380140 -1.116260 0.939316 0.111748 0.413836 0.290837 0.268773 -1.200168 -1.126022 0.129226 -0.232409 0.921048 0.657783 -0.735239
-0.302069 0.089879 0.542504 -0.829355 0.688547 -0.694083 0.129559 0.483830 0.336186 -0.258905 -1.067480 -0.351766 0.886593 -0.035876 -0.173718 -0.801347 0.098359 0.099588 -0.227814 0.870748 0.710404 0.446924 -0.580504 -0.685279 -0.059026 0.066638 -0.033559 0.581415 0.395081 -0.623954 0.421000 0.357803 0.337170 0.135234 0.312705 -0.311594 -0.639336 0.330280 0.044963 0.066373 0.678603 -0.324157 0.678826 -0.653855 0.310854 -0.290261 -0.881049 0.503491 0.441247 -0.251304
-0.918037 -0.334057 0.197645 -1.095684 0.294232 -1.040987 0.659102 -0.068316 -0.154562 -0.018029 1.117583 -0.428101 -0.423743 0.035669 1.351438 -0.052970 0.231271 -0.368807 0.806389 -0.638388 -0.287163 1.137670 -0.835523 0.219183 -0.026335 -0.152598 -0.475791 0.354574 0.380492 -0.250043 0.208497 -0.994716 -0.012549 0.770157 0.488790 -0.167085 -0.736812 0.183525 1.561825 0.296594 -1.236792 -0.332435 0.993082 -1.180354 -0.725505 -0.098435 -1.120508 1.149024 0.478577 0.004153
-0.463792 -0.786935 0.521056 0.233027 1.063946 0.690585 -0.220232 1.210723 -0.740202 1.500748 0.051473 0.607468 -1.436308 -0.184377 0.422841 -1.048680 -0.490244 -0.194729 0.175562 -0.262427 0.053796 0.209596 -0.625055 -0.538967 -0.346396 0.293981 -0.624144 -0.131164 1.211348 0.380308 0.119444 -0.329140 -0.522143 -0.378440 0.252233 0.684971 -0.803162 0.230290 0.300361 -0.342540 -0.537685 -0.602293 1.252997 0.320524 -1.089350 1.018935 0.080264 0.565810 -0.111168 -0.768998
-0.020377 0.652735 -0.528518 0.456825 -0.693151 -0.947894 -1.092005 -0.292125 -0.034844 0.558575 0.205981 0.116018 0.420509 0.590084 -0.427598 -0.436383 1.175164 0.304169 -0.305351 0.734929 -0.055321 -0.749413 0.178058 0.670487 -0.584430 0.170466 0.848650 -0.463558 -0.921021 -0.481018 -0.560475 -0.007195 -0.462869 -0.936452 1.004923 0.131216 -0.652744 -0.663951 -1.112522 0.127036 1.084180 -0.077864 0.340346 -0.260142 -0.663556 0.476334 -0.666312 -0.473049 -0.369063 0.040506
-0.270044 0.027770 0.290107 -0.196149 0.347823 0.412507 -0.453788 -0.510632 0.548025 0.323358 0.242809 -0.726104 -0.349086 -0.354083 0.116227 -0.201894 -0.172211 1.423055 0.077260 -0.812530 -0.005397 0.015033 0.048562 -0.856798 -0.441277 0.605433 0.052170 0.114553 1.022783 0.263056 -0.000768 1.421908 0.434337 -0.572833 0.262543 -0.304817 -0.645495 -1.153286 -0.788354 0.067932 0.910536 0.642692 -0.390784 1.065587 -0.351949 0.190566 0.625057 -0.356604 0.247530 -0.445527
0.189074 -0.949667 0.611294 0.920307 0.341080 -0.184594 -0.038742 0.507942 0.074282 0.135446 0.447457 -0.955736 -0.971491 -0.209813 0.146022 0.057608 0.272638 1.070632 1.723019 -1.508384 0.465874 1.513242 0.301798 -0.771634 -0.337487 -0.202806 0.662232 0.609710 -0.286116 0.728692 0.993138 0.184823 1.129563 -0.815054 -0.315949 0.494033 -0.905315 -0.899623 -0.468929 0.496496 0.639943 -0.686735 -0.097512 -0.121659 -0.363557 -0.269882 0.017538 0.626469 -0.206528 -0.671351
-0.482813 1.004582 -0.536256 -0.726316 0.638396 -0.828669 0.702406 -0.379745 0.257998 -0.102130 0.344376 -0.643908 -0.790555 0.624056 -0.680204 -1.201318 0.845887 1.036845 1.248518 1.292372 -0.519706 0.926674 -0.589720 -0.290913 1.070484 -0.253572 -0.575169 -0.761437 1.247317 0.149743 -0.297909 -0.936466 -0.420986 -0.522671 0.455326 -0.648316 -0.287315 0.649434 -0.674240 0.589117 0.274873 -0.555060 -0.155185 -0.474784 0.960038 -0.255901 0.115775 -0.562028 -0.529908 0.232677
1.096726 0.827686 0.076226 -0.233737 0.048858 -0.831921 -0.892616 -0.785837 0.710255 -0.776962 0.049849 0.854808 -0.223393 -0.373883 -0.716065 -0.704015 0.390507 0.294770 0.561703 0.853737 -0.473322 -0.865389 -0.540605 -0.050031 -0.507158 0.733733 0.803163 -0.658031 0.040683 0.890755 -0.579362 0.821393 0.425742 -0.384337 0.197170 -0.445065 0.799449 -0.560912 0.253781 0.761203 -0.923342 0.242591 -1.176493 0.077197 -0.735860 -0.027749 -0.751048 0.138506 0.538100 0.306435
-1.116334 -0.337399 0.734173 -0.222402 -0.172278 -0.722014 -0.429062 0.067848 -0.565508 0.419399 -0.374378 -0.885895 0.888867 -0.222092 -0.440758 0.009422 -0.221605 -0.586310 0.518478 -0.828162 -0.620659 -0.103387 0.160696 0.295937 0.086149 0.897831 -0.439304 -0.853994 -0.563588 -0.109231 -0.352299 0.404443 -0.034076 -0.324345 -0.083694 -0.560101 -0.823042 -0.591214 0.416145 -0.427456 0.388319 0.064544 0.201766 -0.210096 -0.511750 0.189620 -0.113565 0.303892 0.846234 -0.274052
-0.669995 0.057117 0.395543 0.863649 -0.194454 -0.848193 -1.011198 -0.423979 0.369817 0.091936 -0.367578 -1.077630 0.929752 0.281514 0.799119 -0.886871 -0.302422 0.724946 0.196510 -0.384746 -0.190819 0.308150 -0.248232 -0.084692 0.998509 -0.070298 -0.300440 0.397834 0.461752 -0.572081 0.493853 0.679273 -0.631455 0.485620 1.006327 -0.607254 -0.072577 0.484112 0.493030 0.818004 -0.661660 -0.314853 0.571050 0.626002 0.149924 0.751510 0.752252 -0.748479 -0.557010 -0.384345
0.621896 -0.998525 0.071248 0.374662 0.234710 0.742913 -0.971825 -0.696954 -0.233413 0.052295 -0.245656 -0.084195 -0.140269 -0.244087 -0.294060 0.854398 -0.203874 0.412534 -0.843110 0.750716 -0.831244 0.490238 0.880115 -0.573837 -0.206950 0.020610 -0.835087 -0.398993 0.050938 0.515893 0.182427 -0.083179 0.198006 -0.021862 0.656338 -0.804838 -0.493958 0.918708 0.329442 -0.778127 -0.552784 0.463124 0.236627 0.794187 -0.494475 -0.014224 -0.217562 0.195498 0.383033 -0.171430
0.021957 1.228911 -0.340955 0.437406 0.606684 -0.967128 0.335967 0.290405 0.372184 -0.716739 0.229596 0.613437 0.911163 -0.253605 1.221432 -0.636231 0.869838 0.639788 -0.633775 -0.149864 0.467649 -0.401899 -0.842323 -0.263875 -0.593493 1.043668 -0.670978 -0.383288 -0.599565 0.554680 0.886878 0.772729 1.120228 0.436052 -0.461308 -1.263704 -0.470560 -1.214390 0.797344 -1.110948 0.652648 -0.264438 0.739592 -0.918691 0.276058 0.254309 -0.368489 1.513900 -0.171933 -0.422345
1.279486 -0.439541 -0.930841 -0.489114 0.571210 0.124069 0.051988 -0.337263 -0.520110 -0.395476 -1.210262 0.228289 -0.154101 -0.283223 1.181867 -0.039978 0.632140 -0.752640 0.363335 0.085539 -0.782215 -0.456984 -0.587852 -0.828714 -0.006346 -0.225533 0.108204 -0.283799 0.904520 0.005917 -0.376021 0.829881 -0.828857 0.180787 1.205608 -0.521301 -1.023974 -0.278944 -0.480806 -0.752590 -0.510726 0.364860 -0.684722 -0.641008 0.736342 0.511182 0.881309 0.622013 -0.608651 -0.518731
0.940040 0.594062 0.386017 0.604820 -0.052296 -0.070357 0.800269 0.519235 -1.047882 0.747378 0.624872 0.591315 -0.067320 -0.022513 -1.242662 1.001858 -1.600236 0.052368 0.545143 0.047002 0.715430 0.422583 -0.108619 -0.544263 -0.234286 -0.210884 -0.305639 0.341429 0.923971 -0.232657 0.967485 -1.017552 0.436700 1.140875 0.053629 0.774041 -0.163841 0.268978 1.216382 0.039282 0.183803 1.267382 0.315686 -0.669838 -0.982302 -0.160874 0.059263 0.562005 0.827742 -0.024690
0.051250 1.414516 0.328525 0.654022 -0.589316 0.188107 -0.129763 -0.022742 -0.023253 0.138601 1.129246 0.006908 -1.427884 -0.488994 -0.391937 -0.301850 -0.763226 -0.650421 -0.193501 -1.413774 -0.157786 -0.870827 -0.491219 -0.609358 -0.158299 -0.850273 -0.414490 -0.414418 -0.051274 0.179507 0.799086 -0.740056 -0.025409 0.263828 0.161025 0.071291 0.244535 0.333303 0.181424 0.237721 0.703237 -0.657891 -0.466522 -0.924129 -0.725467 0.303417 0.895585 0.906403 -0.757915 0.306341
-0.113861 -0.548253 0.722565 -0.023124 -0.555940 0.910710 0.251495 0.883436 0.616275 0.312131 -1.050880 0.401831 -0.189942 0.133762 0.125000 -0.893326 0.328985 -1.213805 -0.378820 -0.093302 -0.700902 -0.092434 1.051052 0.903929 0.090461 -0.796353 0.895451 -0.504467 -0.475643 -0.302998 0.482509 -0.402321 -0.403597 0.122280 0.362102 -0.450104 0.608585 0.575618 -0.820140 -0.279155 0.200637 -0.143331 0.117699 -0.052399 -0.161848 1.445646 -0.219104 -0.858795 0.437328 0.744741
0.660538 0.060204 0.402254 0.171318 0.756997 -0.742343 0.924535 -0.312856 0.032576 0.233565 -0.075682 -0.756207 -1.725664 -0.041150 0.738051 -0.021935 0.793173 0.603032 0.091713 -0.830720 -0.928755 1.004566 0.694203 0.008154 -1.027993 0.879747 0.219059 0.802033 0.806162 -1.179381 0.861910 0.074301 -0.333871 0.434237 0.261460 0.510857 -0.448605 -0.615641 -0.485998 0.214588 1.327472 -0.268266 -1.391672 1.220761 0.462587 1.013999 0.136708 0.333244 0.941941 0.112159
-0.419203 -0.322389 -0.127152 0.477406 -1.002041 -0.291594 0.402554 -0.130466 1.273071 0.034218 0.225662 -0.897467 -0.408992 0.059661 0.050980 -1.379802 0.561332 1.265515 0.019099 0.073610 -0.697558 0.548620 0.782160 -0.003633 0.587103 0.457926 -0.272530 0.965097 -0.160678 0.110374 1.029060 0.341474 0.578014 -1.215493 -0.209570 -0.974998 1.208763 0.555655 0.273215 0.961519 1.090424 1.261557 -0.100358 -0.417233 -0.423451 -1.004215 -0.832606 0.544450 0.077807 0.108983
0.004911 0.163310 0.039189 -0.919341 -0.845778 1.213821 0.021969 0.371939 1.386578 -0.355418 -1.594759 0.674192 -0.929566 0.125142 0.516198 -0.369355 0.389359 0.572954 0.515752 0.067993 0.115214 0.525256 -1.179214 0.172675 0.744967 -0.827979 -0.466689 0.653557 0.135828 0.777775 -0.964315 -1.040720 0.175731 0.638867 -0.661141 -0.769759 0.330819 1.248441 -0.320243 1.050510 0.530212 -0.099866 -1.152948 -0.347119 -0.420420 -0.454651 -0.237453 -1.009007 -0.033997 -1.382101
0.612038 -1.001054 0.243585 -0.898639 -0.627737 -0.228370 0.408251 0.275390 0.254705 -0.683609 0.232292 -0.698164 -0.504855 -0.206321 -0.433050 -0.517886 -0.219542 0.054853 -1.109385 -0.472196 1.191041 -0.018107 -1.159034 0.084711 0.090450 0.633215 -0.330218 0.255678 0.362897 -0.582786 -0.837019 -0.797607 1.113488 0.605942 -0.712588 -0.398240 0.278873 0.704080 -1.033588 1.097841 0.859077 0.743552 -0.519472 1.117313 -0.807775 -0.087575 -0.644706 0.587430 0.287339 0.471945
-0.795061 -0.114400 -0.844453 -0.436599 -0.077144 0.044716 0.652424 -0.861538 -0.232488 -0.380692 0.092852 -0.487501 -0.620552 -0.642347 -0.678520 0.572230 0.700805 -0.068803 -0.386016 -0.061159 -0.077378 0.029526 -0.819449 -0.315341 -0.228300 -0.783738 -0.853406 -0.255417 -0.342519 -0.123320 -0.383134 -0.978217 -0.226743 -0.581519 -0.662172 -0.180532 -0.811333 0.027793 0.959906 0.766145 0.698973 -0.255376 -0.766423 1.018462 0.666219 -0.226686 -0.734997 0.463794 -0.279360 0.763949
-0.725599 0.863847 -0.496314 -0.052663 -0.020783 -0.680938 0.703546 -0.690507 -0.406888 0.734902 0.410623 -0.151629 -0.223749 0.194066 -0.564865 0.607366 -0.255675 -0.511254 0.669237 -0.178842 -0.926421 0.734492 -0.083740 0.051362 -0.794649 0.603630 -0.276330 0.092612 -0.676684 0.679956 -0.101232 -0.231968 0.263789 0.384932 0.801908 0.426416 -0.252143 0.830689 -0.712220 -1.010166 0.097513 0.545189 0.759551 0.834692 -0.146276 -0.746683 -0.997950 0.764819 -0.079289 1.141084
-0.311209 -0.463166 -0.024370 -0.257591 -0.876544 0.111866 0.833496 -0.194179 0.824441 0.045043 0.564357 -0.896563 -0.398874 0.370305 -0.166081 -0.072059 -0.042662 0.076177 -0.927081 -0.224547 1.049579 0.932742 -0.447688 -0.354201 0.069214 0.209103 -0.677394 -0.917859 -0.142385 -0.811588 0.575881 -0.633656 -0.543120 0.772997 0.977989 -0.188310 -0.483326 -0.584370 0.410501 -0.041230 0.307657 -0.658728 -0.264602 -0.219485 -0.447105 0.208000 -0.765165 0.269676 -0.618765 -0.566338
-0.503347 -0.477687 0.709506 0.164818 0.685790 -0.564113 0.746791 0.710890 0.442120 -0.537111 -0.786477 0.297644 -0.321235 -0.453544 0.751769 0.221041 -0.863504 0.218185 0.165711 0.172105 0.029739 -0.610770 -0.973183 -0.822581 -0.133299 0.149635 -0.833407 -0.032658 0.118460 -0.875668 -0.033210 -0.444639 0.887845 -0.800318 -0.672462 -0.490084 -0.366793 0.350156 0.684876 -0.125554 0.466292 -0.145601 0.293321 -0.596687 0.746910 0.651094 -0.336555 0.445866 0.938079 0.294822
-0.005756 0.862425 0.468460 -0.470111 -0.617737 -0.780663 0.010241 0.687897 -0.807523 -0.450470 0.505911 0.050435 0.188877 -0.721786 0.827589 1.461811 -0.662232 -0.059369 -0.752877 -0.781802 0.425491 -0.408620 -0.271389 0.423659 0.357885 0.912434 -0.164433 -0.777076 0.485213 0.554271 -0.199385 0.048649 -0.574046 -0.572751 -0.326677 -0.620807 -0.489792 -0.183938 -0.521555 0.506865 0.644076 1.335254 -0.388021 -0.657473 0.023922 -0.263854 0.583413 0.058361 0.780273 0.072398
-0.208888 0.658381 -0.273923 -0.739595 0.116665 0.429476 1.235679 0.412224 0.268088 0.286026 0.144098 -0.002456 0.161951 -0.454651 0.093509 0.902564 -0.871853 -0.467402 -0.376675 -0.948196 -0.256034 -0.980103 -0.054492 -0.727733 0.310380 -0.454112 -0.495194 0.907551 -0.074818 0.480134 0.650797 0.425162 -0.839518 0.767407 -0.272994 -0.012031 0.630218 0.501612 0.114867 -0.075977 0.418815 0.088483 -0.602926 -0.900508 0.043415 -0.549117 -0.317858 -0.574851 -0.097833 1.114491
1.241953 0.171705 0.777264 1.372765 -0.357278 0.835018 0.434761 0.619281 -0.184026 -0.597547 0.682878 -0.125608 0.552478 -0.917846 0.381683 0.132603 -0.620967 -0.276135 -0.633211 -0.790128 0.045150 0.564273 0.402123 1.121133 -0.489577 -0.324684 -0.318640 -0.441169 -0.380021 -0.573032 0.307246 0.068473 0.193528 0.501511 -0.343667 0.116853 -0.307253 -0.551661 0.340010 -0.331111 -0.786097 -0.023428 -0.269341 -0.441536 0.847531 -0.176073 0.023851 -0.320079 -0.400351 0.682507
0.884798 0.414321 0.532624 0.644641 0.848116 0.609453 1.533187 0.679139 0.735007 0.303080 0.179259 -0.207524 -0.695725 0.891701 1.258442 -1.038842 -0.698235 -0.508391 0.434197 0.485304 1.121033 -0.101419 0.332592 -0.158909 -0.000430 -0.542155 -0.285250 0.573446 -0.105456 -1.163211 -0.887727 -0.586405 -0.512471 0.320219 -0.559432 -1.138642 -0.023708 0.042858 -0.390810 -0.495435 0.644669 -1.212814 0.725427 -0.439317 -0.138869 0.232230 0.567860 -0.265807 0.558416 0.070289
0.726583 -0.628024 0.096593 -1.010101 -0.446143 0.409483 1.287833 -0.581950 1.157570 0.051567 -0.271516 0.808971 -0.040467 -0.643132 -0.210713 -0.455095 0.291586 -0.058882 -0.390582 0.453567 0.735568 0.096903 0.981013 0.603865 0.043341 0.210518 0.028436 0.587563 -0.227507 -0.837762 0.104312 -0.014210 -0.937850 -0.667643 -0.513536 0.994337 1.806287 0.364163 0.418740 0.312179 1.307228 1.132033 -0.867148 -0.176608 0.454186 1.045643 -1.250151 0.579595 -0.377279 -0.011590
-0.292482 -1.119442 0.740989 -1.147338 -0.341885 -0.736546 0.787276 -1.046138 0.835366 -0.629763 0.000881 -0.627960 -0.574804 -0.578730 0.249692 -0.190494 -0.124222 1.024722 -0.329820 0.767566 -0.492206 0.234742 0.820476 0.220285 0.785160 -0.306647 0.893512 0.408661 -0.245968 0.113619 0.862143 -1.214583 -0.157200 -0.203174 0.725860 -0.768206 0.698447 0.519753 0.109705 0.612608 0.369654 0.284988 -0.834624 0.162892 -0.017279 1.224385 -0.142524 0.323295 -0.216735 -0.895104
-0.443102 -0.756141 0.703893 -0.456121 -1.138445 -0.016204 -0.534090 -1.005058 -0.476679 -0.941490 -0.192101 -0.038180 -0.813656 -0.971625 -0.229432 -0.745477 0.467393 0.453555 0.389908 -0.047001 -0.982862 0.720919 -0.716493 -0.481512 -0.607657 0.515832 -0.350687 0.847306 0.553348 1.073413 0.189332 0.515936 -1.005253 0.595146 0.053206 0.442341 1.118743 -0.442035 0.638615 -0.133457 0.631437 1.208222 0.061902 -0.887577 1.068556 -0.767875 0.464752 0.942651 -0.887738 -0.613638
-0.287596 0.439072 -0.296567 0.891342 0.459699 0.142495 0.171828 0.030064 -0.449860 1.146628 -0.533682 -0.205140 0.577560 0.850282 0.821724 -1.399020 0.740970 0.915340 -0.134622 -0.700743 0.873230 0.406509 -0.616118 0.780872 -0.057768 0.723390 0.008295 -0.454347 -0.390445 0.751213 0.548233 -0.690121 0.120436 -0.318342 -0.758063 0.229211 0.223883 -0.590405 0.676264 0.149857 -0.991857 0.019376 0.561088 -0.073436 0.060290 0.491659 -0.056184 -0.753143 -0.086313 -0.097056
-0.633613 0.869300 -0.942565 -0.904881 -0.152802 -0.699785 0.181932 -0.766531 -0.287116 0.254084 -0.254317 -0.953314 1.003835 -0.872493 0.115242 0.223965 0.731419 -0.531221 -0.222707 0.315910 0.248150 -0.205067 -0.504521 0.148545 0.886119 0.577425 -0.857403 -0.946956 0.034873 0.262004 -0.393472 -0.046844 -0.069399 -0.581251 0.372553 -0.744393 -0.634366 -0.307020 0.809748 -0.373754 -0.284830 0.500559 -0.561818 -0.929768 1.270675 0.029697 -0.682536 0.890768 -0.656039 0.219830
-0.185174 -0.935785 -0.143108 1.053185 0.201538 -0.879918 -0.220967 0.385096 0.406754 -0.801055 -0.475351 -0.490275 1.170006 -0.046545 -0.787675 1.041298 0.917254 0.191109 0.673718 0.797077 0.909852 -0.790667 1.031364 -0.177583 0.363441 0.512943 -0.084221 0.570298 -0.187026 0.773762 -0.248017 0.829503 -0.628017 -0.305566 -0.358975 -0.352708 0.418688 -0.033587 -0.513487 -0.178411 -0.261832 -0.654019 -0.818529 0.481939 1.325994 -0.596171 0.477503 -0.237154 -0.269809 -0.158422
0.630331 0.777059 0.379552 -0.249097 -0.966270 -0.558089 0.431013 -0.000149 -0.334895 -0.156638 -0.347069 -0.571604 -0.032425 0.406937 -0.704079 0.245584 -1.005195 -0.416880 -0.690268 -0.551518 -0.513801 0.182629 -0.913526 -0.238966 -0.583838 -1.039354 -0.261486 -0.477066 0.820022 0.422580 -0.673054 0.049534 0.540883 0.165864 0.202029 0.096210 0.562084 0.674134 0.881301 0.704190 -0.902369 0.888524 0.969316 0.756102 0.592124 0.099927 0.695542 -0.173255 0.721981 0.161979
-0.660585 -0.529584 0.413087 -0.192630 0.454615 -0.752356 -0.714877 1.151911 0.652024 0.589022 -0.330839 -0.892268 0.096686 -0.091892 -0.341652 1.295501 0.857301 0.487482 -0.051959 -0.287703 0.951641 -0.789493 -0.150309 0.975773 0.430785 -0.219470 -0.541519 -0.550425 0.974783 0.869713 0.265707 1.000547 -0.227643 0.550314 -0.460553 -0.750514 0.496591 1.059031 -0.409143 0.116769 0.571793 -0.463137 0.270847 -0.029255 0.213955 -0.715590 -0.085971 -0.639362 -0.405255 0.861055
-1.293475 -0.920884 0.167545 -0.436835 -0.089069 -0.626812 0.278321 0.688472 0.718120 -0.938804 0.522763 0.191023 -0.429206 -0.422774 -1.134518 0.853879 0.489128 0.602835 -0.093683 -0.252089 -0.678195 1.052173 1.095575 -0.788843 -0.632342 -0.802510 -0.802551 0.929381 0.360407 0.405649 -0.720471 -0.627071 -0.548642 -0.351908 -1.144358 0.580658 0.193736 0.487502 0.510109 0.511208 0.685127 1.079635 -0.810559 -0.671934 0.873364 -0.480777 -0.433921 0.497505 0.773280 -0.208477
-0.722016 -0.115010 -0.760621 -0.345100 -0.246964 -0.846333 -0.170576 -0.539267 -0.454400 -0.792371 -0.295503 -0.534614 -0.325475 -0.461201 -0.793202 0.136832 -0.529705 0.080839 -0.236791 -0.210415 -0.705810 0.831370 0.201164 0.349926 0.523116 -0.183326 -0.381001 0.907182 -0.482792 -0.434494 -0.013074 -0.474042 0.346550 0.507911 -0.164768 1.112093 0.419774 0.677450 0.357314 0.475981 -0.644006 1.312280 -1.317059 0.623734 0.046345 0.004434 0.685487 -0.223770 -0.230071 0.322706
0.407989 -0.309940 -0.777138 -0.033175 0.645415 -0.083340 -1.048713 0.655556 -0.150789 0.689573 0.105774 -0.541492 0.210374 -0.744967 -0.074050 -0.730004 -0.164226 -0.387094 -0.533422 0.101924 0.746401 0.627570 -0.652335 -0.624495 0.762656 0.465980 -0.279734 0.466058 0.235229 0.189420 -0.529258 0.311618 0.978490 -0.197063 0.320217 0.847926 0.778351 0.450728 0.172029 -0.742618 -0.764667 0.040543 0.522404 0.129206 0.846242 -1.189928 0.045921 -0.166303 -0.154764 -0.632724
-0.329136 -0.934417 -0.577022 0.682813 0.831547 -0.790490 -0.707067 -1.455510 0.014703 -0.838207 -0.875748 0.637315 0.938968 0.478214 0.471615 -0.575103 -1.110437 -0.291996 0.412763 0.386866 0.156425 1.043545 0.352933 -0.146499 -0.667185 0.241211 -0.205749 -0.347802 -1.363761 1.320354 -1.139464 -0.161793 -0.421960 -0.577731 -0.267220 0.965055 -0.473197 0.763646 -0.318303 -1.341646 0.033161 -0.864867 0.632183 -0.010084 -0.576144 -0.121654 -0.536359 0.561487 -0.284926 -0.055924
0.476783 0.030807 -0.398032 -0.349269 0.594551 -0.151846 -0.490899 -1.166378 -0.429881 -0.359448 0.881917 0.759837 -0.809008 -0.894778 -0.246861 -0.980785 -0.822578 -0.431353 -0.380291 0.015651 -1.229007 -0.469703 -0.688752 0.552630 0.808318 0.467009 -0.580685 0.208140 0.174796 0.774057 0.007349 0.359759 0.482403 -0.093556 0.777116 -0.095407 -0.794936 1.408152 -0.070671 -0.436235 0.678119 0.247092 0.093397 -1.551980 0.458299 -0.466238 0.489922 0.370304 0.744526 -1.121969
0.037380 -0.443273 0.110568 -0.976062 0.343829 0.757800 -0.230551 -1.173019 0.085800 -0.914300 0.829510 0.623418 0.245078 0.467335 0.866071 -0.314465 -0.033791 -0.023543 -0.165390 -0.414111 0.357157 0.438100 -0.126506 0.287991 0.020420 0.752007 -0.825438 0.444322 -0.430710 -0.387353 -0.493088 -0.740971 0.061695 0.079612 0.983064 -0.538500 -0.713085 0.662673 0.052923 0.477295 1.043052 0.605464 -0.786702 -0.437168 0.898316 0.453206 -0.474533 0.437772 0.114767 -0.951561
0.061913 0.158093 -0.553024 -0.291393 -0.121047 -0.779331 1.034360 0.398638 0.105264 0.081636 0.170398 0.800593 -0.536000 -0.077017 0.513618 0.148289 -0.160184 0.409090 -1.113443 0.263878 0.569996 -0.878109 0.831827 -0.413807 0.013555 0.687823 -0.637314 0.025246 0.668790 0.071045 -0.694814 0.329335 -0.188680 -0.625093 1.356858 -1.121367 0.712737 -0.426387 -0.286458 0.275855 0.547954 -0.251322 -0.600936 -0.298140 -0.277516 -0.702060 -1.179805 0.145401 -0.019751 -0.645311
-0.863108 -1.172024 0.577422 0.584714 0.120905 -0.253854 0.650138 0.308449 -0.622072 -0.506465 0.073804 -0.576129 0.328931 -1.360480 -0.903123 -0.134664 0.452537 -0.302149 -0.280072 -0.668516 1.192583 -0.035736 0.104466 0.441838 0.325465 -0.224827 -0.429882 -0.156806 -0.314705 0.197954 -0.533761 -0.749478 -0.337032 -0.209097 0.962104 -1.313880 0.248536 0.903787 -0.568277 0.337709 0.654523 -0.351870 0.300255 -0.708430 1.205546 0.369837 -0.347351 0.514947 0.398090 -0.287576
0.160762 0.165600 0.354855 0.804706 -0.071720 -0.831638 -0.819222 0.031047 -1.051306 -0.315255 -0.403635 -0.563861 0.855622 0.785461 0.595575 0.488251 -0.850256 0.340569 0.144751 -0.229998 0.498176 -0.230427 -0.056005 1.290605 0.955046 -0.556626 0.323552 -0.214482 -0.110581 0.409328 0.237013 0.565337 -0.597607 -0.399831 0.610609 -0.213721 0.314554 -0.443072 -0.725089 -0.685669 -0.441405 -0.707563 -0.740656 0.520207 -0.571417 -0.461357 0.127376 0.561272 -0.894606 -0.351313
0.497955 0.262141 0.709092 -0.565302 -0.231274 0.457756 -0.639287 0.307715 -0.534769 0.071860 -0.110896 -0.185520 -0.321385 1.090123 0.264120 0.233778 0.385853 0.787127 -0.132377 -0.402886 0.717263 0.479988 -0.520662 1.303234 -0.032217 -0.541125 -0.974763 -0.301298 -0.870393 0.847641 -1.010743 -0.493147 -0.819640 -0.806536 0.226329 -0.716829 -0.982497 0.991257 0.717099 -0.286153 -0.056648 0.347215 0.759869 -0.355537 -0.499077 -0.013152 0.483744 -0.592391 -0.160868 0.349031
-0.491477 -0.261377 0.600118 -0.092710 0.753138 -0.812618 -0.317383 1.051574 0.551647 -0.284666 -0.071531 -1.009595 -0.089862 0.874688 0.145456 0.806441 0.014632 -0.555114 0.906014 0.849405 -0.292720 0.843850 0.660482 1.001948 0.199589 -0.942064 0.257844 -0.281908 -0.784497 0.417803 0.370053 -0.212004 -0.200071 -0.968091 -0.653059 0.602132 -0.786459 -0.123008 0.901899 -0.657679 -0.046114 -0.279063 0.844322 -0.203720 -0.595334 -0.581829 0.192109 -0.290503 0.527603 -0.645590
-0.560388 -0.341280 0.444444 0.322098 -0.748309 0.723567 -0.302916 0.219970 -0.138145 -0.559398 -0.463392 0.320810 0.413977 0.071164 -0.870953 0.862112 -0.380729 0.502992 0.049128 -0.155035 -0.139721 -0.351806 0.378813 0.949139 0.263856 -0.098895 0.230516 0.536898 0.420515 0.449830 0.896447 0.130927 0.682542 0.678358 -0.215532 -1.258480 0.340534 0.828447 -0.305239 -0.962955 0.166582 0.236824 0.623052 -0.357025 0.935282 0.828685 -0.536338 -0.075097 0.828732 0.354971
-1.749712 -0.652601 -0.055384 -0.039742 -0.351293 -0.173333 -0.231614 1.142131 -0.484690 -0.353377 0.930727 0.433778 -0.399969 -1.177180 -1.330580 0.071505 -1.048085 -0.415704 0.293296 -0.814594 0.368593 -0.021686 0.124125 -0.016876 0.993132 0.359515 -0.158460 -0.137104 -0.165070 -1.060235 0.553458 0.326388 0.155884 1.060165 -0.315355 0.345863 -0.518827 0.101877 -0.827446 1.007956 -0.331947 0.328365 0.014029 0.215796 1.166762 -0.355778 -1.018649 0.523099 0.110566 0.026572
-0.569278 -0.570336 -0.578367 -0.510919 0.166955 -0.120842 -0.328212 0.672673 -0.319634 -0.523511 0.969718 -0.027944 -0.465728 1.368039 -0.725687 0.630799 0.378502 0.103055 -0.085684 -0.281579 0.820069 0.424637 -0.607205 0.877211 0.371940 -0.092427 0.622192 -0.297499 0.448537 0.554976 0.040834 -0.090345 0.305151 0.701546 -0.220474 1.136984 -0.496791 0.340166 0.978480 0.333817 0.297250 0.016241 -0.449563 0.074939 -0.466170 -0.793641 -0.632521 0.571353 -0.390813 0.468830
-0.151536 0.285103 -1.471080 0.497304 0.720072 -0.304893 -0.388158 -0.647608 -0.432556 -0.255301 -0.640178 0.426010 -0.806505 -0.400773 0.453059 -0.220775 0.632787 -0.196141 0.299711 0.351006 0.411568 0.418318 0.347532 0.491284 -0.525227 -0.154013 -0.201077 0.577072 0.067580 1.106062 -0.437022 -0.601663 -0.566141 0.008221 -0.211729 -0.377568 -0.200155 -0.062963 -0.853538 -0.566708 -0.098315 0.710791 -0.390219 0.781152 0.277596 -0.582640 -0.081781 0.211449 0.090436 0.325908
1.003281 -0.440637 0.149197 0.111158 -0.632808 -0.700693 0.244164 -0.060062 0.019214 0.363174 -0.441999 -0.889266 0.247375 -0.179244 -0.331290 -0.271706 -0.853021 0.010597 -0.263573 -0.220166 0.284428 0.133125 0.126336 -0.596990 0.029378 0.206318 -0.940714 -0.512038 -0.476613 0.618805 -1.354373 0.683284 -0.175783 0.452893 -0.501371 0.037280 0.663304 0.010089 -0.516129 0.136672 -0.466969 -0.439503 -0.368432 -0.515286 -0.623661 -0.929193 -0.019783 0.373433 0.074930 -0.304820
0.121648 -0.520175 -1.619434 0.534113 -0.915228 0.449854 -0.547828 -0.962991 1.074224 -1.043806 1.039888 -0.637604 0.662221 0.105492 0.029366 0.270541 -0.489356 0.739287 -0.278971 0.798619 0.711377 0.127668 0.233120 0.378385 -0.236569 0.863789 0.164022 0.084086 -0.990690 0.620962 -0.433302 0.456827 0.298962 -0.207111 0.803914 1.107134 0.434893 -0.512714 0.708668 -1.606769 -1.139797 -0.347889 0.973776 -1.372756 0.235744 -0.737191 -0.338825 0.586813 -0.298053 0.062917
-0.164011 0.352945 -0.123599 -0.744700 -0.142149 0.541960 -0.615142 -1.401081 -0.126068 -0.182132 -0.588825 -0.211947 -0.252717 -0.246194 -0.164957 -0.811756 0.438492 0.846858 0.128828 0.111747 0.630267 0.135500 0.981472 0.921654 -1.120156 0.094991 0.498243 0.560622 0.419412 0.983427 -0.854208 0.561508 -0.511346 -0.163350 0.568970 -0.287057 -0.487733 -1.217581 -0.490108 -0.837840 -0.605723 0.862494 -0.246573 -2.001511 0.353591 1.104818 0.608471 0.044891 0.644836 -1.016257
-0.406190 -0.940743 0.676327 -0.683967 1.151297 -0.168788 -0.178231 -1.078295 -1.331635 -0.919751 -0.161483 -0.752478 -1.179016 -0.704278 0.442625 0.822927 -0.049232 -0.588282 -0.936131 -0.953210 -0.564084 -0.350268 1.362791 -0.135209 -0.002792 0.576244 -0.405926 -1.097584 -0.291047 0.001775 -0.971332 -0.398684 0.957665 1.517458 1.144620 -0.236609 -0.049495 -1.153701 -0.600867 -0.082533 0.056417 0.645014 -0.232670 -1.053446 -0.026910 0.358980 0.196012 -1.403298 -0.890045 -0.874839
0.110086 -0.277584 0.167427 -0.879382 0.195232 -0.310901 -0.350388 -0.205809 -0.857245 0.039285 0.063812 -0.792070 -0.503937 0.395524 -0.656795 0.517664 0.172377 0.255626 -0.663573 -0.379218 -0.142754 0.318111 0.924342 0.080855 0.853849 0.086143 -0.202713 -0.838875 -0.326290 0.317667 -0.470970 -0.871015 -0.523563 0.499998 -0.330558 -0.541440 -1.278420 -0.491769 -0.029456 0.304230 0.427765 0.177618 0.364208 0.171677 -0.144373 -0.593025 -0.149609 0.089726 0.517055 -0.276870
-0.751064 0.752655 0.526746 -0.802093 0.223262 0.432730 -0.150219 0.582237 0.953037 -0.551925 0.854360 -0.607701 -0.535563 -0.350882 -0.686523 -0.646013 0.422937 0.873723 -0.045659 0.147659 0.209378 0.411925 -0.157701 -0.100242 -0.086519 -0.963571 -0.960652 -1.099320 0.921764 -0.830825 0.346639 -0.989844 0.146860 -0.278970 0.343698 -0.618386 1.011374 0.710754 0.978705 0.752814 -0.535056 0.639806 -0.378924 -0.558639 0.184551 -0.270799 -0.254899 -0.424307 0.718075 0.841826
-0.154837 0.619736 0.907440 1.009242 -0.287949 -0.460013 -0.785930 0.279127 -0.054464 -0.165070 0.898655 -0.136679 -0.346267 0.155174 -0.874292 0.535348 -0.686642 0.709020 -0.096014 0.180112 0.592588 0.195844 0.618165 1.357663 0.584370 0.165343 -0.282932 -0.209223 -0.836297 0.761634 0.464897 -0.757254 -0.670008 -0.180317 -0.832514 0.502933 0.416384 -0.162622 -0.931356 -0.944352 -0.228977 0.866943 -0.525999 0.021556 0.521637 -0.151660 0.838916 -0.044444 0.610785 0.967284

Bias v0 (Oculta):
0.203324
0.245336
-0.808483
-0.293789
0.759347
0.130195
0.057296
-0.664750
-0.809014
0.359700
0.646774
-0.134875
0.652609
0.301685
0.139587
-0.234541
0.506877
-0.806797
-0.559633
0.555590
0.032594
-0.921675
0.645770
0.443222
-0.024763
-1.062447
0.367407
-0.738646
0.277301
-0.912343
0.311731
0.282855
-0.308575
0.923241
-0.536148
0.886863
0.010464
0.600313
-0.773464
-0.145275
0.491699
-0.513102
-0.320817
0.583825
-0.515166
0.714901
-0.652553
-0.752434
0.179251
0.361178

Pesos w (Oculta -> Sa獮a):
0.776637 0.237322 -1.964981 0.816423 -0.025947 -0.075414 -1.763198 0.232305 -0.636787 -2.021529 1.769561 0.660218 0.636836 -0.070506 -2.122038 1.037707 0.593477 0.451379 2.280236 -1.750311 -1.921134 -2.088119 -2.135427 -0.595274 -0.166844 0.651986
0.907483 0.930438 0.695776 -1.190440 -0.997352 -1.120367 -1.399947 0.102139 0.949757 0.604507 1.428211 0.583107 -0.711413 0.685585 -1.758754 -0.794261 0.544731 -1.239030 1.396251 1.976696 -0.290827 0.725093 0.085073 0.505035 -2.464225 0.183414
-1.908536 1.901769 1.341784 -0.265293 0.747424 0.957256 0.580573 -1.853863 0.261221 -0.056865 0.754300 -1.091318 -0.776264 -1.788270 0.491008 -1.363652 0.310191 -1.882891 0.504990 -1.180662 0.816859 -1.145884 0.203188 -0.004663 1.245156 0.822235
-0.975417 0.294462 -1.499968 1.087832 -0.703460 -1.330225 -0.800600 1.297207 -0.190171 -0.793830 0.852958 -0.524402 -0.196200 1.008606 -0.381318 -0.666868 -0.444162 1.447985 -2.075034 0.042677 1.607869 -0.298962 1.023779 -2.142970 -1.316432 -1.868214
-0.422985 0.331328 -0.922392 0.387478 -0.843281 -0.671381 -0.225313 0.360060 0.177356 0.092178 -1.426884 0.468395 0.381232 -1.202523 1.137685 -0.339413 -0.967568 -1.618997 -0.113406 -1.051798 -0.076414 0.710903 0.927445 0.717730 -0.525630 1.212615
-0.320933 -1.194717 -1.662645 -0.586886 0.471546 -0.626544 -1.294194 0.406577 0.039327 0.190494 0.021955 -0.658628 -0.629698 0.235654 0.517481 -0.875918 -0.618310 0.660982 -0.769168 -0.579171 0.970419 -1.072158 -0.011666 -1.577033 -0.700125 -0.875373
-0.067128 0.054144 -1.684795 0.165145 1.559775 0.194759 -1.278165 0.270390 0.154617 -1.554887 -0.361435 -0.776147 -0.819498 -0.948417 0.014561 0.561041 -0.310142 -0.242256 0.897632 0.636854 -0.493220 -1.823464 -0.532517 -0.197682 1.860205 1.892991
-2.131245 0.636584 0.720202 0.090907 0.924664 -2.139602 0.619047 -0.321202 -0.197319 -0.775824 -1.034168 0.729251 -2.097039 1.295051 1.216184 -1.921336 -0.447121 2.034283 0.557321 -0.054876 0.614619 0.212549 -1.008686 -0.021046 -0.059539 -0.478607
-1.138707 -1.956926 0.505934 -0.573708 2.312098 2.258501 -0.564646 0.818290 -0.446116 -0.025917 0.751337 -0.886526 -0.758243 0.774637 0.712333 -1.405518 -0.890874 -0.853620 -1.400965 -0.694762 -1.060398 0.062402 -0.488204 -0.010158 -0.080640 0.735651
1.604674 -2.060799 -0.661445 -0.026257 -1.752121 -0.074508 0.734558 -0.044616 2.000408 1.552850 -0.720131 0.608792 -1.170334 -0.952851 0.885175 -1.313280 -0.451697 -0.483721 1.198429 -2.652247 -0.445821 -1.408914 0.220966 -2.140780 -1.051407 0.711520
-0.867309 -0.255644 -0.013958 -0.336011 -0.419806 -1.259861 1.185852 0.038250 -0.876276 -0.920664 -0.027793 -0.569034 1.460435 0.647699 0.912698 -0.165168 0.253637 -1.216734 -0.534934 -0.201653 0.492670 -1.478230 -1.150649 -1.597541 -0.085749 -0.717702
-0.939507 0.112415 -0.588607 0.592443 0.399808 0.722689 -1.048351 -0.920017 0.316517 -0.423296 0.158122 0.908821 -0.643865 0.289544 0.752313 -0.223770 0.347627 1.067797 0.601845 0.747110 0.856464 0.472032 -0.662183 -0.690744 -0.196999 -0.379908
-0.427433 0.162747 -3.055353 0.120640 0.315881 -0.343162 1.562198 0.039649 -1.644003 0.066539 -0.491505 -0.723015 -0.447179 -0.587715 -2.493678 -1.053661 -1.015743 0.533476 -0.894749 0.250631 -0.662317 0.281200 -0.182096 -0.159493 0.123805 -0.382470
0.304996 -1.882530 1.560114 -0.280999 0.023918 -0.359318 1.589220 0.356915 -2.024859 1.057358 0.483970 0.588694 -1.703971 -1.315631 -0.912366 -0.912225 0.019744 -0.396064 -0.558709 0.324689 -1.240851 -1.063726 -0.288649 -0.370038 -0.197659 -0.420395
0.107091 -0.362759 -1.364515 1.870634 0.800735 0.119473 -1.104230 0.265767 -1.037745 1.901293 -0.850602 0.547259 -0.279867 -0.347810 -0.192722 0.637969 -0.290177 -1.224778 -0.750834 -0.540960 -0.835755 -0.593031 -1.143797 1.041460 -0.951246 1.139150
-1.646546 0.297209 -1.970447 -1.569127 -0.319416 0.484035 0.247716 -1.131744 1.722011 -1.102696 0.220458 -0.331899 0.943658 1.067638 1.546988 -0.806036 0.524830 -0.628554 1.071795 -0.643706 -1.008247 -0.031086 0.800333 -1.525892 0.685555 -2.145702
-0.915908 -0.050020 0.352156 0.058572 0.157864 0.180704 -1.108645 -1.948154 -0.328446 -0.635865 -0.267998 0.445484 -0.651268 -1.602692 -0.683158 -0.496430 0.316741 -0.785145 -1.705300 -0.420403 0.588987 0.885277 -0.221259 0.620176 -1.135399 -0.461009
-1.455079 -2.478117 0.369276 0.427531 -2.287801 -2.202980 -1.270400 -0.818905 0.000274 0.060376 0.231930 -0.930602 0.480854 -0.917551 0.170414 1.428399 -0.509957 -0.175620 -1.267885 -0.338293 1.397694 -0.195872 -0.108265 0.336631 0.305644 0.364542
0.080406 -0.710077 0.497159 -0.302678 0.014553 -1.700800 -1.276976 -1.630329 0.791970 0.921342 -0.585574 0.057471 0.334631 -1.041063 1.692587 0.724690 -0.943227 1.172126 -0.375913 -0.076926 -2.792200 -1.878060 -0.302253 -0.691048 -0.142586 0.322403
1.272005 2.430813 -0.896530 -1.500424 0.567911 1.265232 0.152228 -0.766525 -0.352200 -0.173229 -0.676020 -0.230978 0.380748 -1.797643 -1.082159 0.877582 -0.907434 1.844623 -0.958925 -1.172714 -1.246016 0.384888 -0.728669 0.387769 -1.213432 0.174300
-0.096429 -0.757307 0.086972 -1.175573 -0.743063 -0.475240 -0.784991 -0.216919 -0.064951 -0.012665 -1.123121 -0.183107 -1.775505 0.236890 -1.520517 -1.029303 -0.159761 0.802056 -0.571126 0.019137 -1.074117 0.924591 0.550391 -0.442964 -0.590762 -1.130591
-1.429928 -1.270493 -0.800347 -0.141594 -0.681683 -1.502057 -0.979349 -1.284704 -1.502834 -1.682670 1.829865 -0.485870 0.906083 -0.007535 -0.226193 -0.094024 -0.110967 0.129889 -0.351117 2.014645 -0.787368 -0.801461 0.360388 2.194805 1.401088 1.363896
-0.792155 1.348127 -0.313738 0.917625 -0.753992 0.954232 0.015324 0.023649 -0.711785 -1.987693 -1.717305 -0.255320 -0.678583 -1.094783 1.091950 1.356478 -0.640076 -1.495111 -1.296446 0.338277 0.857108 -1.590495 0.062823 -0.827810 -2.038896 -0.041891
-0.185255 -1.229810 0.187448 -1.355274 -0.562266 -1.094206 0.115945 0.183233 -0.439969 -1.008976 -1.195879 -1.089157 0.119874 -0.233760 0.028046 -1.232063 -0.613747 -0.676029 0.281686 -1.046120 -0.595336 -0.894342 -0.358933 -0.457826 -0.042953 -1.146625
-0.816283 0.280902 -0.450449 -0.200921 0.168333 0.252278 -0.125228 -0.577306 -0.125799 -0.780676 0.043837 -1.224786 0.658524 -0.213010 -1.725899 -0.922931 0.073827 0.573210 -0.418207 -0.395533 0.248479 -0.947073 -1.226115 -0.833101 -1.021664 -1.180299
1.718390 -0.000179 -0.825717 0.556333 -1.290110 0.902082 -1.299316 -0.502685 0.116871 0.622735 -0.673304 0.198638 0.232714 -0.356685 -0.238299 2.094035 -0.920461 0.565240 -1.257675 1.767147 -0.401785 -1.200731 -1.603362 -2.308175 -0.900514 1.072729
0.251196 0.185052 -0.908170 -0.183050 -0.566390 0.551331 -0.387032 0.489356 0.331943 -0.688110 -1.028701 0.628273 0.381828 0.139147 0.381954 0.786320 0.931795 -0.889908 0.846377 -0.247131 0.151384 0.396245 -0.219616 -0.876975 0.549925 0.326180
-0.329726 0.745303 0.443503 -1.210098 0.591184 -0.995635 -0.315655 0.988522 0.696440 0.687297 0.270711 0.626000 2.101254 0.677221 0.438148 -0.353693 0.710798 0.407493 -0.881537 0.579197 -0.525567 0.120582 -0.715828 -0.635848 -0.566945 -0.102288
-0.280576 -0.158507 0.300226 -0.347804 0.718406 0.606404 0.611918 -2.393457 0.167038 0.624964 0.130445 -0.498619 -1.708405 0.268029 0.798733 -0.951794 -0.475459 -0.144901 0.350881 -0.742015 0.397634 -0.084686 -1.419595 0.634777 0.394516 -0.007306
-0.645459 -1.782762 0.532735 -1.081275 -2.569075 1.632549 -1.575897 -1.514131 -0.218306 -0.720262 0.444755 0.255689 -0.450812 0.721641 -1.412213 -0.515797 -1.144889 0.267423 -1.256738 -0.509637 -0.801645 1.143686 0.672559 -0.478282 -0.295988 -1.534030
-1.522984 -0.153714 0.159964 0.465581 -0.910713 -0.116279 -0.012868 -0.890202 0.814097 -0.539527 -1.283879 0.557968 0.335203 1.074104 -0.991581 -0.912629 -0.739217 -0.956866 0.738996 0.036623 1.089284 -1.498786 -0.734553 -1.026309 0.276274 0.992780
0.543120 -0.780388 -0.353118 1.403955 -0.289041 0.024237 -1.541394 -0.240922 -0.267510 -1.049203 2.205514 -0.149492 0.026515 0.967546 -0.442871 -0.514454 0.802535 0.269690 -0.983064 -0.429578 -0.721308 -0.723658 0.828135 -0.955646 0.713138 -0.788991
0.474441 0.487474 0.130066 0.748562 -0.539332 -0.501792 -1.814535 -0.473129 -0.486976 0.069471 0.382582 -0.869285 -1.533324 -0.417617 0.796457 1.001158 0.578573 -0.202448 -0.908939 -0.995462 -0.165434 -0.059780 -0.878689 0.786038 -0.020036 -0.497200
0.012844 -0.164626 -1.376079 -0.395040 0.155051 -0.437181 -1.662837 0.015419 0.096097 0.707687 -1.482272 0.247596 0.460381 -0.657641 -1.120185 -0.885267 -0.035921 -0.774701 1.037359 0.480081 0.518477 -0.220736 1.245982 0.171240 0.917556 -1.359524
-0.903942 -0.417372 -0.702428 2.049449 -0.283306 -0.977039 0.143346 -1.219618 -1.169973 1.744690 -1.288724 -0.544445 0.630678 -0.820877 -0.017449 0.540470 0.604817 -1.548010 -1.347411 0.816054 -0.609717 0.784585 -0.196865 -0.578903 -1.354003 0.220944
0.911114 -1.312531 -0.196573 -0.961365 -1.261137 0.568614 2.136794 0.085977 -1.310477 -1.393075 0.436069 -0.784413 1.694325 1.441682 -0.931030 -1.205755 -0.899154 -1.749995 -1.288990 -0.489016 -0.390285 -1.548046 -1.000144 2.007954 1.499231 -0.343917
-0.477056 -1.009622 0.986863 -0.370616 1.300511 0.190941 -0.041723 0.972570 0.708880 -0.993772 0.893570 0.053562 -0.443882 -1.737083 -0.229855 1.251731 0.527854 -0.046478 0.337034 -1.125650 -0.904104 -1.054401 0.258888 0.481453 0.756345 0.375069
-0.521499 -1.201299 -0.271377 -2.465116 -1.209659 0.900887 -1.132906 0.179998 -1.175175 -0.512042 -0.131584 -0.681288 0.524703 0.147320 -0.571388 0.836526 -1.090156 -0.438711 0.571056 0.347595 -2.201937 -0.013044 0.776776 -0.669682 -0.580362 -1.667734
-0.471345 0.689987 -0.879358 -0.653057 1.102241 -1.125760 -0.089837 -0.177822 0.158998 -0.595031 -1.845004 0.176150 -1.495087 0.512477 0.684271 0.562201 0.234839 0.320276 -0.006082 0.260563 -2.008059 -0.524937 -0.416526 0.445355 0.113318 0.396909
0.339808 -1.819461 0.720346 -1.865966 1.644603 -0.599144 -1.199389 -0.740354 0.946905 -0.822730 -0.145161 0.050557 -0.080719 -0.592651 -1.650145 -1.365190 0.633975 -0.773261 -0.825179 -0.489608 0.529031 2.089833 -1.164238 -1.515926 1.551752 0.222498
-1.108613 0.879828 0.451985 1.244365 1.041149 -0.022335 -0.161508 -0.344064 -1.038175 -0.232099 -0.466508 0.388482 -0.848742 -1.621499 1.337997 0.726892 -0.559367 -0.942421 -0.932284 1.276182 0.793939 0.311531 -0.380985 -1.339259 0.023342 0.805941
-0.836268 0.508577 -0.440891 -1.828610 0.220977 -0.359950 -1.006618 0.776435 1.807452 -0.734775 -0.762698 0.348951 0.810322 -1.452481 -0.105839 1.477419 0.104850 -0.155114 -1.592399 0.947722 -1.046430 1.370142 -0.809237 -0.546455 1.832360 -1.283873
0.210214 -1.050611 0.282233 -1.316352 0.078430 0.312112 0.187079 -1.189212 -1.771885 0.565975 -1.471069 0.075794 -0.559268 1.733626 0.497962 -0.895978 -0.223732 -0.783852 -0.404312 -0.530929 0.883528 -0.808041 1.896077 0.942555 0.264086 -1.046584
0.917947 1.210444 1.606841 -0.924674 0.998894 -1.705853 0.239975 1.085921 1.361084 -2.159288 0.837103 -0.251557 0.707805 -0.509862 -0.817063 -2.102650 -0.088571 -1.459328 -1.394219 -0.149483 -0.229269 -1.328361 0.933790 0.451521 -2.328000 1.437350
-0.143514 -0.933886 -1.305985 -1.171903 -0.418333 -1.133048 -0.014995 0.016549 -1.299923 0.490319 -0.553143 -1.029547 0.850559 -0.407414 1.154304 -0.280754 0.010477 -0.726775 -0.665557 0.129260 0.479780 -0.090200 0.324754 -0.073995 -1.248805 -0.494365
-0.789042 -0.135377 1.205336 -0.217255 -1.305783 -0.353997 1.096736 1.100648 -1.385910 0.530018 -0.819776 0.527983 0.993519 -0.212540 -0.056516 0.694152 -0.153598 -1.701023 0.241351 -1.031603 0.411261 0.620972 -0.607146 -1.874977 -0.669064 0.004863
0.231852 1.092412 -0.991301 1.798483 -1.347210 0.131192 -0.004173 -1.376681 -0.576838 -0.869199 -0.735288 -0.740092 -1.034191 0.555955 0.056636 -0.190409 0.699196 2.052662 -0.480755 -1.341687 -1.839176 -0.515976 -0.601593 -0.552131 -0.792320 -1.411120
-0.485445 -0.663810 -1.259708 -1.342705 -0.974756 1.126000 -0.534427 1.178306 -0.770566 0.018196 0.311713 -0.925335 -1.448159 -0.240709 -2.680272 -0.900702 0.173144 0.721665 0.526952 0.013114 0.058769 0.334286 -1.570122 0.701568 -0.115374 0.204808
0.895286 -0.955108 -0.878349 -0.371494 -1.235068 -0.440561 -0.460898 0.072707 -0.028766 0.139012 -1.357326 -0.299905 -0.440054 -0.699425 -0.450906 -0.290156 -0.978194 -0.807964 -0.697300 -0.277887 -0.890204 -0.135804 -0.968499 -1.105434 -1.013222 -0.848908
0.509350 0.011322 -0.125466 0.906260 0.413210 -2.054845 0.558238 -0.007647 -2.939132 -0.840181 0.566004 -0.822523 0.192081 0.021542 -0.252174 -0.799091 -1.038922 -0.930996 1.349425 -1.383066 -0.230179 -0.575891 0.230648 0.078329 -0.531468 -2.188680

Bias w0 (Sa獮a):
-0.904034
-0.533476
-0.413884
-0.384427
-1.671880
0.351328
-0.287245
-0.515123
0.354870
-0.233651
-0.875314
-0.535201
-0.788289
-1.018045
-1.025729
-0.117313
0.167000
-0.563665
-0.924871
-1.124292
-0.536160
0.005378
0.552139
-0.360399
-0.874888
-0.945818
