Pesos v (Entrada -> Oculta):
-0.926788 0.820709 0.682191 -0.867757 0.227609 -0.242801 0.321071 -0.662529 0.808476 -0.003440 -0.050151 -0.930097 0.414808 -0.757365 0.238213
0.159172 0.569871 0.048160 0.300213 0.683044 -0.090524 0.464983 -0.661556 0.093760 0.027117 0.856168 -0.456837 0.288731 -0.629025 0.841862
-0.160825 -0.759318 0.930102 -0.211281 1.114060 -0.919048 -0.728472 0.904580 -0.910110 -0.797114 -0.329927 0.905203 -0.767723 0.014480 -0.818430
0.682774 -0.856697 -0.626854 0.524969 -0.189777 -0.133485 0.310651 0.364033 -0.271026 0.842366 -0.837828 0.149232 0.277224 0.828133 0.399403
1.066008 -0.097815 0.988633 0.573521 0.278652 0.743973 -0.215909 -0.869195 -0.677433 1.026924 0.389071 -0.288200 -0.278222 -0.535150 1.053750
-0.277270 -0.491589 0.104697 0.841103 -0.114195 0.882897 -0.060322 0.974248 -0.345506 0.905543 -0.666228 -0.967216 0.377514 -0.520954 0.710462
-0.601455 0.747886 0.516477 0.255861 -1.075223 0.380609 0.461415 -0.550785 0.835306 0.960069 -0.428385 -1.857519 0.141157 0.374342 -0.323686
1.059571 -0.972086 -0.806863 0.691647 -0.372859 0.654011 0.674069 -0.325989 -0.557374 0.279544 -0.015578 -0.520854 0.600797 0.971885 -0.290617
0.913703 -0.727681 -0.419436 -0.096585 -0.058259 0.482759 0.520815 -0.215589 0.618027 0.427004 -0.038827 0.370912 -0.618108 0.757784 0.855064
0.964183 0.236192 -0.795163 -0.298845 -0.340981 -0.788559 0.882391 -0.229414 -0.041273 -0.099775 0.748271 0.896035 -0.289083 0.018719 -0.174822
-0.673589 -0.170802 0.371439 0.752536 0.283223 0.761984 -0.895561 -0.671497 -0.753875 0.187109 -0.134676 -0.457134 0.494415 -0.107072 -0.249423
0.793261 -0.725527 0.540828 0.761414 -0.129574 0.089496 0.577301 -0.090229 0.566902 -0.866119 0.813623 -0.496393 -1.159949 0.745123 -0.338004
-0.295438 0.704635 -0.626464 0.608140 0.170720 0.014214 0.022872 -0.588022 -0.553950 -0.936907 0.944136 0.878988 0.437423 -0.060716 -0.492722
-0.436427 0.660610 0.602156 -0.261660 0.591713 -0.246804 -0.845298 -1.021939 -0.659903 -0.295776 0.908323 0.270457 -1.113066 0.504398 -0.366561
0.710692 0.606797 -0.303004 -0.800581 0.216222 0.395339 0.536859 -0.180913 0.485319 -0.532964 0.160691 -0.080557 -0.226427 0.796754 0.679121
0.524537 -0.383577 -0.446672 -0.537595 0.102588 -0.546057 0.847379 0.541218 -0.974757 -0.661681 0.038434 0.376328 -0.035199 -0.893042 -0.426059
-0.264146 -0.252810 -0.384487 0.778936 -0.873427 -0.331763 -0.036863 -0.319666 -0.138667 0.923328 0.791877 0.699086 -0.256344 -0.023275 -0.902495
-0.838750 -0.053170 0.597039 0.270451 -0.475751 -0.218884 -0.152238 -0.140925 0.185310 0.830682 0.055870 -0.807084 -0.008901 0.382218 0.692500
0.314707 -0.267137 -0.649587 0.016525 0.300706 -0.042292 -0.585262 -0.570444 1.331664 1.166302 -0.842514 -1.516932 0.675007 -0.878933 0.837530
-0.738934 -0.686837 -0.733249 0.754979 -0.624050 -0.944071 -0.572750 0.908385 0.936407 0.101258 0.051078 -0.412614 0.641056 -0.745195 0.583349
-0.444167 -0.745327 -0.996438 0.213507 0.373098 -0.924572 -0.053796 -0.749747 -1.001151 -0.878501 0.657769 -0.090163 0.079295 -0.630333 0.247680
0.856276 -0.885576 -0.796054 -0.223313 0.015742 -0.687282 -0.153237 -1.016857 -1.067078 -0.946054 0.383850 -0.003356 0.153373 0.536503 -0.648516
-0.960529 0.375957 0.060669 -0.579178 -0.223062 0.624868 -0.834289 -0.350942 -0.677492 0.263053 0.111378 -0.207172 -0.630227 -0.012206 -0.514511
-0.879442 0.889459 0.724467 -0.160509 0.352801 -0.518311 -0.322494 -0.452374 0.225196 0.161002 0.921596 0.571825 -0.948614 0.494730 0.553909
0.183243 0.356203 0.261541 -0.483520 -0.690359 0.071955 0.653456 -0.025870 -0.752691 0.059488 -0.745383 0.724321 0.594365 0.248500 1.005730
-0.521155 -0.085838 -0.431295 -0.833098 0.852437 -0.016152 0.502068 -0.242927 -0.409340 -0.890153 -0.108890 -0.279048 0.488391 0.404104 -0.888671
-0.450618 0.799325 -0.164161 0.751335 0.317136 0.863324 0.498615 -0.350412 0.425241 -0.594473 0.719710 0.851064 -0.304579 0.673616 -0.169992
-0.029338 -0.911970 -0.928968 0.159834 0.065033 0.382161 0.882495 -0.367537 0.125362 0.659819 -0.879602 0.941399 0.738750 0.431051 -0.523542
-0.054397 -0.890481 0.307163 1.040425 -0.118320 -0.450932 -0.312232 -0.426176 0.016184 0.253177 -0.943005 -0.250871 -0.157399 0.215462 0.706172
-0.572200 -0.050845 -0.015965 0.521410 -0.630981 -0.409247 0.868948 -0.179274 -0.493890 0.743873 0.575850 -1.006792 0.503532 -0.345488 0.597020
0.851724 0.518480 0.466161 0.316815 -0.349194 -0.096883 -0.411014 1.018497 0.559909 0.768845 -0.344616 -0.028127 -0.486478 -0.932637 0.290056
0.585913 -0.786373 -0.917792 -0.019505 -0.088356 -0.438059 0.492980 0.549544 0.529636 -0.418035 0.468100 -0.914021 0.271732 -0.621113 0.394991
0.397505 0.344661 0.854471 0.377990 -0.075491 0.944131 0.707130 0.355443 -0.319990 -0.403617 -0.611865 -0.552335 0.007256 0.790610 0.361921
0.314163 -0.323660 0.324806 0.668368 -0.527933 -0.028781 0.104755 0.380520 0.072467 -0.039720 -0.933310 0.697488 0.506685 -0.017784 0.739917
-0.910085 -0.972938 0.956149 -0.212999 -0.511075 -0.143564 0.264552 0.240573 0.343697 -0.433042 0.191191 0.376726 0.387617 -0.445303 0.892480
0.864913 0.057093 0.333398 0.961064 0.611879 -0.559313 -0.386045 0.167837 0.880153 0.538286 0.375617 0.757988 0.297157 -0.761926 0.357799
0.861351 -0.521250 -0.089835 -0.762302 -0.910319 0.042239 -0.544946 -0.964389 -0.397363 -0.031002 -0.135029 -0.961743 -0.587007 -0.740250 0.044918
-0.172520 -0.085645 0.780568 0.424234 -0.027877 -0.748375 -0.390273 0.578641 -0.795273 0.257404 0.042395 0.869958 0.656541 0.621066 -0.301784
-0.682881 0.827052 0.313203 0.430357 0.527224 -0.718884 0.571055 0.075407 -0.399986 0.144495 -0.451531 -0.521556 -0.482665 -0.855783 -0.622181
0.451303 0.167915 -0.990616 0.065605 0.494579 -0.307592 1.095882 -0.635152 0.074152 -0.246699 -0.011292 -0.356330 -0.234298 0.524910 0.426992
-0.007357 -0.654792 -0.722950 0.033614 1.068688 0.758161 0.753831 0.763112 0.315571 -0.037181 0.217265 0.110534 -0.094617 0.937828 -0.819750
0.478498 0.518056 0.382183 -1.189588 0.074094 0.239588 0.264312 -0.789792 0.336855 -0.453312 0.253116 0.550175 -1.335623 -0.009289 -0.012875
-0.846867 -0.512131 0.624852 0.103959 -0.014125 0.349770 -0.940712 0.334117 0.843215 -0.531427 0.732835 -0.345379 -1.082626 0.094457 0.611225
0.149561 0.361087 -0.665483 1.109287 -0.343291 0.184118 -0.002886 -0.747831 0.462744 -0.441465 0.749947 -0.307981 -0.175329 -0.625844 0.034178
-0.101532 -0.773403 -0.848156 0.474335 -0.643030 0.402935 -0.091648 0.412912 0.712785 0.749511 0.812590 -0.847258 0.994224 -0.495836 0.123000
-0.721500 -0.522838 -0.725448 0.417399 0.259384 0.224512 0.341893 -0.226200 0.978980 -0.462487 -0.652372 -0.795082 0.096522 -0.470423 0.685737
-0.126342 -0.994552 0.688625 0.382192 -0.003138 0.348689 -0.689012 0.912004 -0.505717 1.033629 0.553495 -0.504115 0.557596 -0.296442 -0.021009
-0.884412 0.855795 -0.997071 0.270369 0.039953 -0.725610 0.064396 -0.761099 0.575226 -0.744644 -0.127094 0.506390 0.009710 -0.477917 -0.456862
0.646195 -0.383223 0.966910 0.526923 -0.065022 -0.054007 -0.388711 0.635535 0.801331 -0.709968 0.799972 0.827359 -0.226546 0.137895 0.439613
0.414552 -0.275414 -0.788768 -0.740368 0.709301 -0.957960 0.681959 0.557623 0.568434 -0.205129 0.185329 0.726372 -0.108031 -0.590637 0.179039
-0.530281 -0.180935 -0.586082 0.732339 -0.350045 -0.526006 0.580324 -0.612601 0.494932 0.634016 0.502705 0.792506 -0.103620 -0.754324 -0.612697
-0.494493 -0.689205 -0.123927 1.042976 0.264762 -0.217928 0.055448 -0.553033 -0.652022 0.455627 -0.313541 0.624793 0.686305 -0.158310 -0.715168
0.585340 -0.405679 0.330531 -0.507874 0.636420 -0.574930 -0.717485 -0.814130 0.154332 -0.919893 0.696186 -0.445988 -0.979233 -0.164201 0.276916
-0.114572 0.457299 0.050540 -0.733056 0.603965 0.770724 0.519436 0.654837 -0.374798 -0.533030 -0.346296 0.689352 -1.088714 -0.510086 0.772555
0.081614 0.117488 -0.729252 -0.358445 -0.111273 -0.708716 -0.317140 -0.813042 0.113500 -0.120577 0.041723 1.393059 -0.436587 -0.619153 -0.407393
0.628612 -0.197643 0.851407 -0.377027 1.170251 0.253932 0.736919 0.465135 0.046867 -0.516674 -0.051771 -0.441653 0.543006 0.527351 0.662347
0.901719 0.045130 0.126638 0.153116 -0.803299 -0.270676 -0.264708 0.103543 -0.557273 0.159194 0.456797 -0.161826 -0.151085 0.598424 -0.256493
-0.698053 0.757344 -0.580586 1.170258 0.527333 -0.607712 0.487255 0.236452 -0.601957 -0.725543 -0.206311 -0.024925 0.191015 -0.545502 -0.050101
0.167500 -0.511216 0.089012 -0.242190 -0.041748 -0.538205 -0.472499 -0.159696 -0.607026 -0.638619 0.573056 0.427179 0.633749 -0.174467 -0.751240
0.164139 -0.786459 0.237752 -0.086195 0.487298 0.006203 -0.309787 0.878846 -0.571187 0.726340 -0.896281 0.000889 -0.567014 -0.288009 0.604384
0.403914 -0.538549 -0.224253 0.208243 -0.799374 -0.138609 -0.252848 0.113299 0.671707 0.803936 0.048663 -0.572997 0.298716 0.528532 0.094483
-0.032155 -0.847632 0.545200 0.326756 -0.674711 0.223116 -0.617406 0.852889 -0.029294 0.873652 0.404070 0.106512 -0.501284 -0.245823 0.291263
0.266988 0.482434 0.789418 -0.706277 -0.339744 -0.322307 0.396435 0.924538 -0.576774 0.079509 0.461987 0.501934 -0.093655 -0.491752 -0.885270
0.221116 -0.405395 -0.825366 -0.990571 0.284933 0.960681 -0.803699 -0.624300 -0.381996 -0.142063 0.710379 -0.574686 -0.070711 -0.705411 -0.420967
-0.522013 0.563697 -0.670370 -0.833256 -0.006023 0.007551 0.216879 -0.465991 -0.490481 -0.497800 -0.269486 -0.526563 -0.419422 0.067843 0.772078
0.410742 0.924978 -0.243945 -1.535499 0.582434 0.695561 -0.519174 0.154495 -0.941221 0.420686 0.914641 1.064822 -0.773343 0.542228 0.041520
0.539476 -0.515207 0.483639 0.163191 -0.853610 0.207219 -0.854631 0.093885 0.659358 0.309804 0.242555 0.789271 1.042542 0.549897 -0.866071
0.938250 -0.580796 -0.820310 0.219405 0.086037 0.387801 -0.459089 -0.151104 0.616865 0.446390 0.088705 0.525569 -0.207417 -0.126631 0.783888
0.554018 0.449029 -0.838789 -0.662659 0.861065 0.178400 0.178115 0.060689 0.254369 0.613472 -0.773422 -0.408719 -0.496088 -0.882390 0.161451
0.617237 -0.195961 -0.475920 -0.350684 0.888540 -0.056610 0.093267 0.628792 0.067077 0.323229 0.633342 -0.017257 -0.217457 -0.037257 0.006277
-0.348542 0.191094 0.835597 -0.438794 -0.144079 0.677258 -0.082731 -0.089318 0.621393 0.960835 0.348784 -0.848485 -0.357844 0.830258 -0.932685
0.358516 -0.648804 -0.057755 0.560493 0.829609 0.582349 0.905236 0.269112 -0.598898 0.448243 -0.775709 0.655914 -0.552290 -0.577565 -0.438060
0.610299 -0.361418 0.441014 -0.575810 0.167176 0.833186 0.813214 -0.583584 -0.552862 -0.075679 0.825447 0.578105 0.099486 0.395838 -0.259296
0.607860 0.954130 0.307441 0.126561 -0.691225 -0.782032 0.870035 0.777890 -0.263164 0.674867 -0.013205 -1.064637 -0.325698 -0.819344 0.476456
-0.392874 -0.747136 -0.819184 0.627590 0.071674 0.505694 -0.559655 0.377885 0.868012 0.493379 0.568344 -0.650983 0.317901 -0.446825 -0.253022
0.219608 -0.453453 -0.568117 -0.683505 0.023346 0.120817 0.500691 -0.546351 0.352276 -0.256591 -0.152889 0.052263 -0.553811 0.265035 -0.402428
-0.861552 0.094346 -0.359267 -0.910302 0.238820 0.854126 0.096385 0.381231 0.169807 0.041582 0.596916 1.077143 0.182093 -0.020462 0.944544
0.044825 0.052264 -0.564569 -0.691889 0.120714 -0.052732 -1.005735 -0.013418 0.444047 -0.812098 -0.053163 0.730023 -0.403357 0.073964 0.666259
-0.681731 -0.181955 0.758991 0.969444 0.808099 0.809561 0.356094 0.385012 -0.239744 0.360890 -0.933125 -0.307132 -0.030617 0.191863 -0.093863
0.475583 0.719312 0.617316 0.135740 0.767215 0.286677 0.134801 -0.106934 -0.234810 0.364364 0.623535 -1.079014 0.738065 -0.066556 0.688490
0.793740 0.776291 -0.211648 0.664879 0.041320 0.273878 0.153494 0.644030 0.458378 -0.708250 -0.172639 -0.813468 -0.298752 -0.921347 -0.470397
0.484547 0.428243 -0.283870 0.471755 0.699618 0.140481 -0.285236 0.137499 0.390849 0.028590 -0.411631 -0.574078 0.736787 0.367521 -0.757201
0.376622 0.702831 0.942458 -0.260094 0.816348 0.666303 0.219026 -0.959238 0.951683 -0.743286 -0.599125 -0.359786 0.352664 0.851969 0.847652
0.664978 -0.404647 -0.018241 -0.645805 -0.764644 -0.001030 -0.020673 0.194864 0.559099 -0.264376 -0.751098 -0.735667 -0.094178 0.650279 -0.699748
-0.628710 0.604417 0.608845 -0.320264 0.804201 -0.656084 -0.734742 0.439069 0.234356 -0.163845 0.583279 -0.508184 -0.126857 0.227040 -0.337560
-0.643959 0.178803 -0.818500 -0.733238 -0.325256 0.911942 -0.130979 -0.554686 0.742131 -0.313237 0.041569 0.506927 -0.443560 -0.495086 0.151688
-0.745052 -0.602395 -0.447283 -0.981576 -0.623994 0.544510 0.004014 0.753125 -0.012767 -0.645936 -0.524103 -0.228593 -0.137636 -0.924582 0.578733
0.291157 -0.235075 0.367879 0.101722 -0.910224 0.807630 -0.567167 0.074665 -0.056678 0.546030 -0.565714 -0.313594 0.499987 -0.314218 -0.575904
-0.673651 -0.798897 -0.588296 -0.286094 0.652686 0.512831 -1.005622 -0.213496 -0.319961 -0.690735 -0.922041 0.931611 0.513081 -0.433462 0.318125
-0.359050 0.965504 0.227646 -0.643076 -0.331455 -0.428516 -0.613862 -0.039385 -0.934920 0.593645 -0.046825 -0.413097 0.448588 0.426761 0.772673
0.198683 0.050710 0.029740 -0.086286 -0.000783 0.853262 0.538517 -0.049398 -0.224212 0.696098 0.191228 0.222525 0.928900 -0.799959 -0.170968
0.944721 -0.126862 0.013217 1.179633 0.283451 -0.177905 0.817810 0.323935 0.323048 -0.066558 0.374131 -0.118068 0.242243 0.356175 0.948110
-0.044414 0.377273 0.021727 -0.599147 -0.332065 0.249778 -0.719917 0.246079 0.233027 0.680688 0.102830 -0.050217 -0.855950 -0.941807 0.399169
-0.352163 -1.146938 -0.215453 0.213332 -0.829804 0.056018 -0.628070 0.465103 0.971631 -0.503812 0.534331 -0.519156 -0.469128 0.946512 0.704294
-0.232710 0.480311 0.762743 -0.518698 0.352897 0.321442 -0.329277 -0.858838 0.181670 -0.681085 -0.896431 -0.880678 -0.975819 0.721499 0.229778
0.274792 -0.011749 -0.883251 0.039096 0.876335 -0.057850 -0.101939 0.366208 0.103940 0.059348 -0.990249 -0.088543 0.761787 -0.738267 0.090130
-0.776845 -1.017364 0.938274 0.832654 0.856508 -0.980645 -0.705915 -0.895357 -0.554108 0.545123 -0.450914 -0.534362 -0.526839 0.028179 0.731197
0.734093 -0.904409 0.729148 -0.429205 0.298298 0.775105 0.717140 -0.571183 -0.700822 0.609290 0.503482 1.169319 -0.564822 -0.223116 -0.248184
0.309523 0.335353 -0.374988 -0.958163 -0.371836 0.026568 -0.502012 -0.313893 0.476081 -1.029113 0.744401 -0.511789 -0.552933 0.512676 -0.659948
-0.022888 0.393489 0.622203 0.601186 0.574804 0.862428 -0.817346 -0.274125 -0.289913 0.891291 -0.645039 -0.520705 -0.433599 -0.626131 -0.275639
0.427746 -0.596842 -0.449345 -0.124992 0.294301 0.127559 -0.403732 -0.493439 0.482570 0.127826 0.704622 0.021530 0.296512 -0.119799 0.362512
-0.553909 -0.894538 0.509269 0.323714 0.425092 -0.297922 -0.746748 0.560596 0.607868 -0.728936 0.850880 0.429260 0.330478 -0.287379 0.356124
0.974616 0.446498 0.288037 0.055679 -0.372324 0.317033 0.039113 -0.319474 -0.740197 0.358902 0.371899 -0.309527 0.559158 -0.601126 -0.951556
0.583119 0.431870 -0.527319 0.509201 0.545696 -0.476266 0.460305 0.624551 0.691945 -0.436918 -0.657314 -0.324553 -1.061249 0.796361 0.731048
-0.938466 0.102557 0.527948 0.467187 -0.504073 0.154322 -0.270036 0.598949 -1.090103 -0.427575 -0.316274 0.345855 -0.276985 -0.736256 0.326250
-0.285921 -0.693083 -0.993554 0.450070 1.014393 0.883546 -0.469689 -0.839145 -0.923354 -0.383794 0.990871 0.176900 -0.725465 -0.504558 0.516159
0.090591 -0.465585 0.646059 0.955715 -0.466370 0.541834 0.016801 0.970830 0.768497 0.072627 0.519893 0.531876 0.174336 0.239992 0.303847
0.002038 -0.699732 -0.196954 -0.187809 0.325401 -0.315382 -0.816675 -0.215371 0.932600 -0.385512 -0.073082 0.076243 0.930650 -0.509452 -0.500915
-0.691733 -0.997542 -0.316073 -0.293165 0.386207 0.916114 -0.301786 -0.919286 0.176774 0.497612 -0.947188 0.517964 0.205736 -0.345624 0.973322
-0.842260 -0.732011 0.949698 -0.596282 -0.356715 0.113410 0.026144 0.316102 0.476846 0.792218 -0.573355 0.133627 -1.093362 0.296580 0.886668
-0.662570 0.665331 -0.738475 0.101194 -0.653572 0.418184 -0.347266 -0.908969 -0.148428 -0.063297 0.595043 0.045841 -0.922609 0.870074 -0.814972
0.188082 0.720237 -0.445220 0.417341 -0.236412 0.044768 0.741189 0.209719 0.782906 -0.178693 -0.679806 -0.301247 0.874800 0.459290 -0.188277
-0.326923 -0.377800 -0.410323 0.280951 -0.017140 -0.935664 -0.485845 -1.130411 -0.524867 -0.394120 0.639350 -0.630130 1.105383 -0.524593 -0.614789
0.699317 -0.927869 -0.075831 0.780197 -0.378948 0.894397 -0.333726 -0.496977 -0.230171 -0.327320 0.852777 0.032757 1.429793 -0.093201 -0.700526
0.201278 -0.426781 0.777239 -0.262790 -0.556414 0.747331 -0.182198 -0.029937 0.706954 0.377971 -0.077849 0.817209 0.417084 0.069221 -0.177458
0.507105 0.244530 -0.601914 -0.907240 -0.786129 0.950223 -0.665826 -0.038793 -0.901451 -0.825089 0.883338 -0.388671 -0.172159 -0.812146 -0.107801
-0.684001 -0.108571 0.444217 -1.009455 -0.612581 -0.138185 -0.660357 0.802188 0.573678 -0.166955 0.490331 -0.086889 -1.160400 -0.607361 0.394385
-0.500771 0.167691 0.277639 -0.545696 0.498601 0.515283 0.018310 -0.759728 -0.774875 0.616025 -0.195947 0.136010 -0.142167 0.008336 0.920034
0.346500 0.128374 0.147897 -0.144131 -0.333205 0.907243 0.200661 0.730666 0.368215 0.360983 -0.300125 -0.209128 0.552272 -0.738188 -0.112783
-0.039639 -0.397435 -0.611138 -0.167385 -0.526912 0.272966 -0.129247 -0.903317 -1.010093 0.207364 0.229935 0.662549 0.918298 0.876438 -0.471077

Bias v0 (Oculta):
0.176148
0.763855
0.746914
0.790650
-0.709648
-0.923450
-0.603608
-0.964667
0.623456
-0.748034
-0.086512
0.826081
0.628364
0.967276
-0.138941

Pesos w (Oculta -> Saída):
0.407341 -0.593827
-0.619517 0.278128
0.044585 0.608736
1.996142 -2.075966
-0.949649 0.905637
-0.256526 0.596794
0.657522 -0.297730
0.681731 -1.019674
1.195719 -0.902889
0.938644 -1.300933
-0.982555 0.095383
-1.953778 1.920152
2.433881 -2.315128
-0.186947 -0.089124
-0.332126 0.247510

Bias w0 (Saída):
0.576404
-0.354284
