Pesos v (Entrada -> Oculta):
0.425729 -0.009520 -0.896483 0.882285 -0.391041 -0.194249 -0.216286 -0.371652 -0.549012 -0.742869 0.082053 -0.010667 0.728491 0.578849 0.247896
-0.330039 0.409253 -0.679065 -0.321277 0.687785 -0.885614 -0.620569 0.350848 -0.827446 0.663353 0.498955 0.951452 0.999115 -0.645632 -0.019528
-0.356561 0.442217 0.311253 0.564659 -0.031084 0.680435 -0.054529 0.350275 0.302263 0.817336 0.744778 -0.592647 0.531910 -0.054748 0.034282
-0.932567 -0.545695 -0.530012 -0.718385 -0.866028 0.107031 -0.720170 -0.506709 0.440283 0.505652 -0.309436 -0.819213 0.311087 -0.274348 -0.320933
0.363911 0.908122 0.943868 0.338091 -0.436559 0.486743 0.202981 0.605478 0.055249 -0.633436 -0.369252 -0.739518 -0.251452 0.136797 0.023815
0.009692 -0.015884 -0.363993 -0.569810 0.677487 -0.573401 -0.522185 0.467234 0.575029 -0.655660 0.170873 -0.449913 -1.145231 0.786151 0.466208
-0.269887 0.905509 0.078947 0.096305 0.318429 -0.097695 0.764105 0.830439 -0.779063 0.207678 0.644082 -0.194217 0.608854 -0.314653 0.010660
-0.869598 -0.188427 -0.459444 0.564852 -0.525154 -0.026939 0.002092 0.616887 -0.637504 0.829117 1.323672 -0.393406 0.102188 0.876020 -0.752842
-0.914880 -0.627353 0.277785 0.066211 -0.660430 -0.216272 0.890269 -0.258855 -0.416372 0.634427 -0.335532 0.729604 0.760452 -0.304665 0.280174
-0.723123 -0.558022 -0.978584 0.316491 0.490824 -0.283182 -0.211219 -0.588722 0.890951 -0.470104 -0.957151 -0.976811 0.298181 -0.518629 0.366398
0.850881 0.874138 -0.395604 0.740488 0.802219 -0.816085 -0.749221 0.544931 0.966654 0.877535 -0.547958 0.723693 0.392059 0.663158 0.795584
0.180407 -0.946315 0.847092 0.121310 0.365197 0.076029 0.014459 -0.440604 -0.727372 -0.747181 -0.316804 -0.882204 0.418471 0.388004 -0.145766
0.700387 -0.512102 -0.136628 -0.937810 -0.676477 0.034397 0.761898 0.838029 0.476708 -0.782642 -0.001827 -0.327221 0.074568 -0.233143 0.582577
0.133955 -0.159600 -0.349521 0.755515 -0.293862 -0.571229 -1.128085 -0.884973 -0.742183 -0.163417 0.756053 0.513606 -0.247562 0.182003 0.402886
0.146957 0.601788 0.707949 0.348654 0.438652 0.091996 0.308190 -0.312193 0.058241 -0.728679 -0.133919 0.761006 -0.724727 -0.980247 1.156436
-0.622005 0.209402 -0.955941 0.042064 -0.626733 -0.902051 0.655458 -0.046734 -0.741741 -0.726952 -0.721687 -0.575594 0.752843 0.164610 -0.638125
-1.160594 0.806310 0.712566 0.579825 -0.094825 -0.595138 0.326457 -0.002514 -0.923184 -0.119917 -0.532754 -0.059284 0.211736 -0.357522 -0.203340
-0.433913 -0.501578 0.252578 0.479846 0.856076 -0.260125 -0.513883 0.294525 0.539736 0.302011 0.669105 0.787214 -0.041460 0.244154 0.201464
-0.265656 0.361931 0.708070 0.248668 -0.855647 0.471890 0.483908 1.122258 0.040557 -0.219419 0.714353 0.977792 0.260922 0.579324 -0.834954
-1.337805 0.099711 0.937192 0.734877 -0.711432 -0.674372 -0.115951 0.397373 0.624431 0.474365 0.082820 -0.516893 -0.411601 -0.682446 0.526190
0.849958 -0.511992 0.317051 0.328831 -0.073425 0.726440 -0.307243 -1.278433 -0.272003 0.004469 -0.299238 -1.006837 -0.460768 -0.882768 0.008513
0.880040 -0.291252 0.666587 0.590533 0.437317 -0.807484 0.735105 0.234602 0.026773 -0.086958 -0.943925 0.697138 -0.181104 0.724128 0.987768
-0.692693 -0.300482 0.851211 0.414263 -0.102619 0.302938 0.040085 0.015705 -0.206022 -1.075575 -0.831268 -0.808744 0.663523 0.244668 0.849202
0.683205 0.505694 0.820072 0.967391 -0.545284 0.884524 0.352646 0.443721 -0.619988 0.928018 -0.803711 -0.852675 0.104775 0.802699 0.850660
-0.599284 -0.496960 -0.563430 0.428606 0.410010 -0.329944 0.603762 -0.249063 -0.639010 0.937804 0.091306 -0.698831 0.709148 0.072504 0.442107
0.015067 0.595188 0.647022 -0.781679 0.854619 -0.825172 -1.071781 0.724935 -0.194548 -0.040444 -0.453834 -0.657296 -0.405090 0.767776 -0.600536
-0.355839 -0.196080 -0.596328 -1.046122 -0.670007 0.888970 0.841353 -0.663110 0.653958 -0.878474 0.720649 0.350728 -0.523067 -0.102006 0.418500
0.447477 0.953436 -0.404434 -0.234926 0.439807 -0.549760 -0.319442 0.128684 0.704587 -0.044268 0.137713 -0.133869 -1.015922 -0.086335 0.105691
0.113831 0.953889 0.010213 0.948540 0.079307 -0.970536 0.437190 -0.096594 -0.982989 0.821715 1.062794 0.502205 -0.510835 0.876681 0.644070
0.092940 -0.584069 0.369323 1.172592 -0.757066 -0.417133 -0.394599 -0.253635 -0.137600 -0.948869 -0.210026 -0.029647 -0.024761 -0.673062 -0.082971
0.340096 -0.017079 -0.097008 0.137656 0.032714 -0.858907 0.786373 0.760530 0.299900 -0.471956 0.528878 0.983217 0.021625 0.545246 -0.582356
-0.454642 -0.610545 -0.647710 0.597593 0.473579 1.081622 -0.540227 0.789437 -0.178131 0.606714 1.263517 -0.364342 0.256248 -0.648514 0.551130
0.537752 -0.747755 0.856969 0.121222 0.688150 -0.492195 0.486318 0.987080 -0.663848 -0.951128 0.865434 -0.176614 -0.036822 0.259430 0.737943
1.049017 -0.656971 0.235916 0.783973 -0.930911 -0.855111 -0.749197 0.744148 0.651833 0.435225 0.468914 1.005335 0.406466 0.713708 0.509177
-0.069938 -0.168835 -0.070751 0.891240 -0.356075 0.053271 -0.169815 0.107898 0.219533 0.462201 -0.145868 0.113391 0.657277 -0.211138 -0.923829
0.329679 -0.652246 0.802529 -0.546580 -0.461240 0.373014 -0.012898 -0.677807 -0.394746 0.309614 -0.768004 -0.458983 0.705287 0.214214 0.729500
0.940831 0.258822 0.441128 -0.902943 -0.937539 -0.774312 -0.035962 -0.285273 0.306210 0.056637 -0.024314 -0.508264 0.228709 0.241421 0.324284
-0.601188 -0.500802 0.225628 -0.064519 -0.126789 -0.724556 0.568784 -0.678406 -0.221335 0.356874 -0.656782 0.525920 -0.146761 0.846243 0.558996
0.450349 -0.512943 0.609861 0.845391 -0.084011 0.656023 0.588646 -0.289963 0.093572 -0.832909 0.257685 -0.362742 0.011999 0.750401 -0.603167
0.664559 -0.271108 -0.370135 0.455500 -0.141917 -0.034851 0.222297 -0.176905 0.740719 -0.631556 -0.701573 0.166887 0.582327 0.293106 -0.838663
-0.167938 0.967401 0.212742 0.486909 -0.107343 -0.366612 0.183157 -0.498988 0.680202 -0.096796 -0.714859 -0.861538 -0.374833 0.303806 0.023745
0.122185 0.729595 0.083329 -0.233983 0.614308 0.172369 -0.989918 -1.078191 -0.179469 0.591130 -0.526166 -0.253122 1.295398 -0.610883 -0.388128
-0.640253 -0.842539 -0.689510 -0.380330 0.852931 -0.186323 -0.753502 -1.146747 0.862022 0.135585 0.708390 -0.839524 0.809459 0.213610 0.643108
0.702173 -0.841679 -0.060986 0.173175 -0.595251 -0.641868 0.807975 -0.178557 0.150097 -0.430611 0.451234 -0.095141 0.272665 -0.484158 -0.451442
0.051644 0.773997 -0.098418 0.744922 0.096045 0.158495 0.323854 0.498608 0.412075 -0.075055 -0.597208 0.791182 -0.721790 -0.275645 -0.483906
0.588472 -0.346312 0.916710 0.365865 0.040536 0.052145 -0.102684 -0.055253 -0.955388 0.134330 -0.399498 0.525969 -0.680956 0.332353 0.173853
1.041837 -0.500688 -0.279987 -0.305947 0.217444 0.566431 0.589668 0.320374 -0.291768 0.458550 0.239485 -0.171262 -0.843001 -0.054298 -0.753739
-0.031400 0.461670 -0.209545 0.052056 0.540292 0.161297 -0.782421 0.431117 0.331882 0.197725 -0.697879 -0.280388 0.302779 -0.841950 -0.097982
0.057832 -1.009159 -0.666560 -0.738260 0.649949 0.535860 -0.967742 -0.033558 -0.541211 0.499557 0.445893 0.512774 -0.337469 0.863335 -0.730190
-0.523291 -0.353993 0.984228 0.214480 -0.029801 -0.939427 -0.943266 -0.671857 0.913828 0.591623 0.547606 -0.415634 0.827283 -0.472072 -0.532204
-0.459303 -0.772484 0.303228 0.020825 0.732818 0.352578 -0.817835 -0.681141 0.953284 -0.294942 -0.677544 -0.250255 0.810329 -0.262222 0.088221
-0.276307 -0.157463 -0.897263 -0.239010 -0.489772 -0.516890 -0.413560 -0.469521 -0.887775 0.763865 0.022347 0.265143 -0.934430 0.229978 -0.514393
-0.593108 0.147370 0.593631 -0.165857 0.591718 -1.072985 -0.965360 -0.535065 -0.529132 -0.463905 -0.855053 0.143614 0.850767 0.166672 0.378239
0.951242 0.803541 -0.158104 -0.774042 -0.434863 0.741257 -0.737699 -0.485133 -0.401867 0.136471 -0.728086 -0.839383 0.343626 0.647071 0.962909
0.153894 -0.489107 -0.863329 -0.465411 -0.261408 0.647622 0.227226 -0.092397 0.353110 0.320578 0.882107 0.028531 0.702755 -0.475640 0.504044
0.553003 -0.569403 -0.836341 0.331207 0.188913 -0.320290 -0.619937 0.002447 -0.097145 -0.303355 0.189721 -0.436156 -0.823854 0.070354 0.749998
-0.486797 -0.184958 -0.453478 0.954391 -1.002312 -0.693725 0.150338 0.738022 -0.373440 -0.631679 0.527071 -0.758294 0.852796 0.148135 -0.812988
-0.045761 -0.960928 0.682438 -0.768703 0.615546 1.051448 -0.306788 -0.027606 -0.780863 -0.394991 0.132439 -0.331401 -0.934709 -0.359330 0.245308
0.940177 0.377065 -0.414187 -0.173824 0.800142 -0.812336 -0.961196 -0.647853 -0.444107 0.420063 0.020485 0.818543 0.228273 -0.058827 -0.337123
-0.276654 0.671326 0.197537 0.007047 0.959760 -0.450135 0.712261 -0.043798 0.083490 -0.385286 -0.334199 0.426296 0.099758 0.818908 0.692290
-0.560135 0.765934 -0.221191 -0.717966 0.165664 -0.589912 0.664684 0.120118 -0.499409 -0.515273 0.845319 0.027215 -0.397701 -0.172910 -0.111259
0.961788 -0.885336 0.227207 0.287810 -0.025959 0.176164 0.349914 -0.003558 -0.320113 -0.036047 1.063262 -0.693186 -0.112309 -0.438307 -0.554379
-0.289507 0.954415 0.770036 0.400349 -0.604275 -0.083892 0.413814 0.869871 -0.970125 -0.508534 0.232471 1.077243 0.613081 0.417539 0.293528
0.183418 -0.491596 0.590268 -0.748072 -0.356431 0.640969 -0.225414 0.030314 0.302446 -0.599923 0.491484 0.969064 0.271095 0.874608 -0.597161
-0.633751 0.141536 -0.008103 -0.795726 0.357333 -0.929793 -0.746369 -0.352981 0.987702 -0.884068 -0.893312 -0.592528 0.318871 0.284719 0.743677
-0.647761 -0.350441 -1.171491 -0.732916 0.477962 -0.169931 0.079555 -0.146116 0.223831 -0.422548 0.001266 0.285788 0.325033 -0.818516 0.567073
0.833418 0.608130 -1.000422 -0.438353 0.281658 -0.658212 0.607664 0.550775 -0.700708 0.570435 0.335833 -0.255899 -0.514369 0.246601 -0.577859
-0.203306 -0.704880 -0.645344 0.750247 -0.266302 -0.464833 -0.404029 -0.438098 -0.355057 0.604994 -0.114419 0.192576 -0.034186 0.704605 -0.773380
-0.170631 -0.254646 0.218201 -0.293448 0.910790 1.150404 0.842304 -0.599741 -0.884172 -0.306429 0.661601 -0.461883 0.874931 0.825188 0.251978
-0.403295 0.859735 0.220613 -0.013780 0.621509 -0.746544 0.445330 -0.314437 -0.695852 -0.446159 0.359302 0.148982 -0.832388 -0.547920 -0.974684
0.735646 0.645499 0.907673 -0.427251 0.330650 0.309287 0.086742 0.115772 0.370494 0.227577 -0.488778 -0.155956 0.461743 -0.614831 0.591008
0.831174 0.437194 1.011172 0.957202 -0.432708 0.091954 0.182261 0.872340 0.819450 -0.674099 0.323650 0.794019 0.511340 -0.540414 0.030447
-0.273797 -0.920766 0.358854 0.474640 -0.186086 -0.172933 -0.988182 0.343289 0.869857 -0.277800 0.018893 -0.051752 -0.307174 -0.686363 0.530771
-0.020498 -0.133324 -0.349182 -0.058558 0.960776 0.804161 0.931131 0.699344 -0.755857 0.375553 -0.525436 0.834998 0.388641 -0.197796 -0.469114
0.588290 0.392732 0.078681 0.144481 0.086262 0.256517 -0.656747 -0.220003 -0.170660 0.485050 0.546718 0.110944 -0.734207 0.548354 -0.639761
-0.712762 0.861813 0.577040 0.772763 0.253260 -0.468279 -0.786175 -1.346108 0.615285 0.240383 0.054804 -0.960803 -0.501221 0.018684 0.623459
0.812051 0.036207 0.125005 -0.879853 -0.479358 -0.179146 -0.008597 -0.671665 -0.677519 0.884536 0.319053 -0.045771 1.005533 -0.858907 0.558959
-0.309016 -0.889237 0.117032 -0.025316 -0.426905 0.004053 -1.012470 -0.037770 -0.810756 -0.775613 -0.173567 -0.050851 0.976230 0.576182 0.144956
0.194910 0.741402 -0.355929 0.663053 -0.585334 0.872394 -0.784192 -0.325675 0.794322 -0.852685 0.283819 0.577708 -0.501563 0.469774 -0.107669
0.560517 -0.647098 -0.429930 -0.982834 -0.464699 -0.509842 -0.088055 -0.160645 0.554858 1.073919 0.924368 1.071946 -0.204599 -0.835530 -1.001619
0.208114 -0.477878 -0.104455 1.052196 0.534386 1.174391 0.464517 -0.415789 -0.573012 -0.684703 -0.408219 1.092308 -0.726725 -0.793422 0.216480
0.415115 0.464011 0.491678 0.860315 -0.220371 -0.196462 0.377824 1.150759 -0.542967 -0.541074 -0.644028 -0.011536 -0.868769 -0.668693 -0.642064
-0.801811 0.199333 -0.435761 -0.026711 0.002194 0.319259 -0.562915 -0.616298 -0.598092 -0.376822 0.158763 -0.457907 -0.192542 0.061062 -0.121898
-0.273811 -0.715822 0.137680 -0.822096 -0.272005 0.161552 0.698095 0.062316 0.564630 -0.782009 -0.413671 0.426002 -0.782547 -0.321664 -0.868819
0.408102 -0.740086 0.294462 -0.170440 0.983535 -0.198785 -0.813700 -0.275110 -0.288813 0.002833 0.926885 0.235593 0.108241 -0.676586 -0.187204
-0.184218 -0.584687 0.404968 -0.726706 -0.071730 -0.307687 0.205467 -0.945003 0.484509 0.404024 0.314156 0.972057 -0.705877 0.288730 0.053133
-0.560547 0.183882 0.403892 0.510739 -0.891860 -0.729966 -0.285131 -0.281354 -0.349700 -0.537976 -0.821597 -0.416260 0.333227 -0.423886 0.218888
-0.025605 0.697651 0.874269 0.746509 -0.472973 0.480462 0.730264 0.524398 0.193173 0.724830 -0.586547 -0.367432 0.348919 -0.216226 -1.121994
0.598038 0.351185 0.734407 0.357247 -0.751360 -1.034655 -0.576597 -0.118967 -0.502474 0.505925 0.624914 0.045742 -0.296622 -0.502294 0.633787
0.396746 0.920796 -0.507042 0.345374 -0.363998 -0.647865 0.423705 0.068019 0.540938 -0.954370 -0.130938 -0.039169 -0.865515 -1.116211 0.006506
0.813489 -0.827965 -0.293529 0.792048 -0.687193 -0.937420 -0.839586 0.923496 0.220425 0.876286 0.061958 -0.343304 0.448782 0.605846 -0.267309
0.918872 -0.492999 0.827348 0.580523 -0.720322 0.598781 -0.758484 0.457403 -0.745577 -0.666525 0.604090 -0.131033 -0.027663 -0.413397 -0.912451
0.131572 0.158025 0.621586 -0.462656 -1.007238 -0.018522 0.373865 0.396111 -0.701673 -0.207059 0.977368 -0.488326 0.500577 -0.347828 0.500075
0.373959 0.931063 0.685501 0.708465 0.532630 -0.317978 -0.143506 0.267932 -0.005421 0.938407 0.593489 -0.587738 0.682982 -0.774247 0.646368
-0.036769 -0.593224 0.446864 -0.844187 0.485408 0.997253 -0.877334 0.447256 -0.845046 0.417297 -0.892997 1.019764 -0.413701 0.915865 0.135605
-0.127568 -0.213347 -0.269966 0.567713 0.659097 -0.975970 0.118142 -0.031020 0.756686 -0.996071 -0.025404 0.423517 0.558521 -0.635470 -0.421055
-0.440555 -0.098467 0.834706 -0.686338 0.715099 -0.021704 0.601031 -0.450660 0.376050 0.625804 -0.611773 -0.008991 0.375332 0.732574 0.824783
0.840852 0.500708 0.493577 -1.102703 -0.213270 0.043139 0.367750 -0.538018 -0.121774 0.871432 -0.187604 -0.118480 -0.607532 -0.699651 0.087647
-0.814752 -0.317706 -1.011014 0.323649 -0.768352 0.475122 -0.757205 0.411593 0.354654 0.115984 -0.449264 0.774676 0.652401 -0.303636 0.172533
0.290224 0.146326 0.086748 1.131200 -0.811204 0.624293 0.354219 0.705288 -0.961691 0.493338 0.032576 -0.304317 -0.336839 0.918286 -0.716083
-0.772952 -0.966771 -0.726780 0.378402 -0.940869 0.728535 -0.305794 0.637495 -0.910875 -0.492734 0.034752 -0.609484 0.310415 -0.280857 0.850685
-1.023353 0.117127 -0.658919 0.617158 0.917416 -0.466880 0.222230 -0.493894 0.496331 -0.879436 0.239333 0.438962 -1.009845 0.427287 -0.026395
-0.225153 0.981315 -0.017906 0.252893 -0.875023 0.169931 -1.057028 0.632275 -0.732586 -0.884366 -0.671952 -0.048547 0.906728 0.869008 -0.303936
-0.642460 -0.396833 -0.344561 -0.441705 -0.975836 0.266818 0.593238 0.663270 -1.037275 -0.394550 0.419184 0.412262 0.209245 -0.579792 -0.995461
0.784950 0.617091 -0.609395 -0.748821 -0.648396 -0.516219 -0.325712 -0.185953 -0.073585 0.183415 0.634153 -0.041520 0.876126 0.559132 -0.127880
0.689537 0.038237 0.176026 0.064304 0.389189 0.148948 0.260758 -1.041960 -0.689377 -0.849876 -0.175427 -0.525277 -0.942314 -0.960126 0.057314
-0.543323 -0.723698 -0.869919 0.966831 -0.140940 -0.570957 -0.079631 0.546005 -0.297037 -0.891386 0.180906 -0.387550 0.261089 -0.924819 -0.514943
0.479840 0.639304 0.929039 -0.062078 0.738981 0.792094 0.917675 0.130914 0.171127 -0.002452 -0.821849 0.889685 -0.224478 0.312023 -0.080478
-0.885741 -0.962910 -0.483249 0.973057 -0.028727 0.575792 -0.343960 0.039647 -0.662726 -0.662316 -0.457211 0.849461 -0.761934 0.252249 -0.726930
0.245600 -0.019025 0.033141 -0.442617 -0.475643 0.333066 0.238498 0.638409 0.222361 0.465679 -0.972518 0.189582 0.583307 -0.091750 0.420927
0.772038 0.927438 -0.539409 -0.634773 -0.206794 -0.247923 0.171127 -0.218411 0.450197 0.872918 -0.398592 0.182291 -0.629172 -0.427163 0.600442
-0.008617 0.486254 0.035865 0.095821 0.783118 -0.752252 0.998683 0.643755 -1.034662 -0.473141 -0.627302 -0.829394 -0.234055 0.427014 -0.103602
-0.466134 0.073216 0.901654 -0.246949 0.099189 -0.866962 0.273981 -0.000010 -0.370236 0.611678 -0.361965 -0.310058 -1.087881 -0.635607 -1.112641
-0.831231 0.636752 -0.140195 0.058868 0.406004 -0.685612 -1.036813 0.008768 -1.040633 0.889376 0.551949 0.754745 -0.423609 0.412119 -0.212792
-0.746442 -0.087285 0.203341 0.108357 0.553672 -0.499853 0.600098 0.332903 0.560012 -0.465680 0.239980 -0.800472 0.498451 0.870487 0.212022
0.612090 -0.675777 -0.527166 -0.055221 0.728807 0.294569 -0.093825 -0.374722 0.978012 -0.597406 0.382596 -0.151771 0.451525 0.884165 -0.118229
-0.622540 -0.572935 -0.253782 -0.205404 -0.366618 0.650127 -0.872835 -1.402112 0.840894 0.212334 -0.878149 -0.709472 -0.617485 -0.279316 -0.561733
0.811536 -0.230487 -0.552282 -0.779220 0.097920 -0.946480 -0.860482 0.577704 -0.791850 -1.010874 -0.494910 0.008342 -0.433417 -0.224477 0.180646
0.722643 0.419878 0.351680 -0.648266 -0.259387 0.722773 -0.806985 0.113038 -0.630083 0.929065 -0.341359 -0.301584 -0.525341 -0.639109 -0.526118
-0.435606 0.923681 -0.854386 1.016233 0.128184 0.009783 -0.771458 0.677302 -0.418306 0.536756 0.636398 -0.133869 0.916767 -0.921523 0.834018

Bias v0 (Oculta):
-0.804164
-0.660369
-0.198219
-0.641782
0.088172
-0.656090
0.380875
-0.362837
0.192686
0.203347
0.275100
-0.371009
-0.946481
-0.224532
-0.951856

Pesos w (Oculta -> Sa獮a):
-1.265294 1.411187
0.048632 -0.419818
0.533287 -0.862875
1.410543 -1.141648
-0.160241 0.786010
0.690111 -0.526733
0.392352 -1.133242
2.196453 -2.074425
-0.581616 0.097818
0.493998 -0.371235
1.607376 -1.640000
0.391412 -0.622628
-1.682934 1.226876
0.926130 -0.626070
-1.224771 1.350982

Bias w0 (Sa獮a):
-0.427218
0.310406
