Pesos v (Entrada -> Oculta):
0.386128 0.004056 -0.919904 0.858259 -0.401201 -0.169850 -0.154033 -0.211657 -0.604660 -0.691354 0.020305 -0.062655 0.745262 0.601448 0.255075
-0.342392 0.429632 -0.659212 -0.247557 0.674723 -0.809846 -0.545967 0.662966 -0.892429 0.726403 0.539572 0.941642 0.989628 -0.584489 -0.035809
-0.311175 0.462349 0.337626 0.576920 -0.060834 0.765891 0.016769 0.592968 0.281465 0.883319 0.856625 -0.533343 0.538791 -0.047500 0.037969
-0.703180 -0.549580 -0.639345 -0.869408 -0.876926 0.081216 -0.714064 -0.582282 0.442292 0.531336 -0.345960 -0.847582 0.350713 -0.320061 -0.179598
0.761897 0.896676 0.713135 0.015051 -0.400272 0.307741 0.206688 0.272951 0.101181 -0.651037 -0.635276 -0.911391 -0.053411 0.070038 0.281244
0.350013 -0.030353 -0.641635 -0.967306 0.745237 -0.748851 -0.516579 0.118690 0.646020 -0.727403 -0.166481 -0.659679 -0.938444 0.685020 0.798146
0.131874 0.898188 -0.192020 -0.365338 0.370094 -0.308962 0.748657 0.466981 -0.708796 0.120897 0.213364 -0.441663 0.867960 -0.440455 0.332957
-0.505995 -0.194241 -0.743535 0.211669 -0.478179 -0.215872 -0.016990 0.141234 -0.552110 0.730041 0.901363 -0.596869 0.301622 0.754414 -0.435279
-0.821978 -0.608429 0.123928 -0.021493 -0.631469 -0.317721 0.998026 -0.076386 -0.424282 0.664576 -0.554283 0.668451 0.732616 -0.275996 0.362363
-0.733929 -0.545222 -0.963315 0.300260 0.486519 -0.204452 -0.085264 -0.429564 0.842661 -0.375527 -0.951271 -0.970751 0.295818 -0.472905 0.353835
0.795508 0.878561 -0.401324 0.737506 0.786227 -0.749008 -0.670216 0.704102 0.909020 0.957938 -0.528376 0.705612 0.396551 0.709525 0.766845
0.141647 -0.936531 0.826572 0.091790 0.355357 0.098037 0.075509 -0.316027 -0.780772 -0.700910 -0.384322 -0.940954 0.440090 0.397228 -0.128885
0.623134 -0.482336 -0.107398 -0.939752 -0.692719 0.099397 0.845023 0.990408 0.405412 -0.737970 -0.035208 -0.340543 0.022274 -0.216094 0.567055
-0.144253 -0.132686 -0.232134 0.904380 -0.304917 -0.433762 -0.999121 -0.584110 -0.830914 -0.020030 0.814536 0.540913 -0.324245 0.333286 0.250290
-0.033518 0.680032 0.905276 0.698051 0.354617 0.286979 0.524834 0.507828 0.080107 -0.564915 0.369353 0.960486 -0.922363 -0.848974 0.731208
-0.373328 0.216193 -0.775330 0.222587 -0.714967 -0.797977 0.732109 0.903213 -0.722922 -0.692076 -0.181302 -0.361801 0.764545 0.153414 -0.909900
-0.888083 0.785345 0.862393 0.702461 -0.113896 -0.677263 0.260465 -0.286204 -0.877656 -0.182022 -0.375726 0.037122 0.276058 -0.462193 -0.140863
-0.094404 -0.531774 0.227860 0.431651 0.827316 -0.309001 -0.593674 -0.087056 0.602441 0.188529 0.635350 0.695071 -0.014700 0.153411 0.564227
0.220019 0.344760 0.671120 0.161002 -0.886730 0.342755 0.349977 0.669407 0.104151 -0.366589 0.549645 0.863655 0.445816 0.458197 -0.404302
-0.969766 0.086909 0.779832 0.562615 -0.715378 -0.937047 -0.372094 0.027532 0.776557 0.326321 -0.183242 -0.643087 -0.255432 -0.781984 0.995526
0.967341 -0.480160 0.114684 0.567920 -0.121109 0.790794 -0.328192 -0.882933 -0.232530 -0.032878 -0.391405 -0.991137 -0.714329 -0.772284 0.115729
0.670867 -0.262943 0.817759 0.860800 0.439599 -0.669215 0.891764 0.754641 -0.076286 -0.004821 -0.820310 0.682438 -0.378099 0.874767 0.805313
-0.887520 -0.277983 0.929603 0.423178 -0.111545 0.387483 0.162133 0.192737 -0.299267 -0.968306 -0.763335 -0.822117 0.599558 0.309041 0.874010
0.643303 0.522359 0.781835 0.941081 -0.555602 0.908876 0.427806 0.569825 -0.669366 0.979588 -0.857800 -0.885797 0.093704 0.815195 0.869517
-0.680581 -0.472314 -0.546561 0.413798 0.392181 -0.270563 0.681866 -0.110180 -0.707178 0.975553 0.065175 -0.712809 0.663808 0.088818 0.422796
-0.169325 0.600511 0.637693 -0.723259 0.847665 -0.740126 -0.966562 0.862973 -0.265131 0.075495 -0.433235 -0.665472 -0.494377 0.837496 -0.644366
-0.467227 -0.143033 -0.595127 -0.989583 -0.695011 0.898712 0.927690 -0.402554 0.652463 -0.818476 0.796253 0.440304 -0.465089 0.008661 0.150847
0.501363 0.907988 -0.397723 -0.217392 0.507279 -0.555927 -0.431965 0.401813 0.732016 -0.152829 0.304013 -0.036351 -0.858839 -0.165335 0.006926
-0.039247 0.888717 -0.015569 0.712462 0.162130 -0.972459 0.225683 -0.457990 -0.997473 0.731492 0.723194 0.341449 -0.327941 0.847521 0.993676
-0.002471 -0.596737 0.253285 0.974412 -0.773035 -0.403900 -0.346359 -0.235166 -0.201961 -0.951364 -0.299360 -0.228806 -0.121907 -0.610850 0.009143
0.503805 -0.009633 -0.038819 -0.000865 -0.007182 -0.904626 0.850103 0.759413 0.256136 -0.426896 0.405588 0.952254 0.131059 0.544792 -0.804906
-0.431480 -0.619170 -0.773207 0.274483 0.532168 0.831086 -0.758364 0.294349 -0.156607 0.585501 0.902619 -0.470905 0.670744 -0.648923 0.555260
0.286995 -0.725090 0.592976 0.046641 0.747506 -0.642413 0.365367 0.971215 -0.650447 -0.975269 0.708903 -0.390257 0.109132 0.265950 0.889831
0.979711 -0.663264 0.167280 0.805875 -0.882650 -0.876939 -0.689845 0.680334 0.587142 0.439860 0.319013 0.826444 0.410883 0.703840 0.628462
-0.170880 -0.152101 -0.044963 0.850128 -0.356252 0.041691 -0.067517 0.099333 0.128918 0.546655 -0.187219 0.064254 0.652646 -0.162531 -0.877816
0.333886 -0.640051 0.760423 -0.586637 -0.465354 0.369437 0.032410 -0.629953 -0.427148 0.328133 -0.844384 -0.525982 0.735672 0.223465 0.761068
0.892632 0.283886 0.431383 -0.931816 -0.950653 -0.758751 0.014858 -0.230791 0.253524 0.082610 -0.066750 -0.544547 0.201723 0.252891 0.327703
-0.708531 -0.500811 0.199545 -0.049242 -0.130399 -0.659827 0.659092 -0.690131 -0.279258 0.436237 -0.709421 0.489806 -0.199560 0.880156 0.588958
0.460891 -0.488926 0.608052 0.823291 -0.082547 0.680767 0.646286 -0.239393 0.078109 -0.834884 0.381089 -0.356089 0.044766 0.811707 -0.757955
0.880568 -0.370774 -0.422820 0.249710 -0.016224 -0.137664 -0.083615 -0.632238 0.777402 -0.827389 -0.897445 0.058762 0.926229 0.198782 -0.586242
-0.399857 0.967607 0.356843 0.508418 -0.041875 -0.284630 0.168091 -0.419553 0.687154 -0.098302 -0.946294 -0.881670 -0.383611 0.283301 0.312533
-0.016578 0.788302 0.255366 0.012213 0.544849 0.333614 -0.734740 -0.406796 -0.267835 0.766917 -0.262148 -0.114787 0.990177 -0.494389 -0.533468
-0.675990 -0.772359 -0.529987 -0.329114 0.788633 -0.078619 -0.589745 -0.557468 0.785524 0.241489 0.889389 -0.656820 0.639770 0.340769 0.394671
0.826705 -0.847511 -0.022870 -0.226551 -0.584575 -0.736648 0.590276 -0.865636 0.188941 -0.444403 0.095641 -0.231559 0.721723 -0.473927 -0.319914
-0.194095 0.796471 -0.308054 0.501211 0.167914 -0.037569 0.154463 -0.138205 0.427704 -0.164807 -0.931286 0.488526 -0.467904 -0.377808 -0.260408
0.583302 -0.355845 0.849930 0.194657 0.070733 0.009814 -0.082752 -0.374052 -0.997354 0.103316 -0.681925 0.360956 -0.671043 0.273884 0.337668
0.975241 -0.484896 -0.267689 -0.384826 0.220904 0.544707 0.674410 0.318060 -0.348230 0.505409 0.150362 -0.252227 -0.834761 -0.022597 -0.662118
-0.024578 0.475014 -0.268642 0.011214 0.535327 0.139513 -0.748100 0.399696 0.312785 0.210049 -0.780899 -0.349529 0.364649 -0.840014 -0.054035
0.036628 -0.990240 -0.702149 -0.790357 0.637834 0.539662 -0.919652 -0.004075 -0.593292 0.520627 0.372669 0.468245 -0.351218 0.871770 -0.723292
-0.553943 -0.350326 0.917694 0.160637 -0.013449 -0.899215 -0.863520 -0.821652 0.870604 0.625711 0.459802 -0.485104 0.794099 -0.484042 -0.459234
-0.346053 -0.769228 0.247944 -0.099716 0.758543 0.256332 -0.856167 -0.820971 0.945691 -0.356484 -0.623806 -0.290145 0.849682 -0.247586 0.038190
-0.290446 -0.230667 -0.847371 -0.284766 -0.379566 -0.562528 -0.618416 -0.654687 -0.884296 0.587782 -0.002509 0.186877 -0.817324 0.199204 -0.270280
-0.802266 0.185410 0.942667 0.145960 0.632784 -0.979839 -0.916729 -0.066073 -0.567821 -0.372042 -0.877095 0.237502 0.692293 0.132184 0.405820
0.982153 0.856914 0.144510 -0.343420 -0.493762 0.771771 -0.522275 0.526237 -0.540652 0.311374 -0.579127 -0.526563 -0.058377 0.773905 0.892078
0.154097 -0.403984 -0.656567 -0.404261 -0.325484 0.740868 0.368009 0.177335 0.263546 0.435087 0.963148 0.232271 0.658942 -0.352282 0.518845
0.441508 -0.596048 -0.767363 0.296508 0.262222 -0.316728 -0.722287 -0.273137 -0.157810 -0.224843 0.071141 -0.612842 -0.528349 0.180714 0.688546
-0.871801 -0.155186 -0.545297 0.930397 -0.959261 -0.911995 0.116421 0.911546 -0.423555 -0.634420 0.454034 -0.995861 0.930502 0.191229 -0.830001
-0.013043 -0.974004 0.613397 -0.985160 0.645040 0.990847 -0.261654 -0.351109 -0.822756 -0.415255 -0.154982 -0.468799 -0.939346 -0.408393 0.326493
0.987005 0.375989 -0.469087 -0.227105 0.815383 -0.810231 -0.905691 -0.652561 -0.476145 0.431932 -0.126695 0.715559 0.237396 -0.051365 -0.283689
-0.269827 0.684801 0.135139 -0.034150 0.954815 -0.473127 0.738491 -0.095516 0.066287 -0.372985 -0.422769 0.348673 0.162652 0.820300 0.736885
-0.583094 0.781033 -0.244432 -0.768402 0.154315 -0.583855 0.707941 0.131214 -0.551208 -0.482623 0.758033 -0.026462 -0.393476 -0.158688 -0.093597
0.920391 -0.877647 0.165530 0.229749 -0.017313 0.196096 0.430440 -0.172933 -0.361195 -0.018669 0.986061 -0.758783 -0.135071 -0.441690 -0.475214
-0.095596 0.957130 0.661653 0.188831 -0.596239 -0.183405 0.359357 0.745401 -0.983707 -0.587512 0.267940 0.979089 0.675119 0.447455 0.298090
0.072932 -0.504497 0.770836 -0.549583 -0.338923 0.774838 -0.357585 0.531327 0.245463 -0.586475 0.752789 0.981599 0.175460 0.930173 -0.595276
-0.807061 0.192352 0.241195 -0.557022 0.333295 -0.833645 -0.630311 -0.155488 0.965146 -0.873210 -0.522575 -0.365961 0.357592 0.171750 0.657899
-0.700954 -0.265655 -0.885199 -0.339255 0.355399 -0.144513 0.175285 0.820737 0.124415 -0.386064 0.358107 0.657654 0.190686 -0.718442 0.476899
0.743607 0.657102 -0.805448 -0.385698 0.260569 -0.629398 0.544605 0.745991 -0.802069 0.517949 0.502708 -0.139234 -0.261763 0.294599 -0.435584
-0.288703 -0.760391 -0.631610 0.593868 -0.189078 -0.523669 -0.574723 -0.582797 -0.307356 0.534037 -0.092384 0.007103 0.330393 0.831589 -0.602917
-0.384199 -0.251827 0.002340 -0.422202 0.970228 0.943217 0.793059 -0.866924 -0.841973 -0.355256 0.634525 -0.609964 0.920729 0.821317 0.488585
-0.359603 0.851514 0.183072 -0.166471 0.653223 -0.785042 0.553831 -0.472524 -0.718957 -0.457914 0.184014 0.077304 -0.856890 -0.602487 -0.909949
0.808095 0.642651 0.847037 -0.484511 0.355188 0.281163 0.113786 0.045912 0.357612 0.231199 -0.641987 -0.274828 0.520782 -0.619943 0.649525
0.838001 0.450746 0.948770 0.916002 -0.437836 0.068944 0.208524 0.820621 0.802454 -0.661797 0.235077 0.716388 0.574331 -0.539100 0.075049
-0.281193 -0.906949 0.335463 0.446789 -0.194946 -0.167222 -0.946365 0.374586 0.831243 -0.243283 -0.052938 -0.118632 -0.288801 -0.668214 0.566096
-0.102880 -0.128343 -0.379105 -0.134708 0.969011 0.819845 0.980925 0.590884 -0.812420 0.400022 -0.624907 0.782707 0.333125 -0.191542 -0.424276
0.694296 0.409864 0.051046 0.186016 0.098494 0.222767 -0.631552 -0.239933 -0.232357 0.437134 0.662186 0.047718 -0.897357 0.652856 -0.704815
-0.833752 0.843638 0.731090 0.905760 0.274596 -0.261996 -0.818331 -0.802167 0.586349 0.287815 0.364726 -0.924929 -0.644597 0.038524 0.603142
0.425996 0.051960 0.272478 -0.733313 -0.495533 0.017328 0.128060 -0.015060 -0.711886 0.996560 0.589311 0.065640 0.809981 -0.823917 0.252984
-0.383964 -0.877084 0.190765 0.078455 -0.500137 0.060080 -0.979238 0.024642 -0.888643 -0.673959 -0.133026 0.000421 0.912216 0.693231 0.114234
0.162167 0.729767 -0.179198 0.847180 -0.554547 0.853858 -0.858334 -0.443388 0.646750 -0.815509 0.251746 0.603542 -0.409300 0.516103 -0.322379
0.470110 -0.682878 -0.515211 -0.941720 -0.336253 -0.725595 -0.244976 -0.756303 0.567406 0.977301 0.693551 0.834805 -0.153066 -0.913317 -0.890620
0.088542 -0.457117 -0.290265 0.763416 0.613222 0.987742 0.472114 -0.822288 -0.457218 -0.772374 -0.677477 0.940059 -0.579306 -0.870494 0.582975
0.618235 0.471502 0.485721 0.707409 -0.178277 -0.298901 0.459142 0.920306 -0.564936 -0.583263 -0.798475 -0.121958 -0.805140 -0.668707 -0.541424
-0.776983 0.202698 -0.495883 -0.062369 0.011628 0.295551 -0.548345 -0.701572 -0.625822 -0.365342 0.041995 -0.566439 -0.126970 0.074506 -0.081597
-0.266984 -0.702271 0.075278 -0.863296 -0.277132 0.138541 0.724358 0.010597 0.547635 -0.769707 -0.502245 0.348370 -0.719557 -0.320349 -0.824216
0.400706 -0.726270 0.271071 -0.198291 0.974675 -0.193073 -0.771884 -0.243813 -0.327427 0.037350 0.855054 0.168713 0.126614 -0.658438 -0.151880
-0.284269 -0.569793 0.439141 -0.701067 -0.064031 -0.287834 0.246600 -0.981823 0.426307 0.437708 0.254778 0.946887 -0.826112 0.337185 0.089413
-0.489296 0.219746 0.521610 0.614058 -0.887233 -0.848843 -0.178411 -0.283427 -0.392823 -0.565513 -0.636136 -0.449501 0.146859 -0.341452 0.140676
0.129135 0.682979 0.880505 0.621629 -0.501482 0.588264 0.591048 0.636708 0.205998 0.714800 -0.436477 -0.405891 0.587657 -0.203230 -0.988425
0.277125 0.356128 0.694813 0.591648 -0.742732 -0.786800 -0.500212 0.349862 -0.522713 0.570306 0.704405 0.064587 -0.359163 -0.466611 0.539086
0.281324 0.918729 -0.525576 0.686380 -0.379215 -0.535712 0.591686 0.317179 0.492581 -0.845663 0.093008 0.011566 -0.957539 -0.958023 -0.187750
0.789546 -0.930278 -0.293059 0.881568 -0.629756 -0.924071 -0.948392 0.691469 0.139240 0.886865 -0.021557 -0.470732 0.661347 0.668951 -0.332677
0.928905 -0.522254 0.803195 0.557138 -0.649478 0.429473 -0.949422 -0.087226 -0.718696 -0.690144 0.357923 -0.338415 -0.011723 -0.432125 -0.823873
-0.027388 0.247271 0.620693 -0.714066 -0.975779 -0.207689 0.478743 0.238761 -0.638011 -0.256542 0.844790 -0.640982 0.611862 -0.326595 0.721113
0.598870 0.940338 0.626088 0.546035 0.581591 -0.434061 -0.108767 0.041823 -0.026647 0.873401 0.425419 -0.694599 0.844907 -0.774373 0.790232
-0.035866 -0.588410 0.397976 -0.864977 0.490438 0.985577 -0.854900 0.408233 -0.881654 0.440858 -0.963089 0.942268 -0.350910 0.934149 0.172247
-0.120741 -0.199795 -0.332368 0.526513 0.653969 -0.998980 0.144405 -0.082739 0.739690 -0.983769 -0.113978 0.345885 0.621512 -0.634155 -0.376452
-0.470982 -0.089068 0.827092 -0.700574 0.706463 -0.010598 0.645411 -0.388749 0.326858 0.669784 -0.664706 -0.061553 0.365828 0.773913 0.842266
0.788676 0.534167 0.693974 -0.953838 -0.201639 0.116096 0.444824 -0.089272 -0.239480 0.927793 -0.081988 -0.071986 -0.876266 -0.573539 0.037228
-0.936022 -0.257277 -0.713091 0.496856 -0.784905 0.343303 -0.657014 0.445467 0.314590 0.196533 -0.362496 0.958523 0.476378 -0.249053 0.245000
0.670823 0.098315 0.152577 0.894397 -0.829281 0.524993 0.199313 0.533843 -0.921441 0.467784 -0.003643 -0.284005 -0.033964 0.886367 -0.687941
-0.578547 -0.998115 -0.870418 0.378036 -0.935573 0.876332 -0.322282 0.390157 -0.869012 -0.456132 -0.186149 -0.772589 0.332950 -0.282416 0.904457
-0.841733 0.028448 -0.842852 0.832499 0.950404 -0.411334 0.247039 -0.964080 0.550948 -0.770086 0.189591 0.372267 -0.979195 0.490164 -0.045995
-0.168406 0.898160 -0.191899 0.420428 -0.824006 0.175954 -0.981140 0.496886 -0.690320 -0.810225 -0.826080 -0.117915 0.779528 0.889582 -0.519048
-0.675055 -0.353554 -0.386896 -0.419902 -0.936201 0.013364 0.674072 0.750545 -0.999483 -0.414415 0.339480 0.363988 0.034368 -0.641614 -0.896198
0.839378 0.697097 -0.643493 -0.868822 -0.616667 -0.640544 -0.249368 0.074787 -0.097475 0.073608 0.708947 -0.116569 0.820386 0.565941 0.027757
0.714868 0.063597 0.271181 0.088700 0.434201 0.148025 0.310936 -0.782146 -0.764516 -0.812560 -0.214258 -0.542623 -0.999320 -0.814613 -0.026892
-0.518206 -0.718796 -0.915044 0.955045 -0.136225 -0.581573 -0.058783 0.515440 -0.328742 -0.864399 0.113780 -0.445023 0.306270 -0.894320 -0.456005
0.486665 0.649760 0.868064 -0.103244 0.733890 0.769089 0.941003 0.079196 0.151110 0.012628 -0.910418 0.812157 -0.161516 0.313495 -0.038515
-0.916579 -0.943432 -0.492272 0.967670 -0.037751 0.595356 -0.283960 0.134130 -0.701184 -0.620452 -0.505783 0.787894 -0.743919 0.285360 -0.696180
0.080974 0.026724 0.081361 -0.279798 -0.497217 0.437747 0.294215 0.995741 0.153991 0.500188 -0.939803 0.179324 0.589609 0.018320 0.373816
0.596124 0.995893 -0.402797 -0.623771 -0.256338 -0.246173 0.211592 0.077345 0.463124 0.887649 -0.253418 0.318066 -0.656415 -0.393329 0.668741
0.168303 0.477753 -0.047729 -0.192786 0.775871 -0.917820 0.831761 0.974698 -0.966605 -0.632311 -0.591822 -0.693728 0.301960 0.274048 0.073205
-0.296955 0.070155 0.745193 -0.487985 0.109236 -0.912480 0.270720 -0.194931 -0.243966 0.504029 -0.412279 -0.352578 -0.527348 -0.756930 -0.944116
-0.727270 0.612353 -0.504724 -0.292423 0.462012 -0.737087 -0.977094 -0.065964 -0.895482 0.803314 0.549103 0.558829 -0.063347 0.328507 -0.058087
-0.741981 -0.109456 -0.208850 -0.271365 0.569370 -0.603538 0.767061 0.429445 0.688041 -0.558951 0.241371 -0.967383 0.555768 0.745612 0.213609
0.594969 -0.673800 -0.828763 -0.387092 0.736915 0.339859 -0.071342 -0.242935 0.987335 -0.688186 0.418423 -0.196634 0.427732 0.825968 0.132358
-0.847139 -0.535705 -0.265457 -0.263819 -0.419447 0.700496 -0.942571 -0.728963 0.705713 0.260840 -0.830779 -0.662285 -0.816910 -0.187167 -0.695242
0.895916 -0.227415 -0.479747 -0.724179 0.106363 -0.941335 -0.865990 0.869653 -0.852549 -0.964379 -0.541536 -0.033358 -0.370954 -0.186004 0.087739
0.760179 0.427791 0.297652 -0.660998 -0.253972 0.715661 -0.790590 0.002941 -0.660254 0.945318 -0.441550 -0.398702 -0.429242 -0.625408 -0.490080
-0.428780 0.937233 -0.916788 0.975033 0.123056 -0.013228 -0.745195 0.625584 -0.435301 0.549057 0.547824 -0.211500 0.979758 -0.920208 0.878621

Bias v0 (Oculta):
-0.797337
-0.646817
-0.260621
-0.682982
0.083045
-0.679100
0.407138
-0.414556
0.175691
0.215648
0.186527
-0.448641
-0.883491
-0.223217
-0.907253

Pesos w (Oculta -> Sa獮a):
0.033941 0.994425
-0.472644 -0.647225
0.218072 -0.437909
0.714397 0.479314
0.897908 0.908004
0.495914 -0.757319
-0.898637 -0.785125
0.919177 -0.682549
-0.558746 -0.439703
0.620289 0.024921
0.146240 -0.266823
0.432583 -0.859264
-0.982128 0.444201
0.200257 0.812204
0.040015 0.280931

Bias w0 (Sa獮a):
-0.367125
0.672756
