Pesos v (Entrada -> Oculta):
-0.025672 0.896811 0.874220 0.884892 0.438382 -0.749086 0.744530 0.818254 -0.436899 -0.876185 0.355137 0.384677 0.128030 0.593822 -0.839885 -0.983870 0.254678 0.480394 0.315624 -0.455641 -0.674978 -0.061028 0.993298 -0.480202 0.057441 -0.044327 0.217678 -0.643903 0.551278 0.447309
0.654367 0.769543 -0.007490 0.473242 0.744153 -0.440661 0.928651 0.156960 0.016814 -0.186180 0.997279 -0.832058 -0.212751 -0.403850 -0.931194 -0.849354 -0.883593 -0.464018 0.680556 0.845258 -0.244527 0.162372 -0.111663 0.505554 0.099163 0.891593 -0.218796 -0.410534 0.583899 0.490154
0.238355 0.644891 -0.742909 0.046755 -0.605099 0.427929 -0.640682 -0.382682 0.426873 0.761007 -0.868641 0.909831 0.361375 -0.209012 -0.124156 0.688585 -0.084896 0.187868 -0.246673 -0.613460 -0.884683 -0.065899 0.624557 0.472615 0.393787 -0.432459 -0.643217 0.786802 -0.335553 -0.048661
0.777068 -0.764845 -0.860167 -0.771454 -0.085227 -0.806814 0.569572 -0.916302 -0.193826 0.093488 0.361306 -0.243084 -0.406952 0.128392 0.808615 -0.171638 0.288877 0.367108 -0.404159 0.443387 -0.626002 0.769525 -0.550388 -0.888666 -0.553150 0.441118 0.183344 0.333147 -0.039648 0.395207
-0.323118 -0.548099 -0.587282 0.480677 -0.083061 0.086923 -0.576916 0.792981 0.397496 0.849323 -0.966965 0.235609 -0.157427 0.115521 -0.958671 0.175108 0.748971 -0.890383 0.089354 -0.028022 -0.395402 0.641217 0.515382 0.144378 0.841819 0.781031 0.827487 -0.828953 -0.323352 -0.886448
-0.676223 0.330901 0.215682 -0.592648 0.772474 -0.574106 0.131411 0.071645 0.193275 0.456097 0.148512 -0.240581 0.037403 -0.083449 -0.321437 0.046232 -0.052112 0.726327 0.273340 0.151164 0.177166 -0.644656 0.214004 -0.069434 -0.703047 -0.062887 0.624181 -0.169350 0.440695 -0.857867
-0.939843 -0.351742 -0.706341 -0.053316 -0.147578 0.953742 0.918899 0.403688 -0.112601 0.713437 0.277452 -0.821817 -0.089365 0.004197 -0.962981 0.551263 0.453852 0.791472 0.301279 -0.960099 0.159516 -0.812151 0.545871 0.305689 -0.735661 -0.439545 -0.117635 -0.040395 0.181811 -0.765590
0.326302 0.453672 0.202109 0.413278 0.060148 0.976904 0.374492 -0.754544 -0.612262 0.230143 0.625948 -0.976858 0.987759 0.201698 0.936482 0.603003 -0.138874 0.391148 0.303455 0.023898 0.928658 -0.807179 -0.525300 -0.689312 -0.720915 0.690330 0.494768 0.287450 -0.005431 -0.224009
0.377812 0.034361 -0.458367 -0.486632 0.945928 0.773171 0.560900 0.714236 0.697990 -0.881066 -0.575051 -0.461889 -0.617098 -0.325744 -0.831931 0.481089 -0.310602 0.840910 -0.218771 -0.615300 0.859535 -0.564743 0.357516 -0.269248 0.556933 0.982583 -0.823179 -0.974094 -0.712636 -0.282780
-0.911762 -0.497012 0.128757 0.345563 0.046403 0.497048 -0.802038 -0.463957 -0.551876 -0.824876 -0.642606 0.760212 -0.570237 -0.904682 0.692738 -0.101909 0.477824 0.019914 -0.954307 0.831982 0.733884 -0.183338 -0.420181 -0.016094 -0.733576 0.745989 0.243964 -0.999567 0.216078 0.063447
0.232327 -0.294635 0.397095 -0.451728 0.063415 0.486332 -0.861951 0.865931 -0.478886 -0.895319 0.382688 -0.707682 0.765295 0.026672 0.625482 -0.937643 -0.879602 -0.381614 -0.014403 -0.641215 0.867967 -0.520676 0.902244 -0.377130 0.312591 -0.859730 -0.575258 -0.377775 0.029537 -0.448877
0.966036 0.222479 0.623704 -0.645880 -0.605576 0.925527 -0.727857 -0.093299 -0.432334 0.951404 0.303692 -0.045118 -0.775092 0.150819 0.704296 0.975707 0.207855 0.281646 -0.045427 -0.036698 -0.025743 0.011898 0.655189 -0.050330 -0.036025 -0.774816 -0.938210 0.446085 -0.124677 0.014012
0.662560 -0.174433 0.496837 0.306679 0.187377 -0.503150 0.009391 0.022989 0.989610 -0.450179 0.572137 0.945986 -0.292897 0.991291 -0.477539 -0.747049 -0.600262 0.054463 -0.867957 0.021141 0.138972 -0.593581 -0.307641 -0.220954 -0.876587 0.337374 0.030481 -0.836475 0.003683 0.482731
-0.766398 -0.464468 -0.067016 -0.391556 0.058393 -0.665069 -0.903468 0.710353 -0.460548 -0.326791 0.941360 0.918506 -0.101168 0.474677 0.548549 0.784561 0.124732 0.984610 0.373966 -0.195730 0.739606 -0.086890 0.038321 0.309503 0.425098 0.613766 -0.584730 -0.088630 -0.808743 -0.747209
-0.577801 -0.892419 -0.976408 0.662443 -0.458331 -0.247634 0.015325 -0.905998 -0.368706 -0.491074 0.766239 -0.209526 0.817636 -0.029325 -0.006650 -0.218455 0.008067 0.983670 -0.073060 -0.282987 -0.344758 0.400762 0.037011 -0.986804 -0.251479 -0.119588 0.710987 0.867200 -0.731367 -0.471252
-0.636142 0.002968 -0.941748 0.547343 0.069430 0.334159 -0.966029 0.915140 0.113635 -0.726355 0.199872 -0.992090 0.677333 0.602655 -0.068732 0.413510 -0.088257 0.600143 0.619000 -0.663682 0.135105 0.842869 0.600216 -0.581926 -0.678570 0.853362 0.719302 -0.148661 -0.968363 0.548582
-0.692723 -0.471529 -0.673481 -0.140851 -0.711220 -0.592470 0.480889 -0.679660 0.171921 -0.744342 -0.533434 -0.920632 -0.915974 0.411619 0.728788 0.368912 -0.005589 0.137300 0.644993 0.734084 0.316956 0.593800 0.271678 -0.361151 0.688511 0.178021 0.652244 0.527470 -0.854554 0.250445
-0.283688 0.334475 -0.809676 0.571373 -0.587369 -0.839887 -0.126327 0.884959 0.115558 -0.008948 0.750888 -0.493529 -0.809856 -0.479176 0.355129 -0.119816 0.755952 0.897058 0.184396 0.831064 0.363706 -0.939572 -0.124183 0.004773 -0.501676 -0.997376 0.397065 0.178533 0.473334 -0.831867
-0.125402 -0.592730 0.612669 0.943575 0.356758 0.271282 0.128974 -0.654838 0.724609 0.285522 0.509722 0.979623 0.188964 -0.057132 0.674539 0.827091 0.950204 0.226045 0.944241 -0.758562 0.804684 0.759491 0.168279 0.204021 -0.309729 0.478632 0.186770 -0.747986 0.612183 0.062924
0.016693 0.160789 -0.887465 -0.346982 0.063832 0.755970 0.569754 0.740563 0.659298 -0.193286 0.545431 -0.297549 -0.326823 -0.589267 0.053552 -0.136208 0.815849 -0.917569 0.832725 0.386476 -0.925156 0.057988 -0.659963 0.939657 0.356061 0.142815 0.084224 0.849692 0.053667 0.952695
0.912915 -0.271458 -0.334976 0.808208 0.760953 0.161337 0.196215 -0.777900 -0.916340 0.994866 0.213444 -0.615814 -0.241819 0.429294 0.770112 -0.736600 0.434971 0.272684 -0.131860 -0.560545 0.640453 -0.786278 0.358457 -0.303511 0.794989 -0.300610 -0.331087 -0.614739 0.884108 0.274442
0.527500 0.382679 0.069254 0.937429 -0.153332 0.472560 -0.101753 -0.704563 -0.775494 0.803587 -0.679145 0.322411 -0.376923 -0.850049 -0.570625 0.268340 0.003851 -0.356985 -0.919173 -0.313133 0.724024 0.914745 0.838904 -0.160786 -0.420995 -0.957450 0.186360 -0.806199 0.361951 0.467729
-0.308775 0.399058 -0.050462 -0.263389 -0.914852 -0.165554 -0.772348 -0.523008 0.324788 0.295587 0.079285 -0.251654 -0.900725 -0.062990 0.769494 -0.457090 -0.578117 -0.346658 0.395354 0.336432 -0.901419 0.419487 0.354110 -0.540737 -0.519780 0.213816 0.149688 -0.836156 -0.111405 -0.803051
-0.404009 0.384043 -0.814479 0.143289 0.003750 0.180529 -0.019580 -0.772153 -0.600940 0.403144 0.873614 -0.700850 0.796705 -0.109160 0.904288 -0.429751 0.927956 0.439296 0.763681 0.221284 0.260378 0.507520 0.628853 0.241780 0.014622 0.372652 -0.730498 -0.840014 -0.797761 0.011601
0.631076 -0.295319 -0.837511 -0.343609 0.807837 0.215713 -0.052000 0.488349 -0.810907 -0.743400 -0.804349 0.488685 0.873314 -0.414335 -0.758720 0.151563 -0.303728 -0.197523 0.467205 -0.979402 0.013155 -0.934883 0.879058 0.634839 -0.967031 0.634854 -0.407777 0.304978 -0.825383 -0.512562
-0.538711 0.444690 0.780914 -0.111933 0.711292 0.711869 0.035099 -0.846028 -0.143379 0.100799 -0.325417 -0.453561 -0.018963 0.253589 0.014630 -0.997990 -0.365171 -0.567576 0.638379 -0.020529 0.836049 -0.647291 0.055233 0.023006 0.444025 0.834662 0.379544 0.263896 0.267669 -0.508595
-0.448416 0.369364 0.280158 0.773997 0.058005 -0.200122 -0.393646 -0.859834 0.057536 -0.505782 0.886019 0.423349 0.422602 -0.248027 0.368392 -0.589471 -0.486079 -0.696374 -0.642806 0.283131 -0.122857 -0.785335 0.125180 -0.331175 0.337267 0.043654 -0.513661 -0.229123 -0.314388 0.333092
-0.164293 0.632235 -0.231421 0.196917 0.823372 0.849839 -0.076588 -0.089518 -0.621827 0.743112 0.344622 0.008574 0.755184 -0.034815 -0.730595 0.009545 0.163820 0.458537 -0.661831 0.309053 -0.114908 0.546181 -0.458714 -0.899226 0.520556 0.970613 -0.212366 -0.587650 0.083251 -0.263458
0.665537 0.382973 -0.772345 -0.129241 -0.997613 0.335300 0.634565 -0.601490 0.907474 -0.822944 0.310712 -0.335285 0.473791 0.141628 -0.238504 -0.204338 0.318695 -0.023225 0.993374 -0.293874 0.634207 -0.248526 0.855873 0.381040 0.107719 0.364754 0.112721 -0.845960 -0.814058 -0.559178
0.368430 -0.982890 0.820502 0.534495 0.375306 -0.774113 0.261812 -0.653176 -0.299875 0.245191 0.198846 -0.732466 -0.040133 -0.584777 0.333626 -0.431617 0.773746 0.705966 -0.529428 0.806476 -0.589318 0.015042 0.091212 -0.137368 0.698420 0.844610 -0.210649 0.988354 0.011976 0.184611
0.232271 -0.848377 -0.329520 -0.022267 -0.594731 0.567097 -0.111264 0.900437 0.127409 -0.311255 -0.143424 -0.037124 -0.955552 0.886072 -0.820304 -0.700219 0.608456 0.080004 0.497564 -0.694346 -0.398090 -0.120537 0.548426 0.707793 -0.498237 0.848451 0.062335 0.813101 0.481664 0.788867
-0.828331 -0.961412 -0.223323 -0.788014 0.536779 -0.005648 -0.087630 0.043884 -0.138615 0.718043 -0.776465 -0.866972 0.378697 -0.951891 -0.284364 -0.195889 -0.706352 -0.965308 0.319994 -0.653303 -0.713690 0.685845 0.427166 0.223685 0.178345 0.144721 -0.482288 -0.912504 0.221513 -0.308072
-0.518183 0.548354 -0.850657 -0.487552 0.820804 0.070542 0.509233 0.556069 -0.056385 -0.903703 0.392342 0.692100 -0.336196 0.225131 0.238957 -0.102972 -0.198031 0.994074 0.643378 0.186350 -0.059168 0.919049 -0.683015 0.001515 -0.257255 0.248010 -0.010244 -0.775978 0.243812 0.301096
0.556427 0.867129 0.840448 0.595560 0.512972 0.361510 0.221787 0.250750 0.105165 -0.032632 0.131802 -0.667119 0.322220 0.011279 -0.982902 0.800193 -0.482941 -0.467173 -0.737972 0.036920 0.344172 -0.802751 0.724939 0.873577 0.791978 -0.059626 0.927688 0.939410 0.895813 -0.439515
-0.568151 0.466305 0.183865 -0.897433 -0.431968 0.503648 0.844708 0.579640 0.859397 -0.969601 -0.967326 -0.777787 0.591445 -0.985500 0.472139 0.132199 -0.983228 -0.160939 -0.890637 0.823662 0.022238 0.512407 -0.791489 0.039294 0.428789 -0.381159 0.077733 -0.383212 0.606949 -0.247675
-0.951388 0.812673 -0.543545 0.026653 -0.462039 -0.410403 0.580096 0.963167 0.769125 -0.159515 -0.854155 0.674505 -0.377358 0.042770 0.701276 -0.560533 -0.134452 -0.903204 -0.947319 0.482858 0.103573 0.674375 -0.661683 0.804743 -0.709943 0.754894 0.074812 -0.989988 0.800856 -0.953391
0.961365 0.766187 -0.662328 -0.555430 0.809252 0.150244 -0.410784 -0.511673 0.071849 0.033632 0.733357 0.055637 -0.221695 0.961019 -0.166333 0.046033 0.162237 -0.197786 -0.934958 0.740272 -0.932380 0.161573 0.320462 0.297813 -0.273198 0.160731 -0.613940 0.339949 0.735124 0.032834
0.998513 0.379323 0.617027 0.843759 -0.471495 0.981234 0.440367 -0.672462 -0.182284 0.728276 0.902148 0.970810 0.061696 -0.718187 0.511705 -0.215857 0.874854 0.430696 -0.861866 0.711252 -0.456283 -0.441430 -0.938632 -0.404379 0.899239 0.007907 -0.828546 0.339383 0.226174 -0.663573
0.942674 -0.949975 0.633979 0.776516 0.595332 -0.900577 0.477945 0.254021 0.106179 -0.848413 0.653904 -0.541737 -0.066569 0.461911 -0.227064 0.886078 -0.287958 0.933716 -0.656149 0.211068 -0.248097 -0.384183 0.373177 0.926585 -0.199934 0.489274 -0.092614 -0.280950 -0.709388 0.365263
-0.066462 0.941120 -0.353821 0.729946 -0.698956 0.893706 0.038126 -0.628211 -0.094073 -0.733702 -0.312225 -0.647921 0.399442 0.121253 0.043633 -0.210726 -0.078781 -0.394493 -0.136904 0.052529 0.200004 -0.371807 0.746574 0.364974 -0.358221 0.432443 0.756138 -0.590954 0.077183 -0.985583
0.781712 0.281459 -0.630180 -0.365742 -0.436635 -0.932307 0.772938 -0.997146 0.378589 0.199447 -0.626486 0.955522 -0.097978 0.249945 0.980595 0.437314 0.806609 0.202905 -0.392072 -0.729360 0.992439 -0.368795 0.490792 0.708660 0.648040 0.847542 -0.646137 0.126215 0.191026 0.596433
-0.306172 -0.439808 0.491640 0.341776 0.584664 0.122445 -0.514079 -0.400621 0.172747 0.545198 0.171830 0.315319 0.040569 0.018270 0.212542 -0.874426 -0.314764 -0.028821 -0.269073 0.167260 0.042360 0.201179 0.649428 0.222357 0.943460 0.792600 -0.207032 0.406156 -0.131734 -0.715031
-0.746784 -0.791768 0.563616 0.011575 -0.469559 0.964600 -0.537795 -0.649782 0.219425 -0.597423 -0.707751 -0.372947 0.649501 -0.009143 -0.976008 -0.403132 0.297640 -0.713338 0.580374 -0.588944 -0.982393 -0.303148 -0.818364 -0.178262 -0.543382 -0.559897 -0.441137 -0.493080 0.701047 0.459850
0.445976 0.289348 -0.197119 -0.774107 0.779846 0.987481 0.482040 -0.989092 0.337354 -0.405640 0.481076 0.768259 0.830435 -0.564442 -0.841149 0.590232 -0.692310 0.448973 -0.157066 0.673038 0.877850 -0.446283 0.692849 -0.124459 0.384036 0.552956 0.408259 0.147850 -0.896052 -0.737819
-0.705136 0.644485 0.697707 0.341271 -0.700378 0.597961 0.676079 -0.916437 -0.936976 -0.361204 0.485062 0.723434 -0.082485 -0.672441 0.706281 0.216310 0.934540 -0.938829 -0.048385 0.687779 0.543657 0.325121 0.290376 0.003294 0.957298 0.715891 0.330752 0.260095 -0.179606 0.814812
-0.943035 -0.587040 0.213623 -0.004140 0.365428 -0.711280 0.136484 -0.859450 0.239534 0.334018 0.889323 -0.137157 -0.742965 0.573633 -0.994875 0.732742 0.940144 0.065699 -0.026654 -0.416210 -0.869556 0.832725 -0.870263 -0.303029 -0.243540 -0.767341 0.063586 0.894376 -0.614635 0.137368
0.387097 0.868562 0.635130 0.098921 0.744062 -0.815424 -0.531362 -0.065901 0.118821 -0.811226 0.468558 0.884022 0.017717 0.630498 -0.664279 0.001697 -0.020328 0.176108 0.710274 0.760146 -0.355334 0.866611 -0.316833 -0.070163 -0.004812 0.197893 0.296119 -0.276035 0.943767 0.328071
-0.754678 0.866654 -0.105756 -0.862319 0.108962 -0.843900 -0.590360 -0.188513 -0.356805 0.174438 -0.916671 0.981707 0.631270 0.474823 0.139603 0.186337 -0.742236 -0.942491 -0.578853 0.920662 0.273389 0.923315 -0.598332 -0.878753 -0.024977 -0.679693 0.909829 -0.342519 0.586697 0.604372
0.532878 -0.489168 -0.413893 -0.544053 -0.883290 -0.092125 -0.618435 0.041124 0.790361 -0.136034 -0.167711 0.643734 -0.279091 -0.358925 -0.528393 -0.077932 -0.505234 -0.111359 -0.886757 -0.684594 -0.483784 0.216382 -0.306245 -0.184847 -0.831272 -0.482495 -0.140238 -0.300310 -0.594074 0.891444
0.220679 0.855876 0.423496 0.345610 -0.173474 0.110213 0.816304 -0.198417 -0.278402 0.592910 -0.138582 -0.627349 0.656088 -0.592809 -0.182943 0.730168 0.232091 -0.453125 0.121983 0.846159 0.282219 -0.007972 0.110699 -0.886209 -0.413207 -0.206259 -0.211792 0.697330 -0.115113 -0.220879
0.956197 0.253750 0.987383 -0.500753 0.620929 -0.078027 0.396807 0.303483 -0.049809 0.176002 -0.449372 0.957358 0.338945 -0.902914 0.917179 0.263683 0.627718 0.894868 -0.640475 -0.964256 0.035414 0.256807 0.819689 0.409521 -0.586674 0.977895 -0.557567 -0.581429 0.365674 0.274471
0.105944 0.227987 0.963031 0.579457 0.641541 -0.455167 -0.628613 -0.501853 0.694523 0.012678 -0.846733 0.654987 -0.867619 -0.242829 0.988518 0.541555 0.260916 0.227953 -0.090735 0.384485 0.037434 0.543285 0.102153 -0.255096 -0.200089 0.380610 0.255279 0.359926 -0.580348 0.442106
-0.032850 -0.294161 0.962590 -0.794599 0.839097 -0.514952 0.182560 0.942855 -0.147075 -0.472919 0.854197 -0.252331 -0.842765 0.870336 0.373807 0.329865 0.477046 -0.027625 -0.395295 -0.419080 0.317008 -0.315688 -0.656974 -0.636720 0.623312 -0.733429 -0.063557 0.458672 0.128065 -0.756250
0.544550 0.703455 -0.472974 -0.949630 -0.464047 -0.121020 -0.071246 -0.499109 -0.227844 -0.572819 -0.516468 -0.062753 0.272229 0.535411 0.627990 -0.796188 -0.242460 0.732297 0.908963 0.097663 0.125849 0.735196 -0.402131 -0.907682 0.231246 0.156827 -0.204583 0.117912 -0.555301 -0.049946
0.585747 -0.923256 0.895782 -0.883437 -0.809091 -0.022646 0.848628 0.682078 -0.295019 0.651162 0.741110 -0.234334 0.985303 0.982653 -0.130420 0.523198 -0.689894 -0.755292 0.733919 0.093734 0.691110 -0.059348 0.850795 -0.238382 -0.497585 -0.356580 0.270242 0.174689 -0.082472 -0.847012
-0.715912 0.998696 0.667904 -0.666928 -0.488527 -0.592730 0.037633 -0.125381 -0.602450 0.604128 0.697881 0.153847 -0.442735 0.722068 0.877160 0.770627 -0.532583 -0.115005 0.284519 0.910917 -0.150541 -0.406406 -0.149607 0.236697 0.442618 -0.996316 0.163471 0.827291 0.602060 0.518308
-0.750663 0.096175 -0.062458 0.847538 -0.682178 0.145678 0.230105 0.773961 -0.477652 -0.459535 0.864936 -0.891483 0.310979 0.866315 0.838042 0.335554 -0.760863 -0.707444 0.982059 -0.982555 -0.429998 0.491194 -0.984365 0.408178 0.472594 0.716868 -0.059679 0.217611 -0.779616 -0.920867
-0.830870 0.031547 0.522826 0.798998 0.339438 0.102750 0.524895 0.921091 0.843640 -0.961965 0.622250 0.127050 -0.499364 -0.008986 -0.287835 0.289557 -0.676832 -0.470095 0.695513 0.676072 0.139028 0.818350 -0.331695 -0.060105 0.467673 -0.757189 -0.431592 0.410143 -0.006340 0.794247
-0.384127 -0.302525 0.591761 0.840407 -0.934218 0.738653 -0.352431 0.623935 -0.292035 -0.126385 -0.024244 -0.134197 0.929463 0.257605 0.322266 0.672663 -0.851147 0.181970 -0.320465 -0.665834 0.731156 0.242434 0.734258 0.524606 0.778227 0.702355 -0.373972 -0.353724 -0.592169 -0.122930
-0.210357 0.592973 0.527211 -0.953842 -0.269005 0.369539 0.959632 -0.682330 0.234747 0.714449 0.827498 -0.299320 -0.719026 -0.338155 0.673968 0.173144 0.772964 -0.014886 0.120285 0.474112 0.939476 -0.159536 0.590960 -0.486969 -0.649668 0.739340 -0.045723 0.080138 0.700257 -0.157621
0.116901 -0.537002 0.568681 0.333339 0.386448 -0.173993 -0.181836 0.713670 -0.611977 -0.251413 -0.483973 0.581742 0.909759 0.064608 -0.143576 -0.221246 -0.362434 -0.170796 -0.633838 0.014714 -0.914202 0.001714 0.085725 -0.054551 0.188970 0.604051 0.084645 0.207034 0.918579 0.497920
-0.619636 0.602990 0.340483 0.305067 -0.862453 0.843513 0.978675 0.993013 -0.455254 0.630239 -0.958703 -0.774614 -0.683920 0.073984 0.552083 -0.428950 -0.668179 0.103223 -0.131661 -0.655875 -0.744394 0.550361 -0.961609 0.722436 -0.286401 0.666793 0.871645 -0.763137 -0.552031 -0.385583
0.894044 -0.665724 -0.687687 -0.344813 0.105552 0.156725 -0.881061 0.678197 0.591204 0.796867 0.142783 -0.574929 -0.347086 0.270189 -0.339355 0.275970 0.546460 0.291129 -0.073615 0.002277 0.216561 -0.457529 -0.695571 0.392638 -0.707836 -0.239088 0.335863 -0.088560 0.699862 0.509192
0.886064 -0.041414 0.996461 -0.038960 0.683081 -0.087751 -0.749008 -0.473265 0.837512 -0.870462 -0.511943 0.943681 0.725343 0.783230 0.571766 0.507078 0.163516 -0.567166 0.938292 0.940562 0.862259 0.510511 0.081523 -0.929532 0.094642 -0.942346 -0.340641 -0.277016 -0.939129 0.931440
0.924406 -0.270781 0.781709 0.477905 0.865977 -0.231514 0.495873 -0.179779 -0.072047 0.770347 -0.318118 0.314664 -0.586131 0.879678 -0.550122 0.463567 -0.418117 -0.252896 -0.740796 -0.841027 -0.052746 -0.628073 -0.679936 0.029232 -0.320224 -0.128186 -0.035555 0.892605 0.992097 0.074634
0.480198 -0.426415 0.566496 0.595719 -0.617479 0.295229 -0.305612 -0.142623 0.867880 -0.300529 0.765474 0.181244 0.955875 -0.397181 -0.493863 0.503507 0.270547 0.812269 -0.985783 -0.253482 -0.613588 -0.863892 0.123546 -0.114136 -0.632596 -0.453998 -0.123432 -0.455886 0.862526 0.115598
0.305360 -0.709156 0.980112 -0.258414 -0.499180 0.059749 -0.785750 -0.229427 -0.295800 0.188953 -0.524609 0.911357 -0.425558 -0.064316 0.084839 -0.486662 -0.704701 -0.506975 -0.220047 -0.154184 -0.996209 -0.304524 0.946358 -0.998517 -0.343492 0.876527 -0.371598 -0.941488 0.805414 0.252429
-0.485901 0.279586 0.774421 -0.001980 -0.044730 0.348703 0.716901 -0.713560 -0.195192 0.978070 -0.792209 -0.702082 0.729444 -0.868232 0.075818 0.603655 0.281855 0.568737 -0.214287 0.102464 -0.181639 -0.655695 0.677480 -0.463755 0.899136 0.272437 0.511778 -0.122722 -0.093293 -0.198745
-0.147863 -0.377126 0.622707 -0.428435 0.805912 -0.322107 -0.196409 -0.849298 -0.804277 0.852769 -0.577424 0.625783 -0.939553 -0.262259 0.206658 -0.817113 0.320924 0.406960 -0.414494 -0.289898 0.447233 -0.814636 0.367118 0.901228 -0.774822 0.492545 -0.764372 0.096414 0.964268 -0.950619
0.496732 -0.716182 -0.866565 -0.862585 -0.670267 -0.072508 -0.343125 -0.247853 0.265868 -0.534061 0.693562 0.933676 0.956755 0.521485 -0.433905 -0.922067 0.841535 0.744155 -0.735757 0.836505 -0.980944 -0.198753 0.620586 0.615152 -0.478955 0.072969 -0.457825 -0.202564 -0.405704 -0.606038
-0.316241 -0.702557 -0.080459 -0.118806 0.338368 0.145044 0.835081 -0.060326 -0.265642 0.830367 -0.746765 -0.000106 -0.971179 -0.819342 -0.518214 -0.923149 -0.554187 0.980044 0.710305 -0.631063 0.610357 0.847673 -0.713958 -0.926342 0.536095 -0.822355 -0.983330 -0.623772 -0.046936 -0.063939
0.429620 0.847618 -0.351323 -0.439198 0.246163 -0.969921 0.926438 0.743282 0.878143 -0.154138 -0.393767 0.651354 -0.784662 0.407449 0.703878 0.529283 -0.423872 -0.747674 -0.680504 -0.128876 -0.455963 -0.199625 -0.277651 -0.566909 -0.708733 0.379805 -0.543488 0.279299 -0.039793 -0.091689
-0.595514 -0.052168 -0.003331 0.742855 -0.907022 0.636821 0.972607 0.807261 0.738902 0.441860 0.286911 0.737378 -0.580187 -0.084943 0.168075 0.807766 -0.276057 0.608619 0.651595 -0.310731 -0.773438 -0.701089 -0.353904 0.130104 0.068040 -0.917594 0.449571 0.380127 0.123795 -0.444313
-0.222621 -0.239740 -0.903243 0.890374 0.783722 -0.039761 0.634036 0.016034 0.262459 -0.573438 0.820379 -0.083460 0.688354 0.021888 0.363275 0.867698 0.879299 0.993506 -0.521792 0.459032 -0.760195 -0.214240 -0.652606 -0.963319 0.496700 0.365630 -0.924406 -0.821875 0.229577 0.962484
-0.762062 0.145311 -0.925257 -0.515531 0.731564 -0.268737 -0.223802 -0.861425 0.449474 -0.384166 0.175332 -0.303533 0.492562 -0.177131 0.310258 -0.229581 -0.406688 0.576754 0.525681 0.513539 0.742132 0.532253 -0.380136 0.030765 0.749933 0.205449 -0.267917 0.609991 -0.230496 -0.280099
-0.323262 0.778802 0.776345 -0.194663 -0.810708 0.030521 0.005636 -0.481114 -0.654582 0.721546 -0.168173 -0.414780 0.437825 -0.904770 0.377474 0.541625 0.182259 -0.060803 0.415163 0.088162 -0.223091 0.576269 -0.149513 0.441139 -0.964992 -0.091848 0.574205 0.302573 0.099577 0.832376
-0.173113 -0.071723 -0.338590 0.944279 0.786777 -0.220527 -0.392182 -0.223002 0.766062 -0.363593 0.594407 0.385677 -0.670284 0.810789 0.200109 -0.133963 0.129881 0.952577 0.932174 -0.247289 0.688134 -0.653336 0.028193 0.107774 -0.560608 -0.320532 -0.557085 0.426030 -0.279682 0.882856
0.265190 0.785392 -0.782574 -0.433425 -0.547428 0.570010 0.691798 0.185553 0.648396 -0.048653 -0.578202 0.857199 -0.014877 0.757947 -0.808670 -0.980242 -0.095068 -0.057540 -0.574247 -0.895924 0.955923 -0.406833 -0.077347 -0.525214 -0.205235 -0.230430 0.721278 0.764269 0.701938 -0.464355
-0.608060 0.977289 0.625367 0.072783 0.921977 -0.858785 0.655146 0.011244 -0.431947 0.531604 0.411689 0.452560 -0.540933 -0.783241 -0.210070 0.631876 0.738233 0.000015 0.864818 0.935570 -0.096147 -0.351143 0.446143 -0.849022 -0.184399 -0.030335 -0.721535 -0.194260 -0.142212 0.863096
0.389710 0.079759 -0.613821 -0.873339 0.483810 -0.077856 -0.666234 -0.653142 0.671498 0.121618 -0.634865 -0.226451 0.516826 -0.795598 0.815996 -0.936286 -0.278716 0.495246 -0.993073 0.654421 -0.932102 -0.246960 0.968979 -0.660116 0.792540 0.612059 0.455541 -0.076566 0.183745 -0.999591
0.018315 0.061001 0.251443 -0.374812 -0.276286 -0.113748 0.948755 -0.032254 0.265814 0.385121 -0.257796 0.298075 0.557108 0.742849 0.722097 -0.619980 -0.522738 -0.459975 0.372398 0.783662 -0.539052 0.947671 0.874752 0.371076 -0.938853 0.811423 0.804782 -0.271572 0.126013 -0.024958
-0.349344 -0.345799 0.197785 0.852434 0.097826 0.514272 0.373362 -0.352662 0.699149 -0.299267 0.649468 -0.888384 -0.798743 -0.988386 -0.264753 -0.651264 -0.222890 -0.438417 -0.630377 0.173835 0.562422 0.441105 0.587137 0.339695 -0.650049 0.933004 0.632411 0.836963 0.760037 -0.234370
0.740378 0.219918 -0.670557 0.660473 -0.184070 -0.771380 0.359800 -0.660326 0.125164 0.917604 0.690553 -0.526100 0.018615 0.073293 0.973424 -0.520390 -0.604583 0.724730 -0.192338 0.731952 -0.153252 -0.451549 -0.084779 0.511044 0.311404 -0.268353 -0.778727 0.711626 0.409099 -0.095204
-0.400556 -0.471985 0.756341 0.076597 -0.602846 0.651832 -0.537211 0.206275 -0.167466 -0.501267 -0.595827 -0.997814 0.978756 -0.890069 0.069641 -0.651055 -0.246634 0.456213 0.273616 -0.445704 -0.163843 -0.752678 -0.886051 -0.290382 -0.327148 0.133591 -0.407316 0.720338 0.517923 -0.040694
0.304112 -0.642413 -0.669047 -0.826082 0.079945 -0.221906 0.619129 -0.308990 0.091322 0.392268 -0.909196 0.469157 -0.835835 -0.454513 -0.799138 -0.797318 0.952018 0.582514 -0.700833 0.030575 -0.732454 0.061515 0.552621 0.743980 -0.040297 0.604199 0.009785 0.494029 0.050670 -0.266197
-0.380424 -0.337335 -0.828291 0.497551 0.527482 -0.201745 0.970107 -0.582316 -0.054879 0.629817 -0.821564 0.368007 0.106336 -0.769330 0.463801 0.029066 -0.925739 -0.977228 0.026890 0.395458 0.597750 -0.402163 -0.081523 0.739863 -0.159054 -0.041448 0.574843 -0.535560 0.574842 0.456183
-0.104763 0.206013 0.273812 -0.756695 0.538419 -0.481546 -0.610986 -0.057221 0.670331 0.888534 -0.242743 -0.522455 0.742093 -0.573248 0.590415 0.294511 0.312012 -0.298509 0.944101 0.069661 -0.856734 0.466606 0.857349 -0.589850 0.808828 -0.742131 0.878319 0.013717 -0.226339 -0.592383
0.113167 -0.634104 -0.044633 -0.031960 -0.880096 0.329606 0.443736 0.767997 0.201711 -0.985892 -0.427914 0.997667 -0.319673 0.005697 -0.630810 -0.808431 -0.837859 0.847005 -0.076186 -0.271570 -0.357112 -0.367797 -0.475441 0.714498 0.603979 -0.340031 -0.148178 0.890942 0.702601 0.160287
-0.393333 -0.149708 -0.231558 0.093351 0.089620 -0.383772 0.646795 -0.129820 -0.597065 0.511408 0.613097 -0.049098 0.283114 -0.820489 0.127739 -0.974549 0.096023 -0.210158 0.235142 -0.414144 -0.497397 -0.265930 0.989955 -0.860015 -0.070421 -0.530466 0.978393 -0.116374 -0.177309 -0.011754
0.943608 0.818069 -0.495056 0.230174 0.045399 -0.327570 0.641707 0.463136 -0.403482 -0.959583 0.533917 0.632664 -0.369053 0.572799 -0.071679 0.215265 0.080308 -0.521478 -0.621779 -0.655107 -0.108158 -0.810349 0.743271 -0.303987 -0.297748 -0.598436 0.319707 0.353363 0.113111 0.796230
-0.216445 -0.118570 -0.244685 0.464327 0.481317 0.035116 0.942072 -0.274922 0.847922 -0.107645 -0.114882 0.709638 0.292285 -0.158282 -0.519518 0.105921 0.766204 -0.899577 -0.635656 0.982166 0.465431 0.910948 0.857908 0.851442 0.582926 -0.071546 0.827354 -0.382863 -0.374665 0.841505
0.213961 0.329394 0.712464 0.244316 -0.453945 -0.810839 0.990424 -0.552865 -0.103617 0.559210 0.265377 -0.010167 0.695896 -0.030308 -0.768384 -0.246234 0.577424 -0.581948 -0.017091 -0.011188 0.513385 -0.312234 0.990855 -0.699438 0.397417 0.915285 -0.776337 -0.617846 -0.988743 0.155268
0.204211 0.637345 0.782051 0.357137 0.095724 0.605178 0.691857 0.477643 0.196458 -0.551558 -0.340858 0.642567 -0.811436 0.952987 0.621204 -0.157948 -0.446158 0.976545 -0.372750 -0.640741 -0.050113 0.543903 -0.100730 -0.842293 0.907714 -0.026868 -0.434278 0.340991 -0.161440 -0.691739
0.392760 -0.248943 0.373941 0.775652 -0.597611 0.056890 0.321809 0.672464 0.930930 0.769229 0.352426 -0.034132 -0.618936 0.769730 -0.194667 0.635114 -0.674336 -0.971098 0.575149 -0.137244 -0.121949 0.617174 0.589185 0.351846 -0.690090 0.331941 -0.193912 -0.160087 0.501987 -0.759184
-0.940626 -0.046796 0.621847 -0.096527 -0.333635 0.586738 0.920438 -0.184808 -0.747331 0.160138 -0.832953 0.854646 0.464929 0.593670 0.301716 -0.162061 0.771637 0.942834 0.123481 -0.425675 0.741516 0.155458 0.437469 -0.519232 0.642740 0.863271 -0.958447 -0.680977 -0.504070 0.204890
-0.257707 -0.423874 -0.208286 -0.976454 0.521081 0.508855 0.512390 0.313726 -0.459135 -0.918399 0.877106 -0.083292 0.503595 -0.038718 0.664417 -0.281775 0.734337 0.344170 0.989040 0.965953 -0.930748 -0.655873 -0.890542 -0.027373 0.256929 -0.692023 -0.149880 -0.719368 0.102313 -0.756825
-0.663650 -0.009990 0.675192 0.882300 0.818589 -0.401202 -0.946857 -0.030548 0.565003 -0.152712 0.852595 -0.558056 0.934858 -0.192628 -0.853534 -0.471318 -0.143353 0.359489 0.245421 0.405597 -0.659980 0.781283 -0.997997 -0.672835 -0.235281 0.955880 -0.175653 -0.110175 0.623848 0.835891
0.365495 -0.721653 0.980545 0.543790 0.015816 -0.452184 0.424094 0.352532 0.411400 0.256475 -0.740488 -0.575991 -0.851661 -0.187135 -0.545798 0.968326 -0.806100 -0.778877 0.857641 -0.199518 -0.039363 0.701037 -0.184806 0.754844 0.879114 -0.508500 -0.196324 -0.115383 0.571203 0.744085
0.700014 0.527152 -0.009251 -0.682699 0.219839 0.005251 -0.086378 -0.762122 0.587020 0.276743 0.271168 -0.348102 0.643528 -0.714808 -0.886082 -0.943605 -0.836253 0.915138 -0.726083 0.348325 -0.172205 0.931147 0.584588 0.004011 -0.930366 -0.657953 -0.871410 -0.639104 -0.781326 -0.193891
-0.636100 -0.002558 -0.267109 0.605248 0.571366 0.645674 0.362807 -0.421070 -0.885583 0.929713 0.409835 0.064142 0.327316 -0.256854 -0.046942 0.490120 -0.867668 0.739049 -0.402580 0.266004 -0.311087 0.535196 0.226831 -0.613054 0.134614 0.945054 0.280203 -0.067036 -0.869654 0.565400
0.054513 -0.840312 -0.428471 -0.231585 0.866518 0.942140 -0.270879 -0.691838 -0.807515 -0.629530 -0.868307 -0.802178 -0.959011 -0.826303 -0.099362 -0.539994 0.568250 0.522974 -0.166038 0.986773 0.808358 -0.077987 0.501203 -0.359943 0.297482 -0.299558 -0.653298 0.335715 0.221301 -0.875533
0.616290 -0.298295 -0.466853 0.665591 0.469443 0.088744 -0.648095 0.862171 -0.035931 0.942958 -0.942501 -0.234488 -0.092098 0.529909 -0.888075 -0.255424 -0.245222 -0.948373 -0.247836 -0.983610 0.180149 0.679757 0.821701 0.103668 -0.854062 0.617365 -0.891848 0.799190 0.993168 -0.065035
-0.497771 -0.726849 0.354638 0.279601 0.772982 0.462114 0.255560 0.506564 0.614351 -0.717566 -0.631595 -0.806501 -0.942213 0.269050 -0.546549 -0.749977 -0.568500 -0.554935 -0.383326 0.180557 0.162952 -0.338636 -0.496312 0.495300 0.606618 0.463463 -0.109360 0.423461 -0.595920 -0.385823
0.360989 -0.759250 -0.805075 0.022906 -0.980415 0.881988 -0.036911 0.251639 -0.446801 -0.754275 0.144975 0.156167 0.026765 -0.558390 -0.323827 -0.036071 0.061312 -0.135016 -0.527410 0.080745 -0.664482 -0.271801 -0.384929 0.543319 0.626194 0.023121 0.216756 -0.972274 -0.085527 0.110370
-0.162074 0.078097 0.458348 0.081783 0.550335 -0.291163 -0.666346 0.132482 -0.757684 0.833184 -0.736853 0.522958 0.913311 0.566997 0.667256 -0.801854 0.887147 0.874439 -0.076071 0.696714 -0.047536 -0.086576 -0.449711 -0.561467 0.946491 -0.971952 -0.004793 0.137633 -0.793890 0.807313
-0.712390 -0.677679 0.129811 -0.906709 0.266759 -0.357556 -0.247228 0.028449 -0.136202 0.956309 0.669498 -0.263437 -0.315520 0.639757 0.188612 0.134025 -0.268937 -0.497381 -0.968014 0.627182 -0.855695 0.275296 -0.137719 0.947409 -0.236000 -0.819757 0.617301 0.130480 -0.857204 -0.152618
0.852638 0.839864 0.411862 0.410698 0.532061 -0.340532 -0.680688 0.128499 0.818149 -0.220653 0.938214 0.421414 -0.426201 -0.060451 -0.361254 0.863598 -0.055096 0.215161 0.571095 -0.583052 -0.515622 -0.410884 0.403106 0.844777 -0.861884 0.150605 0.536268 0.927410 0.802810 0.698812
0.232480 0.296180 0.938713 -0.004104 0.775090 0.153689 -0.345896 -0.626625 0.652228 0.111085 0.908403 0.577898 0.097510 0.062106 -0.090325 -0.879408 0.957386 -0.185737 0.921116 -0.520618 -0.263582 0.709704 0.618557 0.533529 -0.074868 -0.677770 0.142665 -0.414854 -0.400944 0.381268
0.876320 0.919153 -0.700296 -0.218490 -0.145553 0.632241 0.327476 0.328976 0.389783 0.566245 0.107597 -0.879001 0.067618 -0.549485 0.046238 -0.116095 -0.846934 -0.036074 -0.007995 0.490079 0.715631 0.367021 0.545303 0.621150 0.465223 -0.481017 -0.755086 0.759362 -0.113290 -0.115647
-0.844660 0.922498 0.745280 -0.090938 0.370813 0.343895 0.096981 0.233944 0.351164 0.751485 -0.588482 0.386113 0.038651 -0.088450 0.870914 -0.817879 0.340519 -0.305396 -0.427799 -0.198814 0.420418 -0.832952 0.887036 -0.742939 -0.830072 0.710069 -0.792066 0.826397 -0.685241 0.400655
-0.863278 0.310475 0.182770 0.938599 -0.290294 0.223860 -0.151241 -0.633800 0.609132 -0.333367 0.142649 -0.083857 -0.459159 0.484480 0.047833 0.513350 0.545060 -0.206563 0.537776 0.804426 0.962995 -0.701160 -0.192478 -0.774775 -0.659549 0.278862 0.169796 -0.810514 0.155048 0.799352
0.011280 0.845111 -0.066155 -0.708548 -0.123565 0.417728 -0.847986 0.245220 -0.282665 0.507544 0.396546 -0.997514 -0.760812 0.719815 0.476833 0.954220 -0.738054 -0.324488 -0.950437 -0.432040 -0.061801 -0.910879 0.432526 0.224268 -0.219653 -0.641512 0.439818 0.192175 0.581461 -0.770303
0.518302 0.563495 -0.894569 0.021199 -0.425986 0.291267 -0.323145 0.090151 0.782882 0.538431 -0.867961 -0.942916 0.963521 -0.392484 0.967050 -0.479271 -0.986165 0.969549 0.531311 0.017319 -0.584046 -0.351487 0.905983 -0.484424 0.434601 -0.403855 -0.233244 0.366230 0.465938 0.533114
0.515405 -0.058549 -0.033022 0.609021 -0.684098 0.856594 -0.700570 -0.909043 0.190358 -0.250268 0.003105 0.566308 -0.117113 0.127079 -0.840994 0.030887 -0.055810 0.410195 -0.175929 0.624424 -0.248914 0.403470 -0.415560 -0.298819 0.728427 0.051493 0.248213 0.918751 0.620596 -0.991626
-0.933214 0.058333 -0.153483 0.103585 -0.481388 0.276047 -0.877961 -0.362157 -0.716271 0.296902 0.542557 0.777580 -0.518478 0.025263 -0.050672 -0.609044 0.029110 -0.765952 -0.660804 0.908524 -0.003720 0.263274 0.947109 -0.165823 0.980039 0.811083 0.665779 0.627391 -0.358302 -0.913712
-0.262773 0.097377 -0.947646 0.903086 -0.424781 -0.333988 -0.936785 -0.909377 0.089193 0.154731 -0.387454 -0.837631 0.502239 -0.578621 0.476888 -0.552888 0.869533 0.151442 -0.686352 0.405173 -0.706338 -0.310108 -0.832610 -0.861653 0.883072 -0.375954 -0.140916 -0.632746 0.878915 -0.714184
0.529313 -0.471403 -0.320246 -0.639967 0.396970 0.551791 -0.028181 -0.173339 -0.528500 -0.259837 -0.038327 -0.638041 -0.304648 -0.210927 0.039278 -0.041869 0.439126 0.287746 0.890735 0.004338 0.444060 0.934988 0.833286 -0.517899 -0.184428 0.704827 0.028609 -0.953165 -0.371924 0.998118
0.704233 0.691004 0.725807 -0.331151 0.416214 -0.781116 -0.629406 -0.716249 -0.919069 0.779826 -0.091129 -0.935889 -0.856039 -0.074450 -0.011848 0.370143 -0.737650 0.990597 0.534239 -0.003762 -0.307896 -0.836590 0.385977 0.766672 0.178565 0.355919 -0.554447 0.365131 0.825911 0.913195
0.081699 -0.536172 -0.216582 -0.237610 0.244293 0.844138 0.417458 0.945828 0.439918 -0.116337 -0.203864 -0.731623 -0.628383 0.943262 0.275009 -0.639099 -0.746822 -0.723197 -0.136111 -0.563902 -0.827604 0.952094 0.013369 -0.093110 0.675430 -0.848816 0.028577 0.782500 -0.504792 -0.098798
-0.226008 -0.516351 -0.539473 0.838376 0.789803 -0.580387 0.651963 0.126241 0.904045 0.585136 0.637635 -0.839965 -0.737026 0.938283 0.023280 -0.445340 0.531839 -0.721955 -0.137154 0.969593 0.888695 0.574082 0.932468 0.886445 0.534517 -0.065657 0.681655 -0.465590 -0.544289 0.479774

Bias v0 (Oculta):
-0.983428
0.833171
0.346918
0.713932
-0.772546
-0.251654
0.201579
-0.420935
0.288674
0.947665
0.682367
-0.258974
-0.525453
-0.936909
-0.375678
0.131376
-0.443180
-0.054223
0.297146
-0.057051
0.695693
0.629412
-0.631823
0.687266
-0.415976
-0.440156
-0.861665
-0.315632
-0.554438
-0.270804

Pesos w (Oculta -> Sa獮a):
0.848968 0.113640
0.249883 -0.914325
0.830622 -0.086848
0.925588 0.646110
-0.542814 -0.069535
-0.086344 0.789560
-0.868759 0.466361
0.469409 -0.307479
-0.129518 -0.748913
-0.688711 0.781829
0.177816 0.222295
-0.575361 -0.769582
-0.449172 0.941530
0.016081 -0.958552
0.861216 -0.395927
-0.169028 -0.104458
0.656810 -0.387296
0.733596 -0.291143
-0.498796 -0.512636
0.066487 0.431302
-0.424326 0.062623
-0.948456 0.290830
0.863262 -0.767418
0.760439 0.772624
0.241986 0.206079
-0.541279 -0.249579
-0.370758 -0.992022
-0.121448 -0.536447
-0.895160 0.764002
-0.304609 -0.059249

Bias w0 (Sa獮a):
0.820914
0.291587
