Pesos v (Entrada -> Oculta):
0.866795 0.120888 0.915067 -0.832740 -0.694628 -0.598399 0.925574 0.886093 0.204822 -0.631163 0.449316 0.682722 -0.812837 0.120229 0.458011 0.319343 -0.430175 -0.918622 0.969540 0.369791 -0.574161 0.806127 0.878895 -0.055698 0.417070 0.713425 -0.336763 -0.657422 -0.444017 -0.689181
0.117446 -0.481026 0.403105 0.793473 0.570182 -0.154375 -0.122047 -0.690180 0.489117 0.644998 0.948647 0.999952 0.075458 -0.454513 0.408001 -0.994071 -0.322918 0.869370 -0.061178 -0.983062 0.562008 0.478920 0.815104 -0.827785 -0.142264 0.742577 0.156721 -0.908555 -0.405490 -0.085405
-0.305799 0.000379 -0.045551 -0.860093 -0.972398 -0.449547 0.902560 -0.955393 0.463855 0.523300 0.344369 0.803933 0.680248 -0.328396 -0.715718 0.671878 -0.479289 -0.926058 0.803778 0.068732 -0.932097 0.413378 0.147408 -0.763479 -0.266326 -0.616676 0.961178 0.687216 -0.299484 -0.424717
-0.227230 0.361588 0.845088 -0.114139 0.155073 0.485430 -0.592568 -0.872558 0.518366 0.231528 -0.135639 -0.357516 0.881077 -0.837271 -0.282850 -0.688041 0.515228 0.348781 -0.562437 -0.631171 -0.236288 0.053356 0.208153 -0.891685 0.538407 0.886138 0.663057 0.633842 0.054468 0.525520
-0.512140 -0.991393 0.186273 -0.850564 -0.375875 0.319905 0.784236 0.901836 0.530675 0.591823 -0.912372 0.764488 -0.850145 0.208773 -0.367802 -0.708683 -0.381425 0.305644 0.905652 -0.872211 -0.078735 -0.829721 0.696639 -0.638342 -0.093475 -0.039986 -0.876962 0.795976 -0.893152 -0.306490
-0.386511 0.250627 0.868859 -0.150177 -0.170826 0.303017 -0.559126 0.261328 -0.496764 -0.190660 -0.318349 -0.381146 0.009235 -0.036620 -0.134097 -0.092125 0.312061 0.256678 0.782742 -0.008252 0.410899 -0.008845 -0.706235 0.577532 -0.477239 -0.915811 -0.425298 0.371629 0.915091 -0.844526
0.113320 0.980390 0.451492 -0.754248 -0.559876 0.443871 -0.393791 0.377896 0.411066 -0.763817 0.650065 0.507440 -0.659180 0.171976 -0.456307 -0.076079 0.767186 -0.283478 0.563529 -0.600818 -0.224297 0.566860 -0.903862 -0.291639 -0.327750 -0.976007 -0.137327 -0.805736 -0.917940 -0.905493
-0.940871 0.000819 0.755208 0.926429 -0.566059 0.082217 0.821313 -0.501184 0.716258 0.250349 0.788383 -0.145907 0.309138 0.486567 0.196930 0.995946 -0.056465 -0.011325 0.638623 -0.811266 0.725469 -0.921454 0.170696 -0.093863 -0.305563 -0.419541 -0.914179 0.073535 -0.950143 -0.891587
0.543038 0.365622 0.814135 0.827340 0.499093 0.977277 0.387366 -0.016229 0.339941 -0.950206 -0.134639 0.466725 0.038492 0.017932 0.341241 -0.909080 -0.354038 0.747687 -0.471550 0.888554 0.129684 0.333823 -0.652056 0.466031 -0.062808 0.288592 -0.206376 0.886047 -0.433386 -0.153433
0.540752 0.808348 0.619491 0.916463 0.085168 -0.752163 0.941628 -0.013058 0.344873 0.333343 -0.616339 0.448370 0.404338 0.484081 0.094087 0.808434 0.021709 -0.476421 -0.311329 0.891096 -0.384321 0.561032 0.406592 0.071741 0.291592 0.806625 -0.190413 -0.983395 0.091962 -0.871127
-0.993841 0.760813 -0.310822 0.170202 -0.576483 -0.975122 -0.997037 -0.920680 -0.299346 -0.195574 -0.418270 0.459131 -0.282795 -0.213437 0.683790 0.079854 -0.295076 -0.058228 0.840951 -0.375597 -0.991974 -0.141084 -0.863727 -0.539860 0.199333 -0.293142 -0.810896 0.614234 0.515735 0.216120
-0.580928 -0.089264 -0.319560 0.031823 -0.659922 0.391848 0.035092 -0.476482 -0.904011 -0.675206 0.899836 0.664508 0.558993 -0.960186 -0.178099 -0.735719 0.846578 0.374665 -0.420741 0.171523 -0.841340 -0.315688 -0.994332 -0.578210 0.668610 0.074389 -0.434629 0.770795 0.292865 0.462730
0.128841 0.044774 0.529820 -0.612818 0.819141 -0.816312 0.069612 -0.338961 -0.030444 0.718103 0.666842 -0.944441 -0.134756 0.167155 -0.626802 -0.823785 0.996250 0.159429 0.796279 0.557861 -0.001266 -0.489284 0.320056 0.894760 0.165843 0.723807 -0.573028 0.607223 0.674780 -0.301146
-0.167352 -0.959222 0.799697 0.841662 0.446783 -0.309425 -0.500050 -0.860346 -0.863930 -0.739095 0.797184 0.771249 0.228703 0.485635 0.461797 -0.582302 -0.811536 0.461180 0.724750 0.553985 0.055990 0.667065 0.816860 -0.020467 0.392620 0.552142 0.756023 0.435749 -0.979252 -0.621852
-0.741281 0.820944 0.771336 0.286043 0.332106 -0.678651 -0.107458 -0.557328 0.471093 -0.601302 -0.982204 0.233643 -0.583789 -0.832254 -0.445314 0.903709 -0.389940 0.208190 -0.127891 -0.057635 0.176410 0.244483 0.462475 -0.356625 -0.905553 0.787294 0.718272 0.547973 0.055394 0.867120
-0.535922 0.311347 0.970017 0.843951 0.012855 -0.774519 0.455286 0.196421 -0.646684 -0.522704 0.781182 0.812473 0.036634 -0.458700 -0.899167 -0.360707 -0.356558 0.712710 -0.380943 -0.048208 -0.612177 0.635146 -0.483745 0.324019 0.707123 -0.933980 -0.511050 -0.042904 -0.503528 -0.519659
0.103362 0.765106 -0.584579 0.741331 -0.983906 -0.669077 -0.906773 0.585989 -0.287597 -0.015471 -0.919126 0.237236 0.376439 -0.664159 0.229692 0.379081 -0.445879 0.423968 0.906619 -0.314806 -0.122492 0.394363 -0.664498 -0.981928 -0.136176 -0.217749 -0.838285 0.049563 -0.627249 0.381727
-0.526346 0.469477 -0.790508 0.199835 0.718059 -0.577816 0.454710 -0.464044 0.684739 0.137355 0.157753 0.138799 -0.953470 0.886487 -0.196741 0.171957 -0.626511 0.584876 -0.945799 -0.091158 0.125644 -0.494033 0.044786 -0.036462 0.823383 -0.294510 0.908713 0.807169 0.915261 -0.782972
-0.254998 0.232099 0.829084 0.179396 -0.043494 0.193308 -0.749089 0.197793 0.591831 0.664404 0.284321 0.394269 0.173525 0.329252 -0.659118 0.703111 0.803920 0.567015 -0.764292 -0.043578 -0.109433 0.644313 -0.782496 -0.992347 0.915055 0.691593 0.548364 -0.589193 0.771444 -0.468509
-0.749336 -0.024979 -0.718366 -0.003311 0.312144 -0.402071 -0.618760 -0.129196 -0.811086 0.383326 0.301253 0.976856 0.327255 0.788883 -0.237102 0.044269 0.880484 -0.577690 0.791801 -0.091652 0.590361 -0.095342 -0.270222 0.124602 -0.969898 -0.815037 0.706359 -0.741005 0.015077 -0.457273
-0.585989 -0.878302 -0.583060 0.809672 0.833139 -0.888701 -0.415855 0.240687 -0.506729 0.701175 0.149950 0.804433 0.016623 0.380668 -0.357708 -0.990199 -0.255179 0.229361 -0.989058 -0.976224 0.324285 0.837970 0.612597 -0.595807 -0.835680 -0.594148 0.515956 0.664731 -0.508970 -0.087476
-0.045169 0.764047 0.309717 -0.570539 0.926519 0.790626 -0.903589 -0.555236 0.098790 0.600924 -0.251664 0.893436 0.457308 0.380487 -0.668778 0.143516 -0.366589 -0.764958 0.167351 -0.300332 0.522847 0.108572 -0.649787 -0.712317 -0.114598 -0.704748 -0.415699 0.882971 0.707858 -0.303228
0.634799 -0.894710 -0.525410 0.743508 0.872871 -0.620158 0.952812 -0.611191 -0.816616 0.889781 -0.534394 0.719098 0.693009 0.658673 0.724815 0.196287 -0.679714 0.230226 -0.424800 -0.548450 -0.094986 -0.278719 -0.373281 0.969999 -0.678697 0.528139 0.057890 -0.808337 -0.209108 0.871984
-0.141018 0.405732 -0.695668 0.991157 -0.113543 -0.714515 0.149642 -0.696528 0.639938 0.734854 -0.849382 -0.631153 0.894703 0.055169 0.380957 -0.340027 0.444921 0.591467 0.207086 0.048504 0.633631 -0.206829 0.942230 0.919966 0.233888 0.383522 0.066303 0.663503 -0.289912 -0.472832
0.321875 -0.107877 -0.114945 0.490352 0.288412 0.405795 -0.212015 0.445554 0.673326 -0.120056 -0.139129 -0.095793 0.808177 -0.924903 -0.236491 0.538531 -0.716229 -0.550450 0.645194 0.400857 0.148682 -0.689511 -0.088676 -0.957160 -0.303337 -0.842550 -0.872145 -0.561204 0.509728 0.933087
0.234894 -0.909960 -0.739235 -0.545800 -0.670420 -0.311224 -0.613596 -0.453133 0.464318 0.862657 0.556544 0.052975 0.174606 -0.383985 -0.306607 0.421258 -0.251369 -0.117594 -0.593142 -0.374893 -0.678112 0.993598 -0.305136 -0.269191 0.271354 -0.767052 0.004842 0.812649 -0.698917 -0.304764
0.324186 0.001556 -0.995256 0.605059 -0.202707 -0.313703 -0.832947 -0.844462 0.399895 0.175552 0.358926 0.572752 0.261937 -0.859240 -0.664366 -0.280669 0.351537 -0.847014 -0.733445 -0.883890 0.772138 0.370724 0.673428 0.244883 0.961424 -0.144534 0.970046 -0.285022 0.723563 0.267334
0.458885 -0.442534 -0.860033 0.061209 0.306773 0.745105 -0.934700 0.854051 0.394157 0.414534 -0.766637 -0.399045 -0.603561 0.462425 -0.786253 0.637913 -0.455501 -0.229978 0.855396 0.548086 -0.017676 -0.268368 -0.859941 0.468180 -0.537015 0.470376 -0.640015 -0.395777 -0.473775 0.859605
-0.690160 0.794589 -0.163621 -0.450434 0.295411 -0.274905 -0.900279 -0.926513 0.843453 -0.589375 0.838611 0.841385 -0.798500 0.204608 -0.938920 -0.274542 -0.835264 0.900659 0.890651 -0.411241 0.877566 -0.332329 -0.447585 0.843570 0.440079 -0.305851 0.304965 -0.814163 -0.455844 -0.092316
0.397876 0.536472 0.889275 0.672934 -0.621516 0.751168 -0.995373 -0.566598 0.745519 0.989984 -0.796782 -0.929632 0.483540 0.193512 0.389453 0.885363 0.206994 -0.058576 -0.834312 -0.835133 -0.870658 -0.638178 -0.678896 -0.156574 -0.737678 0.716085 0.940908 0.826009 0.055426 0.073657
-0.356823 0.100567 0.544597 0.896034 0.304653 0.888803 -0.249657 0.833169 -0.307583 -0.489637 -0.607888 -0.281953 0.362176 -0.177042 -0.494367 0.040179 -0.674259 0.203406 -0.324370 0.176182 -0.380270 -0.842203 -0.980982 -0.828967 -0.696963 -0.360194 -0.378904 0.794769 0.875131 -0.578108
-0.214573 0.205810 0.684032 -0.839820 0.372272 0.291551 0.477166 0.546809 0.490844 0.069865 0.301509 -0.423692 -0.517435 -0.046080 0.896304 -0.050346 0.034521 0.680873 0.066671 -0.111919 0.738343 -0.925791 0.610653 -0.917467 0.670402 -0.082716 -0.762997 0.104899 0.623830 0.339347
-0.516602 0.310114 0.353988 0.579050 0.953264 0.528172 -0.405691 0.286624 -0.129923 0.328365 0.399847 0.992371 0.703940 -0.814644 -0.991355 -0.954169 -0.160980 0.868041 0.598783 -0.901544 -0.275574 -0.541449 0.579666 -0.070717 0.292753 0.495469 -0.936639 -0.992985 0.384094 0.691528
0.191006 -0.183988 0.846525 0.321115 -0.652311 0.975429 0.185838 -0.377805 0.262693 -0.848005 -0.328156 0.319280 0.300142 0.313027 0.156126 -0.348078 0.716858 0.362196 -0.647236 -0.834734 -0.648667 -0.539408 -0.103864 -0.241461 0.961618 0.332032 0.873018 0.530864 0.447328 -0.626836
-0.694216 0.128330 0.460294 -0.015433 0.368711 0.324298 0.333124 0.856381 -0.082051 -0.622172 0.457272 -0.490243 -0.602467 0.970858 0.736664 0.073420 0.144541 -0.312222 0.437784 -0.768405 -0.636050 0.707944 -0.522159 -0.621096 0.598876 0.935989 -0.820692 0.001881 0.460565 -0.680712
0.017094 -0.806208 0.463889 0.397225 -0.468022 -0.696698 0.066149 0.085458 0.668115 -0.560983 0.581265 -0.629050 0.431606 -0.212888 -0.458909 -0.711478 -0.465837 0.382127 0.516861 0.584171 -0.328200 -0.502854 0.042381 0.564337 -0.983122 -0.435180 -0.824619 -0.627291 -0.936034 0.921248
-0.530596 -0.177211 -0.153313 0.280587 -0.227853 0.485331 0.750078 -0.154870 -0.012246 0.604833 0.301239 -0.493730 0.062699 -0.777931 0.785427 -0.905601 0.846856 0.875400 0.370037 -0.763091 0.644125 -0.508891 -0.182409 -0.255456 -0.379333 -0.038410 -0.070868 -0.688481 0.928087 0.406803
-0.779172 -0.438631 -0.665261 0.859192 -0.538996 -0.583876 0.787134 0.558084 0.767139 -0.421349 -0.562610 -0.136076 0.627614 0.922096 0.401101 -0.674904 -0.715287 -0.980271 0.656758 0.590252 -0.858837 -0.246027 0.331361 0.260656 0.505302 0.642502 -0.945441 0.587061 -0.853341 -0.739399
0.648692 0.849070 -0.795103 -0.648631 -0.184097 -0.145152 -0.398952 0.533134 0.731811 0.716265 -0.094483 -0.407525 0.930509 -0.344107 0.472147 0.578795 0.977894 0.726775 0.425091 0.076537 0.795577 0.288095 0.602634 0.964510 -0.969758 0.786069 0.008121 -0.991775 0.090883 0.395855
-0.925262 -0.500498 -0.639645 0.417583 0.309389 -0.219077 0.081118 0.256839 0.495781 -0.940104 0.355023 -0.780489 -0.974935 0.288724 -0.625785 -0.414428 -0.137568 -0.827352 0.729492 0.638552 0.196482 0.029415 -0.525164 0.181558 -0.658500 -0.510459 -0.283593 0.685528 -0.432454 0.415936
-0.621070 -0.878689 -0.132868 0.402396 -0.906970 0.258997 0.248501 -0.114540 0.027476 0.783079 0.611157 0.180924 0.648720 0.441320 0.377750 -0.343338 -0.359599 -0.170047 -0.015116 -0.127000 0.613721 0.077491 -0.356959 0.671840 -0.764407 -0.773739 -0.273870 -0.537563 -0.654342 0.020946
-0.699712 -0.321786 0.394449 0.562352 0.584038 -0.684483 -0.101606 -0.003341 -0.709643 -0.531867 -0.170685 -0.335691 0.620555 0.708468 0.956770 -0.493383 -0.039429 0.639652 0.914672 -0.372247 0.037880 0.033926 -0.804800 0.718671 -0.469021 -0.548166 0.834838 0.080746 -0.932711 0.819030
-0.979006 -0.684139 -0.397289 -0.310795 0.596595 -0.146587 0.630200 0.628672 0.079958 0.077252 -0.273068 -0.303574 0.431802 0.968776 0.711100 0.280934 -0.882704 0.197191 -0.976415 -0.699424 0.339470 -0.750655 -0.152286 -0.983911 0.217370 0.180491 0.160579 0.309591 0.871280 0.903387
0.046506 -0.714487 -0.020461 0.809622 -0.566934 -0.804785 -0.333069 0.606800 0.625890 -0.228520 -0.209539 0.424255 0.022948 -0.680871 -0.826972 0.198103 0.207207 0.687503 -0.239215 0.441478 -0.355433 0.804847 -0.763268 -0.693668 -0.627985 -0.097512 -0.736983 0.614573 -0.744245 0.697411
-0.684900 0.480243 0.446282 0.462076 -0.070436 0.330517 -0.958919 0.160483 -0.118718 0.199790 -0.155000 0.218501 0.963754 -0.260156 0.635820 -0.961089 -0.827899 -0.120537 -0.600304 -0.616035 0.170171 -0.007518 0.506987 0.577244 0.914841 -0.217725 -0.374439 -0.762052 -0.882681 0.994653
-0.670648 0.524253 -0.732451 -0.996074 0.195481 -0.051144 -0.715957 -0.132142 0.981361 0.191357 -0.506977 0.192364 -0.703730 -0.822370 0.585518 0.396149 0.384629 0.087650 0.534052 -0.911243 -0.876743 0.526246 0.715732 0.475683 0.240477 -0.836548 0.189943 0.892417 -0.435950 0.763130
0.696594 -0.462483 0.449326 0.245598 -0.220820 -0.639665 -0.973046 -0.084256 0.169865 0.563925 0.690780 -0.248564 -0.687332 0.776051 0.058338 0.415605 0.302040 0.071337 0.231510 0.184440 -0.015083 -0.530737 -0.226024 -0.242972 -0.387076 0.851462 -0.513814 0.812059 -0.713423 0.734799
0.253452 -0.484307 0.560574 0.213648 0.225071 -0.134769 -0.973071 0.124848 -0.758072 0.480447 0.260509 -0.713368 -0.961077 0.447344 -0.915249 0.233398 -0.239737 0.556337 0.297967 0.424458 -0.518727 -0.833417 -0.927471 -0.947929 -0.889195 -0.149567 -0.652193 -0.715833 0.087568 -0.447054
0.334239 0.536505 -0.699283 -0.102704 -0.476314 -0.035087 0.864674 0.894299 -0.440869 0.668101 0.858990 0.539303 0.472475 0.945726 -0.127244 0.185917 -0.718934 -0.077168 0.444347 -0.401817 -0.053625 -0.387554 -0.972214 0.297136 0.966931 -0.250964 -0.389561 -0.262781 0.439235 0.926520
-0.979670 -0.135282 -0.775412 -0.711988 -0.314854 0.331446 -0.068845 0.149386 -0.241634 -0.576866 -0.855533 -0.404566 0.681999 -0.484563 -0.571020 0.753384 0.475905 -0.481618 -0.684135 0.857364 0.149776 -0.543971 -0.820531 -0.462008 0.114505 -0.640226 -0.342905 -0.110350 -0.854068 -0.430899
0.205648 0.281060 -0.986168 0.399214 0.429815 0.947404 0.544737 -0.970824 -0.776432 0.133411 0.546805 -0.819268 0.022120 -0.430751 -0.497114 -0.787396 0.187544 0.721491 0.247810 0.216745 -0.717256 0.586701 0.150798 0.531094 0.517283 0.846005 -0.209783 0.775132 -0.705465 -0.102002
-0.916718 0.185965 -0.111171 0.175160 -0.322675 0.044515 -0.389798 0.430084 0.362923 -0.267829 -0.496578 -0.701068 -0.409493 0.765685 -0.833319 0.571654 -0.844063 -0.566451 -0.412491 0.323794 -0.287444 0.382204 -0.143909 0.570486 0.878182 0.701077 0.623920 0.767792 -0.414054 0.888203
-0.557806 0.799721 0.435072 0.685263 -0.145179 -0.885465 0.286671 -0.472809 0.567912 0.589576 -0.267525 -0.039939 0.211075 -0.752563 0.112939 -0.519273 0.179041 -0.326216 -0.076090 -0.609578 -0.242885 0.941471 0.936082 0.927845 0.188827 0.982444 0.369748 0.538840 -0.238214 0.324917
-0.563337 0.222020 0.298123 0.867977 -0.445527 -0.550444 -0.884124 0.987636 0.397009 0.466135 0.401460 0.159020 -0.768022 -0.199897 -0.575954 0.565166 -0.550642 0.008193 0.482669 -0.584299 0.163886 -0.932696 0.494877 -0.656827 -0.143757 0.422044 0.388913 0.786574 -0.605798 0.957445
0.683441 -0.925951 0.887329 0.374018 -0.658433 -0.798845 0.941100 -0.238863 -0.364806 0.142350 0.134338 -0.969084 -0.824780 0.676587 -0.240888 -0.642495 0.662531 0.215664 0.802606 -0.636694 0.715556 0.089434 0.888318 -0.116836 0.298958 -0.772448 -0.823579 -0.073041 -0.221467 -0.104345
-0.480993 0.401102 -0.010138 -0.337559 -0.512214 -0.563744 -0.102373 -0.717694 0.613480 0.533929 0.204734 0.813992 -0.231983 -0.550214 0.808353 -0.188607 0.040844 0.095030 0.311422 0.214126 -0.538615 0.226684 -0.975242 -0.741400 0.358624 -0.645966 -0.136651 -0.192373 0.706363 -0.120925
0.158732 -0.175077 0.790813 0.500593 -0.585570 0.145881 0.001845 -0.955564 -0.607340 0.252031 -0.710112 0.754733 -0.301682 0.904946 0.765427 0.401685 -0.381797 0.066799 0.013190 -0.772469 -0.047146 0.244582 0.945835 -0.813308 -0.580019 -0.933864 0.080114 -0.044118 -0.488497 0.661030
-0.809905 -0.493259 0.474217 0.858069 0.193815 0.665752 0.450765 0.260670 -0.621980 -0.873019 -0.457673 0.734272 -0.604734 0.870521 0.948246 0.923344 -0.117070 -0.774571 0.365791 -0.243437 -0.992701 0.975963 0.466402 0.837338 -0.118640 0.387542 -0.426124 0.222219 -0.934127 -0.017712
-0.500117 0.802033 -0.631210 -0.248901 -0.016267 -0.563167 0.975780 -0.122858 -0.029281 -0.364435 0.853703 0.848793 -0.249387 -0.698762 -0.950091 -0.951002 -0.558950 -0.470084 0.580758 -0.378189 -0.765824 0.090325 0.379973 0.385222 0.312217 -0.417118 -0.693416 0.989980 0.863554 -0.073167
-0.222461 0.454370 -0.707453 0.877104 -0.546461 -0.361333 0.110147 -0.830525 -0.576682 0.254498 0.748215 0.980915 -0.891719 0.457467 0.896153 0.154036 0.845343 -0.653682 0.035577 0.800665 0.653116 -0.818580 0.622046 0.163747 -0.015717 -0.759464 -0.548377 0.404310 0.051236 -0.510545
0.665160 0.142364 0.474083 -0.535761 -0.381418 0.535508 -0.167453 -0.701312 -0.764227 -0.726351 0.878038 0.732442 0.705151 -0.028432 -0.895258 -0.668794 -0.373942 -0.830344 0.252316 0.934675 -0.693315 0.363763 -0.658398 -0.668724 0.465218 0.551205 -0.770789 0.625185 -0.330702 0.827781
-0.781130 -0.991824 0.664860 -0.732787 -0.838474 0.333087 0.354991 -0.792342 -0.666453 -0.299059 0.581796 -0.415544 0.051464 -0.086784 0.419255 0.343760 -0.164692 -0.404209 0.680911 -0.546565 0.287028 -0.695418 0.600305 -0.264232 -0.958969 -0.688567 0.707482 0.607903 0.883080 0.517482
0.465785 0.567662 0.399717 0.539631 -0.349374 0.251628 -0.989706 -0.280061 0.183835 -0.229440 -0.070172 0.171658 -0.214952 -0.363602 0.702065 -0.168299 -0.864928 -0.133214 -0.477338 -0.022112 0.902617 0.567620 -0.613179 0.641781 -0.065742 -0.615294 -0.552718 -0.685720 0.088204 -0.354069
-0.042996 -0.974985 0.429490 -0.955228 0.780233 0.520597 -0.706973 -0.580409 -0.983323 0.210627 0.879403 0.865701 -0.736339 0.973518 -0.675812 -0.843457 0.250388 0.858511 -0.044279 0.939511 0.632304 0.448393 -0.570671 -0.730891 0.535441 0.351888 0.984839 0.940371 0.868497 -0.988461
-0.840949 -0.361359 0.443454 0.870972 0.552939 -0.654061 -0.601069 -0.208608 -0.102638 0.119056 0.004156 -0.077287 -0.199359 -0.361388 -0.208067 0.115313 -0.597500 -0.220991 0.946159 0.781208 -0.623800 -0.646944 -0.438933 -0.963362 -0.583514 -0.999488 0.977967 0.345060 -0.589245 -0.763334
-0.612724 0.620024 -0.616379 0.794595 0.059968 -0.191836 0.436490 -0.481964 0.344972 0.606957 0.436704 0.136005 -0.563103 -0.511946 -0.977710 0.261256 -0.686591 0.069387 0.046644 0.171158 -0.725326 0.927728 -0.926384 0.599427 -0.204975 0.682029 -0.449506 -0.280770 0.959501 0.052004
-0.752919 0.366632 -0.709518 -0.675565 0.233603 0.606654 0.658363 -0.690303 0.665460 0.770365 -0.655624 -0.089913 -0.074929 -0.274200 -0.814329 -0.723912 -0.977039 -0.909652 -0.043846 0.997353 -0.610522 0.277947 0.951034 -0.971667 0.105513 -0.932435 0.293802 0.463394 0.998927 0.627422
-0.895807 0.023336 0.187351 -0.457694 -0.293649 -0.041936 0.144916 0.166816 0.263062 -0.774955 0.589113 0.570062 0.627760 -0.773591 0.689562 0.712152 0.007111 0.306669 -0.294427 0.525876 0.151470 -0.818173 0.297872 0.585222 -0.122341 -0.562104 -0.216765 0.479167 0.735314 -0.778968
0.987898 -0.428573 -0.074198 0.283046 -0.148709 0.893034 0.281938 0.811868 0.453204 -0.091285 0.110582 0.263716 0.584338 -0.035864 -0.860236 -0.876231 0.753256 0.102674 0.426335 0.883011 0.257884 0.910257 -0.918609 0.106660 -0.324142 0.854840 -0.712185 -0.850481 0.934803 -0.968315
0.374218 0.008089 -0.256458 -0.600158 -0.103002 0.287935 0.659370 0.110850 -0.784828 -0.288612 0.873797 0.275091 -0.900211 0.729094 -0.932197 0.447931 0.324955 0.203395 0.717941 0.398843 0.441762 0.191496 0.242830 0.668830 0.245098 -0.564361 0.637442 -0.548915 -0.780740 -0.558681
-0.296800 -0.407022 -0.588191 0.025392 0.690170 -0.346447 -0.890599 0.237399 0.722364 0.623434 0.006878 0.963653 -0.737958 -0.326340 -0.591229 -0.127616 0.815012 -0.196030 -0.047204 0.313550 -0.362189 0.514406 0.591481 -0.056118 -0.622053 -0.626419 -0.008311 0.553057 -0.854231 0.181495
-0.082740 0.512097 0.939014 -0.230240 0.885449 0.463487 -0.494293 -0.151578 -0.495524 -0.935478 -0.053367 -0.161295 0.885612 0.902645 -0.950160 0.754660 -0.472970 0.155791 0.478284 -0.425910 -0.107589 -0.239622 -0.893561 -0.819686 0.286235 -0.756118 -0.459750 -0.333635 -0.680416 -0.935183
-0.896556 -0.035230 -0.065869 -0.552034 0.827659 0.371690 0.465710 0.499606 0.573004 0.773257 -0.831612 -0.850107 -0.275448 -0.633701 -0.815060 -0.108013 -0.837945 0.592387 0.360164 0.507459 0.598241 0.547977 -0.171375 0.758996 0.726677 -0.900712 0.724517 0.371195 0.338617 -0.645324
-0.848395 -0.290551 0.478556 0.868083 0.071065 -0.353998 -0.866706 -0.262994 -0.602107 0.342182 0.349174 -0.714236 0.745320 -0.407242 0.157656 -0.843843 -0.142416 -0.065434 -0.081860 -0.253734 -0.165599 0.819989 0.295341 0.562484 -0.343616 -0.767364 0.777555 -0.567345 -0.990205 -0.881884
-0.532639 -0.365668 0.045086 -0.541164 -0.576051 0.302442 0.968626 -0.011940 -0.061397 -0.664912 0.260033 -0.029409 0.898694 0.438900 0.884769 0.571505 0.728586 -0.465190 0.898716 -0.591398 0.728582 0.236817 -0.402513 0.934043 -0.612578 0.764616 0.714548 -0.733088 0.327982 -0.573870
0.112425 -0.583331 -0.673423 0.251989 -0.885214 -0.535543 0.570837 -0.659815 0.510391 -0.628365 0.883337 -0.435722 -0.444197 -0.150817 -0.552854 0.801295 -0.279671 0.162839 0.786038 0.978140 -0.564375 0.517236 0.135354 0.022461 0.878504 0.821205 0.778001 0.588501 -0.925480 -0.443932
0.359110 -0.239069 0.072782 -0.831010 0.999522 -0.901525 -0.930397 0.316720 -0.986380 -0.691671 0.282775 0.426721 0.282888 -0.569239 0.767730 -0.948847 0.038621 -0.402349 -0.990607 0.612064 0.039555 0.668653 0.899633 -0.919059 0.647378 0.370030 -0.145412 0.888225 -0.844985 0.657774
0.996879 0.113085 -0.590156 0.741277 -0.116060 0.165754 -0.781228 -0.783381 0.145018 0.960864 0.230728 -0.786516 -0.739130 0.432019 0.521646 0.639513 0.804151 -0.334859 -0.738397 -0.573696 0.783182 -0.415414 0.097394 0.723670 -0.045530 -0.620282 -0.580001 0.857395 0.368781 0.321636
-0.815337 -0.965463 -0.257441 -0.219299 0.491708 0.700419 0.327810 0.730824 -0.416170 -0.806535 -0.639856 -0.824339 0.877726 0.906938 -0.798531 -0.087248 -0.939148 -0.350097 0.678652 -0.583778 -0.411420 0.794841 0.118530 -0.921080 -0.349828 -0.320045 -0.495612 -0.089831 0.550546 -0.716725
-0.919512 -0.972847 -0.516133 0.128030 0.879187 -0.842259 -0.739664 -0.546576 -0.777857 -0.344860 0.618591 -0.818283 0.503093 -0.261980 0.666356 -0.612794 0.224393 -0.879742 -0.993739 -0.567961 0.474904 -0.833482 -0.458283 0.266136 0.718221 0.245260 0.114156 0.164053 -0.549955 0.803107
-0.401124 -0.736372 0.065775 -0.496101 -0.893240 -0.310924 0.245857 0.131482 0.229065 0.736357 0.673587 0.925350 0.003883 -0.261847 -0.159176 -0.942951 0.999177 -0.986774 0.618573 0.295118 -0.983407 0.296000 -0.627025 0.974129 0.753242 -0.741430 0.249621 0.405635 -0.105475 -0.707872
0.269079 -0.783658 0.524566 -0.494998 0.569788 -0.698827 0.578753 -0.110498 0.022004 -0.389713 -0.296575 -0.954442 -0.652653 -0.192816 -0.743645 -0.273205 0.267352 0.350094 0.269402 0.158656 -0.223214 0.408528 -0.421884 0.079769 0.235924 -0.111589 -0.063212 -0.416052 0.389496 0.908996
-0.458249 -0.859800 -0.728786 -0.800485 0.046419 0.292262 0.277274 -0.723446 0.791972 0.011348 -0.547106 -0.677391 -0.353101 -0.844858 0.806173 -0.840474 0.218304 0.979973 -0.158374 0.942597 0.865902 -0.101792 -0.292999 0.074329 -0.068758 0.960844 0.805012 -0.658740 -0.538723 0.991132
0.619090 0.526788 -0.141676 0.526282 -0.687885 -0.634863 0.961470 0.990768 -0.874628 -0.535943 0.194316 -0.209372 -0.372083 0.107237 0.882822 0.000197 -0.185743 0.403020 -0.394502 -0.863747 -0.540734 0.648761 -0.272623 0.535230 -0.176582 0.383141 0.686043 0.735024 -0.373441 -0.299120
0.254604 -0.911421 0.102477 -0.136135 -0.579220 -0.704090 -0.344834 0.297219 0.102947 0.212939 -0.865656 0.630190 0.648988 -0.877775 -0.318015 -0.659407 0.886761 -0.402450 -0.009678 -0.480252 -0.989202 -0.035804 -0.411984 -0.073407 -0.483916 0.023932 0.726909 0.002487 0.066861 -0.975969
-0.237373 0.356659 -0.425639 0.935804 0.868270 0.506089 0.751817 0.493004 -0.818853 0.561325 0.765864 -0.985963 -0.319229 -0.050495 -0.692815 0.238278 0.358618 -0.866537 0.060940 -0.454056 0.111435 -0.181180 -0.368454 -0.778179 0.938667 0.041550 -0.011729 -0.171236 -0.957589 -0.157608
-0.924386 0.901789 0.385704 0.291593 0.025264 -0.984033 -0.894343 0.975311 0.248915 -0.445816 -0.637170 -0.084190 0.277350 -0.306582 -0.342106 0.062264 0.509268 0.484257 -0.648247 -0.687885 0.349278 0.690478 0.325589 0.405804 0.561913 -0.016089 -0.710860 0.602966 -0.051861 0.193039
0.619350 0.137064 -0.552310 0.725039 0.318001 0.604864 0.862822 0.333226 0.201736 0.598895 0.524941 -0.045239 0.847548 0.613369 0.669351 0.225814 -0.329094 0.601023 -0.388666 0.279407 0.663088 -0.938426 0.106401 0.584805 -0.522081 -0.588816 -0.608680 -0.774205 0.514122 0.110725
0.025420 0.451986 0.460536 -0.805179 0.435181 0.902975 0.964678 0.421421 0.523597 -0.750088 0.994530 -0.343513 0.732471 0.919382 -0.027720 0.888917 -0.391736 0.345692 -0.950525 -0.782072 -0.027096 0.993468 0.120989 0.383729 0.109716 0.290076 0.198409 0.309987 0.745822 0.978518
0.866743 0.884248 0.029389 0.092864 -0.457757 -0.949544 0.107657 -0.360181 -0.587704 0.915838 -0.003985 -0.811436 -0.624983 0.788933 0.846128 0.019206 -0.572432 -0.845996 -0.946232 0.159593 0.708278 0.080884 0.929737 0.020004 -0.350150 0.174495 0.503993 0.588108 0.869079 -0.589542
-0.356507 0.610581 0.136798 -0.664552 -0.080675 -0.760971 -0.714179 0.147751 -0.627281 -0.841877 0.655927 0.992671 -0.955129 0.619408 0.447469 -0.835196 -0.079960 0.784297 0.973795 -0.341502 -0.028774 -0.023001 0.415968 0.372678 -0.346438 0.133692 -0.694695 0.723560 -0.797844 0.329446
0.875006 0.544229 -0.767998 -0.873008 -0.084650 0.928046 0.430185 -0.995924 0.627521 0.415675 -0.792582 -0.831884 0.856630 0.289974 -0.825999 0.453225 0.668588 0.025662 -0.669575 0.030214 -0.192946 -0.125924 0.149881 -0.942265 -0.039384 0.190305 -0.920008 -0.392662 -0.372314 0.688732
0.357207 -0.281494 -0.055723 0.725767 0.626735 -0.125285 0.650971 0.989835 -0.009981 0.834359 -0.335070 0.792752 0.214267 0.319281 -0.156715 0.696571 0.462103 -0.103467 0.508678 0.744267 -0.705076 0.679869 -0.340536 0.767172 0.007728 -0.457378 -0.239861 -0.177579 -0.053480 -0.554317
0.427886 -0.392316 -0.614570 0.929604 0.481492 -0.588849 0.964307 -0.799708 -0.404483 0.392474 0.927252 0.100186 -0.791987 -0.274805 0.386971 -0.455286 -0.779176 -0.484426 0.620804 -0.976020 -0.397816 0.333692 0.348049 -0.115341 0.583931 0.440459 -0.585031 -0.033287 0.565557 -0.524507
0.727883 0.341690 0.449959 0.811236 0.246154 0.729825 -0.805565 -0.403487 0.974996 0.092640 0.467511 -0.024116 -0.151598 0.935502 -0.095605 -0.129457 0.030748 0.412072 -0.882929 -0.430776 -0.099475 -0.640991 0.691809 0.927389 -0.745424 -0.372970 0.622987 -0.144833 0.455137 -0.996524
-0.770846 -0.485620 -0.668021 -0.248521 -0.203029 0.534250 0.800640 -0.715280 -0.084788 -0.098550 -0.307794 -0.641712 0.943523 0.058395 0.078216 0.920125 0.667255 -0.681266 -0.131686 -0.987177 -0.318979 -0.421104 -0.120689 0.449773 0.220631 0.071410 -0.634294 0.899245 -0.700218 0.005693
0.647431 0.633133 0.461394 -0.531767 0.766760 0.343779 0.368675 0.943849 -0.697802 0.627118 0.055578 0.754952 -0.655253 0.205669 0.618782 -0.777629 0.603873 0.448398 -0.260341 0.965870 -0.335231 -0.898861 0.175381 0.057059 -0.975606 0.357153 -0.939544 0.224916 0.777248 -0.423097
0.880892 0.710219 -0.817919 0.998928 0.529610 0.973888 -0.291958 -0.288122 -0.829870 -0.978375 -0.031710 0.244869 -0.090106 -0.406535 -0.558165 -0.414953 -0.525609 -0.422466 0.892030 0.637353 0.000079 -0.621092 -0.891656 0.044382 0.867906 -0.277178 0.108499 0.474602 0.568505 -0.058106
-0.030024 -0.257358 -0.997684 -0.195291 -0.749551 -0.228304 0.169520 -0.440216 0.917711 0.368918 0.259870 -0.373531 0.603405 -0.810748 -0.403624 0.401904 0.326647 -0.562538 -0.424656 0.026266 0.269354 -0.859461 -0.016150 0.683321 -0.358020 0.928597 0.221553 -0.886797 0.071074 -0.197156
-0.672666 0.579968 -0.796398 0.689057 -0.463675 -0.221519 0.620992 0.298908 -0.534397 0.053960 -0.791288 -0.826030 -0.597779 -0.856160 -0.861537 -0.714111 -0.249253 0.224323 0.974432 0.642696 -0.867711 0.296802 0.492289 -0.956431 0.392955 0.042863 -0.343065 0.818188 0.085970 -0.730977
-0.235482 0.133161 0.289594 0.088924 0.095344 0.045558 0.704312 0.540442 -0.274952 0.471538 0.324535 -0.920647 0.854310 -0.724112 -0.948452 -0.730469 0.027662 -0.958789 0.088016 -0.250841 0.453435 0.745758 -0.881375 -0.523319 0.348578 0.745975 -0.745526 -0.490614 0.277796 0.186351
-0.504017 -0.075868 -0.005682 -0.035899 0.603100 -0.154627 0.869419 -0.940649 0.181866 0.632027 -0.967870 -0.369009 -0.795926 0.432327 0.064505 0.910463 0.179483 0.366098 0.430431 0.806841 -0.850408 0.967516 0.397946 -0.793118 0.010879 -0.958428 0.970629 -0.701113 0.653795 0.493102
-0.318224 0.118135 -0.812324 -0.404325 -0.937719 -0.010624 0.419725 -0.297786 0.977227 -0.480968 -0.592438 -0.815139 0.771793 -0.118390 0.714321 0.520038 0.396481 0.160315 0.736903 -0.481876 0.341802 0.439823 -0.721043 -0.699523 -0.925709 0.242275 0.511924 -0.188441 -0.561516 -0.259191
-0.994010 -0.711775 0.294344 -0.039867 -0.095344 0.528012 0.671139 -0.312581 0.394941 0.749899 -0.346841 0.156141 0.782514 -0.860235 -0.402569 -0.504753 0.753851 -0.226294 0.104732 -0.313303 0.991949 0.982640 0.457777 0.430821 0.438055 0.251899 0.173261 0.093597 0.688888 0.649676
-0.711923 0.691135 -0.428240 -0.421514 0.145761 0.611701 -0.784814 -0.020892 -0.637914 -0.464824 -0.227980 -0.091858 -0.331835 0.527670 -0.851644 0.051451 -0.357142 -0.988699 0.055675 0.307862 -0.310616 -0.450811 0.879868 -0.294218 -0.099285 -0.951685 -0.649168 0.944795 0.972941 0.940499
-0.462021 0.153104 0.508499 0.905546 -0.306429 0.753205 0.544756 -0.895816 0.276207 0.046558 -0.521847 -0.944816 0.054576 -0.379875 -0.589187 -0.400215 0.053085 -0.272121 -0.254777 0.691124 -0.339702 -0.352104 -0.276794 -0.423331 0.857860 -0.104779 -0.871543 -0.372342 -0.998066 0.003798
0.389541 0.360193 0.399211 0.672909 0.684139 0.923820 0.469564 0.133158 0.425681 0.929715 0.733761 -0.327985 0.874378 -0.790113 -0.887665 -0.099354 -0.636951 0.814001 0.730296 -0.971601 -0.198315 0.615030 -0.261293 -0.618036 0.629713 -0.746231 -0.914782 -0.448991 0.634204 0.418840
-0.971078 -0.217837 -0.044811 0.162225 0.323252 -0.195660 0.577872 -0.256191 0.664652 0.769139 0.330005 0.883454 -0.301918 -0.817247 -0.786444 0.674184 -0.084034 0.530884 0.726679 0.328746 -0.146235 0.932245 0.709449 0.132707 0.426955 0.683845 0.757258 0.722217 -0.934498 0.953130
-0.964825 -0.776913 0.024107 0.499991 0.833227 -0.208660 -0.226005 0.574683 0.650409 0.043469 0.063538 -0.191244 -0.819790 0.037633 -0.843827 0.233959 -0.314467 -0.471109 -0.848647 0.060648 -0.182607 -0.639700 -0.501168 0.739608 -0.531474 0.395166 -0.364118 -0.860948 0.416782 -0.292757
0.273611 -0.230664 -0.530528 0.857152 -0.325124 -0.692700 0.951439 0.299356 -0.726862 -0.537331 -0.532220 -0.644629 -0.629671 0.266253 0.096846 -0.521682 -0.836006 0.066264 -0.545441 -0.862495 -0.580362 -0.486747 -0.245780 -0.052744 -0.145786 0.718606 0.582862 -0.211491 -0.984952 -0.034438
0.648067 0.129999 0.422052 -0.796994 -0.884196 -0.912991 0.309621 -0.558947 0.183168 0.456866 -0.618604 0.107512 0.754867 -0.515017 0.069018 -0.249767 -0.317184 -0.075063 -0.840570 0.391812 0.595957 -0.237390 0.162409 -0.425090 -0.094728 0.832782 0.568567 0.145671 -0.439644 -0.755382
0.925894 0.159767 -0.164650 0.070432 -0.912853 0.301540 0.837806 -0.794785 0.986686 -0.663821 -0.194727 -0.857449 0.123423 -0.435506 0.792791 0.397749 0.312979 -0.963302 -0.989807 -0.237961 -0.657952 -0.710605 0.514836 0.822079 0.748942 0.385985 0.039416 -0.622998 -0.067027 0.160990
0.712855 -0.532197 -0.316232 -0.999731 0.117602 0.406784 0.021017 0.903364 -0.375793 0.438614 -0.104274 -0.728792 0.463517 0.085696 -0.899527 -0.207299 0.862737 -0.934709 0.692667 0.067592 0.816092 0.323467 0.492036 0.726124 -0.216480 0.848374 0.027121 -0.907481 -0.842524 -0.860603
0.864887 -0.428955 0.660203 0.239829 0.363942 -0.202547 0.522256 -0.502843 -0.673202 -0.528926 0.561366 -0.922723 0.774169 -0.194319 0.843782 -0.296705 -0.735880 -0.228803 -0.101078 -0.059670 0.574689 0.595441 0.966644 0.963123 -0.480076 -0.818086 -0.197743 0.328946 0.549380 0.235965
-0.902373 0.937134 0.584246 0.415978 -0.457705 0.619639 0.211547 0.633117 0.827821 0.727995 -0.979028 0.513568 -0.513513 -0.193749 0.593774 -0.135444 0.142689 0.576371 -0.989943 0.755033 -0.093028 0.744204 -0.336658 -0.665191 0.497453 -0.335633 0.831551 -0.344268 0.880711 -0.570238
-0.257278 0.166644 -0.099604 -0.334843 0.447923 0.563989 -0.042784 0.835787 0.389076 0.698402 0.081694 -0.888104 -0.478407 0.941668 0.429277 -0.762543 0.140979 -0.210412 0.499390 -0.280197 -0.308532 -0.252964 -0.143804 0.408776 -0.526298 0.207309 0.277746 0.324051 0.305710 -0.636083
0.983322 0.158301 0.140161 0.716831 -0.178164 -0.208844 0.247798 -0.225856 -0.049731 -0.699019 0.141019 -0.930227 -0.235469 0.164110 0.851299 0.143664 -0.009197 -0.669245 0.904064 0.585177 -0.393394 0.338927 0.404887 0.644306 0.780931 0.194143 -0.971996 0.578935 0.668665 0.146557
0.178171 0.434026 -0.604460 -0.199368 0.037758 -0.120803 0.552650 0.638559 -0.083291 -0.092461 -0.197345 0.463425 -0.343199 0.869115 -0.182732 -0.983898 0.167145 -0.719829 -0.527278 0.719514 -0.838581 -0.176297 0.145496 0.102825 -0.947017 -0.166589 -0.310462 0.350865 0.585472 -0.951261
-0.602394 -0.859921 0.879018 -0.052249 -0.411144 -0.741504 -0.157684 0.307649 -0.834241 -0.943792 0.508138 -0.220590 -0.069989 -0.070371 0.037103 -0.282869 0.960147 -0.469004 -0.286704 -0.011377 -0.749581 -0.307355 -0.684013 0.157081 0.146445 0.347087 -0.836477 0.903454 0.670963 -0.518490
0.246359 0.472446 0.299585 -0.607199 0.305470 0.966551 -0.488176 0.368251 -0.549636 -0.484737 -0.138655 -0.367810 0.376405 0.152233 -0.987173 -0.969916 0.781169 0.891750 -0.867921 0.559774 0.554198 0.761672 -0.472555 -0.033665 -0.727125 -0.494364 0.690806 -0.487252 0.741867 -0.240219

Bias v0 (Oculta):
0.993497
-0.923808
-0.241518
0.292570
0.244062
-0.246778
0.779213
0.304929
-0.729992
-0.380502
-0.706561
-0.018081
-0.883856
-0.440821
-0.486677
-0.758410
0.578422
0.848086
0.281341
-0.344415
0.706341
0.143997
-0.384866
0.001051
0.937437
-0.990316
-0.161117
-0.572627
0.113501
0.993196

Pesos w (Oculta -> Saída):
-0.420372 0.819560
0.056081 -0.086222
-0.142354 -0.997215
-0.859836 0.850021
-0.491518 0.532706
-0.235719 0.147749
0.689228 -0.731953
-0.598434 -0.787790
-0.704528 0.182363
-0.687614 -0.051892
0.952374 -0.270506
-0.231278 -0.428624
-0.137390 -0.508673
-0.376262 0.565119
-0.552774 -0.590366
-0.134292 -0.010509
-0.222809 -0.680126
-0.622195 0.997765
-0.644200 -0.846723
0.046891 0.089639
0.569815 -0.721325
0.712896 -0.150769
-0.374492 0.383159
0.116810 0.958623
0.984726 -0.468954
0.758508 0.056965
-0.388297 0.354604
-0.546160 0.882158
0.576577 -0.339632
0.277078 0.173588

Bias w0 (Saída):
-0.105904
-0.383109
