Pesos v (Entrada -> Oculta):
-0.597199 0.582726 -0.872715 0.993984 -0.340402 -0.711405 -0.654755 0.471048 0.694169 0.888391 -0.377557 0.373183 -0.194916 -0.433336 0.032999 0.822825 -0.726618 -0.953028 -0.308363 0.974092 -0.075845 0.514474 0.148479 -0.317617 -0.727045 -0.089150 -0.231452 -0.336347 0.504899 0.183724 0.419878 -0.035105 0.112757 0.535105 0.096703 0.427930 0.780190 0.458515 0.998477 0.711423 -0.330051 -0.394232 0.982194 -0.584026 -0.826965 -0.588215 0.662433 0.090532 0.073316 0.635845
-0.418638 -0.280845 -0.062001 0.699813 0.173278 0.841065 -0.683891 -0.707790 -0.225244 -0.381946 0.631618 -0.444229 -0.238385 0.369769 0.607882 0.118480 0.386399 0.744754 -0.472506 -0.947709 0.166041 0.742549 -0.205014 0.182807 0.965046 0.857629 -0.768796 -0.594844 0.952617 -0.291931 -0.631501 -0.967257 0.663111 0.270616 0.055987 -0.104683 -0.178122 0.008780 -0.486055 0.071947 0.848618 0.269783 -0.368873 0.060903 0.595273 -0.797544 -0.799222 -0.043532 -0.180206 0.936596
-0.381515 -0.169093 -0.821174 -0.215452 -0.899299 0.943755 0.379392 -0.057390 0.516320 0.524431 -0.054560 0.699148 0.129305 -0.386270 0.083144 0.413108 0.747038 -1.004033 -0.302481 -0.622499 0.572897 0.385204 -0.227357 0.010226 -0.593647 -0.504174 -0.528751 -0.445095 0.946126 -0.654583 -0.574412 0.912239 -0.289650 -0.002816 0.817138 0.301673 -0.605900 -0.391561 -1.014198 0.822864 0.288050 0.129106 0.206624 -0.258996 -0.025982 0.450539 -0.857012 0.829086 0.181947 -0.013113
-0.847092 0.727010 -0.123613 -0.399091 -0.788787 0.456724 -0.258632 0.189224 0.417304 0.194955 -0.085420 0.804627 -0.859713 0.312229 0.411774 0.226968 0.188872 -0.581150 -0.027685 -0.242256 -0.090803 0.564772 -0.790238 -0.064076 -0.826224 -0.842666 -0.004476 0.218680 -0.054531 0.223883 0.716799 -0.359332 -0.772693 -0.104235 0.897000 0.981693 0.611463 0.629751 -0.101635 0.592129 0.348045 0.713008 0.551509 0.601271 -0.016256 0.446191 -0.378157 0.565900 0.211724 -0.622230
0.144324 -0.353296 -0.058298 0.533667 -0.199813 -0.088846 -0.418807 1.015824 -0.753393 -0.435206 -0.055111 -0.818099 0.348307 -0.739301 -0.572077 -0.274901 -0.749465 -0.170832 0.770987 -0.673798 0.634919 -0.703310 -0.714479 0.222842 -0.921628 0.628354 -0.158846 0.605684 -0.609275 -0.752778 -0.628538 -0.195650 -0.227450 0.170418 0.080903 0.199949 0.781975 0.400893 0.276326 0.973864 0.604180 0.215305 -0.229138 -0.378253 0.601173 -0.739194 -0.440410 0.880245 -0.233414 0.856574
-0.714321 0.226968 -0.719084 0.024663 -0.029704 0.821487 0.524139 0.769385 -0.414480 0.275952 0.669659 1.015745 0.680683 0.111122 -0.949735 0.445735 0.039398 0.844142 -0.004884 0.347731 -0.482276 0.792894 -0.686186 -0.499115 -0.789062 -0.510243 0.503264 -0.259309 -0.779942 0.267808 0.248022 0.409896 0.300706 -0.855587 0.158299 -0.688700 0.468474 0.935594 0.029197 -0.877958 0.009978 -0.200167 -0.206111 -0.330064 -0.824121 0.500558 -0.798129 0.013383 0.654838 0.217762
-0.395683 -0.433155 0.913834 -0.430345 0.065906 -0.787563 1.037455 0.566111 0.601293 -0.695478 -0.586049 0.786716 0.348207 0.240447 -0.468959 0.676473 -0.375700 -0.057032 -0.318961 -0.114750 -0.423472 0.074731 0.916194 0.191401 -0.456418 -0.902082 1.011005 -0.270583 0.533011 0.273425 -1.144410 -0.093125 0.323571 0.136868 -0.924119 1.018624 -0.437472 -0.358150 -0.826083 -0.158165 0.647133 -0.554677 -0.375145 -1.067917 0.355977 -1.037262 -0.095856 0.104935 -0.568210 0.692244
-0.473260 -0.586397 -0.170637 -0.764660 -0.842111 -0.534868 -0.830919 -0.621912 0.709278 -0.636374 0.079380 -0.100147 -0.391829 0.776749 0.467978 -0.927758 -0.498652 -0.471974 0.281762 0.125273 0.800124 -0.243147 -0.306782 -0.056309 0.131313 -0.030637 0.028256 1.050851 0.394661 0.372164 -0.981094 0.106077 0.025232 0.130574 -0.578980 1.000643 -0.391040 -0.382954 1.113105 0.509014 -1.108590 0.648709 0.931937 -0.973915 0.271339 0.474064 0.154716 -0.191715 -0.227010 0.272879
-0.278979 0.149956 -0.048949 -0.953395 0.732736 1.000484 -0.183519 0.188568 -0.388853 0.085770 0.829423 -0.641043 -0.289188 0.422283 0.677599 0.891803 -0.313483 0.473271 -0.038134 0.029711 -0.036228 0.637944 0.182385 0.363636 -0.300484 -1.005196 0.627314 0.597222 0.406500 0.454718 0.305027 0.899144 0.311425 0.315860 -1.015741 0.746824 0.099480 0.485154 -0.651581 -0.924805 0.052181 -0.378777 0.244567 -0.527759 0.434559 -0.766645 0.316683 0.291094 0.736456 -0.199390
0.151929 0.702065 0.195830 0.276616 -0.158218 -0.939514 0.558770 -0.759979 0.324764 0.436049 0.162066 -0.208791 -0.841091 0.262792 0.675450 0.331931 0.568981 -0.924101 0.943811 -0.090330 -0.101486 -0.745035 -0.856808 -0.788654 0.805546 0.282147 -0.726827 0.560584 0.716489 -0.421805 -0.766191 0.917274 0.362937 0.102020 -0.164596 0.302117 -0.230650 -0.117689 -0.480836 -0.781835 0.487793 -0.556082 -0.759732 0.471840 0.756420 -0.049209 -0.163414 -0.143305 -1.060159 -0.839019
-0.628952 -0.524110 -0.054347 -0.177946 0.601356 0.326513 -0.965589 0.465031 -0.593577 0.779484 -0.956205 0.857896 -0.952403 -0.686470 -0.436473 0.599083 0.095500 -0.500599 -0.744360 0.172321 0.325924 0.633921 0.462630 0.817534 0.102836 -0.447315 -0.597086 0.382743 0.395563 -0.072092 0.030808 0.549469 -0.591487 0.212313 -0.702062 -0.598148 -0.860414 -0.062196 0.738626 -0.612775 -0.528807 0.144976 0.121847 0.630768 0.487508 0.215832 0.059191 0.740543 0.703158 0.635702
0.252529 0.797348 0.680596 -0.010840 0.075405 -0.477358 -0.081713 0.487247 0.005945 0.259997 -0.016063 -0.273718 -0.200226 -0.188319 -0.774079 0.580640 0.175108 -0.494571 0.285736 -0.267239 0.781248 -0.542691 -0.872350 0.091205 -0.152339 0.791428 -0.036125 0.641101 -0.324347 0.775708 1.011922 -0.459694 0.728321 0.307854 -0.007411 -0.159818 -0.356973 0.873133 0.932978 -0.833542 -0.976139 0.424631 -0.408923 -0.669720 0.865337 -0.123436 -0.222778 -0.936240 -0.527648 -0.967593
0.005849 0.718397 0.943105 -0.277668 0.064878 1.025419 0.460421 0.796054 -0.819769 0.567027 0.946486 -0.607964 0.434517 -0.465001 -0.338654 0.761118 0.403193 -0.639571 0.814904 0.309743 -0.736013 -0.386192 -0.368471 -0.754391 -0.030418 0.073557 0.445882 0.768228 -0.362280 -0.194049 1.114078 0.686654 -0.396372 -0.596302 0.477395 0.614974 0.996961 0.762833 -0.814680 -0.230121 0.369729 0.241202 0.696587 0.298283 -0.718549 -0.098336 -0.741047 0.168827 -0.191438 -0.032127
-0.993850 -0.469648 0.460679 0.106401 -0.546530 -0.979277 -1.025761 0.911351 0.959642 -0.167695 -0.114141 0.975686 0.462539 -0.019792 -0.873648 -0.008041 0.667132 -0.215112 -0.850972 -0.259828 -0.752960 0.734481 -0.369139 -0.435749 -0.232791 -0.404123 -0.539966 -0.188331 0.046934 -0.183914 1.053764 -0.728994 0.062100 -0.023499 -0.902730 -0.139108 0.730168 -0.240274 0.754036 -0.455823 -0.407770 0.128591 -0.215744 -0.784699 0.446716 1.070128 0.148214 0.028181 -0.715943 0.035823
-0.385618 -0.996403 -0.650165 -0.576416 -0.338144 0.681481 -0.393151 -0.026693 0.902857 -0.895459 -0.455685 -0.267916 -0.267026 -0.795098 -0.641329 0.160363 0.129309 0.303770 -0.660618 -0.941018 -0.558134 0.826325 0.459013 0.853842 0.101517 0.607040 -0.441721 0.406726 0.501110 -0.577663 0.312223 -0.804249 0.413024 -0.726410 -0.780274 -0.192527 -0.593236 -0.006827 0.899615 -0.770565 -0.462844 -0.756463 0.667553 0.075473 -0.761391 -0.020807 -0.125842 0.257318 -0.954270 -0.052795
0.079248 -0.143154 -0.891413 0.867119 0.573053 -0.615661 -0.880447 0.670531 -0.975792 -0.178254 -0.659937 -0.935380 0.505840 0.938633 0.143904 -0.918516 0.387445 0.545204 0.815112 0.487396 0.371409 -0.760531 0.626569 0.240004 0.184243 0.314581 -0.524629 0.273410 -0.397241 0.413677 0.563045 -0.057335 -0.245118 -0.499350 0.891679 0.487201 -0.254330 -0.243406 0.608757 -0.569493 0.403777 0.085539 0.520917 -1.035059 -0.846426 0.237124 0.503889 0.480258 -0.821189 -0.225742
-0.567895 -0.234196 0.132912 -0.760521 0.081822 0.957379 -0.541126 0.144369 -0.409798 0.160403 0.126167 -0.686528 0.578820 -0.707485 -0.116459 0.427559 0.603469 -0.420248 -0.286652 -0.099847 0.346383 -0.315265 -0.198215 -0.502292 0.616860 -0.019729 0.978292 -0.044029 -0.768444 -0.388024 0.219835 -0.535717 0.509435 -0.309690 0.476378 0.483287 0.229748 0.291562 -0.212317 -0.449105 -0.928266 0.347024 -0.287612 -1.004992 0.062820 -0.744301 0.791292 0.399922 0.826412 0.775752
0.078075 0.020483 0.407862 -0.396114 -0.051413 -0.633862 -0.438025 -0.728365 0.269299 -0.178360 -0.038603 0.488794 0.292774 -0.602661 -0.832638 0.242360 -0.448867 -0.940579 0.626174 0.762203 -0.404408 -0.113124 0.737347 0.404743 -0.665962 -0.768839 0.813502 0.706215 -0.596618 0.278766 -0.826671 0.514755 0.635394 -0.109549 -0.936540 -0.139793 -0.373979 0.082654 -0.873503 0.851018 -1.151106 -0.035249 -0.792170 0.268775 -0.288280 -0.976389 -0.309406 -0.264627 -0.091071 -0.756266
-0.549729 -0.096425 0.243715 0.038381 -0.280580 0.140053 -0.450510 -0.571108 -0.349304 -0.431848 0.158848 -0.667808 -0.780896 -0.554670 0.504968 -0.251699 -0.066194 -0.066825 -0.588976 -0.729515 -0.931618 -0.059013 -0.313320 -0.801860 -0.865512 -0.032628 -0.051003 0.457608 0.488284 -0.940018 -0.091477 -0.882789 -0.078315 0.544797 -0.755276 0.354937 0.774087 0.081321 -0.807696 0.465200 -1.153594 -0.735581 -0.855695 0.521584 1.039948 0.262145 -0.615792 0.727221 -0.287474 -0.433443
-0.050552 0.736334 -0.235772 -0.255674 0.377397 -0.059736 -0.020022 0.732126 -0.300657 0.183459 0.677496 -0.495749 0.753049 0.543401 -0.905460 0.907652 0.481778 -0.531593 -0.803398 -0.928219 0.389088 -1.142195 -0.965955 -0.759427 -0.970738 -0.514030 -0.506688 0.330838 -0.303699 0.192784 -1.091011 -0.002301 -0.011663 0.289815 0.457339 0.617909 0.116517 0.271680 -0.416815 -0.806576 0.268424 -0.212750 -0.485673 0.506580 -0.477643 -0.904076 -0.912747 0.661894 0.656449 -0.427770
-0.637592 -0.011694 0.975488 -0.382666 0.695011 -0.270757 0.142363 -0.838632 -0.127545 0.836101 -0.605616 -0.798977 -0.536897 -0.900780 -0.516715 0.177426 -0.632847 -0.282463 -0.005053 0.100898 -0.368660 -0.530873 -0.333024 0.604447 0.056324 -0.890263 0.161798 -0.790275 -0.829052 0.164895 0.332399 -0.248989 0.582758 0.828746 0.462045 -0.513691 -0.853171 0.378491 0.762066 -0.768585 -0.236564 -0.371854 0.228467 0.747495 0.121921 -0.448071 0.903094 -0.288382 -0.249868 0.747950
-0.700871 -0.007065 -0.642092 0.141614 0.444326 0.622042 -0.855292 -0.939291 0.778162 -0.831728 0.148096 0.702915 -0.318202 -0.168788 1.017044 -0.259597 -0.842725 0.086318 -0.191046 0.376103 0.223964 0.561720 0.309011 0.171097 0.927380 -0.001170 0.012360 -0.690135 0.515357 -0.171338 0.570643 -0.773343 0.894706 -0.184489 0.627159 0.083763 0.035236 0.853257 0.645741 -0.384100 0.090308 -0.267492 -0.107469 -0.185519 -0.425885 0.891008 0.047044 0.694129 -0.692474 -0.858717
-0.438796 0.090311 -0.907124 0.306126 -0.428294 0.216185 -0.582457 -0.552723 0.712953 -0.549296 0.891489 -0.425259 -0.548906 0.076845 0.543479 -0.355369 -0.017474 0.772337 -0.350669 -0.032787 0.039281 0.115474 0.868574 0.873708 -0.429921 0.397486 0.070126 -0.296570 0.230297 0.123170 0.895650 -0.626959 -0.916080 -0.012147 -0.993221 -0.005721 0.623572 -0.871982 0.723867 0.325539 0.689410 0.799670 -0.135775 0.414012 0.088226 -0.009897 0.176358 0.951569 -0.269130 0.035706
0.707625 0.296611 -0.405758 0.068951 1.011080 -0.473944 0.686074 -0.561749 0.747064 -0.883274 0.888252 -0.967099 -0.377327 0.344337 0.372085 -0.107504 0.061767 -0.798306 -0.364411 0.169516 -0.253507 0.488545 0.747676 0.159463 0.236606 0.845345 -0.258467 0.014940 -0.329678 0.017944 -0.703406 -0.012827 -0.812061 0.350119 0.849698 0.859940 -0.151467 -0.842845 0.785695 0.772330 0.058305 -0.687848 -0.707757 1.007112 0.604936 0.171910 -0.137968 -0.614288 0.173762 -0.646078
0.589849 0.257110 0.587802 0.489176 0.856236 0.178780 0.642394 0.876213 0.544007 0.782024 -0.383504 -0.045562 0.024618 0.398164 -0.996440 -0.953271 0.857041 -0.302347 -0.019484 0.745520 0.485214 0.181112 0.855822 0.020383 0.542086 -0.650788 0.332904 -0.129436 0.252069 0.066798 -0.156538 0.719074 -0.843559 0.587324 0.611649 -0.128746 -0.491585 -0.228395 -0.402662 -0.773950 -0.205640 0.032141 -0.136316 -0.436454 1.004423 -0.243450 -0.201074 0.682068 0.773690 -0.335408
-0.162211 0.735554 -0.052638 -0.685527 0.747135 0.886562 0.034279 0.270314 -0.069155 0.200502 0.094659 -0.187719 -0.861094 -0.742802 -0.368712 -0.897891 0.931772 0.442029 0.847856 0.548524 0.852060 0.530745 -0.330311 -0.881720 -0.472225 0.299454 -0.553040 0.771935 0.570880 0.799438 1.001143 0.082724 0.653355 -0.156066 -0.981875 0.392939 0.443746 0.826455 -0.165384 0.880262 0.588104 -0.663433 0.146626 -0.529166 -0.635411 0.720848 -0.624868 -0.616280 -0.086789 0.054728
-0.652758 -1.003952 -0.384347 -0.086523 -0.325970 -0.043338 -0.674712 0.956511 -0.725617 -0.353809 0.763952 0.870986 -0.707708 -0.579625 -0.438763 -0.174999 0.196357 -0.277527 0.254300 -0.597434 0.247483 -0.845923 0.054291 0.144123 0.443816 0.567950 -0.234482 -0.700585 -0.014849 0.741611 0.859947 -0.569817 -0.201727 0.666956 0.843716 -0.599198 -0.000170 -0.683203 -0.177007 0.091307 0.810784 0.291344 0.114267 -1.209596 0.506831 -0.292377 0.821067 0.112672 0.943962 0.400887
0.028767 0.076427 0.873354 -0.171501 0.923935 0.262308 0.828066 -0.760779 0.402294 -0.521173 0.377271 -0.931622 -0.179523 0.251619 -0.565844 -0.743930 -0.205240 -0.272918 0.382091 -0.683242 0.232300 -0.329085 -0.295131 0.862671 0.228119 -0.531125 -0.922865 0.576743 -0.077106 0.400483 0.588436 -0.103407 0.559390 -0.878972 0.845979 -0.849627 -0.037590 0.429643 -0.286725 -0.392704 -0.270823 0.054322 0.805927 -0.832340 0.024998 -0.025520 -0.768102 0.783388 0.400669 0.563542
0.710611 -0.527149 0.309346 -0.642534 -0.361955 0.379859 -0.801828 -0.512607 -0.780590 -0.780750 -0.836985 0.812239 0.699518 -0.392868 -0.795808 -1.076657 -0.224510 -0.744215 0.349576 -0.937701 -0.454829 0.294566 0.176881 -0.279880 -1.003586 -0.231739 0.074185 -0.782357 0.684845 -0.677778 -0.025400 0.069283 0.669177 0.317332 -0.509363 0.259913 0.260376 0.180082 -0.287776 -0.559672 -0.299441 0.122279 0.437538 -0.766208 0.719606 0.720956 0.592088 -0.314090 0.004865 0.785674
0.412619 -0.717502 -0.594532 -0.480430 0.752783 -0.355111 -0.968064 -0.544495 0.455284 0.619158 -0.072529 -0.450733 0.756024 0.580067 -0.241703 -0.648292 -0.588703 -0.538446 0.524272 0.056873 0.001680 -0.784228 0.093258 0.385229 0.047839 0.900329 -0.903400 0.150631 0.912925 -0.011072 -0.425910 0.096227 0.874221 -0.115655 0.961437 -0.651423 0.804994 0.806342 0.534892 -0.786168 -0.210465 -0.499017 -0.823197 0.175018 -0.850870 -0.295133 -0.074269 0.373223 0.578493 0.615006
-0.039974 0.451160 0.318417 0.082253 0.155692 0.720977 -0.427400 0.760071 -0.628577 0.720692 -0.073631 0.302984 -0.340399 -0.413187 -0.972193 -0.280322 -0.983791 -1.012221 -0.924968 0.393075 -0.614540 -0.540561 0.908076 0.667524 0.504016 0.434969 -0.332876 0.044873 -0.174202 0.372350 -0.805514 0.350622 0.988343 0.973313 -0.499625 0.005254 0.379894 -0.162508 0.345323 -0.142484 0.631804 -0.786348 -0.196518 -0.369995 -0.248462 0.837972 -0.482885 -0.878272 0.201132 -0.553113
-0.300144 0.401204 0.328205 -0.705399 -0.762445 0.526177 0.513213 -0.598834 0.541544 -0.266727 0.012828 0.697662 1.032126 -0.818825 0.767014 -0.447282 -0.476944 -0.552069 0.935377 0.477944 -1.128485 -0.511556 0.645071 0.038125 -0.457080 -0.391108 -0.928777 0.385049 -0.695231 0.771382 -0.943318 -0.294466 -0.673521 -0.195035 0.077749 -0.293238 0.096454 0.404888 -0.838436 0.213743 -0.998485 -0.970316 -0.903765 0.222356 0.173771 0.235426 0.434515 0.174068 -0.318905 0.562447
0.769212 0.349188 0.325096 0.092728 0.378604 -0.932013 0.033447 0.622247 0.498248 -0.748155 0.963994 -0.677825 0.747779 -0.164978 -0.593546 0.734944 -0.859650 0.715709 0.795103 0.449749 -0.820760 -0.074733 0.993424 -0.933145 -0.430721 0.506067 0.718015 0.896042 -0.018400 0.164837 -0.303868 -0.688385 -0.349728 0.233171 -0.023589 -0.839539 -0.135569 0.101079 -0.611711 0.121018 -0.263867 -0.143116 -0.783295 -0.179252 0.697529 0.933729 -0.727184 -0.704781 0.253561 -0.372525
0.189547 -0.357686 0.909401 -0.715342 0.362228 0.000857 0.724024 -0.070014 -0.720306 1.004643 -0.306012 0.948732 -0.846264 -0.835427 -0.172152 -0.889398 -0.291820 -0.447962 0.661550 0.316700 -0.248567 -0.024405 0.239350 0.939960 0.805428 -0.712789 0.695173 0.038934 -0.307547 -0.524803 0.783376 0.482756 0.148099 -0.625696 0.020670 -0.273727 0.456783 -0.441046 -0.227781 0.663642 -0.265985 -1.047435 0.685437 -0.760344 0.092628 0.519410 0.665859 0.707114 0.262649 -0.181263
0.946890 0.308843 0.748349 -0.374432 0.896229 -0.100040 -0.402215 -0.516442 -0.180350 -0.189331 -0.004667 0.985624 0.333509 -0.452136 -0.979030 0.838312 0.231615 -0.687623 -1.038087 -0.837810 -0.318701 -0.899866 -0.645250 -0.940141 0.909555 -0.212879 0.273408 -0.194868 -0.571885 -0.195391 -0.017747 -0.147196 -0.757258 -0.269393 -0.688176 0.161805 -0.262422 -0.069819 -0.099397 -0.965891 -0.432608 -0.566898 -0.287961 0.340380 -0.888769 0.628551 -0.682974 -0.833156 -0.204392 -0.088987
0.207005 0.140304 0.843096 -0.941960 -0.390355 0.162819 0.806015 0.114809 0.819698 0.181502 -0.042806 -0.854565 0.362177 -0.570348 0.322178 0.238706 0.780301 -1.005895 -0.389572 0.105358 -0.299650 0.296656 0.222876 -0.053739 -0.620787 0.558085 0.239771 -0.543904 0.113567 0.985585 0.047717 -0.483279 0.570181 -0.379569 0.874796 -0.523623 0.141525 -0.166304 0.094806 0.870987 0.247923 -0.041450 -0.478214 0.905517 0.174786 -0.193416 0.420684 -0.263922 -0.022810 -0.536464
0.508797 0.335794 -0.008123 -0.926407 0.054474 0.335626 -0.443445 0.703684 -0.339795 -0.319623 -0.230003 0.566358 0.184440 0.520985 -1.004922 0.316153 0.259782 0.181550 0.837783 -0.137675 0.632528 -0.619943 0.011086 -0.326450 -0.790080 0.009944 0.285938 -0.900119 0.224668 -0.307853 -0.668721 -0.051391 0.044315 0.914233 -0.556775 -0.056725 0.979974 0.561703 0.636214 0.059801 -0.112949 -0.241426 -0.227831 -0.661997 -0.295456 0.020070 -0.387617 -0.154106 -0.258585 0.651527
0.234878 0.760492 -0.116203 -0.372729 0.914505 -0.742772 -0.298089 0.699038 -0.265126 0.294761 0.505302 -0.391049 0.709742 0.233029 -0.004345 -0.478557 1.003322 -0.119928 -0.522956 -0.238247 -0.700962 -0.372402 -0.920183 0.671646 0.273923 0.516861 0.380055 0.642368 0.694467 -0.831237 -0.018981 0.005078 -0.687469 0.080968 -0.142169 -0.665288 0.660184 0.667852 0.442691 -0.409555 0.560582 0.810351 0.455040 0.647107 0.189409 0.407329 0.572004 -0.338341 0.443311 -0.239424
-0.502484 0.946259 -0.814265 0.062081 -0.805210 0.383845 0.717552 -0.737952 0.143744 0.123417 -0.445993 0.964524 -0.048829 -0.827704 -0.170062 -0.490966 0.584091 -0.349241 -0.882129 0.093969 0.805960 0.708230 0.440768 -0.654560 0.633559 0.105641 -0.000909 0.317621 0.088197 -0.031209 -0.128309 0.172148 0.860534 -0.832271 0.793301 -0.441950 -0.786283 0.509135 0.401883 0.123405 -0.566856 0.326942 -0.299146 0.257525 0.804899 -0.516430 0.953276 -0.184473 -0.082745 0.338514
-0.727758 -0.495202 -0.820714 -0.104546 -0.020726 -0.481426 0.778166 0.796704 -0.962663 0.655843 0.798159 -0.138633 0.900439 0.084993 0.038647 0.123677 -0.351335 -0.721637 1.037952 -0.701802 -0.500269 -0.955889 0.311885 -0.572428 0.126300 -0.137864 -0.993700 0.090512 0.132915 0.608702 -0.356925 0.389229 -0.119172 0.821030 0.103940 0.610463 0.209588 -0.347608 0.834506 -0.203220 0.733103 -0.371034 0.881719 0.188000 -0.132205 -0.478014 0.111315 0.066573 0.837637 0.932578
0.112780 0.621610 0.088659 -0.094562 0.045384 -0.298287 0.900422 0.709841 -0.482425 -0.450842 0.836507 -0.656361 -0.654190 0.925111 0.912596 -0.921211 -0.326797 -0.398486 -0.108681 0.807282 0.557512 -0.164226 -0.744316 0.394656 0.085844 -0.993360 -0.003901 -0.351686 -0.708869 0.718810 0.009550 -0.685911 -0.113465 0.407627 0.975324 -0.513456 -0.708595 -0.502699 -0.984223 0.578642 0.876814 0.738270 -0.863193 0.428374 -0.063089 -0.196802 0.078017 0.281115 0.378629 0.524139
0.219760 -0.699731 0.189242 -0.203294 0.032236 0.697921 -0.238314 0.511144 -0.804397 -0.448574 0.518369 0.075020 0.090523 0.894597 -0.407288 0.122425 -0.874209 0.475799 0.648573 -0.027166 0.649140 0.661663 0.859586 -1.024416 1.051928 -0.186607 -0.642600 0.747992 0.175245 0.569161 0.426361 0.533924 0.600248 -0.582251 -0.915319 -0.643340 0.050894 0.427024 0.233342 -0.443156 -0.459766 -0.259355 0.356290 -0.369100 -0.454057 0.801969 0.762515 -0.093116 -0.773199 0.212527
-0.670309 -0.767316 0.784935 -0.135625 -0.065989 -0.563779 0.007461 -0.271781 -0.689374 -0.793794 -0.851231 0.470877 -0.411141 0.536429 0.429290 -0.131765 0.337097 0.294721 0.472525 -0.234110 0.729907 -0.886013 0.574664 0.774767 0.960572 -0.182048 0.451233 0.944589 0.909007 0.814920 0.766676 0.578613 0.874041 0.316913 0.676458 -0.045972 0.372143 0.502361 0.737676 0.235600 -0.009640 -0.399847 0.326828 0.903887 -0.332614 -0.052115 -0.281346 -0.628117 -0.521711 -0.962119
0.894697 0.509271 -0.594403 0.679314 0.629717 0.212834 -0.191659 -0.850846 0.688852 -0.441681 -0.319866 0.168862 -0.950983 -0.281825 -0.080133 0.372559 0.700135 0.930768 -0.685868 -0.156703 -0.431415 0.400740 -0.771739 1.066288 -0.641428 0.512205 0.561348 -0.136231 0.212101 0.353046 -0.275281 -0.893706 -0.346530 -0.643714 0.863781 -0.368752 0.884634 0.035392 -0.097598 -0.457625 0.105480 -0.892209 0.715180 0.056925 0.713845 0.479248 0.359392 -0.989177 1.049235 -0.830882
0.548188 0.308494 -0.951926 0.747056 0.088174 0.539391 0.555240 0.877840 0.334046 0.562497 -0.369309 -0.439480 -0.038618 0.802352 -0.458013 -0.462491 -0.010698 -0.848288 0.979248 0.132488 -0.380524 -1.066617 -0.996795 -0.104728 -0.205710 0.551864 0.713055 -0.181337 -0.452475 -0.281153 -0.261473 0.270137 0.353656 -0.481978 0.386808 0.187697 0.469163 -0.088794 0.283020 -0.110130 0.049892 -0.417346 0.015749 -0.400146 0.138735 0.959289 -0.995802 0.270254 0.649756 0.744450
0.224838 0.314563 0.790100 0.526259 0.094965 -0.858849 -0.041336 0.125355 0.027029 0.499516 -0.039081 0.659082 -0.820054 -0.521853 -0.617612 -0.701028 -0.298776 0.105071 -0.222246 0.822079 -0.970053 -0.572332 -0.468293 -0.243078 0.694375 -0.886404 0.703364 0.031359 0.410609 0.607063 -0.707206 -0.971838 -0.106110 0.661016 -0.262227 -0.869513 0.938755 0.595178 -0.376934 0.987667 0.185130 -0.693716 -0.357669 0.599757 0.457703 0.218947 0.259256 0.297453 -0.209541 -0.725580
-0.804336 -0.864863 0.689504 0.984371 0.274613 0.573674 0.156354 -0.841486 0.441484 -0.206734 -0.524608 0.715569 0.380796 0.442236 0.596059 0.278066 -0.045804 0.159081 -0.445478 0.349248 -0.133582 0.914046 0.924893 -0.216391 -0.003802 0.492133 -0.850536 -0.496364 -0.630728 -0.579356 -0.047390 -0.867806 -0.286722 -0.650486 -0.854764 0.759873 -0.504595 -0.982381 0.150764 -0.496958 -0.191366 -0.315711 0.701973 0.636962 0.881692 -0.749976 0.486333 -0.799280 -0.090870 -0.071066
0.911555 0.883832 0.910659 0.846551 -0.703512 0.480939 0.488053 0.001306 0.844658 -0.638741 -0.219662 0.873007 0.878180 0.992646 0.721096 -0.800553 -0.608656 -0.752251 0.905279 -0.710269 0.630039 -0.537006 0.565190 0.863634 -0.326574 0.376522 0.290903 -0.886414 -0.631176 -0.823465 -0.725025 -0.139223 -0.740453 0.433231 0.780593 -0.271115 -0.423823 -0.656184 0.756116 0.972892 0.181423 0.691526 -0.331983 -0.884881 -0.912315 -0.430805 0.496890 -0.166299 -0.945118 -0.906624
-0.059770 -0.025703 0.193705 0.394102 -0.755213 -0.096168 0.717906 0.382722 0.397978 0.712966 -0.379349 0.822948 -0.540671 -0.232568 -0.163437 0.743453 0.360872 0.222085 0.377199 0.509429 -0.377713 0.767044 0.915328 -0.375110 -0.505416 -0.622145 -0.038161 -0.674304 0.177297 -0.083581 0.676995 0.636049 -0.508408 1.054629 -0.204997 -0.057933 -0.562889 0.031719 0.767814 0.421233 -0.023845 0.919859 -0.267266 -0.446677 -0.369609 0.976381 -0.164030 0.521727 -0.313796 0.701527
0.499517 0.422638 -0.284387 -0.930586 0.688329 -0.784756 0.911786 0.641293 0.623157 0.618538 -0.039461 -0.268161 -0.276849 -0.254175 -0.424057 0.682393 0.064923 -0.061527 -0.239449 -0.901552 -0.397601 0.105897 0.358375 -0.228811 0.132282 -0.157592 -0.542831 -0.140162 0.466838 -0.257565 -0.604920 0.821918 -0.951730 0.543422 0.501013 0.078083 0.408750 -0.036608 0.896708 0.475514 -0.520756 0.384285 0.009985 -0.376215 -0.073241 -0.737223 -0.192054 -0.620745 -0.618009 -0.855930
0.005733 -0.824500 -0.065408 -0.210524 0.746565 0.213450 -0.319397 0.183560 -0.612876 -0.906624 0.392124 -0.212514 1.010921 0.950616 -0.168945 -0.887149 -0.075417 0.972741 0.510589 1.009536 0.863633 0.768867 -0.660928 0.948454 -0.052070 -0.469880 -0.533046 0.792186 0.338938 0.287688 -0.504263 -0.633898 1.023567 0.577779 -0.408001 -0.936063 0.523896 -0.726663 -0.400101 -0.522307 -0.834022 0.392260 -0.591416 0.134196 -0.496994 0.922364 -0.687759 -0.045308 0.669225 -0.344521
-0.925397 0.715700 -0.683671 0.671717 0.673227 0.628273 0.632971 -0.511691 -0.750526 0.636288 0.884284 -0.705434 0.935481 -0.816914 -0.428968 0.266642 -0.624074 0.953333 0.807845 0.445000 0.109103 0.736276 0.673924 -0.209703 -1.028597 -0.207232 0.861445 0.160041 -0.910335 0.778629 0.191448 -0.725611 0.784020 0.278456 0.523577 -0.214390 -0.729704 0.643561 -0.703094 0.980255 0.491786 -0.858376 0.461868 -0.471743 0.254483 -0.059837 -0.570512 -0.949421 -0.071203 -0.243421
-0.301748 0.603923 -0.740296 -0.665425 0.402182 -0.917729 -0.801086 0.054767 -0.337198 -0.994105 0.500383 0.320054 -1.085444 -0.624577 0.825856 0.624538 0.117643 -0.470763 -0.783063 0.015637 -0.002185 0.763533 -0.335025 -0.333109 -0.803395 0.454927 0.670395 0.139803 1.003144 -0.542775 0.300964 -0.154255 -0.532017 0.234998 -0.982771 0.683034 -0.485083 -0.488689 0.614794 -0.831732 0.016685 -0.637760 -0.192392 0.072149 -0.705784 0.631244 0.747201 -0.629755 -0.788337 0.259012
0.513258 -0.729724 0.898172 -0.021749 1.046093 0.174754 -1.257890 -0.822518 -0.822214 -0.255216 0.977820 0.777151 -0.736505 -0.820749 -0.194280 0.402099 0.178946 -0.882260 0.702680 -0.194160 -0.193256 0.161634 -0.878842 -0.005374 -0.532610 -0.769457 0.558540 0.094767 -0.082060 -0.620936 1.205704 -0.255183 0.100434 0.370236 -0.429924 -0.081675 0.401620 -0.211898 -0.455963 0.115276 0.740581 -0.218624 0.249266 0.900570 0.415556 0.873461 0.447700 0.074781 0.192557 -0.943060
-0.355000 0.478466 0.048314 0.527003 -0.267180 0.810110 0.425361 0.094157 0.220412 -0.913437 0.865079 0.633680 -0.339879 0.119433 0.510678 0.464544 -0.726690 0.251367 -0.185797 0.161420 0.800250 -0.123402 -0.552456 0.510337 -0.581110 0.054524 -1.038073 0.974439 0.758449 -0.356293 0.053621 0.630793 0.182550 0.354967 0.234584 0.614584 0.346574 -0.544053 -0.831970 0.754765 0.125529 -0.771905 0.199030 -0.327776 0.097696 0.283526 0.079381 0.354406 -0.499999 0.367617
0.122608 0.595791 0.911786 -0.260688 0.392840 -0.118325 0.719961 -0.110863 -0.225679 0.386577 0.102415 -0.918746 -0.407983 -0.807890 -0.675876 0.839264 -0.570832 -0.148847 0.727413 0.487669 -0.187087 -0.678804 0.252424 -0.594295 -0.872251 -0.401299 0.716252 -1.006698 -0.106648 -0.227506 0.037878 -0.467915 0.441083 0.906712 -0.166791 -0.315488 -0.504464 -0.813110 0.790162 0.298689 0.471324 0.860841 -1.018636 0.483952 -0.852114 0.695138 -0.214181 0.025349 0.226881 0.800561
-0.543985 -0.223771 -0.237390 -0.455428 0.405313 -0.910462 -0.806435 -0.864936 0.607981 -0.160153 -0.643103 0.809864 0.923202 -0.721943 -0.725269 0.421231 0.802511 -0.437595 0.630921 0.437512 0.619469 0.150289 0.488969 -0.264152 -0.249327 -0.273527 0.372429 0.097383 0.717601 0.703386 -0.719632 -0.813375 -0.049771 -0.853783 -0.331293 -0.132471 0.179734 -0.105328 0.697733 0.109591 -0.712244 -0.106755 -0.647546 -0.772428 -0.550840 -0.487017 -0.292991 0.579214 0.364992 -0.289530
0.268760 -0.851370 0.560170 0.295044 0.254997 -0.367876 -0.015443 -0.473937 -0.735154 0.814216 -0.019937 -0.909465 -0.196018 -0.297647 0.712039 0.232010 -0.474797 -0.376116 -0.745351 0.792886 -0.068868 0.358865 -0.548330 0.922939 -0.309349 0.774281 0.337778 -0.606691 0.420288 0.829352 -1.084488 0.527107 0.137244 -0.214838 0.204023 -0.443928 0.574277 -0.699464 -0.159541 0.210154 -0.017979 -0.000942 -0.264374 -0.321448 0.346402 0.680059 0.464022 0.963402 0.682416 0.360519
0.531659 -0.347040 -0.535252 -0.141972 0.653427 0.072825 -0.314924 -0.109891 0.234788 0.433572 -0.397252 0.110204 -0.391297 0.939217 0.720330 -0.312044 0.276557 -0.138979 0.477847 0.924188 -0.358282 -0.679374 0.415533 0.957294 -0.271694 -0.217473 -0.041774 -0.704683 -0.246290 -0.280841 -0.894786 0.693414 -0.422446 -0.486134 0.470047 0.785610 0.779158 0.709488 0.609330 0.497597 0.190879 0.889041 -0.242771 0.546573 0.278448 0.674115 0.956738 0.782960 0.544699 0.952988
-0.613192 0.191066 -0.106083 0.123126 -0.281157 -0.870893 -0.318983 0.260117 -0.543728 -0.174678 0.770294 -0.033218 -0.814801 -0.153302 -0.856643 0.640617 0.563095 0.975929 -0.348059 -0.766189 -0.850939 0.255001 0.181459 0.681330 -0.512176 0.491391 0.240644 -0.743887 -0.448333 0.554534 -0.077505 0.232045 -0.316412 0.022800 -0.861798 -0.715653 -0.715121 -0.369365 0.787329 -0.572791 -0.926338 0.351868 0.321829 -0.825453 -0.823758 -0.500805 -0.884128 -0.933439 0.983140 -0.006886
0.890790 -0.676640 0.655725 0.982519 -0.675821 0.907750 0.752348 0.386175 0.900164 -0.474403 -0.244172 -0.971041 0.152277 0.273352 -0.933798 -0.415450 0.435406 0.173457 -0.390000 -0.590240 0.685933 0.351800 -0.935337 0.503626 -0.983151 0.703981 0.370712 -0.126355 0.900311 0.092617 -0.847047 0.989495 -0.342826 0.889344 -0.087645 -0.482675 -0.381868 -0.921145 -0.009991 -0.599954 -0.511058 -0.964888 0.841433 0.110346 0.002362 -0.253906 0.584421 0.396319 0.805332 -0.673660
-0.091937 0.819816 0.138811 -0.122650 0.161253 -0.912199 -0.453146 -0.548841 -0.941424 -0.192433 -0.717490 0.510968 0.802164 1.019860 -0.259863 0.149259 -0.364846 -0.070498 0.524278 0.640999 -0.696651 -0.381245 -0.357099 0.167586 -0.050265 -0.872622 0.663732 -0.721697 0.228929 0.600644 0.754830 -0.470311 0.751110 0.801942 -0.732124 -0.453036 0.475196 -0.292680 0.988872 -0.829823 0.004230 0.150383 0.650555 0.743126 0.691726 0.441056 -0.234443 -0.284199 -0.689405 -0.087453
-0.535982 -0.589980 -0.981092 0.512582 -0.374204 -0.712526 -0.318178 -0.678507 -0.327964 -0.468713 -0.000182 0.430878 0.575201 0.149854 0.473361 0.104765 -0.026945 -1.007753 -0.507875 -0.566593 0.067475 0.097616 -0.635751 0.334194 -0.079091 -0.192346 -0.112553 0.879857 0.283915 0.198777 -0.014838 -0.116043 0.346902 0.555136 0.892118 -0.228805 -0.177104 -0.455187 -0.068702 -0.453424 0.190367 -0.012562 0.000627 -0.581949 0.715116 -0.411275 -0.938000 0.782028 0.841941 -0.990262
0.483785 -0.995364 0.806877 0.290197 0.256726 -0.202667 -0.074181 0.250640 -0.070781 -1.023687 0.587850 0.196511 0.140383 -0.333968 -0.875601 0.897953 -0.765569 -0.448785 -0.998146 -0.391113 -0.266155 0.501088 -0.938969 0.640231 0.772328 0.600281 -0.061482 -1.007110 0.560127 0.142365 0.060344 -0.577335 -0.423071 0.334555 0.110092 -0.660860 -0.847614 -0.416435 0.147987 0.202407 -0.718915 0.422822 -0.569919 0.388167 0.373791 -0.096676 -0.821734 0.775457 -0.221092 -0.370789
0.054878 0.906449 0.191384 0.616611 0.012053 0.234380 0.041310 -0.910394 0.507036 -1.018438 0.086707 0.651558 -0.192430 -0.641471 -0.081416 1.049243 -0.414772 -0.755101 0.345248 -0.749356 0.910177 -0.794976 0.656338 -0.038253 0.622744 1.025694 -0.120832 0.113747 -0.235392 0.183457 0.290283 -0.379863 0.902846 0.095141 0.482960 0.609065 0.202994 -0.824521 -0.093656 0.280045 -0.743162 0.886905 0.951494 0.168174 0.203791 -0.791905 0.825737 0.221412 -0.374209 0.430919
-0.277904 -0.442806 0.460949 1.002714 0.787158 0.202253 -0.353637 -0.651455 -0.124320 -0.436847 -0.591821 -0.217604 -0.482929 -0.796962 0.466246 0.521778 0.938613 -0.913351 -1.010224 -0.118194 0.654816 0.699965 0.843323 0.079988 0.554630 -0.507453 -0.273198 -0.797309 -0.899601 0.532192 0.611221 -0.573075 -0.366984 -0.572688 0.387890 0.566360 0.091004 -0.093864 0.155862 0.175160 0.461573 0.846518 -0.015080 -0.620325 -0.217585 0.093379 0.573567 -0.192011 0.299247 0.691226
0.839275 -0.012753 -0.573833 0.186106 0.736786 -0.051636 0.993834 0.820412 0.431541 0.659812 -0.654565 -0.014487 0.154278 -0.311262 0.965274 -0.661070 0.766610 -0.496867 -0.481351 0.933613 -0.136796 0.432008 -0.131199 -0.391959 -0.131281 0.613974 0.791051 0.525146 0.323676 -0.943327 -0.322228 -0.554190 -0.518952 0.035825 -0.719413 0.434388 0.615418 -0.802390 -0.113432 0.874973 0.479284 -0.501835 0.767590 0.345019 0.631014 0.832807 0.001855 0.199206 0.006402 -0.781922
-0.501276 -0.092647 0.035408 -0.723298 0.709732 0.634533 -0.266839 0.867384 0.791279 -1.019360 0.011870 -0.417668 0.698355 -0.843618 -0.119904 0.744481 -0.676061 -0.297442 -0.078397 0.109974 0.501846 0.653744 -0.324584 -0.820271 -0.337172 -0.666122 0.757983 0.335539 0.839825 -0.037062 -0.142435 0.856946 -0.681711 -0.904882 0.741552 0.456630 -0.052553 -0.160769 0.855243 0.574959 -0.055771 0.531369 -0.518236 -0.446438 0.528961 0.132736 0.794326 -0.132438 0.259730 0.151394
-0.061985 -0.372809 0.161840 0.592642 0.412747 -0.810915 -0.756833 0.492927 0.190383 1.043457 -0.168728 0.866383 -0.753703 -0.002991 -0.746950 0.126772 0.314132 0.372478 0.628740 -0.802912 -0.928799 0.646333 0.777784 0.813966 0.758665 0.922600 0.125313 0.648140 0.780017 0.827713 -0.658205 0.796911 -0.980010 -0.297294 -0.829335 0.841224 0.654302 -0.162620 0.505782 -0.694522 -0.278776 0.051510 0.962303 -0.920102 -0.169892 0.756214 -0.890663 -0.648210 -0.743105 0.310890
0.106976 0.815887 0.497469 -0.879265 -0.618630 -0.477068 0.785431 0.969505 0.974493 -0.839504 0.139091 -0.128717 -0.222236 0.543669 -0.320176 0.794349 -0.497859 0.621343 -0.597139 0.558855 -0.069713 0.796522 0.411259 -0.290996 -0.568382 0.336551 0.170057 -0.351354 0.287404 -0.597852 0.129945 0.345892 -0.119109 0.370154 -0.177456 -0.861532 -0.524314 -0.110471 0.890528 -0.587273 0.403048 -0.846627 0.653651 0.587041 0.651604 0.387979 -0.027514 0.385444 0.400172 -0.800071
0.461175 0.899175 -0.568179 -0.901730 0.314134 0.304977 0.156544 0.150001 0.140023 0.665997 0.667269 -0.799725 0.038101 0.241891 0.243471 -0.691922 0.963615 -0.308443 0.257309 -0.268534 -0.627641 0.609336 0.605651 0.544807 -0.114124 -0.166092 -0.610194 -0.297716 0.631489 -0.330194 1.038814 -0.313956 -0.189618 -0.081904 0.764541 0.268941 0.499863 0.793103 -0.170556 -0.835247 -0.384708 0.433983 0.297537 -0.619162 0.946759 0.494097 0.626933 -0.921787 -0.662762 -0.444830
-0.227085 -0.198528 0.265690 -0.061988 0.981491 0.159291 -0.878395 0.699287 -0.419704 0.294073 -0.150160 -0.368815 -0.201449 -0.365815 -0.054308 -0.610699 -0.036737 0.031566 0.815963 -0.510491 -0.812379 -1.113118 0.526410 0.736200 -0.443921 -0.220592 -0.476151 -0.566040 -0.799439 -0.623623 0.581328 0.824408 0.467081 -0.751016 -0.839188 -0.687552 0.975611 0.379161 0.690727 0.570185 -0.537876 -0.127244 -0.255026 0.619668 0.285134 0.032532 -0.295749 0.797540 -0.415647 0.530363
0.345061 0.473471 0.315316 -0.413224 0.134264 -0.231552 0.205298 -0.276840 0.789468 -0.418877 0.208673 0.938912 -0.505264 0.965008 0.220984 0.023804 -0.297114 0.700718 0.207650 0.508620 -0.514116 -0.225737 1.006379 0.525440 -0.443767 0.444149 0.078001 -0.814111 0.968770 0.168420 0.630743 -0.490999 -0.833670 0.475788 -0.243375 -0.341277 0.980535 0.643370 -0.580255 0.852541 -0.558103 -0.062484 0.215275 -0.518083 0.092253 -0.715048 -0.568373 0.801281 0.127010 -0.972863
-0.239006 -1.025519 0.964884 0.523751 0.118747 -0.259379 0.962379 -0.270479 -0.631253 0.627361 0.695504 0.808412 0.238568 -0.818587 0.080554 0.632277 0.464662 0.404054 0.607230 -0.108677 0.427885 0.433626 0.322231 0.926223 0.849474 -0.527568 -0.835761 0.345523 0.396598 0.913807 0.039150 -0.729770 -0.961311 0.516345 0.287384 0.707344 0.440256 -0.842302 0.697367 0.784739 0.031210 0.524507 0.921688 -0.432867 -0.457295 0.785229 0.069296 0.622614 0.252455 -0.378807
0.686850 0.090070 0.426647 -0.074491 1.039585 0.677242 0.785038 -0.694742 -0.039723 -0.861728 -0.263930 0.233851 0.046638 -0.719901 0.500615 -0.413876 0.474052 -0.881337 0.945659 -0.720411 -1.030073 -0.899607 -0.866447 0.550595 0.827892 -0.178432 0.728905 -0.127181 0.760216 -1.003257 -0.833773 0.869388 -0.272463 -0.512262 0.037534 -0.244583 -0.157906 -0.241457 0.907007 0.278498 -0.238606 -0.106672 0.157592 -0.076929 -0.597353 0.938880 0.862574 0.792044 -0.683048 0.284763
-0.552954 0.522085 0.170032 -0.577068 0.318376 0.380755 -0.506491 -0.072690 -0.603995 0.154644 0.813809 0.651946 -0.057352 0.945496 0.418413 -0.802465 0.994068 0.274844 0.448381 -0.580668 0.154564 -0.679729 0.257877 0.498987 -0.847893 0.189218 -0.928746 0.322398 0.573679 -0.141005 -0.377753 -0.073685 0.371396 0.465185 -0.601418 -0.328662 0.600607 0.205856 0.890592 -0.553072 0.678087 -0.885863 -0.918733 -0.236497 0.764716 -0.126915 0.609296 -0.572944 -0.850891 0.838437
-0.168627 -0.253776 0.913817 0.260780 0.186904 0.742908 -0.432632 -0.394830 0.656632 -0.962103 0.430255 -0.650465 -0.239452 0.401734 -0.584946 0.575591 -0.212658 0.024701 -0.839157 -0.438579 0.124098 0.721869 0.411174 0.901344 0.527735 0.530437 0.233617 -0.410304 0.158061 0.406732 0.049697 0.349852 0.173050 0.174258 0.592572 -0.153212 0.214151 0.842676 -0.104230 0.286663 -0.485467 0.971173 -0.479706 -0.254652 -0.887165 -0.803958 0.478928 0.650650 -0.165662 -0.792646
-0.306305 0.178034 0.458316 0.035984 0.121690 0.496445 -0.204416 0.350411 -0.377373 0.350661 0.786867 -0.865220 0.060602 0.418937 -0.690454 -0.932942 -0.567822 -0.141521 -0.769101 -0.477930 -0.076744 0.627269 -0.556778 0.614708 -0.485237 -0.906169 -0.444954 0.833341 -0.387715 -0.702910 0.177752 0.828133 0.075233 -0.342531 -0.512614 0.216216 0.977856 0.246581 0.089535 0.647767 0.921896 -0.573866 0.429319 0.201182 -0.604875 0.267503 0.168766 0.765834 -0.761718 0.934785
0.935489 -0.553157 0.541901 -0.464897 -0.300475 0.830098 -0.601281 -0.266526 0.804704 -0.199588 -0.784311 0.540733 -1.005278 0.619303 0.371984 0.808098 -0.692246 0.144944 0.275269 0.461003 0.395386 -0.532713 0.260016 0.510197 -0.671375 0.455554 -0.945774 -0.759499 -0.354383 0.939962 0.428282 -0.772184 0.079364 -0.824908 -0.937503 0.828571 -0.205950 -0.776352 0.253708 0.420121 -0.724574 -0.152935 0.914723 0.118739 -0.423015 0.736293 0.135480 0.846668 -0.002045 0.228190
0.304900 0.232039 0.579429 -0.614136 0.669879 0.042473 0.661561 0.592920 -0.806661 -0.536432 -0.539298 -0.993558 -1.040320 -0.552022 0.873793 0.516770 0.447237 0.214256 0.949807 0.061646 0.721585 0.481393 0.202755 0.763105 0.050196 -0.543211 -0.967972 -0.422734 -0.473800 0.783930 -0.905604 -0.059899 -0.024184 0.948736 0.426655 -0.275809 0.315118 -0.188975 -0.136115 0.653160 0.035878 0.864240 -0.984607 0.745399 0.166891 0.436023 0.001233 0.910461 0.551412 -0.325263
0.319695 0.323788 -0.123787 -0.110815 -0.090684 -0.489119 -0.361128 0.855626 0.390408 0.066473 0.599156 -0.787214 -0.274598 -0.849445 -0.962679 0.140556 -0.994939 -0.412320 -0.539323 -0.291653 0.553341 -0.473655 0.609370 0.136164 -0.091038 0.872030 0.030906 -0.783799 -0.576167 -0.732731 -0.677954 0.215514 -0.933678 -0.175542 0.382179 -0.090898 0.109305 0.991296 -0.353802 -1.020356 -0.700299 -0.438643 -0.922129 0.306795 -0.185453 0.060879 0.051238 0.675007 -0.054426 0.951721
0.680143 0.592213 0.766486 -0.226316 0.201459 0.759942 -0.178814 0.712865 -0.185463 -0.626508 -1.006841 0.789792 0.290583 0.707999 0.686502 -0.244684 0.503614 -0.344465 -0.899749 -0.616613 -0.385665 -0.415512 -0.053881 -0.880269 -0.373381 -0.673566 -0.106388 -0.472821 0.377279 0.665749 -0.204932 0.375635 -0.951402 0.185286 0.872746 -0.347257 0.275857 -0.703556 0.609926 0.826631 -0.843621 0.338634 0.887304 -0.435990 0.275567 -0.399073 0.161860 -0.298668 0.827348 0.737357
-0.473292 -0.587501 -0.377196 0.032244 0.055440 0.180033 -0.132015 -0.592111 0.529295 -0.961580 -0.832079 0.443888 -0.189029 -0.924817 -0.492636 0.896115 0.039848 0.612354 -0.575389 -0.979391 0.584522 -1.077805 0.314197 -0.439645 0.550037 0.638225 -0.194172 -0.491576 0.333336 0.683678 -0.606880 0.856053 0.643202 -0.726473 0.189778 0.827626 -0.273581 -0.885375 0.788904 -0.534499 0.540078 0.110396 0.716679 -0.481242 -0.539367 -0.817579 -0.881286 -0.648091 0.022113 -0.738850
0.297691 0.225612 -0.832533 0.464405 0.243739 0.424824 -0.661979 0.328090 0.118225 0.815442 0.692868 0.952750 0.657244 -0.629720 -0.449902 0.725480 -0.099740 0.190523 -1.013378 0.085605 -0.191868 0.086671 -0.067180 -0.831117 0.557800 -0.484892 1.003896 -0.110257 -0.523927 0.831228 0.995238 -0.235695 0.059902 0.824291 -0.332352 -0.424616 0.688737 0.541287 -0.016019 0.691769 -0.459238 -0.138264 -0.997638 -0.551423 0.844058 0.247539 -0.194189 0.778398 0.575038 0.193257
-0.128905 0.654101 -0.746062 0.171502 -0.853849 -0.051894 -0.391857 0.751960 -0.487681 -0.014423 -0.798037 -0.330001 -0.376188 0.484096 -0.439808 -0.513799 -0.397355 0.513840 -0.987682 0.379858 -0.658141 0.030544 -0.076743 -0.184159 0.174480 -0.126330 -0.745680 0.101600 -0.677782 0.859146 -0.824261 0.355427 -0.653724 -0.385041 0.460402 -0.615446 0.201575 -0.063218 -0.920836 0.065154 0.116351 -0.665625 -0.991150 0.521724 0.161997 0.945630 0.482397 -0.682177 0.647938 0.953228
-0.705249 0.405618 -0.913290 -0.551672 0.256160 0.618761 0.434010 -0.409113 -0.476600 -0.443709 -0.490433 0.452728 0.315918 -0.795605 0.481285 -0.894654 -0.809855 0.885641 0.287923 0.851775 0.873859 0.407714 0.183590 0.092590 0.596529 -0.712365 0.685501 0.522341 -0.116183 0.208631 0.959905 -0.340637 -0.013910 0.253957 -0.125752 -0.577701 0.858139 0.131309 -0.763510 -0.328342 0.504499 0.332886 -0.532222 -0.521158 0.688385 -0.747910 -0.037108 -0.079371 -0.107026 -0.842692
0.463393 -0.643719 -0.693775 -1.037097 0.594653 0.345797 -0.517106 0.710422 0.721864 0.765184 -0.472403 -0.622124 -0.776723 -0.862110 0.588144 -0.737441 -0.987230 -0.833965 -0.622025 0.186001 0.580641 -0.474729 0.299826 -0.280908 0.964502 -0.436126 -0.639475 0.321594 -0.113815 0.830409 0.809984 -0.346958 -0.685647 0.548410 0.611371 0.071038 0.360101 -0.166602 -0.049548 0.884103 -0.316377 0.498275 -0.763819 -0.554928 0.126831 -0.458770 -0.732390 0.383683 0.962903 0.030273
0.503288 -0.068107 -0.762629 -0.968718 -0.892536 -0.111394 0.414961 -0.555739 0.248591 0.026243 0.312412 -0.538186 0.170689 0.638598 -0.796983 0.114760 0.961938 -0.083298 -0.927636 -0.288018 -0.682129 -0.014543 -0.015885 -0.753573 0.168344 -0.257098 -0.677657 0.555903 0.597658 0.793167 0.514434 -0.506878 0.135238 0.666656 -0.343199 -0.737432 -0.229765 0.119455 -0.772832 -0.356144 0.359145 -0.250520 -0.496836 -0.137545 -0.377896 -0.454786 0.694896 -0.512237 0.657379 -0.775221
-0.910698 0.385944 -0.615789 0.710473 -0.271042 -0.297640 -1.049867 0.506635 -0.163063 -0.292767 0.814634 0.944814 -0.440933 0.217383 -0.281562 -0.291989 0.804191 -0.707297 -0.608612 -0.405023 -0.374103 0.635371 0.666075 -0.466913 -0.213655 0.077312 0.906351 0.430730 0.926563 -0.961776 -0.046137 -0.600014 0.081956 0.599201 0.393832 0.371232 0.727767 -0.902747 0.827671 -0.358439 0.192462 -0.144743 0.509228 0.770633 -0.631211 0.907235 -0.310754 1.011949 0.153946 -0.573568
-0.440850 -1.015530 0.237139 0.403239 -0.628391 -0.908646 0.857762 -0.074284 -0.342171 0.826988 -0.889597 0.862613 0.121857 -0.665680 -0.511811 -0.918320 0.666785 0.209293 0.622256 -0.843521 -0.181840 0.432704 0.590451 -0.714822 0.797841 0.932386 -0.259164 0.725351 -0.564696 -0.165332 0.255137 -0.694921 0.582399 0.990565 0.061119 -1.016266 0.193212 0.874210 0.449872 -0.306987 -0.012720 0.140149 0.232591 0.456823 0.268015 0.250324 -0.764620 0.678112 0.189102 0.898161
-0.339448 0.269092 0.036945 0.937051 -0.674135 0.403722 -0.875286 -0.647735 -0.322086 -0.618586 0.248710 -0.854261 0.192524 0.672903 -0.202080 -0.590530 0.571211 -0.322775 -0.056402 -0.848106 0.265609 -0.376222 -0.363143 0.017212 -0.820990 -0.289503 0.494593 0.663915 0.015216 0.264045 0.671939 -0.210650 0.160769 -0.442323 -0.055653 0.007830 0.033465 0.837108 0.054208 -0.129477 0.281847 0.445098 0.112087 -1.030535 0.541743 -0.572855 0.907717 0.723302 1.007338 0.235156
0.518225 0.429992 -0.924648 0.414497 0.336349 0.500632 0.273033 -0.487655 0.305445 0.784827 0.830829 -0.887231 -0.181082 0.069229 -0.679111 0.773630 -0.134143 -0.423499 -0.013126 0.931320 -0.835573 -0.246340 -0.969080 0.281860 -1.008100 0.880732 -0.589418 -0.824996 0.928381 0.116993 -0.465718 0.500474 0.237590 -0.131016 0.367090 -0.802951 -0.255123 -0.762597 -0.326718 1.012246 0.338111 0.369753 0.684641 -0.291367 0.948813 0.446887 0.216102 -0.356403 0.422192 -0.698394
-0.053774 0.144395 0.462305 0.005844 0.320727 0.144802 0.634268 -0.255248 -0.003924 0.003317 0.129185 0.868031 0.685488 -0.401502 -0.215202 0.000668 0.475010 0.058509 -0.797842 0.245373 -0.128840 0.206800 0.588755 -0.861739 -0.734436 -0.285701 0.025523 0.547731 0.266223 -0.314433 -0.389911 -0.695857 -0.303837 -0.341440 0.704972 -0.759197 -0.822191 -0.586623 -0.626508 -0.068826 -0.029049 -0.915218 0.804680 0.477863 0.782589 0.397272 0.078556 -0.596767 0.414899 -0.616930
0.707555 0.729513 -0.472327 0.732697 0.817751 0.379872 0.925081 0.287602 -0.483405 -0.559999 0.587146 0.079451 -0.328744 -0.892932 0.909668 -0.989177 -0.531215 -0.768095 -0.872002 -0.534488 0.142270 0.193741 -0.773741 -0.773043 0.818265 0.402501 -0.575615 0.314585 0.829954 -0.049579 0.454554 -0.940170 -0.785986 -0.896640 -0.817651 -0.139027 0.193817 -0.847724 0.144284 0.236918 0.096683 0.776388 0.617472 -0.892957 -0.635153 -0.692860 0.908332 0.968821 -0.249946 0.184956
0.583369 0.692006 -0.706535 0.225563 -0.097596 0.366133 -0.092529 0.093749 -0.085981 0.533369 0.131078 -0.005970 0.544703 0.385546 0.665957 -0.937445 0.998037 -0.989783 0.841030 0.980441 -0.081244 0.381917 0.332692 0.563201 -0.334277 -0.087010 0.698653 0.321815 -0.943675 -0.260859 -0.784716 0.668019 -0.423362 0.534402 -0.855551 -0.628010 0.123519 -0.407932 0.417316 -0.549694 -0.925485 -0.038251 0.693178 0.014309 0.558490 -0.469313 -0.535803 0.554669 0.528043 -0.882327
0.396364 0.539966 0.244026 0.377806 -0.538015 0.274590 0.376966 0.306951 0.648314 0.341232 -0.911967 0.382830 0.885104 0.860876 0.207037 -0.013919 0.961534 0.947722 -0.579495 -0.130405 0.178756 0.336830 0.347086 0.021835 0.403981 -0.518328 0.451561 -0.821503 0.185791 -0.917670 -0.053246 0.538645 -0.758360 0.338001 0.557942 0.503144 -0.249541 0.193087 -0.038279 0.695985 0.694740 -0.928497 -0.852353 -0.005849 -0.799083 0.602743 0.638340 0.014946 0.898502 -0.930016
-0.139967 -0.648375 -0.114315 0.124675 0.771109 -0.380003 0.457178 -0.838691 -0.737720 0.712087 0.303231 0.192736 0.714138 0.457035 -0.857421 -0.177933 -0.668265 0.966502 0.342350 0.491899 0.245346 -0.067991 0.148028 -0.359688 0.236139 -0.461145 -0.329522 -0.721445 0.331344 0.960659 -0.828010 0.164022 0.247325 -0.462182 0.541909 0.729914 -0.497549 -0.594223 -0.089202 -0.421500 -0.198906 -0.148252 -0.598520 -0.151132 -0.021583 -0.615844 -0.580577 -0.233548 0.208698 -0.859945
0.251392 0.753351 0.623038 0.950416 0.298319 0.370406 -0.008650 0.129659 0.577399 -0.777051 0.960452 0.340443 -1.045022 -0.430726 0.698445 -0.210802 0.343439 -0.901871 -0.585510 -0.930015 0.478413 0.600508 -0.824163 -0.186764 -0.953348 0.840331 -0.932476 0.182882 0.965125 -0.453287 -0.122824 -0.169361 0.312476 0.984634 0.648952 0.950313 0.236164 -0.804969 0.637018 -0.269378 -0.325890 0.342746 0.640485 -0.555283 -0.097824 0.508709 0.520787 0.772270 -0.552562 -0.731280
0.073967 0.851135 0.287455 -0.052949 0.599887 0.134119 0.214025 -0.865358 0.318091 -0.504815 -0.696930 0.655419 0.799108 -0.503638 0.832017 -0.912806 -0.237146 0.821427 0.532220 -0.374975 0.478610 0.431768 0.594776 -0.003012 0.302860 -0.450180 -0.801504 0.506177 -0.370624 -0.282845 0.613369 -0.971591 -0.645996 -0.858041 -0.242237 0.489594 -0.260261 0.279251 0.534968 -0.378082 0.427461 -0.173811 0.246990 -0.211217 -0.797887 -0.616448 0.215740 -0.614677 0.000095 0.708465
0.627364 0.629488 0.463812 0.243192 0.791408 -0.905548 -0.286446 -0.778632 0.189707 0.861820 -0.506844 -0.509738 -0.307952 -0.455858 0.473687 -0.143261 0.046581 -0.622962 -0.196417 -0.931714 0.271480 -0.816346 -0.113614 0.600147 -0.644175 -0.485180 -0.690156 -0.373600 0.428081 -0.849340 -0.058493 -0.155652 0.073533 -0.442770 -0.340691 -0.226471 0.001340 0.879149 0.757323 0.549357 -0.293501 0.231315 0.723784 0.189023 0.146310 -1.059638 -0.699802 -0.104579 0.209374 -0.329689
0.127765 0.096733 -0.297340 0.002173 -0.054599 -0.928799 0.762475 -0.890414 -0.219525 -0.999326 -0.327878 -0.976224 0.105482 -0.000551 -0.469347 0.695662 -0.804434 -0.433328 -0.658273 -0.247155 0.683007 -0.663578 -0.892139 -0.632057 -0.652746 -0.806796 0.194068 0.541408 0.857171 -0.289392 0.776611 0.131673 0.021494 -0.411620 0.406169 0.281779 -0.035160 0.382073 -0.233483 -0.521140 -0.604193 0.937576 -0.972503 -0.700818 0.309444 0.254357 -0.583393 0.540334 0.668650 0.930898
-0.086323 0.003976 -0.252954 -0.029418 0.521286 0.956090 0.732161 0.474405 0.550378 0.639385 0.826105 0.920552 0.188838 -0.667022 0.643536 0.612632 0.619800 0.433503 -0.736732 -0.268021 -0.742481 -0.002060 0.170756 0.072076 0.656916 0.718189 -0.734687 0.113458 -0.871707 -0.743572 0.491439 0.770418 -0.757579 0.017945 0.567892 0.090440 0.549040 -0.991017 -0.887761 0.538634 -0.738193 -0.244891 0.695676 0.877855 0.183947 -0.445960 0.746879 0.371411 -0.405297 -0.926767
-0.556876 -0.962716 0.085184 0.126304 0.316932 0.331728 0.179426 -0.637005 -0.393410 0.321150 -0.480042 0.978414 -0.642907 0.957427 0.537088 0.848809 0.042674 -0.143371 0.593771 -0.069510 -0.195106 -0.020351 0.360285 1.030223 0.348373 0.426854 0.076758 0.855251 0.838201 0.980996 -0.609536 -0.417442 -1.020538 -0.087070 -0.776713 -0.554990 0.398137 -0.640206 0.222365 -0.129996 -0.294588 -0.344697 0.111270 -0.513326 -0.191461 0.505838 -0.013283 -0.602055 0.373975 -0.214884
1.026727 -0.821046 0.907511 0.299680 -0.127161 0.321908 -0.506207 0.280314 0.155449 0.277941 -0.939568 -0.185270 -0.745723 0.619728 -0.333899 0.483639 0.086326 0.441459 -0.321568 -0.652509 -0.251341 -0.685163 -0.386918 0.631437 0.453292 -0.357383 -0.009771 0.432375 0.344252 -0.711068 0.028725 0.221028 0.747983 0.629230 -0.442287 -0.966150 0.853435 0.013327 -0.086633 -0.312749 -0.267291 -0.029614 -0.037049 -0.077684 -0.320099 -0.385094 0.969372 0.511820 0.332696 0.941034
-0.219918 0.869029 0.641663 -0.557441 -0.538401 0.275267 -0.057864 -0.778583 0.892934 -0.134933 0.206829 -0.755010 -0.907567 0.728953 0.774470 0.521796 0.616803 -0.450755 -0.051839 -0.835774 0.634478 0.322690 -0.507403 -1.015935 0.618006 0.289425 -0.145902 0.036918 -0.663086 0.370941 -0.490670 0.776820 0.389234 -0.203484 -0.245280 -0.584313 0.710931 0.489317 -0.940759 0.498052 0.097459 0.752605 0.135877 -0.313848 0.385468 -0.218085 0.928011 -0.122785 -0.188339 -0.603736
0.846349 -0.217003 0.563391 0.434899 -0.422814 0.861078 -0.012523 -0.907873 0.988745 0.802560 -0.656908 0.330892 -0.935369 0.378290 -0.435986 0.733492 0.010869 0.947207 0.066472 -0.399713 0.053862 -0.578226 0.190258 0.816836 0.072993 0.544601 -0.512807 0.929624 0.022790 0.514073 0.937877 0.684883 0.118877 -0.177296 -0.576118 0.526881 0.952773 0.289654 0.032808 0.676034 -0.709351 0.470452 -0.202975 -0.080745 0.764356 -0.105585 0.039900 0.618624 0.093960 0.605237
0.403680 0.578493 0.199333 -0.130701 0.119048 0.276714 0.804200 0.794660 -0.565967 -0.809322 -0.208933 0.043748 0.679328 1.035002 0.328045 -0.741746 -0.447601 0.741997 -0.997399 -0.657154 -0.310628 -0.698371 -0.081509 0.775400 -0.185771 -0.745842 0.673685 -0.099157 -0.737756 0.019422 -0.742454 -0.028649 -0.843758 0.142425 -0.988553 -0.117817 -0.843535 -0.966277 -0.611792 0.922309 0.848534 0.196127 -0.362757 0.264064 0.821448 -0.838545 0.485219 -0.483023 -0.803799 0.391791
-0.249920 0.017562 -0.604566 -0.702608 0.928450 -0.552960 -0.514368 -0.402931 -0.082223 -0.879269 -1.023721 0.607141 0.181287 0.494622 0.943393 0.001519 0.298219 -0.621327 0.379516 -0.271197 0.953142 0.193274 -0.755413 1.004648 0.186774 0.828282 0.544676 0.682289 0.556623 0.793294 -0.672142 -0.441052 0.002490 -0.883358 0.828619 -0.914037 -0.385460 -0.925083 -0.150964 -0.687453 0.865042 -0.103796 0.889359 0.974060 -0.289144 0.471174 -0.841019 -0.677167 -0.552769 -0.784288
0.579444 -0.827544 0.696563 -0.486509 0.584681 0.810650 0.800161 0.271982 0.614782 0.053097 0.753760 0.321241 -0.824791 0.287899 -0.933980 -0.057920 -0.917145 -0.264929 -0.237116 -0.650046 0.356667 -0.430791 -0.737747 0.503368 0.149361 0.738189 -0.408570 -0.223626 -0.394600 -0.547443 0.359308 0.612753 0.089441 0.400700 0.120379 -0.686595 -0.293324 -0.944199 -0.409372 -0.165656 0.555567 0.161385 0.138398 -0.553072 -0.761540 -0.271013 -0.827766 -0.728077 -0.262439 -0.572842
0.095864 0.046675 -0.462405 0.992952 -0.140399 -0.718178 -0.644671 -0.621325 -0.421029 -0.695442 -0.554976 -0.078567 -0.646905 0.328261 0.735230 -0.411621 -0.357266 0.569393 -0.086787 0.445532 0.014358 -0.005629 -0.079625 0.212075 -0.652035 -0.036678 -0.951842 0.549584 -0.555441 0.423604 0.917327 0.218740 0.163486 0.478378 0.104629 0.022754 -0.195749 0.502483 -0.824835 0.247275 0.401191 0.528903 0.682437 0.170062 -0.290421 0.092447 -0.904278 -0.934141 -0.587669 -0.597332
-0.699384 -0.590318 0.105241 0.112420 -0.880789 0.141127 -0.167544 -0.595695 -0.450248 -0.360228 -0.075456 0.987777 -0.260734 -0.750066 0.439776 -0.087521 -0.899807 0.881551 -0.847360 -0.300355 -0.641093 -0.450810 0.910750 0.994418 0.042648 -0.796444 -0.547095 0.386612 0.350426 -0.619639 0.804017 -0.110943 0.734422 -0.478543 0.808823 -0.262523 -0.646449 -0.039634 0.216909 -0.872185 0.677364 -0.322180 -0.239821 -0.559636 -0.367166 -0.494540 0.466063 0.971577 -0.343568 0.714088
1.015792 -0.402150 0.637065 -0.319538 0.783966 0.921373 0.458433 0.109474 -0.376569 -0.699559 0.551156 -0.651965 -0.217858 -0.405023 -0.004243 0.619484 -0.206490 -1.014395 0.688589 -0.724371 -0.326523 0.256335 0.161362 0.080041 0.492968 -0.147087 -0.165396 -0.010645 -0.776780 -0.145668 0.655248 -0.217119 0.907402 -0.714131 0.012583 0.952775 -0.143583 0.766082 0.339199 0.092558 -0.821433 -0.133503 0.169217 0.551058 -0.373918 -1.045031 0.833965 0.409138 -0.292705 -0.950523
-0.306344 0.428893 -0.429221 -0.006084 -0.874135 0.323750 -0.008053 0.837466 0.838586 0.149611 0.268350 0.968422 0.816283 -0.285541 0.180424 1.001348 -0.917738 -0.537917 0.186478 -0.066474 -0.984763 -0.538000 0.137958 0.242949 -0.046822 0.016780 0.855269 -0.424616 0.622637 0.952591 0.500981 -0.726842 0.355969 -0.153917 0.020040 0.539700 0.581812 -0.337970 0.976856 -0.056054 0.697407 -0.151201 -0.340364 -0.221706 -0.686485 -0.906469 -0.724165 0.359827 0.369151 -0.620060
0.726675 -0.855778 -0.058095 -0.633218 -0.356439 -0.331528 -0.584476 -0.991619 0.362480 0.449291 -0.454733 -0.018626 0.204322 -0.687217 0.209755 -0.369929 -0.172888 -0.418665 -0.887962 -0.093018 -0.678166 -0.787093 0.629694 1.033878 -0.255792 -0.761932 0.786107 -0.250809 -0.240540 0.086151 -0.790609 0.824111 0.374224 0.541391 0.793926 -0.116337 0.339004 -0.925913 -0.278017 -0.657234 -0.258611 0.983528 -0.636630 0.773676 -0.484454 -0.292159 0.434376 -0.113784 0.677608 -0.483977
0.294444 0.392716 0.474005 0.158052 0.180232 -0.066175 0.622950 -0.573926 0.091059 -0.578250 -0.203153 -0.812078 1.007237 -0.501378 -0.397339 -0.390314 -0.802550 0.271980 0.316406 0.385737 -0.517216 -0.256659 0.602026 -0.919997 -0.336696 -0.032233 -0.214754 1.011611 0.191886 -0.920904 0.919707 0.315830 -0.317475 0.406355 0.552272 0.119012 -0.173781 -0.670627 0.684260 -0.635197 -0.317974 -0.451876 -0.448838 -0.021133 0.539139 0.323463 0.614722 -0.498546 0.421764 0.359808
0.958691 0.283026 0.588344 0.377508 0.786401 -0.931690 -0.734483 0.256459 0.226557 -0.555054 -0.196696 0.507519 0.212669 -0.325665 0.058638 0.324069 0.658436 0.151142 0.761134 0.022644 -0.296292 -0.939479 0.161125 -0.622703 -0.315648 -0.252711 0.328119 0.904227 0.371633 0.687301 -0.187540 -0.217730 -0.900571 1.028689 0.368854 1.002051 0.903902 -0.698944 0.795018 -0.027825 1.107399 -0.028136 1.004286 -0.715055 0.715483 -0.219147 0.007306 0.788017 -0.451710 0.535499
0.891813 -0.589687 0.709110 0.237037 0.821783 -0.076628 -0.350098 0.238381 0.689551 -0.136165 0.675548 0.533537 0.138128 0.364114 0.402575 0.514509 0.337273 0.038741 0.600773 -0.878522 0.432641 -0.184263 -0.364312 -0.056983 -0.477495 -0.153209 -0.354712 0.298180 -0.700514 -0.899000 0.102878 0.701005 0.412793 0.128907 -0.286436 -0.145873 -0.529397 0.206183 0.787304 -0.597278 -0.818306 0.512409 -0.751598 0.827002 0.690981 0.632755 -0.086713 -0.481335 -0.649930 1.017840
-0.702006 0.918328 -0.553667 -0.436119 0.265082 -0.861662 -0.577037 0.937327 -0.304695 0.917796 0.847719 -0.962453 -0.202716 0.912782 -0.983960 -0.155901 -0.880762 0.543815 0.498177 -0.524142 0.482518 -0.727895 -0.558660 -0.048462 -0.720461 0.327567 -0.435881 -0.338989 0.572086 0.547822 0.245854 0.700644 -0.298852 -0.807080 0.128802 0.592260 0.684864 -0.866708 -0.502520 -0.167153 -0.561212 -0.138282 0.544397 0.006237 -0.804821 0.693013 -0.224467 -0.972511 -1.087740 -0.679462
0.568047 0.739299 -0.049367 -0.862241 -0.187250 0.573994 -0.152219 0.513358 -0.212968 -0.610468 0.251358 0.716512 -0.318147 -0.652464 0.045194 0.165806 -0.809038 0.430979 0.538885 -0.785264 -0.655527 0.507242 -0.390992 0.392135 0.355056 0.352763 -0.864419 0.694187 -0.472927 -0.250939 -0.121748 0.763274 0.944702 0.615414 0.709615 -0.206419 -0.832426 -0.917084 0.443996 0.794795 0.804460 0.731360 0.310340 -0.574997 0.363076 -0.439265 -0.519905 -0.314673 -0.758301 0.245435
0.915831 -0.390223 -0.782400 -0.308119 -0.157732 0.561254 0.286527 -0.508060 -0.697194 0.851682 -0.926005 -0.522807 -0.644832 -0.385466 0.709348 0.261076 0.653915 0.222269 -0.481124 0.025147 0.430351 0.698036 -0.424972 -0.101810 -0.530609 -0.904914 0.095004 -0.333797 1.003550 0.786226 -0.268430 0.475045 0.513685 1.048511 0.657655 -0.854868 -0.334026 -0.323996 -0.269657 0.818268 0.478623 -0.024449 -0.052243 0.746795 -0.813647 0.697290 -0.196570 0.783414 0.432012 -0.405318

Bias v0 (Oculta):
0.929325
-0.467411
0.099075
0.931654
-0.443092
-0.254205
-0.287198
-0.109302
-0.272743
0.715547
0.061431
0.067257
-0.424761
0.334371
-0.530480
0.407725
-0.995693
0.682672
-0.507527
0.639939
-0.126444
-0.560801
0.397387
-0.394843
-0.001326
0.512630
0.809207
-0.309643
-0.484047
0.541243
-0.640507
-0.524755
-0.596822
0.617193
-0.319686
-0.220117
-0.631312
0.678029
-0.593233
0.139266
-0.260714
0.053338
0.446729
-0.797088
-0.916332
-0.038656
-0.238542
-0.758390
0.643607
0.031539

Pesos w (Oculta -> Saída):
0.018896 -0.694264
0.626521 -0.228348
0.013666 0.656743
-0.881078 0.177420
-0.333203 1.080437
0.489066 -0.447657
0.658540 -0.663607
0.135171 -0.921193
-0.592081 -0.145076
0.770447 -0.492850
-0.960930 -0.153565
0.484991 -0.221745
0.977446 -1.056485
0.159788 -0.576489
-0.692706 0.248384
0.087807 0.626897
-0.386230 0.347415
-0.355322 0.436631
0.398133 -0.318618
0.546747 -0.167034
-1.119373 0.516717
-0.769959 0.945303
-0.368098 -0.155997
0.822058 -0.787673
-1.119578 0.503910
0.403919 0.717786
0.404427 -0.650701
0.569129 -0.074988
0.173905 0.397197
0.027853 0.168460
-1.433088 1.554096
-0.135710 -0.122203
0.282964 0.818281
0.405650 0.080366
0.107942 0.295659
0.192664 -0.213548
-0.712339 -0.147907
0.050988 -0.882787
0.264142 -0.831487
0.494473 -0.826811
-0.742606 1.179558
0.208506 0.872898
0.443707 0.516148
-1.011754 0.801887
0.466725 -0.433168
-1.336290 0.840023
-0.462186 0.364698
-0.010968 -0.430386
1.349012 -1.716224
-0.149455 0.562240

Bias w0 (Saída):
0.540555
-0.419661
