Pesos v (Entrada -> Oculta):
0.237363 0.657414 0.528369 0.537920 -0.912051 -0.675808 -0.202138 -0.571839 -0.974184 -1.042374 0.656693 -0.642987 0.615385 -0.213778 0.357377
-0.812683 0.567965 0.766867 -0.230469 0.876535 0.602314 -0.788303 -0.551335 -0.272605 -0.902153 0.814118 0.563047 0.407791 0.463438 -0.663624
0.047395 0.462949 -0.440749 0.543389 -0.929036 -0.999639 0.171108 -0.395715 0.746711 -0.859898 0.938693 -0.900667 -0.774061 -0.664708 0.522117
0.557876 -0.095994 -1.033278 -0.686232 0.859477 -0.082018 -0.254289 0.846617 -0.060679 -0.172383 -0.491592 0.349312 0.657785 -0.274092 -0.397642
-0.927279 -0.132166 0.414425 -0.542623 0.173894 -0.953489 0.601366 0.266403 0.787098 0.740906 1.095786 -0.705280 0.434728 0.437782 1.231002
0.769632 -0.177124 -0.060921 -0.643155 -0.746644 0.002369 0.639655 -0.886021 0.336009 -1.037982 1.188013 -0.749309 -0.653509 0.112401 0.756014
-0.379549 0.709082 0.232463 -0.971759 -0.142083 0.561228 0.196879 0.228999 -0.638081 0.301319 1.091380 -0.512025 -0.930799 -0.007116 0.342180
0.272959 0.745655 -0.813139 -0.662685 -0.185170 -0.906106 0.272243 -0.251438 -0.103871 0.329860 -0.617816 -0.785781 0.007573 -0.875689 0.253068
0.612864 0.709945 0.702386 0.034922 0.143315 -0.916184 0.045603 0.103965 0.006735 -0.690380 -0.367837 0.297504 0.002235 -0.114389 0.745619
-0.121109 -0.351416 -0.220270 0.724400 -0.166762 -0.046556 -0.729748 0.698082 -0.660328 -0.350178 -0.943751 -0.174520 -0.088561 0.087388 -0.412291
0.469762 0.386134 -0.964565 -0.503245 0.728325 -0.610998 0.413171 0.064851 0.790311 -0.844524 0.609547 -0.286981 0.319915 0.675554 -0.161420
-0.350538 -0.840787 0.342691 0.809383 -0.877097 -0.674316 0.061311 0.391456 0.641371 -0.864425 -0.607761 -0.002035 0.346929 -0.575588 -0.753705
0.602287 -0.824510 0.161064 -0.021648 -0.839857 0.676799 0.086830 0.097304 -1.114950 0.128012 -0.148555 -0.130943 1.046796 -0.044973 -1.074303
0.398418 -0.059637 0.285451 -0.458158 0.102880 0.633649 0.271243 -0.968909 0.243922 0.087235 -0.850118 0.688909 0.123410 -0.866459 -0.722766
-0.121904 0.948860 -0.465994 1.126025 -0.819732 0.423222 0.690573 0.647159 -0.068309 0.416159 -0.577860 0.401845 0.025340 0.031671 -0.501961
0.206181 -0.797865 -0.940273 0.612046 0.146813 0.751473 0.628978 -0.620128 0.512843 0.481585 -0.231200 -0.574822 -0.813251 0.136799 0.081045
-0.007373 0.220641 -0.209978 0.556690 0.160822 0.238587 0.658302 1.008340 -0.387127 0.552260 0.177624 -0.200081 -0.420598 -0.279109 -0.244200
-0.456628 0.149253 -0.851687 -0.982733 -1.175453 -0.543846 0.505716 0.517754 1.178914 0.017982 0.419594 0.808089 0.122448 0.991274 0.839654
-0.201146 1.018987 -0.453033 0.299939 -0.838515 0.105260 0.520430 0.047045 0.297910 0.138224 -0.910800 0.235265 0.020654 0.499121 0.874240
-0.510956 0.609930 -0.737172 -0.239836 0.757574 -0.173466 0.143833 0.009518 -0.012895 -0.018692 0.631285 -0.588147 -0.670418 0.926336 0.408813
0.129438 -0.378381 0.799570 0.008672 0.480348 -0.396097 -0.672982 0.162745 -0.864616 -0.626718 -0.031969 0.283123 0.861885 -0.787498 -0.805330
0.483459 -0.109515 -0.129906 0.355966 0.322187 0.069330 -0.769135 0.771614 -0.849176 0.134329 -0.131419 0.101600 1.053657 -0.273875 -0.361469
0.442370 -0.924255 0.274785 -0.340687 0.036594 0.843535 -0.119356 -0.201147 -0.921836 -0.241580 0.753444 -0.839894 -0.098083 -0.739672 -0.069681
0.287616 0.948196 -0.832216 0.563532 0.689728 -0.625919 -0.382582 0.626320 -0.736399 0.629836 0.455701 0.589831 0.426536 0.139080 0.459082
-0.289679 -0.288211 0.212920 -0.180046 -0.594685 0.207369 -0.359983 0.134991 0.695185 0.171829 0.651118 -0.170255 -0.242851 0.117552 0.325276
-0.407371 -0.529928 -0.020575 -0.219103 -0.486780 -0.666678 -0.691240 -0.903852 0.583127 -0.642171 0.402398 -0.155670 0.304484 0.024273 -0.022909
0.263483 0.762673 0.559483 0.414097 0.538632 0.409779 -0.376841 0.323408 0.129674 0.814335 -0.599338 0.670575 -0.328848 0.277478 -0.357696
-0.123342 0.071285 0.725636 0.028920 0.997550 -0.652330 0.313886 0.923556 -0.329211 0.679649 0.449814 0.055824 -0.097772 -0.902856 0.226172
-0.026737 0.915488 -0.454955 0.002267 0.657892 0.859005 1.002741 -0.136394 0.338766 -0.298754 -0.837825 0.969732 -0.398100 -0.215015 -0.194350
-0.365012 -0.631754 -1.055223 0.658011 0.116434 -0.350667 0.366419 0.030578 0.651789 -0.416834 -0.235924 0.754359 -0.994166 0.482325 -0.717599
-1.027694 -0.327161 0.292083 -0.296009 -0.392073 0.263690 0.791091 -0.288683 0.595495 0.088211 -0.388952 0.478102 0.289718 -0.497025 0.714337
-0.149254 0.959386 -0.732087 -0.623797 -0.489412 -0.620830 0.082639 -0.094762 0.138277 -0.083052 0.725768 -0.782845 -1.017008 -0.529804 0.898379
-0.386925 -0.209426 0.683524 0.327202 -0.026545 -0.878862 0.034497 0.508353 1.009631 -0.267306 0.417755 -0.041583 0.581608 0.875616 0.925637
-0.538027 -0.454950 -0.721577 0.082308 0.668328 0.257500 0.599683 -0.489460 0.139337 -0.445661 -0.581763 -0.510852 -0.799405 -0.209850 0.649609
-1.002967 -0.162242 -0.645565 0.843215 -1.038995 0.789684 0.816028 0.390514 -1.217229 0.425966 0.040286 -0.570454 0.714450 -0.437944 -0.114104
0.425843 0.312265 -1.004206 1.060223 -0.369056 0.389901 0.259622 0.246209 -0.921420 0.799343 0.896397 0.577509 0.292778 -0.564217 -0.308584
0.611636 0.874611 0.391687 0.473483 1.033389 -0.428275 -0.160638 0.844297 0.700614 0.193384 0.744621 -0.667563 0.035166 0.940362 -0.086385
-0.074144 -0.511819 -0.850119 -0.708766 -0.414795 -0.582916 -0.989688 0.588829 0.861544 0.772133 -0.203938 -0.027520 1.038999 0.255738 0.372175
-0.966006 0.578552 -0.466970 0.400194 0.666489 -0.531318 -0.011989 0.456636 0.178859 0.320051 0.840151 0.430885 0.066234 -0.643530 -0.365460
-0.463302 -0.364653 -0.855584 0.223845 0.441647 0.197315 -1.043993 -0.108484 0.422020 0.849316 -0.392463 -0.042734 1.039922 0.118709 -0.127590
-0.794516 0.297377 -0.940152 -0.968733 0.124535 -0.011000 0.672020 -0.754299 -0.377301 -0.434939 -0.375304 -0.791006 -0.340484 0.437360 -0.286241
-0.739850 0.568971 -0.956665 0.479013 0.868233 -0.416733 0.403824 -0.279863 0.410479 0.516642 0.763526 -0.681139 0.893990 -0.682000 0.076553
-0.165339 -0.168566 -0.321070 0.901330 0.742718 -0.655932 -0.501503 0.946835 -0.565693 0.140682 0.774588 0.883294 -0.119848 -0.238614 0.425770
-0.438569 0.373506 0.887676 0.613854 0.389707 -0.906395 0.836458 0.016683 -0.097041 -0.276963 0.577739 -0.008848 -0.726738 0.135212 0.465551
0.469683 -0.391890 -0.763563 -0.410025 -0.450186 -0.165580 -0.126324 0.439823 -0.307655 -0.060352 0.007006 -0.185246 -1.403075 0.694412 0.842413
0.587191 -0.830668 -0.565346 -0.611197 -1.157030 0.531544 1.364589 0.095174 0.564780 -0.487450 -0.155926 0.516174 -0.531457 -0.041767 0.221271
-0.747422 -0.233310 -0.821009 0.549817 -1.096739 0.255928 -0.546467 -0.208336 -1.142757 -0.927296 0.568668 -0.270450 -0.584591 -0.135625 0.766655
0.616608 0.184242 -0.103255 0.113522 -0.623668 -0.671536 -1.084794 0.893012 0.191761 -0.402935 0.737391 0.559020 0.463464 -0.752012 0.453391
0.028424 -0.698585 0.002218 0.444034 -0.681771 -0.463229 0.598220 0.471975 -0.744076 -0.324301 0.845257 -0.629343 -0.613045 -0.311191 0.691944
-0.648730 -0.832962 0.426726 0.240326 -1.035154 -0.579011 0.186121 0.072195 0.750696 0.683206 -0.989099 0.559408 -0.030061 -0.251762 -0.716254
-0.153656 -0.342576 0.411682 0.347823 0.479103 0.242849 0.636474 -0.294667 -1.043018 -0.988238 0.040380 -0.376797 -0.560276 -0.519790 -0.860647
0.113649 0.993435 0.542452 0.618049 -0.028879 -0.707113 0.698230 -0.539794 -0.563986 -0.509614 0.584585 -0.828884 -0.597497 0.245684 0.493759
-0.754616 0.740747 -0.926726 0.416430 1.013748 0.865348 -0.612379 -0.190111 -0.082571 0.446393 0.571325 -0.399666 0.310931 -0.374329 -0.922608
-0.086245 0.234484 -1.114191 1.237509 0.988044 0.212792 -0.087871 0.001957 -0.909553 0.215214 0.568605 -0.324811 0.761508 -0.863219 -0.765594
-0.240795 -0.606332 0.430241 0.057177 -0.826140 -0.679919 0.384663 0.770014 0.258258 0.811544 0.103553 -0.019059 0.413160 -0.901357 0.557016
0.363014 -0.541251 0.375209 -0.341099 -0.399381 0.046843 0.642289 0.022570 0.350034 0.032435 0.224027 0.538103 -0.160642 0.003291 0.194703
-0.582848 -0.390520 -0.718254 0.982913 -0.865774 0.810984 1.065687 0.980741 0.433392 0.904120 0.410302 -0.541326 -0.559451 -0.566876 -0.471072
0.067398 0.239216 -0.814475 -0.217283 -1.265080 -0.126246 0.980062 0.601066 -0.605493 -0.968913 0.781429 -1.053172 -0.529586 0.301478 0.154437
-0.301794 -0.626145 -0.021234 0.559420 -0.371350 0.182727 -0.248799 -0.973902 0.038181 -0.736341 -0.730607 0.290607 -0.411692 -0.583740 -0.859693
0.385133 0.077027 0.032359 -0.246914 0.859123 0.553548 0.337843 -0.983708 -0.353535 -0.468311 0.291820 -0.050430 0.456063 0.585065 -0.567601
-0.497494 -0.046417 0.638867 0.577524 0.731836 -0.483245 0.385744 -0.538263 -0.014177 -1.062456 -0.111272 -0.925425 -0.836158 -0.598446 0.433394
0.137427 0.068387 -0.250547 0.430685 -0.129702 -0.193387 0.495982 -0.627200 0.407062 -0.358016 0.908366 0.728641 0.343218 -0.641989 -0.684538
-0.547474 0.665871 0.987277 -0.706887 0.662916 0.526037 0.273458 0.918366 0.570185 -0.000619 -0.008901 0.032049 0.511817 -0.956026 -0.377927
-0.086845 0.239528 -0.671759 -0.036082 -0.493059 -0.937132 0.624789 -0.783347 0.556778 0.507251 -0.559526 0.058923 0.351511 0.749512 -0.780254
-0.016104 0.371598 -0.836853 0.349581 0.476709 0.456451 -0.725114 -0.087564 -0.603352 0.201269 0.105727 0.580077 -0.743711 -0.163647 -0.746498
0.602429 0.801595 -0.856250 0.066703 0.644903 0.024042 0.375556 -0.655855 -0.383670 -0.037646 0.810549 0.131611 1.012494 -0.192279 -0.851207
-0.690369 -0.858176 0.427464 -0.681902 -0.745063 -0.487899 -0.380270 -0.661311 -0.000873 -0.020943 -0.000025 0.023376 -0.175567 -0.995081 0.239629
0.424872 -0.492313 -0.707446 0.269059 -0.265775 -0.164868 0.279301 -0.446112 0.572642 0.778632 0.130460 -0.198193 -0.592532 0.533051 -0.198987
0.455947 -0.435277 -0.768062 0.398314 0.998986 0.938316 -0.654721 0.110691 0.437496 -0.294378 0.405856 -0.157120 0.555856 0.122065 -0.844892
0.544615 1.032488 -0.179542 0.151034 0.474652 -0.863060 1.392573 -0.592321 -0.289011 -0.775954 0.303826 0.032449 -0.110305 0.342748 -0.720985
-0.905971 0.986093 -0.513827 -0.872973 0.284893 0.200230 -0.095945 -0.866993 -0.216763 -0.879968 0.757968 -0.021007 -0.620082 -0.421783 0.334178
0.537023 -0.032497 0.270060 0.408135 -0.871973 -0.749864 -0.243931 0.837120 0.306757 0.571695 0.737584 -0.904888 -0.942050 0.975266 0.289577
-0.439412 -0.019158 0.641359 -0.729815 -0.658798 -1.031251 -0.973255 0.590820 0.079386 -0.912439 -0.016952 -0.391236 0.538715 0.788899 -0.299321
-0.121867 -0.743309 -0.130721 0.798401 0.299596 -0.759763 0.351793 0.635835 0.707066 0.422727 0.357574 0.150923 0.349992 0.512212 0.581426
0.688396 -0.222910 -0.493069 0.322431 0.196359 -0.467305 -0.483877 0.942094 -0.543457 0.274283 0.954941 0.883249 -0.088907 0.973405 -0.540387
-0.757733 -0.025595 -0.377088 0.796052 0.718084 -0.149663 1.081699 -0.771942 -0.045852 0.692993 0.249341 -0.948510 -0.234246 0.400904 -0.884439
-0.754861 -0.735025 -0.582498 0.673848 -0.585412 -0.516817 0.129293 -0.149363 0.367951 0.318452 -0.881527 -0.734576 0.669360 0.705631 -0.451995
0.528000 -0.793788 -0.225099 -0.852876 0.795112 -0.541120 0.481449 0.066493 0.064064 0.176333 -0.594725 -0.104484 0.102288 -0.350735 0.687145
-0.009595 -0.701020 -0.765233 -0.564491 0.182354 0.547058 0.565667 0.649330 0.399867 -0.379932 0.378750 0.411169 0.520636 -0.087673 -0.339305
-0.957682 -0.432337 0.659479 -0.369297 -0.361225 -0.249971 0.079280 0.383804 -0.301539 0.397978 0.519274 -0.476606 -0.553315 -0.344282 0.546178
0.297971 0.788053 -0.012799 -0.657885 0.818879 0.664804 0.150740 0.873537 0.770255 0.790892 0.618500 0.422821 -0.585766 0.076274 0.260386
-0.274472 -0.023325 0.527923 0.009080 0.234019 0.733994 -0.569727 0.112773 0.320091 0.487994 -0.779533 -0.539954 -0.062974 0.717455 -0.007372
0.840735 0.246154 -0.172114 0.148158 0.567526 0.206071 -0.784866 -0.112169 0.492175 -0.073028 -0.502819 0.119615 -0.520519 -0.211027 0.928442
-0.912517 -0.521870 0.332831 -0.211441 0.019708 0.864225 0.351788 0.900295 0.582138 -0.924020 0.310219 -0.763876 -0.766977 0.811443 0.456644
0.193786 -0.962173 -0.188901 -0.107449 -0.753465 -0.133151 0.386067 0.045882 -0.880408 0.816682 0.711660 0.596235 -0.085822 0.921745 -0.143328
-0.682601 0.054835 -0.737264 -0.276779 -0.137667 -1.024306 -0.086968 0.094609 -0.846673 -0.753723 -0.200684 1.036828 0.897652 0.564414 -0.075358
-0.839872 -0.148144 -0.234589 0.715322 -0.553453 0.247775 0.378654 0.494880 0.345408 0.183561 0.121594 0.566224 -0.716986 -0.823556 0.297678
-0.095539 0.398357 0.042694 -1.007474 -0.778076 -0.162698 -0.093769 -0.814191 -0.105629 0.743622 0.934705 0.343675 -0.645641 -0.909709 0.309102
0.170618 0.165430 -0.038864 0.559350 0.279101 -0.124704 -0.157434 -0.625813 0.842335 -0.693533 0.763373 0.390824 0.143407 -0.456430 -0.648194
0.150788 -0.760903 -0.093110 -0.710962 0.706236 0.313664 -0.798652 0.919405 0.749309 0.194008 -0.335030 0.371003 0.024502 -0.315777 1.011793
0.547226 0.920884 -0.500787 0.792282 0.258996 0.019507 0.001594 0.660499 -0.181777 0.801393 0.614997 -0.192967 -0.283092 0.319106 -0.552926
0.098430 -0.835896 -0.589101 0.562524 -0.898331 0.303533 -0.060781 0.400863 0.594984 -0.159183 -0.064374 -0.205372 -0.555900 -0.396316 0.702289
0.090371 0.060654 -0.515436 1.018517 -0.819845 -0.692854 1.012091 0.487080 0.321488 0.897978 0.381322 -0.047116 0.930648 -0.940608 -0.391678
0.279803 -0.296798 0.867930 0.234140 -0.180906 -0.635732 -0.450797 0.933981 -0.899264 0.360523 -0.872822 0.637285 -0.765460 -0.436188 0.408797
-0.514919 0.758015 0.573862 0.865180 0.009632 -0.720096 0.644123 0.325891 -0.761355 -0.953226 -0.008815 -0.299057 -0.436788 0.659638 0.020136
0.672734 -0.257813 -0.988057 -0.408676 0.036518 0.123996 0.473381 0.349935 0.430137 -0.751035 -0.019785 0.604237 0.137380 0.641406 0.599396
-0.079182 -0.807300 0.538552 -0.136778 0.897846 -0.209055 0.386312 0.036478 0.023472 0.672300 0.357050 0.345730 -0.409667 -0.464331 -0.576710
-0.135248 0.639283 -0.724762 1.057871 -0.416112 -0.344374 -0.342318 0.478289 0.307931 0.628195 -0.985222 -0.946616 -0.448027 -0.836019 0.617384
0.715112 0.864361 -0.777443 -0.533041 0.293035 0.768179 -0.017114 0.078992 0.206926 -0.839870 -0.479451 0.236642 0.621427 0.093202 -0.799837
-0.718787 -0.547186 -0.885229 0.112710 0.234145 0.974377 0.312393 -0.642944 0.561323 -0.127632 -0.548875 0.845848 0.064994 0.420418 -0.459057
0.661251 0.281576 -0.810281 0.750733 0.493559 0.084688 -1.202069 0.871196 -0.571157 0.161859 -0.763516 -0.654700 -0.164636 0.791910 -0.598675
0.831936 -0.808516 0.760262 -0.388351 0.947310 0.582095 0.200749 0.621005 0.347571 -0.143910 0.059046 0.099952 -0.220187 0.702506 -0.891125
0.064332 0.951885 -0.511733 -0.914083 0.695565 0.249829 -0.881408 0.434967 -0.045527 -0.263538 -0.338396 0.147078 0.097109 -0.079409 -0.121504
0.398740 0.747123 -0.259060 -0.974814 -0.499325 -0.702388 0.631940 -0.976627 -0.385835 -0.673672 0.534214 0.064385 -1.010367 -0.148112 -0.257502
0.421624 -0.071686 0.475395 0.749590 -0.133167 -0.614526 -0.416592 0.725944 -0.338023 -0.472882 -0.609429 -0.324084 0.183615 -0.249979 0.829020
-0.814467 0.314344 0.075321 -0.740196 -0.233598 -0.491749 -0.880099 0.154115 0.437682 0.927152 0.582555 0.411029 0.900267 0.056530 -0.356009
0.194823 -0.728929 -1.067468 0.220658 1.020285 0.012316 -0.367844 0.422690 -0.154742 0.032096 -0.154252 -0.486707 0.516704 -0.444690 -0.906564
0.076029 -0.897652 -0.238547 -0.365436 -0.838002 -0.248115 -0.129133 -0.742827 0.758509 -0.496191 -0.807339 0.872865 -0.425382 0.528847 -0.548375
0.865918 -0.248573 -1.010965 -0.183833 -0.342624 -0.922816 -0.307978 -0.731707 0.625902 0.215253 0.723259 0.308800 -0.194843 0.666998 -0.056674
-0.794302 0.719307 0.420091 -0.065478 0.630489 0.707779 0.459038 -0.553201 0.581970 -0.594825 0.491269 -0.255464 -0.574013 0.126873 -0.404244
-0.496035 0.282925 0.293641 -0.801087 -0.920596 -0.543899 0.451249 0.914532 0.094038 0.488796 -0.061354 -0.350485 -0.032311 0.712353 -0.336207
0.115312 -0.271450 0.040510 -0.038131 0.798066 -0.199463 -0.486095 -0.148632 0.910385 0.233470 0.100457 -0.868197 0.318725 0.097751 -0.260362
0.983805 -0.393067 -0.592912 -1.050570 0.019478 -0.362596 -0.609268 -0.810087 0.164811 0.353219 0.735042 0.113594 0.279334 0.394388 0.850175
-0.073579 -0.584073 0.159422 0.624119 0.496854 -0.606496 -0.471515 0.831690 -0.733242 -0.074251 0.373382 -0.621653 0.514957 -0.447261 -0.818355
0.109950 0.444343 -0.610192 -0.174517 0.243476 -0.361592 -0.450607 0.381943 -0.438920 0.385535 -0.132010 -0.617547 -0.116923 -0.129064 0.231150
0.740249 0.047136 0.254090 0.305621 0.568408 -0.967371 0.518591 0.609915 0.540002 0.544674 0.699355 -0.485807 -0.522472 -0.589366 0.322976
-0.255046 -0.834248 0.131580 0.921365 0.791059 -0.717170 -0.600036 -0.196626 -0.341017 0.489395 -0.715349 -0.419535 -0.557256 -0.411969 -0.014364
0.657361 0.585193 -0.618417 -0.011133 0.844221 -0.724433 -0.135410 0.866700 -0.141393 -0.698990 -0.797951 -0.757769 0.277613 0.837508 -0.697824
-0.911269 0.744985 0.852603 0.764053 -0.173464 0.764763 0.810690 0.502586 0.974152 0.389805 0.039323 -1.030732 0.755307 -0.035466 -0.849287
0.125744 0.693009 0.374137 -0.709055 -0.519816 0.608734 -0.683812 -0.815456 -0.158249 -0.007154 -0.414290 -0.866185 0.103743 0.393378 0.547779

Bias v0 (Oculta):
-0.772674
-0.016661
0.279796
-0.836364
0.569464
-0.611304
-0.215677
0.329285
0.568429
-0.981873
0.862274
0.807791
-0.284727
0.836898
-0.904551

Pesos w (Oculta -> Sa獮a):
-0.005500 0.435010
0.582636 -0.617276
0.186317 -0.306596
-0.978465 1.200182
-1.138213 0.605272
0.826094 0.423965
1.940261 -1.830414
0.212133 -0.425295
1.194397 -1.123882
0.366782 0.574179
0.343425 -0.525959
-0.869507 0.374947
-1.686239 1.851698
0.520383 -0.593236
0.903798 -1.168657

Bias w0 (Sa獮a):
0.167434
0.011777
