Pesos v (Entrada -> Oculta):
0.622432 0.601216 1.047191 0.774998 0.938346 0.306249 -0.289455 0.589301 0.608861 0.719828 -0.175471 -0.648620 -0.615489 0.220811 -0.862859
0.411259 -0.311429 -0.431118 -0.216947 -0.737124 0.210439 0.623200 -0.143231 -0.295440 0.696771 0.049670 -0.395505 0.929587 0.328036 -0.498326
-0.344229 0.544338 -0.271514 0.471186 -0.836964 0.285248 0.843677 0.605712 -0.423668 -0.020073 0.240704 -0.087922 -0.398943 -0.507655 -0.913248
-0.443850 0.711396 -0.599438 -0.176115 0.551140 -0.034463 -0.285193 -0.875781 0.505452 0.425825 0.682272 0.592961 -0.550264 0.783444 -0.809083
-0.726697 0.560963 -1.310374 -0.953087 0.705736 -0.329627 -0.371219 0.663944 0.872630 0.972660 0.734468 -0.670582 1.158297 0.210345 0.686908
0.673735 0.822713 -0.544188 0.404293 -0.428505 -0.931773 -0.418245 -0.331171 0.348424 0.373770 0.918085 0.346417 0.954072 -0.150397 0.433238
-1.005868 1.023645 -1.053355 -0.719378 -0.733843 -0.761026 -0.787291 0.449319 -0.399373 -0.304740 0.843675 1.207119 0.472042 0.166513 0.276581
-0.239182 0.392961 -0.288190 0.646504 0.075677 0.000537 -0.709846 0.102412 -0.088485 0.929563 -0.454498 -0.080105 -0.211872 -0.172201 -1.020063
-0.210896 -0.175937 0.169334 0.713602 -0.806626 -0.908996 -0.764361 -0.429728 0.434877 -0.128444 -0.820163 0.940685 -0.057702 0.613562 0.550621
-1.017775 -0.126889 0.577213 -0.660009 -0.056113 1.319300 0.065854 -0.852023 -0.057745 0.419515 -0.922043 0.336815 0.680210 -0.189191 -0.693275
-0.781525 -1.146403 0.445349 0.929932 0.117584 -0.558768 0.334860 0.003809 0.860550 -0.389692 -0.104220 -0.736023 -0.693950 -0.147745 0.188464
0.968126 -0.989715 0.103522 -0.190224 0.488293 0.883935 0.765981 0.117185 0.421973 -0.997246 -1.002321 -0.849424 0.082591 -0.987036 0.270256
0.192042 -1.027443 -0.433469 0.722226 -0.064997 0.795317 0.430738 -0.309787 0.155112 0.875833 -0.203659 0.305650 -0.935636 -0.826121 0.705988
-0.938934 -0.513145 0.234802 -0.047816 0.826814 1.011354 0.046049 0.311283 -0.387070 -0.891584 0.218364 0.042498 0.052371 0.085550 0.337987
0.172490 -0.133729 0.448285 -0.183908 -0.805751 -0.517697 0.311561 -0.307542 0.590607 0.436187 -0.421381 0.235390 0.677937 -0.217435 -0.423338
0.864754 -1.357684 -0.301526 0.754571 -0.333672 0.041775 -0.283110 1.011580 0.037086 0.301212 0.665744 -0.492322 -0.543747 -0.517219 -0.722314
0.161476 0.471172 -0.237447 -0.375189 0.826385 0.682544 -0.076499 0.938547 -0.391905 -0.379788 0.607904 -0.728975 0.366673 -0.092537 0.937453
-0.833903 0.935634 -1.219442 0.331800 0.063672 0.211749 -1.496278 1.448177 -0.249700 0.596616 0.255365 1.126071 0.838713 -0.836353 0.765980
0.092034 1.070684 -0.724088 -0.796457 0.209126 -0.244032 -0.522779 -0.210437 -0.220813 1.118033 -0.232222 -0.284562 0.974136 -0.546291 -0.063130
0.879970 -0.581569 -1.855950 -0.415741 -0.170269 -0.164454 -1.240844 0.552597 -0.104096 0.893348 0.708383 0.841716 -0.201095 -0.220307 -0.768652
-0.384624 0.132367 0.544006 1.002945 0.038122 0.139347 0.672342 0.502635 -0.236633 -0.260503 0.990559 0.681244 0.022084 -0.335454 -0.645337
0.500499 -0.217717 0.576495 0.943373 -0.010131 0.472517 0.017345 -1.123338 -0.364319 -0.440089 0.392030 -0.764977 0.620734 0.904315 0.425536
-0.489418 0.243257 -0.106547 1.101504 -0.398497 -0.101582 0.362677 0.617081 -0.280850 -1.072351 0.133454 0.018078 -0.390402 0.622681 -0.950735
0.921393 -1.016101 -0.142416 -0.282592 -0.619112 -0.939929 0.322294 -0.048876 0.240046 -0.892618 -1.027395 0.761974 0.265893 0.520811 0.505194
0.307366 0.558748 1.476302 -0.402667 -0.085277 0.358835 -0.059814 0.555562 0.725041 0.401994 -0.421436 -0.559621 0.042071 -0.077040 -0.614978
-0.852034 0.559925 1.082084 -0.767309 0.214599 0.719518 0.745021 0.437406 0.277530 -0.098709 -0.653185 -0.553864 -0.015412 0.178615 -0.790283
0.338898 0.387406 -0.556976 0.093449 0.597357 0.364748 0.368434 0.409957 -0.568673 -0.931860 -0.182302 0.553147 -0.196630 -0.465510 -0.078839
0.991190 0.569111 0.521628 -0.493800 0.949712 -0.383460 -0.422390 -0.107570 0.316626 0.400418 0.628589 -0.308747 -0.268895 -0.638245 -0.606743
-0.150826 0.659971 -0.173554 0.758016 0.243061 -0.566144 -0.869275 -1.009047 0.659087 -0.087877 -0.726556 -0.495543 0.099448 -0.479356 -0.484894
-0.374229 -0.100333 -0.779044 -0.739694 0.243802 -0.502553 -0.483364 -0.051792 -0.699975 0.999347 0.268667 -0.500417 0.141690 0.109959 0.218643
-0.812408 1.588047 -0.264334 -0.452054 -0.271777 -0.741737 -0.581668 0.176321 0.637055 -0.542618 -0.134154 -0.127329 -0.384767 0.063230 0.344260
0.581572 0.936072 -2.027546 0.785622 0.592980 0.276913 0.857848 -0.928842 -0.267611 0.039477 -0.074107 0.661912 0.032683 -0.936228 0.646518
-1.006448 0.331425 -0.030841 0.188740 0.514043 -0.833902 0.320251 -1.351587 -0.054162 -1.098547 -0.828490 -0.995206 0.488606 -0.191409 -0.077056
0.617585 0.278347 -1.189188 -0.020988 -0.993311 0.804520 0.477982 -0.933029 -0.912987 -0.452853 -0.084000 -0.585790 0.553847 -0.550847 0.210101
-0.168688 0.571081 -0.595859 0.989520 -0.406754 -0.738815 0.048837 -0.802819 0.875825 -0.428886 0.247057 -0.323647 -0.363684 0.246735 0.052720
-0.351102 -0.682475 0.949590 0.133825 -0.456312 0.553815 -0.768242 -0.635747 0.793638 -0.921359 -0.484653 -0.984271 0.221532 -0.114974 -0.419001
-0.656776 0.390768 0.940854 -0.270991 -0.629063 0.562899 -0.126576 -0.770714 0.463708 0.618124 -0.473546 -0.063388 -0.552183 -0.192436 -0.902185
-0.910175 -0.257138 0.341430 -0.848344 -0.902084 -0.387125 0.037679 0.816085 -0.741504 -0.055596 -0.699861 0.445996 0.645251 0.340358 -0.396315
-0.322233 -0.942436 -0.001882 -0.510870 0.258440 -0.390425 0.243499 -0.723665 0.544650 0.571906 0.447287 -0.820740 0.363095 -0.394548 0.853770
0.530752 -0.454034 -0.577129 0.436650 -0.628571 -0.733815 -1.955758 0.064597 0.929612 0.812809 -0.796615 -0.345632 0.306398 0.566185 0.596358
-0.589674 -0.779282 -1.219140 -0.345305 0.818825 0.757896 -0.233129 0.033627 -0.826225 -0.186925 -0.451551 -0.293992 0.470481 -0.821311 0.013744
-0.487221 -0.961254 0.938773 0.920522 0.286332 -0.147751 1.376824 -0.609562 0.835011 -0.287703 -0.444995 0.766700 0.147769 -1.005468 -0.102381
0.629592 0.143061 0.512020 -0.245115 -0.891733 -0.511515 0.642531 0.460464 -0.097090 0.010139 -0.076156 0.261659 -0.202432 -0.363719 1.001713
-0.390271 0.142235 -1.540191 0.535534 0.151377 -0.378766 -0.764028 -0.937898 -0.674392 -0.649941 0.662306 1.033743 0.683644 0.694030 -0.545176
-0.919594 1.552315 -1.248087 -0.349535 -0.048582 -1.214492 -1.373773 -1.088287 -0.738085 0.762714 -0.348714 -0.676142 0.759804 0.024478 0.825174
-0.700887 1.320413 -0.476562 0.463732 -0.693877 -0.756704 -0.762810 -0.907384 0.157932 1.151558 -0.142262 0.044762 -0.148984 0.576330 -0.766106
0.522919 -0.826642 -0.345463 0.378426 -0.936574 -0.630195 0.031862 0.455936 -0.642837 0.346357 -0.124091 -0.162680 -0.850736 -0.583561 -0.364279
0.281849 0.802190 0.425649 -0.035500 -0.633077 0.283175 -0.327768 -0.709741 -0.839977 0.559028 -1.011308 -0.927545 0.034802 -0.108417 0.032392
-0.192280 -0.143952 -0.694796 -0.706581 0.687050 0.085605 -0.839598 -0.683874 0.034288 0.475062 -0.328377 0.098407 0.705997 -0.911260 0.277423
-0.933275 -0.676494 -0.727358 0.945708 -0.027425 0.151522 0.706534 0.887968 -0.596344 -0.276674 0.695627 -1.154932 -0.010110 0.697311 -0.626181
0.855827 0.932699 -0.155961 0.498917 0.655893 -0.901507 -0.232514 -0.257836 0.431818 0.141598 0.112099 0.548007 0.805156 -0.356310 0.486602
-0.841231 0.806567 -0.243374 0.800749 -0.032672 -0.070700 -0.848519 0.042898 -0.733837 0.689306 -0.897446 -0.118024 -0.847446 0.811817 0.321167
-0.164186 -0.917460 -0.145432 0.308527 -0.009937 0.672765 0.259577 -0.220878 0.764467 -0.460991 0.142801 -0.984033 0.845346 -0.284980 0.839390
-0.070451 -1.023513 1.701242 1.126402 0.634161 0.493045 1.732161 -0.624810 0.865225 -0.153297 -0.316046 -0.125498 0.310534 0.009591 -0.252657
-0.315906 -0.205466 0.911901 0.658188 0.323322 -0.433270 -0.067714 0.696000 0.934584 -0.191221 -0.937060 -0.249185 -0.258487 -0.945618 -0.186128
0.543172 -0.154073 0.422612 0.574627 -0.760597 -0.741498 0.441427 0.300363 0.350733 -0.222633 -0.141677 -1.020559 -0.177433 0.691853 -0.846274
-0.735604 -0.043963 -0.886271 0.876745 0.280320 -0.385228 0.296828 -0.511482 0.547117 -0.516758 0.171558 0.804571 0.306214 -0.069163 0.772447
0.297974 -0.108322 -0.237863 -0.595260 -1.023757 -0.701023 -0.677736 0.353067 0.194157 -0.912284 0.843694 -0.665723 0.267113 0.514594 -0.981208
0.736858 0.722319 -0.044313 -0.862278 0.147977 0.009174 0.383551 0.043357 0.866144 0.269184 -0.177539 0.022417 0.986941 -0.564600 0.020446
0.276965 -0.908366 -0.005970 0.145475 0.307042 0.296874 0.449211 -0.935274 0.873306 0.719012 -0.728641 -0.171099 0.886462 0.956049 0.079661
-0.184483 0.179706 -0.578180 -0.490307 -0.344379 0.440969 0.472042 0.540829 0.560381 -0.627105 -0.673351 0.833007 0.538308 0.280334 -0.524442
0.466134 0.443877 -0.764451 0.176967 0.276803 0.704935 -0.561824 0.942198 0.537080 -0.471014 0.117718 0.237972 -0.747438 -0.378003 -0.485558
0.889878 0.191170 -0.582782 0.354168 -0.412879 0.736336 0.224846 0.012104 0.112943 -0.142334 -0.336918 0.782987 -0.575738 -0.239587 -0.873476
-0.034165 -0.586078 0.604544 -0.813428 -0.142005 0.416431 1.058583 0.850819 -0.607465 -0.154558 0.342715 -0.849512 0.647533 -0.805661 0.866136
0.682264 -1.026806 0.525093 0.470040 -0.927669 -0.722773 0.417473 0.567017 -0.684850 0.494985 -0.000757 -0.439656 0.441078 0.492497 0.813458
-0.107754 -0.962631 1.793176 -0.317461 0.844056 0.487719 1.665623 0.379286 -0.848902 -0.372394 -0.612785 0.453111 0.668028 0.768671 -0.816675
-0.406311 -0.159937 0.445168 -0.062243 0.383988 -0.920361 -0.358370 0.496438 -0.771097 -0.247785 0.695742 -0.293096 0.745265 0.322717 -0.531852
-0.230874 0.072993 -0.769573 -0.287209 0.969342 0.358794 -0.003665 0.137748 0.771741 -1.254902 -0.040791 -0.569025 -0.026032 -0.856496 0.878489
-0.557227 -1.142902 -0.374121 0.179426 0.399993 -1.005948 -0.275317 -0.382957 -0.529189 0.219963 -0.650079 -0.820195 0.503483 -0.954024 -0.990238
-0.704096 0.153245 -0.031088 -0.620539 0.199515 -0.234900 -0.594103 0.608856 0.757402 0.597737 -0.396184 0.880512 0.465257 -0.723019 -0.574827
-0.512264 0.200444 0.003876 0.267974 -0.651675 -0.615276 -0.595440 -0.401307 0.457987 -0.148235 -0.436390 -0.610945 -0.327234 0.692284 -0.952048
-0.927708 -0.752134 -0.733051 -0.354779 -0.751504 0.680330 -1.189711 -0.137251 -0.182899 -0.789081 -0.477126 -0.443962 0.127224 0.344718 -0.942475
-0.908939 0.217755 -0.686508 -0.379759 0.857254 0.476690 0.790493 -0.509446 0.807163 -0.049794 0.390287 -0.139055 0.853941 -0.902560 -0.066474
0.100961 -0.973292 -0.411474 0.152478 -0.400593 0.333248 -0.283855 0.714266 -0.410330 -0.507393 -0.839151 -0.366883 0.691975 0.496821 -0.333163
0.328006 0.582933 0.867843 0.401559 -0.141931 -0.074041 -0.615386 0.273717 0.531344 -0.174665 -0.184488 -1.039704 -0.218069 -0.890510 0.810778
-0.715771 -0.985354 0.840808 -0.476591 -0.840733 0.787525 -0.155614 0.219128 0.241969 0.019254 -0.054862 -0.759012 0.228895 0.745051 -0.176712
0.305900 -0.212686 1.819258 -0.118691 -0.723103 0.757977 0.360086 -0.165713 -0.630332 -0.902827 -0.259757 0.075606 0.492641 -0.174004 0.456080
-0.479722 0.117423 1.010987 -0.510034 0.730289 0.069197 0.651164 -0.729619 0.126614 0.339389 -0.395972 0.821815 -0.633552 -0.461014 -0.415831
0.662221 0.542063 -0.417832 -1.032771 0.581887 0.290970 0.139198 -1.090271 0.768149 -0.555133 0.510765 0.446651 0.312605 0.936925 -0.776955
-0.822586 -0.225947 -0.706654 -0.303271 -0.821350 -0.130408 0.677072 -0.563777 -0.469841 -0.985956 -0.341987 -0.631637 0.592055 -0.704989 0.169167
-0.357927 -0.322798 -1.105940 -0.637613 0.641781 -0.449725 0.450900 0.676946 0.341629 -0.883502 0.070066 1.034211 0.016617 0.320632 0.400248
-0.190834 0.256171 0.231537 -0.260736 0.703741 -0.785189 0.452403 0.483640 -0.337328 -0.481600 0.791544 0.216810 0.387893 -0.787419 -0.856023
-0.172254 -0.697133 0.707280 -0.171148 0.033178 -0.709676 -1.030366 -0.093421 0.088329 0.628846 -0.905911 0.366040 -0.413194 0.737980 -0.029727
-0.906930 -0.728477 -0.595401 0.114188 0.679184 -0.145668 -0.195217 -0.892116 -0.453325 0.376115 -0.440492 -0.126745 1.127090 0.231486 0.717543
-0.445332 -0.688180 0.554135 -0.727465 -0.026191 -0.621039 -0.102608 0.636215 0.301951 0.212522 -0.470786 0.015353 0.163616 0.495972 0.089495
-0.747577 0.507413 1.029003 0.493246 -0.930805 0.726642 1.108349 -0.873158 -0.081922 -0.589215 -0.380125 0.155724 0.794757 0.264178 0.110324
0.016752 -0.649043 -0.529463 -0.892068 -0.715914 0.683207 -0.353025 0.721042 0.186368 -0.973043 -0.886542 0.569574 -0.320220 0.644422 -0.808768
0.273951 -1.078347 -0.289827 0.817576 -0.702791 -0.446844 -0.832256 -0.082197 -0.321544 -0.050007 -0.197970 -0.357555 -0.033525 0.604952 -0.254622
0.548670 0.514886 0.394686 0.709057 0.395982 0.379311 0.674149 -0.730323 0.143501 -0.457150 -0.803736 0.692543 0.122028 0.385525 -0.879135
0.412475 -0.209320 0.779040 0.813507 0.773080 0.314691 1.424270 -0.835147 -0.942214 0.659885 -0.488428 -0.737597 0.047548 -0.231397 0.232134
-0.747196 0.251654 -0.050865 -0.128574 -0.393997 -0.837407 -1.135039 -1.275299 -0.831398 0.141147 0.632419 1.093291 0.396690 -0.688581 -0.766665
-0.634309 0.793549 -1.182162 0.623350 -0.603038 -0.055698 0.336560 0.063895 0.200910 -0.538673 0.047275 0.864859 0.032434 -0.995008 0.543845
0.959017 -0.478498 -0.169020 0.062751 -0.544112 -0.139996 0.158944 -0.495854 -0.088003 0.158781 -0.970766 0.517067 0.822544 0.399868 0.404109
-0.192632 -0.516035 -1.173949 0.382945 -0.239874 -0.966131 -0.775743 -0.154955 -0.165163 -0.440984 -0.931360 -0.023079 0.250402 -0.260104 -0.944499
0.295762 0.195420 0.062751 -0.475668 0.880584 0.393943 -0.100427 -0.735706 -0.133005 -0.308068 0.062283 -0.139662 1.095747 0.111031 0.892560
0.045433 0.360246 0.864332 0.365035 -0.228056 0.000635 -1.001104 -0.147636 -0.814214 -0.968846 0.293130 -0.527748 1.007853 0.212943 0.752081
-0.535481 0.571798 0.257488 0.511439 -0.274783 -0.614899 0.049534 -0.865055 -0.664962 -0.556841 -0.393774 -0.226150 -0.842296 -0.856571 0.711848
0.416935 -1.343141 0.348482 -0.767223 -0.003678 1.091749 1.254466 0.768070 -0.393234 0.384368 -0.242277 0.599676 0.375526 -0.515506 -0.546190
-0.462534 -0.664983 0.680157 -1.012474 0.818550 0.866484 0.416981 -0.498475 0.903383 -0.197547 0.606026 -0.111897 0.271820 -0.541156 -0.659773
0.397128 -0.271567 -0.581373 0.494929 0.266932 -0.507670 -1.202613 0.511679 0.080246 0.856311 -0.483787 0.176096 0.514591 0.728696 0.426068
-0.977686 0.294149 -0.116403 0.685121 -0.933114 0.602678 0.297040 0.283249 -0.368646 -0.280136 -0.636713 0.084172 1.056559 0.483296 0.935695
-0.359030 -0.352053 0.302745 -0.784783 0.018485 0.677150 -1.201315 -0.195715 1.016670 0.865843 -0.121747 0.301976 0.893705 -0.287746 -0.685623
-0.735574 -0.466083 0.774612 -0.859058 0.503463 -0.660264 -0.540553 0.547416 0.386481 0.410710 -0.112735 -0.051369 -0.898626 0.132525 0.114658
0.665835 0.153835 -0.675069 -0.301868 -1.023263 -0.699864 0.080479 -0.155495 -0.540463 0.371489 -0.399781 0.737968 0.405712 0.735677 -0.926676
-0.967243 -0.444267 0.343066 -0.800991 0.450468 0.131140 0.814185 0.064092 0.919714 -0.932644 -0.466354 1.019839 -0.559636 0.378524 0.690754
-0.046363 -0.143791 -0.027489 0.896250 -0.606874 0.853307 0.101025 -0.351575 0.793464 0.712593 0.434358 0.441091 -0.587988 -0.004049 0.531429
-0.186437 0.368993 0.305956 0.730912 -0.540062 -0.678733 -0.758698 0.977654 0.509383 0.346690 -0.038712 -0.681119 -0.594176 0.697597 -0.065302
0.695222 0.417989 -0.270431 0.495743 -0.617879 0.516164 -0.080661 0.094899 -0.547803 0.218438 -0.625556 0.430414 0.681018 0.507251 0.786018
-0.164327 0.464304 -0.549224 -0.800896 0.785506 0.089705 -0.176413 -0.647568 0.111340 -0.162018 -0.284513 0.449713 0.274245 0.921853 0.106862
-0.620129 0.654416 0.907442 0.598663 0.027564 0.537133 0.023361 -0.264619 0.064954 -0.640515 0.276160 -0.622002 0.751490 -0.116158 0.822866
0.181095 -0.524303 -0.625453 0.786262 -0.385631 -0.396040 0.499437 -0.617892 -0.945775 -0.565928 0.466897 -0.004241 0.344895 -0.703517 -0.273227
0.261363 -0.742487 0.795065 0.970847 -0.360628 -1.036087 -1.215619 0.144570 -0.423673 1.267814 -0.345141 -0.108219 -0.193027 -0.496464 -0.093112
0.258155 0.058406 0.014286 0.334262 -0.654496 -0.507691 -1.181856 -0.116972 -0.261700 0.391960 -0.869697 0.152805 0.314756 0.931061 -0.699397
-0.213669 -0.130499 -0.696214 0.329078 0.822020 0.377735 0.472698 -0.351826 0.705871 0.653210 0.286019 -0.141259 0.733150 0.695222 -0.689737
-0.450678 0.563806 -0.253480 -0.410786 0.440809 0.601435 -0.340709 0.409665 -0.425170 0.198534 0.215647 0.162436 -0.012192 0.905345 -0.539406
-0.481681 0.493576 1.016236 0.435611 0.285071 0.063295 0.517035 -0.379464 0.264194 0.837619 -0.510401 0.662032 -0.565396 0.075863 -0.553707
-0.855166 -0.921675 0.340276 0.269989 -0.515395 -0.494081 0.990080 -0.012518 0.838829 -0.182414 0.052826 -0.245251 0.942022 0.740464 -0.632058
-0.929121 -0.076384 0.522231 -0.479302 0.847538 -0.029362 0.513952 -1.001691 0.607935 -0.254280 -0.291026 -0.219273 0.406960 0.163988 -0.074103
0.743443 0.097963 0.185558 -0.894503 0.116319 0.068552 -1.243773 -0.308919 0.665586 -0.787872 -0.879947 -0.475559 -0.746456 -0.782085 0.492999
0.731069 0.848349 -0.071971 -0.895535 -0.683660 0.356420 0.582020 0.427523 1.009485 -0.003019 0.006763 0.519256 -0.122935 -0.665245 0.689778

Bias v0 (Oculta):
-0.554733
-0.350518
-0.777670
0.742158
-0.355548
-0.788060
-0.729647
0.777450
-0.450758
-0.913496
0.801737
0.651621
-0.375725
0.864299
-0.975668

Pesos w (Oculta -> Saída):
0.262442 0.034808
2.694591 -2.762303
-3.293822 3.253343
-0.733293 0.618713
-0.020018 -0.021194
-1.197514 1.209018
-3.040600 3.141634
1.583841 -1.667723
-0.348189 0.352237
1.867870 -1.752851
0.530707 -0.569547
1.215846 -1.318902
1.298788 -1.283643
-0.164453 0.138287
-0.058361 -0.071769

Bias w0 (Saída):
1.771065
-1.678706
