Pesos v (Entrada -> Oculta):
0.650893 0.840264 0.702787 0.698798 0.962960 0.271675 -0.470854 0.569216 0.557029 0.833683 -0.106334 -0.456001 -0.652746 0.256516 -0.841545
0.425335 0.064043 -0.899535 -0.330449 -0.752484 0.118106 0.141913 -0.103333 -0.325022 0.689340 0.115119 -0.256747 0.944655 0.371630 -0.484917
-0.328664 0.629437 -0.743056 0.376755 -0.875745 0.107059 0.311114 0.598446 -0.428139 -0.135778 0.249709 -0.033303 -0.465354 -0.472937 -0.940963
-0.405192 0.433455 0.200299 -0.140944 0.549010 -0.158853 -0.399202 -0.997087 0.513683 0.208084 0.688349 0.581263 -0.640937 0.800067 -0.817327
-0.676024 0.016987 -0.695398 -0.760013 0.744968 -0.369812 0.166678 0.476443 0.883258 0.643803 0.758998 -0.940007 0.864216 0.197605 0.713661
0.726895 0.306561 -0.172016 0.731278 -0.389549 -0.988304 -0.513066 -0.396131 0.341718 0.138767 0.962488 0.202572 0.838008 -0.169951 0.450927
-0.950164 0.525564 -0.379523 -0.433087 -0.677251 -0.733703 -0.848077 0.373296 -0.420495 -0.518904 0.899930 0.932138 0.338332 0.148133 0.299832
-0.186308 -0.688772 0.918273 0.989850 0.131340 0.291509 0.501664 -0.040441 -0.109779 0.381092 -0.431295 -0.546277 -0.436261 -0.193974 -0.980856
-0.179564 -0.287114 0.051835 0.702412 -0.821275 -0.971341 -0.715568 -0.522122 0.424801 -0.424885 -0.806865 0.856368 -0.115218 0.636692 0.555922
-0.998964 0.208877 0.845167 -0.862711 -0.079762 0.959637 -0.908671 -0.711443 -0.081078 0.483863 -0.901934 0.466732 0.865388 -0.155134 -0.678545
-0.762310 -0.819682 0.399397 0.854763 0.125058 -0.579847 0.060446 0.028619 0.828870 -0.228611 -0.054234 -0.569457 -0.646429 -0.111101 0.197556
0.999109 -0.774212 -0.239434 -0.270669 0.517469 0.883263 0.529916 0.094582 0.373409 -0.917046 -0.956371 -0.664073 0.045534 -0.958844 0.288464
0.202546 -0.817443 -0.969190 0.611037 -0.037447 0.738821 0.144880 -0.322668 0.103613 0.974880 -0.118933 0.500422 -0.992916 -0.793095 0.714994
-0.959920 -0.087535 -0.788353 -0.171436 0.836832 0.815178 -0.543385 0.566740 -0.431896 -0.676808 0.306302 0.553843 0.216916 0.132200 0.334863
0.169350 -0.341532 0.691844 -0.099668 -0.832200 -0.447099 0.461774 -0.153525 0.651984 0.559957 -0.433568 0.368553 0.658557 -0.176422 -0.464046
0.900629 -0.581950 0.266667 0.688060 -0.330788 -0.105470 -0.288366 0.999435 0.073782 0.238060 0.629017 -0.275028 -0.776707 -0.565116 -0.726406
0.196198 0.600080 -0.258486 -0.240177 0.863794 0.949134 0.650538 0.623663 -0.442197 -0.732130 0.583773 -0.821458 0.142449 -0.126186 0.970378
-0.813226 0.764726 -0.920336 0.519476 0.103612 0.796824 -0.927677 0.993685 -0.328318 0.449587 0.221039 0.923483 0.687516 -0.862189 0.779248
0.147567 0.141232 0.815856 -0.400575 0.264694 0.516398 0.946854 -0.758644 -0.287061 0.771632 -0.268465 -0.848293 0.755875 -0.564322 -0.036695
0.960712 -0.752528 -0.327283 -0.270679 -0.101156 0.108857 -0.199144 0.301521 -0.141236 0.799017 0.630576 0.331848 -0.622722 -0.332638 -0.735130
-0.371883 0.458615 0.644985 0.817463 0.070754 -0.224130 0.454208 0.490424 -0.235595 -0.182730 0.959923 0.630739 0.080581 -0.418146 -0.647046
0.478020 -0.553750 0.543914 0.969645 -0.021463 0.207962 -0.602042 -0.939302 -0.342294 -0.390297 0.421034 -0.881400 0.718383 0.927290 0.459755
-0.500813 0.862556 -0.864547 0.942908 -0.379429 -0.305414 -0.177133 0.717578 -0.327207 -0.967797 0.220733 0.354396 -0.335872 0.653489 -0.947676
0.956525 -0.812875 -0.511179 -0.331540 -0.587533 -0.829089 0.369525 -0.067456 0.195950 -0.856042 -0.963922 0.850699 0.256568 0.552650 0.533278
0.319236 0.747453 0.988484 -0.502037 -0.057884 0.328632 -0.299284 0.533507 0.673775 0.482289 -0.337005 -0.392970 -0.072676 -0.043224 -0.603067
-0.852205 0.994893 0.693040 -0.874152 0.230919 0.644927 0.435018 0.524708 0.233275 -0.041538 -0.549968 -0.230621 0.012643 0.211245 -0.786666
0.338001 -0.216312 -0.186635 0.189938 0.605096 0.742580 0.708449 0.405772 -0.536129 -0.902329 -0.146644 0.398410 -0.201577 -0.447751 -0.058443
0.993322 0.340907 0.124126 -0.567476 0.923103 -0.809232 -0.101221 0.347924 0.358364 0.439009 0.606587 0.126968 -0.483847 -0.671561 -0.604219
-0.146344 0.649807 0.678538 0.697931 0.197428 -0.716468 -0.657755 -0.655653 0.651057 -0.104058 -0.736049 -0.419859 0.032980 -0.525762 -0.458301
-0.367739 -0.372893 -0.304621 -0.656535 0.229448 -0.695259 -0.335591 -0.123091 -0.738581 0.919891 0.280466 -0.744473 0.242028 0.145871 0.215587
-0.781770 0.939400 0.164832 -0.233073 -0.264707 -0.605687 0.120457 0.125882 0.618197 -0.699237 -0.101291 -0.446461 -0.357532 0.124341 0.342666
0.625123 0.160144 -0.826741 0.968347 0.604443 0.506647 0.843269 -0.789829 -0.289072 0.135870 -0.105728 0.423593 -0.346462 -0.939195 0.645245
-0.992481 0.020703 0.347453 0.040469 0.571388 -0.689646 0.814308 -0.962915 -0.088571 -0.954313 -0.895741 -0.987054 0.253026 -0.290341 -0.059387
0.622119 -0.433525 -0.473698 0.058993 -0.939159 0.968802 0.071748 -0.641815 -0.875282 -0.458700 -0.063054 -0.790297 0.283127 -0.565713 0.258448
-0.182498 0.809052 -0.982168 0.855671 -0.380161 -0.874877 -0.466849 -0.770365 0.826707 -0.375970 0.331964 -0.059228 -0.316827 0.270764 0.063625
-0.309505 -0.623612 0.657932 0.115287 -0.424800 0.704094 -0.577117 -0.654459 0.749413 -0.906916 -0.438107 -0.968395 0.096675 -0.082768 -0.387944
-0.643491 0.493644 0.605518 -0.317655 -0.600049 0.691331 -0.046950 -0.793503 0.415491 0.621028 -0.391540 -0.021400 -0.690846 -0.158327 -0.872297
-0.917276 0.092534 0.154669 -0.928357 -0.883356 -0.463102 -0.064315 0.853808 -0.787285 -0.031167 -0.599017 0.703086 0.655731 0.365091 -0.389070
-0.313876 -0.888048 -0.150741 -0.465853 0.271604 -0.399600 0.295925 -0.704304 0.554864 0.915259 0.451613 -0.662808 0.322505 -0.394642 0.880905
0.520704 -0.937710 0.645444 0.375589 -0.657217 -0.877285 -0.941035 0.220400 0.968409 0.949232 -0.857266 -0.342361 0.138009 0.530308 0.587830
-0.601684 -0.493088 -0.240195 -0.489650 0.771574 0.538504 -0.763790 0.462708 -0.831530 0.015033 -0.463419 -0.324988 0.568324 -0.806704 0.011644
-0.480268 -0.259197 0.151570 0.796363 0.278659 -0.198246 0.749120 -0.644200 0.847151 -0.274724 -0.420888 0.986802 0.180526 -0.912416 -0.115658
0.623504 0.229818 -0.616926 -0.298321 -0.881406 -0.449096 0.874427 0.424430 -0.114441 0.304311 0.001112 0.328667 -0.029858 -0.283643 0.973692
-0.381335 -0.833776 -0.125883 0.777463 0.142239 -0.200411 -0.868877 -0.832691 -0.690858 -0.353393 0.706876 0.779103 0.720358 0.706138 -0.543191
-0.926812 0.999273 -0.654060 -0.285277 0.001463 -0.982119 -0.292098 -0.999824 -0.764880 0.990905 -0.395341 -0.760874 0.386100 0.023576 0.854268
-0.695160 0.859208 0.270227 0.528367 -0.646317 -0.645507 -0.403223 -0.886699 0.173012 0.984444 -0.112016 -0.154868 -0.330698 0.577422 -0.726599
0.506988 -0.625926 -0.657616 0.295179 -0.903362 -0.581092 -0.144584 0.491268 -0.686672 0.354127 -0.045755 -0.110324 -0.823592 -0.558144 -0.344954
0.327726 0.857244 0.400346 -0.049707 -0.597617 0.481702 0.066213 -0.728462 -0.878236 0.559217 -0.997984 -0.946633 -0.137401 -0.077632 0.066955
-0.159767 -0.058285 -0.972533 -0.742806 0.721386 0.224956 -0.704906 -0.715571 -0.014734 0.477783 -0.247173 0.126677 0.560807 -0.879859 0.311387
-0.953895 -0.586783 -0.856026 0.926998 -0.002603 0.141190 0.837994 0.897787 -0.643005 -0.480781 0.795401 -0.970151 -0.027757 0.712389 -0.607265
0.878760 0.899892 -0.287073 0.539351 0.688372 -0.817063 -0.121408 -0.396771 0.438166 0.510834 0.089418 0.618588 0.721115 -0.356782 0.518035
-0.850958 0.601706 0.641956 0.827468 -0.076047 -0.411208 -0.184771 0.130595 -0.757815 0.680448 -0.902012 -0.100792 -0.937846 0.810625 0.312220
-0.197066 -0.445953 0.058593 0.181361 -0.063811 -0.054024 0.006115 0.035800 0.743287 -0.103002 0.178463 -0.818395 0.845895 -0.245333 0.781587
-0.052171 0.048736 0.259547 0.752990 0.596711 0.173418 0.843356 -0.182147 0.862136 0.000535 -0.258079 -0.094327 0.137767 0.091884 -0.301272
-0.326730 0.058955 -0.297496 0.802927 0.308573 -0.375779 0.383699 0.861832 0.893985 0.157781 -0.837557 -0.324184 -0.278014 -0.874307 -0.241327
0.554840 -0.305055 0.317008 0.750630 -0.781354 -0.754836 0.344315 0.717927 0.321933 0.313191 -0.133729 -0.914759 -0.288140 0.705587 -0.881664
-0.724903 -0.211037 -0.220276 0.847405 0.313860 -0.254243 0.647209 -0.768499 0.550935 -0.509201 0.147489 0.692214 -0.172761 -0.052908 0.800417
0.288903 -0.492330 0.554437 -0.557611 -0.983071 -0.559695 -0.877972 0.335395 0.214919 -0.965225 0.894246 -0.790126 0.168519 0.526871 -0.963062
0.746901 0.799362 -0.327514 -0.877049 0.184490 0.114144 0.427788 0.054873 0.818854 0.279107 -0.105523 0.009275 0.961621 -0.544361 0.044266
0.322895 -0.858906 -0.006678 0.131424 0.342575 0.499017 0.844307 -0.958187 0.834845 0.711750 -0.718190 -0.190392 0.701686 0.986179 0.115291
-0.141690 0.322808 -0.820375 -0.520706 -0.311312 0.580359 0.639674 0.536271 0.512931 -0.624439 -0.597169 0.875620 0.427341 0.312933 -0.490268
0.445256 0.486125 -0.671423 0.209974 0.301290 0.849108 -0.501224 0.964459 0.506934 -0.691184 0.215572 0.379836 -0.808460 -0.367215 -0.459881
0.925235 0.142598 -0.266248 0.401102 -0.382685 0.733759 0.550106 -0.305973 0.116465 0.148941 -0.381878 0.782643 -0.682160 -0.292934 -0.847354
-0.022458 -0.029664 0.407730 -0.843671 -0.185643 0.247046 0.947295 0.948856 -0.604623 -0.098842 0.354077 -0.712727 0.662679 -0.825528 0.857901
0.646259 -0.446498 -0.631001 0.198146 -0.951203 -0.838501 0.273435 0.614667 -0.673278 0.653565 0.007615 0.162633 0.488368 0.519429 0.755637
-0.100103 -0.050237 0.785908 -0.590452 0.856007 0.412731 -0.471476 0.684070 -0.811789 0.031298 -0.631812 0.851993 0.397959 0.836877 -0.867620
-0.418927 -0.349235 0.615029 -0.062224 0.371687 -0.665146 -0.604624 0.724055 -0.734006 0.045995 0.739942 -0.150324 0.730587 0.320696 -0.564320
-0.223508 0.395039 -0.943695 -0.378504 0.948171 0.040812 -0.135414 -0.129348 0.814557 -0.884183 -0.054957 -0.414032 -0.007630 -0.924676 0.897380
-0.511791 -0.614635 0.542467 0.119868 0.431893 -0.910929 -0.067400 -0.517990 -0.509601 0.567024 -0.642606 -0.779730 0.467933 -0.933837 -0.927568
-0.716618 0.095388 0.253832 -0.662491 0.231820 -0.096483 -0.890703 0.613264 0.740828 0.692916 -0.352304 0.847774 0.493007 -0.725672 -0.551166
-0.500342 0.163879 0.013575 0.270205 -0.611868 -0.438744 -0.334177 -0.401007 0.418388 -0.183460 -0.408639 -0.720707 -0.427716 0.711585 -0.915431
-0.881777 -0.702676 -0.722290 -0.366037 -0.715830 0.882878 -0.786938 -0.169063 -0.222164 -0.796353 -0.467357 -0.465916 -0.059835 0.374253 -0.906815
-0.865755 0.342904 -0.940934 -0.409493 0.884524 0.628632 0.912531 -0.513254 0.763096 -0.042719 0.459036 -0.096246 0.775137 -0.870099 -0.032420
0.078145 -0.797426 -0.367691 0.166085 -0.378402 0.336713 -0.511487 0.705607 -0.439207 -0.709747 -0.747520 -0.246476 0.600055 0.518518 -0.298582
0.362851 0.528974 0.581734 0.427001 -0.114511 -0.145843 -0.806801 0.031984 0.535529 0.053507 -0.181667 -0.986048 -0.312440 -0.940711 0.839386
-0.709346 -0.461255 -0.081746 -0.502716 -0.882780 0.365286 -0.758977 0.163468 0.234626 0.024376 -0.057929 -0.449826 0.498837 0.713113 -0.196612
0.277041 0.560560 0.828923 -0.356827 -0.766775 0.296561 0.048268 -0.170759 -0.652384 -0.869466 -0.268575 0.345408 0.881033 -0.124314 0.429805
-0.462786 -0.097613 0.777827 -0.520520 0.735676 -0.039604 0.790504 -0.943679 0.108527 -0.093139 -0.372289 0.761616 -0.612603 -0.348453 -0.433720
0.653041 0.528824 -0.762278 -0.910464 0.571225 0.400184 0.372392 -0.936753 0.807436 -0.660202 0.609812 0.381461 0.501050 0.985129 -0.789187
-0.825127 -0.171599 -0.809689 -0.240000 -0.838801 -0.194202 0.970248 -0.653342 -0.419716 -0.826535 -0.325319 -0.999839 0.474194 -0.709148 0.193174
-0.343277 0.128626 -0.680471 -0.531867 0.653731 -0.273075 0.393805 0.849167 0.338817 -0.510752 0.040300 0.917893 -0.150535 0.306550 0.468105
-0.191919 -0.146914 0.709564 -0.196043 0.725111 -0.533873 0.495092 0.540061 -0.341754 -0.454340 0.825360 -0.080824 0.241381 -0.801756 -0.807381
-0.152384 -0.603354 0.618082 -0.199356 0.071454 -0.551292 -0.794991 -0.097053 0.049652 0.628208 -0.883774 0.330253 -0.538613 0.765936 0.000926
-0.860998 -0.679019 -0.584640 0.102930 0.714858 0.056880 0.207556 -0.923927 -0.492590 0.368843 -0.430723 -0.148699 0.940030 0.261021 0.753203
-0.402148 -0.563030 0.299709 -0.757200 0.001080 -0.469097 0.019430 0.632407 0.257884 0.219597 -0.402037 0.058162 0.084812 0.528434 0.123549
-0.763475 0.663008 0.987175 0.476878 -0.918280 0.759605 0.876033 -0.789448 -0.099079 -0.600545 -0.285096 0.184268 0.755017 0.305447 0.132776
0.017594 -0.724480 -0.846595 -0.872013 -0.697115 0.480879 -0.607879 0.593094 0.212494 -0.783804 -0.862914 0.776560 -0.423662 0.588668 -0.772734
0.310142 -0.688829 -0.642153 0.952739 -0.702189 -0.624916 -0.318396 -0.324132 -0.325927 -0.434986 -0.258650 -0.392693 0.035004 0.563565 -0.257230
0.543734 0.466996 0.881943 0.686971 0.382332 0.184021 0.689828 -0.396557 0.100159 -0.510736 -0.824237 0.672700 0.441305 0.461643 -0.885258
0.428822 -0.052501 0.418997 0.692650 0.783298 0.402843 0.927097 -0.683762 -0.981673 0.739960 -0.446151 -0.727438 0.212693 -0.138139 0.218329
-0.744923 -0.219202 -0.350233 0.034180 -0.375153 -0.780177 -0.974718 -0.898677 -0.843309 0.360551 0.697635 0.985135 0.437647 -0.643717 -0.761556
-0.606444 0.510042 -0.237316 0.893426 -0.596546 0.186574 0.942926 0.163298 0.237510 -0.288387 0.106975 0.427410 -0.280358 -0.994946 0.577366
0.963103 -0.457250 0.172265 -0.083773 -0.528547 -0.087575 -0.571608 -0.202463 -0.070109 0.705082 -0.988452 0.310020 0.645016 0.368637 0.455781
-0.184786 -0.847359 -0.487354 0.519266 -0.223398 -0.776555 -0.785791 -0.127948 -0.158665 -0.586525 -0.961372 -0.456746 0.108951 -0.263934 -0.903631
0.316237 0.314050 -0.063857 -0.521127 0.909556 0.553330 0.141217 -0.731724 -0.167871 -0.309908 0.082890 -0.144883 0.970003 0.141978 0.921493
0.091364 0.409704 0.875093 0.353776 -0.192381 0.203183 -0.598331 -0.179447 -0.853479 -0.976118 0.302899 -0.549702 0.820794 0.242478 0.787741
-0.497886 0.749009 -0.106942 0.476269 -0.259068 -0.558079 0.171901 -0.855069 -0.704824 -0.473329 -0.311223 -0.166335 -0.910769 -0.822062 0.746023
0.404211 -0.700033 -0.837919 -0.950601 -0.012165 0.719958 0.604723 0.994317 -0.405146 0.607376 -0.142744 0.711164 0.289207 -0.451420 -0.539655
-0.465692 -0.834154 0.933537 -0.952085 0.801123 0.608077 0.128386 -0.628604 0.924325 -0.010774 0.682390 0.165874 0.199068 -0.560302 -0.665262
0.444784 -0.459808 -0.629531 0.570374 0.296573 -0.851347 -0.846559 0.311321 0.077543 0.454658 -0.544076 0.238174 0.453480 0.679468 0.466028
-0.945250 -0.081260 0.413116 0.807775 -0.916238 0.431030 0.174346 0.371575 -0.405967 -0.583563 -0.720568 -0.274849 0.987943 0.487869 0.962957
-0.351059 -0.868716 0.304121 -0.723644 0.042549 0.884780 -0.612428 -0.293551 0.984099 0.782241 -0.146823 0.071231 0.872926 -0.279483 -0.684310
-0.724207 -0.829766 -0.369644 -0.852088 0.529315 -0.811478 -0.259227 0.574159 0.360137 0.548735 -0.115509 -0.045356 -0.914384 0.098654 0.131894
0.708921 -0.236014 -0.559017 -0.211165 -0.993596 -0.695236 0.374271 -0.219394 -0.545129 0.773663 -0.435050 0.241998 0.095721 0.711133 -0.872012
-0.976377 -0.582113 0.496949 -0.693836 0.452341 0.204858 0.301868 0.352765 0.955531 -0.911629 -0.475281 0.721387 -0.760429 0.378067 0.690510
-0.040963 0.591136 -0.336347 0.821275 -0.610670 0.742010 -0.597604 -0.293174 0.798361 0.721462 0.482637 0.251553 -0.591816 0.023800 0.536543
-0.166239 0.510793 0.070861 0.712704 -0.521255 -0.615836 -0.515969 0.972970 0.470068 0.358675 -0.006045 -0.726062 -0.725972 0.727484 -0.036199
0.734153 0.473864 -0.259714 0.480464 -0.584376 0.715000 0.320605 0.063393 -0.587039 0.208138 -0.615122 0.414261 0.494996 0.536932 0.821678
-0.124141 0.607598 -0.885240 -0.835655 0.806007 0.208214 -0.260311 -0.556342 0.071130 -0.150274 -0.222178 0.510883 0.258967 0.964361 0.134566
-0.635412 0.544697 0.909344 0.647112 0.026202 0.615980 -0.395830 -0.108254 0.057633 -0.613202 0.342938 -0.537464 0.771332 -0.053106 0.814281
0.163839 -0.834563 -0.637924 0.673866 -0.418148 -0.353418 0.583707 -0.751616 -0.923612 -0.769318 0.474890 -0.228838 0.232184 -0.710887 -0.313652
0.297470 -0.812314 0.770826 0.800017 -0.350719 -0.997165 -0.187482 -0.403244 -0.436500 0.943178 -0.363819 -0.171581 -0.310729 -0.530537 -0.098829
0.299816 -0.104683 0.183768 0.284487 -0.610881 -0.417898 -0.690180 -0.373416 -0.303578 0.166211 -0.978488 0.176084 0.371179 0.873692 -0.661508
-0.195877 0.013745 -0.572144 0.262212 0.869350 0.332075 0.556313 -0.317205 0.669365 0.552926 0.165697 -0.323996 0.771683 0.616382 -0.673581
-0.443133 0.354722 -0.695129 -0.311159 0.492828 0.048872 -0.838301 0.367663 -0.464512 -0.025305 0.116679 0.081610 -0.014012 0.817741 -0.510095
-0.458420 0.427562 0.846062 0.643677 0.318547 -0.089458 0.549887 -0.449747 0.226299 0.510674 -0.525151 0.579576 -0.682616 0.041631 -0.566088
-0.855963 -0.571472 -0.023230 0.215868 -0.545124 -0.383505 0.117281 0.392416 0.857232 -0.404929 0.114446 -0.322737 0.924912 0.794859 -0.698021
-0.931828 -0.105759 0.419316 -0.471008 0.837742 -0.017556 0.452670 -0.911258 0.615657 -0.420206 -0.255545 -0.200204 0.309496 0.200564 -0.083633
0.765711 0.112366 0.274457 -0.887136 0.153115 0.234126 -0.964826 -0.440723 0.646477 -0.889629 -0.850997 -0.580254 -0.883144 -0.746522 0.520945
0.777001 0.897807 -0.061209 -0.906793 -0.647985 0.558967 0.984792 0.395711 0.970220 -0.010291 0.016532 0.497302 -0.309995 -0.635710 0.725438

Bias v0 (Oculta):
-0.508801
-0.301060
-0.766908
0.730899
-0.319873
-0.585513
-0.326874
0.745638
-0.490022
-0.920768
0.811506
0.629667
-0.562784
0.893834
-0.940008

Pesos w (Oculta -> Saída):
-0.289570 0.741837
-0.578904 -0.990846
-0.678047 0.475942
-0.837465 -0.392001
-0.540190 0.107823
-0.255195 -0.232374
-0.572000 0.733810
0.219357 -0.835038
0.462147 0.239305
-0.640326 0.595547
0.461969 -0.539079
-0.392918 -0.825740
0.701551 -0.849057
-0.463418 -0.524822
-0.560359 -0.155915

Bias w0 (Saída):
0.741631
-0.782014
