Pesos v (Entrada -> Oculta):
-0.391106 -0.331076 -0.539480 -0.604198 -0.494961 0.784940 -0.663890 0.303899 -0.725950 -0.203161 0.399256 -0.106076 0.454221 -0.618521 -0.473431 -0.997427 -0.866465 -0.599603 -0.596125 0.835866 -1.028456 -0.424786 -0.607704 0.577008 0.233772 -0.642078 0.523371 0.200816 -0.456795 -0.373262
-0.611893 -0.405455 0.730388 0.589972 -0.195695 -0.897801 0.535662 -0.108681 0.659775 -0.077094 -0.783272 0.099951 0.592767 -0.678949 -0.363068 -0.116254 0.239271 -0.388967 -0.549833 0.560841 -0.196122 0.756737 0.667694 -0.618478 -0.771667 0.632661 -0.080187 0.134327 0.376082 0.084586
-0.432625 -0.211060 0.037944 0.522218 -0.113090 0.230795 -0.135579 0.474375 0.438247 -0.779482 0.346517 -0.938529 0.710240 0.601722 0.859248 0.847644 -0.773223 -0.316525 0.020654 0.581556 -0.646919 -0.772317 -0.663345 0.202974 -0.429702 0.615581 0.387508 -0.683300 -1.062925 -0.411288
0.788851 -0.100910 -0.686400 -0.175373 -0.417003 -0.467619 -0.393753 -0.043127 -0.423437 0.531779 0.631469 0.343464 0.649041 -0.925089 0.751891 1.041172 -0.583872 0.360551 0.158692 -0.398636 -0.588701 -0.411739 0.863635 0.752064 -0.396061 0.712428 0.227967 0.947668 -0.451760 0.495142
-0.065641 1.056057 0.111706 0.547142 -0.193550 -0.650891 0.377283 -0.806265 0.191756 0.432639 -0.794421 0.333336 0.808080 0.320639 -0.803245 0.684531 -0.070630 0.213449 0.314761 0.827318 0.103911 -0.166524 0.789199 -0.891268 -0.093820 -0.490415 0.053742 -0.547749 -0.374270 -0.372255
0.968756 0.576236 0.047395 0.676489 0.593838 0.446617 -0.674267 0.007137 -0.143660 -1.017467 0.213555 -0.482328 0.243327 -1.046518 0.408543 -0.746697 0.856224 -0.058388 0.658079 -0.881267 0.734570 0.979347 -0.404747 -0.656083 0.194741 0.683641 -0.401066 0.671617 -0.520583 -0.416711
-0.877088 -0.406695 -0.418332 0.216059 1.422327 0.955482 -0.446296 -0.201488 -0.671454 0.570879 0.741455 0.405987 0.378144 0.871774 0.355630 0.291661 -0.819464 0.413824 -0.324897 -0.075046 0.950961 -0.377366 0.472737 -0.665086 0.284392 1.019304 -0.901121 0.007740 0.889849 -1.184443
0.494774 0.070993 -1.209426 1.034970 0.832859 -0.513060 -0.857705 0.507861 -0.523856 -0.131367 0.601968 0.145054 0.453350 0.831536 0.842877 -0.556443 0.593114 -0.918271 0.829614 0.039671 0.704352 0.295685 -0.964164 -0.686172 -0.765558 1.199232 -0.526761 0.533301 -0.222183 0.371995
0.391811 0.482349 0.368789 -0.166549 0.516564 0.275215 0.770477 0.126622 0.647025 0.452661 0.379887 0.311903 -0.338490 -0.586476 -0.428915 -0.842015 -0.368355 -0.351204 -0.419646 0.937915 0.659570 0.107712 0.418514 -0.339229 -0.706099 0.539840 -0.493445 0.282661 -0.429787 -1.105983
-0.077373 0.632376 0.564351 0.530249 -0.855894 -0.630403 -0.557224 0.470001 -0.370998 0.771176 0.872069 -0.247220 0.204862 0.579173 -0.833398 -0.042799 0.614008 -0.051635 0.612549 0.511048 0.493235 -0.248890 -0.091791 0.878154 0.268770 -0.056745 0.324652 0.497373 -0.769741 -0.692742
0.518935 0.519650 -0.052030 0.055223 -0.399566 -0.043733 0.827362 -0.528873 0.586744 -0.566937 0.765561 0.817743 -0.369276 0.943088 0.309589 -0.294148 0.939661 0.013383 0.306559 0.753214 0.080982 -0.850749 0.932239 -1.033532 -0.271370 -0.180037 -0.854084 0.395261 -0.333806 -0.104349
0.331782 -0.465036 -0.798449 -0.407580 -0.950225 -0.742699 -0.337917 0.465047 -0.836112 -0.745669 -0.410775 0.230532 -0.479409 -0.791335 -0.403292 -0.284980 0.925783 0.459972 -0.408791 -0.862685 -0.514885 -0.441841 -0.392738 0.587377 0.073086 0.347817 -0.988458 -0.281183 -0.053995 -0.415438
-0.921061 0.695356 0.495137 -0.349246 -0.307786 -0.008827 0.122348 0.028339 0.999717 -0.456440 0.013646 0.361612 0.906866 0.033192 0.647465 0.075159 -0.852747 0.404754 -0.608163 0.497098 -0.276611 -0.540909 0.345295 0.375557 -0.310126 0.922249 0.781760 -0.606388 0.886045 -0.704046
-0.926717 -0.870565 -0.649254 -0.282690 0.379398 -0.242337 0.099339 -0.198704 0.686024 0.540190 -0.629785 0.035508 -0.248493 0.275598 -0.378062 0.117224 0.894339 0.234979 0.103509 0.173852 -0.382290 -0.121829 -0.376388 0.282346 -0.652445 -0.147819 0.159364 0.291480 -0.567467 0.485613
0.350749 -0.690658 0.137840 -0.840684 0.355919 0.801867 -0.889906 -0.585993 0.044433 -0.566195 0.008336 -0.659100 -0.669080 0.837529 -0.666007 0.378717 0.573183 0.461150 -1.036143 -0.505947 -0.737206 0.619292 0.777799 -0.602815 -0.126709 0.328786 0.215608 -0.123739 -0.238163 -0.290051
0.745211 -0.597058 0.202053 0.613651 -0.098460 0.206424 0.602662 -0.270884 0.011301 0.704743 -0.933057 0.860828 -0.604097 -0.792208 -0.604860 0.299713 -0.034528 -0.779739 0.349285 -0.380006 0.086124 0.132223 0.236593 0.800944 0.868330 -0.469367 -0.819211 0.862795 0.112484 0.103685
0.355331 0.891635 -0.035535 -0.536524 0.285844 0.792874 -0.977335 1.245413 -0.419994 0.050624 0.868443 0.120412 -0.021347 0.515104 0.743037 0.329029 0.142466 0.657633 0.537804 0.534385 -0.786629 0.374710 0.130811 -0.721440 0.538879 0.968247 -0.140048 0.849705 -0.246656 -0.189069
-0.409575 1.090540 -0.033904 -0.690630 0.663243 -0.769070 0.806060 -0.733855 -0.101660 0.773995 0.633771 -0.625034 0.582803 -0.614180 -0.640994 0.934976 -0.768814 0.675974 0.015687 -0.886487 0.817724 0.256899 -0.218212 0.934824 -0.571544 1.232474 -0.067487 -0.038414 -0.409363 0.439392
0.512048 0.181815 -0.898602 -0.711556 0.040926 0.126326 0.313424 0.420114 -1.727001 -0.914792 -1.088446 0.937693 1.069899 0.680006 0.119674 0.618448 0.557465 -0.792024 -0.462924 -1.056604 -0.536367 0.466687 -0.632109 0.650709 -0.990695 0.348351 0.657068 -0.297941 0.721185 0.487930
0.653491 1.093465 -0.181452 0.553083 1.027101 0.277498 0.201633 0.272541 -1.214245 0.560930 0.407856 -0.405308 0.508443 0.730362 -0.489676 0.327921 0.150889 -0.660861 0.679883 -0.945978 -0.158633 -0.130719 0.576693 0.322084 -0.419666 -0.666253 -0.943486 0.270676 -0.368647 -0.955209
-0.894566 -0.114825 -0.869741 -0.086110 -0.292040 0.694108 -0.418730 0.740898 0.907895 0.788120 -0.362521 0.206913 0.408022 0.684633 -0.451493 -0.237020 0.545623 -0.399095 0.605592 0.200950 0.291776 -0.317205 -0.659425 0.142635 0.199089 -0.353277 -0.705284 0.974471 0.492193 1.124478
0.907033 -0.837196 0.672821 -0.110996 0.222852 -0.966719 -0.254781 0.727052 -0.216248 0.057056 0.859845 0.624335 0.089634 -0.229951 0.295287 0.675705 -0.829774 0.703579 -0.283898 -0.760584 -1.083648 0.510570 -0.293150 0.562179 0.507925 0.038210 -0.910046 -0.794589 -0.891180 0.675265
0.132006 -0.686721 0.403445 -0.087125 -0.004715 -0.437038 0.230824 -0.428887 0.801248 -0.295873 0.397275 -0.983166 -0.522453 0.835873 0.375323 -0.261148 0.621416 -0.221575 -1.018831 0.206894 -0.749028 -0.487771 -0.593402 0.301592 -0.214242 -0.688025 0.316242 -0.084026 -0.227830 0.932343
-0.378557 0.154879 0.690505 0.675383 -0.969088 0.165589 -0.941303 0.498918 0.611752 0.970258 -0.570842 -0.928547 0.443880 -0.634946 -1.062703 -0.819849 -0.678806 0.164762 0.631341 0.913423 -0.086386 0.184521 0.423082 -0.885485 0.505466 0.049537 0.825482 0.847782 0.344909 -0.186982
0.526982 -0.116456 -0.379359 -0.694028 -0.964946 -0.733580 -0.664943 -0.211802 -0.216882 0.348350 0.211192 0.975697 -0.576961 0.334884 0.312202 0.102414 -0.008069 0.394756 0.262440 -0.624243 0.355860 -0.730030 0.345411 -0.863634 1.064285 0.533735 -0.693666 -0.738594 0.401266 -0.683053
0.418098 -0.259316 -0.442426 0.548259 -0.869903 0.434553 -0.667195 0.666453 0.087260 0.945146 0.077310 0.008081 0.105004 0.391988 0.803857 0.581277 -0.826804 0.268048 -0.139235 -0.479936 -0.152557 0.392781 0.457554 0.264505 -0.468256 -0.253293 -0.764797 -0.413619 0.800397 0.975618
-0.554564 0.446102 -0.534162 -0.543235 -0.338148 -0.117546 -0.591853 0.126676 -0.607980 0.454763 -0.917716 0.181805 -0.581667 -0.232619 -0.218437 -0.467793 0.209355 0.415362 -0.352121 -0.656323 -0.945601 -0.039952 -0.020748 0.500540 -0.939320 -0.388664 0.738585 0.586964 -0.008744 0.818528
-0.260843 -0.122469 -0.127568 0.343779 -0.411972 0.812994 -0.210988 -0.175704 1.376059 0.076956 -0.875960 0.766425 0.233638 -0.335136 -0.728677 0.971319 -0.728110 -0.085530 0.242638 -0.107462 -0.860891 -0.188114 -0.424952 0.639106 0.479073 -0.162769 0.752379 -0.441189 -0.646205 0.692005
-0.614159 0.063761 -0.226492 0.163576 -0.447927 0.556629 0.543804 -0.860769 -0.267299 -0.231298 -0.582650 0.104097 0.278506 -0.049222 -0.224182 0.644969 -0.937409 -0.070360 0.430403 0.506452 0.556062 0.146009 -0.389887 0.746736 -0.637215 -0.371794 0.548864 -0.368894 -0.140317 -0.778691
-0.331458 -0.081186 0.586430 0.618601 1.003563 -0.025598 0.144028 0.105180 -0.286912 -0.610089 0.070232 -0.295145 -0.836630 -0.873610 -0.842594 1.013857 -0.506609 0.758733 -0.446822 -0.052712 0.600292 0.202544 -1.018808 -0.791412 -0.313094 0.660856 -0.847772 -0.467527 -0.956238 -0.488849
-0.541090 -0.156391 0.052192 -0.206765 0.576420 0.429511 -0.202108 0.677856 -1.306785 -0.919714 0.608833 0.498389 -0.859518 0.546371 0.473865 -0.323724 -0.091590 -0.451946 -0.680525 -0.693766 -0.679766 -0.699283 -0.275317 -0.065440 0.903294 0.155366 -0.911242 -0.621440 -0.619946 -0.213623
-0.335893 -0.527529 -0.253944 0.283818 1.419358 -0.595106 0.418548 -0.015277 0.241202 0.626361 0.331207 -0.058775 -0.250883 0.331521 -0.220107 0.953176 0.114729 -0.445843 0.217419 0.242338 0.870612 -0.097000 -0.544440 0.223571 -0.904066 0.363587 -0.536236 -0.361957 0.173192 -1.185617
-1.033119 -0.837851 0.473645 0.109199 -0.324582 0.755859 -0.887082 -0.299131 -0.574288 -0.490817 -0.553446 -1.041717 0.945793 -0.046862 0.974481 0.309758 0.595724 -0.103496 -0.684210 0.744347 -0.714786 -0.228460 -0.050054 0.633764 -0.866349 -0.733611 -0.277601 0.533373 -0.539347 -0.015336
1.037286 0.380725 -0.445267 0.768952 -0.463498 0.790108 -0.923367 0.683239 -0.460618 -0.166262 0.468625 -0.963068 0.134842 -0.678036 -0.987610 0.663098 0.111391 -0.998167 0.276049 0.292431 0.743544 0.209460 -0.709408 0.606837 0.175904 0.328139 0.672413 0.445803 0.660846 -0.537131
-0.745962 0.420038 -0.777747 0.425667 -0.981009 0.040393 -0.910838 0.127173 0.250911 -0.021298 0.420022 0.214975 -0.506656 -0.741482 0.357730 0.393697 0.812701 0.099733 -0.761276 0.436602 -0.439659 0.477290 -0.527098 0.534178 0.551963 -0.972000 -1.000926 -0.658479 0.658435 0.724506
0.728783 -0.317268 0.205529 -0.231414 -1.021012 -0.316708 -0.469958 0.423098 -0.717054 -0.369418 -0.055839 -0.328884 -0.440730 -0.981116 0.268393 0.937510 0.502094 0.735625 -0.923640 -0.234072 -0.469260 0.363191 -0.219036 0.117447 0.693248 0.701760 -0.800753 0.937181 -0.516403 -0.992207
-0.289688 0.034822 -0.883996 0.000701 0.305455 -0.292951 -0.967879 -0.791714 -0.273610 -0.114389 -0.659444 0.334287 -0.297001 -0.591842 -0.841386 0.339034 -0.960414 -0.053944 0.197604 0.190847 0.109312 0.060066 0.306173 0.795378 -0.100735 -0.096997 -0.699983 -0.662825 -0.083872 -0.151230
-0.530400 -0.134155 -0.334531 -0.892629 -0.752631 -0.434655 -0.567407 1.062876 -0.928207 0.151728 0.632067 -0.557857 -0.523781 0.933139 -0.156732 -1.038606 0.358097 0.668028 0.075491 0.168565 -0.537781 -0.159564 -0.902692 0.932660 0.007360 -0.492854 0.741814 0.684230 0.494905 -0.178004
0.498932 -0.774423 0.203839 0.652250 0.074742 -0.005014 -0.427745 -0.783116 0.780582 0.841012 -0.730092 -0.611269 -0.411472 -0.511979 0.315491 0.721932 0.530865 -0.407276 0.538583 0.061005 0.613888 0.371100 0.302276 -0.323463 -0.271758 -0.016371 -0.238126 0.076274 0.227115 -0.093799
-0.920793 -0.581680 -0.564836 -0.402119 -0.513566 0.525521 -0.894325 -0.490026 -0.682006 -1.217705 -1.078143 -0.515817 -0.384413 0.351531 -0.456767 0.063310 -0.913085 0.393162 0.222617 -0.834247 -0.822365 -0.357428 -0.129256 -0.243847 -0.325580 0.742852 -0.223285 -0.886877 0.545641 -0.754282
0.989591 0.575804 -0.324776 0.250331 0.506227 0.872140 -0.365194 -0.334394 0.034769 -0.477223 -0.235137 0.067511 -0.065199 0.773509 -0.135160 0.248430 0.969245 -0.128829 0.058998 0.021131 0.851336 -0.832086 -0.219803 -0.003729 0.825501 -0.926702 0.276102 -0.092296 -0.244579 0.945550
-0.424753 0.041532 0.422208 -0.416879 -0.567826 -0.667099 0.476040 0.784518 1.338592 1.131986 0.570940 0.580872 -1.059417 0.970370 0.427092 -0.781556 -0.755184 -0.671849 0.142532 0.284344 0.191090 -0.260690 0.451084 -0.902874 -0.828556 0.217890 0.769757 -0.519033 0.240235 0.213606
-0.076002 0.026722 0.237690 0.939310 -0.273763 -0.225652 -0.160537 1.071479 -0.469805 0.773677 0.739407 0.025435 -1.195406 0.141569 0.681622 -0.257379 0.183639 0.963020 0.811945 0.753199 -0.864539 -1.030098 -0.134984 -0.398926 0.673928 -0.545368 -0.122023 -0.914370 0.660957 0.877318
-0.856727 0.361789 0.451827 0.126493 1.140114 0.817400 0.825985 -0.755615 -1.006071 -0.592250 -0.581673 0.137087 -0.673071 -0.146969 -0.452151 0.255639 -0.265930 0.575106 0.580174 -0.174312 0.211901 -0.413530 -0.901681 -0.770544 -0.721826 -0.548789 -0.938423 0.592919 -0.018643 -0.149052
-0.041979 -0.162842 -0.388334 0.546161 1.283732 -0.860309 -0.618398 -1.369803 -0.408461 -1.045141 -0.696242 -0.533758 -0.315191 0.703951 0.720352 0.814088 0.659635 -0.028506 -0.378646 0.599937 0.831781 0.089813 0.621962 0.170692 -0.434072 -0.565696 0.321556 0.379087 0.936943 0.781816
0.902543 -0.375865 -0.053251 -0.485984 0.359680 0.286177 0.519571 -0.509543 -0.623502 -0.158262 -0.991856 0.114968 -0.425374 0.662744 0.440328 0.655004 -0.911165 0.278009 -0.106596 -0.477305 -0.829573 0.998905 -0.830405 0.173133 -0.285556 0.428215 0.646726 0.537208 0.039654 0.546267
-0.214187 0.087598 0.674973 0.165295 0.322591 -0.749071 0.111797 0.746646 0.163692 0.422476 -0.365181 -0.471770 -0.788696 0.026096 0.570998 0.202646 -0.698706 0.355560 0.556894 -0.816551 0.997087 -0.179562 -0.510442 -0.104193 0.960327 0.929978 -0.495296 -0.306070 0.467579 -0.234902
-0.594885 -0.091220 -0.802233 -1.000017 0.171326 -0.096529 0.026561 -0.413961 -0.317504 0.271434 0.916651 0.854331 -0.184322 0.782545 0.274847 0.393352 -0.757702 -0.515606 -0.886778 -0.765885 0.314138 0.780357 0.493976 -0.653444 -0.788965 -0.642688 -0.794530 0.826157 0.437481 0.962033
-0.340036 -0.556130 -0.034158 -0.616171 -0.311519 0.813206 -0.040014 0.454889 -0.797716 0.601980 -0.149540 -0.699101 0.996014 0.763681 -0.429709 -0.702218 0.773971 0.577410 0.820609 -0.376466 -0.320254 0.262501 0.615193 -0.126956 -0.294284 0.127595 0.456961 0.648490 -0.871534 -0.895779
0.590871 -0.728874 -1.040863 0.336742 0.502576 0.487049 -0.264989 0.732347 -0.571440 -0.871555 0.332131 0.280681 0.904788 -0.660078 0.205363 0.759202 0.000273 0.388914 0.703295 0.238258 0.548585 -0.010184 0.841817 0.752308 0.395633 -0.054492 -0.787420 0.900079 -0.012164 -0.881897
-0.491581 -0.936175 0.147493 0.462233 -0.562243 -0.188150 0.774144 -0.784459 0.512286 -0.741460 0.794855 0.740526 0.662400 -0.379861 -0.267313 0.457796 -0.327447 -0.729442 0.228341 -0.300783 -0.236437 -0.376893 0.345695 -0.419389 -0.199350 0.672126 0.744479 0.785831 -0.579269 -0.702392
-0.134700 -0.675721 -0.486366 -0.869932 0.008824 -0.975304 0.412765 0.648668 -0.189605 -0.125556 -0.068800 0.268103 -0.270912 0.878447 -0.469905 -0.876118 -1.024646 0.576391 0.010504 0.607559 -0.422328 0.423458 -0.716115 -0.391041 0.069048 -0.448487 0.591136 0.328301 0.950440 -0.323002
0.272438 -0.321346 0.144578 -0.119018 -0.462916 -0.177179 0.517270 -0.021477 -0.050725 0.022667 0.963289 -1.001102 -0.831685 -0.678506 -0.846046 -0.097443 -0.812331 0.266241 -0.606481 -0.138210 0.364321 -0.275799 -0.158885 -0.229743 0.846598 -0.380780 -0.822967 0.073752 0.610206 1.024891
0.250188 0.588674 0.889341 0.315272 -1.554735 -0.842503 0.901440 0.989469 0.217154 -0.310256 0.060281 0.051798 -1.183642 0.489848 -0.090671 0.594382 1.263869 0.464982 -0.114763 -0.874982 -0.849085 -0.681154 0.629887 0.335043 0.769102 0.302434 -0.344532 0.014797 0.659374 0.798300
-0.264916 0.781206 0.650162 -0.812071 -0.480265 0.986888 -0.348510 0.246858 -0.233822 -0.463628 0.493364 0.728564 -0.813953 -0.246863 -0.098764 0.201935 0.594937 -0.112846 -0.393895 -0.759532 0.439097 0.529257 -0.002101 -0.708329 0.830705 -0.466106 0.090878 -0.699538 -0.908891 -0.071454
-0.828563 0.281778 0.518562 0.146845 -0.377487 0.579661 -0.359605 -0.139351 -0.440408 0.492307 -0.802384 -0.624000 -0.211096 -0.627696 -0.556689 -0.421129 -0.160543 -0.341365 -0.750367 -0.367327 -0.353890 0.263250 0.815086 0.602128 -0.715226 -0.013893 0.038481 0.414000 0.336621 0.863443
0.839986 -0.919091 0.533361 0.364664 0.303057 -0.267478 -0.113022 -0.597574 -0.465233 -0.083921 -0.345558 0.867712 0.190595 0.592036 -0.113293 1.013415 -1.038607 -0.418937 0.223152 0.358963 -0.477311 0.477300 0.812752 -0.031763 0.213484 0.698600 -0.875632 -0.833384 -0.353447 0.073101
0.476565 0.337405 0.440133 1.001268 0.886853 0.056773 -0.870024 -0.192308 -0.060564 -0.039277 0.084369 -0.270814 1.131779 0.455164 0.399619 0.449897 0.605769 -0.111131 0.304561 -0.683001 0.102418 -0.507362 0.969289 0.002642 -0.631244 -0.704940 0.763907 -0.898342 0.957420 -0.005171
-0.561167 0.251016 -0.175661 0.127235 0.119176 0.226581 -0.445711 0.077819 0.521566 -0.565648 -0.352999 -0.950758 0.674916 -0.832414 -0.167856 1.025431 -0.093609 0.878591 0.748566 -0.554529 -0.300335 -0.369142 0.065692 -0.466584 -0.682684 -0.865685 -0.010699 -0.875662 -0.028154 0.880071
-0.151878 0.878567 -0.435147 0.728133 0.472031 -0.999305 0.587857 -0.195194 0.246177 0.422732 -0.749679 0.896157 0.194377 -0.808008 0.062580 -0.130775 0.830839 -0.970975 0.901013 0.395783 -0.590221 -0.881578 -0.892713 -0.962865 0.004697 0.379736 -0.192120 -0.455500 -0.321995 -0.448992
0.499698 0.910935 0.112570 -0.428885 0.496974 0.569334 0.444376 0.041087 -0.866558 0.164777 -0.813267 -0.777464 -0.443015 -0.607037 0.711840 0.404035 0.734261 0.628618 -0.898559 -0.476376 -0.567635 -0.524031 -0.070308 -0.238464 -0.570936 -0.118435 0.192289 -0.679992 -0.214338 0.631997
0.933477 -0.335545 0.572729 -0.347371 0.828713 -0.302781 0.650542 0.539722 0.836461 -0.806865 -0.889987 0.990367 -0.496309 -0.425469 0.251695 0.536186 -0.202004 0.806376 0.926527 -0.191582 0.729768 1.019933 0.330984 -0.137670 1.034759 -0.491150 -0.157675 0.711930 0.110186 0.506594
0.373678 -0.724694 0.288766 0.330407 0.204850 0.622304 0.156916 0.200632 0.186096 0.619731 -0.952300 0.374680 -0.149324 -0.947960 0.399844 1.110970 -0.879058 0.418234 0.343011 0.238373 -0.606088 -0.434179 0.758581 -0.045571 0.512082 0.668114 -0.724054 -0.159526 0.276523 0.009156
-0.163786 -0.855428 -0.580011 0.278221 0.742898 -0.724312 -0.443268 0.285875 0.475570 0.483994 0.119160 -0.724870 -0.408970 -0.318961 -0.347062 -0.405782 0.930572 -0.862389 0.451379 -0.859455 -0.893591 -0.629802 0.622568 -0.237577 0.800220 -0.592410 -0.760678 -0.385909 0.692122 -0.735981
-0.504624 0.029128 -0.692784 -0.787279 0.346525 -0.961372 -0.961330 0.995775 1.336433 0.746422 0.282167 0.111428 -0.447434 -0.817167 0.187527 0.021574 -0.317198 -0.782485 0.059252 -0.267190 -0.091956 0.240854 0.264777 -0.224833 0.657867 0.267692 0.109357 0.335312 -0.524390 0.417130
0.001425 0.707305 0.872555 0.005325 -1.045262 -0.319023 0.637367 -0.110909 0.296569 0.634409 0.545404 -0.963338 0.035577 0.762445 -0.256362 -0.397276 -0.102089 0.699998 0.263008 -0.722840 0.656364 -0.455850 0.131784 -0.967724 -0.636851 0.459360 0.200589 -0.248828 -0.799332 -0.275958
-0.811779 0.940112 -0.215628 -0.557724 -0.389413 0.406489 1.040416 -0.588703 0.292063 -0.154304 0.222015 -0.312968 -0.529534 0.289817 -0.809647 -0.217247 0.304208 -0.421192 0.450077 0.318521 0.083712 0.304260 -0.405226 -0.035342 0.694432 0.247869 -0.767083 0.608339 1.017840 0.372771
0.654582 -0.810887 -0.697996 -0.081483 0.696864 -0.723988 0.717159 0.798185 0.534375 0.554029 0.038179 1.184010 -0.689452 0.428701 -0.052058 0.460847 0.565107 0.295155 -0.102436 -1.036847 0.681917 0.743270 -0.160958 -0.892682 0.788669 0.517850 0.265512 0.293551 0.226846 0.915696
-0.694302 -0.967474 -0.717226 -0.425152 0.308651 0.583672 -0.046625 0.667734 0.002640 -0.957479 0.401643 0.673446 0.927385 0.562227 -0.004725 0.329273 0.912218 0.569313 0.664001 -0.399673 -0.894753 -0.318936 0.911880 -0.995306 -0.440553 0.282797 -0.860457 0.899261 0.314836 0.607369
0.035950 0.372377 0.555262 0.755469 -0.217459 -0.618532 -0.296110 -0.825956 0.239861 0.850803 0.339180 0.337032 0.691379 0.689904 0.371659 -0.635605 -0.138121 -0.225253 0.698940 0.448590 -0.028380 0.252168 -0.938416 0.866162 0.613771 0.452180 0.456488 0.176370 0.816867 -0.642504
-0.648282 0.294209 0.032032 -0.175682 -0.004599 0.638947 -0.079830 -0.876742 0.747087 0.790012 0.855741 -0.667549 -0.760100 0.345439 -0.861327 -0.399612 0.457414 0.899826 -0.329384 0.888440 0.950064 -0.105121 -0.023409 0.066377 -0.656105 -0.011604 0.846863 -0.596609 0.185862 0.851015
-0.194340 -0.481617 0.476529 0.127373 0.887147 -0.039159 0.941789 -0.420250 0.206560 0.967359 0.695944 0.902186 0.762403 0.564545 -0.246237 -0.216179 0.109717 0.347367 0.414466 -0.491708 -0.800965 -0.130597 -0.045667 0.855674 0.901090 0.092473 0.072993 -0.774776 -0.615302 0.914674
0.585279 0.712705 -0.606540 0.403194 0.480629 0.760557 0.335650 -0.756160 -0.570451 -0.119777 -0.207182 0.519640 -0.668045 -0.584060 0.291650 0.818425 -1.013069 0.690781 -0.503925 -0.980865 -0.500499 -0.152523 0.133776 0.808092 0.520314 -0.082074 0.707366 -0.321012 0.807433 -0.003524
-0.208823 -0.345701 0.843435 0.526832 -0.794413 0.020071 -0.537880 -0.802370 -0.113974 0.342045 0.756673 0.008249 0.223051 0.017157 -0.185830 -0.263915 -0.005893 0.103636 -0.174105 0.410956 0.170230 -0.724698 -0.313912 0.645978 0.725831 0.140682 0.447005 -0.954337 0.621637 -0.522202
-0.924398 0.970291 -1.066107 0.976330 -0.146538 0.664637 -0.348125 0.078278 -0.796436 0.384776 0.278982 -0.773129 -0.023096 -0.053661 -0.395459 -0.707901 -0.567177 0.318154 -0.780078 0.724087 -0.904105 -0.089624 0.095885 -0.590684 -0.018004 -0.753274 0.772517 0.313938 -0.816043 -0.064148
-0.227165 -0.788958 0.347687 -0.369948 -0.445332 -0.664272 0.805709 -0.575036 -0.032786 -0.265262 0.890124 -0.772963 0.327301 0.464217 0.446578 0.368648 0.839853 0.560492 0.412384 -0.117948 -0.588235 0.292034 -0.589288 0.204624 0.989379 -0.796825 -0.314745 -0.526659 0.435799 0.951080
-0.109829 -0.283466 0.634059 -0.199152 -0.194246 0.189982 -0.659508 0.919549 0.676149 -0.171816 0.690075 0.846321 -0.696290 0.481425 -0.486833 0.586813 -0.563395 -0.261688 -0.497260 0.437921 -0.752146 -0.551803 0.771676 0.222841 -0.491350 -0.639413 -0.001179 0.971216 -1.048773 0.055295
0.150360 -0.076019 0.856974 0.558446 -0.733352 -0.226456 0.523231 0.326058 -0.784016 0.576186 -0.286628 -0.119345 -0.245327 -0.606079 -0.092701 -0.516745 0.765851 0.857173 0.496069 -0.484229 -0.283635 -1.141124 -0.619317 -0.390200 -0.248014 -0.521390 0.537262 0.372792 0.852551 -0.218011
0.365635 -1.266364 0.116640 0.091656 0.506004 -0.576000 -0.452461 -0.225906 -0.373463 -0.566803 -0.944029 0.944758 -0.634307 0.564149 -0.469298 0.662247 -0.883050 0.772957 -0.385329 -0.595990 0.742485 0.293333 0.438678 0.878192 0.131722 -0.344694 -0.205709 -0.332738 0.591249 -0.175394
-0.864792 -0.886466 -0.470922 -0.187230 0.626634 -0.364395 0.041829 0.614230 0.156250 -0.249340 0.524734 -0.123700 0.333020 -0.290114 -0.610034 -0.363028 0.529938 -0.199631 0.710447 -0.738289 -0.517297 -0.325964 -0.188442 -0.417951 0.445013 -0.071475 -0.881709 -0.620324 -0.332620 -0.685295
-0.936689 -0.256618 0.665161 0.661434 0.834197 -0.721026 0.853548 -0.809429 -0.291983 0.273421 -0.519364 0.857458 -0.895738 0.980015 -0.478898 -0.266639 0.128673 -0.085902 0.714265 -0.152828 0.945057 -0.316949 0.491705 0.283615 0.053164 -0.747882 0.902436 -0.404801 -0.308445 -0.567465
0.032622 -0.401834 -0.217357 0.072929 -0.559017 -0.722646 -0.226718 0.871648 -0.158488 -1.006877 -0.918629 1.011564 -0.058547 0.041537 0.230821 0.125345 -0.781451 0.577687 -1.016464 0.802559 0.774899 -0.365615 -0.190345 -0.401315 -0.504779 -0.014046 0.022567 -0.804511 -0.414446 0.128256
-0.047485 0.906348 0.010964 0.171470 0.623596 -0.786022 0.576374 0.946188 0.196646 0.931297 0.768224 0.397895 0.456613 -0.873667 0.852836 0.855621 0.651946 0.806898 0.986491 -0.420212 0.044116 0.434089 -0.270913 -0.177596 -0.675159 1.006069 0.300246 -0.015043 -0.365393 0.644128
0.280462 0.469415 -0.844920 0.856845 0.951107 -0.241211 -0.450986 0.622262 0.519894 -0.846002 0.933166 0.923225 1.090537 -0.954964 -0.606571 0.691824 0.942672 0.650283 -0.869738 -0.480852 -0.272209 -0.729557 -0.388390 0.304966 0.335819 0.972444 0.590370 -0.022062 -0.555658 -0.396875
0.476539 -0.403425 0.539144 0.955491 -0.859410 0.195242 -0.224886 -0.849427 0.033924 0.616496 0.780434 -0.021768 0.174432 0.134426 0.006246 0.233158 -0.451076 -0.772540 0.933566 -0.525020 0.475755 0.683772 0.067010 0.302272 0.568054 0.167751 -0.721327 -0.252094 -0.852009 0.582268
1.065936 -0.276737 -0.704686 0.352965 0.460342 0.180660 -0.353307 -0.399457 0.110409 0.562499 0.560656 -0.662989 -0.760572 0.970812 -0.145587 -0.623066 -0.832244 -0.849627 0.626891 -0.394925 -0.509930 -0.370407 0.296686 -0.216774 0.639204 -0.915767 -0.835035 0.815370 -0.984795 -0.783006
0.707435 0.839582 -0.449845 0.859404 0.336235 0.443613 0.332848 0.551776 -0.179357 -0.367418 0.530034 0.256759 0.200258 0.033161 -0.554485 -0.137106 -0.178693 -0.151464 0.542655 0.189786 0.350311 -0.695788 0.791917 -0.535781 0.504142 0.127881 0.246844 -0.768358 -1.036958 0.981449
0.466376 0.140356 -0.203800 0.474044 0.328459 0.575367 0.072232 0.467680 0.572536 0.169057 -0.423538 1.130089 -0.620151 -0.406941 0.531332 -0.271537 0.782869 -0.498494 0.947682 0.043820 -0.167672 0.654343 1.116609 0.646008 0.220198 -0.473514 0.993341 -0.025342 0.820714 0.303749
0.009874 0.641420 -0.205161 0.414455 -0.841692 0.535577 0.372896 0.296727 0.495464 0.361429 0.184607 -0.122497 0.950276 0.830608 0.429131 -0.795757 0.453822 -0.324680 0.313423 -0.000293 -0.099789 0.513951 0.733226 -0.085909 -0.580832 -0.339880 -0.757837 -0.799003 0.613631 -0.887334
-0.050603 0.570747 0.726323 -0.765223 -0.105811 -0.670250 0.736222 0.938323 0.725712 0.828307 -0.291131 0.750510 -0.528805 -0.236864 0.346646 -0.486645 0.552018 0.764112 0.028080 -0.836989 -0.039179 -0.837490 0.875571 0.158537 -0.722526 0.115776 -0.352740 -0.453764 -0.946728 0.063757
-0.700042 0.286373 -0.360760 0.501671 -0.501159 0.818046 -0.967095 -0.328303 -0.046924 -0.714885 -0.798867 0.618535 -0.799357 -0.373536 -0.260965 -0.979966 -0.278088 -1.032733 0.869847 -0.666313 0.804843 0.280838 0.501463 -0.995031 -0.301145 1.085711 0.132265 0.919318 -0.173458 -0.739494
0.474006 0.781409 0.044135 -0.414460 0.090207 0.003895 0.045948 -0.938959 -1.096153 -1.125437 -0.513799 0.869383 0.493683 -0.593698 -0.582693 0.049466 -0.084127 -0.610133 0.710095 -0.038612 -0.109405 -0.720131 0.628706 0.126732 -0.134183 0.730476 0.427113 -0.046593 1.036554 0.551950
0.026169 0.004835 0.462832 0.664963 0.462670 -0.385601 0.549279 -0.404157 -0.301612 -1.224773 0.284202 -1.094460 0.584405 -0.602623 1.065657 -0.717801 0.010776 0.710311 0.011955 0.611567 0.093786 -0.780033 0.730032 0.457512 -0.536103 0.226032 -0.729090 0.305056 -0.320822 0.956516
-0.790327 -0.739443 -0.845277 -0.420096 1.046299 -0.684442 -0.823729 -0.715558 -0.317453 -0.443751 0.602048 -0.810532 0.110923 -0.803931 0.868748 -0.317820 0.615965 -0.926469 -0.779894 0.744025 -0.792963 0.600517 0.531601 -0.375002 0.610108 0.333174 -0.601212 -0.475981 -0.163723 -0.615298
0.542955 0.022024 0.726811 0.662076 -0.214967 -0.496268 -0.068107 -0.423199 -0.459234 -0.442419 0.167341 0.443207 1.087840 -0.916452 -0.673214 0.841605 0.040742 0.172465 -0.822455 0.871453 0.472943 0.507995 -0.727872 -0.764024 0.442495 0.199377 -0.922669 -0.734470 0.160481 0.304996
-0.036134 0.793588 -0.347563 0.196759 -0.527952 0.294988 0.021677 0.754143 -0.677519 -0.699553 0.119647 0.179401 0.000566 -0.512293 0.773510 0.212059 -0.080389 -0.152819 -0.864337 0.022918 -0.931075 -0.302812 1.005656 0.144228 0.050911 0.421664 0.592558 -0.827126 0.415799 -0.467008
-0.195350 -0.124022 0.236964 -0.906871 0.721389 -0.588741 -0.666165 0.755398 0.063576 0.974559 0.343482 -0.110068 0.789567 -0.731615 -0.610444 -0.291404 -0.056642 0.330384 0.234039 -0.515401 -0.578741 -0.746728 -0.583443 -0.408530 -0.810336 -0.549082 -0.109797 -0.100079 0.352896 0.511380
-0.830356 -0.338770 0.902976 -0.602347 0.429212 -0.479667 -0.645073 1.010368 0.727485 -0.809551 0.657952 0.144996 -0.294687 -0.324693 0.665820 -0.472405 0.200986 -0.620833 -0.732642 -0.127514 -0.455979 0.436623 0.036206 0.080238 0.644163 0.353452 -0.856736 0.831248 -0.800720 0.621486
0.423909 -0.667869 0.889965 -0.470750 0.296770 0.184431 -0.937558 0.698650 0.611034 0.384435 0.536343 -0.928249 -0.278209 0.416413 0.898808 1.034744 0.474578 0.610523 0.360117 -0.240622 -0.521902 0.664827 0.786991 -0.655768 0.332009 0.739725 -0.441703 0.380592 0.661231 0.573426
-0.853351 0.768253 -0.466368 0.673214 0.584468 -0.090510 0.895522 0.488974 -0.608933 -0.436298 -0.999360 -0.314290 0.004250 -0.388353 0.089256 0.624907 0.121137 -0.068534 -0.197608 -0.602731 -0.521362 0.863144 0.922895 0.079800 0.059192 0.148697 -0.824437 0.782935 0.432499 0.677820
-0.500130 0.802868 0.755306 -0.075931 0.040419 0.511837 0.121981 0.826646 -0.864541 -0.204297 -0.796367 -0.573186 0.288950 -0.786984 0.438781 0.888458 -0.419291 -0.411425 -0.108595 0.110156 -0.877139 0.835074 -0.868716 -0.206806 -0.393313 -0.246418 -0.732272 0.110170 -0.116205 0.020637
0.325405 -0.470495 0.492835 -0.612334 -0.091778 -0.867553 -0.330459 -0.830030 0.012403 -0.343375 -0.081413 0.974826 -0.192378 0.284952 0.857704 -1.083827 0.292947 0.522917 0.324658 0.826720 -0.025233 0.576405 -0.597612 0.633466 -0.493704 0.978823 -0.680525 0.344863 0.457358 0.181417
0.544230 0.297300 -0.912021 0.647277 -0.297609 0.834392 0.936164 -0.791447 0.813575 1.012088 1.110257 0.728109 0.482208 0.080043 0.253131 -0.097317 -0.539536 -0.521016 -0.350556 0.900991 -0.415240 -0.741483 -0.938951 0.020528 -0.397660 0.356756 0.118659 0.616306 -0.826353 -0.382422
-0.538701 -0.658895 0.113665 0.332588 0.690863 0.430276 -0.493033 0.271876 -1.022220 0.172563 -0.105503 0.797829 -0.567559 -0.140309 0.309243 -0.313038 -0.732708 0.493689 0.151762 -0.330622 -0.090926 -0.566817 -0.762446 0.578522 -0.692163 -0.059832 0.303263 -0.790493 -0.401860 0.478644
0.121603 0.252318 0.764337 -0.058292 0.045894 0.204263 0.415485 -0.831079 -0.307784 -0.570077 0.979237 -0.813150 -0.199012 0.166139 0.861313 -0.522283 -0.307759 0.462590 0.785442 -0.293481 -0.660836 -1.191039 -0.372663 -0.185012 -0.235393 0.115540 -0.954228 0.329278 0.227555 1.056849
1.071212 0.013669 0.372803 0.547186 0.306277 0.118589 -0.157086 -0.285910 0.028660 -0.662164 -0.476160 0.860893 -0.747058 -0.759251 -0.946136 1.004952 0.612934 -0.154220 0.022989 0.350839 -0.374122 -1.137152 -0.497284 0.620728 0.704364 -1.063395 0.442545 0.642130 -0.417504 0.909641
0.307834 -0.458209 0.571827 0.185111 0.945304 -0.413864 0.857333 -0.641505 0.954123 0.013915 -0.833876 0.561589 0.847159 -0.894316 0.310830 -0.442366 -0.220072 0.623295 0.905691 0.481916 0.880641 0.875639 -0.278825 -0.916722 1.107510 -0.309873 0.775860 -0.575738 -0.577080 0.934171
0.154618 -0.654731 0.488360 0.933235 0.252463 -0.513124 -0.311581 -0.555448 -0.414355 0.043821 0.108191 0.078461 0.784181 -0.716867 -0.331043 0.390258 0.317204 0.622595 0.382860 -0.584255 -0.901382 0.149533 -0.930931 -0.572310 0.859799 -0.662021 0.674905 0.906619 -0.076860 0.030368
0.367283 -0.317465 0.187966 0.438896 -0.593973 -0.237337 -0.126139 0.096300 0.849228 0.227516 0.182935 -0.529527 -0.314056 -0.906183 -0.334139 -0.372526 -0.428223 0.664024 -0.255927 0.008673 0.017287 -0.434300 0.003983 0.350691 -0.143131 -0.593503 -0.005104 -0.975272 0.617659 -0.322788
0.740724 -0.828423 0.412396 0.837571 0.191382 0.161163 0.575844 -0.782721 0.942318 0.466257 -0.268529 0.072767 0.656556 0.867526 0.617957 -0.217497 -0.917496 -0.162246 -0.074578 0.322673 0.791942 0.593548 0.166253 0.300363 0.683097 -0.638923 0.286754 -0.600183 0.216621 0.785300
0.519453 0.433450 -0.590378 0.608963 0.642419 0.269178 -0.805729 0.096674 1.026362 -0.168247 -0.580116 -0.903179 0.598617 -0.299092 -0.841767 -0.498626 -0.665513 -0.693461 -0.614278 0.452320 0.275648 -0.266898 -0.511572 0.921242 1.022898 -0.440639 -0.850118 0.658351 0.360164 -0.493983
0.285198 -0.020826 -0.979628 0.065933 -0.784224 -0.028512 0.308561 -0.324032 0.046692 0.494189 -1.030879 0.929518 -0.811236 -0.042159 0.087687 0.139563 -0.558347 -0.401746 -0.089335 -0.174623 0.660211 0.484052 -0.812786 0.642362 0.451120 0.237780 0.089013 0.122661 -0.633179 -0.355521
-0.903014 0.962641 -1.159221 0.604129 0.274817 0.515096 0.575813 -0.233877 0.318235 0.350290 -0.446267 0.717065 -0.729024 0.732372 0.883917 0.731782 -1.009229 -0.131224 -0.937477 0.779777 0.358205 0.712727 -0.532064 0.597648 -0.830710 -0.024212 -0.629349 -1.038424 0.405237 -0.490787
-0.624450 -0.180554 0.208575 0.867124 -0.765115 0.200371 0.085717 0.249852 -0.462879 -0.159144 -0.555159 -0.890251 -0.303618 -0.511056 0.554788 0.000490 0.099605 -0.490573 0.747256 0.346296 -0.684296 0.830830 -1.040938 0.484134 -0.014264 0.693828 -0.148708 -0.240865 0.637488 0.472900
-0.257621 -0.387620 0.131579 -0.621176 0.083397 -0.514930 -0.588587 0.079635 -0.102560 1.017309 -0.326905 -1.161060 -0.145204 0.894075 0.474512 0.660024 -0.042026 0.705890 -0.501427 0.306241 -0.594209 0.823524 0.912030 -0.254005 0.197980 -0.083015 0.448831 0.569618 0.679842 -0.423732
0.596508 0.831172 -0.591584 -0.459105 0.032747 -0.008628 -0.652150 0.099408 0.190082 -0.010608 -0.395336 0.091883 0.381002 -0.137416 -0.810024 -0.748629 0.127698 0.245283 0.469676 0.171155 0.606752 -0.370484 -0.590947 -0.451727 0.272744 0.321516 -0.234438 0.547810 0.552154 0.286730
-0.228154 -1.075039 -0.584634 -0.878881 -0.838142 -0.580853 -0.685855 -0.451865 1.046008 -0.598741 0.120515 0.218439 -0.448979 0.370416 -0.392075 -0.983318 0.947055 -0.261664 0.359519 -0.454834 0.275541 -0.031738 -0.026812 0.818858 0.201649 -0.056952 0.339315 -0.582435 -0.750561 -0.411969
-0.828632 -0.453464 0.905228 -0.161743 0.516971 0.029907 -0.570933 0.963646 0.700390 1.035301 0.170047 0.201952 0.130070 -0.217568 0.137496 -0.670732 0.497967 -0.866025 -0.904449 -0.442045 -0.619285 0.150765 0.266829 0.501330 -0.216916 0.520960 0.900111 0.230953 0.602569 -0.438774
-0.618346 -0.957754 0.019584 0.868909 -0.800063 0.443203 -0.570070 -0.902169 -0.616891 -0.053337 0.505737 0.317176 0.961779 0.692915 -0.974145 -0.781265 0.774359 -1.010354 0.962633 -0.601248 0.987720 -0.107038 -0.560002 0.714893 -0.832300 -0.187643 -0.627115 0.144300 0.188375 0.751053
0.065869 -1.049378 -0.952315 0.208841 -0.202941 -0.507383 0.896746 0.338342 -0.457387 -0.052098 -0.181871 -0.298524 -0.303401 0.607293 0.891302 0.307989 0.155827 0.803323 -0.214876 -0.227422 0.080351 0.549492 0.131029 -0.117960 -0.235911 -0.072741 0.564404 -0.332725 0.789081 0.248742

Bias v0 (Oculta):
-0.016798
-0.116416
0.407804
0.120575
-0.667245
-0.597738
0.967333
0.613639
0.054119
0.661160
-0.352118
0.370348
0.038906
0.318551
0.342471
0.967604
-0.285161
0.544252
-0.615150
-0.165679
0.196938
0.754596
0.020955
-0.175568
-0.455544
-0.544219
0.126901
0.208314
-0.288017
-0.547503

Pesos w (Oculta -> Saída):
-0.185251 0.394610
1.362233 -1.300486
-1.484672 1.531283
0.166431 -0.888878
2.767008 -2.790341
0.102319 -0.014617
-0.209976 0.446403
-1.393171 1.259332
-2.536630 2.707364
-1.281565 1.386369
-1.747656 1.549402
1.386511 -1.129580
1.541617 -1.485535
-0.383530 0.152057
0.548655 -0.657569
1.103317 -1.000945
-0.557003 0.527412
-0.367483 0.610165
0.415365 -0.101961
-0.342352 0.337289
0.886430 -0.983857
1.685710 -1.534124
0.305041 -0.314594
-0.396172 0.511306
-0.948261 0.821643
1.356820 -1.419194
0.384276 -0.590217
-0.571195 0.112828
0.545287 -0.727498
-0.998830 1.203315

Bias w0 (Saída):
0.944790
-0.853576
