Pesos v (Entrada -> Oculta):
-0.683145 0.217099 -0.108209 0.160946 0.221536 0.742038 -0.748180 0.391236 -0.293028 0.077036 0.381613 -0.029971 0.608431 0.072406 0.659432
-0.856251 0.378801 0.952035 0.978107 0.683593 -0.139896 0.030713 0.441155 0.362429 0.044483 0.356807 0.809182 -0.099207 0.031152 -0.302769
-0.344319 0.084334 -0.612293 0.842165 0.363103 -0.313944 -0.841636 -0.493373 0.653888 -0.607507 -0.386240 -0.794513 -0.675251 0.661445 0.846656
-0.989156 -0.059769 -0.249959 0.949909 -0.483724 -0.693112 -0.853256 0.593320 0.170452 0.513668 -0.079070 -0.589677 0.650942 -0.654932 -0.012527
0.811144 0.296827 0.652832 -0.015123 0.044097 -0.432374 0.549005 -0.625823 -0.486659 0.563551 -0.127658 -0.092599 0.622761 -0.522359 0.010988
0.300507 -0.895239 0.917369 0.519259 -0.845169 -0.064998 0.714820 0.050840 -0.470382 0.812679 0.578106 0.280394 -0.762154 -0.547753 0.619999
0.296765 -0.012333 0.352652 0.224845 -0.146258 -0.365477 0.696793 -0.591185 0.549030 -0.318425 0.632491 0.074131 0.596249 0.881905 -0.001384
-0.955250 0.982968 0.760166 -0.975330 0.695209 -0.117563 0.837611 0.103076 0.261752 0.084212 -0.310078 -0.619732 0.069835 0.247115 -0.843729
-0.675350 -0.401998 0.595536 0.719614 0.461874 -0.065324 -0.228060 0.400904 0.288563 -0.031104 -0.421295 -0.795819 0.114557 0.427945 -0.500695
-0.243085 -0.403981 -0.222487 0.464006 0.108176 -0.563340 -0.726474 -0.056675 -0.449279 -0.647143 -0.249312 -0.206525 -0.497669 -0.913543 -0.220774
-0.314488 -0.042291 -0.612572 0.357784 0.610129 -0.410667 0.630004 0.124586 0.035951 0.418803 0.290787 -0.161921 0.631044 0.417531 -0.064137
-0.530839 0.856753 -0.709569 -0.742000 -0.968462 0.009217 0.877986 -0.373092 -0.005384 -0.717947 0.884641 0.725835 -0.112614 -0.723087 -0.771822
-0.361473 0.853198 -0.188525 -0.628900 -0.282159 -0.294226 -0.563585 0.968580 0.881665 -0.526953 -0.389212 0.728556 -0.345268 0.771907 0.355211
0.832512 0.360455 0.045446 -0.070311 0.268303 -0.959853 -0.547442 -0.301151 0.831763 -0.359105 -0.393578 -0.600712 0.139601 -0.135987 0.226330
0.055670 0.747276 0.123832 0.608628 0.281882 -0.695961 -0.514419 -0.728952 -0.560174 0.170019 -0.690293 -0.568633 -0.856512 0.937204 0.084578
-0.454460 -0.119441 -0.347124 -0.470755 -0.010869 0.306412 0.964715 0.413376 0.815743 -0.654303 0.161557 -0.071077 -0.593788 -0.220392 -0.049271
0.526903 -0.669644 -0.530834 0.340544 -0.681158 -0.605978 0.865815 -0.367388 -0.816811 -0.516763 0.289048 -0.941201 0.079210 0.558249 -0.329206
0.665272 -0.795590 -0.831987 0.504414 -0.200930 -0.857691 -0.246953 0.355804 -0.870842 0.419747 0.399736 -0.539328 -0.592898 -0.703663 0.678282
-0.341934 -0.134122 0.094144 0.402004 0.261498 -0.487611 0.431208 0.844981 0.230815 -0.574390 0.419746 -0.904552 0.848713 0.528006 0.680457
0.221765 -0.730146 0.224218 -0.400956 0.839481 -0.639693 0.548535 0.600461 -0.986948 -0.562632 -0.302609 0.347112 0.600476 0.444717 -0.720848
0.030726 -0.622787 -0.039849 -0.106166 0.158447 0.418617 -0.875583 -0.674770 -0.047550 -0.216673 0.006986 0.512062 0.972361 -0.499638 0.637214
-0.389425 -0.870936 0.016742 -0.985200 0.641915 -0.727700 -0.188734 0.664143 -0.000980 0.119061 -0.012289 -0.687966 -0.705866 0.728285 0.153546
0.838572 -0.431214 0.550113 0.219601 0.058566 0.952452 -0.640147 0.191327 0.521684 0.017915 -0.518156 -0.644126 -0.024834 -0.503429 0.808403
0.605308 0.063835 -0.989058 -0.587425 -0.757811 0.103994 -0.367609 -0.160144 0.570404 -0.572604 0.232157 0.725588 0.797543 -0.235584 -0.866743
0.083263 -0.747868 -0.064813 0.618072 -0.432214 0.161755 0.655448 0.468951 -0.457921 -0.229551 -0.622949 -0.924262 -0.250834 0.479475 0.390980
0.553622 -0.025972 -0.822376 0.848933 0.478858 -0.199553 0.346828 0.867859 0.877435 -0.771602 -0.624288 -0.521498 0.178617 0.539605 0.689958
-0.867133 0.776068 0.027799 -0.944365 -0.809506 0.645364 -0.316036 0.675214 -0.139381 -0.377225 0.617393 0.188704 -0.819323 0.981870 -0.965345
0.456456 -0.082086 -0.437635 -0.766832 0.765308 0.055140 0.010995 -0.367640 -0.816211 -0.125991 0.046426 0.359063 -0.592257 0.760156 0.467142
-0.113128 0.598204 0.798331 0.973942 0.511927 0.932294 0.605837 -0.312005 0.156480 0.374950 0.989190 0.750323 0.486408 0.512459 0.635104
-0.102906 -0.789823 -0.113295 -0.947378 0.596237 -0.391738 0.543870 0.029984 0.275269 0.631781 0.253951 -0.013532 0.709570 0.201910 0.366472
-0.138592 0.567651 0.000863 0.859360 -0.817913 0.563171 0.218006 0.208089 -0.023264 0.101600 0.647056 0.924511 -0.052188 0.532367 0.236490
-0.561980 0.105305 0.732782 -0.693525 -0.682329 -0.189073 0.728529 0.239592 -0.498991 0.910838 -0.110257 0.683609 -0.234761 0.070665 0.099436
-0.997573 0.867585 -0.332595 0.072271 -0.034977 -0.993923 0.680087 0.930294 -0.680271 0.958519 0.551187 -0.498487 0.709172 -0.644771 0.447782
-0.344211 0.189105 0.354770 0.096585 0.439969 0.917090 -0.580540 -0.010119 0.577881 -0.468330 -0.862513 -0.710787 0.994280 0.500480 0.487346
-0.565802 -0.200029 -0.460709 0.711564 0.970689 0.241072 0.453719 -0.209613 -0.635236 -0.333295 -0.204078 -0.205358 0.281968 -0.567565 0.772689
0.983035 -0.066626 0.350047 -0.099085 0.477312 -0.458645 -0.742230 0.967087 0.015247 0.070209 0.232361 -0.020112 0.486361 -0.333381 -0.460504
-0.741098 -0.779769 -0.108507 -0.384645 0.593191 -0.032707 -0.901003 0.204383 0.975707 0.510612 0.192554 0.470574 0.898381 -0.139273 0.843242
0.168800 -0.536322 0.477034 0.364243 0.492978 -0.387097 0.694891 -0.897102 0.071547 0.143751 0.849044 -0.450684 -0.495225 -0.795421 0.843373
-0.589264 0.755430 -0.461886 -0.160542 -0.543193 0.086662 0.407651 0.729778 -0.265059 -0.461814 0.647987 0.112936 0.737402 0.845750 0.011950
0.291511 0.189151 -0.155122 -0.867576 -0.079504 -0.716768 0.324358 0.024611 0.883772 -0.503708 0.232133 -0.728108 0.641836 -0.397263 0.724031
-0.793265 0.989303 0.578011 0.346577 0.162079 -0.436488 -0.147129 0.092261 -0.008916 0.223109 -0.294285 0.376716 0.892415 -0.874923 -0.567327
0.604662 0.771026 -0.953259 0.168212 -0.191534 0.482877 0.612381 0.645697 0.770040 -0.644008 -0.396597 -0.556092 -0.109837 -0.634327 0.224693
0.192295 0.663419 0.007763 -0.455617 -0.386836 -0.205935 -0.110634 0.368851 0.495113 0.226399 -0.298706 -0.481494 -0.218885 -0.915699 -0.912700
-0.549713 -0.641953 0.821269 0.129625 -0.557219 0.575737 -0.074810 0.258562 0.137384 0.605021 -0.936517 -0.343103 -0.749355 0.181761 -0.021266
0.627880 -0.742758 -0.345515 0.255793 -0.619603 -0.332028 0.871922 0.758459 -0.350008 0.663148 0.374621 -0.052912 0.885083 0.007850 -0.476199
-0.169114 -0.320751 0.199297 -0.661617 -0.908487 -0.769898 0.663837 -0.118294 -0.166313 0.213445 0.821367 0.755195 0.512329 -0.620344 -0.860966
-0.049531 -0.904152 0.234268 -0.587219 0.953849 -0.725764 0.906596 -0.800890 0.526771 0.827449 -0.561080 -0.844768 -0.570004 0.982645 0.021420
-0.619306 -0.799270 -0.393320 -0.174770 0.483583 0.512499 0.056950 -0.607948 -0.270462 -0.600178 -0.430665 -0.448777 0.232555 0.330160 -0.271144
0.625651 0.967418 0.968045 -0.241906 0.880715 0.646769 -0.244374 -0.910075 -0.012525 -0.711311 0.764539 -0.343315 -0.496495 -0.075346 -0.918203
-0.027649 0.558871 -0.735371 -0.693248 -0.211378 0.466518 -0.482341 -0.309754 0.684514 0.484012 -0.455776 -0.968190 -0.408860 -0.337447 0.621709
0.247797 0.768494 0.192815 0.803487 0.946753 -0.526859 -0.227856 -0.954190 0.533657 -0.217089 -0.429960 0.027914 -0.121949 -0.726364 0.060880
0.344523 -0.214549 -0.497211 0.662888 -0.830076 -0.410952 -0.597685 0.934261 -0.225857 -0.508247 0.878109 0.019610 -0.687269 0.466738 -0.408692
0.367270 -0.951557 0.747893 0.194795 0.331944 -0.045390 0.674450 -0.174337 0.631805 0.190315 0.051768 -0.727736 -0.304371 0.744875 0.773710
0.467946 -0.280101 -0.230137 -0.225521 0.370805 -0.510659 0.281890 0.488924 -0.254097 -0.403365 0.757435 0.136610 -0.533203 0.697076 0.376325
-0.490854 -0.901941 -0.602403 -0.039217 0.351892 0.635307 0.668366 0.398969 -0.463806 -0.913069 -0.322605 -0.655695 0.576588 0.775507 0.436505
0.805517 0.367165 -0.247958 0.697660 -0.148421 0.153655 0.917988 0.564682 -0.461276 -0.042825 0.997849 -0.498204 0.559160 0.697177 0.358103
-0.577242 -0.558166 0.014260 0.528516 0.588445 -0.252017 -0.976521 -0.645248 -0.447308 0.566685 -0.094818 -0.869860 0.771206 -0.465130 0.323099
0.786471 -0.955755 0.602024 -0.653422 -0.229060 -0.865402 0.880388 0.202319 -0.272298 0.411767 0.683417 -0.576502 -0.009945 -0.570292 -0.513906
-0.479702 0.752805 -0.622950 0.276221 -0.104148 0.031745 -0.548409 0.168351 0.573871 -0.107456 -0.877880 -0.347273 -0.706993 -0.724900 -0.892044
0.330315 -0.132777 -0.177959 0.589212 0.156962 -0.440374 -0.717648 0.025478 0.296111 0.784629 0.235580 -0.064505 0.905913 0.875434 -0.207513
-0.321454 0.680050 -0.788692 -0.101372 -0.199683 -0.061170 -0.078657 -0.887833 -0.308425 0.425121 -0.582844 0.063108 -0.860118 0.010605 0.829380
-0.197434 0.546029 0.307088 0.506763 0.781227 -0.177406 -0.489621 0.632141 0.060569 -0.755752 0.644469 -0.338551 -0.471819 -0.969246 -0.438365
0.246654 0.285403 0.322226 0.420930 -0.228922 0.426197 -0.131462 -0.287929 -0.873571 -0.894729 -0.545887 -0.456571 0.892923 0.314719 0.352440
0.551655 0.462850 -0.334301 0.309305 0.063316 -0.734574 0.469745 0.254023 0.457000 -0.540015 0.284034 -0.391306 0.697400 -0.343135 -0.137002
0.220762 0.028407 0.683794 -0.583026 -0.110129 0.716036 0.212765 0.594151 0.813091 0.271878 -0.992465 -0.325570 -0.440197 0.053264 -0.005786
0.006375 -0.811904 0.019436 0.741564 0.089851 0.959537 -0.673041 -0.927438 0.986335 0.329937 0.163897 -0.479919 0.031318 -0.126897 -0.220321
-0.410819 0.632907 -0.802293 -0.154949 -0.225599 0.329459 -0.281979 -0.516874 -0.452451 -0.663208 -0.125669 -0.710284 -0.541578 0.621523 -0.595546
-0.981649 -0.058102 0.781796 0.012765 -0.431328 -0.829572 -0.057977 0.365010 0.173627 0.028624 0.820755 -0.935865 0.491183 -0.096937 0.483503
-0.300852 0.052278 0.572410 0.549397 -0.469545 0.491794 0.266249 0.828275 0.805898 -0.022188 -0.353488 0.487030 -0.816234 0.459322 0.579296
0.084515 0.846294 -0.381576 0.177729 0.504844 -0.516209 -0.249603 0.224281 0.753725 -0.014369 0.830483 0.850416 0.826455 -0.299401 -0.561187
0.107980 0.038744 0.723149 -0.708265 0.297820 0.174983 0.357527 0.708866 -0.642132 0.460099 -0.828109 -0.769289 -0.658608 -0.456314 0.922478
-0.643857 -0.466836 -0.597032 -0.459775 0.910474 -0.746017 -0.406255 -0.935332 -0.808490 -0.149227 -0.908150 -0.383919 -0.225634 0.668043 -0.189526
-0.791521 0.374134 -0.458750 0.382937 -0.044314 0.068364 0.671888 -0.620457 0.158427 -0.653256 0.044771 0.230026 -0.025456 -0.982410 0.849295
0.498807 -0.388136 0.624891 0.076047 0.207997 0.347565 0.377168 0.437751 0.451591 0.448375 -0.160292 -0.440533 0.407547 0.553907 -0.339735
-0.692059 0.648036 0.760991 -0.838138 -0.329907 0.562091 -0.340692 -0.986331 0.480158 0.590682 0.004493 0.939003 0.185899 0.589424 0.446886
0.520497 0.648289 0.269181 0.568094 -0.463712 -0.105483 0.132487 -0.140998 -0.237695 0.807445 0.791653 0.873897 -0.048816 -0.793440 0.221757
-0.278589 -0.236952 0.556404 -0.415557 0.440739 -0.182630 0.581036 0.897797 -0.786246 0.723998 -0.943669 0.143798 -0.747043 -0.736161 0.921348
-0.238340 -0.141896 -0.021499 -0.830611 0.754846 0.082323 -0.299559 0.164476 0.238198 -0.590301 0.038998 0.019006 0.076516 0.383568 0.418202
0.057278 0.694688 0.962239 0.307818 -0.059011 0.718384 -0.140229 0.482233 0.965830 -0.716259 0.105765 0.486842 0.680077 0.896047 -0.855596
0.480504 -0.036174 0.936385 0.672831 -0.627020 -0.119532 -0.769685 0.120709 -0.704518 0.313220 0.661539 0.503868 0.550267 0.910927 0.407025
-0.510600 0.597693 -0.365265 -0.445980 0.430491 0.559250 -0.111986 0.449758 0.970099 -0.790637 -0.840685 -0.399690 0.011907 0.049029 -0.391421
0.765563 0.087195 -0.564947 -0.381102 -0.424989 0.198463 0.699589 0.494200 0.230870 -0.353561 -0.180647 0.333290 0.320491 -0.085002 -0.787355
-0.166735 -0.265507 -0.934137 -0.194011 0.242916 0.903943 0.051376 -0.700875 0.276381 0.091913 -0.975879 -0.440050 0.379262 -0.309444 -0.095584
-0.477986 -0.942223 0.662105 0.225733 -0.021655 0.876430 0.404230 -0.603070 0.987549 -0.875504 -0.168989 -0.171640 0.807978 -0.323490 0.373358
-0.038297 0.805926 0.969373 0.970605 -0.150235 0.735257 0.659970 0.934533 -0.153852 0.426277 -0.962617 -0.180638 0.884182 -0.711861 0.419005
0.553962 0.865365 0.015674 0.983682 -0.854094 0.089469 0.323398 0.803705 0.599045 -0.133366 -0.851729 0.823843 -0.023202 -0.053553 -0.506366
-0.843286 -0.336039 0.716635 -0.850201 0.817942 -0.816846 -0.250319 0.082543 0.950498 -0.781815 0.649075 -0.197068 -0.192431 -0.995117 0.014374
-0.226724 -0.164236 -0.586184 0.108096 -0.988651 -0.953838 0.002738 -0.141542 -0.200510 -0.847678 0.458514 0.631921 -0.633870 0.412641 -0.916533
-0.496941 0.965604 -0.430650 -0.177467 0.064096 0.462210 -0.295697 0.086857 -0.682218 -0.674470 -0.834215 -0.610040 -0.656811 0.540563 -0.431023
-0.352740 0.452038 0.301419 -0.565762 0.685567 -0.986636 -0.827409 -0.995148 -0.610199 0.891680 -0.088040 0.235676 -0.700941 -0.465396 0.661622
0.416163 -0.086188 -0.413232 -0.245758 -0.110773 0.161552 0.744567 -0.545768 -0.676969 0.829876 0.956646 -0.283413 -0.872575 -0.151937 -0.576285
-0.257966 -0.415829 -0.128795 0.106121 0.661024 -0.059248 -0.553654 0.158437 -0.830974 0.692592 0.845419 -0.818010 0.792050 0.120365 0.908696
-0.873607 -0.095690 0.600362 0.289326 -0.091662 -0.255503 0.169199 -0.698728 -0.242958 -0.869186 -0.877193 0.689503 0.502882 -0.449713 -0.225145
-0.133067 -0.653006 -0.823198 0.670164 -0.607860 0.445570 -0.409042 0.053875 0.666466 0.970247 -0.959464 0.734777 -0.742787 -0.181363 -0.151522
-0.022941 0.174349 0.522314 -0.642679 -0.492137 0.325555 -0.636876 -0.411297 -0.302434 0.189050 -0.535350 0.491341 0.702366 0.714465 -0.129801
0.933644 0.309238 0.099067 0.384143 -0.768187 0.971860 -0.282736 0.862804 0.704807 0.297973 -0.575888 -0.249561 -0.903126 0.854215 -0.498938
0.985444 -0.901993 -0.922524 0.750916 0.171722 0.418299 -0.885655 0.700803 0.394828 0.762868 0.761064 -0.790697 0.455730 0.416898 0.107366
0.093144 -0.744132 0.385252 0.239999 -0.351020 -0.916302 0.020544 -0.636154 0.685894 -0.996219 0.523521 -0.426708 -0.693576 -0.369964 0.156446
-0.465483 0.727277 0.266424 0.918732 0.657762 -0.079650 0.510757 -0.826449 0.426835 0.886217 0.537917 -0.105016 -0.843000 -0.604868 -0.082344
-0.307607 -0.489720 -0.428612 -0.641643 0.478519 -0.706271 -0.729343 -0.107893 0.064857 0.173889 0.201710 -0.348524 0.019320 -0.529136 0.285010
0.575033 -0.834863 0.692806 0.476629 0.763738 -0.814440 -0.850883 0.959664 -0.832738 -0.867852 -0.076922 0.477804 -0.420874 -0.112862 0.845599
0.027089 -0.898473 -0.890265 -0.158083 -0.187682 -0.485382 0.388527 -0.950905 -0.077097 0.909399 0.028121 -0.862194 0.485199 0.810340 0.607977
0.538108 -0.770045 0.135775 -0.987623 -0.583259 -0.443175 -0.597676 0.260630 0.635809 0.629718 -0.261154 0.387353 0.032938 0.091092 0.371762
-0.783714 -0.964046 -0.496908 -0.268802 0.471713 -0.675431 0.408605 0.287965 -0.879431 0.954263 0.220668 -0.669030 -0.255881 0.205189 -0.293952
-0.757482 0.478297 -0.651159 -0.659858 -0.979704 0.501090 0.341891 -0.772543 -0.173710 -0.301772 -0.983924 0.942781 -0.863323 -0.112264 0.421779
-0.582280 -0.181662 0.165944 -0.806111 -0.436621 0.486114 -0.986474 -0.659715 0.408930 0.789554 -0.549976 0.203139 0.609749 0.245694 -0.708622
0.851684 0.372016 0.077551 0.440475 0.860722 0.939233 -0.514556 0.201802 0.200625 -0.337402 0.139000 0.423453 -0.033224 0.000796 0.969957
0.547636 0.024434 0.019252 0.461654 -0.332935 0.516028 -0.623511 -0.965581 0.283593 0.498181 -0.435628 0.725572 0.551498 0.365867 -0.825482
0.151161 0.381161 -0.231531 0.557760 0.194369 -0.703274 0.313783 -0.386877 -0.581182 -0.786071 0.937861 -0.281557 -0.464276 0.428612 -0.944547
-0.381220 -0.225559 0.396936 -0.098233 0.768136 -0.514460 -0.211933 0.822946 0.762728 0.286237 -0.086984 0.669135 -0.585599 0.878404 -0.563231
-0.520215 0.332702 -0.134577 -0.963078 0.116946 -0.019973 -0.698972 0.252785 0.987739 -0.274079 0.897515 -0.012089 -0.935924 -0.654924 -0.859312
-0.869658 0.589057 0.598611 -0.267731 -0.747684 -0.170231 0.210310 0.723857 0.599828 0.793068 0.863265 0.408694 -0.740514 0.218792 0.487367
0.590269 0.856545 0.352501 0.654345 -0.750443 0.029830 0.256743 -0.680255 0.359641 -0.281556 0.934258 -0.869387 -0.505735 0.182624 -0.177665
-0.723431 0.500150 -0.754422 0.552765 0.043567 0.337854 -0.803704 0.890206 0.599440 -0.132176 -0.672993 0.480676 -0.383250 0.748808 0.706260
0.313131 -0.188620 0.583807 0.024139 -0.644113 0.971157 -0.697683 -0.292387 -0.341843 -0.266549 0.491369 0.407290 0.462429 -0.758608 0.920184
0.268772 -0.884220 -0.455551 -0.117643 -0.672391 0.844367 0.786186 0.469252 0.563091 0.585654 -0.985412 -0.101425 -0.788335 0.476709 -0.295418
0.410430 0.612676 -0.808224 -0.489981 -0.174275 -0.910939 -0.537748 0.583866 -0.085057 0.257049 -0.288083 -0.538481 -0.389394 0.422781 0.604111
0.820841 0.411856 -0.028174 -0.108306 0.953335 -0.053898 -0.361382 -0.589387 0.234402 -0.369025 -0.304062 0.529201 -0.338903 0.743879 0.160770
-0.869741 -0.839766 -0.111498 0.387243 0.304757 -0.960273 -0.575005 0.355016 -0.690909 0.927735 -0.721566 0.069664 -0.473722 -0.088447 -0.371908
0.416673 0.447042 -0.659353 -0.056934 0.734620 -0.381660 -0.119096 -0.133470 -0.582195 -0.944301 0.204789 -0.703456 0.597036 -0.585963 0.542996

Bias v0 (Oculta):
-0.226899
0.058680
0.416474
0.420343
-0.702020
0.782604
0.409167
-0.169069
0.182100
-0.877356
-0.405718
0.977869
-0.221914
0.760215
0.467076

Pesos w (Oculta -> Saída):
-0.973408 0.820632
-0.643748 -0.129378
0.524066 0.557431
0.608084 0.013490
0.451714 0.557005
-0.513599 0.445298
-0.102651 -0.162662
0.698545 -0.696242
0.840594 0.698347
0.857397 0.848907
0.451934 -0.209633
0.236116 -0.802172
0.537222 0.054220
0.666723 -0.889946
-0.049951 0.437156

Bias w0 (Saída):
0.296641
-0.998511
