Pesos v (Entrada -> Oculta):
-0.329670 -0.697829 0.882301 -0.648740 -0.650274 -0.702094 -0.402553 -0.828374 0.516013 0.418003 -0.595689 0.066160 -0.119351 -0.752399 0.254904 0.440580 -0.093229 0.709627 -0.427418 -0.446596 0.855807 0.422213 -0.723498 0.512131 0.482871 -0.086619 -0.288268 0.739243 -0.389691 -0.402799 -0.550643 0.967327 0.811767 -0.472937 0.645028 -0.201356 0.686921 -0.501483 0.159601 0.552129 -0.882045 0.683864 -0.098298 -0.458240 0.051100 -0.071481 0.300692 -0.107798 -0.574470 0.320224
0.451724 -0.831375 -0.296910 -0.333968 -0.566441 0.225265 -0.894251 -0.792597 0.409588 -0.743502 0.176030 -0.125054 -0.251723 0.147878 -0.110658 0.385439 0.837302 0.646167 0.849483 0.497298 -0.352665 0.554337 0.127207 0.803342 0.277339 -0.080651 0.748641 -0.674196 -0.697704 -0.515843 -0.980793 -0.700475 -0.540728 0.277938 -0.301824 -0.815681 0.236014 0.782767 -0.014441 0.214099 0.142900 -0.068768 0.413056 0.671576 0.795716 0.289778 -0.494987 -0.851401 0.052340 0.982776
-0.846238 -0.523126 -0.520406 -0.583767 -0.840352 -0.059656 -0.878680 -0.075328 -0.873505 -0.390530 -0.719954 0.884652 0.913672 -0.382507 -0.034879 -0.629963 -0.372244 -0.147165 -0.003220 -0.153239 -0.710945 0.443724 0.699612 -0.210798 -0.793272 -0.207872 -0.470685 0.083442 -0.099572 0.664940 0.872786 0.408126 0.919693 0.163843 -0.178137 0.643710 -0.903699 0.813343 0.155858 0.736688 -0.481143 -0.548936 0.221200 0.167659 -0.494220 -0.614210 0.961168 0.398335 0.972800 0.354144
-0.928909 0.025243 0.190841 0.865872 -0.049146 -0.501831 -0.325258 0.593760 0.974960 0.973872 0.602279 -0.081943 -0.971026 0.565741 -0.787602 0.725708 -0.893954 0.956852 0.025021 0.085305 0.129407 0.405918 -0.439827 -0.557956 0.511687 -0.772144 -0.953417 -0.444747 -0.713730 -0.439148 -0.789333 0.008371 0.736678 -0.016484 -0.128838 0.172351 0.236911 0.569471 -0.330815 -0.069446 -0.341588 0.289635 -0.294496 -0.772602 0.445356 -0.078066 -0.449979 -0.365125 -0.960080 0.253775
0.826138 -0.698911 0.428577 0.591690 0.215414 -0.319243 -0.005132 -0.127960 0.019296 -0.220679 0.318631 0.588510 -0.658825 0.970569 0.563487 0.433293 0.887017 -0.330620 -0.741792 0.379215 -0.810627 -0.826418 -0.816868 -0.997250 -0.218456 0.779289 0.965780 -0.592110 0.971063 0.856368 -0.869591 0.531409 0.856991 0.408637 -0.280845 -0.531714 0.088211 0.946811 -0.397332 -0.975316 0.705590 -0.062053 0.570253 0.626985 0.390203 0.102521 0.784628 -0.353690 0.541930 0.356336
-0.380283 -0.613142 -0.363519 0.264720 0.462450 -0.681469 0.110024 -0.508780 -0.603073 0.641037 -0.735972 0.549169 -0.189597 -0.436539 0.574243 -0.655570 0.294813 -0.224718 -0.499404 0.504571 -0.168626 -0.783782 0.144603 -0.856473 -0.462284 -0.045687 -0.613950 -0.545939 0.083628 -0.269105 -0.007031 -0.808667 -0.135419 -0.604378 0.621848 -0.615694 0.179166 -0.497723 -0.311876 -0.473194 -0.604287 0.167839 0.197211 -0.143271 -0.067640 0.343314 -0.343906 -0.097789 -0.677684 -0.636042
-0.690189 0.758700 -0.651565 -0.822655 0.028636 0.578060 0.228704 -0.333195 -0.171445 -0.741247 -0.942302 0.654844 -0.620184 0.793648 -0.755453 0.157668 -0.611827 0.107992 0.774796 0.248543 -0.171642 -0.839840 0.367359 0.398965 -0.825097 -0.547740 0.730028 -0.992870 0.284598 -0.778095 -0.410535 -0.100082 -0.308924 -0.447928 0.191897 -0.474508 -0.033299 -0.146620 -0.518343 -0.283599 -0.231295 -0.941433 0.819620 0.377594 -0.354200 0.743626 -0.637633 -0.068340 -0.652668 0.436276
0.131252 0.935525 0.084461 -0.124794 0.733124 0.479229 -0.698470 -0.424930 -0.915220 0.012994 0.261092 0.883271 0.150582 0.099483 0.974596 -0.812565 0.928445 0.996514 -0.544533 -0.586717 -0.345552 -0.435168 0.954572 0.816438 0.265697 -0.041974 -0.399775 0.356978 -0.213729 -0.133278 -0.099873 -0.783324 0.409291 -0.352166 0.955215 0.580987 0.768813 0.238877 -0.826096 0.989067 0.457155 -0.332474 0.986631 -0.718670 -0.449858 -0.038033 -0.951941 0.624000 0.682245 0.381216
-0.445357 -0.797347 -0.866062 0.403945 -0.468967 0.759495 0.948097 0.287711 0.373830 -0.624295 0.937091 -0.933438 0.861024 0.193410 0.219327 -0.150581 -0.258493 0.401209 -0.591630 -0.149000 -0.632249 -0.979054 -0.484355 0.930928 0.761856 -0.956322 -0.750335 -0.812473 -0.538990 -0.059116 0.430657 0.786429 0.280591 -0.997151 0.227707 0.013391 0.877333 0.647777 -0.229234 -0.696552 -0.804505 0.556690 -0.363044 0.775594 -0.013241 0.505241 -0.143354 0.338621 0.876125 -0.855931
0.401154 0.031522 -0.845043 -0.045339 0.768942 -0.461600 0.013427 0.289963 -0.604143 0.655006 0.013074 -0.509255 0.064959 0.859416 -0.049909 -0.020012 0.915257 0.378179 0.851098 -0.476727 0.941500 0.772452 0.966809 0.832013 0.921748 0.933326 -0.185530 0.232978 -0.794792 0.943947 0.202921 0.246571 0.785342 -0.314427 -0.239821 0.389608 0.848330 -0.513349 -0.596084 0.493186 0.170643 0.737412 0.788674 0.171884 -0.150758 -0.780867 -0.231708 -0.377924 0.409010 0.660292
-0.255760 -0.423651 -0.705370 -0.735868 -0.872769 -0.668001 -0.109114 -0.579945 0.506562 0.757814 -0.304173 -0.575904 0.443542 0.975189 0.757938 0.352575 -0.941517 -0.688164 0.439423 0.802664 0.410647 -0.421274 -0.408624 -0.192702 0.418286 0.147024 -0.151857 -0.675729 0.857252 0.175344 0.506616 0.273390 -0.349386 0.071174 0.963971 -0.050758 0.171783 -0.982509 0.491216 -0.189902 -0.728274 0.980621 -0.913369 0.532597 0.817560 -0.601394 -0.823604 0.650148 -0.838944 -0.922710
-0.150264 -0.090925 -0.604073 -0.965193 0.093221 0.082106 0.154638 -0.522240 0.346032 0.201811 0.353543 0.702166 -0.948521 -0.654207 -0.938749 0.345265 0.617878 0.606141 -0.619587 -0.222730 -0.132647 -0.794924 0.009760 -0.324194 -0.705986 0.836424 -0.008019 0.493426 0.822554 0.894851 -0.114703 -0.359502 -0.536662 -0.367410 0.399470 0.776787 0.205148 0.650484 0.156308 -0.252373 0.951588 0.422615 0.583199 0.749493 -0.906174 -0.198037 -0.735560 0.705444 0.366915 -0.796795
-0.295195 0.261026 -0.319967 0.747506 -0.465197 -0.438105 -0.176003 0.133035 0.929365 0.762095 -0.404442 -0.635415 -0.409015 -0.581080 -0.654136 -0.896077 0.510356 0.352003 0.887171 0.823370 -0.512444 0.017221 0.875019 -0.637158 -0.739718 0.522882 0.942543 0.421929 0.832086 -0.325178 -0.562908 0.981720 0.957686 -0.292831 0.564533 -0.402868 -0.976994 -0.266896 0.422218 -0.062464 -0.045416 -0.794418 -0.835496 0.385235 0.309670 -0.443544 -0.809169 -0.329161 -0.578546 0.921359
0.548173 -0.631142 0.570505 -0.821582 0.447213 -0.974170 0.873419 -0.271142 0.624279 -0.308655 0.008993 0.817474 -0.691621 0.011944 -0.390676 0.196607 -0.497406 -0.467876 -0.815535 -0.641586 0.930536 0.521869 0.142247 -0.299003 0.681972 0.223432 -0.523159 0.463483 -0.198940 -0.083429 -0.661285 0.620139 0.258309 -0.993399 -0.212413 -0.401373 0.144145 0.638315 0.745571 -0.994443 -0.302564 0.212009 -0.171416 -0.868892 -0.788179 -0.627968 -0.468531 0.979054 -0.760899 0.486562
0.556284 0.307088 0.582828 0.548437 0.834392 0.095630 -0.284142 0.198883 -0.387255 -0.724388 0.476817 -0.996416 -0.865311 0.690299 0.669269 0.576879 -0.057369 0.606124 -0.348522 0.144341 0.357155 -0.506289 -0.821931 0.749202 -0.969608 0.277538 0.629719 -0.238649 -0.293050 0.435328 0.121202 -0.771845 -0.283580 -0.056337 -0.518538 0.040070 0.890102 0.974952 -0.335172 0.458379 0.887299 -0.821603 -0.924114 0.536182 -0.613485 -0.247664 0.036301 -0.715302 -0.798394 0.203733
-0.526082 0.146278 0.270387 0.875336 0.938334 0.278036 0.787081 0.548850 -0.806187 -0.686661 -0.981494 0.392514 -0.288882 -0.868534 -0.296177 0.341183 0.567622 0.809779 0.650432 0.331305 -0.370241 0.222503 0.923526 -0.682426 0.196366 -0.675417 -0.133262 -0.296279 0.982120 0.794005 -0.461271 0.212766 0.580568 -0.840573 0.540058 0.944659 0.626218 -0.264598 -0.012365 0.342856 0.909381 -0.993564 -0.128241 0.825855 -0.902992 -0.427467 -0.591488 -0.594861 -0.209831 -0.574532
0.214418 -0.483527 0.564458 -0.184756 0.452470 0.965848 0.679460 -0.523636 -0.946460 0.481805 -0.903215 0.072201 0.080095 -0.691731 0.542838 -0.033237 -0.262966 0.488041 0.683032 0.260416 0.653291 0.640144 -0.913807 0.618682 0.639715 0.396184 -0.711321 -0.078775 -0.856286 0.062631 0.169109 -0.590892 0.358503 -0.319668 -0.754924 -0.753115 0.583313 0.073161 0.858272 -0.272788 -0.671801 -0.501329 0.379116 0.324579 0.355797 0.736875 0.617490 -0.238095 0.377334 -0.433191
-0.729617 0.701163 -0.511578 0.447493 0.869759 0.479344 -0.272376 -0.855646 -0.520538 0.240775 0.086895 -0.608775 -0.157967 0.226793 -0.772058 -0.064995 -0.086060 -0.097638 0.996848 0.787688 0.374705 -0.298033 0.962405 0.011441 -0.739786 0.031945 0.298508 0.011245 -0.303418 -0.394305 -0.137789 -0.990351 -0.872840 -0.087580 -0.499424 -0.396747 -0.383132 0.728449 0.109867 0.066354 0.794439 -0.569033 -0.178317 -0.654733 0.438859 -0.613409 0.476645 0.319649 0.894323 -0.138717
0.435381 -0.903774 -0.761743 -0.037464 -0.861862 -0.733684 0.046971 0.654678 -0.737162 -0.931442 -0.104762 0.236079 -0.583654 -0.635175 -0.985418 0.975697 -0.635169 -0.513117 -0.627417 -0.047686 -0.088353 0.540838 -0.913643 0.703473 0.106522 -0.860353 0.821723 -0.157730 0.143899 0.372569 -0.515277 -0.305718 -0.804386 -0.254599 0.678932 0.232984 -0.313589 0.415012 0.353945 0.916296 -0.126107 0.536056 0.971607 0.506257 -0.993145 0.350598 0.978054 0.874612 -0.740559 -0.462591
0.618229 0.550528 -0.626181 -0.110811 0.120946 -0.874600 0.707302 0.381580 -0.511719 0.527876 0.385808 0.661151 -0.893830 -0.170667 -0.730877 0.308874 0.124828 0.935140 -0.283022 -0.751911 0.924749 0.560727 0.838046 0.364181 -0.064050 -0.224807 0.949411 0.228925 -0.724202 -0.252995 -0.041250 -0.606439 -0.431232 0.671031 0.049504 -0.330389 -0.785576 0.949958 -0.759295 -0.642611 -0.991781 0.765515 -0.397879 -0.216980 -0.539217 -0.001712 -0.675086 -0.232004 -0.370148 0.626817
-0.350585 -0.282516 0.716322 -0.336372 0.393705 0.144086 -0.549086 0.655438 0.884067 0.985461 -0.102214 0.929947 -0.840765 0.072601 -0.413796 -0.176918 -0.969577 0.817112 0.955825 0.651407 0.207780 0.991615 -0.934938 0.547047 0.289835 0.436820 -0.511722 0.659542 0.453916 0.421080 -0.748328 -0.932816 -0.792440 -0.335789 0.471209 0.405338 -0.489697 0.386327 -0.463878 0.987706 -0.233158 -0.432027 0.356902 -0.191408 -0.730077 -0.841421 0.486073 0.479297 0.303252 -0.157734
0.531458 0.738385 -0.678850 -0.254164 -0.034978 -0.895158 -0.750559 -0.099386 -0.169707 -0.221402 0.868445 0.415584 -0.148325 0.934563 -0.588493 -0.200878 -0.008333 0.253190 0.113225 0.390261 0.670005 -0.864011 0.744135 -0.259208 0.813022 -0.645565 -0.304810 0.584488 -0.019673 0.457397 0.745774 0.260676 0.594686 -0.753729 0.493833 0.279312 -0.872481 -0.052317 -0.271769 -0.600497 -0.113849 -0.400474 -0.094541 0.195252 -0.129740 -0.220022 0.179837 -0.676641 0.580495 -0.973755
0.741482 0.637720 -0.915505 -0.260486 -0.779949 0.984991 -0.729575 0.284787 -0.068983 -0.774306 0.985532 0.634237 0.677327 -0.166247 0.513792 0.779851 0.280512 -0.409608 0.944221 0.376315 0.689050 -0.981227 -0.327620 0.013366 0.021404 -0.761901 -0.602791 0.506584 0.044517 -0.672736 0.402145 0.473383 0.997719 -0.529710 -0.199287 0.027289 0.262157 -0.611178 -0.023097 0.935743 -0.458058 -0.978056 0.268735 0.563841 -0.547895 0.711773 0.667058 -0.924254 -0.668558 -0.171072
0.744867 -0.055960 0.849110 -0.833390 0.621652 0.161342 -0.205622 0.632982 -0.942543 0.606836 0.078434 -0.261308 0.264477 -0.460658 0.832813 0.935508 0.703679 0.930386 0.388138 0.601087 -0.312989 0.600295 -0.206238 0.775012 -0.298729 0.748012 0.206993 -0.049593 -0.487477 0.240804 0.102426 0.448581 -0.368984 -0.568107 0.922513 0.746015 0.815243 -0.410503 0.215255 -0.350257 -0.086141 -0.827702 0.146037 -0.281211 0.313845 -0.110776 0.397201 0.766677 0.710100 0.772920
-0.879427 -0.957162 0.986297 -0.217545 0.329201 -0.260286 -0.892075 -0.402338 0.663640 0.191470 -0.319887 0.136675 0.339125 0.150880 -0.937047 0.064639 0.791179 0.311542 0.136056 -0.068403 0.015293 0.146280 0.353782 0.385808 0.927386 -0.175713 0.573703 -0.348265 -0.198806 0.455112 -0.861402 0.307258 -0.163114 0.587805 0.390238 -0.816379 0.213388 -0.688706 -0.632261 0.864034 -0.385990 0.555702 -0.677277 -0.307330 -0.795190 0.426720 -0.991506 0.613493 -0.035912 -0.018436
0.863459 0.963706 0.319309 0.578290 0.707170 -0.166939 -0.900760 -0.890390 0.977116 -0.327790 -0.328038 0.962961 0.306366 -0.675927 -0.836198 -0.487725 0.216407 0.998490 -0.786464 -0.186520 0.060496 -0.701636 0.800633 -0.047304 -0.504704 -0.210152 -0.265217 0.283084 -0.983808 -0.486720 0.622847 0.113463 -0.329247 0.431244 -0.771378 0.215714 0.988975 -0.312497 -0.324678 0.466926 0.036711 0.259906 -0.415958 -0.378263 0.642897 -0.050270 -0.058435 0.607071 0.251035 0.360437
-0.149344 -0.738687 -0.142481 -0.720155 0.505219 -0.090018 -0.161994 0.765576 0.382651 0.346557 -0.077499 -0.686030 -0.914535 -0.312859 0.344757 -0.750809 -0.213702 0.180968 -0.030192 0.998730 -0.149113 0.757795 -0.244813 0.405318 -0.564342 0.744564 0.623069 0.536290 0.207959 0.872927 -0.899268 -0.473955 -0.514539 0.784316 0.728897 -0.746709 0.330447 0.659767 0.993002 -0.391043 0.278681 0.118930 -0.408029 -0.719988 -0.534842 0.781296 -0.705993 0.085821 -0.097992 -0.530977
0.167032 0.658946 -0.665002 -0.839298 -0.761317 0.881579 0.732975 -0.336709 0.419106 -0.776236 -0.804241 0.891157 -0.748578 0.513225 0.093465 0.499267 -0.958597 -0.621726 0.006486 0.197101 0.383035 -0.601234 0.636078 -0.899914 0.501401 -0.172305 -0.025076 0.485476 -0.417896 -0.017013 0.765416 -0.555157 -0.600605 -0.732064 -0.704351 0.110392 -0.407034 0.599109 0.365096 0.717202 0.801307 0.602317 -0.297904 -0.197099 -0.428492 -0.411890 -0.831420 0.475324 0.398029 0.233920
-0.242660 -0.177754 0.629513 -0.273660 -0.432547 -0.751852 -0.889912 0.258076 -0.166447 0.633941 0.517605 0.206561 0.886707 -0.121564 -0.132958 -0.325977 0.338372 -0.382396 -0.156426 0.274446 0.457758 -0.942940 -0.006175 -0.751774 0.073808 0.635278 0.671500 0.999929 0.201004 0.112267 -0.858462 -0.765358 0.821080 0.504090 -0.951596 0.988549 0.323779 -0.483219 -0.800092 -0.183437 -0.975558 0.122157 -0.622026 0.346475 0.042185 0.215790 -0.311349 -0.764474 0.537280 0.625304
0.947747 0.024105 -0.355563 -0.606470 -0.127579 0.076598 -0.457370 0.185350 -0.432506 -0.366045 -0.655730 -0.060658 -0.959847 0.163644 0.496928 -0.591182 -0.136452 0.918885 0.257211 -0.359725 -0.135941 -0.760645 -0.965205 0.068886 -0.870576 0.573868 -0.331827 0.363155 0.357632 0.673971 -0.602009 0.889012 0.973948 -0.504021 -0.007880 -0.778183 -0.421058 -0.370909 -0.598360 0.478370 -0.021223 -0.455594 -0.056647 -0.102843 0.356820 0.142549 -0.382755 -0.781431 -0.056503 0.669307
-0.064415 0.588038 0.461340 0.807756 -0.083354 0.716150 0.138718 0.396648 -0.842017 0.755826 -0.928287 -0.468172 0.971612 0.338300 0.690216 0.686035 -0.286608 -0.395976 -0.964317 -0.659659 0.271477 0.485702 0.762531 -0.697081 -0.627429 0.222326 -0.265650 0.518537 -0.534423 0.638538 0.311378 -0.450203 0.385729 0.287406 0.673494 -0.325990 0.818683 0.912676 0.104804 -0.882592 0.894974 0.003967 0.832820 -0.718000 0.709576 0.413588 0.439139 -0.315841 0.426277 0.316736
0.741622 0.175166 0.825996 -0.919220 -0.879088 -0.696176 0.565043 0.743224 -0.574502 0.064596 0.597983 -0.222312 0.223143 0.344266 -0.187923 -0.340006 0.370726 0.643782 -0.822487 -0.691236 -0.782695 0.590612 0.119903 -0.489964 -0.379213 0.965418 0.466506 -0.254298 0.465974 0.703505 0.393048 0.670263 -0.183336 0.912654 -0.864059 -0.016684 -0.141933 0.112103 -0.040304 0.508833 0.218459 0.732292 0.583021 0.268357 -0.704845 -0.193132 -0.246141 0.118166 -0.717792 0.837283
-0.964920 0.650884 0.284285 0.403633 -0.643922 0.210956 -0.975217 -0.999351 -0.622691 -0.381815 -0.636333 -0.091986 -0.853048 -0.677358 0.492799 -0.921187 0.643061 -0.726557 -0.943537 -0.734589 0.196569 -0.848095 -0.990270 0.858441 0.576715 -0.284128 -0.394574 0.132043 -0.268773 0.322800 -0.370941 0.719357 0.992738 -0.536906 -0.355550 0.402362 -0.958820 0.336621 -0.781759 -0.917906 0.482068 -0.990657 0.126369 -0.877799 -0.138010 -0.838675 0.897491 -0.840099 -0.700399 -0.234443
0.604807 0.142118 0.714742 -0.594516 0.260012 0.652831 0.739979 0.723492 -0.511973 0.782480 0.784905 -0.139527 0.899875 0.222005 0.456030 0.206414 -0.951661 -0.891463 -0.318576 -0.567848 -0.871352 0.288930 0.397211 -0.026221 -0.411774 -0.506800 -0.027627 0.466451 0.090105 -0.676666 -0.366862 -0.688434 -0.957663 -0.736963 0.532356 0.496801 0.115704 -0.847029 -0.526231 -0.627631 0.030477 -0.476250 -0.226436 -0.880836 -0.144136 -0.794926 -0.931347 0.949326 0.039194 0.498074
0.282612 -0.099146 0.566532 0.986912 0.336074 -0.688594 0.563004 0.851228 -0.951239 0.032074 -0.536832 0.585734 0.632928 0.841879 0.069327 0.493394 -0.443107 0.604022 -0.159071 -0.399455 0.998934 0.114721 0.813951 0.579106 0.004327 0.546605 -0.440340 -0.241979 -0.341332 0.677215 0.512426 -0.781622 -0.711333 0.200683 -0.877951 -0.314463 -0.704917 -0.786918 0.246643 -0.374424 0.238750 0.740473 -0.664686 0.409660 0.647472 -0.687570 -0.831950 -0.764244 -0.987500 -0.169425
-0.808894 -0.106972 0.624293 -0.245341 0.298837 -0.312194 0.693039 0.045116 0.358411 0.110971 -0.082119 0.305947 -0.232736 0.857714 -0.713212 0.255356 -0.263577 0.093007 0.009131 0.252962 -0.942586 0.022357 -0.774749 0.156626 0.392775 -0.539115 -0.844888 -0.437352 -0.891843 0.603713 -0.987824 -0.933971 -0.886817 -0.523685 -0.151280 -0.742792 -0.769417 0.295230 -0.215141 -0.006461 0.127900 -0.798870 0.322617 0.689273 0.420012 0.875282 -0.012444 0.344346 0.963600 -0.456554
-0.746218 0.409313 -0.921064 -0.315343 -0.899943 0.063776 0.991124 -0.341898 -0.970272 0.808807 0.062613 -0.238087 -0.471253 -0.945611 -0.091401 -0.854305 -0.774624 0.518551 0.652125 0.529302 -0.532541 -0.628973 0.166865 -0.804603 0.505644 0.259008 0.513857 0.575154 -0.521411 -0.180915 -0.358075 0.940149 -0.561466 -0.521510 0.381395 0.325565 0.912645 -0.772991 -0.087049 -0.236424 0.102212 -0.359902 0.689477 -0.330850 0.432931 -0.073081 -0.963754 -0.670397 -0.375227 -0.327452
-0.141514 0.304206 -0.311771 0.279423 0.013530 0.056234 -0.255968 -0.002733 0.029519 0.734300 -0.369851 0.040344 0.275046 0.016800 0.704925 0.492784 -0.561123 -0.816238 -0.777730 -0.657322 0.410809 -0.816713 -0.239480 -0.429376 0.480352 0.009907 0.062530 0.151107 0.809854 0.128091 0.471365 0.233514 -0.824044 -0.024844 0.378714 0.947582 -0.088077 -0.130555 0.154289 0.058825 0.294077 -0.998917 -0.888918 0.356234 0.606186 0.949128 -0.525804 0.716333 0.014978 -0.683342
0.388814 0.395170 -0.391414 0.200762 0.408601 0.846698 0.644633 0.632022 0.165372 0.908755 0.115060 -0.282573 0.068519 -0.314531 0.756845 0.984687 0.719746 0.144993 -0.312031 -0.591913 0.859613 -0.798931 -0.652231 0.372967 0.160237 -0.760387 -0.032382 -0.644648 -0.195405 0.005286 0.373144 0.447802 -0.247696 0.233733 0.621380 -0.717027 0.075347 -0.916282 -0.208507 -0.235706 0.852694 -0.697375 -0.790475 -0.761256 0.411640 0.602213 0.740260 -0.168926 -0.952380 0.536040
-0.354675 -0.996943 0.575140 0.968536 -0.175056 0.417723 -0.488745 -0.709044 0.031055 -0.373678 -0.418814 -0.163736 -0.877855 0.838051 0.381636 -0.977147 0.353300 -0.738918 0.454754 0.466421 0.193243 -0.665891 -0.641699 -0.177225 -0.104712 -0.986183 0.638772 -0.499720 -0.762261 0.129680 -0.576436 0.448670 -0.356671 0.245109 -0.761422 0.446923 0.711579 -0.031067 0.194471 -0.424629 0.457812 -0.542777 0.072873 0.195912 0.542261 -0.388005 -0.771818 -0.060312 -0.657338 0.122456
-0.613541 -0.523802 0.301675 0.472452 -0.726311 0.002814 0.341556 0.850051 -0.516864 -0.441998 0.348442 0.011862 -0.339394 0.736922 -0.300138 0.113399 -0.328732 0.892488 -0.920347 0.260576 0.976899 0.923708 -0.199154 -0.340658 -0.990596 0.169088 0.886052 -0.046801 0.428026 -0.423195 0.949450 -0.297858 -0.691528 -0.519685 0.789632 -0.218769 -0.617205 -0.145752 0.451682 -0.526906 0.632505 0.961213 0.863768 -0.721909 -0.468074 0.807868 -0.548847 -0.479283 -0.650454 0.187262
-0.869892 0.954132 0.788166 -0.463711 0.788477 0.470317 0.991093 -0.033230 -0.065450 0.277760 0.357162 0.106475 -0.260155 0.335135 0.604645 -0.421278 -0.766723 0.745051 -0.593508 0.855764 0.329764 -0.038121 0.327974 -0.209029 0.514966 -0.324764 -0.832868 -0.868970 0.315691 -0.860005 0.886158 -0.170652 -0.957486 -0.176408 -0.669046 0.528386 0.626208 -0.287097 0.084211 -0.878161 0.941489 -0.003667 -0.558698 0.478467 0.840804 -0.200062 -0.381974 -0.511502 0.600788 -0.303349
-0.820852 -0.592142 -0.955051 0.276402 0.205862 0.646974 0.041733 0.309404 -0.001874 0.557655 0.068033 0.634797 0.398586 -0.373036 -0.562302 -0.306936 -0.949616 0.355839 -0.783339 -0.503309 -0.599307 0.255373 -0.555952 0.196734 0.509130 0.140435 0.420912 0.548823 0.887452 0.083159 -0.583156 0.081701 -0.097655 -0.322128 -0.581656 0.301461 -0.285197 0.180032 -0.679191 0.216178 0.226071 -0.875237 -0.041357 -0.587771 -0.806311 0.795977 -0.718370 0.366905 -0.809712 0.809319
0.567084 -0.271131 -0.525192 0.586128 -0.755003 -0.330794 0.449528 0.311186 0.456829 0.999323 -0.103273 0.371523 0.273346 -0.975274 -0.715600 0.066841 0.016685 -0.346744 0.196848 -0.975859 -0.685085 -0.985199 0.456167 0.304537 0.086396 0.815079 0.067533 0.370582 0.354810 -0.467375 0.544182 -0.215912 -0.128861 0.918695 -0.538267 -0.463927 0.036805 -0.630185 -0.208066 -0.380994 0.094760 -0.291934 0.905068 0.038417 -0.118753 -0.465709 0.018663 -0.127987 0.878183 0.768330
0.429993 -0.040060 0.056821 -0.133402 0.777742 -0.856272 0.772847 0.039865 -0.109018 0.475277 0.116148 0.577838 0.301143 0.734025 -0.187930 0.277289 -0.364052 -0.128567 -0.936819 -0.795868 -0.089825 -0.323693 -0.614440 -0.947894 0.328598 -0.819374 0.988247 0.268569 0.460841 0.827196 -0.685602 -0.164776 0.318462 0.030127 -0.353382 0.541452 0.760383 0.211393 0.798042 0.182861 -0.926453 0.666197 0.841429 -0.423871 -0.568571 0.114085 0.370942 -0.359526 0.748471 0.666191
0.846592 0.656758 -0.130792 0.299096 -0.468763 -0.752596 0.792688 0.963908 -0.943439 0.757522 -0.819657 0.035100 -0.625488 -0.310688 0.382124 0.481142 0.835220 0.353153 0.308335 -0.480258 0.008369 0.621682 0.004855 -0.748864 -0.501324 0.430725 0.505061 0.644099 -0.258606 0.045921 -0.881261 0.562298 0.901095 -0.987705 -0.736444 0.191160 0.022515 -0.554595 0.585954 0.320012 0.475680 0.402844 0.135675 -0.273845 0.641143 0.825300 -0.499649 -0.757929 0.191474 -0.090849
-0.006289 -0.924866 -0.385417 0.470263 -0.103719 -0.415560 -0.067406 -0.745107 0.022505 -0.430456 0.655019 -0.877756 0.174768 -0.044369 0.559297 -0.374974 0.101417 0.648843 0.853938 -0.558861 -0.326304 0.289192 0.965328 0.003850 0.480466 -0.616272 -0.504164 -0.437376 0.365024 -0.631292 -0.763359 0.489917 0.126676 -0.886958 -0.961184 0.893435 -0.467064 0.341642 -0.408813 -0.977387 -0.388672 0.002957 -0.410418 -0.495905 -0.551654 0.290697 0.497563 -0.990826 -0.719873 0.858165
-0.144943 -0.551762 -0.318526 -0.703084 0.436332 0.528330 -0.030900 -0.116501 -0.468652 -0.140263 -0.599128 -0.084570 0.852850 -0.766090 -0.703077 -0.318650 0.296932 -0.824401 0.992398 0.123958 -0.310946 -0.226587 0.525043 0.094393 -0.270314 0.500138 -0.989164 -0.390175 -0.674573 0.968241 -0.757608 0.234853 0.931851 0.092286 -0.946064 0.336915 0.803123 0.459352 0.402358 -0.929536 -0.024436 0.342600 -0.506970 0.269019 0.416883 -0.594621 0.951614 0.786488 0.613488 -0.708210
-0.201436 0.281039 -0.628121 0.207170 0.979541 -0.840112 0.614528 -0.235358 0.413568 -0.231605 0.311526 0.337935 0.458670 0.716288 -0.813235 -0.439431 0.292441 0.094625 -0.081620 -0.987276 0.397018 -0.503503 0.232421 0.848890 -0.260515 -0.767081 0.689622 0.057936 0.928093 0.407888 0.854512 0.547051 -0.198277 0.061900 -0.625405 -0.221342 0.031516 -0.301287 -0.162323 0.789463 -0.665257 -0.999433 0.130606 -0.819661 -0.554971 0.434864 -0.811221 -0.021867 -0.547890 0.177266
0.728192 -0.125046 -0.266055 0.990212 0.135729 0.084454 0.693132 0.742253 -0.787587 -0.207808 0.256584 -0.341237 -0.670498 0.622548 -0.187569 -0.995625 -0.905541 -0.444137 0.491682 0.570308 -0.557135 -0.649021 -0.360851 -0.701359 -0.364937 -0.756488 0.118380 0.800072 -0.658020 -0.650355 -0.478907 -0.497299 0.665891 -0.532826 0.305312 0.130329 -0.762313 0.119322 -0.091431 -0.941201 0.938048 -0.171957 -0.881826 -0.692062 -0.604374 -0.199034 -0.120783 0.698766 -0.614151 -0.711972
0.436585 -0.101770 -0.300039 0.259603 0.435524 0.961400 0.877740 -0.795711 -0.822163 -0.984372 -0.410315 0.666618 -0.675807 -0.681278 -0.641575 0.175641 0.591062 -0.658735 -0.907338 0.591722 0.977529 0.407832 0.756087 -0.581161 -0.183326 0.867451 -0.666901 -0.696681 0.991255 -0.010318 0.385780 0.813698 -0.478479 0.134536 -0.705727 0.224600 0.161077 0.236272 0.369799 0.463330 0.798835 0.040966 0.546745 0.247086 0.653706 0.111897 -0.925431 -0.009636 -0.724428 -0.855183
-0.130057 0.088945 -0.010700 0.434429 -0.883157 0.377722 0.561982 -0.018521 -0.157016 0.352802 -0.689438 -0.778378 -0.393642 -0.751339 0.443610 -0.116496 0.608201 0.905974 0.579717 0.964742 -0.822723 0.266406 -0.460944 -0.302159 0.980116 0.753549 0.426504 -0.002648 0.624156 0.888491 0.548408 0.768328 -0.360070 -0.156869 -0.595245 -0.177096 0.669103 -0.652930 0.756295 0.799272 -0.480746 0.033958 0.996732 -0.679193 0.409581 0.043229 -0.524909 -0.500969 -0.556449 -0.704363
0.373630 -0.761265 -0.588670 0.669468 -0.867810 -0.345772 -0.600972 -0.694358 0.262773 0.162375 -0.596116 0.118056 0.958021 -0.215197 0.431872 -0.008897 -0.785110 -0.416077 -0.100256 0.558066 -0.969089 -0.865026 -0.447761 -0.709763 -0.518294 -0.310923 0.548311 -0.932828 -0.437197 -0.894502 -0.349281 -0.586902 0.427420 0.129346 0.817651 0.034515 0.342979 -0.235977 -0.596187 0.940251 0.493730 -0.058771 0.513395 -0.112540 0.033155 0.438516 0.501001 0.148320 0.546630 -0.345745
0.457710 -0.634139 -0.284610 0.837584 -0.987184 -0.290935 0.978336 -0.183878 0.713992 -0.745802 0.218956 -0.965309 0.160023 -0.213700 -0.174172 0.579207 0.195321 0.921903 0.999763 0.572036 0.995446 0.797453 0.232241 0.848993 0.832373 -0.762289 0.460157 -0.000696 -0.050623 -0.883661 0.445557 -0.045327 -0.276409 -0.422730 0.060244 -0.481060 0.692705 -0.454384 0.812823 -0.736418 0.477747 -0.425022 0.528315 -0.676611 0.248520 -0.482345 -0.593070 0.759321 -0.378510 -0.030584
0.847942 -0.420427 -0.237451 0.293227 0.394046 -0.152132 -0.762085 0.805823 0.529241 -0.014307 0.332059 0.596800 -0.059028 0.697055 0.767961 0.299473 -0.822680 0.838301 0.849052 -0.769432 0.891140 -0.885149 -0.847430 0.710511 0.458367 -0.109157 -0.258841 0.025579 -0.950228 -0.244767 0.853142 0.604195 -0.597021 0.285775 0.147166 -0.738754 -0.595443 0.613552 0.370434 0.299841 -0.695009 -0.143347 0.066950 0.054192 -0.661383 0.989612 0.815053 0.817366 -0.147406 -0.533910
0.705180 0.052854 0.565860 0.473542 -0.938584 -0.974554 -0.739667 0.322588 0.479348 0.492897 0.658828 -0.389618 0.946285 -0.570445 0.954735 0.473136 0.146831 0.889781 -0.321210 -0.150725 -0.025411 -0.942982 -0.406772 0.267269 0.327165 -0.235455 -0.751294 -0.923123 0.732634 0.807887 0.193050 -0.584055 0.225321 0.093794 -0.065130 0.913438 0.455387 -0.717034 0.148590 -0.591588 -0.355443 0.863523 -0.625583 -0.864464 -0.464166 -0.714943 -0.207503 0.318588 -0.274885 0.538820
0.895437 0.815680 0.446671 -0.376925 0.381186 -0.153534 0.631032 -0.165365 -0.946396 -0.233065 0.649765 0.483487 0.984083 -0.560025 -0.080172 0.755449 -0.570805 0.691291 -0.647210 0.280703 0.074479 0.968017 0.405836 -0.631163 0.179959 -0.101762 -0.602134 0.540737 0.971973 0.463200 0.167539 0.080148 -0.846447 0.967888 -0.734597 -0.224905 -0.366762 -0.778563 -0.895415 0.124153 0.522904 0.859956 -0.136186 0.991852 0.894724 -0.486775 0.657254 -0.542426 -0.126427 0.286812
-0.868619 -0.119660 0.945607 0.064912 0.112664 0.425142 0.270485 -0.357148 0.386913 -0.821828 -0.194063 -0.637729 -0.958642 0.345921 0.346555 0.591695 0.018894 -0.450374 -0.482927 0.737898 -0.823529 0.364312 0.904211 -0.068558 -0.213907 0.947035 0.185984 0.567215 0.722507 -0.996344 -0.477934 0.013057 -0.443881 0.563335 -0.368983 -0.674276 -0.456672 -0.423084 -0.037406 0.502150 0.878754 0.828321 0.988442 -0.622081 0.438261 -0.583794 -0.342214 -0.754118 0.650744 -0.883201
-0.411648 -0.952454 -0.716960 0.438493 0.408861 -0.297882 0.046660 0.801998 0.667975 0.486037 0.969697 0.686116 0.622452 0.142580 -0.978325 -0.692730 -0.603701 0.283713 0.943678 0.361674 -0.701392 0.496513 0.136504 0.484316 0.029872 -0.207115 0.346132 0.810938 0.041828 0.036134 0.319823 0.595994 -0.966253 0.387723 0.491051 -0.723138 0.792308 -0.575215 -0.242442 0.336629 0.245111 0.317440 -0.032681 0.027265 -0.295102 0.406387 -0.689658 -0.015888 0.203231 0.930503
-0.224335 -0.973285 -0.714972 -0.131889 0.708491 0.557202 0.914286 -0.119987 0.671710 -0.346800 -0.414068 0.610827 -0.231632 -0.030427 0.203484 0.618512 0.833555 0.438753 0.188982 -0.331195 0.632885 -0.308331 -0.821239 -0.996203 0.679276 0.403270 -0.652534 -0.850499 -0.289112 -0.378243 0.985771 -0.045603 0.260278 0.640778 -0.215781 0.394432 -0.825855 -0.926805 0.161990 0.204473 -0.585199 -0.753520 -0.424485 0.890678 -0.028169 0.423226 -0.599334 0.079612 0.666369 0.896226
-0.363615 -0.070233 -0.120809 -0.997666 0.977335 0.899761 -0.918962 0.023662 -0.664460 -0.642506 -0.650548 0.442527 -0.457593 -0.828919 0.659188 -0.230624 0.781196 0.268200 0.043144 0.594377 -0.429061 0.260696 -0.947192 -0.386883 -0.797026 0.767337 0.792564 -0.917093 -0.896430 0.022323 0.981985 0.055292 0.213094 -0.426597 -0.672675 0.214431 -0.924090 0.860267 0.457279 0.374086 -0.071208 -0.175195 -0.162765 0.612655 0.883483 -0.878805 -0.726777 0.283923 0.588178 0.338305
0.311783 0.998455 -0.915382 0.123231 -0.959212 -0.576680 -0.358581 0.087525 -0.418985 0.149620 -0.020493 -0.559745 0.899772 -0.609466 -0.987941 -0.400035 0.104853 0.782767 0.032781 0.852391 0.656754 -0.716232 -0.435144 -0.127943 -0.626592 0.615125 -0.622963 0.174769 0.267914 0.367380 -0.491374 -0.883539 -0.776983 -0.820167 0.887764 0.383416 -0.445917 -0.916517 0.499019 0.916108 0.040812 0.488653 0.848460 0.033820 0.771962 0.926818 -0.576525 0.853732 -0.330218 0.048780
0.252364 0.199734 -0.088332 0.984264 0.138875 0.572263 0.345565 0.128134 0.297218 0.542243 -0.490058 0.519498 0.856043 -0.602817 0.646381 0.676031 -0.491320 0.018645 -0.885763 0.386888 0.600687 0.969758 0.082358 0.866940 -0.031081 -0.376984 0.646350 0.558866 -0.897636 0.784293 -0.035760 0.994365 0.186771 0.557610 0.743705 0.067686 0.827347 0.640434 -0.256512 0.641185 -0.031149 -0.788500 0.973024 0.542988 -0.146731 -0.681806 -0.678916 0.002046 0.019889 0.071824
-0.350681 -0.840495 -0.374988 0.679024 -0.611690 -0.510360 0.693065 0.127327 -0.306408 0.068619 0.029661 -0.025908 0.143618 0.408197 0.852943 -0.296452 -0.960839 -0.566975 0.914903 0.718388 0.656707 -0.698342 -0.319324 0.362220 0.463646 0.370041 -0.726544 0.632872 -0.666611 0.919850 0.764378 -0.628026 0.674133 0.863506 0.736142 0.874384 -0.509701 -0.457046 -0.831572 -0.173496 0.789733 -0.161889 0.518707 0.125181 0.669934 -0.619954 0.295546 -0.776860 0.763844 0.007568
0.259087 -0.793885 -0.566303 0.630865 0.072574 0.938406 -0.493354 -0.422199 0.754333 0.921665 -0.911986 0.702285 0.374815 -0.890104 -0.457716 -0.222592 0.182113 -0.441287 -0.722783 -0.018806 0.393469 0.930977 0.566790 -0.507505 -0.613979 0.607508 -0.082255 0.452311 0.289467 0.654012 0.284944 -0.202421 0.373930 -0.586922 0.289072 0.251589 0.228340 0.046749 0.535420 0.323937 -0.398839 0.982632 0.338935 -0.238411 0.917949 0.102373 0.991431 0.154842 0.301278 -0.028475
0.649513 -0.180664 -0.453154 0.399110 -0.740289 0.286555 0.287808 0.679416 -0.384359 -0.533655 -0.671338 0.257941 -0.983558 -0.337340 -0.529044 -0.027893 0.947902 0.138698 -0.466059 0.935265 -0.770192 0.769457 -0.742297 -0.995638 0.024504 -0.632683 0.526504 -0.542354 0.962254 0.734428 0.150824 -0.784810 -0.555230 0.106638 -0.103482 -0.852324 0.950479 0.634079 -0.299858 -0.533512 0.240861 -0.550386 0.295482 -0.906484 0.925805 -0.791707 -0.805230 0.989894 0.505513 0.928720
0.965024 -0.049140 0.807721 -0.113404 0.189207 -0.148451 0.667701 -0.698511 0.275230 -0.313929 -0.373890 -0.025947 0.138804 0.627898 0.729828 0.179066 -0.962241 -0.080381 0.941705 0.181163 -0.225456 -0.873905 0.285798 -0.468499 0.713358 0.136787 0.775558 -0.915791 0.496302 -0.026980 -0.226825 0.614927 -0.889233 -0.251467 -0.881160 -0.480936 0.101132 -0.919755 -0.232322 -0.928848 0.982409 0.570882 0.743024 0.395550 0.479992 0.660345 0.399515 0.477248 0.182865 0.916655
-0.587437 0.430468 0.334054 -0.476155 0.675826 0.587218 -0.430327 -0.381403 0.917224 0.462324 0.775358 -0.685430 0.576794 0.531278 -0.125206 0.252612 0.354559 0.486179 -0.550467 0.375103 0.074673 -0.576376 -0.084023 -0.759200 0.002972 -0.351431 0.684305 -0.705135 -0.387128 -0.961258 0.242583 0.410580 0.426825 0.672945 -0.371861 0.682672 0.172265 0.499261 0.620693 0.947151 0.457545 -0.332255 0.988172 0.809413 0.301244 0.851742 0.949243 -0.600998 0.797024 0.170033
0.481109 0.659456 0.985727 -0.253238 -0.048660 0.973964 0.559347 -0.411311 0.983668 0.238406 0.445175 0.416261 0.277601 -0.057178 0.920902 -0.842248 -0.099832 0.561321 0.363936 -0.062702 0.475822 0.985934 0.769599 0.139978 -0.642761 -0.779834 0.666950 -0.969894 -0.065419 -0.477424 0.466200 -0.026299 -0.077195 -0.374454 -0.217055 -0.324461 -0.426844 0.311891 -0.317102 -0.312105 0.860854 -0.009398 -0.677283 -0.999681 -0.774243 0.976300 0.879491 0.231500 0.656930 0.362077
-0.274005 0.791677 -0.068073 -0.577306 -0.679523 -0.193219 -0.891033 -0.293225 -0.374892 -0.643852 -0.931185 0.940333 0.224786 0.646769 0.744913 0.575467 -0.532220 -0.606742 -0.660107 -0.813624 0.489805 -0.472420 -0.157069 0.200224 0.799919 -0.565206 0.292328 0.253940 -0.537729 0.546933 0.191763 -0.037371 0.340487 0.340335 -0.134955 -0.593877 0.291827 0.357598 0.360142 -0.388671 0.374424 0.875570 -0.323721 -0.105040 0.126853 -0.566148 0.784447 -0.346193 0.074923 -0.784031
0.430767 0.922055 -0.141182 0.383046 0.531317 0.334413 -0.720115 -0.724302 -0.336805 -0.928404 0.679278 0.972808 -0.655723 0.127298 -0.842901 0.599890 0.249102 0.715886 0.675927 -0.099612 -0.325080 -0.307020 -0.811041 -0.624431 -0.263105 -0.363964 0.803313 0.157586 0.028796 -0.980014 -0.572859 -0.645886 -0.850783 0.022552 0.293852 0.190602 0.206422 0.277492 -0.877091 -0.602570 0.925911 0.509903 0.222823 -0.326844 -0.384120 0.591161 -0.824876 -0.455042 0.813534 -0.909572
-0.144485 -0.100837 0.667252 0.333161 0.024975 0.714972 0.369694 0.483145 0.428595 0.305090 -0.219592 0.735831 0.553961 0.364082 0.958724 -0.832266 -0.918452 -0.068146 -0.761682 -0.325354 -0.095831 -0.438993 0.627854 -0.147093 -0.668218 0.992626 0.720334 -0.440418 -0.808549 -0.135790 -0.913634 0.414475 -0.248526 -0.297844 0.682325 -0.701527 0.526789 0.527833 0.421812 0.054673 -0.464132 0.508985 0.911753 -0.945576 0.815389 0.316448 -0.664532 0.530800 -0.806920 0.503281
0.108363 -0.859130 0.619721 -0.440231 -0.724288 0.869164 0.170583 -0.765113 -0.769093 0.777808 -0.348628 -0.280410 -0.991753 0.544687 -0.041953 0.520670 0.959242 -0.912994 -0.897937 -0.166647 -0.290762 0.720407 -0.894967 0.892306 0.877186 -0.351021 0.080999 0.191746 0.647186 -0.008737 0.714412 0.648849 0.917153 0.016900 -0.877676 0.446678 0.815757 -0.719316 -0.233678 0.600897 -0.540041 0.815300 -0.027090 0.388235 -0.908361 -0.444090 0.481781 -0.512282 0.674632 -0.460397
0.973518 -0.013703 0.755692 -0.116186 -0.919557 -0.122066 -0.340720 0.050881 -0.892389 -0.152179 0.542367 -0.541022 -0.233960 -0.056547 0.208346 -0.853979 0.492512 0.490441 0.963209 0.639864 -0.518315 0.426292 0.908908 0.736120 0.178951 0.070562 0.162333 0.413953 0.175086 -0.452815 0.733618 -0.610509 -0.147759 -0.376521 -0.905005 0.047381 -0.441676 0.131356 0.275472 0.413908 0.781026 0.778352 0.614158 -0.438888 0.164417 0.480497 -0.809773 0.944695 0.036509 0.222312
0.374268 -0.987525 -0.559386 -0.122892 0.947077 0.950278 -0.073846 0.154739 -0.184539 0.524475 0.661207 -0.062104 -0.440229 0.871385 -0.380075 -0.275881 -0.241408 0.893588 0.848506 0.351430 0.804257 0.615692 -0.713642 -0.926645 -0.450722 0.269126 0.433634 0.682010 -0.115822 -0.336804 0.482285 -0.407223 0.548709 0.931553 0.503960 0.791901 -0.470409 0.909942 0.699369 -0.041364 -0.053169 0.600934 0.925930 0.513497 -0.273696 0.525540 0.469364 -0.151910 -0.826914 0.719768
-0.350685 -0.145882 0.652105 -0.165167 0.992465 0.099170 0.868772 0.863155 0.635232 -0.649820 -0.740106 0.865494 0.431561 -0.744944 0.829660 0.991280 0.855767 0.308302 -0.030118 0.192198 -0.565248 0.072838 0.562103 0.035627 -0.376387 -0.374399 0.592616 0.586621 0.233216 0.349343 -0.850055 0.837126 0.541954 -0.207750 0.488349 -0.351773 0.230507 -0.100870 -0.727847 -0.028500 0.343972 0.137253 -0.954116 -0.761986 0.104758 -0.323284 0.999806 -0.863979 0.446562 -0.676938
0.353579 0.906072 -0.946139 -0.863546 0.721119 0.906137 0.405764 0.788850 0.754696 -0.791250 0.055403 -0.437688 0.678911 0.658707 -0.775857 0.037085 -0.437941 0.602955 -0.319777 0.197923 -0.483515 -0.814662 -0.144239 -0.225932 0.911672 -0.071592 0.957867 -0.667031 0.472675 0.828687 0.063010 0.408075 0.023868 0.542898 -0.676002 0.388027 -0.487248 -0.720381 0.534046 -0.832536 0.539701 -0.596615 -0.199636 -0.419981 -0.890019 0.409223 0.833905 0.176131 -0.285452 -0.769406
-0.069843 -0.912863 0.448441 0.027991 0.963867 0.118995 0.219344 0.848941 -0.277342 0.474276 -0.920262 -0.544861 0.996944 -0.516208 0.688489 -0.227378 0.252420 -0.704126 -0.092348 -0.266074 -0.794781 0.913954 -0.841296 0.381442 0.477435 0.988552 0.632859 -0.269521 -0.805250 0.165501 -0.367087 -0.753511 -0.167756 0.873308 0.123139 0.303381 -0.433267 -0.372445 -0.963210 -0.512582 -0.158853 -0.028842 -0.207864 0.949260 -0.963704 -0.142050 -0.149746 -0.290634 -0.934883 0.291888
-0.132559 0.747468 0.290551 -0.533388 0.680280 -0.136466 0.027718 0.027654 -0.257359 0.144114 -0.657962 -0.613348 -0.068222 -0.083234 -0.721587 0.359840 0.290547 0.284464 -0.407281 -0.139736 0.935846 0.916471 -0.860188 0.880702 -0.440113 0.676647 0.546588 -0.170853 0.347543 0.629720 0.683112 0.275093 0.333075 -0.609005 -0.998048 -0.923589 0.216338 -0.466628 -0.587279 0.124928 0.664437 -0.591826 0.185219 0.144956 0.565176 0.921799 0.055073 -0.700239 -0.322494 -0.044841
-0.380525 -0.630739 0.737796 -0.716219 0.260854 0.397534 0.797114 -0.736277 -0.067667 0.805373 -0.572368 -0.271113 -0.923531 -0.930303 -0.849658 0.707243 -0.064549 0.917929 -0.177421 -0.878556 -0.815386 0.174895 0.718774 0.989465 -0.137837 0.944345 -0.996143 -0.261274 -0.528758 0.652336 -0.335738 0.048003 0.352007 0.646256 0.590140 0.298244 -0.998655 0.422418 -0.976452 -0.791343 -0.285951 0.603524 -0.293262 0.355620 -0.536573 0.561921 0.439980 -0.505898 0.890845 0.124398
-0.915801 0.055940 -0.886609 -0.755200 -0.123047 0.854960 0.318865 -0.442512 0.391541 -0.424617 -0.363675 -0.789605 0.360180 0.638128 -0.176277 -0.937997 -0.529918 0.704637 -0.454007 0.264147 0.824559 0.926957 0.171636 0.755466 0.389687 0.602279 -0.397884 -0.042049 0.896927 -0.241835 -0.244385 0.719553 0.631655 0.632947 0.126168 -0.168418 0.610502 -0.468717 -0.757390 0.890333 -0.674725 0.339012 -0.277717 -0.469593 -0.976462 0.199873 -0.209882 -0.447794 0.737763 0.783762
-0.439864 0.978124 -0.299403 0.899093 0.274269 0.597589 -0.061022 -0.022050 -0.846927 0.801203 0.615927 -0.147476 -0.629269 -0.321415 0.373115 0.830727 -0.100540 0.470157 0.473842 0.934635 -0.260148 -0.642920 -0.894106 0.670340 0.598903 -0.934202 0.255266 -0.550325 -0.484192 -0.066687 0.850586 0.051240 -0.479496 0.362230 -0.205810 0.972986 0.847214 -0.435643 0.062858 0.155956 0.430826 0.588540 0.331792 -0.345167 0.992482 0.709124 -0.878259 0.787367 -0.241017 -0.653635
-0.659622 0.404096 0.810332 0.968582 0.488968 0.825703 -0.782993 0.007801 -0.622847 -0.028783 -0.684684 -0.697849 0.988531 0.521661 -0.896614 0.103721 -0.655590 -0.978971 0.768816 0.162810 -0.367308 -0.614163 0.466533 0.309499 0.587485 -0.489625 -0.703880 0.182586 -0.053940 0.173967 0.999172 -0.827411 0.817740 0.240944 0.741364 0.610220 -0.034029 0.601751 -0.308362 0.905533 0.541708 0.973291 -0.500032 -0.749025 -0.595280 -0.664505 0.930386 -0.648557 -0.220522 0.477662
0.546637 0.466364 0.095143 -0.285481 0.321159 -0.957632 -0.992478 -0.597604 -0.559513 -0.574332 -0.965255 -0.290033 -0.564244 -0.525275 -0.594422 -0.655172 0.543381 -0.205026 0.577176 -0.287867 -0.410559 -0.487339 -0.086229 -0.953349 0.650538 0.224024 0.677898 -0.605691 0.104770 -0.653979 -0.348365 -0.136565 0.137663 0.399173 0.270673 -0.681170 -0.915296 -0.297913 0.521091 -0.567431 0.717455 -0.748195 -0.480723 0.079914 -0.230697 -0.314850 -0.570865 -0.867308 0.969237 -0.437138
-0.381638 0.813163 -0.097466 -0.720851 0.550220 -0.051471 0.073437 0.664174 0.699401 -0.613746 0.688632 -0.486931 -0.620946 -0.386221 -0.945475 -0.451253 -0.704016 0.292182 0.277575 0.428360 -0.494461 -0.107363 -0.694164 0.142620 0.907563 0.084944 -0.016234 -0.157626 -0.644332 0.309322 -0.003946 -0.229914 -0.236117 0.776544 -0.975611 0.772072 0.140458 0.666167 0.818560 -0.367292 0.798123 -0.201437 0.859667 -0.122470 -0.480014 0.712571 0.824601 -0.734104 0.989004 0.237508
0.969072 0.058884 -0.991281 0.489783 -0.724419 0.770157 -0.632844 -0.549344 -0.360458 0.201117 0.326367 0.655881 -0.095494 -0.692347 0.773143 0.144699 0.105080 0.331058 0.705452 -0.402120 0.030057 0.358174 0.064036 -0.555664 -0.496353 0.125210 -0.082893 0.489475 -0.557579 0.597788 0.845053 -0.172817 0.576203 -0.868028 0.947003 -0.425819 0.088008 -0.719266 0.127427 0.113611 -0.379228 0.634856 0.671182 0.687705 0.731283 -0.996981 0.851333 0.522491 -0.065391 0.671631
0.312499 0.587159 0.254484 0.816110 -0.044234 0.394465 -0.927635 0.280868 -0.688040 -0.240295 0.759881 0.210261 0.281346 0.249363 0.541746 0.387537 0.761436 0.325842 -0.766583 0.479176 -0.501124 0.583129 -0.211325 -0.208362 -0.917286 0.416546 0.933261 0.505469 0.982082 -0.191052 -0.106307 -0.735641 0.360006 0.706206 -0.556144 0.112139 0.092807 -0.558839 -0.554737 -0.005310 -0.238579 -0.281190 0.057618 -0.613441 -0.736628 0.089250 -0.611690 -0.242426 0.853786 0.331055
0.560432 0.347085 -0.539753 0.027262 -0.241248 0.752991 -0.050659 0.650991 0.847628 0.538835 -0.556262 -0.915671 0.582086 0.026509 -0.209357 -0.215563 0.130215 0.841798 -0.801765 0.774331 -0.631969 -0.402736 0.527556 0.635334 0.586329 0.876985 -0.311675 -0.762915 0.799108 0.760156 -0.530086 -0.838762 0.431435 0.670925 0.285878 0.917101 -0.341738 -0.768912 -0.054733 0.291939 0.740971 0.680561 -0.679645 -0.399398 -0.846615 0.046438 0.587131 -0.606249 0.470188 -0.786803
0.440525 0.586472 -0.089449 0.763696 -0.092351 0.792524 0.313142 0.427360 0.281814 -0.992668 0.386122 -0.739290 -0.586451 0.930572 -0.728170 0.050435 0.298782 -0.211883 -0.419448 0.781286 0.256327 -0.986887 0.415338 -0.418765 0.282613 -0.204181 0.242194 0.136465 -0.272956 -0.887363 -0.602472 0.406988 -0.366336 -0.144477 -0.808772 0.477649 -0.869430 -0.518491 -0.325725 -0.885066 0.006999 0.482551 0.869484 -0.660499 0.051154 -0.801529 -0.444278 0.997979 -0.428391 -0.725832
-0.327525 0.116485 -0.075528 -0.186381 -0.456350 -0.519070 0.738310 -0.533790 0.379102 0.924162 -0.490284 0.993649 0.105738 -0.168478 0.379628 -0.652367 -0.595799 0.878312 -0.403533 0.767826 -0.584368 0.666361 -0.049007 0.556054 0.810709 0.858758 -0.424389 0.845402 -0.961504 0.582314 -0.875508 -0.092752 -0.417084 0.706878 -0.316279 0.089503 0.879771 -0.085296 -0.092450 -0.220907 0.923519 -0.298230 -0.653692 0.443006 -0.074205 0.753825 0.421180 -0.858125 0.665727 -0.848211
-0.503836 0.759599 0.216642 0.624532 -0.936079 0.545266 0.718299 -0.748364 -0.699794 -0.947707 -0.216779 0.557757 -0.102970 -0.484061 -0.091301 0.371535 0.016964 -0.462740 0.674406 -0.085987 -0.186055 -0.682079 -0.012540 -0.002586 -0.159598 0.654964 -0.932761 0.259725 0.662308 -0.345204 -0.517727 -0.447800 0.371140 0.146905 0.367695 -0.269112 -0.314074 -0.129618 -0.986026 0.943843 -0.705952 -0.462124 0.964471 -0.668954 0.089966 -0.127674 -0.022278 0.218738 0.945556 -0.228633
-0.588828 0.165667 0.327417 0.824624 -0.999875 0.061341 0.103688 -0.842425 0.826463 0.031665 0.353709 -0.476705 0.873754 -0.758426 -0.637422 -0.876081 0.475142 0.320516 -0.097594 0.925009 -0.963474 0.501861 0.966513 0.101010 -0.645833 0.858424 0.685010 0.861818 -0.915103 -0.802880 0.988148 0.818910 0.418483 -0.598228 0.283200 -0.175055 0.405118 -0.961227 -0.338023 0.224408 -0.893191 -0.140655 0.210809 -0.554933 0.946600 0.938135 -0.295056 -0.078562 0.189815 0.000152
-0.697708 -0.229018 -0.247802 -0.182893 -0.637179 -0.307276 -0.440115 0.503593 -0.546668 0.185221 0.184301 -0.933131 0.340439 -0.674000 0.334509 -0.617067 -0.336750 -0.399950 -0.982876 0.727486 0.249590 -0.175642 0.138412 0.247269 -0.771922 0.101617 -0.690660 -0.881202 0.027255 -0.588209 -0.781583 0.112624 0.470184 0.747829 0.625549 -0.839688 0.335273 -0.439479 0.264630 0.062545 -0.359689 0.650412 -0.699939 -0.659341 -0.357538 -0.874160 0.290829 -0.202578 -0.490961 -0.831904
0.341524 -0.395218 0.906689 0.567885 0.998235 0.192694 0.981850 -0.199978 0.236111 -0.241453 -0.430356 0.887176 -0.182069 -0.691278 0.372613 -0.858215 -0.808839 -0.305980 -0.557555 0.755895 -0.098492 0.917165 -0.773520 -0.948094 0.336032 -0.393540 -0.246766 0.445957 -0.471119 -0.299985 -0.556894 -0.062341 0.020565 -0.160816 0.279688 -0.417785 0.337540 0.398915 -0.592521 -0.658448 -0.828816 0.673081 0.661866 -0.418853 -0.931577 -0.199992 0.061978 0.446502 -0.375474 -0.841131
0.703572 0.075146 -0.341711 -0.035184 -0.673283 -0.564017 0.402441 -0.300145 0.927305 -0.590062 -0.280732 0.839430 -0.503967 -0.301081 0.632520 0.486725 0.265148 0.566031 0.487207 -0.804151 0.973914 0.003688 0.132003 -0.434277 -0.620226 -0.453879 -0.827492 0.802069 -0.136152 0.592693 -0.300789 0.360025 0.794645 -0.728766 0.352433 -0.747240 0.075510 0.752015 0.589497 -0.907294 0.118765 0.647634 -0.895487 -0.109331 0.653023 0.560049 -0.681862 -0.371455 -0.946112 0.978081
-0.323388 -0.774212 0.346778 -0.061214 -0.055434 0.642216 0.444570 0.180848 -0.855459 -0.637084 0.432033 -0.810950 -0.461744 -0.415066 0.670058 0.490447 -0.061560 0.219010 0.339563 -0.089872 0.397968 -0.629240 -0.237799 0.154931 0.462117 0.469125 0.524247 -0.739587 -0.505669 -0.579277 -0.308837 0.130456 0.300852 0.947726 0.667427 0.860052 -0.800656 0.866926 0.993841 0.139101 0.278775 0.393087 -0.982344 -0.581592 0.503574 0.824530 0.513056 0.313146 -0.730792 -0.934608
-0.778519 -0.344242 0.399597 0.864123 -0.340259 -0.632193 0.687571 -0.782935 0.876595 -0.255508 0.570009 0.907811 0.664571 0.565484 -0.008197 0.942695 0.517884 -0.108138 -0.876411 -0.292965 0.354981 0.635105 -0.435630 0.481116 0.093452 -0.314997 -0.193388 0.074309 0.819365 -0.617736 0.659383 -0.323050 -0.581563 0.723190 -0.861678 0.740765 0.612390 -0.921732 0.266337 0.027160 0.686086 -0.855661 0.696382 -0.526728 -0.830703 0.665105 -0.174068 -0.751537 -0.871540 -0.106221
-0.856213 0.328436 -0.621602 0.358328 -0.888556 0.342337 0.353251 -0.547947 -0.316939 -0.092928 0.644010 0.455065 0.517939 0.434038 0.204699 -0.924921 0.886149 -0.436246 0.962695 -0.427351 0.136587 0.731109 -0.361779 -0.559574 0.420513 0.545920 -0.755395 -0.504693 -0.474356 -0.594780 -0.960235 0.630595 0.752874 0.908249 0.894734 -0.240601 0.645706 0.946028 0.446800 0.616739 -0.193512 -0.325784 -0.368901 0.978094 -0.354673 0.874030 0.348707 0.443243 -0.486094 -0.902954
0.896245 0.218607 -0.609453 -0.904103 0.248386 0.619434 -0.304130 -0.252878 -0.281165 0.241987 0.755214 0.873647 -0.121256 -0.917376 -0.348574 -0.326682 -0.702698 -0.681810 -0.646598 0.138042 -0.051585 -0.728081 0.340671 -0.119295 0.701580 0.431495 -0.383932 -0.316103 -0.190632 -0.957680 0.256581 0.532926 0.154921 0.944536 -0.387012 0.125160 0.940918 -0.277465 0.529168 0.015599 -0.648402 0.851580 -0.411301 0.834902 -0.030373 -0.991320 0.769407 0.574567 0.043153 -0.812385
-0.707480 -0.495001 -0.873124 0.042444 0.549365 0.772378 -0.052803 0.359394 0.471319 -0.434415 -0.492931 0.834367 -0.084736 -0.464501 0.776375 0.141629 -0.103990 -0.939458 0.794268 -0.212840 0.940662 0.738210 -0.801749 0.909377 0.957721 0.273015 -0.114248 0.542340 0.081680 -0.384187 0.715085 0.151747 -0.891147 0.875395 -0.365769 -0.225529 -0.857399 -0.830429 0.394368 0.825687 0.981694 0.257007 0.680799 0.500559 0.304376 0.628377 -0.843905 -0.548451 -0.031797 -0.084700
0.852040 0.744079 -0.307777 0.058718 -0.760308 0.659450 -0.320342 0.038020 0.172199 -0.144583 -0.043634 -0.112398 0.614423 0.687351 -0.712870 -0.880620 0.808027 0.373687 -0.426378 0.986937 -0.717095 0.260248 -0.413922 0.489678 -0.322962 0.658445 -0.428567 0.550382 0.339260 -0.166520 0.484503 0.406688 0.695869 -0.603067 0.218738 0.331667 -0.288407 -0.260729 -0.088226 0.238908 -0.807825 0.887052 -0.819952 0.829249 -0.665260 -0.584350 0.353992 0.617354 -0.607753 0.154311
-0.760135 0.822214 0.704861 -0.323110 0.833884 -0.757327 -0.517229 0.377035 0.439553 -0.623536 0.889343 -0.965906 -0.081682 -0.946727 -0.032703 -0.002069 0.861291 -0.328237 0.289764 -0.112736 0.216139 -0.288413 0.474666 -0.839370 0.196638 0.199720 -0.532716 -0.381337 0.424924 0.643778 -0.512253 -0.424934 -0.386490 0.189362 0.825235 0.939416 0.919259 -0.904956 0.561076 0.907950 0.092177 0.640032 0.011432 0.065830 -0.273322 0.519244 0.955285 0.488814 0.108742 -0.884611
-0.255816 -0.705329 0.408340 0.275941 0.881316 0.316402 0.275205 -0.879500 0.007392 0.915318 -0.730913 -0.002480 -0.850177 0.869548 -0.257814 0.610512 0.483720 -0.626024 0.605746 0.232886 -0.931940 0.639293 0.283069 0.213545 0.284074 -0.754368 -0.773327 0.423447 -0.864831 0.415720 -0.757859 -0.052974 0.762610 -0.339905 -0.754683 0.719612 0.398527 0.368273 0.706108 -0.171796 -0.585608 -0.182799 0.232511 0.692755 0.135640 0.266242 -0.161730 -0.580629 -0.983193 -0.607995
-0.300963 -0.157991 0.521193 -0.093856 -0.929910 -0.289443 0.664316 0.198029 0.740475 0.057584 -0.172980 0.875358 -0.051508 0.176953 -0.743879 0.973165 0.137805 0.630617 -0.346483 -0.167645 -0.225575 0.171707 0.474392 0.961797 -0.007518 0.792958 0.868657 -0.069570 -0.078724 0.297507 0.057041 0.567954 -0.478826 0.219785 -0.601749 -0.694501 0.988520 -0.789984 -0.673628 -0.510687 0.309356 0.934209 -0.787071 -0.870191 -0.066508 0.923400 0.909224 -0.698175 -0.773171 -0.214851
0.388214 -0.633177 0.518339 -0.292566 0.914673 0.487404 0.986520 -0.510767 -0.310380 -0.477109 -0.947165 -0.780523 -0.102380 -0.082702 -0.633106 -0.099972 0.978573 -0.796277 -0.992651 -0.192240 -0.733982 -0.084370 0.654520 0.225153 -0.701930 -0.995991 -0.167809 0.157550 0.333571 -0.625455 -0.068199 0.185925 -0.942346 -0.798566 -0.815819 0.290910 0.392232 -0.361215 0.948141 -0.158712 0.756658 -0.760149 -0.555554 -0.995973 0.114716 0.004634 -0.459482 -0.595909 -0.027777 0.452145
-0.896079 -0.666063 0.175309 -0.291535 -0.585174 0.742969 -0.265296 -0.821702 -0.139743 0.302373 0.434946 0.192866 0.875177 -0.411480 0.283718 0.658297 -0.399230 0.551118 0.816208 0.592929 -0.048086 -0.831773 -0.909933 0.657649 -0.732727 -0.245036 0.553777 0.367297 -0.939334 0.454366 -0.258618 -0.261178 0.992905 0.016506 0.557421 0.793454 -0.714884 -0.708552 0.205501 0.200148 -0.286633 -0.388429 0.237665 0.098959 -0.790180 0.358502 0.455133 0.204055 0.314947 -0.684761
0.636466 -0.322639 0.982115 0.150534 -0.344015 0.557857 -0.788697 -0.600300 0.854400 0.079101 -0.611700 0.989771 0.965964 0.053949 -0.621253 0.003541 -0.896407 -0.287864 0.896024 0.066884 -0.024498 0.694815 0.517332 0.513615 0.048872 -0.610555 0.215620 -0.114166 0.678871 0.860527 0.937645 -0.773043 -0.301602 0.761431 0.219526 -0.410546 -0.724372 0.984467 -0.008834 0.379838 0.015157 -0.855812 -0.687224 -0.008922 0.909466 -0.495507 0.041980 -0.184192 0.608477 0.028157
0.122221 0.985991 -0.777663 -0.846782 0.082536 0.515426 0.576169 -0.161809 0.735599 0.554389 -0.715792 0.439837 -0.004286 -0.927080 -0.942861 0.572457 0.630352 -0.482283 0.584833 -0.143756 0.154936 0.283183 -0.496677 -0.562074 0.993123 0.292673 -0.309540 -0.690707 0.117359 0.781564 -0.580494 -0.349236 0.543873 0.360481 0.215489 -0.123173 -0.854978 -0.983061 -0.019425 0.667402 -0.171336 0.407740 -0.321655 -0.771000 -0.305932 -0.642347 0.589081 -0.837962 0.109099 -0.525402
-0.008704 -0.259081 -0.700714 -0.882100 0.287715 -0.294743 -0.721450 0.975497 0.309148 -0.312645 0.422957 0.961749 0.270209 -0.808799 -0.798944 0.637301 -0.546012 0.706349 -0.973555 0.121464 -0.467595 0.635005 -0.883569 -0.513915 -0.204594 -0.194832 -0.378085 -0.161703 0.330375 0.311498 0.637450 0.148495 0.232725 0.357775 -0.161738 -0.824681 -0.480456 -0.546760 0.380506 -0.835535 -0.501895 -0.767076 -0.293747 0.898632 0.541022 -0.631565 -0.125726 -0.593635 0.414936 -0.333291
0.464613 -0.698493 0.223952 0.016331 0.776729 -0.094847 0.667103 0.414193 0.465544 -0.420316 0.450618 0.020777 -0.088874 -0.566644 -0.106032 0.879339 0.084861 -0.630518 0.384882 0.564077 0.909314 -0.085161 0.613001 -0.446243 0.918982 -0.917852 0.403910 0.354600 -0.972859 -0.160335 0.339568 0.412098 -0.276044 -0.196521 0.291227 0.143836 0.781527 0.314954 0.768464 0.628891 -0.440992 0.073853 -0.217474 -0.569595 0.495740 -0.283570 -0.795393 0.902004 -0.268897 -0.482632
-0.621547 0.393133 -0.156008 0.265800 0.094079 0.420494 -0.327038 0.973160 -0.094077 -0.617922 -0.460786 -0.416425 -0.012158 -0.700888 0.922009 -0.691411 -0.139302 0.501469 -0.791245 -0.938037 -0.916096 0.707616 -0.734772 -0.263916 0.936903 -0.589897 -0.679993 0.633765 -0.468952 -0.128370 -0.841701 0.763452 0.142032 0.260824 -0.403962 -0.192667 -0.656676 -0.724078 -0.229988 0.908413 -0.023942 -0.304983 0.437784 0.338474 -0.753133 0.168457 0.845440 0.711838 -0.966344 -0.458297
0.648097 -0.473844 -0.983561 0.918673 -0.612178 -0.805058 -0.328050 -0.953147 0.746370 -0.940125 0.715105 -0.016877 -0.731286 0.873319 0.298849 -0.138089 0.596591 0.591724 0.763611 -0.039369 -0.007309 -0.651791 -0.473792 -0.333505 -0.418586 0.091942 0.989322 -0.427659 0.741262 -0.983851 -0.705571 -0.628787 -0.202369 -0.861971 -0.221293 0.865015 0.067785 0.273334 0.584182 -0.259573 0.532589 0.495807 -0.291402 0.710977 0.534340 -0.068996 0.942566 0.870106 0.433604 0.935427
-0.747376 -0.586583 0.398426 -0.386518 0.691553 0.517295 -0.885388 -0.965910 0.295691 0.034127 -0.589145 0.272401 -0.462875 -0.748825 0.538913 -0.147318 -0.389105 0.640333 -0.720969 0.100855 0.532538 0.365503 -0.954975 -0.941327 0.937628 -0.277415 0.455579 -0.387502 0.972196 0.441044 0.100449 0.649412 0.128043 0.698494 0.613754 -0.944806 -0.207159 -0.322321 0.694181 -0.188285 0.786629 0.001160 -0.146971 0.306455 -0.077853 -0.754219 0.496941 0.543232 -0.639782 0.915756
0.938365 -0.513451 -0.785714 0.754868 -0.132238 -0.993171 -0.590577 0.225613 -0.200438 -0.203177 -0.431453 -0.880317 0.312212 -0.989765 0.310693 -0.953387 -0.866246 0.512168 0.107849 -0.154754 -0.971283 -0.461400 0.721966 -0.041601 -0.709410 -0.729671 -0.553269 0.715052 0.075501 0.058056 0.916361 0.017175 0.860132 0.557382 0.211611 0.093014 0.355004 0.161296 0.607575 -0.941187 0.684130 -0.074443 0.051598 -0.871634 0.153170 0.807492 0.351176 -0.053991 -0.817544 0.295477
0.735219 0.949558 0.668737 -0.953918 -0.967056 0.005605 0.831584 0.553395 0.644758 -0.992712 -0.682595 0.710607 -0.131434 0.513011 0.019638 0.966932 -0.187448 0.614092 0.919102 0.627733 0.303064 0.117172 0.326702 0.460730 0.342523 -0.859639 -0.573139 0.436850 -0.979470 -0.992888 0.722316 0.870270 0.188432 -0.668711 -0.834426 -0.361609 0.659084 0.543272 0.684707 -0.740604 -0.600646 0.793395 0.009611 0.080191 -0.607765 -0.906149 0.341677 0.646326 0.385212 0.469062
-0.081161 -0.171926 0.523815 -0.178876 0.333786 0.804115 -0.590511 0.705839 -0.705514 0.104665 0.861764 -0.861341 -0.885780 0.114328 -0.302752 0.218663 0.203869 -0.350820 0.445744 0.949121 -0.646079 -0.601343 0.652839 -0.721581 -0.885697 -0.445303 -0.265750 0.477774 0.732685 -0.602761 0.405808 -0.882939 -0.736872 -0.208167 -0.116924 0.468340 -0.597599 -0.141790 -0.253887 -0.452992 -0.170853 -0.669363 -0.495127 -0.837160 0.201931 -0.492167 -0.879847 -0.320509 0.366641 0.301268
0.055407 0.471457 -0.703107 0.769167 0.195609 0.286904 -0.661733 0.936129 0.188329 0.631876 0.422964 0.640430 0.073318 0.388878 0.891976 0.880384 0.560131 -0.416682 -0.336348 -0.660031 -0.512695 -0.733085 -0.297530 0.883094 0.987331 0.220282 0.963174 0.875159 0.511268 -0.830984 -0.030415 -0.012345 -0.250851 0.032913 -0.981760 -0.891904 -0.784335 -0.148486 -0.136110 -0.967158 0.811938 -0.507765 -0.566945 0.515154 -0.788352 0.792630 0.948423 -0.668516 -0.687569 0.484638
-0.860049 0.253263 -0.875551 -0.196629 -0.507565 0.980141 0.958925 0.069332 -0.244645 -0.682191 -0.673532 -0.410175 -0.938465 -0.200757 -0.110796 0.405169 0.673264 -0.490663 0.279722 -0.788560 -0.251340 0.190824 0.601661 0.269832 -0.053686 -0.684679 0.250812 0.355531 0.305335 -0.937461 0.508495 -0.960404 0.054974 0.264169 0.470779 -0.195909 -0.306590 -0.671361 0.969594 -0.323487 0.969530 0.880428 -0.821758 -0.666243 -0.534583 -0.801380 -0.791025 0.834425 -0.564204 0.469838
0.139733 -0.000917 0.961578 -0.288604 -0.350933 0.541030 -0.530650 0.874623 0.778458 -0.746427 0.590699 -0.183844 0.566420 0.647591 -0.820844 0.691869 0.571850 -0.397050 -0.921198 -0.772498 -0.641752 0.358316 -0.613818 -0.040173 -0.616840 -0.401753 0.652317 0.245681 0.637542 0.590906 0.951547 -0.035638 0.066484 0.087210 0.490052 -0.412616 0.566364 -0.785514 0.816976 -0.149046 -0.963579 0.386238 -0.097718 -0.537377 0.950924 0.964464 -0.221131 0.046054 0.170585 -0.402803
-0.336059 -0.173021 0.972498 0.931206 -0.618150 0.028712 -0.438822 -0.662118 0.406144 0.089064 0.736979 -0.069268 -0.767879 0.906020 0.550049 -0.031026 -0.703794 0.674061 0.486013 -0.858882 0.262708 0.793895 0.576228 -0.808889 -0.293998 -0.156646 -0.615343 -0.940659 -0.082906 -0.561755 -0.337891 0.049048 -0.167467 -0.399139 -0.596071 -0.221662 0.911003 -0.773998 0.948560 0.009038 0.545881 0.572836 0.652998 -0.448137 0.986105 0.550576 -0.276991 -0.615954 -0.971888 0.386674

Bias v0 (Oculta):
-0.500555
0.800404
0.638508
-0.498287
-0.492264
0.923796
0.264667
-0.013482
-0.075488
-0.336757
-0.976827
0.167735
0.658319
-0.295576
0.671763
-0.432410
0.083901
-0.021400
-0.908853
0.398247
0.375969
-0.909332
0.628637
-0.940977
-0.454464
-0.468615
0.526485
-0.017736
0.537363
-0.023408
-0.378123
-0.577078
0.534898
0.487043
-0.003323
-0.634525
-0.593333
-0.209754
-0.071614
-0.029699
0.314292
-0.113867
-0.804283
0.694623
0.376561
-0.444607
-0.320991
-0.923475
0.354510
-0.861796

Pesos w (Oculta -> Saída):
0.115362 -0.412551
-0.052680 -0.318607
0.862079 0.614412
-0.212282 -0.987785
-0.414748 0.831213
0.782306 -0.455591
0.327964 0.596791
0.258821 -0.740978
0.975353 -0.863000
0.577747 -0.792616
-0.063222 -0.775377
-0.579203 -0.841489
-0.188050 0.659167
-0.872362 -0.196332
-0.013298 -0.343068
0.680806 -0.635232
-0.197148 -0.987654
0.878293 0.483497
0.423158 -0.975561
0.509654 0.878076
0.382636 0.481267
-0.126601 0.052536
-0.825715 -0.873972
0.510847 0.253545
0.128458 -0.709797
-0.155110 0.831379
0.060532 0.069966
0.298232 -0.205521
0.796362 -0.928970
0.657938 -0.715994
0.058779 -0.844696
0.407316 -0.009648
-0.139670 -0.003567
-0.171177 0.576227
-0.983865 0.473957
0.214951 -0.814394
0.035745 0.927461
-0.004249 -0.594220
0.742022 0.631054
0.677077 -0.115990
0.271906 -0.566357
0.169703 0.505041
-0.086839 -0.139392
-0.503255 -0.682262
0.435205 -0.484061
0.713622 0.577824
-0.284050 0.763073
-0.233677 -0.092809
0.837626 0.494176
0.234697 -0.706065

Bias w0 (Saída):
0.432647
0.038502
