Pesos v (Entrada -> Oculta):
-0.683953 -0.814393 0.044932 -1.096641 0.816637 -0.360106 0.641455 -0.825040 0.165536 0.457734 0.885503 1.024025 0.901159 -0.359292 -0.333624
0.168508 0.885087 -0.353418 0.155413 0.919010 0.843101 -0.573369 -0.264305 -0.903195 -0.849892 0.307761 0.749492 -0.341633 -0.390057 0.471956
0.180032 -0.604509 -0.403940 -0.535980 -0.728557 0.779932 -0.860867 0.411957 0.902978 0.988013 0.768491 0.391659 0.076000 -0.677383 0.791747
-0.529122 0.863729 0.628039 -0.387142 -0.867942 0.396523 0.188979 -0.809253 0.648471 0.840406 -0.109869 0.602636 0.669033 0.704635 -0.751711
0.279161 0.036381 0.589709 0.702891 -0.548863 0.344911 -0.118944 -0.303740 -0.255983 -0.705730 -0.368586 0.715844 0.188345 0.885072 -0.210374
0.111216 -0.396671 -0.394186 0.884013 1.000629 0.072299 0.890374 0.715559 -0.077671 -0.154050 -0.839675 0.009709 0.013822 -0.124167 0.671846
0.368693 -0.209180 0.547357 -0.292290 0.342257 -0.323529 1.071238 -0.967342 -0.000718 0.510390 0.061362 0.940685 -1.026302 0.896914 0.260941
-0.825578 1.002213 -0.234197 -0.140794 0.004308 1.131526 0.779586 -0.019677 -0.595686 -0.368847 0.506632 -0.056980 -1.185532 1.027721 0.607621
-0.544651 0.078646 0.308953 0.229285 -0.476218 -0.664655 -0.571704 -0.864177 -0.872935 0.678787 -0.212136 -0.146303 0.327086 -0.485171 -0.798078
-0.395038 -0.700904 -0.638982 0.656426 -0.595190 -0.095375 0.469032 0.509594 0.116352 0.245961 -0.872566 0.094472 0.612105 -0.260975 -0.452186
0.798667 -0.104270 -0.951599 0.324977 -0.531823 -0.439710 -0.181418 -0.536308 0.685221 -0.490922 -0.135057 0.229489 -0.804250 0.376767 -0.802123
0.028113 0.627266 0.457898 -0.920266 0.752429 -0.657795 0.105221 -0.242178 -0.204529 -0.064963 0.660716 0.073370 -0.773287 -0.844800 0.127654
0.032328 -0.452026 0.383593 0.062211 0.966075 0.416359 -0.579001 -0.344785 -0.561579 1.051329 0.488118 0.108728 0.887401 0.249769 0.382734
-0.640472 -0.879916 -0.561928 0.465834 0.664204 0.174966 -0.441743 0.804720 0.601695 0.865523 -0.563945 -0.813963 0.951699 -0.593725 0.533751
-0.975695 -0.816666 -1.011304 -0.961234 0.579848 0.421924 -0.379629 -0.116989 -0.836900 -0.542280 0.323905 0.956799 -0.248832 -0.452686 -0.883654
-0.843399 -0.062857 0.208404 -0.137081 -0.670186 -0.492987 0.134402 0.143379 -0.538359 -0.516049 0.540590 -0.556026 0.546942 0.629474 0.761346
-0.883565 0.494403 -0.750220 0.139067 -0.099700 0.656412 -0.230347 -0.576056 -0.750175 0.423556 -0.536744 0.398733 0.589917 0.565853 0.425121
0.741086 0.937018 0.660526 0.613579 0.502377 0.531587 0.086309 0.096709 -0.582852 0.715839 0.554007 0.633656 -0.017224 0.447957 -0.401487
-0.567650 0.999388 0.956276 0.836540 0.575630 0.474521 1.307395 0.146310 0.513528 -0.382308 -0.008975 0.917369 -1.204489 0.007052 0.839819
0.925413 0.631499 -0.625237 0.159284 0.221058 0.954828 0.679789 -0.726547 -0.321460 -0.768257 0.757105 0.842563 0.473773 0.445124 -0.748735
-0.016816 -0.310082 -0.649745 -0.308298 0.606293 -0.500556 -0.473824 0.017500 0.201846 -1.029064 -0.807571 -0.578743 -0.514903 -1.009884 0.796132
-0.160742 -0.540907 0.777379 0.623097 -0.423494 -0.356669 -0.159806 0.250978 -0.740756 -0.696473 0.496307 -0.205096 -0.815867 -0.725810 0.194358
-0.947050 -0.452379 0.385972 0.388668 -0.889328 -0.679897 0.605097 0.875676 0.266477 -0.564786 -0.682538 -0.667792 -0.713130 0.761181 0.544521
-0.331789 -0.342657 0.080540 0.039108 -0.626239 -0.852706 -0.117037 -0.289127 -0.967148 0.073527 -0.124651 -0.134004 0.551001 -0.938747 0.681931
-0.724295 1.010194 0.332278 0.852614 -0.708605 -0.141818 -0.267579 -0.679226 -0.818381 0.203810 0.767033 -0.090112 -0.632397 -0.812373 -0.292103
-0.187003 0.336437 0.363364 -0.188386 -0.644394 -0.308777 0.481723 0.855818 0.423962 0.115111 0.514098 -0.401766 0.910669 -0.886421 -0.925804
0.872480 0.281401 0.517180 -0.105510 0.952904 0.735015 -0.544368 0.796272 -0.726400 0.903131 0.715075 0.360131 -0.749893 -0.120625 0.920069
-0.069693 -0.828091 -0.117856 0.031943 0.831168 -0.096480 0.733836 -0.621382 -0.292040 -0.621112 0.366278 -0.588761 -0.899643 -0.860991 -0.378465
0.591581 0.175709 -0.648683 0.140136 0.240550 0.749867 0.470841 0.835876 0.586353 0.031105 0.300355 0.281504 0.070167 0.802768 0.686665
0.896550 0.196845 0.333853 0.506139 -0.872950 0.773953 -0.385663 0.716741 -0.611600 0.416963 0.386054 -0.658408 -0.285744 0.128974 -0.403034
-0.246492 -0.714899 0.464145 0.152424 -0.619069 -0.580847 -0.028869 0.674742 0.088579 -0.159854 -0.189507 0.905363 -0.868819 0.250185 0.886565
0.260356 1.012116 -0.875909 0.869172 -0.621604 -0.117363 0.834883 0.385149 0.866134 0.780684 -0.315790 -0.709169 -0.118568 0.314971 1.015860
0.824583 0.176022 -0.242785 0.290273 0.832305 0.200474 0.025333 0.497288 0.973411 0.144726 -0.279287 -0.092340 0.501272 -0.569347 0.829117
-0.778883 -0.087388 -0.632272 -0.345643 0.177716 0.891259 -0.849601 -0.144933 0.934926 0.648244 0.454493 0.718023 0.360246 0.139676 0.308418
0.709190 0.491540 0.365442 -0.673194 0.172003 0.163989 0.606297 -0.493145 0.566768 0.720679 0.828562 -0.632498 0.610813 0.693094 -0.164481
-0.601147 0.410270 -0.114459 -0.272205 0.149490 0.182474 -0.776567 -0.714087 -0.123212 -0.875722 0.887407 -0.921047 -0.541758 0.410144 -0.225171
-0.107147 0.101378 -0.313606 0.783311 -0.423184 -0.975710 0.584776 -0.786179 -0.455616 0.443580 -0.331037 0.961613 0.893680 0.620717 0.399569
-0.101251 0.590526 -0.125964 0.148747 0.598640 -0.989128 0.089292 -0.787971 0.548462 0.401219 0.907428 0.126261 0.710631 -0.081462 -0.921341
0.778926 -0.582252 -0.344162 -0.556076 -0.814681 0.260054 0.241523 0.097937 -0.915058 0.229813 0.198987 -0.209031 -0.169723 -0.355605 -0.935851
0.320556 -0.115754 -0.138889 0.409713 0.249595 0.679955 -0.348547 0.114759 -0.410681 -0.777675 -0.758124 0.769990 0.030715 0.827883 0.225715
-0.053514 0.169326 0.327163 -0.915235 0.418290 0.860338 0.005737 -0.756852 0.346362 -0.709358 0.718051 0.823047 0.748552 0.484403 -0.562816
-1.078389 -0.819180 -0.031128 -0.499373 -0.984131 -1.057768 -0.850067 -0.055622 0.409940 1.077656 0.322878 0.054689 0.000621 -0.504587 -0.394817
-0.804108 -0.508134 -0.823604 -0.711074 0.182676 0.118097 -0.888383 0.938454 -0.458602 -0.843053 0.640166 0.680045 0.810978 -0.712737 -0.125129
0.900040 -0.516074 -0.330361 0.566287 0.546967 0.627570 0.196143 0.574392 0.522716 -0.751180 -0.796843 -0.565924 0.184800 -0.120558 -0.903995
-0.801734 0.700623 -0.921731 1.029197 0.165456 0.354623 -0.521517 -0.831432 0.274295 -0.785079 -0.408089 -0.072503 -0.907429 0.780171 0.471021
-0.727623 -0.126415 0.642898 -0.813103 -0.127514 -0.547295 0.582384 0.484566 0.704445 0.124338 -0.727590 -0.888359 0.143193 -0.112585 0.144927
0.137715 -0.752246 -1.021752 0.154828 0.508193 0.790435 -0.506358 -0.415792 0.498977 0.680843 0.997183 -0.345226 0.195718 -0.770649 0.099476
0.298664 -0.120310 -0.794659 0.592012 0.190506 -0.016163 -0.587633 -0.723832 -0.273000 -0.644701 -0.272974 0.755058 0.714811 0.631902 0.358641
-0.267350 -0.097478 -0.435157 -1.045066 0.808955 0.120261 -0.257203 -0.953764 -0.253988 0.987900 0.709144 -0.668809 -0.262818 -0.567852 -0.821622
-0.931809 0.716589 -0.076905 0.538356 0.514450 0.608770 0.786719 -0.013771 0.909193 -0.526539 0.935563 -0.454055 0.720113 -0.177997 0.604369
-0.248103 -0.711888 -0.874796 0.412147 -0.345473 0.765110 0.629149 -0.123796 0.991272 0.743024 0.650635 0.410529 -0.600387 0.492644 0.132165
0.102971 0.637964 0.097840 0.475628 -0.493416 -0.724255 0.433699 0.541100 0.130880 -0.122042 -0.407441 0.446881 -0.387301 0.019014 -0.644818
-0.661563 0.051168 -0.001724 -0.119175 -0.942393 -0.017066 -0.952294 0.516251 -0.323374 0.061526 -0.823821 -0.568949 1.032396 -0.737327 0.498160
0.502297 -0.283036 -0.072358 -0.212097 -0.974378 -0.892955 -1.097580 -0.301337 -0.560922 -0.078934 0.056555 0.917127 0.547518 0.558753 -0.978584
0.041506 -0.884797 -0.876985 0.300502 -0.666634 -0.901042 0.554694 -0.166961 0.474013 0.519545 0.823340 0.463854 -0.079641 0.261726 0.616207
-0.830800 -0.502219 -0.653253 -0.378168 -0.528152 -0.162262 -0.062879 0.789018 0.951224 0.830323 -0.435481 -0.104077 0.491361 -0.064759 0.812578
-0.172974 0.947082 0.652128 -1.049601 -0.655389 0.825810 0.556484 0.056892 0.494786 -0.083534 0.689756 1.018177 -0.699074 0.743235 -0.860376
-0.389278 -0.062140 0.717870 0.217630 0.746129 -0.112758 0.973454 0.407718 0.030602 -0.784014 -0.093526 -0.500387 -0.050417 0.222145 -0.188462
-0.271177 0.697367 0.518044 -0.192363 -0.680360 -0.966951 0.299375 -0.241817 0.063642 0.108762 0.215747 0.461842 -0.341714 0.013286 -0.576518
-0.914275 -0.363715 0.494298 0.196086 0.720559 -0.058896 0.546976 -0.503573 0.459605 -0.274389 0.734486 0.221799 -0.061994 -0.200069 0.225618
0.697404 0.805779 0.792351 0.330919 -0.505392 0.077046 0.134234 0.067769 0.670775 -0.857001 -0.497233 0.940561 -0.010939 0.659295 0.741131
-0.239854 -0.417440 -0.404299 0.804482 -0.143423 0.740274 0.530051 -0.916663 -0.132183 -0.627038 -0.437162 0.781907 0.107046 -0.536222 0.922138
0.849019 -0.252825 0.512457 -0.103760 -0.912775 0.026956 0.298779 0.377524 -0.974764 -0.283462 -0.783405 0.825922 -0.208602 0.732406 -0.731173
0.164429 -0.800009 0.004326 -0.983377 -0.249136 -0.622075 -0.405206 -0.388339 -0.597396 -0.303598 0.495390 0.927819 0.348680 0.590863 -0.396498
0.444036 -1.413574 0.097321 -1.053925 0.689452 -0.305051 0.691399 -0.130365 -0.881803 0.379784 0.387493 -0.172670 0.001338 0.447874 -0.844771
0.680065 -0.381656 -0.509534 -0.297133 0.454004 -0.549665 -0.795817 0.673493 -0.525687 -0.734318 -0.032105 -0.273446 1.098847 -1.137599 -1.051345
0.522762 0.491046 0.404359 -0.900630 -0.860646 0.356730 0.476869 -0.916316 0.313314 -0.734710 -0.850145 0.873653 0.542173 -0.304712 -0.038092
0.871569 -0.249717 -0.006553 0.000675 0.741726 -0.048279 0.255159 0.485793 0.691125 -0.688439 -0.819056 -0.144950 -0.258034 -0.590222 0.291121
0.499753 -0.390240 -0.388037 0.793494 -0.062696 -0.481724 -0.707988 0.164158 0.040700 -0.517096 -0.460104 -0.603642 1.038292 -0.738825 0.895343
0.499863 0.456932 0.034955 1.019664 -0.790487 0.063935 -0.837393 -0.008966 -0.427007 0.437609 0.291025 0.842024 0.118859 0.022304 0.718301
-0.641209 0.265517 -0.211357 0.029563 -0.837588 0.407594 -0.408484 -0.403917 -0.471521 -0.830275 -0.048561 0.044596 0.205158 -0.498635 -0.218623
-0.233372 0.886145 -0.835552 0.264623 -0.112293 0.012309 0.869675 -0.450986 -0.623302 0.566038 -0.314053 -0.883966 -0.012306 -0.589942 0.543255
-0.292921 -0.714912 -0.598106 -1.005938 -0.142262 -0.044769 -0.917885 0.894318 0.222149 0.817511 0.035257 -0.799060 -0.442166 0.627359 0.356913
-0.014465 -0.854893 -0.610349 0.583698 -0.644619 -0.889347 -0.006950 -0.948557 -0.889736 -0.118686 0.294143 0.564011 0.460605 0.767053 0.756569
0.521422 0.882861 0.693066 -0.201723 0.900286 0.719986 0.710880 -0.492959 0.869254 -0.971534 -0.849544 0.972289 -0.041151 0.010916 -0.785253
0.650659 -0.510642 -0.024224 -0.115504 0.597091 0.523714 0.196865 -0.955606 0.150224 0.104915 0.404317 -0.514195 -0.611765 -0.448991 0.266325
0.714391 -0.177710 -0.144635 0.332461 -0.623459 -0.994047 -1.093386 0.080477 -0.537950 0.392542 0.582051 -0.769566 -0.120476 0.232808 0.462521
-0.748486 0.199849 -1.022976 -0.386800 -0.571450 -0.178216 -0.434721 0.098192 -0.939233 0.385195 0.612644 -0.170732 -0.126520 -0.544943 0.546722
0.130295 0.659173 0.206177 -0.583458 -0.889863 0.450367 0.284146 -0.920514 0.402612 -0.452355 -0.547538 0.096262 -0.876026 -0.313759 -0.571987
0.273333 0.363490 0.354910 0.419633 -0.438314 0.040850 0.422714 -0.813441 -0.414517 0.910119 0.326810 0.473826 0.077601 0.289787 -0.275581
0.952568 0.690130 -0.767612 -0.131815 -0.276368 1.329289 -0.481239 0.313525 -0.892101 -0.106857 -0.969332 0.385487 -0.665547 -0.007889 -0.099847
0.339557 0.843279 -0.147137 -0.525470 0.547342 -0.099133 0.257958 -0.533836 0.465739 0.230279 -0.710187 -0.217674 0.381022 0.661670 0.819932
-0.054217 0.764380 0.816769 -0.286234 0.786219 -0.711601 -0.004120 -0.732224 0.174391 -0.771488 -0.441782 -0.926572 -0.242891 -0.363673 0.472934
-0.001207 0.038450 0.407796 -0.508951 0.840815 -0.702667 -0.247654 0.491168 -0.592224 0.836424 -0.916517 0.380625 0.089801 0.339614 0.079980
-0.685138 1.020697 -0.461763 -0.530501 0.067169 1.013630 -0.639433 -0.303042 0.181557 1.068191 0.663970 0.347359 -0.497836 0.770897 -0.561253
-0.189470 0.125745 0.816480 0.371604 0.097079 -0.926390 -0.667245 0.765407 0.328074 -0.047541 0.361005 -0.239004 -0.042940 -0.622592 0.094597
-0.818290 0.031523 0.494118 -0.608834 0.680294 0.771318 -0.001175 0.899033 -1.019088 0.143898 -0.908862 0.179915 1.014889 -0.432321 -0.240591
-0.501355 -0.379826 -0.005559 0.972722 -0.341951 0.389527 0.393544 0.390038 -0.439780 0.423293 -0.673694 0.543057 0.531064 0.020099 0.078807
0.762022 -0.189084 -1.059713 -0.410962 -0.151723 -0.796527 0.513056 -0.834497 -0.445333 -0.486390 -0.002706 0.406259 -0.884506 -0.450147 -0.495434
0.659761 0.526405 0.046390 0.215927 0.437358 0.290871 -0.475106 -0.034137 -0.919882 0.031130 -0.537322 0.447868 0.353039 0.280212 0.109147
-0.355619 -0.553382 -0.319054 0.522487 0.637925 0.287450 -0.149389 -0.827960 -0.347023 0.918715 0.531950 -0.449143 -0.479628 0.083776 -0.729360
0.372936 0.661918 -0.880187 0.682621 -0.756863 1.241314 -0.085636 0.811540 0.574687 -0.097138 0.556702 0.452107 -0.067435 0.896732 -0.489652
-0.524360 0.912066 -0.989768 -0.719948 0.822661 1.118862 -0.504512 0.261514 0.410535 0.207110 0.234682 -0.466608 0.260869 0.173047 1.055624
-0.453833 0.159759 0.576405 0.686799 -0.670916 -0.683535 0.011190 0.646138 0.364823 0.324957 0.347474 -0.697680 0.798676 1.030853 -0.867986
0.684296 0.925489 0.194637 -0.720949 0.328453 1.033368 -0.602250 0.665569 0.570469 0.665608 0.260800 0.616128 -0.374783 0.215038 0.273965
-0.377009 0.000582 -0.418505 -0.482382 -0.188891 -0.857301 -0.101092 -0.757661 -0.392576 -0.790064 -0.724912 0.919328 -0.675529 -0.405498 0.312390
0.337398 0.855164 -0.692224 0.797969 -0.993224 -0.328286 0.674359 -0.811154 -0.242318 0.721351 0.301288 0.473152 -0.859495 -0.160768 -0.969815
-0.928855 -0.188198 -0.948382 0.314924 -0.258798 -1.068615 -0.625838 0.463443 0.090147 -0.812390 0.775074 -0.507364 -0.366502 0.020862 -0.723489
-0.434906 -0.245691 -0.853007 -0.266638 0.361443 -0.730847 -0.813101 -0.687606 0.096062 0.520012 -0.264297 -0.355774 -0.653748 -0.125468 0.441760
0.633343 1.074164 0.349532 -0.448865 -0.163837 0.273679 0.933435 -0.549357 0.583507 -0.475471 0.116124 -0.788544 -0.502681 -0.285276 0.947378
-0.067471 0.619654 0.961761 -0.659432 0.472237 -0.801070 0.405250 0.802185 -0.108269 -0.340566 0.744195 -0.358708 -0.638383 -0.785716 -0.980947
-0.208053 0.898467 0.987121 0.820359 -0.466633 0.348599 0.364142 -0.783193 0.767420 -0.718324 -0.281426 -0.467335 -0.348498 -0.443144 0.379760
0.570434 -0.301646 0.355432 0.061510 -0.947707 0.455926 -0.434161 -0.787442 -0.551009 -0.439684 -0.465163 -0.137565 -0.664131 0.639637 0.090454
0.448818 0.174617 0.057078 0.209618 -0.690480 0.007601 0.429206 0.216897 0.428921 0.739423 -0.758952 -0.264584 -0.975827 -0.014836 -0.771015
0.637590 -0.509898 0.552125 -0.563118 0.126494 0.481331 -0.785967 0.817146 -0.815349 0.068257 -0.839039 -0.411013 -0.083927 -0.760520 -0.373513
-0.840725 -0.892355 -0.818832 0.704139 0.694169 0.773257 0.305786 0.400291 0.340456 -0.081337 -0.794926 0.564853 0.611231 -0.253747 -0.196900
0.159917 -0.430622 0.054713 0.479157 -0.244669 0.070335 -0.264550 -0.863409 -0.429467 -0.062065 -0.632269 0.743304 -0.172004 -0.474446 -0.065490
0.594211 -0.198369 0.285100 -0.840917 -0.654099 -0.724338 0.096863 0.034528 0.047457 0.617572 -0.665429 -0.937580 0.438715 0.217932 -0.805712
-0.903041 -0.146065 0.089542 0.055846 0.735856 -0.013792 0.390775 0.660605 0.639191 0.784005 0.015958 -0.637527 0.433216 0.502403 -0.708406
-0.890159 0.179569 -0.311497 0.264583 0.618043 -0.031875 -0.969372 0.698444 -0.212177 -0.131977 -0.956972 0.435842 1.026561 -0.509789 -0.654360
0.088714 -0.743803 0.652505 0.109534 0.083456 0.494361 0.191189 0.341333 0.477342 0.216131 0.093446 -0.303345 -0.189652 -0.435335 0.857754
0.340440 0.501058 -0.878985 -0.636492 0.141397 0.449591 0.800495 0.974617 -0.312899 -0.315427 -0.029654 0.340758 0.092169 -0.233831 -0.187497
0.549969 -0.379099 0.432977 0.683827 -0.711322 -0.105743 0.432989 -0.211450 0.043208 0.585098 0.022736 -0.090416 -0.305765 -0.300522 -0.596458
-0.076168 0.737765 -0.541959 0.040964 -0.844379 -0.664248 0.855291 -0.874410 0.919979 -0.301440 0.665074 -0.044700 -0.668486 0.854641 0.262015
0.416090 0.657553 0.129925 0.652509 -0.938176 -0.641624 0.723658 0.132970 0.439668 -0.288275 0.216462 0.531159 -0.145667 -0.363673 -0.487976
0.493677 -0.078382 0.731481 -0.610033 0.368735 0.364473 0.865356 0.252152 0.025090 0.474220 0.731339 0.417235 0.095561 -0.589884 0.495292
-0.605578 -0.780689 -0.314256 0.623019 0.931432 0.412867 0.248498 -0.997211 -1.081794 0.587425 -0.663914 0.549658 0.127189 -0.277992 -0.835115
0.622225 -0.044839 -0.363392 -0.006240 -0.317388 -1.030877 -0.437737 -0.946088 0.494524 -0.281540 0.529117 -0.188647 -0.419568 -0.022005 0.733252
-0.825229 -0.546478 -0.248302 -0.548923 0.736122 0.025997 -0.802221 -0.890968 0.890414 0.690978 0.257525 0.911720 -0.218645 0.713887 0.246601
-0.174813 -0.170752 0.363804 -0.525349 0.383721 -0.047689 -0.182958 -0.638423 -0.992207 -0.633267 0.692449 0.724356 -0.249393 -0.438716 0.522127

Bias v0 (Oculta):
-0.307860
-0.294856
-0.577222
-0.600919
-0.061003
0.747366
1.014650
-0.566894
-0.428801
-0.734234
-0.744006
0.581044
-0.940021
-0.497678
-0.092526

Pesos w (Oculta -> Sa獮a):
0.737845 -0.164916
1.707330 -1.613470
0.564080 -0.537499
0.688214 -0.684224
0.129533 -0.097096
1.405921 -1.668417
2.026343 -1.983027
-0.832264 0.672998
0.831744 -0.723594
-0.733013 0.736078
-1.040266 0.926093
0.097529 0.538351
-1.254633 1.197109
1.087012 -1.112082
0.553748 -0.432542

Bias w0 (Sa獮a):
-1.324295
0.716059
