Pesos v (Entrada -> Oculta):
0.831785 0.220314 -0.205394 0.358549 0.590076 0.088036 0.746363 0.640251 0.151538 0.144642 -0.257153 0.554699 -0.122440 0.016504 0.170917 0.646442 -0.708085 -0.332408 -0.698072 -0.518424 0.785826 -0.823068 -0.573884 0.999819 0.206168 0.163809 -0.543866 -0.089381 0.161437 -0.711140 -0.567639 -0.191052 0.225975 0.806782 -0.934324 -0.563545 0.087022 -0.322484 0.564655 0.556080 -0.362623 -0.899074 -0.857092 -0.167148 0.768113 -0.978537 0.131677 -0.384644 -0.170609 0.441494
-0.139439 0.222152 -0.138670 0.798203 0.697104 -0.706469 -0.330804 0.259252 0.643441 -0.642327 -0.405190 0.200146 0.288015 -0.605238 0.181818 -0.101417 0.553308 -0.670683 -0.540619 -0.154675 -0.639978 -0.869513 0.179143 -0.165407 -0.244139 -0.435539 0.824558 0.563468 -0.012383 -0.633884 -0.247612 -0.384993 0.353570 0.829519 -0.180429 0.584607 0.606093 -0.695023 0.795337 0.056928 -0.639007 -0.425469 -0.967358 0.924828 0.149022 0.047602 0.304665 0.359634 0.318958 -0.904544
0.947732 0.763816 -0.141480 -0.175840 0.603906 0.984207 -0.518018 -0.102666 -0.490839 -0.337347 -0.972809 -0.938106 -0.285869 -0.485466 0.096556 -0.186716 0.088362 -0.418573 0.142612 0.280262 0.424566 -0.154380 0.038573 0.564345 -0.525345 -0.969384 0.312973 -0.880372 0.336312 0.106133 0.988560 -0.610250 -0.335576 -0.926589 0.709429 -0.400815 0.758499 -0.629597 0.642594 -0.503040 -0.106664 -0.793178 0.414347 -0.613618 -0.837854 0.859672 -0.606975 0.807585 -0.775346 0.707331
-0.688230 -0.923754 -0.115207 0.847635 0.605261 -0.749624 0.916840 0.752029 -0.187750 -0.711220 -0.842689 0.769791 -0.532306 0.627070 -0.932079 0.204121 0.953106 0.307184 -0.628812 -0.020079 0.055015 -0.717625 -0.886477 -0.970838 0.364882 -0.178180 0.129976 -0.633147 -0.987937 0.558475 0.057270 0.973751 -0.283160 -0.573268 0.293831 -0.321938 0.831907 0.382205 0.133917 0.741863 -0.055501 -0.621795 0.157562 -0.919979 -0.456294 0.949647 -0.192510 0.731170 0.483875 0.812359
-0.729487 -0.769000 -0.562472 -0.281402 0.274264 -0.017084 0.944556 -0.036800 -0.840725 0.244191 0.465206 -0.056363 -0.997128 0.541583 -0.250027 0.577957 0.691678 -0.142117 0.697955 0.964485 0.859872 0.581144 -0.020412 -0.901049 0.081966 0.426177 0.132372 -0.761903 0.456312 -0.228924 0.061119 -0.813145 -0.377062 0.583934 0.989661 -0.563867 -0.462157 -0.593740 0.634129 -0.464634 0.544241 -0.856250 0.841905 -0.030388 0.173426 -0.505037 0.001608 0.941507 -0.069149 -0.462381
-0.902471 -0.810228 -0.727534 -0.530296 0.272204 0.871072 0.925908 -0.985779 -0.943692 -0.396262 -0.984146 0.639420 0.340235 0.183642 -0.585396 -0.019992 0.022293 -0.008954 0.821914 0.584464 0.966804 -0.755032 -0.554220 0.284094 0.253038 -0.194593 -0.514342 -0.081584 0.500740 0.672379 0.292561 0.439153 -0.152033 0.577825 0.230153 0.834149 0.841015 0.898375 0.849398 -0.486875 -0.064972 -0.546308 -0.756204 -0.326461 0.233146 0.341509 0.984706 0.026740 -0.509123 0.207709
0.523005 0.885552 0.761261 -0.094784 -0.354930 0.627755 -0.258151 -0.895740 0.384203 -0.290213 -0.169563 -0.615178 -0.218170 0.649752 0.816270 0.348601 0.041244 0.592839 -0.454423 -0.475523 0.259487 0.381321 -0.106146 0.539466 -0.344118 0.667800 0.638039 0.465620 -0.734391 -0.454577 -0.255792 0.497483 -0.334431 -0.547317 -0.612718 0.718079 -0.898069 0.897828 0.234059 -0.534904 -0.722633 -0.066636 -0.863508 -0.366844 0.379424 0.149308 -0.866897 -0.306399 0.884715 0.187377
0.002082 -0.842612 0.374808 0.251088 0.075273 -0.971066 -0.048339 0.365089 0.936664 0.208903 -0.562080 -0.430762 -0.242473 0.725164 0.225409 -0.132352 0.640717 0.643772 -0.463821 -0.174078 0.109225 -0.265365 0.617438 -0.016200 0.333718 0.309992 0.611241 -0.074888 0.469925 -0.348782 -0.048093 -0.600712 0.139018 0.625912 0.352560 -0.905751 0.920579 0.445671 0.333565 0.534417 0.543533 0.818901 0.114407 -0.766339 -0.386289 0.631250 -0.821635 0.980542 -0.791410 0.197607
-0.397345 -0.775379 -0.652312 0.522788 -0.562335 -0.238987 0.817585 -0.825474 0.854156 -0.071958 -0.413119 -0.870214 -0.678781 -0.122294 0.267854 0.214146 -0.113957 -0.257812 -0.935146 -0.720025 0.073174 -0.566479 0.950687 0.446674 -0.647222 0.260998 0.212410 -0.874783 0.473972 0.919871 0.388187 0.963965 0.812082 -0.904087 0.649396 0.101403 -0.207337 0.790820 -0.494296 -0.662327 0.373010 0.147045 -0.108079 0.051156 -0.880487 -0.898420 0.187679 0.867045 0.010457 -0.544572
-0.733901 0.018162 0.576884 -0.275362 0.020959 0.729186 -0.135748 -0.434501 0.896274 0.410540 0.813173 -0.638005 -0.321284 0.701242 -0.431979 0.525433 0.070533 0.437949 0.929229 -0.487525 -0.274239 -0.661056 -0.494316 -0.278480 0.707231 0.792820 -0.966752 -0.119025 -0.005711 -0.335728 0.987891 -0.438731 -0.501183 -0.647056 -0.528129 0.769479 0.097561 -0.509461 -0.605533 0.536224 -0.908515 0.548900 -0.301745 0.284943 0.982636 -0.193784 0.153257 -0.887022 -0.832348 0.735915
-0.789727 -0.169164 -0.245794 -0.603757 0.967588 -0.713937 -0.347839 0.202162 0.266574 -0.101310 0.192146 0.663416 -0.737577 -0.653533 -0.386437 0.637754 -0.049664 -0.538448 0.224299 -0.844068 0.813302 -0.081005 0.462981 0.838492 0.122229 0.718255 -0.321356 -0.939601 0.414532 -0.357477 -0.411900 -0.275703 0.193134 -0.666469 -0.959206 -0.876303 0.756145 -0.444082 -0.566405 0.362261 -0.281837 -0.052184 0.683883 -0.203677 -0.755770 -0.380142 0.355882 -0.312051 0.870583 0.596613
0.807808 0.584160 -0.914037 -0.448211 -0.081735 -0.711551 0.342325 -0.944163 -0.626031 -0.287748 0.022619 -0.760148 -0.154899 -0.178864 0.740902 -0.942910 0.523750 -0.101794 0.134741 0.076948 0.235467 -0.362242 0.014228 -0.233275 0.330928 -0.669588 0.229961 -0.235688 -0.975587 -0.230361 -0.379131 0.458568 -0.657539 -0.803220 -0.033770 0.703788 0.655429 -0.073880 0.081202 -0.802748 -0.809919 0.298816 0.628575 0.757198 0.867713 0.805009 -0.625884 -0.706011 0.236980 0.753778
0.002506 -0.072715 -0.588851 0.356489 0.265916 0.998586 -0.683892 0.799791 0.174465 0.178224 -0.061928 0.264144 0.783137 0.461685 0.083243 -0.574637 0.182800 0.845055 -0.084542 -0.682746 -0.036297 -0.835552 0.463452 -0.003102 0.334213 0.399303 0.643786 0.351925 0.741324 -0.214106 -0.499888 -0.365401 -0.522481 0.386675 -0.730549 -0.530892 -0.734269 -0.511787 0.179658 -0.979913 -0.154181 0.381775 -0.189200 -0.113724 0.255664 0.404388 0.446855 -0.572248 -0.129746 0.078316
-0.259906 -0.314478 0.323574 0.278968 -0.868427 0.497261 0.243840 -0.456126 -0.175874 0.305470 -0.225725 -0.227777 0.342374 -0.823368 -0.539973 -0.840878 0.626741 -0.470197 0.440810 0.715452 -0.155668 0.146816 -0.279750 0.333942 -0.920923 0.751250 0.153647 0.274875 -0.394903 0.703631 0.742867 -0.455841 -0.475837 -0.310983 0.774258 0.220381 -0.246208 -0.770688 0.248393 0.391881 -0.473314 -0.461349 0.944545 -0.772939 0.938637 0.830566 0.888682 -0.529565 0.453177 -0.947789
0.289432 -0.554833 -0.716611 0.450580 -0.837839 -0.764147 -0.800316 0.149943 -0.863550 0.541057 -0.934804 0.314035 0.287036 -0.650367 -0.327355 0.962012 -0.072617 -0.841557 0.298880 -0.693919 0.771526 0.884901 -0.930474 -0.053732 -0.742669 0.576859 -0.523245 0.629468 -0.473691 -0.522324 0.987795 -0.111219 0.404113 -0.256388 -0.677556 0.439466 0.235969 -0.917336 0.621420 0.687298 -0.034520 0.417667 0.919511 -0.859044 -0.176714 0.339774 -0.376754 0.143395 0.772621 -0.915283
0.797219 -0.881123 -0.962325 -0.465408 0.452104 -0.369825 -0.322742 -0.542542 -0.169133 -0.633407 -0.028285 -0.723707 -0.587995 0.169532 0.752972 0.893379 0.121435 -0.714986 0.399133 -0.234484 0.346700 -0.294725 -0.403706 -0.331988 -0.325327 0.868972 0.308178 0.042117 0.945223 0.686596 0.764266 0.484472 -0.249097 0.706550 -0.578533 0.351741 -0.996355 -0.069011 -0.429907 -0.733145 0.091949 -0.371269 -0.110653 -0.074106 -0.676215 0.624444 -0.517015 -0.852434 0.405148 -0.959271
-0.680655 0.752099 -0.533053 0.674734 0.309914 -0.868387 -0.240614 -0.844117 -0.700750 -0.248484 -0.917921 0.088328 0.457724 0.257477 0.025937 -0.101902 -0.104367 0.796171 -0.652347 -0.984911 0.513893 0.584011 0.008455 -0.005155 -0.716630 0.291730 -0.172503 0.557694 0.908558 -0.272062 -0.324104 -0.218707 0.758966 -0.382354 -0.936754 -0.523094 0.908054 0.662440 -0.546944 -0.027937 -0.914959 0.315837 -0.622647 0.355622 0.859548 -0.664620 0.795216 -0.399528 -0.230908 -0.193003
0.105418 -0.202048 -0.836523 0.721472 -0.244565 0.749037 -0.057460 0.332140 -0.891815 0.031401 -0.513147 -0.964095 -0.364430 0.452877 0.141096 0.454772 0.889138 -0.074313 -0.549928 -0.929772 -0.404618 -0.392908 0.494976 -0.751175 -0.895855 0.547104 0.213702 0.938824 0.518686 0.062991 0.219015 -0.386522 -0.653249 -0.807783 -0.328390 0.179542 0.597713 -0.552054 -0.424024 -0.148534 0.208855 -0.482088 0.402979 0.822084 -0.920539 -0.650832 0.566518 0.469850 0.536734 0.784977
0.343096 0.550021 0.058681 0.821413 -0.712961 0.739548 -0.066242 -0.256107 0.531045 -0.069076 -0.770363 -0.640730 -0.131215 -0.657242 0.131684 -0.606643 -0.466675 0.457617 0.883205 0.012015 -0.637029 0.594279 -0.565542 0.943219 -0.477623 0.154482 -0.083263 -0.588661 -0.355019 -0.697185 0.134378 0.477926 0.153481 -0.218295 -0.576139 -0.106161 0.173899 -0.184192 -0.924704 -0.824702 0.696599 -0.954493 -0.691673 0.113835 -0.925497 -0.518068 -0.636943 0.567358 0.915282 -0.260356
-0.701497 -0.889759 0.216670 -0.832038 -0.293023 0.647048 0.939230 -0.302318 -0.041050 -0.104962 -0.800187 -0.730625 0.282615 -0.154839 0.309498 0.041919 0.204269 -0.660081 0.152310 0.992401 0.207583 0.625146 -0.046342 -0.375951 0.658044 -0.776045 0.796472 0.882002 -0.478101 0.471510 -0.613377 -0.624336 0.415365 0.281710 -0.811330 0.252739 -0.396169 0.336406 -0.645834 -0.071728 0.061446 0.936758 -0.906496 -0.096145 0.081370 0.566447 0.155450 -0.768852 0.277349 0.770756
0.528061 0.209660 0.632246 0.395579 0.336035 -0.355326 -0.121998 0.876145 0.430312 0.424953 0.412059 0.365073 -0.972157 -0.587304 -0.634307 -0.682650 -0.928715 0.343246 0.743624 0.939789 0.746242 0.522931 0.800624 -0.075728 -0.831735 -0.261892 -0.483475 -0.904685 -0.290686 0.334480 -0.339191 0.948534 -0.301028 0.323624 -0.155241 0.940545 -0.594596 0.883039 -0.905230 0.960162 -0.661723 -0.725874 -0.175894 -0.258205 -0.660976 -0.069629 -0.624058 -0.313722 0.449960 -0.271355
-0.318913 0.499452 0.528508 -0.959757 0.961128 -0.890297 0.395031 -0.515692 0.444142 -0.075232 0.034527 -0.241195 -0.795397 -0.455789 -0.261005 0.759470 -0.938527 -0.312536 0.907104 0.179918 0.904331 0.623324 0.328113 0.679322 0.637007 0.039000 0.272780 -0.420134 0.373971 0.592144 0.682721 -0.968327 0.677745 0.889980 0.973302 -0.220534 -0.899594 0.873540 0.720044 -0.506828 0.287875 -0.270478 0.891107 -0.106383 -0.448881 0.229143 0.849478 0.337781 0.871210 -0.265817
-0.013642 0.296496 -0.321111 0.757538 0.666734 -0.166803 0.030246 -0.242864 -0.775684 0.793909 -0.468766 0.787135 -0.942706 0.686072 -0.516867 -0.722654 0.446561 0.430621 0.662974 0.654882 0.155610 0.304512 0.354132 -0.564770 0.404455 -0.649857 -0.829936 -0.313140 -0.999403 0.821109 0.135705 0.581791 -0.136181 -0.129039 0.013092 0.763035 -0.620267 0.422805 -0.712540 -0.217110 -0.875766 0.339232 -0.838144 0.527231 -0.428485 0.870452 -0.631562 0.271850 -0.067105 0.350642
0.356329 0.828962 0.582714 0.104946 -0.209934 0.015066 0.448375 0.120426 0.008458 -0.713016 0.689430 -0.281234 -0.146426 -0.633026 -0.401415 -0.385345 -0.792082 0.565577 -0.410791 -0.943292 0.742038 -0.139966 0.158887 0.907877 -0.995608 0.725442 -0.156823 -0.523628 0.506810 -0.310144 -0.970719 0.428668 -0.821616 -0.446203 -0.603610 0.650183 0.596538 0.256223 -0.856709 -0.629265 0.676881 -0.258775 0.788981 0.735622 0.805529 -0.597012 -0.093619 0.653305 0.465292 0.507267
-0.970409 -0.816695 -0.959665 0.423657 -0.691420 0.847041 0.373580 -0.059669 -0.794838 0.167074 -0.185223 -0.906220 -0.867369 -0.626557 0.817357 -0.593312 -0.014946 0.285368 0.122330 0.726731 -0.767957 -0.905910 0.370871 0.765039 0.735580 -0.494149 -0.824592 -0.924315 -0.712952 0.230489 0.051542 0.675638 0.836887 -0.031936 -0.128696 0.808948 0.149957 -0.154014 0.116452 -0.690892 0.825820 0.294397 -0.338149 -0.100845 -0.323717 0.914524 -0.302204 -0.040445 -0.354864 -0.287647
0.044611 0.655407 -0.347944 -0.942547 -0.450984 0.986143 0.914772 -0.695864 -0.157325 -0.491290 -0.093597 0.690711 0.440654 0.406152 -0.626902 0.905352 0.231104 0.266838 -0.371905 -0.308550 0.981674 0.242730 0.936075 0.453535 -0.330234 0.062606 0.483980 0.057708 -0.762955 0.806922 -0.153678 -0.801955 0.066925 -0.745698 0.641369 0.251763 0.527042 0.631364 -0.971386 -0.081894 -0.075718 0.269142 0.371375 0.853156 -0.860406 -0.496304 0.234771 -0.038180 0.117911 -0.694845
0.457025 -0.276439 -0.545597 -0.378224 0.423021 -0.350324 -0.778241 -0.185120 0.170301 0.418840 0.337871 0.971525 -0.639211 -0.946074 -0.853183 0.702822 0.775115 -0.030505 -0.878325 -0.117640 0.166868 -0.119378 -0.021512 -0.900181 -0.496268 0.090746 -0.888456 0.953445 -0.582246 -0.786329 0.289910 0.250735 -0.927593 -0.523065 -0.628607 0.119230 -0.242773 -0.235432 -0.045534 -0.084535 0.291588 -0.264217 0.757778 -0.607123 -0.960522 0.100754 -0.235340 -0.642444 0.270430 -0.081405
0.926337 0.408477 0.351793 0.499237 0.176463 -0.729394 0.457725 -0.807089 0.958407 -0.416121 0.204054 0.965660 0.463726 0.956842 0.412185 -0.592933 0.978865 0.718471 -0.817948 -0.557569 -0.047543 0.188172 0.861814 0.351548 0.614103 -0.304147 0.262222 -0.853714 -0.508099 -0.851266 0.923222 -0.722097 0.575648 -0.589564 0.716667 -0.408623 0.596833 -0.063861 0.290205 0.814632 0.885696 -0.012420 -0.315237 0.631465 -0.567477 -0.817682 0.846470 -0.295957 -0.526138 0.376096
0.100747 0.772273 0.146792 -0.845627 0.326296 -0.883111 -0.100855 -0.194021 -0.393866 -0.188514 -0.276171 -0.767403 -0.399810 0.701939 -0.224339 0.800862 -0.652870 0.816726 -0.963376 -0.434998 -0.069705 -0.382034 0.185520 -0.014274 -0.624697 -0.462686 0.623825 0.133706 -0.946496 -0.626869 -0.243373 -0.219554 0.789298 -0.154733 -0.039459 0.248562 -0.676758 -0.487729 -0.567314 0.892730 0.477485 0.834209 0.069982 0.726425 -0.368869 -0.669825 -0.396655 -0.077565 -0.414332 0.486470
-0.046963 -0.188058 -0.137453 -0.475033 -0.644492 -0.848358 -0.276038 0.017568 -0.734935 0.079188 0.569550 -0.067053 0.691518 0.984717 0.978040 -0.914341 -0.955739 0.908914 -0.371100 0.737093 -0.565434 0.431831 -0.184195 -0.829778 -0.579301 0.532908 -0.180259 0.667018 -0.343381 -0.850468 0.496942 -0.036349 -0.418444 0.878282 -0.704725 0.628003 -0.413533 0.305877 0.007179 0.646729 -0.163221 0.894947 -0.196015 -0.280589 0.739118 0.110559 -0.067449 -0.635273 -0.949918 -0.812269
0.411237 -0.089900 0.406957 0.003202 0.855305 0.705523 0.386842 -0.772626 -0.883214 0.058789 0.515375 -0.812251 0.083807 0.278287 0.489685 -0.882426 0.408786 -0.910477 0.874731 -0.927675 0.669644 -0.341252 0.455908 -0.134272 -0.500392 0.301028 0.143402 -0.343047 0.118061 -0.034265 -0.770661 0.214578 0.335254 0.332293 -0.684020 -0.369262 -0.643975 -0.882830 -0.330263 -0.372394 0.131614 -0.422675 0.459785 0.553780 -0.277683 0.085233 -0.771546 -0.128601 -0.273411 -0.282853
0.505313 0.465890 0.218764 -0.532927 0.590518 -0.028133 0.734836 0.973170 0.214539 0.252673 -0.943027 -0.812223 0.284146 0.896918 -0.077227 0.697831 0.530695 0.991314 -0.438970 0.327015 0.663365 0.080479 0.636579 0.569549 0.281030 -0.312547 -0.549623 0.312308 0.344533 0.182920 -0.374044 -0.455669 -0.944472 0.957624 0.941880 -0.386761 0.119468 0.503489 0.770770 0.053025 0.752635 -0.613260 0.870812 -0.090939 0.358953 0.179447 0.345118 -0.269486 -0.857251 -0.494907
-0.668511 -0.255960 -0.439692 0.789133 -0.457565 -0.169523 0.791742 -0.823104 -0.656704 -0.381615 -0.864627 0.605789 -0.056281 -0.619540 0.331936 -0.472558 0.904365 -0.814918 -0.812077 -0.078951 0.308582 -0.000118 0.388033 0.890906 -0.891934 -0.161055 -0.624183 0.202737 0.474929 0.778856 0.382414 0.364815 -0.455382 0.895684 -0.256821 0.055853 0.210698 -0.895594 0.151652 0.773852 -0.609458 0.485060 0.297456 0.887649 -0.693740 -0.482157 -0.037907 -0.843848 -0.701887 0.254762
-0.007711 -0.689979 0.011684 0.372563 -0.631964 -0.756612 -0.169314 0.429027 -0.189499 -0.323284 0.573450 -0.097189 0.100085 0.175853 -0.064952 0.338003 -0.696090 0.637642 -0.465457 0.383332 -0.892033 0.501881 0.977938 0.804907 -0.848149 0.629968 -0.404804 -0.108490 -0.896575 -0.178888 -0.939948 0.683763 0.182175 0.553456 0.641792 0.899837 0.881696 0.552287 -0.303565 0.617658 -0.637573 0.468896 -0.235840 -0.974720 0.319621 0.526446 -0.064187 -0.752858 0.104282 0.041335
-0.160583 -0.218737 0.433412 0.872345 -0.424957 -0.039084 -0.531840 -0.921540 -0.923809 0.656289 0.787791 0.758198 -0.464116 -0.534130 -0.103166 0.949485 0.928316 0.770865 -0.662311 -0.701597 -0.067835 -0.306330 0.536854 -0.034221 0.652595 -0.193039 -0.203894 0.753069 -0.722567 -0.511357 -0.640450 -0.815107 -0.504188 0.986224 0.677682 -0.279393 -0.196203 0.856104 0.686031 -0.807315 -0.996807 -0.680656 -0.631570 -0.693637 -0.268168 -0.707091 0.625463 0.057716 -0.591376 0.848534
-0.543061 -0.619704 -0.668665 0.049768 0.281836 0.269209 -0.445769 -0.452967 0.427553 0.283655 0.433596 -0.338202 -0.558046 -0.605986 -0.166876 -0.006780 0.029025 -0.727658 -0.387132 0.140588 0.261441 -0.417903 0.952111 -0.404894 0.801192 -0.187961 0.170643 0.508636 -0.174765 0.262091 -0.964973 0.141948 0.330015 0.337352 0.840414 -0.897450 -0.064081 -0.096207 -0.745215 0.440764 -0.413438 -0.663745 0.785174 0.611306 -0.379240 0.739219 -0.020416 0.736277 -0.023970 0.277717
-0.018968 -0.134364 0.343066 -0.972161 0.066965 0.362808 -0.069301 0.103205 -0.473492 -0.443768 -0.337205 0.005748 0.535895 0.915946 0.764367 0.915760 -0.072769 0.926853 0.024211 -0.293885 0.516456 0.859683 0.127796 0.301603 -0.641126 -0.756876 -0.252474 -0.604993 -0.078305 -0.438137 0.419897 -0.893015 0.548523 0.835563 0.082917 -0.841395 -0.183919 -0.166139 -0.735857 -0.323803 -0.704650 -0.067079 0.181761 -0.625216 0.973905 0.315972 0.452427 0.913074 -0.240071 0.515907
0.989257 0.744355 0.162600 -0.925562 0.360855 -0.686674 -0.530509 -0.097301 0.301687 0.472756 -0.993586 0.882435 0.610626 -0.401129 -0.707069 -0.235990 0.326286 0.069488 0.120345 -0.518450 0.806916 -0.792499 0.109071 -0.017304 0.758529 0.936532 -0.137600 -0.304275 -0.393364 0.959873 0.229745 0.907860 -0.782911 0.590149 0.749749 0.719472 0.509075 -0.467337 0.819811 0.351959 0.260663 -0.509172 0.799543 0.278058 0.793512 0.380809 -0.622821 0.002336 -0.856471 -0.398852
0.123013 0.527692 0.680263 0.530679 0.873394 -0.172041 -0.715957 -0.932783 0.520154 0.661670 0.674663 -0.423162 0.413857 -0.019649 -0.288369 -0.748670 -0.801101 0.434490 0.294504 -0.848494 -0.827057 -0.812652 -0.380581 -0.988607 -0.145259 -0.344786 -0.296003 0.058146 -0.716580 -0.149014 -0.892886 -0.097319 0.525079 -0.248797 -0.060665 -0.602065 0.844614 0.485640 0.622762 0.268632 -0.456931 -0.573077 0.787167 -0.977568 -0.655798 -0.523988 -0.723130 0.754509 -0.110701 0.539930
-0.456246 -0.190876 -0.011975 0.059382 0.942522 0.086509 -0.795150 0.525527 0.650852 -0.218211 -0.620136 0.109097 -0.486346 0.750567 -0.171976 0.864278 -0.933921 0.065953 0.074503 0.905688 0.937998 -0.013774 -0.293977 -0.924537 -0.731861 0.457512 0.422550 0.515772 -0.420706 -0.440160 0.305574 0.935912 0.068414 -0.485572 -0.966169 -0.520974 -0.382339 -0.896294 0.306023 -0.754708 -0.025636 0.296401 0.497043 -0.319330 0.431174 0.857457 -0.349510 -0.655879 -0.230803 0.771381
-0.728724 0.292816 0.053442 -0.124717 -0.554145 0.938821 -0.060218 0.949703 0.189179 -0.646732 0.236240 -0.235678 -0.955012 0.869517 0.295519 0.894149 -0.090844 -0.724667 -0.226060 0.026361 -0.332606 -0.837207 -0.170810 0.199438 -0.091232 0.921681 -0.304045 0.693721 -0.728945 0.646531 -0.665276 -0.465413 -0.981897 -0.191164 0.206562 -0.744665 -0.381397 -0.568050 0.185859 -0.226436 0.539282 -0.405795 -0.471890 -0.361628 0.990723 0.363374 0.851372 -0.809986 -0.665756 -0.687602
-0.189734 -0.292622 0.179357 0.334612 0.462162 0.738979 0.228696 0.222554 0.025801 0.235871 -0.012067 -0.974705 0.252790 0.134718 -0.970848 0.696916 -0.758266 -0.489220 0.115580 -0.738279 0.623391 0.394462 -0.865645 -0.182676 0.239750 -0.621310 0.825070 0.766477 0.682148 -0.934485 -0.567695 0.026267 0.769939 -0.247641 -0.433455 0.296450 0.087526 -0.129229 -0.367290 0.816568 -0.098358 0.648997 -0.106359 -0.764019 -0.443058 -0.327934 0.048530 -0.599679 -0.790827 0.291550
0.057615 0.730567 -0.300209 -0.015132 -0.537568 -0.756539 0.270070 0.155522 -0.274250 -0.310528 -0.014867 -0.995067 -0.210921 -0.582511 -0.569339 -0.423942 0.937220 0.195545 0.987112 -0.419960 -0.346227 0.436060 -0.719070 0.685280 -0.311046 -0.139939 0.534497 0.963155 0.392580 0.256928 0.358008 -0.037671 0.983039 -0.929409 0.727394 0.686218 -0.395589 -0.025433 0.639666 0.015713 0.619790 0.486443 -0.523705 -0.490953 -0.583349 0.374584 -0.460158 0.743564 0.500044 0.939803
0.317611 -0.307251 -0.555083 -0.468395 -0.357895 0.434167 0.390949 -0.930446 -0.290372 -0.760036 -0.080590 0.838504 -0.568975 -0.248970 0.952463 0.331190 0.100108 -0.378213 0.147801 -0.508182 -0.991941 0.399974 -0.296824 -0.880548 0.718592 -0.433448 0.432836 0.391167 -0.140115 -0.723561 0.755253 -0.995294 0.549577 -0.927865 0.817312 -0.334395 0.936702 0.679818 -0.432743 0.367590 -0.358895 -0.144925 0.300943 -0.670073 -0.354466 0.906138 0.111861 -0.631352 -0.096568 0.646461
-0.673090 -0.618665 -0.611587 -0.326488 -0.961507 -0.443718 -0.515423 -0.242156 -0.906474 0.510526 -0.622467 0.371914 -0.673292 0.550284 -0.066982 -0.814597 -0.934916 -0.535754 0.175756 -0.269072 0.681931 0.130809 -0.265155 0.220204 -0.736401 -0.185431 0.167986 -0.631354 -0.783479 -0.903391 0.436901 0.494369 0.242334 -0.852740 -0.182194 -0.564811 -0.063594 0.546851 0.735683 0.769420 -0.779808 -0.414055 -0.834505 0.467427 -0.017003 0.104304 -0.644983 -0.787333 0.744986 -0.711904
-0.454468 -0.923904 0.754222 0.027986 0.630161 0.828151 0.959256 -0.206775 -0.609146 0.868487 0.838428 0.835705 -0.633631 0.781636 0.634503 -0.568418 0.687984 0.625740 -0.171806 0.035211 0.870589 -0.598012 0.181865 0.755405 -0.501707 -0.867243 -0.124864 -0.201152 -0.054333 0.850238 0.895356 0.469593 0.990783 -0.950587 0.095740 -0.111100 0.224574 0.631671 0.560917 0.777750 -0.762450 -0.955182 0.457164 -0.133161 -0.346654 -0.743684 0.121138 0.219907 -0.652102 -0.045660
0.245512 -0.117689 0.293422 0.306833 0.856744 -0.850852 -0.237374 -0.957420 0.240998 -0.285761 -0.530508 -0.847941 0.247263 -0.672642 0.541671 0.270857 -0.500964 0.500791 -0.627670 0.987643 0.290100 0.949804 0.470679 -0.648688 -0.119678 0.318338 0.515645 -0.947493 0.272681 -0.582055 0.190086 0.817937 0.945588 -0.800902 0.392557 0.430204 -0.575832 -0.040855 0.797368 -0.829238 0.457857 -0.742724 0.945729 0.827881 0.601699 0.999909 -0.995519 -0.215597 0.439342 0.664460
-0.973373 0.813177 0.950261 0.793856 0.689686 0.439794 -0.960392 0.332670 -0.624286 0.423341 -0.649595 0.190928 0.359575 -0.515679 -0.720779 -0.994262 0.531020 0.238013 -0.848298 -0.978035 0.985850 -0.743927 -0.149326 0.558901 -0.442115 0.373375 0.517298 0.977225 0.397582 -0.001373 -0.329980 -0.277597 0.453672 -0.283716 -0.534069 0.336168 -0.176713 0.012235 0.037954 -0.926038 0.177548 0.641329 0.585053 -0.507528 0.151851 0.783016 0.119068 -0.143364 0.543326 0.579311
0.762276 0.687732 0.572811 0.717730 0.907990 0.805593 0.754429 -0.501648 -0.814524 -0.777812 0.002681 -0.345866 -0.585528 -0.226533 0.042787 -0.829215 -0.039962 0.656482 0.793419 0.557613 0.443145 -0.305436 0.088852 0.002631 -0.932662 0.958493 0.774245 0.475344 0.596119 0.146583 -0.439872 -0.226441 0.870208 0.242499 0.589406 -0.889682 0.484215 -0.216354 0.842992 0.901217 0.425719 0.388998 0.902886 0.122835 0.514721 0.882488 0.350290 0.129851 -0.029074 0.646161
0.906449 -0.176144 0.705465 -0.976686 -0.020374 -0.050212 0.890440 0.641008 0.317448 0.154338 -0.035209 0.806738 -0.586259 -0.583757 -0.464686 -0.796563 -0.633093 -0.609271 0.823124 0.467980 0.135279 -0.751509 0.292344 0.327315 -0.664452 -0.611252 -0.976369 0.973221 0.179685 0.967258 0.095228 -0.709081 0.260845 0.173489 0.118544 0.202743 -0.072478 -0.960402 0.736532 0.538328 0.863939 0.373054 -0.519924 -0.827944 -0.233445 0.273113 -0.975765 -0.452071 -0.364227 -0.497423
0.733856 0.532028 -0.162432 -0.331713 -0.258694 0.265473 -0.606370 0.972791 0.212563 -0.732138 0.050632 0.832912 0.505819 -0.052324 -0.419329 0.338193 0.716877 -0.293229 -0.955779 0.856044 0.384262 0.493880 0.503375 -0.627842 0.370458 0.183319 0.736622 -0.663480 0.875567 -0.445340 0.248700 -0.891420 -0.700367 0.019417 0.707057 0.543657 0.667178 -0.769557 -0.642743 0.736462 -0.817107 0.737052 -0.745042 0.274167 0.604809 0.808356 0.605502 0.707475 -0.101088 0.443118
-0.688408 0.401986 -0.691531 0.393671 0.716651 -0.104013 0.327801 -0.903882 -0.198496 -0.327005 -0.641148 0.849730 0.412501 0.280321 0.607372 0.262780 -0.687087 0.237586 0.459174 -0.756306 0.298605 0.159410 -0.836557 0.576213 -0.988484 -0.743354 -0.377201 -0.819767 -0.803080 0.595132 0.463184 -0.848735 -0.205981 -0.536284 0.591594 -0.073244 0.049053 0.090298 -0.495573 -0.195399 0.720233 -0.623402 0.035508 0.775739 -0.550350 0.921301 0.684576 0.060113 0.887501 -0.820212
-0.270721 0.715572 -0.495499 -0.005000 0.911934 0.188274 0.610346 -0.915214 0.738532 0.636843 0.808182 -0.161531 -0.997077 0.886022 0.322883 -0.877318 0.096351 -0.432971 -0.509224 -0.611726 0.105001 0.520288 0.035163 0.720108 0.834943 -0.596662 0.796986 -0.775759 -0.438435 -0.417535 -0.893440 0.402880 -0.472307 0.505742 -0.270716 -0.610764 -0.136262 0.371795 -0.955035 -0.859429 0.877709 0.956019 -0.256768 0.201260 -0.154535 -0.086316 0.708078 -0.834336 0.860204 -0.951844
-0.911030 -0.760682 0.941620 0.200102 -0.184626 -0.489735 -0.483445 0.287095 0.650360 -0.462987 -0.602103 -0.999020 0.924372 0.293381 0.751982 0.397376 -0.584985 -0.767025 0.731557 -0.099571 0.440377 -0.816611 0.680912 -0.706396 0.500890 0.116437 0.690958 -0.539889 -0.847398 0.141483 -0.629715 0.474839 0.596260 -0.505991 -0.402747 -0.527791 -0.001267 0.390830 -0.213838 -0.029977 -0.633990 0.176148 0.444970 0.061736 -0.311310 0.910613 -0.020768 -0.595797 0.188265 0.687651
-0.443009 -0.534367 0.051980 -0.360468 -0.369888 -0.719368 -0.817217 0.410516 -0.012732 -0.058063 -0.358937 0.619419 -0.260595 -0.733253 0.697454 -0.426202 0.392885 0.619840 -0.787077 -0.875082 -0.725651 -0.531030 0.501322 -0.267452 0.042441 -0.542397 0.558695 0.598225 -0.602594 -0.569776 -0.629372 0.649215 -0.755392 -0.994627 0.073513 -0.705372 -0.605764 0.171903 -0.010821 -0.990754 0.773131 -0.605590 -0.696657 0.420440 0.513402 0.810138 -0.808740 -0.429753 -0.800489 0.843547
-0.703008 0.027586 -0.785224 -0.824758 -0.965938 0.870036 -0.768523 -0.917477 0.163656 0.289631 -0.619992 -0.720825 -0.284786 0.050829 -0.147244 -0.291831 -0.216053 0.255618 0.127655 -0.278577 -0.644439 -0.403013 0.395612 0.362138 -0.841297 -0.737722 -0.532399 0.329992 -0.154326 0.416144 0.284561 -0.400832 -0.929873 0.939781 -0.766112 0.668449 0.863676 0.528622 -0.195905 -0.650690 0.770963 -0.060934 -0.623061 0.180533 -0.182790 0.983712 0.873585 -0.219822 -0.367943 0.225016
0.547329 0.257828 -0.190336 -0.039945 0.245135 -0.642727 0.244285 0.447889 -0.806273 -0.027860 -0.726103 0.990095 0.515894 -0.228053 -0.494843 -0.282551 -0.743990 0.697171 0.816998 0.795231 0.065479 -0.480091 -0.579077 0.225769 -0.836744 -0.964549 0.316027 -0.104459 -0.917998 0.313985 -0.456368 -0.239530 0.113891 -0.498270 0.007609 -0.843653 -0.234320 0.367883 -0.916162 -0.562920 -0.772285 0.794080 -0.661138 -0.216775 -0.145708 -0.154710 0.645202 -0.826303 0.280446 0.978045
0.319012 0.190255 -0.885233 0.098723 0.637500 -0.073829 0.904017 0.059038 -0.645577 -0.861452 -0.006445 0.060895 0.598147 -0.519043 0.776495 0.932655 -0.632217 0.673079 0.785384 -0.681994 -0.724992 0.116963 -0.408246 -0.109704 -0.937911 -0.581214 -0.257899 0.646417 0.413488 -0.505173 0.191481 0.088195 0.167062 -0.340705 -0.848481 -0.367911 -0.198105 -0.316946 0.654890 -0.769529 -0.731377 -0.334335 -0.961375 0.162583 -0.821608 -0.045668 0.817586 0.390453 -0.771268 0.454238
0.861064 -0.981218 0.257287 0.024103 0.805730 0.247479 0.892479 -0.557243 0.007090 0.512840 -0.453694 0.952916 -0.485700 -0.908503 0.971362 -0.862778 0.904347 0.834616 0.249053 0.222245 -0.119831 0.743655 0.687257 -0.087612 0.998580 0.726834 0.169110 -0.000906 -0.715528 0.771427 0.044452 0.415395 0.443074 -0.083413 0.860022 0.450958 -0.566673 -0.984306 0.799935 0.282545 0.016032 0.737024 0.028094 -0.445710 -0.644528 -0.349426 -0.231499 0.985351 0.657412 -0.906607
0.770139 -0.666785 -0.107760 -0.544225 -0.562929 0.424105 -0.548634 -0.039688 -0.651551 0.033438 0.832982 0.508968 0.925539 -0.386932 -0.405790 -0.072478 0.628771 0.711342 0.425290 -0.942497 0.277732 0.122031 0.770478 -0.935911 0.709180 0.832022 0.776193 0.883234 -0.743317 0.543138 0.540691 0.495066 -0.053315 0.741040 0.291417 0.938341 0.449930 0.109515 -0.774977 0.078475 0.225582 -0.717782 -0.048813 -0.278739 0.692114 -0.466479 0.836890 0.753635 -0.191026 -0.771592
-0.917668 0.828689 0.258108 0.868749 -0.865947 -0.906113 0.792187 0.024954 0.673587 0.231881 -0.221784 0.188121 0.875284 -0.952508 -0.922047 -0.869894 0.829249 -0.343690 -0.393411 0.698572 -0.552764 -0.994793 -0.934461 0.823681 0.897956 0.367756 0.998083 0.274032 0.043510 0.240605 -0.310940 0.282096 0.490040 0.118310 -0.127344 0.635033 -0.048916 0.511001 -0.271856 -0.821364 0.885794 -0.008663 -0.093713 -0.883720 0.600272 -0.163509 -0.693918 0.596029 0.877702 -0.138448
-0.836828 0.152774 -0.319902 -0.888110 -0.656975 0.809252 -0.847374 -0.402844 0.711038 -0.485591 -0.017617 0.872049 0.705416 0.325427 0.356656 -0.948394 0.756571 0.896048 -0.825424 -0.344007 0.457587 0.410053 -0.695147 -0.005112 0.177912 -0.813074 0.397902 0.636237 0.847784 0.156895 0.243539 0.620087 0.194167 0.990990 0.354616 0.939616 0.916163 0.201224 -0.808049 0.090237 0.455828 -0.720762 0.877526 -0.688165 0.877174 -0.549472 0.917931 -0.416337 0.872299 -0.372894
0.090711 -0.179314 -0.425810 0.859216 0.267056 0.773290 -0.507060 0.857755 -0.120571 -0.349739 0.933650 -0.626088 0.299852 -0.956398 0.211324 0.388000 0.452500 0.572604 0.502316 -0.258693 -0.422102 0.661901 -0.513342 -0.000713 0.448448 -0.623746 -0.375661 0.191333 -0.303584 0.521356 0.837404 0.984130 -0.225493 0.498347 0.441089 -0.510807 0.008656 -0.972617 -0.475640 -0.379474 -0.597222 -0.712635 0.237112 0.136308 -0.011364 -0.665527 -0.209038 0.897095 0.956725 -0.707449
-0.509609 -0.657076 -0.658795 0.018890 0.356537 0.649275 -0.101981 0.899322 -0.000467 -0.581021 0.104922 -0.569560 0.044011 0.592060 -0.574214 -0.363681 -0.452362 -0.351219 -0.121392 -0.541626 0.216833 0.378029 -0.006626 -0.960908 -0.818466 0.569488 -0.248408 0.932525 0.728457 0.758103 -0.959648 0.976469 -0.160246 -0.257129 -0.891111 -0.248387 0.802492 -0.235999 -0.677525 -0.665259 0.550908 -0.288321 0.735684 -0.891103 -0.815601 0.424920 -0.205502 0.447843 -0.673671 -0.283018
-0.171145 0.040879 -0.299984 0.840474 0.570045 0.596306 0.805293 0.380822 -0.222815 0.603586 0.210488 0.350209 -0.562404 -0.832921 0.429032 -0.453531 0.371633 -0.746125 0.549838 0.009372 0.286575 -0.931429 0.231057 0.758101 -0.451307 0.059862 0.681186 -0.434966 0.139045 0.632830 0.775655 0.227273 -0.954364 -0.502765 -0.799167 -0.700611 -0.278399 0.867743 -0.588717 -0.809633 0.416627 0.247353 -0.939883 0.251700 0.873916 -0.030246 0.664662 -0.983647 0.714027 0.722520
0.565554 0.809490 -0.858027 0.248139 -0.506180 -0.123493 0.358564 -0.950015 0.193325 0.952491 -0.902518 -0.058780 -0.398686 -0.511655 -0.280213 0.213460 -0.213196 0.587280 0.882302 -0.168214 0.285963 -0.365438 -0.389822 0.297878 -0.082208 -0.837601 -0.016504 -0.245442 0.427094 -0.152748 -0.287930 -0.410049 -0.068716 -0.867637 0.422689 0.649894 -0.579627 -0.242544 0.600605 0.884257 -0.557178 0.945511 0.586872 0.428919 0.542928 -0.670668 0.837830 0.008919 -0.949588 -0.425021
-0.041930 0.469575 -0.870034 -0.223682 0.544039 0.583335 0.196955 -0.819732 -0.799555 0.702544 0.129484 0.361244 0.982399 -0.226731 -0.793699 0.125812 -0.993214 -0.924065 0.649575 -0.333704 -0.584311 0.628144 -0.631385 -0.577287 0.463294 -0.718958 -0.861075 0.018032 -0.711578 -0.793142 0.501692 0.168498 -0.018788 0.298960 0.603810 -0.712183 -0.867751 0.672999 0.123990 0.980762 -0.431163 0.855879 -0.831718 0.535626 -0.653321 0.080609 -0.173493 0.102494 -0.223285 0.867217
0.119170 0.386025 -0.305217 -0.457882 -0.101473 0.524278 0.667911 -0.547233 0.152853 0.805257 -0.100646 0.953484 -0.941157 0.897563 -0.251861 -0.587623 0.327046 0.693012 0.698562 -0.240019 0.497487 0.648011 0.579881 -0.582612 -0.974005 0.233019 -0.250616 -0.502868 0.995769 -0.318434 0.629943 0.244200 0.987903 -0.000143 -0.604222 0.122589 0.755944 0.400691 -0.715838 0.749227 -0.454962 0.295249 0.545440 -0.565217 -0.303981 0.022945 0.925216 -0.591964 -0.745308 0.900503
0.937120 -0.868148 0.246033 0.108336 -0.479538 -0.900635 0.477005 -0.710581 -0.606263 -0.649248 0.231999 -0.887459 -0.879165 -0.396557 -0.267493 -0.384842 -0.760096 -0.177581 -0.468948 -0.123749 -0.858874 -0.484393 0.292078 -0.176455 0.879724 -0.430849 -0.409240 0.038109 -0.787356 -0.848506 0.143522 0.001975 0.258443 -0.973361 -0.062998 0.821552 0.053889 -0.935690 -0.998786 0.505134 0.487179 0.797730 -0.436768 0.008295 0.382652 0.578412 0.775069 -0.136078 -0.469135 0.852706
-0.779058 0.100034 0.463210 -0.331090 -0.610534 0.976113 0.514067 0.377408 0.884219 0.510169 -0.466596 -0.351251 0.160412 0.909245 0.575596 -0.774236 -0.567861 0.383828 -0.040500 0.474859 -0.699509 -0.634737 0.939070 0.710532 0.518225 -0.126644 -0.757103 0.276119 -0.033258 -0.738556 -0.230941 0.230627 0.453599 0.800843 -0.438402 0.878996 0.035419 -0.274273 0.897997 0.085949 -0.875807 0.424156 -0.641531 0.490770 0.105499 0.730459 0.097713 -0.363719 0.850117 -0.263936
0.160636 -0.787125 -0.803303 0.207261 0.911836 0.483362 -0.777753 -0.545451 -0.913891 0.611958 0.736555 0.151016 0.750982 0.488393 0.621438 0.346076 -0.038558 0.190687 0.706556 -0.664775 0.431313 -0.074699 0.263809 -0.394114 -0.350194 0.322975 0.738128 -0.131202 0.201920 -0.032921 -0.599405 0.382250 0.308527 0.902544 -0.723326 -0.898091 -0.869339 0.977471 -0.533293 0.299640 -0.737121 0.281862 -0.667723 0.715733 0.846597 -0.748544 0.922709 0.463827 -0.663237 0.367530
-0.302980 -0.535456 0.620715 0.879015 -0.985730 0.019527 0.680469 -0.495023 0.899543 -0.758322 -0.975099 -0.633146 -0.470347 -0.282317 -0.617126 -0.198879 0.286850 0.482218 0.182393 0.266522 0.394145 -0.894814 -0.306051 0.960753 -0.103582 -0.293594 0.176172 0.224596 0.343805 0.650582 -0.731889 -0.466970 -0.959076 -0.245941 -0.295969 0.598166 0.210988 0.496550 0.119928 0.203125 0.499948 0.655641 -0.333877 0.576416 -0.817349 0.953763 -0.184751 0.809402 0.382978 0.792901
0.390327 -0.487274 0.101425 0.468075 0.576780 0.797605 0.637243 0.228849 0.952791 0.943536 0.020548 -0.861315 -0.195916 0.284659 -0.315901 -0.845498 -0.484526 -0.939237 -0.531637 -0.921226 0.790545 -0.878589 0.167231 0.022782 0.770818 0.803112 -0.907957 -0.704480 0.307789 0.741276 0.434688 -0.723649 -0.440261 0.487095 0.750053 -0.628505 -0.765177 -0.662344 0.779267 0.419526 0.584863 0.816508 -0.529701 -0.585170 -0.738724 -0.839938 0.867625 0.430841 -0.509275 -0.164844
-0.781459 -0.712057 -0.702693 -0.208769 -0.517266 0.894302 -0.896566 -0.359053 -0.706941 0.180928 0.780284 -0.793270 0.425757 -0.634581 -0.532750 -0.869572 0.920026 -0.368673 0.739925 -0.981681 -0.778424 -0.944333 0.841428 0.646990 -0.483932 0.678700 0.172606 0.112983 0.409473 -0.564574 0.573479 0.478857 0.478143 0.971018 -0.835096 0.280720 0.564677 0.872553 0.818184 0.702346 -0.414752 -0.092174 0.163986 0.620976 -0.030987 -0.151911 -0.258209 -0.653905 -0.544818 -0.044462
-0.427085 -0.206741 0.559360 -0.240040 0.273269 -0.066094 -0.589455 -0.044014 -0.760062 0.194830 0.153633 0.914197 -0.597583 0.169705 0.673126 0.314064 0.771707 0.849423 0.971776 -0.713726 0.538514 -0.412304 -0.938986 -0.095119 -0.320223 -0.971277 -0.476762 0.821648 -0.189767 -0.221492 -0.126302 0.920015 0.633955 -0.657968 -0.200104 0.276490 -0.219644 -0.992557 -0.427957 -0.435365 -0.948522 -0.755531 0.024345 -0.847185 -0.912793 -0.606822 -0.704830 0.577649 0.880948 0.064016
0.830168 -0.818236 -0.425973 0.055534 -0.006607 -0.942850 0.469362 -0.304457 -0.164764 -0.543461 -0.836695 0.557844 0.289738 -0.454838 0.326632 0.813318 -0.930317 0.155260 -0.043372 -0.510122 -0.062615 0.627448 -0.373148 0.947054 -0.070314 -0.632652 -0.819606 0.616505 -0.710771 -0.405137 -0.082206 -0.817109 0.711718 0.204455 -0.098131 0.359160 0.220011 0.827387 0.155610 0.976501 -0.515065 0.594108 0.594762 -0.013418 -0.087380 0.288486 0.996385 0.937149 -0.519957 -0.341162
-0.084962 0.300779 -0.343624 -0.173830 0.723936 -0.236240 0.320201 -0.230660 0.465794 0.907249 0.734457 0.805572 0.602616 0.822601 0.879415 -0.718443 0.045385 0.043369 -0.131393 -0.912970 0.718571 -0.035885 0.777456 0.626491 -0.481576 0.530448 0.818885 0.748381 -0.148477 0.793757 -0.570283 -0.790635 -0.773969 0.043533 0.734950 0.673754 0.146345 0.053337 -0.053784 0.640415 -0.781076 0.135307 -0.450174 0.054993 0.818010 0.672286 0.378691 -0.909094 -0.388264 0.099191
-0.843363 -0.860844 0.054101 -0.965572 -0.939598 -0.846425 -0.219327 -0.505073 -0.370791 0.878011 0.275936 0.869589 0.480679 0.052928 -0.380196 -0.598059 0.576047 -0.835170 0.318976 0.965335 0.704239 -0.215320 0.834204 -0.543481 -0.165859 -0.524787 -0.568734 -0.933169 0.146642 0.145245 0.216340 -0.543616 0.743092 0.470343 0.018219 0.716565 0.680424 -0.778617 -0.204736 -0.827990 -0.350717 -0.654677 -0.835643 0.011441 0.170333 -0.658357 -0.633164 -0.930649 0.113843 -0.102897
0.963631 -0.827252 -0.368800 -0.369282 -0.317043 0.187259 0.676351 -0.216362 -0.371501 0.707479 0.704005 -0.419786 -0.965282 0.097611 0.695997 -0.830014 0.577007 -0.442739 0.529455 0.826845 0.225380 0.712145 -0.891470 0.714048 0.427962 0.887426 0.438003 -0.873838 -0.667215 -0.146064 -0.036321 0.033986 -0.098210 -0.036255 0.074607 0.946418 0.324560 0.579834 -0.155399 0.327998 0.352972 0.813199 0.223418 -0.720859 0.923194 -0.519859 -0.152871 0.106919 0.447562 0.163335
0.597042 -0.874041 0.548883 -0.342844 0.083324 -0.591724 -0.190700 0.054048 0.647042 -0.572197 -0.727728 -0.976179 0.547516 0.444152 0.877274 -0.589562 -0.754693 -0.788431 0.902097 0.622574 -0.040463 0.033607 0.603299 -0.049875 -0.878494 0.296306 0.416281 0.777361 0.635790 -0.993717 -0.037381 -0.448539 -0.212698 0.405923 0.276591 -0.832390 0.766706 -0.704951 0.834208 0.068170 -0.291085 -0.013490 -0.638421 0.750148 -0.886628 0.400562 0.934436 -0.430494 0.590296 -0.445752
-0.890513 0.446847 -0.119214 -0.275946 0.629843 0.998212 -0.477335 -0.065417 -0.609193 -0.098080 0.099517 0.246960 0.540162 -0.986701 -0.761078 -0.005934 0.798738 0.856215 0.966218 0.697239 0.599503 0.409285 -0.904211 -0.159552 0.806232 0.785166 -0.759311 0.093110 -0.637526 0.255738 -0.923599 0.931010 0.520174 -0.559762 0.026929 -0.152595 -0.245876 0.291886 -0.001576 -0.027070 -0.665068 0.806225 0.825470 -0.946866 -0.189172 -0.080972 0.408562 -0.516597 0.696667 0.259116
0.835980 0.318786 0.983237 -0.494960 -0.483873 -0.398252 -0.611663 -0.056179 -0.728446 -0.548775 -0.446746 -0.017911 0.174439 -0.418152 0.214764 0.593524 -0.626849 0.545957 -0.000525 -0.364529 -0.628596 -0.605218 0.160697 0.095856 -0.909845 0.315329 -0.822769 -0.358475 -0.024032 -0.820020 -0.915783 -0.762046 0.757940 0.915323 0.298186 -0.527390 -0.760596 -0.875675 0.855899 0.305128 -0.458399 0.804216 -0.360906 -0.567809 -0.026433 -0.575445 -0.611830 -0.170509 0.297123 -0.467994
0.251227 0.444955 0.372496 0.689145 -0.707392 -0.988574 -0.706583 -0.674861 -0.837825 -0.573977 -0.014156 0.010992 0.652722 -0.295679 0.373348 0.119380 -0.083029 0.360399 -0.964771 0.128943 -0.571741 -0.964297 -0.731128 -0.665313 -0.484525 -0.764798 0.761323 -0.077625 0.193262 0.132246 0.574966 0.458983 0.689941 -0.119582 -0.978125 -0.059611 -0.422351 0.769984 0.298935 -0.018689 0.867089 0.145863 -0.311457 0.185487 0.225265 0.737670 -0.817360 0.001199 -0.335915 -0.769318
0.407504 0.072758 -0.071258 -0.179508 0.090868 -0.106772 0.375176 -0.668936 0.791525 0.135249 0.172550 -0.624684 -0.093445 0.013715 0.271038 -0.434213 -0.697001 0.064435 -0.736698 -0.211217 0.910176 0.222822 0.242189 -0.161077 0.138163 0.389412 -0.202410 0.074593 0.092214 0.488096 -0.541981 0.361819 -0.756196 0.805267 -0.227739 0.540037 0.126366 0.385071 -0.474897 0.124541 -0.960995 0.476219 0.372325 0.384029 -0.497734 0.235386 -0.757702 0.306222 0.957696 0.628124
-0.328635 -0.523851 0.758028 0.206479 -0.494845 -0.170932 -0.290638 -0.838685 0.324236 0.571214 0.021497 0.353383 0.727669 -0.279814 -0.896655 0.801489 -0.557678 -0.805016 0.905388 0.845247 0.241471 0.800220 -0.893202 -0.088489 0.724715 0.561493 -0.627956 0.551489 -0.136312 -0.794843 0.747201 0.746755 0.239085 -0.905733 -0.416992 0.811342 -0.069313 0.537357 0.222252 -0.222604 -0.437315 -0.712973 0.416195 0.693945 0.245619 0.677641 0.569262 0.775895 0.446563 0.344038
0.413936 -0.253973 -0.185883 -0.530514 0.912533 -0.187587 0.175111 -0.282703 0.214906 -0.409826 0.159915 -0.387203 -0.385327 -0.566985 -0.681146 0.618058 -0.982188 0.201659 0.602797 0.604053 -0.267176 -0.744438 -0.224825 -0.116916 0.313027 0.037399 0.799727 0.951849 0.864937 -0.641867 0.669044 -0.901603 0.163638 -0.666066 -0.648198 0.526334 -0.494845 0.965687 0.247752 0.063310 0.111095 0.260087 0.108118 -0.552474 0.543326 -0.451966 -0.460263 0.829266 -0.421089 0.284813
0.096934 0.793172 -0.437887 -0.328645 -0.580639 -0.671344 0.219024 0.489719 0.819399 0.930892 0.907872 0.669440 0.793145 0.329136 0.058090 0.350997 -0.814361 -0.870726 -0.516757 0.356939 0.024415 0.989675 0.194061 0.490110 0.011744 0.846375 0.109976 -0.318534 0.530122 0.389910 -0.430375 0.883783 0.565524 0.557719 0.819458 -0.070328 0.294140 -0.949179 0.105954 -0.666870 0.890874 -0.075184 0.695913 -0.234649 0.108412 0.871959 -0.614300 -0.805502 0.562480 0.607163
0.832362 -0.556917 0.048727 0.971615 -0.548250 -0.534618 -0.777316 -0.047574 -0.364522 -0.829883 0.250917 0.824892 0.560904 -0.708930 -0.495017 0.604019 0.682621 -0.777771 -0.586353 -0.240108 0.693558 -0.204310 0.755486 -0.812220 -0.619751 -0.165426 -0.014492 -0.620537 -0.242069 -0.336157 -0.196697 0.552218 0.883965 -0.228364 0.345983 0.646832 -0.899710 0.031520 -0.959101 0.324870 -0.891075 0.468309 0.630350 0.213893 0.297216 0.251591 -0.620008 -0.281032 -0.204847 0.698617
0.620339 0.923432 -0.788729 0.249842 -0.684568 -0.582223 -0.455890 0.382210 0.874411 0.681781 0.488076 0.147999 -0.149431 0.961399 0.567003 0.404935 0.933333 0.101276 0.957212 -0.157363 0.111629 -0.612365 -0.775058 -0.962833 0.131102 -0.082767 0.952177 0.346301 0.769292 0.867394 -0.044206 -0.289843 0.478779 -0.786845 0.112327 -0.875655 0.483777 0.042491 0.994163 0.736772 -0.103012 0.078482 -0.370486 -0.653633 0.641206 0.209046 0.438436 0.256706 0.800895 -0.889983
-0.088467 0.877261 -0.387717 0.417562 0.951599 -0.233402 -0.913725 -0.106665 -0.836511 0.860042 0.636823 0.363746 0.497218 -0.932776 0.528661 -0.669275 -0.801043 -0.486275 -0.708358 -0.228532 0.699732 -0.778645 -0.894308 0.756223 -0.557395 -0.632409 0.412923 -0.259699 0.199093 -0.549523 0.649058 -0.525449 -0.073868 0.329343 -0.963072 -0.334784 -0.933164 0.327206 -0.178460 -0.801653 -0.997815 -0.482567 0.671611 -0.804184 0.144905 0.413314 -0.266529 0.960818 0.173270 0.432690
-0.681854 -0.690988 0.695255 0.689590 0.319596 -0.995661 0.987577 -0.960790 0.557728 0.046542 -0.831977 0.069998 0.237484 -0.036290 -0.919911 0.427747 -0.052769 0.976428 -0.992330 -0.466137 0.534731 0.454084 -0.099849 -0.144888 0.976757 0.290379 -0.005687 0.900013 -0.191968 -0.360804 0.198297 0.322987 -0.317992 0.305301 0.972757 -0.959372 -0.761035 -0.759742 -0.729635 -0.902475 0.603826 -0.245618 0.192335 0.895721 -0.594661 0.987031 -0.332530 0.156207 0.964398 0.643286
0.661201 -0.437078 -0.546447 -0.844117 0.780152 -0.662170 0.549396 -0.046477 0.560654 -0.116884 -0.340805 -0.530622 -0.148916 0.507720 -0.008678 -0.210205 -0.891840 -0.620458 0.245470 0.661723 0.042697 0.158394 0.520722 -0.838320 0.022139 -0.916578 -0.381201 -0.156200 -0.960964 0.515866 -0.231098 -0.374644 0.270098 -0.314299 -0.182153 -0.759302 0.002569 0.710517 0.360398 0.354138 0.822253 0.674744 0.477152 -0.851026 -0.190939 -0.943801 -0.827435 0.359677 0.397715 -0.627182
-0.821089 -0.101294 -0.660358 -0.916150 -0.682351 0.961308 -0.048193 0.958793 -0.490006 -0.631517 -0.231674 0.044408 0.381983 -0.751345 -0.167822 0.082797 -0.103833 -0.771880 0.142111 -0.707228 -0.565647 -0.627094 0.233681 -0.133264 -0.960642 0.399178 0.853780 0.487356 0.794389 -0.373321 0.567546 -0.416245 -0.932827 -0.349304 -0.928758 0.297697 -0.102125 -0.097330 0.880232 0.856486 0.491916 0.742290 0.607595 0.215205 0.085124 -0.952448 0.085336 0.233251 -0.354986 0.776052
0.521858 0.139255 -0.937907 0.579308 0.626520 0.030111 0.934621 -0.772730 -0.320134 0.795094 -0.097191 -0.810957 -0.961518 -0.855162 0.254044 0.286152 -0.773295 0.564970 -0.100521 -0.802154 -0.714196 0.483522 0.514867 -0.312870 0.388675 0.041544 0.843686 -0.238203 0.813099 0.018476 -0.831945 0.727177 0.623015 0.241462 -0.306075 0.709567 -0.188354 -0.408232 0.623361 0.073746 -0.554934 -0.307261 -0.418207 0.590243 0.241365 -0.125613 0.028283 0.492679 0.719896 0.008616
-0.327054 0.692307 0.642446 -0.122307 -0.975618 -0.941504 -0.657360 0.807700 0.356604 0.339800 0.403309 0.699806 -0.375602 0.104696 -0.949779 -0.781781 -0.037348 -0.280117 0.212797 0.787344 0.259336 0.318646 0.691120 0.766910 0.842929 -0.243233 0.236046 -0.807607 -0.054034 0.845069 -0.400655 -0.499263 -0.620178 -0.768690 0.387824 -0.140975 0.723789 0.455126 0.411447 -0.733907 -0.115345 0.483700 0.663299 0.825302 -0.219403 0.906402 -0.669360 -0.991313 -0.589642 -0.046380
-0.964080 -0.056522 -0.285392 0.165684 0.012183 0.589571 -0.111845 0.841245 -0.581163 0.014104 -0.909667 -0.259121 0.541301 -0.269050 0.659913 -0.623494 -0.207682 -0.688604 0.960911 0.848320 0.683927 -0.073813 -0.005986 -0.383387 -0.141489 -0.071408 0.453728 -0.353083 -0.688110 0.045327 0.572183 -0.115844 -0.926057 0.164585 0.259274 0.870261 -0.792391 0.504818 0.096484 0.526333 -0.869466 -0.373723 0.249762 0.301741 -0.387657 -0.490519 -0.502151 0.991305 0.808274 0.116494
-0.038842 -0.342980 0.938150 0.376676 0.378086 0.243521 0.939469 0.549370 -0.605161 0.192602 -0.522310 0.374493 0.590102 0.949375 0.578211 0.411140 -0.985750 0.633288 -0.792660 0.972342 0.140889 -0.812084 0.261595 -0.203145 0.268925 -0.801407 0.759807 -0.830700 -0.962196 -0.920153 0.919008 -0.653683 0.650102 -0.979132 0.981463 0.040302 -0.714883 -0.040566 0.858558 0.962309 -0.092691 0.638118 -0.153001 -0.660953 -0.579562 0.235802 0.262160 0.548630 -0.514767 -0.469591
-0.450907 0.015490 0.775318 -0.315870 -0.253542 0.926881 -0.310219 0.514608 -0.898113 -0.681457 -0.732259 0.386036 0.359996 0.072057 -0.844729 0.883449 -0.380640 -0.520584 0.109732 0.129397 -0.682088 -0.709644 -0.780534 0.836776 0.856270 0.640338 0.741849 -0.633751 -0.859920 -0.015335 0.303551 0.572726 -0.367266 -0.320088 -0.461518 -0.032291 0.703221 0.955129 -0.206803 -0.140998 -0.533313 -0.651592 0.813060 -0.920521 0.477659 0.393547 0.912021 0.296280 0.033141 0.985829
-0.672986 -0.361492 0.744911 0.101341 -0.628254 -0.602191 -0.763829 -0.121356 -0.743137 0.613222 -0.577805 -0.635001 -0.403417 -0.468468 -0.204440 -0.186476 -0.383719 -0.686872 0.510503 -0.141853 0.983172 -0.280845 -0.223388 0.816819 0.353811 0.517151 0.938712 -0.506480 0.897385 -0.093753 0.270565 -0.831879 -0.493817 -0.933245 -0.984921 -0.718333 -0.672671 -0.765336 -0.643134 -0.141324 -0.016310 -0.130523 -0.326796 0.157512 -0.764974 -0.439111 -0.247143 -0.257515 0.234167 0.643041
-0.070843 -0.590181 -0.420133 0.647545 -0.525720 -0.497636 0.042946 -0.780006 0.392787 -0.265684 0.378118 -0.115800 -0.287892 -0.827953 0.039545 0.139930 -0.752859 0.805659 -0.561688 -0.848933 0.506719 -0.829984 -0.519900 0.838980 0.262786 0.701089 -0.519393 0.332886 -0.960672 0.432909 -0.350263 0.676228 0.490029 0.312923 0.025535 0.815559 -0.671754 0.373656 -0.309044 0.648829 0.917914 0.847642 0.119924 0.697196 -0.404698 -0.898262 -0.788217 -0.423618 0.082077 0.600843
-0.200046 0.277572 -0.385637 -0.177604 0.648735 0.504411 -0.222167 0.162067 0.532566 0.563976 0.037869 -0.876438 0.247007 0.050247 -0.692157 -0.943102 0.293820 0.004041 -0.410078 -0.967281 0.659049 -0.666248 -0.080141 -0.096320 0.009896 0.349806 -0.167601 0.103037 -0.152356 -0.556049 0.868055 -0.172695 -0.687233 0.907291 0.044751 -0.070388 0.213566 0.984600 -0.700829 0.854192 0.964295 -0.080877 -0.280036 0.622265 0.534702 -0.954533 0.126010 0.855217 -0.363218 0.135880
-0.430904 -0.074467 -0.739867 0.162972 -0.747874 -0.991935 -0.063207 -0.103377 0.586498 -0.170054 -0.360084 0.056913 0.309905 -0.203642 0.303627 -0.429584 0.058078 0.764703 0.315111 -0.854369 0.987045 -0.099425 -0.166879 -0.919798 0.308066 0.824969 0.544866 -0.533186 -0.259937 0.735806 0.777660 -0.563958 0.966016 0.099915 0.461707 0.340650 -0.544465 0.399726 -0.184552 -0.032671 -0.214364 0.269758 0.602123 0.429380 -0.974559 0.752464 0.948791 0.093923 -0.361633 -0.418859
0.047264 -0.267674 0.298059 0.677220 0.566991 0.366292 0.355163 0.915629 -0.504477 0.458392 0.608858 0.799724 0.410456 -0.560144 -0.162794 -0.905687 0.322141 -0.199801 0.827241 0.153801 0.251399 -0.869236 -0.989142 0.668033 0.199642 -0.955428 -0.533064 -0.542588 0.292879 -0.164678 0.846445 -0.696888 -0.576851 -0.611283 0.250976 -0.938023 -0.764456 0.474406 0.539878 -0.470812 -0.003581 0.468919 0.882495 -0.846089 0.201521 -0.554709 -0.040752 -0.468066 0.678091 0.975664
-0.729489 0.895571 0.569375 0.387376 0.577946 -0.440523 0.622774 -0.305599 0.475322 -0.356222 -0.853009 0.036972 0.490927 -0.386392 -0.126014 -0.477788 -0.765712 -0.895963 -0.068021 -0.370096 -0.276420 0.854796 0.526513 0.957139 0.175444 0.841208 -0.229165 -0.141444 0.127175 0.204095 -0.897425 0.054913 -0.288887 0.851014 0.782253 0.674424 -0.559855 0.979752 0.405980 -0.555495 -0.118643 -0.850128 0.331679 -0.985595 0.376719 -0.471679 0.641279 0.849067 -0.645763 -0.989157
0.361293 0.888044 -0.531706 -0.850486 -0.841460 -0.675682 -0.810846 0.441886 0.797949 0.050828 0.161795 0.930202 -0.488125 -0.040443 0.185829 0.921743 0.875045 0.266926 0.116890 -0.816051 -0.487659 0.038977 -0.335596 0.092726 0.506148 0.956677 0.226673 -0.504636 0.325645 -0.488935 0.586886 -0.651644 -0.798082 -0.165428 -0.748247 0.474689 0.182697 0.433040 0.648541 -0.645096 -0.662355 0.080677 -0.984380 -0.130310 -0.615554 0.336967 0.622919 -0.248109 -0.320413 -0.610038
-0.796649 -0.271187 0.908963 -0.227013 -0.405567 0.308021 -0.701852 0.992796 -0.670291 0.807006 0.051671 0.558768 -0.786138 -0.905026 0.561482 -0.618080 0.475557 0.238527 0.788176 0.382505 -0.040792 -0.289718 -0.425194 -0.789482 -0.696124 -0.412365 -0.455815 -0.169218 0.134692 -0.919701 -0.614602 0.095428 -0.548420 -0.395238 0.671121 0.948102 0.547359 0.896380 0.889164 0.907624 -0.985248 0.908635 0.048626 -0.025171 -0.001941 0.216348 -0.987282 0.826176 0.764006 0.068104
0.322252 0.755428 0.501167 0.930634 -0.187888 -0.970445 -0.233642 -0.972495 -0.032733 0.719494 -0.684244 0.558662 -0.640658 -0.831832 -0.913219 -0.555518 -0.705018 0.471482 -0.102641 0.311813 0.342534 -0.599578 -0.616638 0.047964 -0.556292 -0.563691 -0.738067 -0.408516 -0.212602 0.371375 -0.618632 0.743193 -0.228234 -0.713128 0.299402 0.682508 0.264181 -0.876724 -0.502759 -0.176462 0.243608 -0.020196 -0.631452 -0.915010 -0.365656 -0.611457 0.817516 0.179315 0.550239 0.549112
-0.673152 0.679061 0.334609 -0.062749 0.184312 -0.869051 -0.385262 0.962269 0.722060 0.590523 0.194638 0.581961 0.757611 0.336860 -0.506485 -0.103594 0.910418 0.025777 0.720695 -0.848534 -0.538927 -0.477084 0.974807 -0.695369 -0.797943 -0.819830 0.866365 -0.251088 -0.804720 0.097552 0.549949 -0.479728 -0.595004 0.367762 0.185466 0.254945 -0.583896 -0.474866 -0.304708 -0.667698 0.520774 0.253522 0.179881 -0.238989 0.106833 0.546604 -0.748765 0.232477 -0.349136 0.814892
-0.374100 0.261167 -0.706426 -0.462549 -0.278596 0.987898 -0.698924 -0.575088 -0.087959 -0.782061 -0.292861 -0.934957 -0.966895 0.816325 0.013402 0.707226 -0.705906 -0.950561 0.819155 0.941881 0.528348 -0.571289 -0.459678 -0.338566 -0.978850 0.148942 -0.422425 -0.822732 -0.012956 0.638390 0.324054 -0.163909 0.381788 0.227981 -0.507047 -0.060592 -0.433434 -0.766429 -0.792390 0.629129 -0.963649 -0.338422 -0.737084 0.805140 0.346346 0.607689 0.162745 0.289073 -0.152862 -0.356693
-0.026826 0.084567 0.919973 0.211724 -0.512899 0.537669 -0.093279 0.834411 -0.336796 0.930290 0.618235 0.180011 0.530555 -0.202172 -0.506207 -0.949543 0.781330 0.858853 -0.454935 0.731078 0.114830 0.568946 0.654873 -0.710622 0.721960 0.646660 -0.996760 -0.141195 0.419105 0.652955 0.077389 -0.859288 -0.293524 -0.680360 0.726823 -0.581293 0.351491 -0.398081 -0.395395 0.740841 0.599576 0.287049 0.501393 -0.500674 0.564998 0.935806 0.037428 -0.917165 -0.689807 -0.701168
-0.450258 0.653390 0.280146 0.007798 -0.895909 -0.408136 -0.152942 0.647315 0.152972 -0.854960 0.057673 0.883393 0.557139 0.205529 0.785383 -0.499514 0.281487 -0.039054 -0.714876 -0.129147 -0.178952 -0.822529 -0.420476 -0.273931 0.700402 -0.657545 0.831651 -0.760415 -0.929897 0.152701 0.495914 -0.231097 -0.470299 -0.259261 0.640234 -0.611631 -0.685850 0.846341 0.478783 -0.972398 0.961153 -0.204906 0.908390 -0.548576 0.452790 -0.361987 -0.228967 -0.056254 -0.538319 -0.494631
-0.979624 0.807783 -0.142049 -0.166596 -0.984190 0.813048 0.681577 0.429530 -0.786463 -0.327153 0.339046 -0.953122 0.380140 0.021671 0.430974 -0.525034 0.387330 0.985492 0.257655 0.113061 -0.679449 0.098923 -0.336048 -0.627935 -0.512145 -0.838551 0.282478 -0.325319 0.650672 0.532392 -0.282181 0.054739 0.001954 0.489098 -0.991883 0.117658 -0.298995 0.840181 -0.397636 0.020331 -0.314807 0.162560 -0.363360 0.189434 -0.868751 0.390468 -0.840225 -0.809059 -0.885964 0.290270
-0.772578 -0.724352 0.660915 -0.465048 -0.044145 -0.152864 -0.327259 0.693994 0.451774 -0.076818 0.859565 -0.884470 0.734259 0.090135 -0.147850 0.804109 -0.678663 -0.705827 -0.557139 0.507046 -0.323772 0.571751 -0.746219 -0.568425 -0.852296 -0.090582 -0.526533 -0.721030 0.251359 -0.954650 -0.425253 -0.215364 -0.066228 -0.096402 -0.655300 0.329214 0.349731 -0.657577 0.386158 -0.825753 0.167024 0.077477 -0.770210 -0.397944 -0.109043 -0.852948 -0.359169 -0.566375 0.187308 -0.845998
-0.084555 -0.294048 -0.397914 0.342456 -0.576099 0.655232 0.243013 0.001404 0.312990 0.439512 0.842680 0.906125 0.773015 0.683612 0.930954 0.508877 -0.811997 -0.493036 -0.435700 -0.419422 -0.799453 -0.721283 -0.231726 0.342052 -0.273045 -0.587438 -0.467891 0.173498 0.374896 -0.399316 0.279975 0.709929 -0.179837 -0.898681 0.084451 -0.741526 0.729195 -0.470544 0.936868 -0.179992 -0.678732 -0.674495 0.986515 0.561095 -0.952665 0.146468 -0.980107 -0.113332 0.195658 -0.756490
-0.278873 -0.545431 -0.905513 -0.458133 0.805149 -0.236813 0.969759 0.596193 -0.595199 -0.542329 0.309978 0.747793 -0.898555 -0.589220 -0.721369 -0.262607 -0.406054 0.058079 -0.728490 0.695657 -0.477688 -0.139750 0.209713 -0.833734 0.889849 0.577772 -0.113217 0.447701 0.265525 -0.154754 -0.924066 -0.516126 0.450009 -0.752467 -0.230001 -0.157622 0.559700 0.630605 0.597849 0.705780 -0.231063 -0.545545 -0.528326 -0.219220 0.418521 0.869442 0.864228 -0.362962 -0.415558 0.179927
-0.244695 0.107044 0.151009 0.634356 0.756098 -0.511717 -0.116653 0.138264 0.047254 -0.020928 0.979628 0.439736 0.735647 -0.025239 0.653262 -0.070189 -0.553774 -0.655191 -0.695361 0.213201 0.082121 0.197074 0.335163 0.722566 0.634913 0.167974 0.062156 0.942734 -0.162331 0.084569 0.298434 -0.319516 0.555801 0.106586 -0.402309 -0.180546 -0.851876 0.588384 0.534420 0.874626 -0.388728 0.525174 0.610616 -0.090182 -0.525505 -0.768468 0.639241 0.230477 0.573837 0.767871
0.896451 -0.925223 -0.543961 -0.332778 -0.976015 -0.198098 -0.058445 -0.057827 -0.630906 0.796707 -0.081319 -0.924630 -0.925288 -0.599958 -0.441822 -0.513325 0.546516 -0.591531 -0.204067 -0.486414 -0.641441 -0.037677 0.819370 -0.517878 -0.981487 -0.889237 0.267587 0.107927 -0.253641 0.934428 -0.591530 0.211046 0.465024 -0.495479 0.961143 -0.534269 0.231852 0.984771 -0.946052 -0.524403 -0.605354 0.257821 0.723164 0.882551 0.523477 -0.576212 -0.023551 0.743090 -0.094572 0.522443
-0.436859 0.375786 -0.894618 0.545989 -0.193340 0.316187 0.278205 -0.520474 -0.312628 -0.524583 0.685411 0.670146 0.450842 0.183037 -0.277703 -0.658457 -0.763600 -0.700447 0.340506 0.115343 -0.955115 -0.409388 0.629226 0.699856 0.418443 -0.254939 -0.552886 0.754308 -0.187707 0.724761 0.924545 0.289984 0.862915 -0.897546 -0.627959 0.959526 0.582502 -0.727335 0.927875 0.067328 0.919031 0.437130 0.885614 -0.089985 -0.306724 0.098461 0.049805 -0.087760 -0.693121 0.377460
-0.369929 -0.915528 0.368664 0.863080 -0.810198 0.704509 -0.998181 0.786886 -0.538071 -0.100298 -0.591037 -0.122719 -0.761851 -0.558751 -0.503826 0.266908 -0.464292 0.173390 -0.610706 0.870165 0.037299 -0.715310 -0.812015 0.613350 0.323932 -0.940440 0.922856 0.248665 -0.268490 -0.413072 0.466075 -0.454129 -0.264166 0.799834 -0.855295 0.903375 0.283583 0.806679 0.484690 -0.671729 -0.230389 -0.276245 0.860215 -0.814958 -0.485653 -0.324317 0.799323 -0.077690 0.193563 0.617578
0.399841 0.771114 -0.631528 -0.123139 -0.317641 -0.007308 -0.559355 -0.794713 -0.619435 -0.251712 0.856748 -0.849091 0.881425 0.686764 -0.048339 0.044165 0.107302 0.464683 0.499856 -0.498084 0.214923 0.402286 -0.788785 -0.538706 -0.802882 0.988804 0.525044 0.742770 -0.592604 0.472027 0.906677 -0.907566 -0.769408 -0.601024 -0.201219 0.615483 0.585147 -0.133249 -0.366847 0.907326 -0.022313 -0.516228 0.267776 0.493356 -0.301352 0.179970 -0.999645 -0.492514 -0.902444 0.238021

Bias v0 (Oculta):
-0.863993
-0.094717
-0.859140
0.008568
0.127495
-0.708471
-0.499422
0.902308
-0.086752
0.570527
0.339972
0.908928
-0.580636
-0.462157
-0.828458
0.313340
-0.464342
-0.428717
-0.304442
0.807960
0.353879
0.851137
0.054862
0.985632
0.694862
0.273180
0.360147
-0.886638
-0.966918
0.569691
-0.110513
0.598318
-0.458591
-0.455105
0.110198
-0.706931
-0.022560
0.467992
0.686257
0.824524
-0.165655
-0.807848
-0.165102
-0.297792
-0.313921
-0.587528
-0.832404
0.446635
0.240714
-0.068596

Pesos w (Oculta -> Sa獮a):
0.541242 -0.112157 0.672805 -0.922600 0.700289 -0.386941 -0.578265 -0.619202 0.018774 -0.967262 -0.451642 0.351634 0.926983 -0.850656 -0.599048 -0.741598 -0.265116 0.812567 -0.161193 0.454850 0.145687 -0.845080 0.750519 -0.518191 0.308769 -0.269174
-0.980530 0.684570 -0.838287 0.125567 -0.613610 0.576849 0.089024 -0.832456 -0.490252 -0.800718 -0.137690 -0.138786 0.711597 0.822373 -0.178411 0.644926 0.395980 0.089267 -0.242492 0.370951 -0.192345 -0.928406 0.306936 -0.003003 -0.173644 0.488331
0.863977 -0.837558 -0.386119 0.279087 0.522760 -0.998164 0.162254 0.352608 -0.723379 -0.743974 -0.324962 0.695756 0.845010 0.613179 -0.894313 0.463705 -0.218584 -0.722026 0.804436 0.722166 0.031168 0.134992 -0.282409 -0.962024 -0.646332 0.551000
-0.890590 -0.032074 0.491089 -0.252866 -0.041846 -0.932156 -0.905562 -0.343101 -0.680729 -0.240053 -0.907247 -0.215971 -0.907096 -0.168339 0.622247 -0.559652 -0.987440 0.567451 0.182508 0.542084 -0.023862 -0.900762 -0.385597 -0.094448 -0.628905 0.210097
0.287059 0.960387 -0.708119 -0.473062 -0.559750 0.548063 0.895273 -0.020216 0.898721 -0.049507 -0.526155 -0.144921 0.828094 0.989355 0.541821 -0.012638 0.372219 -0.988002 0.346749 -0.513580 -0.773125 0.867689 0.623596 -0.077093 -0.475415 -0.170551
-0.416335 -0.006727 -0.955721 0.401484 0.845710 0.470677 0.568607 -0.164146 0.751142 -0.320847 0.800303 -0.839196 -0.671336 0.973700 0.672329 0.318948 0.989039 -0.057766 -0.570667 -0.260862 0.438865 -0.862093 -0.917437 0.187749 -0.237203 -0.953703
-0.933085 -0.545352 0.888773 -0.701320 -0.870624 -0.370141 -0.357664 -0.830377 -0.986137 -0.583751 -0.276597 -0.171402 0.725412 -0.429947 -0.704314 -0.859850 -0.183280 0.353070 0.498906 -0.400732 -0.268622 -0.096077 -0.058451 -0.929771 0.461929 -0.743894
0.996044 -0.436603 0.554417 -0.978515 0.707420 -0.758291 0.911265 -0.185356 -0.642691 0.362093 0.461674 -0.492286 -0.334754 0.997681 -0.420473 0.772961 -0.595967 0.266228 -0.536384 0.978862 0.592988 0.329735 0.539464 -0.732301 -0.021863 -0.259151
0.511651 0.092948 0.916358 0.035823 -0.346536 -0.171210 0.485497 -0.569442 -0.544524 -0.037560 -0.944876 0.142601 -0.172992 0.110838 -0.605348 0.740147 0.125898 0.859396 0.581912 -0.353879 -0.673144 -0.340161 0.644254 -0.345606 0.632743 0.473576
-0.887161 -0.510276 0.814874 -0.092472 0.465309 0.442890 -0.601586 -0.359533 -0.228773 -0.121808 0.183627 -0.314508 0.104906 -0.058756 -0.414305 0.240248 -0.616268 0.534039 -0.661980 0.254320 -0.292605 -0.603230 -0.455386 0.834452 -0.638581 0.574309
-0.476681 0.694071 -0.883049 -0.084481 -0.419561 0.494463 0.276016 0.549681 -0.147718 -0.795162 -0.145944 0.360823 -0.073220 0.998953 -0.714460 0.296978 -0.335862 0.745618 0.669411 0.502442 0.807924 -0.306465 -0.356121 0.974100 0.207138 -0.086866
-0.752408 -0.461058 -0.137054 -0.455674 -0.885409 -0.401395 0.324851 0.895417 -0.081368 -0.908581 -0.780162 -0.260872 0.353581 -0.881945 -0.937604 0.256374 -0.467562 0.441725 -0.840203 0.146520 -0.652282 -0.603879 -0.960692 -0.996306 -0.245397 0.522618
0.372246 0.497180 -0.054267 0.656861 0.661485 0.005017 -0.159724 -0.303890 0.518722 -0.694397 0.313526 0.318024 0.392654 -0.625473 -0.419405 0.836474 0.804347 0.127022 -0.432552 -0.777065 -0.181966 -0.272931 -0.516696 0.283473 -0.891526 -0.937663
-0.291289 -0.098867 0.559648 -0.136147 -0.453973 0.457978 -0.164789 0.942882 0.982608 -0.807437 -0.854120 0.767286 -0.434942 -0.244974 -0.936019 0.568784 0.488019 -0.470221 -0.145406 -0.406691 -0.377251 -0.547340 0.370027 -0.226870 -0.917862 0.875820
0.942880 -0.299104 0.160848 -0.279473 0.608724 -0.912550 0.646443 0.503994 0.483503 0.085318 0.063349 -0.022487 -0.828981 0.594902 -0.573636 0.762639 -0.479131 0.732823 0.339132 0.351044 0.742726 0.923144 0.560668 0.505997 0.752420 -0.105696
0.778524 -0.146100 0.815057 0.024072 -0.850267 -0.393420 0.590907 -0.407098 -0.938677 -0.871053 -0.996933 0.357370 0.339163 -0.750733 -0.451452 0.305860 0.530338 -0.414491 0.227971 -0.869686 -0.722128 -0.677399 -0.036748 0.148556 -0.040999 -0.677017
-0.173888 0.111311 -0.128536 0.265232 -0.183330 -0.206534 -0.824825 -0.927645 0.879173 0.519117 0.036010 -0.307552 0.321981 -0.886058 -0.440737 -0.552781 0.151932 -0.720620 -0.404459 0.872867 0.617387 -0.739806 0.444143 0.882272 -0.781871 -0.099318
-0.624247 0.680354 -0.439446 -0.784291 -0.487108 0.641166 -0.173400 -0.634401 -0.619177 -0.190411 -0.526896 -0.491670 -0.766805 0.693454 -0.000922 0.675154 -0.312398 -0.808577 0.380472 -0.558451 -0.669814 -0.159291 0.202372 -0.701684 -0.708227 -0.331293
0.455387 -0.671759 0.888343 -0.619558 -0.308975 -0.611506 -0.060742 0.682545 -0.965765 -0.869607 0.098984 -0.906133 -0.733870 -0.780578 0.988531 -0.874935 -0.509116 -0.675336 -0.607936 0.946198 -0.070781 0.090650 0.382261 -0.072004 -0.976193 -0.083287
0.986016 0.835917 0.645778 0.837019 0.932610 -0.478555 -0.640943 -0.230427 -0.893927 0.011646 0.539159 0.393797 0.525626 0.198149 -0.878108 -0.080080 0.393854 0.494816 -0.486675 -0.395036 -0.176488 0.346795 -0.136719 0.201594 -0.581942 -0.925353
0.680092 -0.723012 -0.361001 -0.120838 0.223962 0.418142 0.762518 0.525963 -0.904677 0.217233 -0.240359 -0.623018 0.442905 0.901523 -0.797722 -0.906077 -0.702272 -0.584737 -0.229124 -0.943660 0.093528 -0.791091 -0.691534 -0.964699 -0.258574 0.344232
0.475858 -0.835485 -0.270844 0.688719 0.364747 0.962984 0.460189 0.841191 -0.307103 0.352047 0.819625 -0.833970 0.256783 0.576972 -0.483658 -0.284196 -0.903077 0.634962 0.589707 0.900031 -0.229141 0.873004 -0.144587 0.098327 -0.011050 -0.673713
-0.301148 -0.272121 0.185680 0.471656 0.059365 0.145699 0.300687 0.220468 0.634128 -0.584043 0.203992 -0.286290 0.992204 0.343765 -0.775708 -0.128359 0.858344 0.381769 0.358578 -0.918207 -0.578562 0.630891 0.318438 0.275242 0.238502 -0.825492
-0.477987 0.887722 -0.347865 -0.065927 0.838673 -0.705321 0.009671 0.293643 0.077267 -0.736269 0.248633 -0.544246 0.476114 -0.622635 -0.609656 0.101777 0.479274 -0.743459 -0.598847 -0.909283 0.730461 0.915114 -0.361931 0.165319 -0.590395 0.886515
-0.489897 0.803675 0.089666 -0.430140 0.144955 -0.449086 -0.561003 -0.173438 0.429833 -0.077870 -0.194512 0.576687 -0.376454 -0.661290 0.149806 -0.767200 0.454539 0.240233 -0.902329 -0.566911 -0.423309 -0.567346 0.724474 -0.581686 0.649225 -0.996909
-0.119619 0.087821 0.838219 0.502965 0.203464 0.696808 0.195306 -0.407189 -0.762812 -0.275569 -0.071717 -0.964477 -0.870122 -0.789120 -0.098331 -0.169860 -0.070300 -0.249988 0.112532 -0.392991 0.904077 -0.795584 -0.525341 -0.971996 0.051849 0.385964
-0.156020 -0.266258 0.242240 0.918846 -0.550432 0.301059 0.994830 -0.927915 -0.692710 0.751747 0.327515 -0.212786 0.621433 0.253727 -0.610424 -0.899897 -0.577383 0.477219 -0.380597 -0.959250 -0.356552 -0.697509 -0.539618 -0.502541 -0.330347 -0.219625
0.850501 0.675362 -0.751656 -0.545342 0.742330 0.966839 -0.232374 0.589433 0.927584 0.349539 0.594701 -0.466334 -0.146100 -0.324287 0.286674 0.592593 -0.734997 -0.076985 0.876791 -0.004746 0.664197 0.468658 -0.734082 -0.331607 -0.131427 -0.931570
-0.642254 -0.326506 0.880409 -0.968993 0.715637 -0.093901 -0.123431 0.339953 -0.381072 0.360534 0.004446 -0.587843 -0.851543 -0.396155 -0.389800 -0.023412 0.035998 0.826410 0.676914 0.621834 -0.169408 -0.365852 0.914675 0.369520 -0.720770 0.659020
0.375121 0.206768 -0.762700 -0.914234 -0.212975 -0.503412 -0.674708 -0.643810 -0.241617 0.849506 -0.244917 -0.721155 0.336541 0.862934 0.065910 0.288089 -0.867400 0.013859 -0.900284 0.106166 -0.032551 0.421383 0.313491 -0.715249 -0.539559 -0.381777
0.561976 0.292845 0.923297 0.163765 0.125011 0.062082 -0.262740 -0.018450 0.727850 -0.068491 0.962371 0.365959 0.200675 -0.725934 -0.522874 -0.511263 0.769446 0.445612 0.140582 0.388082 -0.439357 0.078252 0.725409 -0.269672 -0.101876 0.644896
-0.796276 0.806994 -0.137663 -0.472263 0.098409 0.907299 0.103361 -0.201553 0.921496 0.219770 0.558590 0.361749 0.927612 0.156216 0.733484 -0.042329 0.641897 0.943237 0.343367 -0.185315 -0.849786 0.949390 0.932264 -0.549702 0.393348 0.162965
-0.344206 -0.068059 -0.984039 -0.776682 -0.428364 -0.575285 -0.856920 -0.460586 -0.740998 0.482378 -0.596178 -0.517929 -0.870028 0.222907 -0.034492 -0.084726 0.862597 -0.877200 0.011315 -0.052708 0.369361 0.384271 0.616800 -0.395860 -0.154080 0.078814
0.712805 0.096114 0.778903 -0.080996 -0.066697 0.600867 0.787150 0.576399 0.921208 0.779106 0.376356 0.913899 0.537054 0.923202 0.190165 -0.357903 -0.691060 -0.555095 0.959034 -0.082474 0.633558 -0.998237 -0.061371 -0.536191 -0.025858 0.983949
-0.281207 0.951746 -0.035033 -0.495299 -0.355922 0.649793 -0.362794 0.168715 0.438636 0.511535 -0.388614 0.079608 -0.117643 -0.363219 -0.671019 0.065835 -0.557253 0.028408 -0.054942 0.727186 -0.434334 0.154819 -0.282347 0.825608 -0.489469 -0.828073
-0.246815 -0.405637 0.554642 0.204428 0.298319 0.847374 0.928723 0.383824 -0.250295 0.466928 0.046307 0.359267 -0.099728 -0.263559 0.865137 -0.795647 -0.099592 0.137630 -0.959714 -0.287976 -0.114893 0.527911 0.076082 0.617929 -0.796429 0.613497
0.978521 -0.338758 0.902486 0.702019 -0.008884 0.363852 0.993583 -0.012458 0.552337 -0.223847 -0.997525 0.370658 -0.806715 0.758035 0.870514 0.430614 -0.168123 0.377618 -0.702216 0.351220 0.170465 -0.704646 -0.604378 -0.487979 -0.954529 -0.394060
0.350215 0.250367 -0.089800 0.918866 -0.749168 -0.350703 -0.070891 -0.507688 0.719767 -0.947322 0.442135 -0.195096 0.193677 0.413554 0.689179 -0.723621 -0.307352 -0.148596 0.735670 0.668433 0.888600 -0.637603 -0.389309 0.348011 0.791684 0.255342
0.472526 0.597936 -0.729326 -0.641619 0.688702 -0.816403 0.466443 -0.714438 0.328633 0.584406 -0.197555 -0.656880 0.668312 -0.664951 -0.388237 0.523133 -0.309091 -0.863042 -0.328975 0.400832 -0.007022 -0.839603 0.047374 -0.130572 0.268796 0.839295
-0.739119 0.791100 -0.995268 -0.520474 0.108126 0.308185 -0.144185 -0.028781 -0.574573 -0.680639 -0.633935 0.196202 0.722229 0.685758 0.184630 0.142860 -0.836637 -0.230593 -0.565159 0.600029 0.451431 0.999612 0.034652 0.292750 -0.702262 0.760641
-0.574363 -0.814288 -0.022877 0.078691 0.322977 -0.488611 -0.245483 -0.553000 -0.860958 -0.923029 0.564256 -0.800631 -0.376672 -0.561375 -0.301768 0.826188 -0.563980 -0.035844 0.005098 0.288598 -0.047379 -0.250643 -0.391231 0.532787 -0.275402 -0.237126
-0.521921 -0.954842 -0.717645 0.855693 0.705708 0.301738 0.947788 0.432147 -0.432578 -0.839505 0.014824 -0.171749 -0.729977 0.760148 0.014010 0.607326 0.657322 -0.835836 -0.637519 -0.731804 -0.720327 0.526904 -0.158992 -0.378095 0.067718 0.208237
0.717418 -0.539892 0.930940 -0.186580 0.226348 -0.211528 -0.065119 -0.129950 0.065792 0.662314 -0.892988 0.672965 0.228764 -0.533475 -0.271177 0.409301 0.514549 -0.039560 0.548822 0.845456 0.117709 -0.044221 0.738788 0.394252 0.879472 0.314613
-0.156331 0.449534 0.490078 0.332739 -0.985258 0.688301 -0.506688 -0.134204 -0.195591 -0.680216 -0.137441 -0.611287 -0.972278 -0.865401 0.237074 -0.131447 -0.714472 -0.160800 -0.416261 -0.510303 -0.124429 -0.818060 -0.768480 -0.102841 -0.976177 -0.031346
0.866256 -0.214517 0.287371 0.531708 -0.081416 0.647519 0.253607 0.402707 0.983501 -0.334048 -0.778592 0.811505 -0.500342 -0.028765 0.977774 -0.457510 -0.615251 0.740069 0.877695 0.710237 0.626330 -0.121189 -0.426946 -0.290066 -0.833061 -0.288324
0.759585 -0.539593 0.135672 -0.423271 0.557525 -0.321744 0.138368 -0.371222 0.343282 -0.774119 -0.630771 0.288274 0.846378 -0.552385 0.228488 -0.677246 0.064990 -0.737350 0.654420 0.902290 -0.876563 0.969834 0.349873 -0.202828 -0.392987 0.167269
-0.956344 -0.919900 0.453982 0.038517 -0.364834 0.721424 0.819156 0.857051 -0.627810 -0.118647 0.704682 0.272729 0.116514 0.731554 -0.496637 -0.277593 -0.471534 -0.571892 -0.123736 -0.935434 0.196303 0.736678 0.760720 0.588287 -0.708530 0.904709
-0.350725 -0.046149 0.259877 -0.171039 -0.641769 0.282655 0.093340 0.383611 -0.361173 0.922366 0.042831 0.861374 -0.817430 0.042753 -0.933807 0.170286 -0.245850 -0.155895 0.253636 -0.583887 -0.321321 -0.008558 0.593909 0.159956 0.285480 0.991270
-0.999029 0.534861 0.747313 -0.801253 -0.151641 -0.160991 0.856494 -0.683473 0.249372 -0.272191 -0.483412 -0.503972 -0.285163 -0.792481 -0.460892 0.029255 -0.203314 0.798767 0.128026 0.692648 -0.369271 0.922021 0.071528 0.614020 0.573619 -0.039362
-0.985070 0.733589 -0.864100 -0.764956 0.980808 0.748215 0.337110 0.433054 -0.998064 0.531168 0.844027 -0.968389 -0.730891 -0.019588 0.048021 -0.682971 -0.024454 -0.440256 0.415327 -0.788024 -0.001285 -0.108489 -0.807341 -0.763752 -0.563317 -0.339133

Bias w0 (Sa獮a):
-0.138558
0.076196
-0.058405
0.388615
-0.928139
0.172257
-0.780497
0.690437
-0.392405
0.307235
0.639251
-0.296751
-0.929743
-0.704498
-0.376781
-0.512867
-0.291924
0.812548
0.334199
-0.387885
-0.149665
0.227827
-0.403883
-0.020550
0.130633
0.229587
