Pesos v (Entrada -> Oculta):
-0.411885 -0.886707 -0.812932 -0.191324 -1.035258 0.660857 0.678891 -1.020224 -0.151847 0.895049 0.347675 0.008993 0.288387 0.734413 -0.366393 -0.906242 0.925950 0.942884 -0.695737 0.591390 -0.503177 -0.677845 -0.981538 0.449740 0.402107 1.032523 -0.891887 -0.248096 -0.076108 -0.447281
-0.897125 0.922768 -0.923818 -0.785901 0.688747 0.674281 -0.943679 -0.581811 -0.341920 -0.721147 0.895434 0.939357 -0.319008 0.348759 -0.999358 0.213080 -0.009379 0.278650 -0.486756 -0.554131 -0.578881 0.160681 0.791627 0.253268 0.619031 -0.977611 -0.138882 -0.207765 0.621895 0.408575
-0.861289 0.394561 0.917588 -0.809004 -0.011181 0.185603 0.350348 0.697974 0.419457 0.334731 0.034772 0.767783 0.100207 -0.645291 0.777875 -0.193782 0.693151 0.525819 -0.571632 0.682536 -0.500064 0.221185 -0.105934 -0.612912 -0.530386 0.088154 -0.084665 0.794066 -0.591306 0.161299
-0.709818 -0.096586 -0.597395 -0.016677 0.862794 0.106069 0.503972 0.743920 0.412216 0.576741 -0.874762 -0.208600 -0.176814 0.271535 -0.804184 -0.804902 -0.428640 -0.752152 0.543454 -0.169131 -0.336393 0.920535 0.276535 0.465591 0.386040 -1.052091 -0.152376 -0.252659 -0.784971 -0.090981
0.041999 -0.116189 0.391914 0.054995 -0.214652 0.787715 -0.982555 -1.062955 0.373240 0.336226 0.009127 0.824980 -0.390482 0.189222 0.153483 1.180973 -0.769216 0.450121 0.359390 0.539511 0.083672 0.668875 -0.746992 -0.732647 -0.286620 -0.856302 0.091126 0.523311 0.566596 0.661630
0.528788 0.178693 0.534981 -0.014957 0.540350 0.334246 -0.970031 -0.379940 -0.376336 -0.722322 0.752623 -0.033986 1.028627 -0.328825 0.125305 0.331788 -0.442761 0.236953 -0.808704 -0.652833 0.244610 -0.632274 0.583779 0.440072 -1.007072 -0.785039 0.443683 0.295681 -0.561680 0.528851
0.549468 -0.427167 0.382727 0.601184 0.563799 0.648228 0.050292 -0.531079 0.950855 -0.683669 -0.763274 -0.816997 -0.746814 0.134833 -1.056351 0.069551 0.149151 -0.613026 -0.015036 -0.972060 -0.178781 -0.248232 0.380030 1.124502 -0.768040 -0.819746 0.882677 -0.591849 -0.757460 -1.011987
0.659877 0.562634 -0.176987 0.744883 0.045471 -0.183681 -0.810041 0.515197 0.706528 -0.515582 -1.030502 -0.930651 0.009211 -0.704109 0.265035 -0.308719 -0.772618 -0.890811 -0.652678 -0.945520 -0.096689 -0.051387 0.161644 0.136999 0.321598 -1.147018 0.670271 0.213842 -0.602667 -0.277355
0.736073 0.763168 -0.296138 0.359743 0.627562 -0.412374 0.480812 0.732770 0.762974 -0.730428 0.355557 0.241158 -0.777526 -0.576140 0.110354 0.367015 -0.196776 0.911027 -0.838574 -0.487638 -0.929258 -0.115527 -0.626208 -0.822128 -0.018271 0.361371 0.040010 -0.801466 1.099858 -0.529787
-0.241092 -0.653618 1.049810 -0.524326 -0.702840 -0.883753 -0.431606 0.209129 -0.219286 0.964450 -0.365176 0.316270 -0.298763 0.773794 -0.946989 0.630805 0.449679 -0.668503 0.762922 -0.427162 0.590346 0.703253 -0.404012 -1.096225 0.521690 -0.071011 -0.525192 0.135064 1.093329 -1.017286
0.688414 0.166610 0.680228 -0.871627 0.511415 0.639603 -0.052835 0.342890 -0.810807 -0.783761 -0.471839 0.591148 0.324359 0.969307 0.662796 -1.071774 0.628502 -0.267126 0.732348 0.803104 -0.106220 -0.299245 -1.092690 0.567828 0.844754 0.649230 -0.567011 -0.370330 -0.722377 0.640671
0.728925 -0.489915 0.811074 -0.847083 -0.024362 0.832690 0.165640 0.225024 0.304117 -0.450645 0.929885 -0.463508 -0.039947 0.076353 -0.806640 0.403706 0.229833 -0.035611 0.785802 0.059426 -0.273853 0.059650 -0.335949 -0.893216 -0.305106 0.503042 0.264408 -0.679037 -0.618571 -0.566381
0.058677 -0.783012 0.053430 -0.041602 -0.961904 -0.425690 0.912583 0.791552 0.579839 -0.368428 -0.398316 0.116196 -0.102871 -0.155718 0.151060 -0.081059 -0.786683 -0.342982 0.769190 -0.293718 -1.085439 -0.442610 0.178383 -0.735585 -0.227217 1.016308 0.833586 0.411264 -0.872405 0.081505
-0.784577 0.238473 -0.535774 0.122091 -0.487960 0.233229 0.564734 0.159661 0.844145 0.079327 0.761666 -0.059063 -0.962520 -0.906004 0.278076 0.219033 0.629831 -0.331817 0.839667 -0.206919 -0.069647 -0.671784 0.937757 -0.038944 0.638348 1.029380 0.664085 -0.170277 0.488409 0.642385
-0.733659 0.125353 0.203156 -0.848804 -0.332431 0.428333 -0.898789 0.277676 -0.837171 0.077279 -0.241891 0.289959 -0.595991 -0.269314 -0.616226 0.071860 0.694809 -0.473662 -0.140139 0.580382 0.330889 0.024867 -0.017639 0.306839 0.660392 -1.019031 0.699525 0.663157 -0.125187 0.551246
1.010295 -0.171751 -0.955656 0.235737 0.593800 -0.118356 -0.566574 -0.463456 -0.759515 0.687059 -0.175592 0.231094 -0.800715 -0.410965 -0.343036 -0.910094 -0.605921 0.166786 0.415599 0.078306 0.130873 -0.364008 0.289761 0.859052 0.335064 0.240849 -0.622807 -0.164364 -0.977417 -0.744054
0.324536 0.176240 0.181242 0.822520 0.469715 -0.762107 0.036991 0.933361 0.869388 -0.625615 0.036250 0.181469 0.323579 0.773942 -0.383537 0.665989 0.589578 -0.355626 0.085932 -0.341236 -0.580637 0.871395 -0.534088 -0.083656 0.131862 -0.363612 -0.633533 -0.120256 0.037223 -0.949515
-0.357717 -0.438954 -0.792967 0.908605 0.215615 -0.868808 -0.595341 -0.532028 0.825975 0.366130 0.276869 1.465171 -0.845697 0.230962 -0.570723 -0.035766 -0.585460 -0.299216 -0.797551 -0.972956 -0.268000 0.569831 -0.243835 0.899749 0.731044 -1.244735 0.193164 -0.217967 -0.043656 0.848732
0.993681 0.747061 -0.574005 0.666933 1.115575 0.627464 0.501457 -0.585892 0.390591 0.685700 0.562121 0.819553 -0.299318 -0.048351 -0.101121 0.849870 -0.965414 0.067379 0.213066 0.285250 -0.423288 -0.623179 -0.201277 -0.435470 0.161772 -0.600154 -0.758677 0.062705 -0.587743 -0.139618
0.304333 -1.036148 0.655712 0.791139 1.205337 -0.090891 -1.005056 -0.237577 0.571663 -0.873663 0.258846 0.031782 0.366846 -0.629431 -0.074575 -0.410488 -0.919848 0.396569 -0.695118 0.420816 -0.459486 0.206533 0.188607 0.012597 0.527438 0.227932 0.100049 0.353972 -0.657802 0.364664
-0.829439 -0.208217 1.027630 0.048221 0.052054 0.263969 -0.661799 0.363068 -0.364004 0.769875 -1.329010 -1.256705 -0.564943 -0.763142 -0.114305 0.290030 0.487895 0.552954 -0.403572 0.751911 0.045453 -0.646849 -0.027439 -0.349346 -0.892247 0.628594 0.817201 0.138021 1.143700 -0.775883
-0.026633 0.017443 -0.044000 0.129342 -0.851015 0.702868 0.069898 0.244622 0.724319 -0.745135 -0.684729 -0.266758 0.504290 -0.049084 -0.261018 0.527430 -0.344336 0.592049 0.749151 -0.401207 0.347476 -0.773219 0.735797 -0.783462 0.448722 0.758800 0.206385 -0.198868 -0.687789 0.620458
-0.021173 -0.214111 -0.318711 -0.597462 0.146461 0.176954 -0.622312 -0.266811 -0.920605 -0.510773 -0.787013 -0.604663 -1.233934 0.054606 0.129639 -0.249928 0.501432 0.632516 0.979996 -0.901275 0.862982 0.280963 0.570579 -0.384821 0.312014 0.513471 -0.092122 0.706754 -0.498104 0.919524
0.342693 -0.339984 -0.493868 0.723325 0.795368 -0.367895 0.830294 0.731340 0.672359 -0.799717 0.672153 0.194235 -0.893615 0.719633 -0.736661 -0.561544 0.876616 -0.607845 0.485219 0.441286 -0.370065 -0.903418 0.155350 0.142027 0.290586 0.792344 0.511894 0.696816 0.912511 0.860993
-0.036186 -0.183187 0.657940 -0.672378 0.378161 -0.315583 0.260158 -0.973029 0.883768 0.929910 0.505421 -0.377404 -0.628074 0.599348 0.550470 0.247065 0.905465 -0.245843 0.032396 0.907070 0.090696 0.042115 -0.100975 0.391660 -0.428143 0.643649 -0.060854 0.051859 -0.000909 -0.671514
-0.630496 -0.786592 -0.273650 0.333518 -0.675198 0.118462 -0.507136 0.097183 -0.899300 0.793628 0.062616 -0.204327 -0.763913 0.108703 -0.279036 0.628384 -0.524661 0.569831 0.539409 1.016503 0.290629 -0.891944 0.098897 0.275749 -0.037568 0.737370 -0.904802 0.108238 0.149579 0.614878
1.170309 0.705465 0.605186 -0.233471 0.348994 -0.677322 0.857151 -1.004077 -0.423232 -0.881619 -0.183412 -0.955948 0.602674 0.125901 0.655462 -0.446849 -0.061604 0.586343 0.812553 0.635766 -0.439236 0.534553 -0.202072 0.555113 0.542063 -0.297422 0.603130 0.031216 -0.427761 -0.846036
0.130069 -0.556285 0.364458 -0.530234 -0.322667 0.587510 -0.682381 0.026373 0.728271 -0.444210 -0.535386 -0.108678 0.697092 -0.924216 0.313424 0.606678 -0.334226 -0.876230 -0.727483 -0.203535 -0.846751 0.636301 0.311107 -0.135798 -0.475089 0.121658 -0.717956 -0.760497 -0.351856 -0.664545
0.556696 -0.161927 0.817717 0.998029 -0.261154 -0.493558 -0.005966 -0.472347 -0.312518 -0.627441 0.639751 1.023807 -0.024323 -0.518124 -0.125919 -0.692479 0.903540 -1.140949 -0.279452 -1.063955 0.371354 -0.364195 0.071316 0.124011 0.355306 -0.579550 0.024110 0.396451 -0.255253 0.551701
0.634294 -0.477280 -0.765612 -0.009901 0.715508 0.820814 0.175390 -0.471429 0.216047 0.955050 0.277580 0.999355 -0.901178 0.817817 0.423037 0.544898 -0.582307 0.468731 0.011038 -1.006412 -0.274956 0.315523 -0.501095 0.438375 -0.264298 0.269472 0.420626 -0.090030 0.912896 0.400669
-0.262618 -0.657902 -0.511175 0.600249 1.098934 -0.256530 0.367565 -0.464298 0.805182 -0.161614 0.745153 -0.460259 0.055094 -0.745044 1.019965 -0.145017 -0.163568 -1.061915 -0.899279 0.149758 1.074711 -0.494347 0.254523 -0.656146 1.101401 -0.219861 -0.665005 -0.564286 0.650227 -0.269246
0.562979 -0.188448 0.082999 -1.039206 1.266798 -0.008613 -0.720781 0.855703 -0.046746 0.177774 -0.075233 0.868319 0.343037 0.559091 -0.215558 -0.141204 -0.703951 0.908597 0.051358 -0.715002 -0.059701 -0.313297 1.077723 0.260760 0.033980 -0.051032 0.089350 0.932030 -1.105716 -0.225167
-0.736091 0.891913 -0.238716 -0.961303 0.580851 0.171357 -0.090922 -0.559255 -0.248439 0.607412 -0.539842 0.738662 0.636148 -0.461680 -0.386976 -0.639358 0.654860 -0.797401 -0.798760 0.287356 -0.340293 -0.112778 -0.514203 0.841327 -1.044473 -0.368818 -0.487566 0.405149 0.786256 -0.363288
-0.587610 0.020702 0.552739 0.945777 -0.237936 -0.255084 -0.894048 0.775748 -0.099092 0.908167 0.154054 0.258543 0.041290 0.973479 -0.424188 0.159591 0.077379 -0.380030 0.716896 0.413029 1.060983 -0.702092 0.422058 -0.017546 0.098575 0.261947 0.247886 0.581509 0.406606 -0.829584
0.215670 -0.506208 -0.505659 -0.165635 0.048657 0.321696 0.016764 -0.488070 -0.878769 0.708923 -0.448211 -0.517403 0.911255 -0.866636 0.160601 -0.787931 -0.022507 0.257288 0.850227 1.043995 -0.913968 -0.286322 0.449627 -0.583188 -0.799064 -0.092950 -0.027213 0.443113 -0.225527 0.031106
-0.664696 0.401404 -0.555018 -0.101967 0.206968 -0.460218 0.434324 -0.977608 -0.822889 -0.933966 0.693537 0.661504 -0.216234 -0.618116 -0.415890 0.666597 -0.228922 -0.250130 0.360007 0.399468 0.032057 0.103337 0.837541 -0.091570 0.390830 0.316109 -0.182921 -0.202030 -0.022596 -0.813497
-0.869310 0.387581 -0.616963 -0.414866 -0.732555 0.474941 0.512006 -0.841715 -0.326445 0.667391 -0.583146 0.304452 0.117229 -0.708850 -0.201479 0.256452 -0.124450 -0.798577 0.311373 0.181076 -0.716595 0.723878 -0.202773 -0.352483 -0.716028 -0.012960 0.876913 -0.826099 -0.417936 0.639508
0.497484 -0.138226 -0.263933 0.890640 -0.746983 -0.860178 0.911420 0.661086 -0.022252 0.394704 0.612138 0.145961 0.880653 0.612424 -1.035524 -0.473742 -0.231610 -0.035456 0.358554 -0.581714 -0.794331 0.080520 0.896002 -0.541491 -0.516226 0.707056 -0.286526 -0.574812 0.417975 -0.632852
0.377046 0.797429 -0.050011 0.616927 0.500944 0.885741 0.481221 -1.003076 -0.068728 0.424452 0.098424 -0.576417 0.339802 0.824708 -0.017187 -0.551972 0.209597 0.841159 -0.031815 -0.540228 -0.176892 0.562063 0.142973 0.172389 0.775686 0.965095 -0.520988 -0.541618 0.783486 0.490572
1.125469 -0.629467 -0.573115 0.041635 -1.154209 0.830004 0.875947 0.933437 0.498744 0.544858 0.024174 0.185731 -0.426490 -0.295062 0.483146 0.739149 -0.403453 0.749791 0.615211 -0.794959 -0.174559 0.624274 0.146574 -0.638476 -0.372403 0.759546 0.461461 -0.282367 -0.541434 -0.520991
0.893305 0.217952 -0.233840 -0.647894 -0.540259 -0.927479 0.139465 -0.586151 0.491867 0.787627 -0.523704 0.194352 0.289732 0.189881 0.649563 -0.980252 -0.238039 0.869085 0.582194 -0.210014 0.971901 -0.963789 0.176053 0.711485 -0.595514 0.777759 -0.324807 -0.117481 -0.718005 -0.292417
0.503735 0.321448 0.297896 -0.417351 -0.229931 -0.597685 1.038384 0.448033 -0.958858 -0.170948 -0.626415 -0.696675 -0.153589 -0.470510 -0.525923 -0.617814 -0.395195 -0.534115 -0.796082 -0.250193 -0.842744 0.277735 -0.151189 -0.355695 -0.326806 -0.544285 0.878495 0.777715 -0.273856 0.727416
-0.824186 -1.082022 0.382876 -0.843636 0.185623 -0.836427 -0.410946 -0.057467 -0.813933 -0.054391 0.886810 0.310464 -0.635370 0.975778 -0.341559 -0.607348 -0.875236 -0.581353 0.884750 0.731204 -0.585654 0.295989 -0.088522 -0.517758 0.857424 -0.400687 0.208607 -0.834399 0.472500 0.743616
-0.884237 -0.154887 0.418434 -0.911923 0.408437 0.108452 0.719235 -0.466689 0.436224 -0.524106 0.845131 -0.692342 0.268229 0.588988 0.024830 1.061070 -0.232207 -0.616118 -0.146488 0.574222 -0.285566 0.829384 0.197386 0.511711 -0.585826 -1.101826 -0.028905 1.182690 0.557131 0.784788
0.914136 -0.248741 0.118489 0.119729 -0.628664 0.652538 -0.524767 -0.470960 0.983998 0.052404 0.284229 0.352528 0.795882 -0.383777 0.004121 1.085597 0.170627 -0.922515 -0.321076 -0.352329 1.269512 -0.163469 0.301606 0.284900 0.085869 -0.299400 -0.940576 1.031718 -0.345035 -0.784443
0.724603 0.450288 0.502405 0.186463 0.901401 0.956897 0.278195 -0.512178 0.243600 0.570503 0.571093 0.843992 -0.373622 0.527376 0.724210 -0.234359 0.525136 -1.030048 -0.131359 0.318153 -0.017924 -0.034603 -0.018565 0.071216 -0.207246 -1.647934 0.849895 -0.657909 -0.616201 -0.537189
-0.035497 -0.674980 0.010308 0.764739 -0.979351 -0.025061 -0.437231 0.226689 0.370325 -0.232800 -0.233638 -0.459761 1.054399 0.739457 -0.017886 -0.745024 0.132687 0.505440 -0.438923 0.758591 -0.370580 -0.664563 -0.159595 0.647919 0.321272 0.387170 0.170533 0.890884 -0.919175 0.474218
-0.752159 0.257105 -0.775500 -0.088269 0.177843 0.446476 -0.653360 -0.079523 -0.612423 -0.723543 0.791335 0.458404 -0.044347 -0.353615 -0.311629 -0.032885 0.453905 0.321877 -0.239705 0.554439 -0.247145 -0.586265 -0.970206 0.504337 0.065204 -0.656910 0.414977 -0.650753 -0.520668 -0.067570
0.457519 0.434773 -0.861671 0.212954 0.435779 0.657217 -0.174748 0.155708 0.827665 0.838285 0.167500 -0.899287 0.090460 0.987033 0.899774 -0.336243 0.347322 0.859428 0.823315 -0.470829 -0.313492 0.116197 -0.923427 -0.518704 0.290796 0.437258 -0.550231 -0.310054 0.976613 -1.000680
0.551403 -0.797074 1.045222 -0.412277 0.320828 0.403066 -0.832934 -0.136266 0.842589 0.717417 -0.063694 -0.290447 -0.884010 0.935791 -0.454004 0.243060 0.798885 1.010296 0.414459 0.432144 0.135958 -0.699897 -0.741083 0.145908 -0.665884 0.528356 0.681730 -0.159646 -0.105619 -0.544393
-0.874094 -0.788053 0.232497 -0.466370 0.607190 -0.308751 -0.558461 0.698382 0.385975 -0.609890 -0.508733 -0.371787 0.522076 0.135555 -0.541260 0.965372 0.282991 0.543480 -0.467586 -1.003578 -0.172721 0.321290 0.333547 -0.323743 -0.820377 0.742199 -0.759975 0.449505 -0.585052 -0.061270
0.505475 0.076330 -0.559185 0.909722 -0.443631 0.045827 -0.436248 0.728692 0.841239 -0.049268 0.293184 0.403080 -0.529006 0.071563 -0.840639 0.456215 0.409875 0.404032 0.566104 -0.468774 -0.226932 0.187771 0.349171 -0.236181 0.983065 0.468613 0.453074 0.163514 -0.496565 0.646190
-0.448985 -0.127845 -0.692715 -0.088850 0.286014 0.422076 -0.820618 -0.717857 0.741658 -0.578485 -0.056736 -0.877378 -1.128889 -0.238580 -0.789104 0.404383 0.398368 -0.330586 -0.985098 0.433982 -0.440154 -0.896224 0.660895 0.219787 -0.114154 1.129006 0.532770 -0.376788 0.691924 0.663306
-0.772500 -0.274321 0.000975 -0.897963 -0.964347 -0.602962 0.911236 -0.128433 -0.588883 0.017269 -0.220121 0.812108 -0.100072 -0.477464 -0.751613 -0.532272 0.932999 -0.746854 -0.845155 0.825998 0.152221 -0.525052 -0.589155 0.488152 0.008507 1.152562 -0.682877 0.317811 0.257720 -0.926364
-0.039069 0.686343 -1.088684 0.582773 -0.452194 -0.203602 0.980352 -0.836407 -0.208929 -0.044157 -0.331771 0.178461 -0.352625 0.761586 -0.228348 0.477054 -0.183938 0.869828 -1.086078 -0.530844 -0.727521 0.945045 -0.556075 0.854381 -0.804028 0.132426 -0.590206 -0.738506 1.114965 -0.636439
0.137822 0.173842 0.018396 -0.721610 -0.028434 0.016543 -0.875996 0.681621 0.070903 -0.405612 -0.131749 0.617417 -0.103932 -0.411411 0.691809 -0.017224 -0.845182 -0.080117 0.721685 -0.021984 -0.098226 0.508381 0.528605 0.676230 0.483701 -0.627947 -0.376323 0.678081 -0.005521 0.667019
-0.502862 -0.199361 0.500393 0.182403 0.469292 0.584284 0.456586 -0.473585 -0.492637 0.523939 0.783920 0.791760 0.754588 -0.474535 -0.360014 0.752487 0.927636 0.409141 -1.079617 -0.168433 1.013634 0.016400 0.429416 0.828368 0.382017 -0.093008 0.593514 0.892706 0.052535 0.398288
0.124732 -0.927082 0.965168 0.354139 0.500243 -0.089121 -1.242010 -0.585625 -0.238887 0.020887 0.740165 -0.213726 -0.013774 -0.172722 0.346766 0.875314 -0.030824 0.575043 0.382956 -0.761412 1.121501 0.065243 1.024278 1.052593 0.183149 0.555699 -0.607315 0.965183 -0.528447 -0.629322
-0.583806 -0.329199 -0.952565 0.515398 0.850090 0.168767 -1.057758 0.229825 0.370822 0.516527 0.156746 -0.061771 0.201465 0.774851 0.743121 0.173306 0.824279 0.805547 0.156639 0.290605 -0.475909 -0.310033 0.412743 -0.727394 -0.182955 -0.774565 -0.646497 -0.330146 0.033500 -0.518458
0.882575 0.243017 0.051093 -0.332717 0.884846 0.842506 -0.843205 -0.027831 -0.809385 0.459857 0.945383 -0.020878 0.198046 0.354510 0.726778 0.053021 -0.752655 0.661246 0.846153 -0.922322 -0.068042 -0.904202 -0.068482 0.906596 0.544734 -1.076013 0.966098 0.090533 -0.291538 -0.619308
-0.246428 0.776001 0.870932 -0.521334 0.137362 0.938421 -0.603448 -0.970409 0.144632 -0.008933 0.187910 -0.834523 0.258890 -0.822333 0.391728 0.763442 0.233925 -0.202761 -0.860372 0.474357 0.030581 0.688083 -0.231548 0.277034 -0.149338 -0.735910 -0.838343 0.930617 -0.519722 -0.846286
0.469785 0.804387 -0.538957 0.903489 -0.828027 -0.716717 -0.823633 -0.290478 0.841647 0.832510 0.408412 0.704119 -0.772138 -0.575748 0.808911 -0.122158 0.063746 -0.222735 0.111057 0.306007 0.624871 0.529938 -0.456439 0.164065 0.753326 0.415115 -0.154205 0.998639 0.132359 0.312437
0.548629 0.376698 -0.074275 -0.312315 -1.059693 -0.063158 -0.820194 0.475987 -0.475690 -0.882662 -0.965206 1.198545 -0.259486 0.832010 -0.205961 0.974157 -0.625862 -0.472276 -0.665211 -0.001324 -0.249742 -0.184086 -0.365058 0.083454 0.594739 0.350685 -0.426307 -1.132451 0.328735 -0.365712
0.070310 -0.732889 -0.948078 -0.683844 -0.263783 0.711594 -0.727748 -0.614248 -0.293810 -0.147567 -0.806022 0.101764 -0.341096 -0.019294 -0.425729 0.649871 0.711696 -0.634652 -0.462188 -0.699537 0.110374 -0.305070 0.222173 -0.327675 0.478671 0.435760 0.995997 0.172512 0.546198 0.432818
-0.794705 0.027385 0.584871 0.461223 0.040682 -0.645413 0.729766 0.607646 1.130855 0.929926 -0.395656 0.612498 0.312042 0.770578 0.204899 0.805698 -0.288094 0.882752 0.253904 -1.173055 -0.035799 0.346633 -0.911481 0.816983 -0.407871 0.090250 0.556265 -0.270966 0.671940 -0.349445
-0.218685 -0.512892 -0.639495 -0.135692 -0.763691 0.126917 -0.041880 0.282286 -0.786636 -0.092633 -0.248155 -0.788596 -0.124975 -0.434479 -0.741998 -0.878301 0.261080 -0.819340 -0.746759 0.590611 -0.263138 0.389668 -0.008992 -0.495491 0.580827 0.755934 0.632946 -0.017427 0.517008 0.656469
-0.652611 0.647616 -0.532052 0.168890 1.101768 -0.038113 1.014842 0.901627 -0.408157 -0.304741 -0.322472 0.591216 0.092435 -0.039322 -0.281476 0.207979 -0.982311 0.434401 0.691704 -0.127067 0.184870 -0.198731 0.546136 -0.285206 0.779200 0.186908 0.541616 0.232921 1.027919 0.262180
0.619837 -0.659103 -0.740556 0.748257 -0.680698 0.375327 1.005100 0.112964 0.268156 -0.528461 0.963934 0.232115 0.534202 -0.215997 0.958077 -1.033925 -0.895957 0.813947 0.828214 -0.532450 -0.396038 0.903658 -0.564952 -0.775328 -0.794209 -0.431496 -0.045857 0.375501 -0.903539 -0.984341
0.038909 -0.198339 0.812969 0.582987 0.031531 -0.285833 0.035668 -0.528917 -0.872621 0.850177 -0.690201 -0.923048 -0.939490 -0.877947 0.238139 -0.654288 -0.966279 -0.057239 -0.531996 -0.323426 -0.436060 0.229928 0.884296 0.673136 -0.447326 -0.094059 -1.010433 0.138295 -0.522401 0.402873
-0.742313 0.281765 -0.813846 0.487850 -0.694641 -0.880561 -0.824833 -0.849639 0.027988 -0.724003 1.024801 -0.645830 -0.108514 -0.822931 0.025862 1.218377 -0.918013 -0.367810 -0.979912 -0.530839 0.453214 -0.345923 -0.542236 -0.191534 -1.033712 0.109437 0.601106 -0.520708 -0.444763 0.328837
-0.852821 0.404970 -0.897694 0.410910 -0.118852 -1.024089 -0.942032 -0.088527 -0.645064 0.962631 0.798941 -0.067312 0.410747 0.582206 0.748750 0.880573 -0.177500 0.695328 -0.150328 0.267210 0.552755 -0.460843 0.092380 0.809276 -0.136873 -0.405553 -0.252664 0.756783 -0.996214 0.836550
0.430725 0.659397 -1.006503 0.626435 -0.986754 0.748373 0.419788 -0.036378 0.802653 0.952711 -0.190737 0.632989 0.456885 -0.146288 -0.970512 -0.718506 -0.427442 -0.015878 0.033552 0.726018 -0.172840 -0.682491 0.622833 -0.788994 0.302333 0.121387 0.363195 0.220261 0.576026 0.212618
1.011012 -0.035955 0.860918 -0.432407 0.091959 0.415436 0.335278 -0.188464 0.864098 -0.676917 -0.276254 -0.704357 0.949053 0.104813 0.041408 0.777638 0.017927 0.432042 -0.607882 -0.626051 0.474905 -0.811100 0.438054 -0.448084 0.800258 -0.873572 -0.716443 1.061956 -0.157922 0.814877
0.394289 0.851210 0.075067 -0.893916 -0.280352 0.305414 -0.531005 0.611521 0.895301 -0.574557 0.524437 -0.281805 -0.708163 0.396816 0.477176 0.106172 -0.711011 0.892615 0.344508 0.655724 -0.731224 -0.061603 0.747261 -0.061048 -0.163243 0.273978 0.060631 -0.579723 0.369353 -0.016031
0.341060 0.912419 0.341644 0.717525 -0.418607 0.097710 -0.005012 -0.021462 -0.379211 0.405130 0.600723 1.214547 0.341461 -0.084608 0.796908 -0.306789 -0.418846 0.469300 0.793428 0.041199 0.674532 -0.939204 0.257471 0.309447 0.592029 0.115715 -0.305763 -0.351501 -0.285611 -0.467593
-0.089979 0.122971 -0.914822 0.412630 0.241434 -0.460154 0.366633 0.690185 0.241808 -0.264722 0.853288 1.023815 -0.136401 0.685619 0.157186 0.815361 0.741516 0.144483 0.368676 0.132948 -0.598237 0.148539 0.687710 -0.190010 0.085253 -1.027026 0.612443 0.548386 0.265894 -0.490434
0.958215 -0.231959 -0.596369 -0.377581 -0.416053 -0.510421 -0.117858 -0.164093 -0.426532 0.555517 -0.455639 -0.488292 0.870274 0.958835 0.300257 -0.557218 0.688024 -0.090115 -0.862052 -0.393977 -0.017868 -0.538165 -0.784847 -0.894064 0.760757 0.052309 0.917800 -0.291046 0.758753 -0.176317
0.543091 0.167760 -0.265868 -0.495651 0.669135 0.090561 -0.764351 0.189003 0.843389 -0.558731 -0.763188 -0.288123 -0.531427 0.217433 0.671999 -0.598987 0.186229 -0.799941 -0.454063 0.250415 0.729360 -0.590236 -0.222802 0.051846 -0.465083 0.157303 -0.717637 -0.442975 -0.254937 0.660522
0.055776 0.692943 -0.900166 -0.199100 0.028444 0.086164 -0.573759 -0.131785 -0.256825 0.935004 0.005046 0.725682 -0.378412 0.346063 -0.567463 -0.838829 0.005368 0.078753 -0.727871 0.701052 -0.350090 -1.007980 -0.357340 0.734378 0.251041 -0.476524 -0.370510 -0.561608 1.001145 -0.913245
0.811489 -0.680434 -0.068517 0.571545 -0.560494 -0.552001 -0.813016 0.897478 -0.170742 -0.549058 -0.070755 -0.410903 0.226928 0.949493 -0.481007 0.049908 -0.580357 0.417013 0.792876 -0.745343 -1.025323 0.818651 -0.154465 -0.180773 -1.013087 -0.101161 -0.015367 -0.098090 -0.074486 -0.343215
0.617085 0.346423 0.719149 0.594724 -1.005845 -0.201057 -0.363962 -0.929389 -0.289837 -0.590695 -0.814946 -0.743351 -0.565075 -1.001489 -0.880376 0.471156 -0.150720 -0.617738 0.841480 -0.356513 -0.497749 -0.821952 0.600316 -0.490864 0.426016 -0.007802 0.957018 0.803669 -0.875107 -0.602367
-0.424372 0.212176 -0.727180 0.915004 0.056209 0.278098 -0.606477 -0.587312 1.157134 0.767857 -0.715809 -0.343367 -0.612011 0.825924 0.960417 -0.565726 -0.602791 -0.940211 -0.182136 0.723789 -0.375821 0.584658 0.029851 -0.633120 -1.008919 0.657471 -0.924096 -0.179486 0.545767 0.722088
0.149578 -1.091808 0.952620 -0.784107 -0.785177 0.311643 0.595500 0.434141 0.085043 -0.858683 0.593131 -0.049196 -0.411324 -0.457328 0.563042 0.199403 0.428384 0.628382 0.816162 -0.896602 1.010888 -0.814449 0.732801 -0.127291 -0.355378 -0.189621 -0.733950 0.645022 -0.061542 -0.016124
-0.796550 -0.988166 -0.362299 -0.337301 0.145350 0.521432 -0.678657 0.441913 -0.271867 -0.777120 0.246393 -0.905151 -0.060419 -0.334379 -0.573661 0.897966 0.528687 -0.269559 0.058090 0.746275 0.285838 0.025819 0.579130 -0.010923 0.719805 0.370749 0.730025 -0.394887 0.586181 -0.113607
0.399222 0.120914 -0.412355 -0.133302 -0.984648 -0.577711 -0.539070 -0.404521 -0.961740 -0.215488 -1.011695 0.487131 -0.189515 -0.143669 -0.902128 0.357681 0.450587 0.300205 -0.886081 -0.758843 -0.422388 -0.856716 0.545675 0.707187 -0.410408 -0.407754 0.416824 -0.797311 -0.355733 0.917716
-0.195232 -0.414910 0.851857 0.205565 -0.569314 0.318980 -0.158139 0.046475 0.772093 0.460815 -0.291501 0.564216 -0.027401 -0.688822 0.467913 -0.609242 0.686919 -0.119349 -0.565815 0.348142 0.106103 0.268135 -0.432664 -0.443009 -0.115512 -0.057222 -0.097406 -0.524579 1.055037 0.077249
0.410265 0.723857 0.779947 0.901880 0.328077 0.252647 0.519299 -0.071786 -0.178374 -0.205640 -0.780480 0.017686 0.017128 0.073537 0.291459 -0.756993 0.423668 -0.125019 -0.909115 0.435680 0.823802 0.509920 0.190572 0.299795 0.129988 -0.079206 -0.626016 -0.222978 -0.629906 -0.847018
1.115757 -1.087112 0.565745 -0.098557 -0.967120 -0.015074 -0.693977 -0.843820 -0.446051 -0.589494 -0.512676 0.788618 0.201993 -0.921408 -0.870046 0.522617 0.359081 -0.286909 0.973051 -0.151793 0.580931 -0.835200 -0.062716 0.141935 0.093830 -0.179842 -0.226933 0.599138 0.702379 0.668547
0.879889 0.643602 0.812149 0.096396 0.148108 0.454245 0.191487 -0.318797 0.012942 0.563793 0.199811 -0.697467 -0.634989 -0.152566 0.333693 -0.672788 0.116867 0.418893 -0.355392 0.257149 -0.280586 0.833505 -0.070405 0.086694 -0.825718 -0.559989 0.848396 0.354505 -0.717787 -0.705725
-0.634118 -0.392519 0.128424 -0.585497 -0.960497 0.533954 -0.155963 0.712266 1.179185 -0.876806 -0.309407 -0.485007 -0.395026 0.372638 -0.030135 0.879151 0.364092 -0.490663 0.402405 -0.526991 0.651111 0.062641 0.625869 -0.522542 -0.406947 -0.216112 0.573445 0.111472 -0.578858 -0.864359
0.076682 0.678032 0.332511 -0.349516 0.254915 0.925303 -0.411665 -0.897298 -0.544926 -0.881179 -0.145856 0.445981 0.537448 0.076656 0.688490 0.703575 0.324597 -0.020698 -0.603273 -0.149624 0.860170 -0.447639 -0.022286 -0.441651 -0.659427 -0.308884 -0.322787 -0.687127 0.320580 -0.435013
0.802230 -0.753669 -0.934388 -0.234374 0.985419 -0.518438 0.815374 0.443815 0.369065 0.620341 -0.425499 -0.596859 1.387614 -0.844552 -0.362538 -0.109564 -1.019161 -0.912298 0.409391 0.282182 0.967746 0.110528 0.306025 -0.682997 0.218706 -0.940540 -0.064179 0.905209 0.329052 -0.518062
0.567179 -0.880995 -0.128578 0.663909 -0.303848 -0.599364 -0.160796 0.053718 0.021432 0.154566 0.144245 -0.343849 -0.341407 0.500230 -0.090930 0.454296 -0.294654 0.103058 -0.749319 -0.384857 0.683359 -0.687205 0.305524 -0.842877 0.835119 -0.339065 -0.650318 -0.531676 -0.822460 0.067760
-0.371145 -0.806416 -0.967398 -0.263703 -0.232216 0.671639 -0.672631 -0.663572 0.384976 0.638225 -0.634024 0.084878 -0.662541 0.160329 -0.703626 -0.060581 -0.250995 0.472852 -0.768557 -0.853534 -0.339728 0.879943 0.036141 1.019839 -0.535765 0.474212 0.404449 0.459803 -0.701726 -0.691226
0.691612 -0.729097 1.007972 0.841704 -0.975742 0.541034 -0.596358 0.052123 -0.209518 0.905684 0.355057 -0.383567 -0.059125 0.018767 -0.389892 -0.567004 -0.676232 0.880391 -0.671278 0.263877 1.029736 0.439304 -0.966945 0.548428 0.591417 -1.056434 -0.027174 0.794020 -0.722602 -0.726721
-0.826932 0.858893 -0.416276 -0.387436 0.655039 -0.628757 -0.890882 0.603486 -0.146577 0.380358 0.385624 0.193666 -0.402019 0.255806 -0.973958 0.614345 -0.936483 -0.966873 0.564567 0.411913 -0.205693 0.151356 0.203217 0.706286 -0.637156 -0.146047 0.905478 -0.476593 0.884281 0.245893
-0.279350 -0.859189 -0.920877 -0.334899 -0.706136 0.333741 0.097935 -0.398333 0.309160 0.283809 -0.645170 0.249224 0.286874 0.262961 -0.165827 -0.882537 -0.084178 -0.047711 -0.393864 -0.245615 -0.278147 0.188984 -0.504655 -0.028388 0.155791 0.586272 -0.892417 0.928634 0.848637 0.498644
-0.211774 0.797291 0.649685 0.126077 0.903910 0.303273 -0.103136 -0.016107 -0.550657 0.864561 -0.529355 0.930204 -0.592612 0.218715 -0.191735 0.792252 0.293044 0.052974 0.864505 0.749707 -0.156759 -0.624987 -0.320439 -0.862300 -0.333059 -0.785122 0.981583 -0.518057 -0.497565 -0.540412
-0.389009 -0.984251 0.011569 0.354307 0.645671 0.123002 -0.053427 0.657670 0.847263 0.357760 0.849348 0.030195 0.590290 0.680393 -0.581370 0.741274 0.257195 0.738753 -0.541519 0.755067 0.128544 0.484720 -0.770590 0.130174 -0.047307 -0.145462 0.028054 0.173749 -0.143826 -0.544129
-0.074052 -0.668304 0.592687 0.372364 0.586242 -0.569223 0.504215 -0.413481 -0.638919 -0.898380 0.668208 0.289881 0.155181 -0.917576 0.943682 1.030405 0.374939 0.175359 0.370297 1.043347 -1.046704 0.162022 -0.035014 -0.705287 0.263246 0.407955 0.551482 -0.793622 0.385414 -0.351676
0.031922 -0.619084 0.637923 0.941452 -0.601173 -0.545576 0.878999 0.116307 -0.313071 0.898454 0.092536 -0.665874 0.276638 0.522898 0.931520 0.146245 0.175909 0.957118 0.455597 0.458846 -1.105476 0.711171 -0.379202 0.537949 0.919254 -0.905903 -0.412127 -0.618572 -0.572603 0.799542
-0.066830 0.813442 -0.036050 0.285779 0.632036 0.602208 -0.044946 0.814499 -1.147158 0.873600 -0.890689 -0.328668 -1.146689 0.053862 0.813294 0.033660 0.369502 0.343578 0.476770 -0.714404 -0.220063 -0.151153 0.138957 0.788735 -0.412731 0.282213 -0.784147 -0.104146 -0.348007 -0.084588
-0.904826 -0.597925 -0.253412 -0.543787 0.621207 0.319018 -0.083059 -0.306944 0.142141 0.187621 -0.065192 -0.319704 -0.756428 -0.047035 0.114074 -0.401248 0.111700 0.509767 0.413202 -0.052250 -0.877395 0.672403 -0.957800 -0.932533 -0.833296 0.074660 0.410674 0.598763 0.173266 0.609540
0.407664 0.108863 -0.418278 -0.241931 0.973614 0.920903 0.827621 -0.380148 -0.532993 -0.963886 0.411712 -0.427199 -0.370780 0.690579 -0.774719 0.384586 0.620240 0.730757 -0.364310 -0.427748 1.033938 -0.092226 -0.697189 0.778079 0.016553 -0.900878 0.761319 -0.311440 1.045648 0.838843
1.020186 -0.622981 -1.004279 -0.094554 -0.442947 -0.100680 -0.325453 0.914546 1.042134 0.425624 0.834462 -0.153600 -0.025661 0.992629 -0.835061 -0.059507 0.571360 -0.877804 -0.457543 0.878226 0.426687 0.757105 0.840826 0.883200 0.375118 0.463558 0.583784 -1.137608 0.582835 0.147767
-0.843781 -0.905674 -0.546807 -0.256114 0.616929 -0.260522 0.960072 -0.182979 -0.973622 0.920403 0.506968 0.618906 -0.584851 0.442206 0.866928 -0.339200 1.119739 0.160629 0.342368 1.033560 0.849619 -0.198558 0.248384 -0.596789 -0.495949 0.388811 0.261305 0.242849 -0.662720 0.488731
0.137541 0.115448 -0.147434 0.305170 -0.927639 -0.362156 0.884828 0.785675 -0.289164 -0.779039 -0.111399 0.988903 0.098445 -0.058486 -0.093059 -0.290275 0.151909 0.322423 0.890692 -0.378911 -0.019537 -1.012895 -0.116058 -0.182105 0.452465 0.583622 0.669116 -0.245724 -0.112466 0.993234
-0.049090 -0.434168 -0.960216 -0.722604 -0.932514 0.967589 -1.040442 0.411633 -0.370604 0.240145 0.113320 0.386452 0.769752 0.351870 0.814482 -0.588098 -0.057157 -0.479504 0.129598 0.135116 -0.312090 -0.572495 -0.326905 0.791147 0.021558 0.304213 -0.989563 0.524141 0.302041 0.335821
-0.967877 0.419505 0.362852 -0.051138 0.007130 -0.405563 0.907632 0.355315 0.116221 0.697707 0.469790 0.517203 0.279216 -0.722161 0.762650 -0.542276 -0.359495 0.554642 0.702320 -0.025678 0.146088 0.573030 -0.674055 -0.054784 0.284925 -0.081680 -0.445615 -0.586395 -0.863423 -0.651895
-0.877500 0.558631 -0.669528 0.720215 -0.129645 0.684048 0.643880 -0.563238 -0.472410 -0.198475 0.004063 -0.076888 -0.395853 0.506368 0.738211 0.117430 0.325581 -0.441228 0.228629 0.284454 -0.109463 -0.308440 -0.133364 0.568045 0.180650 -0.294175 0.604343 0.170152 0.758783 0.971093
-0.616151 -0.121717 -1.030350 -0.255864 -0.889669 0.316829 -0.065992 -0.724544 1.014042 0.185597 -0.895125 -0.182040 0.845425 -0.586942 0.801053 0.908403 0.433042 0.421271 -0.315705 -0.514203 -0.127440 0.174101 0.564009 -0.728937 -0.989203 0.162635 0.645897 0.556852 -0.477123 0.270135
0.374108 -0.512154 0.497547 0.251661 0.877736 0.516200 -0.943217 0.777840 -0.579723 -0.073447 -0.037772 0.316536 -0.048909 0.253535 -0.493898 -0.328563 0.519899 0.425788 0.684456 -0.927506 -0.745671 0.026389 0.736937 -0.066791 -0.680702 -0.620031 -0.225408 0.036241 -0.843932 -0.185196
-0.967578 0.531904 0.499850 0.035851 -0.543894 -0.416172 0.222043 -0.260869 -0.475550 0.931235 -0.600976 0.717230 -0.163556 0.865032 -0.828981 -0.114847 -0.474876 0.083182 -0.359971 0.942492 0.096243 -0.346115 0.210751 0.112738 -0.271876 0.391280 0.198291 0.014918 -0.480314 -0.298254
0.019676 -0.163734 0.734849 -0.383047 1.026581 -0.445527 0.089997 -0.172524 -1.147980 -0.483715 -0.272221 0.130221 -0.499575 -0.238816 -0.693856 0.869895 0.702131 0.271210 0.977504 -0.277949 -0.045810 0.175380 -0.174498 -0.345071 0.276037 0.234708 0.185426 -0.190654 -0.647366 0.073514
-0.585339 1.101732 -0.471177 -0.028095 0.111735 -0.448378 -0.977481 -0.459631 0.083459 0.092036 0.712618 -0.154506 0.443840 -0.483482 -0.909894 -0.782752 0.272563 -0.061174 1.125956 0.926029 -0.459406 -0.340108 0.670967 0.817789 -0.106439 0.679989 -0.265358 1.050065 -0.433216 0.242321
-0.190700 -0.265065 -0.860038 -0.516762 0.389568 0.171717 -0.808869 -0.267352 -0.814130 -0.663287 -0.071114 0.365060 -0.113377 0.212801 0.150292 -0.537033 -0.534009 -0.193119 0.457357 -0.517811 0.575601 -0.497636 -0.002705 0.669310 -0.237399 0.553592 0.663137 -0.089007 0.329337 0.267066
-0.246541 -0.926703 0.315575 0.696680 0.288592 -0.934592 0.798307 -0.282707 -0.386996 0.186131 0.312600 -0.227054 0.735252 0.553597 -0.453823 0.400258 -0.213151 0.275892 0.411534 -0.004877 -0.303470 0.755437 0.306750 0.761944 -0.411439 0.615624 0.358695 -0.292936 0.823254 0.166251
0.830107 0.844266 -0.099837 -0.205842 -0.816211 -0.742614 0.853130 0.200751 -0.587789 0.204923 -0.017451 0.681884 0.967245 -0.494518 0.246988 0.487419 0.223287 0.928861 -0.543092 -0.486797 0.440163 -0.146656 -0.445285 0.582504 -0.017641 -0.814138 0.909636 -0.229833 -0.691039 0.638551
0.769359 -0.819677 0.755525 -0.759538 0.436712 0.564024 -0.472237 -0.622757 0.104610 0.831671 -0.354026 0.928795 0.790962 0.598874 -0.978367 0.508247 0.477386 -1.022624 -0.295747 -0.815708 0.916416 -0.991855 0.921272 -0.360484 -0.450805 0.720553 0.660293 -0.728352 -0.351326 -0.403204
-0.692285 0.349842 -0.167574 0.860668 0.717778 0.962685 0.154212 0.753737 -0.969715 0.792876 -0.759803 0.177900 -0.381081 -0.153784 0.582579 0.123510 0.610479 -0.433220 -0.759637 -0.391623 0.132657 -0.900146 -0.913389 0.332033 -0.864739 -0.315661 0.022349 -0.552412 -0.864124 0.969265

Bias v0 (Oculta):
-0.498980
0.707227
-0.256155
0.289246
0.674552
-0.197121
-0.474606
0.470669
-0.216435
-0.008225
-0.697570
-0.043774
-0.318122
0.775330
-0.372337
0.957883
-0.317542
-0.524696
-0.585011
-0.461944
0.642019
-0.980372
0.037530
0.998155
0.912061
-1.099349
-0.559014
0.030023
0.193451
-0.572337

Pesos w (Oculta -> Sa獮a):
1.032051 -0.976037
-0.414267 0.412689
-1.415397 1.563512
0.097757 -0.303586
2.006763 -1.759492
0.089011 -0.391286
-1.351459 1.513061
-1.115902 1.327593
1.128468 -0.879088
0.058435 0.602624
1.038922 -1.225233
1.240596 -1.374297
1.216127 -1.192464
0.554815 -0.270364
0.641750 -0.793282
1.200761 -1.012654
-1.289211 1.423376
-1.222783 0.911939
-0.627373 1.137419
-0.902108 0.849008
1.284101 -1.204864
0.164726 -0.453563
0.320695 -0.664417
1.223559 -0.764094
-0.275655 0.444717
-3.039379 3.164661
0.332773 -0.392559
1.038272 -1.132998
-1.328771 1.024881
0.504412 -0.506539

Bias w0 (Sa獮a):
-0.358324
-0.679539
