Pesos v (Entrada -> Oculta):
0.256459 -0.000391 -0.806124 0.029010 -0.152979 0.951819 -0.367416 0.612205 -0.606428 -0.054263 -0.678915 0.684361 0.642888 0.373399 -0.295257
-0.536230 0.919523 0.876805 -0.626470 -0.464472 -0.635273 0.411226 0.750550 -0.650154 0.242429 0.342585 -0.140092 -0.523049 -0.871955 0.478495
0.081342 -0.354634 -0.636705 0.382366 -0.854336 -0.519240 -0.269469 0.706130 -0.488156 0.649721 -0.060519 0.812065 0.405575 -0.015228 0.414497
-0.590014 0.452049 -0.178180 0.924935 -0.185815 -0.629691 0.339747 -0.356682 -0.312008 0.371515 -0.604667 0.138621 -0.092079 -0.919673 0.542877
0.455472 0.116533 0.610645 0.176700 -0.258886 0.596038 -0.741605 0.444739 0.456065 0.149710 -0.889998 0.030522 0.939964 0.293058 -0.488484
-0.377930 0.612959 0.153284 -0.787715 -0.434116 -0.611927 -0.185174 -0.375106 -0.295794 0.766949 -0.159704 0.916469 0.543853 0.397005 0.213280
0.601247 0.800441 0.109847 -0.911285 -0.227528 -0.923987 -0.169925 -0.905563 -0.668040 -0.885993 -0.491409 0.043672 0.392560 -0.035712 -0.873829
0.842938 -0.369007 0.104073 -0.071128 0.237208 0.576569 -0.249864 -0.655487 -0.275264 0.070823 -0.650664 0.073528 -0.587168 -0.997262 -0.084070
0.144137 0.697478 0.633152 0.594733 0.860785 -0.810197 0.567503 -0.109748 0.792196 0.122737 -0.996024 0.464880 -0.521488 0.216460 0.847986
-0.389218 -0.983517 0.014895 0.495326 0.204419 0.498822 0.632345 0.900067 0.100666 -0.378065 -0.408095 0.894660 0.109275 0.023403 -0.460960
0.134129 0.064480 -0.962561 0.882829 0.343318 -0.319759 -0.489992 0.037350 0.412231 -0.924965 0.729467 -0.956333 0.476399 0.805386 -0.391099
0.752767 0.076505 0.932987 -0.495641 0.076476 -0.243201 -0.217535 -0.506654 0.026921 0.113437 0.599782 -0.229857 -0.299570 -0.206659 0.408458
0.405776 -0.762397 0.309432 -0.068445 0.114432 -0.513405 -0.988856 0.159469 -0.141192 -0.760757 -0.672508 0.922826 -0.569744 -0.697991 -0.515843
0.048363 0.093024 0.517230 -0.284766 0.648269 -0.438171 -0.712199 -0.297048 0.035976 0.639379 -0.932441 0.290789 0.858518 -0.694480 0.765745
0.494826 0.883244 0.657147 -0.860854 0.808123 0.498781 0.046571 0.587146 -0.525313 0.878589 -0.406908 0.255826 -0.887497 -0.521510 -0.807918
-0.748910 0.479398 -0.352149 0.910347 0.930939 0.736425 -0.270622 -0.444798 -0.246589 -0.514511 0.566686 0.497670 -0.642334 0.323713 0.405654
0.337712 0.043734 0.763595 0.747662 -0.428420 0.805373 -0.061976 0.945504 -0.147633 0.288348 -0.296727 0.288184 -0.734426 -0.360278 0.081173
-0.741459 0.444077 -0.912729 0.180340 -0.602592 0.305882 0.897588 0.874451 -0.124459 0.139473 -0.582974 0.801159 -0.056700 -0.763971 0.907247
0.651038 -0.808492 -0.621488 0.280715 -0.640540 0.298647 0.481825 -0.764704 0.762949 -0.077772 -0.031043 -0.603303 0.366012 0.036940 -0.857961
-0.135702 -0.001708 0.153911 0.060637 0.553602 0.152869 0.970159 -0.469023 -0.153391 0.116691 -0.759865 -0.655030 0.644194 -0.098854 0.204543
0.622621 0.267737 -0.026180 0.733910 0.896491 0.122331 -0.624875 0.524981 0.110297 0.237211 -0.329610 0.587526 0.491979 -0.883990 -0.620515
-0.744538 0.104447 0.328540 -0.202846 0.672319 -0.565845 -0.748999 -0.504838 0.192035 -0.280175 0.315603 -0.960195 -0.517184 -0.441077 0.157850
-0.873273 -0.401887 -0.973481 -0.112260 -0.150193 0.410209 0.775717 -0.264068 -0.496763 0.735925 0.763779 -0.657742 0.120160 -0.472729 0.262925
0.569288 -0.273003 0.283335 0.434141 -0.375750 0.588095 0.998877 -0.991998 0.764162 0.449268 -0.614155 -0.547782 -0.913628 -0.196774 -0.212890
0.884265 -0.651317 0.854954 -0.252089 0.717353 -0.562043 -0.759855 -0.415195 -0.318168 -0.331530 -0.687384 0.859323 0.414259 0.115920 -0.276474
0.126333 0.518955 -0.103622 -0.851288 -0.686244 -0.965594 -0.175918 0.779140 -0.302226 0.969844 0.032625 0.732024 -0.835756 -0.076439 -0.290740
-0.508297 -0.783968 0.689296 0.516397 0.655693 0.897714 -0.717520 -0.597215 0.266503 0.386284 -0.062925 0.559241 -0.234932 -0.779288 -0.608016
-0.312968 0.439054 -0.750492 -0.355310 0.783806 -0.153650 -0.936281 0.238803 0.548749 0.207172 -0.503060 -0.668815 -0.712515 -0.649157 0.068605
-0.046332 0.773034 -0.448404 0.833863 0.101093 -0.100058 0.780651 -0.091439 0.668644 -0.294465 0.079567 0.392669 -0.161809 -0.720895 -0.872131
0.108138 -0.371928 0.016246 -0.638394 -0.878500 0.818652 -0.594481 -0.874177 0.138373 -0.816905 -0.446002 0.139477 0.421374 -0.822608 0.799393
-0.050703 0.397829 0.770944 0.292434 -0.288689 0.129772 0.973255 0.313458 0.622163 0.132983 0.477424 0.240332 -0.974800 0.743630 -0.593563
-0.351169 -0.100725 -0.636605 -0.743287 0.587535 0.062462 -0.509550 -0.740154 -0.305131 0.902054 0.688286 -0.412234 -0.565056 -0.415197 -0.664610
-0.079832 -0.898833 0.848770 -0.996268 0.962437 -0.441697 0.557109 -0.654869 -0.306888 0.964707 -0.911435 0.614693 0.562153 -0.353403 -0.858019
-0.600249 -0.550389 -0.164627 0.104289 -0.846302 0.823392 0.699334 -0.154617 0.700853 -0.531652 0.987015 -0.546018 -0.305726 -0.696713 0.192192
-0.775745 -0.222420 -0.953906 0.611340 0.392144 -0.939309 -0.257380 -0.066572 -0.315970 0.743784 0.547855 0.371282 -0.279392 -0.100921 0.357799
0.863932 -0.154429 0.407925 0.731814 0.286784 0.145898 0.767158 -0.251819 -0.100421 -0.885384 0.481677 -0.267372 -0.115191 0.355770 -0.743347
0.504766 0.511823 0.471064 0.685648 -0.228405 -0.256734 0.399514 -0.110028 0.245878 0.622373 0.925597 0.743788 0.659648 -0.429170 0.984824
-0.420141 0.529579 0.289603 -0.345378 0.836861 0.480124 -0.065062 0.255299 0.233764 -0.228980 0.399851 -0.659825 0.120277 -0.056221 -0.977676
0.310609 -0.928918 0.561214 -0.468135 0.681248 -0.004902 -0.960205 -0.692298 0.211612 -0.630253 -0.886712 -0.736358 -0.139011 -0.545454 -0.871699
-0.974297 0.568222 0.843930 -0.998260 0.983539 0.951032 0.049790 0.271796 0.118765 0.972824 -0.365690 0.245153 -0.829444 -0.000731 -0.446785
0.433326 0.962668 0.383435 -0.010911 -0.728267 -0.017697 -0.557263 0.003463 -0.482094 0.115642 0.829078 0.538175 0.048076 -0.548188 -0.650407
0.762033 0.453895 0.486851 0.272238 0.305731 0.228235 -0.657513 -0.845464 0.069673 0.363550 -0.704299 0.489671 0.723348 0.182866 0.264813
-0.114275 -0.251886 -0.649869 -0.335980 0.494617 0.853509 0.879188 -0.778772 0.834609 0.094937 -0.090459 -0.283210 -0.386019 -0.995893 -0.561161
-0.622050 0.955006 -0.075861 0.646735 -0.221192 -0.563666 0.825025 0.977398 0.253964 -0.653460 -0.558798 -0.825067 0.223132 -0.413926 -0.741681
-0.153217 0.220734 0.031628 0.859809 -0.684776 -0.006058 0.440147 -0.092286 -0.955299 0.387893 0.535576 -0.623454 -0.210404 0.614143 -0.954213
-0.647230 0.008660 -0.350338 0.162913 -0.887119 0.151001 0.723886 0.072563 -0.602905 -0.574084 -0.718190 -0.962832 -0.707805 0.453224 0.640835
-0.752239 -0.906163 -0.848281 -0.956188 0.307483 -0.485173 0.746452 0.227686 0.262467 -0.679812 0.534276 0.451599 0.518989 0.124283 -0.485388
-0.120836 0.749236 0.147116 0.026299 0.035385 -0.682556 0.460208 0.954529 0.183798 0.421022 0.098337 -0.927103 -0.764531 -0.511541 -0.591424
-0.100330 -0.482627 -0.578783 -0.514612 -0.140442 -0.610393 0.966816 0.126868 -0.854180 -0.669135 0.962550 -0.599967 -0.367042 -0.795134 0.642471
0.967626 -0.349354 0.311999 -0.694703 -0.167347 0.769723 0.247387 -0.408800 0.115639 0.804469 0.697035 0.718547 -0.817642 0.093976 -0.026456
0.637714 0.880133 0.237004 -0.301257 -0.952695 -0.993703 0.481657 0.995351 -0.527128 0.197512 -0.676888 -0.252118 0.968173 0.662394 0.634162
0.601242 0.337378 0.104557 -0.445047 0.481057 0.438466 -0.511774 -0.085073 -0.279750 -0.641710 -0.272896 -0.421288 0.092357 0.165160 0.987280
0.658667 0.546318 0.991107 -0.766873 -0.964121 0.065617 0.420417 -0.430845 0.284045 0.389774 -0.564963 -0.029205 -0.599531 -0.666337 0.959543
0.880159 -0.533928 0.481310 0.697942 -0.240953 -0.980732 0.893661 0.638550 -0.823084 0.699983 0.235475 0.422375 -0.130668 0.291359 0.568880
0.081466 -0.518166 -0.624572 0.990331 -0.695013 -0.338639 -0.198792 0.018236 -0.049588 -0.623861 -0.017975 0.262481 0.805579 0.524971 -0.655735
-0.996267 -0.238898 0.083463 -0.515125 0.340532 0.599745 -0.920778 0.889207 0.947804 -0.024700 0.381986 -0.219764 0.674677 0.495565 0.339525
0.368071 -0.546630 -0.200355 -0.032477 0.864321 0.368404 0.815853 0.563463 0.188922 -0.100597 -0.043805 0.822176 -0.253950 0.399051 -0.509863
-0.251429 0.051577 0.427982 0.662669 0.070720 -0.100192 0.470292 0.915963 0.046757 -0.433617 0.194816 0.902920 0.982361 0.137616 -0.113720
0.563956 -0.139020 -0.347861 -0.640641 -0.376877 -0.860632 -0.962824 -0.921696 0.607500 0.353928 -0.361072 -0.686953 0.831129 -0.690548 -0.308887
0.323823 0.027512 -0.462304 0.053957 0.987411 0.795109 0.243871 0.281819 -0.669060 -0.129260 -0.708839 -0.158965 0.852578 0.095226 -0.919985
0.525542 0.530654 0.129967 -0.535581 -0.618460 -0.497027 -0.508204 -0.590243 -0.916131 -0.984968 0.437384 0.731367 0.910107 0.969272 -0.985706
-0.111513 0.680414 -0.547140 -0.082231 0.296440 0.814899 -0.241124 -0.785560 0.034888 0.833690 0.141841 0.001190 -0.865582 -0.271211 -0.162908
-0.122426 -0.941580 -0.796118 -0.204574 -0.559125 0.162515 -0.587548 -0.134986 -0.636848 -0.844178 -0.076594 -0.296404 0.352240 -0.480820 0.995942
-0.946126 0.254964 0.866824 -0.684855 0.131229 -0.987804 0.109613 -0.616547 0.858821 0.239633 0.212820 -0.439649 0.621561 0.798999 0.053322
-0.238102 -0.602016 0.669045 -0.944694 -0.013466 0.503437 -0.936683 0.268286 0.068616 -0.840227 0.210788 0.002323 0.246663 0.015067 0.484070
-0.882629 0.617392 0.020092 -0.470998 0.556637 0.723528 -0.082044 0.750824 -0.227219 -0.180736 -0.792309 0.712056 -0.993005 -0.562876 0.364336
0.857083 0.574821 0.919332 -0.032708 0.669016 -0.728656 -0.431690 -0.143958 0.624799 -0.617529 -0.705093 0.078821 -0.124347 -0.030552 -0.280807
-0.580210 -0.157563 0.158114 -0.575985 0.866985 0.685916 -0.603411 0.409168 0.035329 0.165240 -0.509359 -0.389110 -0.306697 -0.588556 0.850926
0.711147 -0.232902 0.682144 0.403396 -0.501040 0.852824 -0.330910 0.993030 0.821146 -0.751089 0.680677 -0.413362 -0.275502 0.702924 -0.876559
0.760754 -0.671123 -0.523409 0.606359 -0.306213 0.866835 0.232674 0.682917 0.293829 -0.010227 0.349924 -0.863562 0.704656 0.967740 -0.388059
-0.960726 -0.052745 0.338319 0.247747 0.275546 0.761543 0.992215 -0.499474 0.289758 -0.081543 0.921270 0.583479 0.511068 -0.480012 0.814272
-0.222712 0.626002 -0.482120 0.176375 -0.756530 0.435167 -0.304311 -0.213546 0.296100 -0.461930 0.700183 -0.883974 0.501578 0.414483 -0.303439
-0.866853 -0.676071 0.669279 -0.699006 0.879389 -0.064657 -0.717178 -0.265320 -0.293388 -0.149873 -0.045023 0.583089 -0.433294 0.596187 0.671787
0.087809 0.889451 -0.944243 -0.059968 -0.561410 -0.344833 0.162093 0.489933 0.340257 -0.435466 0.382119 -0.961016 0.197475 -0.726374 0.090155
-0.926952 0.375363 0.591803 0.202090 0.300480 -0.531546 0.051348 0.527633 0.775176 0.733989 0.113347 0.515629 0.912451 -0.338786 0.942489
-0.061515 -0.929869 0.635515 -0.987749 0.741603 -0.303727 0.796142 0.716346 0.671251 0.614790 0.060732 0.348569 -0.880098 -0.758950 -0.496275
-0.322547 0.616670 -0.937455 0.784966 -0.620122 0.982520 0.116031 0.574146 0.560430 -0.858881 -0.808901 0.192187 -0.108514 0.475130 0.144920
-0.691517 -0.252369 -0.267395 0.851154 -0.041261 -0.796162 0.454881 0.707448 -0.493786 -0.324874 -0.557461 -0.732697 -0.828796 -0.192608 0.054319
-0.939038 -0.383918 -0.311998 -0.577250 -0.724122 0.018709 0.470526 0.505618 -0.864386 -0.237749 -0.908614 -0.849960 -0.857786 0.229007 0.399554
0.774938 -0.817535 0.615326 -0.925240 0.671842 -0.721790 -0.010085 -0.792899 -0.700499 -0.680654 -0.141375 0.269228 0.150492 -0.147419 -0.934818
-0.459024 -0.087802 0.004039 0.439560 -0.756919 -0.674998 0.913522 -0.999673 -0.453422 0.545720 0.200461 0.311816 0.489579 0.231017 -0.663183
0.794237 0.860671 -0.492646 -0.900700 -0.372711 0.457662 0.130526 0.812467 0.002620 -0.692582 -0.224957 -0.244930 0.993963 0.374294 0.555943
-0.107325 -0.945773 -0.301514 0.730607 0.961943 0.935557 0.684335 -0.261230 -0.461174 -0.494743 0.714132 -0.835079 0.870656 -0.555723 -0.072499
0.386151 -0.434148 -0.210829 -0.342378 -0.249973 -0.245883 0.739092 -0.056743 0.821345 -0.450007 0.022136 -0.724244 0.139505 0.305525 -0.370239
-0.891876 -0.040409 0.614830 -0.565900 0.131681 0.846248 -0.151194 -0.721001 -0.018838 -0.832395 0.994857 0.791227 -0.142638 0.508952 -0.936088
0.805561 -0.584070 0.145366 -0.435176 0.991680 -0.153603 -0.226542 0.154720 0.788223 -0.565539 -0.868343 0.859929 0.480886 0.732060 -0.368166
0.401068 -0.309730 0.109316 -0.893750 0.565549 -0.015776 -0.395466 0.782847 -0.407710 0.067004 0.686753 0.298790 0.189383 -0.391742 -0.446562
-0.504064 -0.946033 -0.966295 -0.433209 0.401452 -0.851669 -0.772209 -0.153009 -0.018234 0.016371 -0.385768 0.449926 0.529265 -0.452600 0.899056
0.475858 0.069829 -0.263615 0.126504 0.958285 -0.748559 0.587912 -0.474991 -0.185850 -0.779702 -0.651930 0.087249 -0.712646 0.958738 -0.776558
0.887433 0.592873 0.665798 0.459769 0.835345 -0.448194 -0.642684 -0.734533 -0.721546 -0.911375 -0.085770 0.093944 0.289259 0.533042 -0.241680
0.553812 -0.940468 0.824831 -0.775026 -0.430154 0.078351 0.867532 0.697255 0.623258 0.601559 0.497107 -0.011492 -0.844079 0.191710 -0.909227
0.374652 0.360618 -0.569840 -0.241372 0.649088 -0.405262 -0.323706 -0.696051 0.231443 0.899163 0.763295 -0.900997 -0.016703 -0.025829 0.916236
0.819564 -0.972671 -0.886598 -0.155238 -0.329373 0.587982 0.414247 -0.183759 -0.503930 -0.670904 -0.950031 0.463783 0.938127 -0.308073 -0.803420
0.077006 -0.779264 -0.774945 -0.272784 -0.003116 -0.610673 -0.706604 0.325388 0.981945 0.092041 0.386133 0.658817 0.648501 -0.691472 0.864231
0.655420 0.711134 -0.534192 -0.803901 -0.513915 -0.849989 -0.478149 -0.745855 0.593816 0.934760 0.282679 -0.676283 -0.693856 0.833202 0.495363
0.513464 -0.822876 -0.186488 0.407365 -0.911684 -0.039433 -0.244405 -0.492073 -0.622997 -0.706458 -0.916249 -0.866974 0.670130 -0.217439 -0.268669
-0.279771 -0.031219 -0.779880 0.169343 0.921139 0.066557 -0.614950 -0.839076 -0.596910 0.171166 0.936057 -0.460778 0.404598 0.686917 0.810672
-0.306990 0.564477 -0.639623 -0.809874 -0.838705 0.226033 -0.318231 -0.111769 -0.435782 0.586550 -0.104290 -0.458215 -0.517967 0.297259 0.467234
-0.616188 0.116555 0.886423 -0.475153 0.842993 -0.994892 0.881809 -0.405859 0.587413 0.398575 0.236034 0.630244 -0.053463 0.284851 0.941945
-0.865729 -0.181340 0.796003 0.903685 -0.298678 0.420966 -0.834318 0.417502 0.028035 0.897788 -0.800081 0.740194 -0.556074 -0.112970 -0.956961
-0.036269 -0.722054 -0.343559 0.856830 0.903477 -0.902651 -0.529681 -0.417214 -0.502582 0.686813 0.429114 -0.787950 -0.515696 -0.855651 0.887211
0.526202 0.220643 0.721379 -0.285053 -0.158922 0.778060 -0.250755 0.884981 -0.994256 -0.204280 0.510978 -0.410753 0.233659 -0.861507 -0.600826
0.092208 -0.422620 0.928783 0.279168 0.885361 0.237896 -0.442606 -0.613576 0.844670 -0.473976 0.380050 -0.823051 -0.674656 0.516399 0.433031
-0.435529 -0.212253 -0.845395 0.745073 0.214099 -0.892499 -0.093206 0.289685 -0.529724 0.560386 0.041187 0.783042 0.852267 0.408965 0.159920
0.828606 0.517219 -0.839905 -0.792293 -0.234406 -0.652936 -0.842271 -0.212364 -0.454090 -0.503360 0.854707 -0.439548 -0.640988 -0.136253 0.133105
-0.222591 0.692344 -0.657441 0.168658 0.465687 0.266556 0.400886 -0.589321 -0.354255 -0.395339 0.514580 0.794165 -0.471498 0.912747 0.217023
-0.541173 0.044945 0.037469 -0.259663 -0.136881 -0.955260 0.241428 -0.229997 0.496551 -0.618678 0.916188 0.543498 -0.341958 -0.923658 0.018103
0.730810 -0.759474 -0.027824 0.631816 -0.232678 0.678508 0.435991 -0.918127 -0.612614 -0.884942 0.130645 0.261306 -0.000225 0.130694 -0.696138
0.283939 0.953543 0.658024 -0.763810 -0.815591 0.021394 0.461027 0.225857 -0.817711 0.720328 0.771658 -0.793401 0.972071 0.074586 -0.142512
0.378282 -0.065028 0.464604 0.709608 0.198971 -0.501356 -0.502921 -0.945988 0.464357 -0.941886 0.349792 0.086304 0.004439 -0.585682 0.046211
0.885091 0.337678 0.103018 0.784244 0.355560 -0.032481 -0.123378 -0.846491 0.902746 -0.348037 0.780951 -0.770277 0.950788 0.656928 0.833672
-0.690954 -0.502578 0.011587 0.429967 -0.863335 -0.482111 0.778232 -0.832060 -0.856104 -0.293370 -0.198078 -0.352181 -0.635840 -0.681314 0.040913
-0.983252 -0.897000 0.006391 -0.285218 -0.547720 0.416131 0.402705 -0.627295 0.659686 -0.923419 0.550808 0.484028 0.549026 -0.106184 0.841397
0.269445 -0.072095 0.474458 -0.192541 0.147186 -0.893638 -0.635003 0.653650 -0.621252 -0.158518 -0.204877 0.059325 -0.785740 -0.163744 0.838707
0.859599 0.618688 0.161922 0.536477 0.239222 0.998803 -0.926694 0.591323 0.239631 -0.216317 -0.123481 0.490464 -0.653019 -0.262085 -0.139830
0.878679 0.022156 0.624512 -0.692379 0.597537 -0.560081 0.591247 -0.963519 -0.060917 0.250808 0.940645 0.511204 0.136360 -0.232224 -0.332671
0.797429 -0.470325 -0.237415 0.243136 -0.017585 0.848407 0.390541 0.427953 0.636091 0.852282 0.239370 0.596162 -0.751222 0.180179 0.966316
-0.114398 -0.313532 -0.605926 0.433379 -0.470806 -0.010344 0.062606 -0.117950 0.129468 -0.451367 0.050940 0.073847 -0.643158 -0.882804 -0.547392
0.314628 -0.387699 -0.326222 0.201255 -0.793108 -0.249415 0.873827 0.954433 -0.792020 -0.668797 0.336808 -0.483217 -0.774060 0.849613 -0.377700
0.305361 -0.867388 0.399282 0.297147 0.377362 -0.223413 0.627372 0.350862 -0.093115 -0.420800 0.925076 -0.037954 0.803840 -0.786058 -0.734455

Bias v0 (Oculta):
0.043890
0.109044
0.127689
0.230249
0.080747
-0.110629
0.751128
-0.693999
0.105094
-0.200286
0.779507
-0.166529
-0.748470
0.440450
0.939870

Pesos w (Oculta -> Sa獮a):
0.726736 -0.727248
-0.272994 -0.612697
-0.494151 -0.937758
-0.946420 0.499306
-0.161128 0.239386
0.719222 -0.181339
0.841596 0.313016
-0.478486 0.071659
0.518109 0.812355
-0.921497 0.109822
0.554984 -0.592020
0.521657 -0.941548
0.044876 -0.581324
-0.816336 0.334312
0.000393 -0.655697

Bias w0 (Sa獮a):
0.671119
-0.409217
