Pesos v (Entrada -> Oculta):
0.690186 -0.338162 0.491942 -0.039819 0.964015 0.171961 0.702717 0.662714 0.747094 0.530394 0.576434 -0.875201 0.089988 -0.811263 0.062890 -0.614089 0.821857 0.955322 0.016452 0.366958 0.848197 0.855479 0.189215 -0.478961 0.672861 -0.128007 -0.976283 -0.833207 -0.227026 -0.789170
0.646725 0.749932 -0.820354 0.365857 -0.522500 0.319750 0.231471 -0.949959 -0.076129 0.578780 -0.011793 0.999015 0.374550 -0.007296 0.336538 -0.641057 -0.324547 0.974978 -0.544914 0.171488 -0.838880 0.616956 0.048674 -0.236753 -0.167910 0.657785 0.340730 0.064393 -0.675647 0.516793
-0.321628 0.024540 0.941962 0.058504 -0.342135 -0.571643 0.342111 -0.952640 -0.972254 0.021222 -0.875650 -0.652247 -0.701052 -0.136651 0.097953 -0.837511 -0.947837 0.756628 -0.488852 0.393659 0.634110 0.420195 0.313028 0.804706 0.485299 -0.297905 0.632890 0.422586 -0.095394 0.369135
0.398069 -0.135660 -0.083466 -0.464218 0.531516 -0.319401 -0.754323 -0.935083 -0.262728 0.555623 0.466262 -0.298206 -0.375883 -0.411672 0.992363 -0.409096 -0.991732 0.717841 0.982420 0.279044 -0.839160 0.397614 -0.515697 0.003578 -0.326111 -0.256188 -0.849359 0.290535 -0.783030 0.332461
-0.734195 -0.899165 0.218400 0.065759 0.426030 0.538760 0.944082 -0.837855 -0.767959 0.956210 -0.193182 -0.874905 -0.448026 0.671542 -0.467133 -0.535969 0.353303 0.125037 -0.099147 -0.476359 0.942152 -0.192214 0.651275 0.776594 -0.006647 -0.809025 0.702792 0.353184 0.112435 -0.776276
0.506282 0.648489 -0.276427 -0.942673 0.955994 -0.149499 -0.233259 0.308304 0.162809 -0.438266 -0.136904 -0.436244 0.557254 0.315409 -0.924383 0.372138 -0.195984 0.584089 0.586355 0.453353 -0.952187 -0.206030 -0.085832 -0.660626 -0.873243 0.924555 0.731857 -0.488630 -0.251490 -0.608846
-0.109461 -0.384914 0.389715 0.279951 0.689423 0.139466 -0.302615 0.708162 -0.168712 0.218177 0.711544 0.766631 0.637121 0.518789 0.964397 -0.741301 -0.475473 0.407989 0.715162 -0.852510 -0.565839 -0.394333 0.626853 0.386203 0.658200 -0.706259 0.049226 -0.333553 0.818867 0.362450
0.727041 -0.155419 -0.918188 -0.080158 0.296396 0.974614 0.218488 0.090487 0.615233 0.764307 0.021250 0.141779 -0.879386 0.183937 0.831622 0.405255 0.681263 0.721827 0.483719 0.811907 0.944986 0.954619 -0.957898 0.869691 -0.810810 -0.264374 -0.605076 0.907857 -0.350873 0.688696
0.864277 -0.055532 -0.191358 -0.624354 0.196918 -0.405053 0.196626 0.003743 -0.440008 -0.653780 -0.372972 0.383575 0.610151 0.636414 0.223399 -0.483149 0.115764 -0.438118 0.842742 -0.352725 -0.771183 0.821145 -0.802572 0.516544 0.964977 0.947764 -0.668041 -0.674542 0.700425 0.560286
-0.254207 -0.601557 0.569307 0.675754 -0.159378 0.344373 0.565588 -0.624785 -0.543573 -0.593161 0.511705 0.475319 0.433948 0.541470 -0.815269 0.653259 0.114047 0.766744 -0.078713 -0.347604 0.431595 0.010584 0.224065 0.851560 -0.556496 0.411143 0.897282 0.555678 -0.666333 0.694498
-0.026476 -0.360247 -0.254664 -0.906421 -0.493075 0.465236 -0.768068 0.570292 -0.927961 0.736204 0.887929 -0.334699 -0.538050 -0.236985 -0.537620 -0.651386 0.971293 0.877139 -0.775897 -0.593034 -0.870910 0.772903 0.269544 0.309413 -0.878022 0.986705 0.633272 -0.160240 0.173824 -0.380234
-0.698032 -0.214554 -0.025784 -0.259440 0.813636 -0.929236 -0.410379 0.006339 -0.777320 0.433478 0.586159 -0.540057 0.417211 0.264642 -0.115829 0.028586 -0.327655 -0.856217 0.156200 -0.981541 0.126439 -0.730633 0.225387 0.281599 -0.846014 0.925715 -0.920905 0.634560 0.040865 0.943106
0.147571 0.956230 0.994463 -0.233108 0.286372 -0.545824 0.533464 -0.043533 -0.948767 -0.884597 0.892696 -0.889289 -0.531104 -0.373704 -0.776160 0.032317 0.232642 0.102127 0.349678 -0.219402 -0.260556 -0.136122 -0.429638 0.309351 0.496971 0.913341 -0.044976 0.993775 0.403609 -0.563062
-0.869729 0.315621 0.351799 0.049909 0.262958 0.291450 -0.270424 0.181647 -0.445355 -0.558217 0.420727 0.524391 -0.750297 0.056528 0.960066 0.186666 -0.920749 -0.606486 -0.552331 0.440321 -0.628716 -0.478270 -0.045211 0.080654 0.172003 -0.383186 0.677881 0.857486 0.557912 -0.945897
0.418193 -0.790972 -0.528179 0.552129 0.183815 0.939930 0.501562 -0.602540 -0.127219 -0.904387 -0.948516 -0.165035 -0.345837 -0.872563 0.444731 -0.882151 0.102373 -0.669206 0.390838 -0.413795 -0.465882 -0.332054 0.824578 -0.264977 0.428518 0.528909 0.981812 0.536581 -0.446991 0.186671
0.855746 0.928097 0.316340 -0.663449 -0.167085 0.073776 -0.539902 -0.231053 -0.070980 -0.165437 -0.535056 0.595164 -0.742310 -0.407693 0.403548 0.990291 -0.476682 0.249495 -0.620396 0.373433 -0.139489 -0.464025 0.240886 0.000505 -0.515113 0.355859 0.213987 0.642586 0.205722 0.485113
-0.080561 0.175551 -0.325102 -0.910403 0.146802 -0.799510 -0.656356 -0.098609 0.201089 -0.859246 -0.469576 0.861204 -0.208503 0.819331 0.905195 -0.433338 -0.484963 -0.546477 -0.302238 -0.581282 0.702950 0.894974 0.031606 -0.062648 0.992811 0.214138 0.225488 -0.725245 -0.721043 0.373825
0.464920 0.162686 -0.914517 -0.310491 -0.773052 0.378692 0.587038 -0.394625 -0.382232 -0.583982 -0.126132 0.365429 -0.722225 -0.959175 0.991303 0.435469 -0.323920 0.336691 -0.685805 0.034995 -0.841629 0.225035 -0.795307 -0.880390 0.639421 0.047832 -0.141768 -0.765364 0.642681 0.290372
0.623122 -0.055773 -0.383182 0.782083 0.652529 0.555144 -0.181757 -0.980960 0.102935 -0.710923 -0.224731 -0.206305 0.092371 0.212613 0.141803 0.723178 0.646809 0.666541 0.693144 0.808309 -0.833505 -0.676245 -0.767131 -0.732939 0.028468 -0.200664 0.297952 0.185089 -0.535614 -0.858145
0.377956 0.510459 0.927203 -0.193787 0.617040 0.154936 -0.847914 -0.009068 0.345390 0.589343 -0.370578 -0.672179 0.485235 -0.500107 0.414295 0.294309 0.534644 -0.848566 0.413153 -0.480979 -0.160087 0.973994 0.122324 -0.923180 0.830906 0.454639 -0.161545 -0.637625 -0.252484 0.851200
0.870244 0.506884 -0.778475 0.702788 -0.154943 0.142918 0.277517 -0.852078 -0.375444 0.269917 0.346410 0.905546 -0.621065 -0.892002 -0.689228 -0.345623 0.605870 -0.228432 0.214274 0.126082 -0.993104 0.653829 -0.267457 -0.996189 0.624997 -0.758911 0.647665 0.708744 -0.907789 0.992052
-0.693830 0.023143 -0.933725 -0.411008 -0.781815 -0.177665 -0.396632 -0.541570 -0.884674 0.272090 0.585181 0.166282 0.913610 0.214286 0.411240 0.834494 0.430784 0.357303 0.281610 0.259390 0.467582 -0.769186 0.300450 0.049722 -0.774237 -0.489227 -0.424673 0.776676 -0.551080 -0.521088
0.314342 0.464390 0.131006 0.499234 -0.773084 0.529968 0.683808 0.968742 0.910201 -0.490442 -0.352832 -0.690137 -0.205394 -0.848793 0.951971 0.081672 -0.462143 -0.424117 0.663194 -0.053530 -0.621632 0.252550 -0.205665 -0.089976 0.741004 -0.928545 0.505899 -0.795688 0.317223 -0.555827
-0.008101 0.471617 -0.897113 0.215996 0.733992 0.474239 0.289077 0.373428 0.789876 0.116128 -0.109933 -0.545340 -0.372920 0.332353 -0.026044 -0.662789 0.157998 -0.349597 0.222899 -0.444210 0.431269 -0.307202 -0.865750 -0.393459 -0.705156 0.243254 -0.356045 -0.528713 0.241059 0.972449
0.036341 -0.347863 0.970074 -0.861712 -0.384734 -0.526586 -0.958333 -0.966087 0.393590 0.759133 -0.175775 -0.272973 -0.345219 -0.749614 -0.946413 -0.245889 0.626088 0.569589 0.310278 -0.138762 0.521651 0.976745 -0.269017 -0.496848 -0.792345 0.544978 -0.041085 -0.480691 0.473771 -0.848891
-0.806483 -0.288694 0.533376 0.011608 -0.250120 0.746902 0.751661 -0.351153 0.515065 -0.076177 -0.931585 -0.196778 -0.454115 -0.857862 -0.464578 -0.286492 -0.252515 -0.052038 0.689984 0.892616 -0.027727 0.804805 -0.672264 -0.863241 -0.982262 0.886578 -0.139075 -0.959602 -0.843487 0.243291
-0.044518 -0.767950 -0.508863 0.749226 -0.575552 -0.057693 -0.950904 0.596677 0.955517 -0.071257 -0.641097 -0.307091 -0.165271 0.982406 -0.405638 -0.903168 0.675698 -0.459753 0.291170 0.983023 -0.511673 -0.607979 -0.591650 -0.496726 0.174955 -0.747085 -0.610895 -0.427642 -0.127012 -0.913103
-0.396910 0.531050 0.122045 -0.341707 0.728935 -0.653387 -0.482357 -0.991078 -0.163470 -0.613380 -0.688565 -0.164242 -0.579604 -0.110370 0.139484 0.015201 0.437104 0.503792 -0.145356 -0.800975 -0.495857 0.231983 -0.721095 -0.058666 -0.344200 -0.863927 0.326202 -0.455205 0.784940 -0.146600
0.037424 0.728164 0.332220 -0.437728 -0.758221 0.225617 0.130963 -0.754851 0.339483 -0.177349 0.289730 -0.224843 0.569662 -0.260519 -0.206160 0.560390 0.508400 0.726880 0.788589 0.202443 0.512782 -0.412693 0.318747 -0.012242 0.788245 0.107252 0.597650 0.480761 0.246992 0.940718
0.127674 -0.653449 -0.511643 0.609222 -0.673683 -0.699151 -0.843938 0.029722 -0.036863 -0.930373 -0.950391 0.352289 0.598386 -0.044755 -0.398193 0.339837 0.140330 -0.119530 -0.044776 0.956304 0.205865 0.479771 -0.944509 -0.424976 -0.021125 -0.744092 -0.893382 0.491817 0.671476 0.536744
-0.601408 -0.965254 0.794491 0.092002 -0.251747 -0.562665 -0.903915 0.836446 -0.613630 0.111271 -0.441915 -0.118455 -0.200484 0.470144 0.111677 0.564119 -0.016119 -0.768337 -0.574429 -0.833641 -0.922784 0.264376 -0.244868 0.400921 -0.453215 -0.255680 0.466312 0.913236 0.439494 -0.451057
-0.543695 0.151101 -0.063965 -0.491124 0.627293 0.108899 0.592166 -0.005059 -0.272628 0.605567 0.250429 0.093072 0.364119 -0.661613 -0.541679 -0.678307 0.405109 0.623731 -0.035401 -0.722792 -0.770615 -0.435235 -0.689441 -0.204975 0.567961 -0.825223 0.422948 -0.367067 -0.794700 -0.147672
0.785248 0.561294 0.359803 -0.037137 -0.231204 0.353439 -0.937694 0.681459 -0.062305 -0.745765 -0.433769 0.964777 -0.138074 -0.161274 -0.411160 0.581316 0.649458 0.662602 -0.259087 0.920917 -0.273415 0.418312 -0.012216 -0.838222 -0.093037 -0.551616 -0.818141 -0.161365 0.749489 0.313881
-0.906258 -0.821060 0.782522 0.923153 -0.315241 -0.742493 0.130014 0.627125 -0.077644 0.733190 -0.285503 0.874051 0.412248 0.231108 0.386331 -0.104029 0.268052 -0.049200 0.516431 -0.638584 0.518629 -0.866950 -0.137415 0.896968 -0.695539 0.130107 -0.251066 0.844963 -0.341987 0.296965
0.145642 0.702030 0.051138 -0.159616 -0.979275 0.595310 0.817115 -0.440002 0.402688 -0.926134 0.442515 0.686459 0.613889 0.368508 -0.448659 0.127869 0.871092 -0.373990 0.070651 0.759265 0.999308 0.768154 0.650492 -0.465105 -0.945928 -0.590862 -0.090826 -0.977796 0.808274 0.472633
-0.925161 0.292366 0.252726 0.248308 -0.866779 0.414993 -0.405487 -0.293872 -0.776488 0.478789 0.654106 -0.100139 0.144862 0.503573 -0.100636 -0.178970 0.588654 -0.780815 -0.542060 -0.780592 -0.057496 0.519717 -0.644134 -0.584110 -0.891612 -0.286982 0.401516 -0.708512 0.701621 -0.761066
-0.921252 -0.730285 -0.757276 -0.698153 0.434401 0.582010 -0.559443 0.309260 0.279314 -0.225857 -0.313796 -0.884385 0.856609 0.403019 0.762555 0.066383 -0.996188 -0.228321 0.313602 -0.658177 0.026737 0.190543 -0.452288 0.606322 0.845441 0.754582 -0.438691 0.712355 -0.774711 -0.826639
0.676243 0.869304 0.938190 -0.734806 -0.234234 0.392588 -0.472476 -0.383671 0.334232 0.965989 -0.389309 0.879781 -0.240527 -0.036859 0.236508 -0.838181 -0.743655 0.577268 -0.076488 -0.473969 0.625440 0.713677 -0.423971 0.028585 -0.766925 0.990575 0.603153 0.240764 0.980214 -0.894424
-0.042696 -0.539893 0.397022 -0.074860 0.780330 0.306791 -0.301015 -0.570191 0.323091 0.391896 -0.405619 -0.816156 -0.362720 0.150663 -0.183834 0.676340 -0.010763 0.761649 0.860781 0.479350 0.462846 0.396786 0.185259 0.652878 -0.038059 -0.889115 0.682882 -0.967630 -0.549673 -0.297415
0.865222 -0.786745 -0.564425 0.782679 0.738551 0.910536 -0.295482 -0.921231 0.944774 -0.127235 0.979036 0.800937 0.327898 -0.316325 -0.201339 -0.583161 -0.649360 -0.205860 0.192279 -0.400668 -0.613165 0.896983 0.441961 -0.579742 -0.370368 -0.253964 0.589188 0.569958 0.399879 -0.767824
-0.889349 -0.953438 0.332167 0.879036 0.835858 0.927629 0.356504 0.036259 0.547769 0.575342 0.479744 -0.805732 -0.519305 -0.304277 0.951308 -0.592942 0.552307 0.030137 -0.344147 -0.070674 0.123310 0.647491 0.735034 0.110437 0.678719 -0.604319 -0.112291 0.823597 0.483435 0.110753
0.200003 -0.831257 0.023337 0.481922 0.825257 0.542423 0.396228 0.672460 -0.779466 -0.857517 0.010596 -0.341094 -0.354007 0.416095 -0.121427 -0.939563 0.313281 0.649799 0.694103 0.785320 0.811558 -0.740161 -0.234786 -0.368599 0.473485 0.696006 -0.025516 -0.580216 -0.372007 0.316948
0.656629 0.778285 -0.121648 0.814368 -0.140945 0.515909 -0.981002 0.892028 -0.418257 0.159711 -0.212656 -0.396228 -0.640025 -0.262857 -0.656998 -0.200984 -0.461531 0.866169 0.706824 -0.419742 0.856112 0.243236 -0.388737 0.582335 0.461435 0.740908 0.211566 0.916960 -0.976391 0.601318
0.262702 -0.516989 -0.421326 -0.418222 -0.534572 0.712953 0.085559 -0.455057 0.722637 -0.293530 -0.991411 0.265860 -0.569038 0.111625 -0.529965 -0.354059 -0.898184 0.400745 -0.890775 -0.741880 0.406613 -0.621033 -0.816801 -0.360196 0.935057 -0.969309 -0.520403 -0.186452 0.673033 0.035234
0.213739 0.351517 0.849416 0.779624 0.091834 -0.257752 -0.363863 0.881603 -0.509949 0.237643 -0.669059 0.586617 -0.886536 -0.122701 -0.986407 -0.319839 -0.809177 -0.991462 -0.075439 0.816020 -0.549038 -0.646903 -0.811236 -0.749754 -0.148042 0.179063 -0.587374 -0.678604 -0.378197 0.698511
0.555520 -0.225151 0.205714 0.164652 -0.639203 0.803250 0.484960 -0.289378 -0.050520 0.086564 0.043028 0.937366 0.210920 0.387065 0.125647 -0.611222 0.900250 0.023379 0.315669 -0.369941 0.079895 -0.516456 0.480258 0.827819 0.198786 -0.465818 -0.407646 0.417048 -0.698221 -0.566369
0.602393 -0.558851 -0.048978 0.521914 -0.559029 -0.058539 -0.544430 0.829611 0.097586 0.703298 -0.614124 -0.638477 0.014224 0.745177 0.983703 0.427221 -0.431492 0.584566 -0.453936 0.027998 0.293066 0.875623 -0.862943 -0.480457 -0.689204 -0.299085 -0.979280 -0.281146 -0.602980 0.330602
0.317083 0.426032 -0.736248 -0.446200 -0.251214 -0.539707 0.149959 -0.469253 -0.550293 0.767997 -0.116718 -0.593658 0.352891 0.318906 -0.977602 -0.572443 0.497623 -0.524272 0.310728 0.406446 0.905376 -0.263250 -0.032937 -0.110755 0.878257 -0.166933 -0.207120 0.886357 0.276063 -0.161820
0.782061 0.934011 0.938360 -0.325746 -0.197002 -0.791029 0.454637 0.778183 0.892851 0.816448 -0.590233 0.625859 -0.595219 0.803747 0.344018 -0.268569 0.171977 0.694889 -0.182409 -0.769916 -0.289717 0.010968 -0.054493 0.014268 -0.941862 0.039608 0.209364 -0.231691 -0.782011 0.727275
-0.368113 -0.816083 0.881941 -0.972669 0.584239 -0.319987 0.626032 -0.194533 0.279348 0.395467 0.502556 -0.544470 -0.170305 -0.943351 0.034170 -0.406185 0.650050 0.212003 -0.529200 0.440242 0.930378 0.854386 0.416713 -0.551921 0.281007 0.191418 0.128443 -0.484814 -0.010819 -0.664512
0.618125 0.213584 0.716771 0.268755 0.779258 -0.630275 -0.950089 -0.939169 0.520018 -0.476474 -0.197087 0.858519 -0.492335 0.607162 0.609885 -0.694188 -0.450823 0.284021 0.919491 -0.656453 0.588278 -0.279424 -0.145157 -0.581295 -0.914318 0.984562 -0.107844 0.819731 -0.151119 0.754075
-0.436702 0.811861 0.520639 -0.161909 0.218936 -0.578440 -0.111667 -0.412419 0.280574 0.914127 -0.719276 -0.738731 -0.305024 -0.541519 0.730337 0.398292 -0.594218 0.056751 -0.607954 -0.233837 0.386394 0.473477 -0.770238 0.495507 0.402156 0.949555 -0.529922 -0.493719 0.195963 -0.576467
-0.224959 -0.198698 -0.713429 -0.157303 -0.865396 -0.175008 -0.790704 -0.988576 -0.959134 0.586873 -0.391110 0.874975 -0.810148 -0.565483 0.874264 -0.624079 -0.427142 0.288955 0.618766 -0.039919 -0.269421 -0.832397 0.546956 -0.373300 -0.101189 -0.093688 0.438775 0.249500 0.650856 0.157319
-0.211701 -0.279669 -0.211181 0.813835 -0.243703 0.990729 -0.216283 0.583967 -0.760616 -0.449014 0.294433 -0.536362 -0.206256 -0.642718 0.425347 -0.609768 -0.034402 0.624260 -0.246463 0.576909 0.526902 0.126130 0.362134 0.711458 0.752284 -0.600985 -0.661303 -0.155568 -0.273735 -0.768466
0.718952 0.175150 0.519865 -0.852815 0.085151 0.965062 -0.351587 -0.364478 -0.929874 0.364306 0.667538 0.261865 -0.842182 0.061534 -0.658713 0.651708 -0.743328 0.049434 0.235030 -0.391900 -0.360510 0.483220 0.762785 -0.291779 -0.420141 -0.750503 0.108536 0.239855 0.517765 0.043330
0.823988 0.877945 -0.074395 -0.560426 -0.736439 -0.407326 -0.119536 -0.330689 -0.370572 0.692237 0.094158 -0.415336 -0.651830 -0.422172 0.991893 -0.180406 0.938805 -0.218147 0.813837 0.263607 0.231274 0.687101 0.485526 0.912325 -0.872901 -0.332104 0.166531 -0.375627 0.696274 -0.432021
0.980413 -0.596087 0.075435 0.985908 0.678630 -0.801622 0.935701 -0.822242 -0.955525 0.974672 -0.243587 0.477059 -0.836148 0.433597 -0.959962 0.079006 0.203551 -0.704093 0.181774 0.947506 -0.617804 0.743193 -0.980349 0.229076 -0.460868 0.769921 0.890949 -0.512103 -0.652920 0.448626
-0.687279 0.057916 -0.005365 0.344831 0.623495 -0.979027 -0.003826 -0.997568 -0.007828 -0.188787 0.925546 -0.478458 0.704613 0.984683 0.318796 -0.004992 -0.009968 -0.404957 -0.270056 -0.499787 0.415431 0.453155 -0.157332 -0.710834 0.066817 -0.544510 -0.667792 0.011241 0.489073 0.569387
-0.632164 -0.236800 -0.586151 -0.411348 0.667281 -0.176257 -0.542862 0.322292 0.413544 0.222210 0.354825 -0.618320 -0.276887 -0.286775 -0.547382 0.774936 0.166228 0.451008 0.324478 0.958574 0.900962 0.841407 0.451354 -0.064139 -0.406930 0.406844 -0.352775 -0.361712 0.274796 0.981224
-0.498870 -0.777319 0.558678 0.399246 0.088633 0.118917 0.836406 -0.662346 -0.831840 -0.844603 0.766670 0.931110 0.694245 0.488262 0.345154 -0.654441 0.719959 0.502404 0.265172 -0.790200 0.335759 0.458924 0.623542 0.087675 -0.659959 0.016054 0.453448 -0.303155 0.037992 -0.262415
-0.432253 -0.366053 0.440101 -0.927530 0.289236 -0.194809 0.036657 -0.817919 -0.053995 -0.194657 -0.314388 0.908459 0.692303 -0.553059 0.028803 0.534783 -0.317727 -0.695907 -0.322921 0.892283 0.397397 -0.003583 -0.994789 -0.845126 -0.399796 0.972185 0.782084 -0.689635 0.055188 0.098615
-0.834733 0.928348 -0.375682 -0.945764 -0.485467 -0.872713 -0.023649 0.907253 -0.189622 -0.881132 0.231992 -0.266060 -0.980464 -0.598195 0.999909 0.264139 -0.290580 -0.807588 0.097098 -0.011345 0.502263 0.093732 -0.266547 0.207199 -0.070638 -0.499614 0.244667 -0.872969 -0.378328 0.888030
-0.747881 -0.297575 0.116723 -0.571674 0.546657 0.920144 0.146018 -0.124884 -0.923840 0.149111 0.819562 0.488113 0.352416 0.472233 -0.785983 -0.045665 0.268660 -0.901037 0.375455 -0.831784 0.222649 0.808456 -0.404799 0.555447 0.409131 0.237803 -0.801672 -0.424269 0.198788 0.528635
-0.718964 -0.097419 -0.115618 -0.987219 -0.999250 -0.933087 -0.804333 -0.289569 0.454666 -0.526330 -0.094915 -0.441382 0.893480 -0.742162 0.412768 0.815355 -0.208740 -0.974712 -0.634339 0.343144 -0.729516 0.894285 0.204408 0.706103 0.847820 0.188607 0.278023 0.234973 -0.427132 0.875696
-0.052906 -0.856880 -0.572801 -0.040580 0.635509 -0.970727 -0.378539 -0.164680 -0.230825 0.671228 0.925583 0.619842 -0.994448 0.240523 0.814688 -0.520314 -0.391534 0.974476 -0.440985 0.387329 -0.926838 0.267312 -0.647771 0.032042 0.291556 -0.940777 -0.121926 -0.521004 -0.329800 0.421148
-0.115021 -0.429113 0.448152 -0.031077 -0.198387 0.857466 0.062793 0.862108 -0.763468 0.863938 0.484222 0.679069 -0.572193 0.732175 -0.928757 -0.650678 0.915321 0.966102 0.850769 0.390790 0.860658 -0.067006 0.406697 -0.069473 -0.191096 0.251016 0.397817 -0.231966 0.253150 -0.691006
-0.795745 0.239119 0.405250 -0.780681 0.226591 -0.689530 -0.586198 -0.610577 0.934440 -0.199940 -0.659423 0.219374 -0.411066 -0.715091 -0.989972 -0.734544 0.744451 0.384081 -0.483610 0.319863 0.883220 -0.908818 0.801735 -0.766330 0.740415 -0.126654 0.679831 0.181155 -0.802488 -0.931506
-0.774060 -0.383474 -0.044100 -0.318889 -0.458330 0.933317 -0.877156 -0.369341 0.260294 0.232143 0.999791 -0.750696 -0.896736 -0.125428 -0.268159 -0.917935 -0.932521 -0.548229 0.135754 0.037416 -0.279109 -0.751610 0.819039 0.667233 -0.454173 -0.694531 0.172467 -0.093423 0.048542 -0.700866
0.662171 -0.726858 -0.706899 0.827683 0.447394 0.483752 -0.656600 0.585298 0.274640 0.682130 0.047299 -0.452308 0.328423 -0.997606 -0.158198 0.797312 -0.785729 0.768102 0.566176 0.049302 0.503376 0.694275 0.836962 0.631371 -0.351715 -0.159256 0.642067 0.358744 0.233973 0.369312
-0.824425 -0.184341 0.526010 -0.098334 -0.124317 0.332653 0.347457 0.990488 -0.617816 0.767325 -0.237319 -0.948206 0.714785 -0.613971 -0.085701 0.504647 -0.857370 0.539330 0.689739 -0.398592 -0.376387 -0.627481 0.480220 -0.725618 -0.782649 -0.911900 0.039640 0.168746 0.084674 -0.618740
-0.332174 0.603101 -0.862827 -0.707910 0.024707 0.331267 0.978383 -0.688146 0.237782 -0.915749 -0.222825 0.166222 -0.501858 0.746935 0.612650 0.392228 0.782108 0.323099 -0.322783 0.766577 -0.443218 0.882239 -0.721982 0.497483 0.400068 -0.040434 0.362249 0.623712 0.400128 0.345026
0.102302 -0.411002 -0.386098 -0.254483 -0.985269 -0.752778 0.086095 -0.439870 -0.133202 0.653817 -0.776846 -0.892962 -0.158504 0.334315 -0.833561 -0.055279 0.558900 0.500224 -0.076693 -0.123070 -0.206545 -0.398662 -0.782569 0.205436 -0.468473 0.736679 0.526900 -0.379866 0.215220 0.644902
0.744318 0.985047 0.243011 0.781507 -0.353760 0.580820 -0.240016 -0.499528 0.143860 -0.688670 0.663590 0.884167 -0.948756 0.634441 -0.823927 0.586427 -0.125858 0.691563 0.872533 -0.912757 -0.626662 0.297660 0.181747 -0.399711 -0.522019 0.303117 0.665729 0.624734 0.465880 -0.729304
0.851209 0.876383 -0.582927 -0.337789 -0.032623 0.746569 -0.470814 -0.824997 -0.387458 -0.395887 0.719261 0.580067 0.004509 0.653634 0.087620 -0.654297 0.272473 -0.200766 0.537047 -0.488231 -0.721489 0.120427 -0.540530 0.608038 0.976723 0.024520 0.164699 0.317443 -0.687888 -0.309051
0.765190 -0.458922 -0.473645 0.046151 -0.827364 0.348540 0.847124 -0.885373 0.969375 -0.996590 -0.560463 -0.792458 0.959967 -0.425975 0.419640 -0.771893 -0.193667 -0.488000 0.362855 -0.401353 -0.558162 0.826632 -0.971916 -0.076038 -0.311388 -0.263655 -0.376463 0.066319 -0.035599 0.470369
0.026817 -0.426327 0.183647 0.826596 0.060315 -0.714439 0.416314 -0.207009 -0.616425 -0.016310 0.435870 0.391168 0.360579 0.093074 -0.398273 0.346205 0.233033 0.176000 -0.842850 0.807687 -0.156669 0.732772 0.535697 -0.348690 0.989094 -0.269491 0.992177 -0.650159 0.672526 -0.071819
-0.088622 -0.449258 0.232324 0.451508 0.690785 -0.888405 -0.420929 0.009279 -0.923778 0.493117 0.872047 0.022667 -0.383343 0.988140 0.308590 -0.433577 0.933720 -0.267305 -0.342067 0.071668 -0.552902 0.217823 0.310666 0.149381 0.174264 -0.211568 -0.874752 -0.075468 0.027718 -0.943712
-0.098362 0.862143 0.692094 -0.696488 -0.221833 -0.980516 0.885477 -0.531253 -0.432188 -0.045185 -0.759813 -0.518778 -0.392618 -0.253129 0.282754 0.124595 -0.820858 0.709325 0.076320 -0.385454 -0.853533 -0.398043 -0.014886 -0.694625 -0.142992 -0.581900 0.784472 0.423758 0.342482 0.920151
0.006886 0.323841 -0.071225 -0.452115 0.776822 0.441921 0.737126 0.312044 -0.819553 -0.419012 -0.211299 0.844164 -0.254258 -0.609859 0.844091 0.795975 -0.479259 -0.651655 0.024787 -0.505388 -0.199552 0.221802 -0.591904 0.330068 -0.970308 -0.502705 -0.523191 0.946258 -0.174326 0.555533
-0.375470 -0.325495 0.820650 0.181472 0.297681 -0.281408 0.262222 0.033105 0.501831 -0.993897 0.436953 -0.945575 0.796259 0.443301 0.525427 0.845664 -0.973998 0.327519 -0.593928 -0.464765 0.591702 -0.390811 0.975958 -0.481392 -0.616735 -0.929747 -0.036508 0.500506 -0.239255 -0.698350
0.523807 -0.376448 -0.423882 0.854219 -0.263718 0.171453 0.872916 -0.354994 0.557815 0.270945 -0.155313 0.408587 -0.613020 -0.065201 -0.125720 0.405028 -0.547345 0.069653 0.086686 0.008324 0.324803 0.967576 0.510682 -0.281090 0.633123 0.915249 -0.162576 -0.738407 0.721946 0.182235
0.254977 0.002835 0.853798 0.358006 0.878439 -0.393080 -0.643122 -0.246684 -0.244485 0.008605 -0.647196 0.737739 0.668621 -0.722478 -0.364191 -0.739512 0.965365 -0.533069 0.488381 -0.125264 -0.388613 -0.652987 -0.614102 0.375878 -0.522552 -0.791178 -0.094424 0.402112 0.133093 -0.251067
-0.315900 0.344690 -0.052009 -0.198699 -0.269833 -0.328960 0.639077 0.065135 0.738787 0.501689 -0.300123 0.294880 0.178905 -0.963613 0.395812 -0.445234 0.864115 -0.272422 -0.049602 0.626361 -0.743595 0.469158 -0.016132 -0.445330 0.027657 -0.632438 0.449110 -0.748969 0.863236 -0.557214
0.856200 0.929287 0.740836 0.963993 -0.900023 -0.132171 -0.413058 -0.973558 -0.363207 0.594634 -0.880716 0.106846 0.639379 0.773845 -0.655601 0.877675 -0.564399 0.393393 0.363290 -0.255081 0.420768 0.593989 -0.659921 0.929519 0.390667 0.346461 0.963694 -0.504388 0.114240 -0.050485
-0.105432 0.285397 -0.417065 -0.285829 0.472083 -0.098210 -0.394953 0.104762 0.805700 -0.235573 -0.053544 -0.149322 0.714131 -0.594090 -0.855279 -0.482080 0.597135 0.531804 0.481949 -0.177263 -0.322394 0.641250 -0.105435 -0.486246 -0.618665 0.055784 0.572593 0.690979 -0.494729 0.567187
-0.359510 0.888054 -0.930849 -0.964059 0.239444 0.789664 -0.969048 -0.748558 -0.455820 -0.355988 -0.198152 -0.479275 0.717048 -0.165133 -0.625320 -0.633400 -0.735129 -0.896303 -0.990897 0.533892 -0.676502 -0.582778 0.905029 -0.185267 0.088347 -0.770958 0.490480 -0.012164 0.828769 0.910481
0.347295 -0.394417 0.380538 -0.436073 0.719408 0.399243 -0.443478 -0.576317 0.956889 -0.860183 -0.925442 0.651032 0.797154 0.960591 -0.787017 -0.257292 -0.965761 -0.693456 -0.909336 0.611227 0.823762 0.894973 -0.440559 -0.919684 0.182488 -0.166452 -0.852134 -0.802884 -0.623650 -0.078205
-0.044700 -0.828377 0.834126 -0.542265 -0.763471 0.869607 -0.689853 -0.138963 0.716050 0.744251 0.595967 0.379887 0.220769 -0.730759 0.652241 0.618620 -0.334304 -0.520673 0.781002 -0.654433 0.802158 -0.879067 0.081212 0.788341 0.006911 0.579575 0.213606 -0.742136 -0.579421 -0.303192
-0.696102 -0.100556 0.815515 -0.901098 -0.423520 0.757001 0.274712 0.194842 0.322153 -0.316858 0.231191 -0.779585 0.343709 0.711861 -0.762600 -0.574850 -0.521227 0.706001 -0.214593 0.518318 0.339851 0.720917 0.960929 0.427385 0.901057 0.671922 0.843416 -0.189273 0.790192 0.711680
-0.373786 -0.598101 -0.426271 -0.445876 -0.123448 0.254920 -0.005871 -0.990221 -0.177819 -0.697219 -0.744982 -0.382984 -0.277722 -0.502226 0.280044 0.894440 0.943040 0.098744 -0.317498 0.270596 -0.936536 -0.209528 0.926329 -0.779315 -0.922796 0.382937 0.711799 -0.478949 -0.512708 -0.936245
-0.555410 0.366613 -0.653041 0.949301 0.386656 -0.444490 -0.372349 0.368115 0.621135 0.972021 0.169729 -0.132060 0.498429 -0.685716 0.966904 0.160025 0.318280 -0.776853 -0.408030 -0.106394 -0.720987 -0.680255 -0.763494 -0.229496 0.133044 0.903450 -0.775131 0.369269 -0.005232 0.805774
-0.775304 0.028636 -0.786692 -0.646360 -0.632424 0.798906 0.193217 -0.577301 -0.246716 0.383935 -0.241096 0.448003 -0.883486 0.020607 0.771411 -0.950506 0.717498 0.394489 -0.155005 -0.621566 -0.990415 0.492064 0.611634 -0.814013 -0.890453 -0.267613 0.042841 -0.107505 -0.724901 0.165586
-0.131407 -0.254495 0.330818 0.332152 0.639480 0.418631 -0.245786 0.279216 0.423122 -0.053097 -0.049881 -0.718898 0.039947 0.893855 0.319982 0.010001 0.487220 -0.073255 -0.674028 0.314373 0.555188 0.614511 -0.540572 0.718238 -0.481923 -0.836439 0.350872 -0.350511 0.145941 0.864018
-0.969667 -0.699721 -0.400793 0.836786 -0.197215 -0.000416 -0.223137 0.822431 -0.497948 0.914219 0.958245 -0.557072 -0.462726 -0.914206 -0.063573 -0.119988 0.656697 -0.572440 -0.413146 0.102784 0.260619 0.997258 0.253025 0.495658 -0.287140 -0.773390 -0.932636 0.340744 0.073422 0.645674
0.942345 -0.300507 -0.064378 -0.949170 0.139398 -0.574928 0.305830 0.358393 0.483681 -0.044189 -0.257910 0.074561 -0.234067 0.357611 0.239126 -0.439903 0.421778 0.111013 0.022418 -0.697566 -0.678394 0.242895 -0.638323 -0.877151 0.609209 -0.724798 -0.980620 0.917702 -0.929523 -0.834527
0.791720 -0.104484 0.620365 -0.258874 0.337793 0.364917 0.971490 -0.067541 -0.363845 0.637818 0.784289 0.981895 0.130640 -0.188887 0.753574 0.930625 -0.723806 0.104464 -0.252960 -0.601564 -0.446485 0.080816 -0.283185 0.966406 0.548021 -0.618887 0.680999 -0.127981 0.763672 -0.323618
0.463080 0.787200 -0.190867 -0.732076 -0.748047 -0.048793 -0.887258 -0.745239 -0.042444 -0.775473 0.366487 0.240357 -0.022073 -0.012665 -0.112245 -0.455601 0.191018 0.676578 -0.940499 -0.480443 -0.329203 -0.442496 0.320343 -0.973904 -0.220486 -0.818213 0.109726 0.203077 -0.870697 0.023830
0.280355 -0.020206 0.242051 0.141503 -0.242272 -0.974011 0.955389 -0.321483 0.603147 -0.770832 0.476256 -0.523083 0.232402 0.363427 -0.554253 -0.457345 -0.136262 -0.911870 -0.451980 0.480585 -0.557974 0.497085 0.806262 0.823776 -0.028244 0.154156 0.244818 0.524821 -0.375308 0.176972
0.323339 -0.140361 -0.200102 -0.633260 0.963030 -0.750669 0.456696 0.304841 0.897436 0.123494 -0.466951 0.329083 -0.070264 0.573249 0.279163 0.185287 0.812481 0.661193 -0.958292 -0.123045 0.601459 -0.131060 0.150235 0.941061 0.214450 -0.777119 -0.741885 0.773135 -0.532113 0.891450
-0.671567 -0.718963 0.009394 -0.878761 -0.252415 -0.017431 0.221611 -0.323147 -0.185252 0.531868 0.507772 -0.891534 -0.934162 0.438189 -0.036976 0.741734 0.218651 -0.165674 -0.124919 0.733668 -0.619974 0.532586 0.581385 -0.084541 0.530956 0.415598 0.633253 -0.057404 -0.312270 0.772642
-0.311759 -0.604477 0.809952 0.155090 0.197301 0.885533 0.735530 0.736496 0.108251 -0.928230 -0.767722 0.784237 -0.228257 -0.809299 -0.442076 -0.543761 -0.449710 -0.877690 0.573959 0.750764 0.109265 -0.728822 -0.929547 -0.759737 0.924419 0.465721 0.449271 -0.387468 -0.077787 -0.293485
-0.294398 0.316511 -0.092911 -0.446290 0.209550 0.700602 -0.304833 0.157600 -0.755228 0.562603 -0.671027 0.947177 -0.538681 -0.757527 -0.240710 -0.083046 -0.004203 -0.053219 -0.660549 0.597082 -0.233713 0.847858 -0.217567 -0.297750 -0.496793 0.049852 0.355865 0.951198 -0.149295 -0.878600
0.633296 -0.488542 -0.503566 0.363071 0.369894 -0.868555 0.447003 -0.706248 0.272331 0.859012 0.718154 0.110607 0.758236 0.844102 0.558737 -0.142769 -0.142539 -0.447130 -0.109095 0.484320 -0.358409 0.555909 -0.253945 -0.724173 0.797892 -0.172836 -0.424478 0.459498 -0.336366 0.197709
0.673813 -0.741589 -0.794599 0.155930 -0.150014 -0.985075 0.092883 0.429012 -0.014116 -0.115978 -0.258133 -0.543601 0.197916 0.390391 -0.686520 -0.213629 0.625933 -0.906959 -0.060376 -0.832537 -0.095949 -0.982283 0.199800 0.036342 -0.274429 0.398811 -0.908820 -0.367510 0.703921 0.984694
-0.827518 -0.557056 -0.791254 -0.631248 -0.410716 -0.605820 0.791882 -0.650506 0.124811 0.050131 -0.830010 -0.041868 -0.459796 0.305027 0.896699 0.844807 -0.673508 -0.448723 0.376379 -0.651353 -0.236970 -0.055384 0.027741 0.484371 0.794966 -0.281688 -0.723550 0.583440 -0.577030 -0.605998
-0.050528 0.659465 -0.584859 0.073199 -0.607237 -0.840732 0.788551 0.254097 -0.688550 -0.987648 -0.619743 -0.109223 0.379996 0.590363 -0.754389 -0.281078 -0.577681 -0.895898 0.032194 0.295955 0.310836 0.964981 0.264275 -0.797125 0.482481 -0.849116 -0.864389 -0.687494 0.737696 -0.716596
0.273445 0.153241 -0.471064 -0.571986 0.250241 0.175546 0.210193 0.391126 0.875656 -0.283566 0.119783 0.776720 0.274997 0.159128 -0.754072 -0.202082 -0.309916 0.813738 0.928519 -0.578983 -0.838766 -0.871230 0.494700 -0.463157 -0.983911 0.151690 -0.222909 -0.002475 -0.460757 0.838040
0.561321 0.049996 -0.857089 0.631319 0.659746 0.813561 0.610952 -0.220409 -0.281602 -0.547668 -0.428504 0.657065 -0.764623 0.484807 -0.832911 0.491632 0.639849 0.494722 0.875888 -0.491724 0.545887 -0.634796 0.305152 -0.116061 -0.775058 -0.290828 0.393826 -0.637005 -0.852009 0.772169
-0.924924 -0.681660 0.032937 0.625035 0.386787 -0.720242 0.518967 -0.326807 0.876714 0.279025 0.892706 0.150488 0.621395 0.481253 -0.650983 -0.451888 -0.646627 -0.081590 0.360607 -0.566568 -0.226208 -0.029172 0.423646 0.160663 -0.390160 0.298788 0.803284 0.862165 -0.078250 0.152830
0.043810 0.546329 0.970199 -0.191956 -0.874958 -0.462991 -0.473663 0.958170 -0.350585 0.509338 0.164662 0.936093 -0.129379 0.493695 -0.553446 0.266659 -0.798007 0.125699 0.510475 -0.100559 -0.779048 0.951649 -0.590943 -0.203830 -0.629213 -0.535956 0.715801 -0.671923 0.084926 -0.559153
0.677599 -0.554549 -0.273146 -0.700760 0.309891 -0.666168 0.960310 -0.681658 -0.161942 0.699310 -0.853212 0.477259 0.273596 0.691672 0.059382 -0.259916 0.586381 0.724612 0.583762 -0.918853 -0.735549 -0.353275 0.456761 0.454003 -0.812518 0.763611 0.608804 -0.416981 -0.968010 -0.834775
0.918986 -0.105529 -0.465978 -0.618523 0.542132 -0.668411 0.558314 -0.549161 0.635768 0.640435 0.086824 -0.049121 0.622325 0.079830 0.151401 -0.043149 -0.329074 0.540976 0.852831 -0.394597 0.841855 -0.876159 0.452132 0.366364 0.649843 0.206899 0.567626 -0.803387 -0.681957 -0.364084
0.621485 -0.018280 0.335827 0.718701 0.941403 -0.234093 -0.153881 0.312574 -0.367474 0.116195 -0.389643 0.382736 -0.776876 -0.527697 -0.658443 -0.512002 -0.092493 -0.662858 0.874518 -0.922273 0.564548 -0.259704 -0.485203 -0.674779 0.658679 0.092580 0.273556 0.969305 0.811505 0.893515
-0.300545 -0.836285 -0.645851 0.232549 0.287973 -0.950237 -0.205191 0.325331 0.437357 0.577998 0.923372 0.494933 0.052981 -0.762630 0.983499 0.565337 -0.410367 -0.773503 0.430307 -0.093471 -0.556148 0.088742 -0.021968 0.937324 0.506013 -0.697267 0.323268 -0.657164 0.111397 -0.625370
-0.354356 0.835629 -0.836254 0.605865 -0.441006 -0.415724 0.782540 0.218760 -0.374998 -0.423881 -0.695279 0.304795 -0.159655 0.840713 0.757043 -0.608636 -0.519929 -0.602844 0.911511 0.227380 -0.906183 0.283811 -0.966019 -0.282769 -0.145894 -0.267544 -0.889550 0.710191 -0.483148 0.660392
-0.838404 0.068825 0.744830 -0.897520 0.696146 0.929179 -0.143183 0.396052 -0.263875 -0.144473 0.169090 0.286009 -0.727242 0.589910 0.242036 0.673100 -0.153977 -0.093607 0.699559 0.068612 0.717231 0.845532 0.872993 -0.440842 0.715889 -0.254820 -0.696445 0.834215 0.657929 0.952114
-0.996387 -0.980517 0.035552 0.564530 -0.513427 -0.753514 -0.061901 0.125754 0.478144 0.945038 -0.111598 -0.343918 0.758113 -0.087258 -0.079899 0.888342 0.547489 0.753514 0.785701 0.482705 -0.700371 -0.810517 0.248366 -0.700133 -0.650700 0.006593 -0.009077 -0.773623 0.216405 0.875170
-0.720736 -0.131954 0.422239 -0.043557 0.204184 -0.977211 -0.216153 0.770713 0.611413 -0.157093 0.821213 0.394935 0.982425 -0.160433 -0.331613 0.638233 -0.546481 0.365207 -0.190646 0.284719 -0.025809 -0.274816 -0.459794 0.445132 -0.353796 0.602888 -0.902207 -0.554346 0.196005 0.060423
-0.428645 -0.721853 -0.360174 -0.875455 -0.878163 0.861251 -0.674806 0.775733 0.068081 0.361712 0.095344 -0.319799 -0.692290 -0.326686 0.210810 -0.491758 0.207374 0.307450 -0.089284 0.849685 0.293744 -0.288419 0.725574 0.484163 0.567400 -0.616417 0.893807 -0.204426 -0.694985 0.818881
0.673531 -0.916857 -0.639741 -0.423154 0.133054 -0.903571 0.934630 -0.912189 -0.198980 -0.256369 0.683271 -0.063275 0.262603 0.568521 -0.991783 0.365988 -0.572578 -0.461054 -0.479575 0.759765 -0.782119 0.825657 0.052547 0.616052 -0.158329 -0.451355 -0.096262 -0.755849 0.951116 0.789615

Bias v0 (Oculta):
-0.090745
0.566572
-0.014682
0.233349
-0.600786
-0.654364
-0.345863
-0.763903
0.565633
0.663216
-0.145666
0.524281
-0.749879
0.278311
0.195115
-0.411622
0.059838
-0.694542
-0.421179
-0.293953
0.532358
0.687568
0.100506
-0.178283
-0.067347
0.383291
0.402518
0.125627
-0.990270
-0.316068

Pesos w (Oculta -> Saída):
-0.336048 0.146203
-0.142001 0.642852
-0.422516 -0.769922
-0.178936 0.453661
0.192692 0.372070
-0.641422 0.328059
-0.089731 -0.687716
0.779658 0.238576
0.380256 0.611459
-0.902865 -0.228352
-0.689620 -0.664746
-0.598045 0.145775
-0.935015 0.517164
-0.496691 -0.948052
-0.686997 -0.896701
-0.261168 -0.994139
0.032199 0.313880
-0.759179 -0.502661
-0.997949 0.620792
0.034295 0.416406
0.052104 0.433120
0.344950 0.100455
0.881042 0.812835
0.676008 0.649493
-0.098119 -0.579590
-0.412044 0.491330
0.598521 -0.727583
-0.920603 -0.141285
-0.156321 0.402881
0.068779 0.072351

Bias w0 (Saída):
0.759211
-0.266449
