Pesos v (Entrada -> Oculta):
-0.403512 0.426897 -0.146846 -0.504173 -0.233732 0.648258 0.501504 -0.959622 -0.998350 0.780610 -0.405752 -0.505535 -0.257065 0.870487 0.159316
-0.447511 0.296431 -0.252933 0.044640 0.267722 0.953441 -0.937210 0.465009 0.725437 -0.180351 0.609457 0.244422 -0.542059 0.843353 0.121266
-0.600352 0.171370 0.583112 1.011749 -0.118359 -0.044401 -0.521565 0.525623 -0.398215 -0.244792 -0.721207 -0.304024 0.554648 0.515477 0.657225
-0.379766 -0.445792 0.270651 -0.343058 1.014253 -0.981751 -0.659212 -0.968630 -0.203542 0.800147 0.071024 -1.089076 0.548972 0.156846 -0.217276
0.546917 0.633434 -0.614636 -0.341993 0.012886 0.433217 -0.201486 -0.484828 0.641980 0.131369 -0.237976 0.415047 0.308981 0.802349 -0.341386
0.237584 -0.303171 0.234900 0.128512 0.842502 -0.102905 -0.075637 0.698897 0.362560 0.532995 0.489979 -0.801094 -0.319843 -0.992434 -0.660593
-0.466755 -0.343813 0.349622 0.342917 0.131227 -0.370475 -0.909794 0.445656 0.949032 0.125819 -0.473724 -0.635887 -0.028124 -0.821571 0.420910
-0.740734 -0.191156 0.083541 -0.390897 -0.026321 -0.378478 0.554387 1.125461 0.791263 0.483277 -0.014478 0.469935 -1.029365 -0.985501 -0.549125
-0.495468 0.422358 -0.515673 -0.617294 -0.947883 -0.905946 0.790290 0.026878 0.895378 0.667516 -0.335686 -0.911375 -0.273841 0.313809 0.608513
-0.185605 -0.725812 -1.005129 0.352851 0.249532 -0.656905 0.029015 0.759996 0.752131 -1.273828 -1.015993 0.061039 0.257980 -0.725670 -0.471410
0.375565 -0.919269 0.016136 0.150397 0.641697 -0.040830 -0.023337 0.274210 -0.136810 0.582447 0.381215 0.628452 -0.175827 0.994071 0.120819
0.523805 0.039852 0.841015 -0.028376 -0.879983 -0.391175 -0.720665 0.875585 0.698859 0.267700 0.630520 -0.150697 0.956982 -0.259082 -0.852275
0.344102 0.111919 0.409765 -0.089724 -0.287581 -0.410524 -0.264098 0.448260 -0.690176 -0.365399 -0.597582 0.874543 0.606690 0.326730 0.709774
-0.718062 -0.527997 -0.113182 0.727518 -0.347351 0.436970 -0.291726 -0.656296 0.905230 -0.507514 -0.692495 0.022955 0.428121 -0.947435 -0.973149
-0.299616 -0.477415 -0.198346 0.809558 -0.444521 -0.382969 -0.659430 0.287931 -0.654693 0.049960 -0.051078 -0.549047 0.005179 0.784055 0.775831
0.673617 0.336717 0.094567 0.776476 -0.464735 0.338297 -0.204105 -0.429648 0.383201 -0.774842 0.062449 0.073767 -0.646177 0.745692 0.680969
-1.015678 -0.310761 -0.454727 0.844186 -0.245158 -0.903171 0.034946 -0.502375 0.504013 0.703037 -0.736043 -0.442485 0.821209 -0.488238 -0.591175
0.139730 0.465507 0.065215 -0.550481 1.268954 0.727930 0.651413 1.058948 -0.616055 -0.201050 -0.034256 -1.090647 -0.047518 0.567864 1.116980
-0.781171 0.351573 0.928128 1.057493 0.970349 -0.665941 -1.047062 -0.043896 0.294730 1.337682 1.219064 -0.860302 0.676865 -0.771345 0.341298
0.627168 0.936810 -0.532977 0.125724 0.688003 0.248064 0.403825 -0.235502 0.331307 0.153396 0.342439 0.660396 0.941033 -1.377105 0.882500
-0.170275 0.076629 0.572066 -0.285109 0.017196 0.450708 0.292200 0.599303 -0.382999 0.240306 0.003576 0.167973 0.315190 -0.158823 0.503628
-0.017509 0.429672 -0.385840 -0.509740 0.460567 0.279928 -0.659347 -0.646587 -0.128895 -0.628277 -0.699898 0.496964 -0.693874 -0.379702 -0.924802
-0.001819 0.780287 -0.926921 -0.894022 0.804649 0.126122 -0.760123 -0.080644 0.232563 -1.040935 -0.014060 -0.055487 0.203568 0.510305 -0.315250
-0.480935 -0.515219 -1.087018 -0.299781 0.032338 0.137896 0.218032 0.681697 -0.836425 0.489553 -0.605717 0.031395 0.732419 0.012007 0.745593
0.653883 -0.970487 -0.725919 -0.208357 -0.583402 0.523871 -0.044303 0.010522 -0.014889 0.343443 0.586158 0.513691 0.044970 0.392292 -0.788265
-0.355250 0.871094 0.692019 0.370729 -0.667764 0.356623 0.606292 -0.726098 -0.322439 -0.858432 -0.030546 -0.362119 0.103681 0.039149 -0.524046
-0.598138 0.199217 0.518153 -0.164059 -0.346328 0.481872 -0.946332 0.528322 0.856243 -0.678234 -0.166452 -0.643009 -0.035217 -0.896876 -0.408433
-0.660728 0.799798 -0.030469 0.434965 0.187519 -0.170417 -0.421999 0.483325 -0.588237 -0.928900 0.989047 -0.050620 0.582084 0.002109 0.120596
0.249321 -0.950842 0.255393 -0.673935 -0.379781 0.239922 -0.703875 0.582397 -0.555839 0.816166 -0.407751 -0.839281 0.662525 -0.741738 -0.969163
-0.163687 -0.588491 -0.589728 0.679246 0.087822 -0.110538 -0.569513 -0.089058 0.551935 -0.813769 0.580301 -0.299367 -0.447574 -0.242243 0.301551
0.416842 0.472122 -0.111695 0.456072 0.698209 -0.682567 -0.044958 0.378289 -0.875643 0.644819 0.835323 0.466929 0.618576 0.274618 -0.431326
0.673911 -0.731277 -0.267281 -0.457966 0.178349 -0.583076 -0.775598 -0.335983 -0.369493 0.895479 0.305264 0.492335 -0.500085 -1.413391 -0.235984
0.049448 -0.310934 -0.139159 -0.657986 -0.525316 0.151352 0.164287 0.433221 0.029028 0.678079 -0.309500 0.754407 -0.717013 0.242154 0.187719
0.913223 -0.416121 -0.838511 0.286546 -0.640275 0.243256 0.763780 -0.380524 -0.035247 0.343079 0.661083 -0.072473 -0.027331 0.466972 0.773528
0.579812 -0.955906 -0.275981 0.561375 -0.393022 -0.357599 0.810154 -0.175506 0.390325 -0.464610 0.493455 -0.196897 -0.659364 0.595841 0.655520
-0.954652 -0.554808 -0.152464 0.620754 0.433050 0.140059 -0.672972 -0.062634 -0.366099 -0.924493 -0.966386 0.932600 -0.914388 0.275736 -0.087725
0.079765 -0.794015 -0.643427 0.813320 0.892604 -0.576829 0.118554 -0.722153 0.669575 -0.519257 0.831577 0.868898 -0.278539 0.457896 0.287953
-0.488309 0.199257 -0.545691 -0.375934 -0.545662 -0.579843 0.018689 -0.527817 -0.329305 0.711442 -0.206519 -0.298043 -0.075778 -0.875722 0.355306
-0.100259 0.281309 0.406279 -0.762563 -0.821385 0.667326 0.344799 -0.445731 -0.126441 0.006064 -0.392213 0.920499 -0.428993 0.245285 -1.037502
-0.168924 -0.246685 -0.574863 0.178109 0.230666 -0.190376 -0.856356 0.505532 0.691684 -0.261197 -0.257415 0.171418 0.570450 -0.197886 0.904627
0.510056 -0.803377 -0.967377 0.530430 0.246598 0.431407 0.364964 -0.286690 -0.089231 -0.362361 -0.661920 -0.134412 0.133727 -0.944429 -0.994536
-0.119015 0.779363 -0.485666 -0.325064 0.542987 1.235684 0.075514 0.144960 -0.726680 -1.004919 -1.423934 0.124189 0.390085 0.493376 -1.009462
0.271777 0.024517 0.592820 -0.989961 0.710617 0.796323 0.042316 -0.950903 0.515777 0.370613 -1.353461 0.777454 1.031111 0.700119 -0.395418
-0.392399 0.819738 0.419182 -0.080186 0.680044 0.024549 -0.264936 -0.844915 -0.323203 0.709800 0.297727 -0.081844 -0.223306 -1.215700 -0.795934
-0.011345 -0.805898 -0.963850 0.634070 0.846930 -0.304949 0.189224 0.718017 0.307777 0.867887 0.084380 0.577477 -0.355967 -0.383790 0.115500
0.681834 0.533392 -0.563335 -0.774352 0.669689 0.881203 0.352406 0.852871 0.799644 0.467874 -0.084195 0.453730 0.008474 0.034169 0.803212
-0.319973 0.593817 -0.505121 -0.625305 -0.055759 -0.329751 0.517460 0.444282 0.286528 -0.368571 -0.088042 -0.388545 -0.570056 0.461009 -0.560413
-0.067350 0.682084 0.557428 0.418504 -0.087355 -0.443979 0.813991 0.894654 0.694577 0.668686 -0.867155 -0.677000 -0.631066 0.577657 -0.170907
-0.629314 -0.375563 0.356531 0.463747 0.829760 -0.921694 0.287412 0.964871 0.165145 -0.544519 -0.442565 -0.031447 0.186679 0.443363 0.716807
-0.883072 -0.965807 -0.542195 0.198384 0.650788 0.551962 0.606191 0.532683 0.056425 -0.762301 0.826140 -0.505898 0.811894 -0.022748 0.009591
0.632230 0.234478 0.903127 0.222273 0.860804 -0.519952 -0.009653 -0.537821 0.295706 -0.548983 0.106789 -0.466045 0.896046 0.467878 0.173585
-0.054744 -0.773881 0.273650 -0.932823 0.030959 0.498246 -0.204662 0.669742 -0.342139 -0.485518 -0.390556 -0.273049 -0.732533 -0.004498 -0.198780
-0.553159 -0.416632 0.546942 -0.544116 -0.367089 0.470429 0.123857 -0.402849 -0.795141 -0.433081 -0.679171 0.027383 0.478607 0.611713 -0.181314
0.862543 -0.399319 -0.183155 0.340386 -0.942436 -0.397088 -0.467806 0.391275 0.708163 -0.019681 -0.736935 0.780024 -0.682618 0.830494 0.695746
0.131671 -0.089323 0.332672 0.021367 0.698911 -0.580123 0.242581 0.213648 -0.858545 -1.008242 0.180408 -0.825181 0.814301 1.057138 0.830619
-0.605001 0.108159 -0.195294 0.610322 -0.430267 0.668926 -0.211580 -0.468405 -0.869295 -0.806229 0.307640 -0.029899 -0.958065 0.060325 -0.855737
0.012876 -0.987493 0.670226 0.755771 -0.349919 -0.252291 0.635850 -0.431970 -0.819872 0.498795 0.784943 -0.363682 -0.492916 -0.793882 -0.424974
-0.818066 0.656850 -0.946925 0.435676 0.509836 0.249334 0.469095 -0.047318 0.078538 -0.618756 0.540809 -0.850953 0.034588 -0.191916 -0.746520
0.578766 0.448891 -0.813705 -0.728689 0.256684 -0.105960 0.807530 1.043175 0.942206 -0.490140 0.949883 0.564749 0.807215 -1.066093 0.595018
0.309922 -0.754199 -0.514012 -0.085509 0.580425 0.257947 -0.501741 -0.251251 0.160694 -0.379439 0.499954 -0.805534 0.084997 0.186687 -0.410782
0.739795 -0.500653 0.576459 0.326346 -0.202055 0.869986 -0.528238 0.989807 0.279388 -0.618190 -0.181467 0.257506 0.174517 0.456710 0.950007
0.326212 0.038299 -0.452479 -0.015733 0.185285 -0.253066 -0.260620 -0.774761 -0.195838 -0.562344 -0.190835 0.649257 0.108176 0.841941 0.528556
0.089815 -0.973941 -0.500789 -0.062353 -0.115193 -0.130781 -0.386566 0.483420 -0.918055 0.662584 0.607098 -0.167826 0.263069 -0.965119 -0.404973
-0.612289 0.548515 0.205267 -0.518632 0.772077 -0.280759 0.900998 0.441004 0.384537 -0.870401 0.715119 -0.825010 0.684819 -0.554575 -0.110379
-0.346799 -0.706465 0.207563 -0.471358 0.429682 0.993768 1.028907 -0.526006 0.967713 -1.086387 -0.303073 0.141579 -0.872740 -0.285515 -0.344255
0.637353 -0.512491 0.031453 -0.874504 -0.609797 -0.366599 -0.034325 -0.889432 0.979356 -0.944435 -0.263134 0.927496 0.665730 -0.007021 0.864415
-0.696122 0.871512 -0.441826 0.841207 0.021037 0.286637 -0.096128 -0.571246 0.819120 0.037712 0.597666 0.386983 0.685401 0.369826 0.240413
-0.799472 0.556959 -0.163582 0.859120 -0.003484 -0.201899 -0.379705 -0.754532 -0.501308 0.110758 0.615180 0.803048 0.194060 -0.058124 0.171393
-0.568354 0.784036 -0.675606 -0.687522 0.422668 0.394502 -0.529441 0.256993 0.561529 0.451136 0.195801 0.002430 0.590394 -0.572729 -0.832563
-1.040163 0.252322 -0.819494 -0.717916 -0.107838 -0.735833 0.372126 0.270852 0.867592 -0.069679 0.359692 0.773816 -0.671892 0.700186 -0.331309
-0.077718 -0.222763 -0.798827 0.677963 -0.552134 0.827485 0.589361 1.050020 -0.850567 0.791120 -0.851403 -0.137694 -0.459338 0.253027 0.728086
1.007682 0.421098 0.839367 0.915449 -0.052688 0.516930 0.243566 0.218281 -0.642136 -0.452656 0.595501 -0.002688 -0.560452 0.061603 0.011740
0.630980 -0.589460 0.574687 0.266338 0.196833 -0.878429 0.869551 -0.841614 0.499303 0.827950 0.251309 0.244383 0.873451 0.810996 -0.433895
-0.127805 0.437278 -0.921134 -0.318664 0.685519 0.395012 -0.758494 0.805265 -0.634975 0.272716 0.226273 -0.367999 0.838750 0.172404 -1.021624
-0.536474 0.818362 -0.225165 -0.246546 0.339544 -0.207655 -0.682794 0.157566 0.246382 -0.438559 0.326852 0.020388 0.849675 -0.711055 0.209798
0.864722 0.869940 0.245909 -0.276266 0.099147 0.469896 -0.142073 0.138306 -0.906322 0.193763 -0.398378 0.641384 -0.512150 0.345992 -0.369947
0.274621 -0.439695 0.171259 0.228961 0.449339 0.296698 1.054696 0.312040 0.136326 -0.291285 -0.183464 0.835858 1.141327 0.447087 -1.020674
0.011310 0.295435 0.578541 0.651786 -0.251138 -0.033778 -0.796410 0.458295 0.008278 -0.727239 0.158279 -0.873065 0.504897 0.088983 0.505753
-0.094894 -0.941514 0.523887 0.243770 0.522506 -0.923497 0.125858 0.256935 -0.670184 -0.337506 0.149418 0.549695 0.728297 -0.636079 -0.958807
-0.354257 0.363393 -0.113071 -0.868555 -0.683700 0.719862 0.753221 0.619677 0.962334 0.677529 0.789316 0.099504 0.658116 -0.533684 -0.717175
-0.427645 -0.076507 -0.734259 -0.149281 0.898597 0.941437 -0.401292 0.783190 -0.904017 -0.235688 -0.519229 -0.770134 0.835253 -0.728077 -0.261659
-0.492670 -0.937164 0.004657 -0.927431 -0.189158 -0.382625 -0.954632 -0.265458 -0.773932 0.861407 -0.297563 0.518632 0.082541 -0.365039 -0.855066
-0.956004 0.213249 -0.538884 0.886647 0.550924 0.331348 0.909660 -0.879133 -0.810528 0.881712 0.000733 -0.552872 -0.851338 0.561652 -0.494081
0.811880 0.717395 0.459756 0.328690 -0.928722 0.226005 -0.103441 0.707034 0.645473 0.965834 -0.015657 0.854245 -0.278530 -1.061971 0.714012
-0.779584 -0.662208 -0.320422 0.273923 0.576857 -0.195937 -0.108028 0.688221 -0.822446 -0.163120 0.519077 0.053733 0.704056 0.368522 0.186267
0.936348 0.753693 0.001667 -0.266452 -0.930579 0.343933 -0.739023 0.124534 -0.487495 0.344706 -0.174333 -0.304462 -0.682874 -0.867021 0.685643
0.839343 -0.738486 -0.364729 0.122608 -0.708828 0.587773 0.973269 0.626498 -0.087776 -0.307851 0.220059 -0.446054 0.222049 -0.511804 0.190116
-0.442548 0.342899 -0.379570 0.692496 0.942245 -0.548665 0.717867 0.112222 0.394675 -0.229466 0.648525 -0.232945 0.692367 0.171909 0.257369
0.289290 0.222187 -0.482459 -0.413444 0.565521 -0.843262 0.236620 -0.937216 -0.954072 -0.041640 0.009854 0.485399 0.937559 -0.161637 -0.424552
1.044867 -0.665872 -1.057386 -0.345360 -0.932764 0.452717 0.799259 0.121776 0.664031 0.535670 -0.268549 0.612791 0.215768 0.517051 -0.277208
0.496331 0.377897 0.427293 0.974329 0.856543 -0.368161 -0.832227 -0.789861 0.071566 -0.859291 0.825253 -0.016266 0.366419 -0.473574 0.765203
-0.199040 -0.762643 0.174906 0.724637 0.377897 -0.456062 0.668435 0.486820 -0.269888 -0.264336 0.349217 -0.592370 0.082685 -0.852603 -0.286718
0.003398 -0.625090 0.733774 -0.364228 0.930020 -0.880126 0.801281 0.373672 0.937109 -0.030593 0.346588 1.113787 0.786388 -0.686398 0.658782
0.682962 -0.093158 0.954070 0.148021 0.839109 -0.650288 0.281096 -0.712569 0.792781 0.561704 -0.385765 -0.834306 0.593354 -0.460925 0.256631
0.068959 0.017358 0.554905 0.347984 -0.385354 0.070407 0.770798 -0.586210 0.888805 -0.325651 0.459100 -0.037094 -0.305079 -0.412717 -0.385152
0.654547 0.008610 0.172820 0.661991 1.012359 0.366219 0.385493 0.426138 -0.034347 0.975270 0.406568 0.168747 0.675058 0.656659 0.603717
-0.154453 -0.332393 0.305697 0.315375 0.763999 -0.350000 0.526093 0.655753 0.327803 -0.181821 -0.377609 0.519794 0.102725 0.659052 -0.158339
-0.203828 0.688986 -0.467123 -0.821111 -0.880884 -0.254285 -0.279541 -1.060142 -0.099942 -0.168355 -0.964837 1.132343 -0.459526 -0.573908 -0.923736
0.503615 0.252672 0.631365 -0.306999 -0.316518 -0.687102 -0.092983 -1.129864 0.465194 -0.670489 -0.456532 0.442581 0.808640 -0.035607 0.253244
-0.478148 0.354084 0.091655 1.007946 -0.291300 -1.100392 -0.390192 0.086187 -0.930668 -0.106446 -0.172946 -0.883352 0.082968 0.048715 0.738206
-1.094303 0.824369 0.406414 -0.087086 -0.712828 -0.051573 0.062620 -0.433819 0.284268 0.886294 -0.651507 0.003829 -0.318209 0.682714 -0.015074
0.788341 0.038909 0.510101 -0.877418 0.693713 0.424542 0.453469 0.704734 0.679919 -0.092961 0.477347 0.237319 -0.558329 -0.599017 -0.847413
0.017742 -0.640705 -0.623346 -0.378053 0.631550 -0.379534 0.883891 0.266378 -0.546591 0.343232 0.592553 -0.009668 -0.445440 -0.172319 0.157190
0.026123 -0.362981 -0.264783 0.565836 0.969314 0.354447 0.622948 0.655213 -0.565652 0.238246 -0.063029 0.176112 -0.177252 0.210611 -0.621121
-0.317091 0.905410 0.271673 0.694762 -0.522565 0.158261 -0.520288 0.873864 0.121384 -0.484187 -0.874163 0.898279 -0.750406 -0.300062 -0.173476
-0.636312 0.012052 -0.438458 0.176783 0.199743 -0.746385 0.573284 0.469695 0.753021 0.499826 0.144916 0.669399 -0.610471 0.953620 0.376936
0.573154 -0.587658 -0.592893 0.068525 0.059236 -0.750061 0.044981 0.426908 0.672579 0.665393 -0.118758 -0.079577 -0.480913 0.020639 0.755807
0.346266 0.102917 -0.558922 0.572952 -0.866015 0.400685 -0.613401 -0.579334 -0.721313 0.834211 0.633191 -0.404448 0.197387 -0.501725 -1.002570
-0.087668 -0.621163 -1.013644 0.809245 -0.629735 0.460788 -0.268447 -0.089200 -0.004869 -0.754597 -0.183916 0.624952 -0.083002 -0.614515 -0.286965
-0.267952 -0.966774 0.679884 -0.814322 0.208842 0.639894 0.132028 -0.678707 0.792385 0.255990 -0.372397 0.093507 1.082614 0.014520 0.091964
1.094871 0.495192 -0.597191 -0.305425 -0.214772 1.038596 -0.014488 0.309087 -0.729936 -0.379529 -0.704096 -0.756811 0.136031 -0.403917 0.337100
-0.601255 0.148346 -0.433891 -1.001006 -0.340615 -0.214216 0.647401 0.671044 0.706365 1.100423 -0.097030 0.061504 0.454887 0.684399 0.637379
-0.038152 0.639431 -0.497364 -0.698728 0.327434 -0.778952 -0.005106 0.947738 0.639300 -0.167983 -0.241291 -0.445910 0.125859 -0.469364 -0.004788
0.952564 0.565091 -0.708599 0.346006 -0.500018 0.265610 -0.981300 0.584976 0.516013 -0.416023 0.465921 -0.826343 0.244623 0.066636 -0.296556
-1.025162 0.817565 0.568669 0.604546 -0.487053 0.285552 -0.688644 0.480825 -0.415552 0.472493 0.964355 0.699186 -0.669096 -0.015779 0.139619
0.465595 1.000191 -0.286871 0.599716 -0.640052 -0.424228 -0.129598 -0.644753 0.896444 0.043982 0.208556 -0.839795 0.106186 -0.305097 0.710771
-0.224752 0.175882 0.436857 0.901655 -0.874154 -0.737659 0.420044 -0.479691 0.952181 -0.691708 -1.302404 1.031392 0.087804 0.182284 0.193439
1.011597 -0.233494 0.698518 1.006312 -0.269822 -0.561390 -0.728704 -0.785957 -0.058723 0.537107 -0.200926 0.991287 -0.060887 0.522665 0.073412
-0.331713 -0.705049 0.155913 0.464412 -0.901297 -0.050949 -0.840595 -0.374544 -0.218381 -0.632624 -0.113925 -0.580472 0.267785 -0.918661 -0.239083
0.773516 0.072915 -0.004421 0.164126 -0.820857 0.847585 -0.382917 -0.629315 0.719610 -0.733595 0.170411 -0.824609 -0.703440 -0.458035 -0.597886

Bias v0 (Oculta):
0.669032
0.177442
0.186815
-0.629065
-0.536193
0.414144
0.748390
-0.872496
-0.368583
0.784006
-0.028485
-0.162176
1.000252
0.560517
0.313983

Pesos w (Oculta -> Sa獮a):
-0.832650 0.735630
0.045822 -0.519122
-0.158431 -0.406783
0.877091 -0.315574
0.891206 -1.027603
-0.603328 0.651791
-0.415926 0.189655
1.074958 -0.939271
-0.172952 -0.221441
1.902680 -1.696566
1.626409 -1.603410
-1.090855 1.043682
-0.782533 0.807984
-1.822716 1.962080
0.593218 -0.502007

Bias w0 (Sa獮a):
0.399489
-0.502280
