Pesos v (Entrada -> Oculta):
0.391487 -0.147526 -0.085001 -0.342948 -0.782284 -0.519302 0.330000 0.397058 -0.546056 0.017901 -0.984428 -0.614307 -0.821274 -0.279002 0.303426 -0.793233 -0.698107 0.749380 0.810935 0.551536 0.792210 -0.093814 -0.160043 -0.258824 -0.390026 0.976632 -0.321267 0.924785 -0.966898 -0.995337 0.445971 -0.100258 0.877672 -0.558256 0.378474 0.575419 0.976029 -0.836237 0.130570 0.355671 0.483998 -0.874532 -0.949050 -0.573533 -0.118435 -0.538647 -0.333450 0.981448 0.507209 0.327010
0.291071 -0.758774 -0.564881 -0.629163 0.564095 0.772248 0.921067 -0.640011 -0.553485 0.341423 -0.761581 0.766105 0.927404 -0.567146 -0.648748 0.464563 0.382328 -0.544854 0.262393 -0.817125 0.634847 0.653969 -0.647502 -0.490225 -0.888773 -0.510593 0.048598 0.389505 0.954811 0.484311 0.149222 -0.697287 -0.977935 0.229746 -0.319179 -0.669729 -0.258111 0.366655 -0.040061 0.233468 -0.471321 0.129436 -0.724945 0.962783 0.649024 -0.561036 -0.910503 -0.318222 0.231924 0.177235
-0.807347 0.244164 0.896184 -0.370879 0.884787 -0.567844 0.967986 0.774873 0.896675 0.726606 0.315823 -0.607552 -0.241770 -0.499577 -0.052210 0.504274 -0.862988 0.631681 -0.011264 0.768986 0.170688 0.167157 0.013302 -0.005379 -0.877747 -0.013588 0.811840 0.767358 -0.996329 0.990318 0.477554 0.021493 0.004649 0.620180 0.418291 0.703408 -0.692392 0.802687 0.003489 0.007889 0.413829 0.106460 -0.935697 -0.980915 0.243026 0.972624 0.976696 -0.644313 0.133452 0.124921
-0.075661 -0.833704 0.852003 0.022916 0.233769 0.620817 -0.733336 -0.922218 0.863459 0.099815 -0.576659 0.491494 -0.260072 -0.757792 0.281916 -0.399234 0.972426 -0.496558 0.937394 0.086062 -0.902851 -0.052267 -0.898391 0.633090 0.422018 -0.639469 -0.234708 0.103124 0.799025 0.419771 -0.394000 0.934521 -0.718518 -0.965153 0.615810 0.420457 -0.920763 0.143598 -0.333054 -0.638961 0.894880 -0.872246 0.505452 -0.381452 0.552825 -0.525625 0.831144 0.005950 -0.885754 0.338264
-0.206716 0.007954 -0.744446 -0.918469 0.562116 0.389287 0.603986 0.331180 0.946988 -0.482099 0.061405 -0.766548 0.468034 -0.702497 -0.242715 0.851966 0.081002 -0.350558 0.948070 0.673160 0.195842 -0.244814 0.903195 -0.660782 -0.764178 0.665079 0.265003 -0.579213 -0.196024 -0.462941 0.838846 -0.701541 -0.280608 -0.335130 0.967285 0.641045 0.066409 -0.100020 0.172883 0.181924 -0.286094 -0.776548 0.447007 -0.773029 0.184823 0.367594 -0.501843 -0.117659 -0.599803 -0.409106
0.281996 -0.772754 0.337276 0.502452 0.223831 0.053397 -0.891683 0.899592 0.027124 -0.580967 0.877544 -0.576351 -0.133756 -0.624348 0.506199 0.462966 -0.683335 0.730776 -0.266940 -0.379718 0.377883 0.694232 0.371487 -0.583953 -0.539001 -0.991731 0.052279 0.491275 -0.674506 0.842122 -0.514337 -0.124258 -0.038215 -0.286388 0.179319 0.927395 -0.080738 -0.784593 -0.473694 -0.055395 0.221478 0.802876 -0.493693 0.007176 0.718567 0.571084 0.895804 0.338038 0.561938 0.653391
0.421336 -0.525083 -0.488481 0.811382 0.851090 -0.577927 0.923612 -0.103921 -0.419889 -0.499894 0.924158 -0.371991 -0.567990 0.834318 0.836762 -0.320502 -0.038533 -0.050219 -0.688068 -0.994455 -0.489681 0.222962 -0.111129 0.948111 -0.368493 0.980700 0.214801 0.512510 0.975131 -0.829483 -0.568262 0.731440 0.550011 0.566605 -0.113439 0.256000 0.356404 -0.158145 0.808427 -0.720940 -0.453711 -0.689212 -0.755814 -0.931385 -0.671394 0.031104 0.843277 0.933010 -0.573593 -0.719589
-0.851123 -0.004238 0.907886 0.100465 -0.494717 0.542549 0.838566 0.277832 -0.668406 0.553136 0.940389 0.239254 -0.979118 0.812878 0.226635 -0.423234 -0.737440 0.090314 0.156660 -0.849383 0.212453 -0.805887 -0.707940 0.803434 0.456725 -0.283286 -0.574943 0.413107 0.402465 -0.361243 0.969818 0.693501 -0.606229 0.695952 0.748719 -0.782142 0.753518 -0.799710 0.394369 0.131414 -0.847896 0.580931 -0.360351 -0.707995 -0.859474 -0.156724 0.896198 -0.772989 -0.197474 0.302886
0.703084 0.615888 -0.785647 -0.508024 -0.704684 0.402231 -0.335047 0.957419 -0.128569 0.308664 -0.891204 0.538835 -0.727290 0.299934 -0.106652 -0.913345 0.942939 0.528407 0.911812 0.985996 -0.050489 -0.116104 -0.972917 0.834850 0.324196 -0.841559 0.251617 -0.647744 -0.198092 0.198153 0.946000 -0.522631 0.560954 0.991169 -0.903661 -0.438810 -0.348269 -0.547023 -0.615547 -0.374850 0.356466 0.408880 0.761982 -0.638386 -0.456868 0.229874 0.685540 0.425117 -0.198284 0.398090
-0.587938 0.250952 0.860294 0.821126 -0.969044 -0.065447 -0.183485 -0.201319 0.506224 0.720913 -0.214869 -0.300227 0.883758 -0.669125 -0.403627 0.187982 0.754869 -0.177590 -0.911707 -0.248408 -0.080532 0.601962 -0.385466 0.259734 0.699354 -0.517622 0.223841 0.091309 -0.905991 -0.440717 0.855737 0.909050 -0.064098 -0.108148 0.421235 0.226405 0.383108 0.355745 0.821967 0.837559 0.094916 0.513502 -0.296525 -0.595313 -0.868053 0.365888 0.925178 0.041062 -0.095467 0.244584
0.002949 0.397267 -0.586276 0.490369 0.739118 0.481970 0.325665 -0.690591 0.949237 0.449387 -0.642230 0.267131 -0.659894 0.952333 0.024096 -0.722361 0.299460 0.024538 0.345388 0.235695 0.019480 0.484818 0.662447 0.380022 0.788669 -0.722555 -0.888038 -0.492643 -0.274404 0.252173 -0.533449 -0.712824 0.587347 -0.334656 -0.285828 0.850753 0.385280 0.311035 0.382961 0.585608 0.088128 -0.308597 -0.983541 -0.789443 0.509088 -0.205578 0.461376 0.634149 0.674854 -0.796162
-0.079726 -0.319712 -0.680536 0.079976 0.131520 0.985103 0.743012 0.354324 0.456160 0.769409 -0.992867 0.354717 -0.143670 0.061947 0.688528 0.845997 0.926747 0.165496 -0.921371 0.003122 0.092521 0.430647 -0.528274 0.636144 -0.886808 -0.610509 -0.403733 -0.544846 -0.364686 0.053389 -0.559401 -0.536272 -0.453954 0.983963 -0.982718 0.990490 0.438028 -0.621003 -0.250914 -0.392644 0.650516 -0.759200 0.136744 -0.323534 0.392871 -0.312410 -0.409942 0.217304 -0.865426 -0.208194
-0.102189 0.184682 0.945108 0.978881 0.976034 0.978017 -0.874298 0.766433 -0.588638 -0.411270 0.685388 -0.473493 -0.860409 0.809064 0.192604 -0.625279 0.009038 -0.520822 -0.234408 0.233697 0.065287 -0.061112 -0.642733 0.602292 -0.348293 0.035582 -0.650450 0.324943 -0.935334 0.184884 0.648392 0.273115 0.277851 0.023227 0.798214 0.398087 -0.284552 0.071230 -0.978700 -0.404894 0.767731 -0.747008 -0.201990 0.187405 -0.971107 0.403523 0.335560 0.527267 0.112629 -0.814705
-0.322385 0.763815 0.262810 0.604273 -0.799733 0.867535 -0.476853 -0.028029 0.011157 -0.420836 -0.016062 0.078774 0.748035 -0.675557 -0.630190 0.403142 0.496545 -0.065129 -0.560578 -0.880944 0.659265 0.530715 0.591593 0.609931 -0.895017 -0.071830 0.420214 -0.314769 0.696066 0.574445 -0.487441 -0.172073 -0.910177 0.458306 0.941258 -0.577542 0.427853 -0.399809 -0.874066 0.147688 0.190750 0.862589 0.007434 -0.287725 0.702602 -0.706944 0.518482 -0.657000 0.476536 0.304517
-0.767775 0.557991 0.650224 0.937367 0.475796 0.763505 0.874212 -0.100954 0.405360 0.447763 0.654922 0.887562 -0.560007 0.957820 -0.062539 -0.726887 0.679573 -0.793761 -0.657480 -0.138578 0.265030 -0.968619 -0.852077 -0.345408 -0.845243 -0.066789 0.319428 -0.091202 0.511743 0.577751 -0.135190 0.916761 0.252278 0.843319 -0.423894 -0.513709 -0.987622 -0.845300 -0.437260 -0.873085 -0.681472 -0.641693 -0.058556 0.938773 -0.774668 0.768732 -0.081759 -0.845029 0.233078 -0.478729
0.703298 0.582240 0.102700 0.818639 -0.362402 -0.422460 0.240217 0.846870 0.057679 0.500046 0.449314 -0.134327 -0.561127 0.716615 0.875363 0.461610 -0.985168 -0.258592 0.983489 0.550070 -0.527290 -0.431655 -0.328903 0.482995 -0.396846 0.204225 -0.988109 -0.471657 0.562370 -0.067109 -0.116884 0.499720 -0.582846 -0.403057 -0.971906 0.500519 -0.255503 -0.892385 -0.313965 -0.211914 0.904372 -0.633248 -0.544449 0.426337 -0.458242 0.567873 -0.623865 -0.582270 -0.576160 0.958739
-0.472324 -0.140240 -0.147857 0.486041 -0.728442 0.109250 0.306552 0.966990 -0.051283 0.499624 0.238148 0.093068 0.840819 -0.783104 0.507310 -0.126803 -0.785157 -0.314954 -0.716961 0.436262 0.569532 -0.082700 -0.393871 -0.870665 0.988012 0.258280 -0.087065 -0.458591 -0.842945 0.276728 -0.879986 0.272937 -0.611755 0.290554 0.035129 -0.260320 -0.653290 -0.805670 0.597145 0.665850 -0.149575 -0.849153 -0.615918 0.473286 0.080266 -0.936698 0.842479 -0.709948 0.071313 0.471702
-0.007346 -0.129878 0.183646 0.343961 0.637674 -0.938616 0.592548 0.303738 -0.781175 0.173803 0.619910 0.785535 0.134682 0.179921 0.754008 0.770544 -0.251513 -0.827015 0.342215 0.689458 0.103366 0.165164 -0.976112 0.157970 0.185115 -0.290073 -0.101598 0.379670 -0.201708 0.800029 0.082098 0.955303 0.446077 -0.323106 -0.071143 0.069613 0.073761 -0.611026 0.349613 0.916536 0.230696 0.448844 0.304558 0.212563 -0.342638 -0.571479 -0.772028 -0.417796 0.226237 0.420121
0.739402 -0.116251 0.577316 0.690470 -0.321147 -0.723772 -0.517289 0.162951 -0.967904 0.420447 -0.722881 -0.078672 -0.803790 -0.933714 -0.772347 0.785013 -0.052998 0.336355 -0.973825 0.944852 -0.598251 -0.929334 -0.879272 0.452081 0.657281 -0.972433 -0.213653 -0.721858 -0.284008 0.196105 0.865968 0.196376 0.894463 0.791408 -0.875609 -0.304529 0.678662 0.771749 -0.448554 -0.361370 0.082317 -0.595483 -0.791738 0.256730 -0.779914 -0.054655 0.177096 -0.487183 -0.999384 -0.330970
0.954627 -0.299672 -0.585110 -0.261089 -0.645430 -0.142616 -0.310863 0.714099 0.475291 0.062800 -0.862503 0.231890 -0.311483 -0.442430 0.633757 -0.322323 0.616670 0.080616 0.748565 0.537389 0.403651 -0.623331 0.334449 -0.882263 -0.261192 0.195771 -0.770326 -0.782826 -0.544519 0.887782 0.820235 0.420937 0.890622 -0.880625 0.418658 0.910317 -0.404056 -0.328524 0.101923 -0.834682 -0.958916 -0.763135 -0.922945 -0.914172 0.247313 -0.752980 0.579553 -0.994820 0.434958 0.585148
0.085150 -0.520040 0.061195 0.909810 -0.507944 0.727285 -0.140668 -0.151848 0.614179 -0.860785 -0.141389 0.863122 0.681336 -0.408143 -0.331483 0.047461 -0.639939 -0.449107 -0.496500 -0.205938 -0.330394 -0.385754 0.542782 0.267041 0.723102 -0.869054 -0.059242 0.567742 -0.544212 -0.760206 -0.305594 0.926437 -0.015380 -0.306360 -0.647992 -0.963859 0.295575 0.304213 0.908151 0.312085 -0.362317 0.535754 -0.320115 0.102813 -0.846116 0.994467 -0.880277 0.628165 0.189357 0.267140
-0.937929 -0.019184 -0.023820 -0.135989 -0.808541 0.508634 0.874166 -0.586786 0.824075 -0.786068 0.621758 0.695822 0.752824 -0.952711 -0.895286 -0.085504 0.991733 0.514773 0.728384 -0.893047 -0.938542 0.642747 0.946335 0.503702 0.534920 -0.720469 -0.465745 0.767096 -0.875086 -0.071420 0.366897 0.404944 -0.704315 -0.453562 -0.274489 0.345258 0.826046 -0.995012 -0.774827 0.135014 -0.362755 0.649897 -0.481537 0.443934 0.932789 -0.207074 -0.989252 0.700816 0.209006 -0.924225
-0.951557 0.877473 -0.432652 -0.879223 -0.201993 -0.915913 0.862580 0.814032 -0.949668 0.316435 -0.508577 -0.624043 0.497004 0.228444 0.944300 0.639390 -0.593344 -0.639557 0.529258 0.866201 0.299881 0.729618 -0.240581 0.315758 0.982175 0.818661 -0.195438 -0.502599 -0.153749 0.957940 0.884994 -0.924445 -0.908675 -0.058976 0.933039 0.484051 -0.296223 -0.244580 0.682434 -0.088882 0.726094 -0.507141 0.358598 -0.534514 -0.935762 0.748195 -0.355798 -0.675295 -0.915341 -0.306032
-0.610927 0.092562 0.387633 0.869348 -0.826686 0.716833 -0.882175 -0.814201 -0.493990 -0.136792 -0.833060 0.452975 -0.885409 -0.490342 -0.293246 0.336166 0.785703 -0.405784 -0.666678 -0.029454 0.522331 -0.376497 -0.382483 -0.564712 -0.587850 -0.676812 0.250995 0.355128 0.604305 -0.663635 0.641391 -0.679953 0.138215 -0.549268 -0.692353 -0.630700 -0.896339 -0.195697 0.004103 -0.156472 0.633687 0.118632 0.953157 -0.319579 -0.845043 0.605629 0.563000 0.839516 -0.613134 -0.036947
-0.099962 -0.621631 -0.758645 0.357359 0.547011 -0.663078 -0.420543 -0.666425 0.499207 0.019767 0.656644 -0.864527 0.168357 0.000870 0.425458 0.479977 0.696061 -0.390250 0.049227 0.683803 -0.524647 -0.537698 -0.025348 0.663102 0.642743 0.876685 0.366128 -0.648453 -0.686741 -0.484460 0.795331 0.902332 -0.526751 0.680813 0.147878 -0.399657 -0.794981 0.811386 0.864316 0.520218 -0.960754 -0.294073 -0.301659 0.831561 0.292818 -0.783286 -0.234285 0.304597 -0.561634 -0.479254
0.807351 -0.963126 0.952063 0.203134 0.703667 0.491395 -0.571873 -0.309594 0.403571 -0.666696 -0.484680 0.387546 -0.056150 -0.536259 0.472218 0.259783 0.232500 -0.286989 -0.858220 -0.220761 0.862757 0.357656 0.331383 0.047124 -0.403826 -0.339224 0.951356 0.805513 -0.292359 -0.419030 -0.559196 0.337402 -0.794911 -0.912425 0.439973 0.477490 -0.965460 0.159741 -0.166626 0.194999 0.804553 0.254016 -0.500408 -0.548012 -0.735872 -0.073217 -0.499643 -0.910827 -0.436466 0.001165
0.184332 -0.742253 0.320820 0.398879 -0.081783 0.400782 0.260098 0.181241 -0.089604 0.528423 -0.680215 0.864787 -0.553915 -0.936787 0.161770 -0.513991 0.979251 0.752647 -0.887579 0.206315 0.114589 -0.736675 0.440039 -0.001457 0.543138 -0.733729 0.229567 -0.805923 0.834564 0.606498 0.917523 -0.968256 -0.541289 0.205151 0.973849 0.819942 -0.342447 -0.717483 0.615844 0.971192 0.580642 -0.223800 0.664201 0.853976 -0.328251 0.800640 -0.523754 -0.048000 0.369954 0.403347
0.047065 -0.486177 -0.317692 0.891877 -0.588704 -0.651298 0.253639 -0.375177 -0.743767 -0.358956 -0.270577 0.628204 -0.533639 0.110588 -0.542065 0.301913 0.648486 0.742074 0.572328 0.837622 -0.190970 -0.131135 -0.612416 0.645247 -0.017562 0.164380 0.877696 0.762198 -0.185001 -0.224998 -0.182916 -0.522935 0.703393 -0.242372 0.678588 -0.287981 0.251045 -0.015987 0.133676 -0.504738 -0.918856 -0.748456 -0.226563 -0.171204 -0.323336 0.664806 -0.074701 0.797482 0.941874 -0.671533
0.333139 0.750382 -0.759671 0.991225 -0.859741 -0.380769 -0.727984 -0.389336 -0.773632 -0.981801 -0.930847 -0.855098 -0.269713 0.479415 0.052931 -0.177395 -0.781846 0.996320 0.543565 0.596474 -0.070812 0.821184 0.999944 0.149720 0.087256 -0.129752 -0.018756 -0.418060 -0.429998 -0.696781 -0.408003 0.628762 0.993091 -0.132611 0.520554 0.165395 -0.082562 0.122590 -0.291188 -0.894877 0.387616 -0.055163 -0.545911 -0.992807 -0.069953 -0.043072 -0.104464 0.459257 -0.725513 -0.488895
-0.868986 0.975204 -0.786266 0.564261 0.788983 0.599836 -0.407302 0.337432 0.443695 -0.118490 0.256279 -0.458722 0.723415 -0.577195 -0.423347 -0.936932 0.454101 0.961826 0.337841 -0.364749 -0.957314 -0.629591 0.608600 -0.727928 0.838756 -0.265005 -0.358607 0.851718 -0.354619 0.919411 -0.612194 -0.167041 0.869523 0.360318 -0.778275 -0.864064 0.340001 -0.664423 -0.177072 0.671003 -0.675994 0.084329 0.691051 0.153848 -0.042672 -0.097643 0.501470 -0.748051 0.773044 -0.508907
-0.125813 -0.253292 -0.743841 -0.703462 0.818926 -0.879547 0.096238 -0.094645 0.110662 -0.938822 0.553580 -0.226801 -0.682303 0.041472 -0.272875 -0.503296 -0.252105 0.151292 -0.028968 0.331928 0.794176 0.726495 0.582276 -0.509244 -0.088824 0.136488 -0.035199 -0.365487 -0.064177 -0.922504 -0.605348 -0.743123 -0.341021 -0.631754 -0.848310 -0.386952 -0.387001 -0.094197 0.497483 0.548597 -0.639163 -0.387249 0.970131 -0.788065 -0.855800 -0.959259 0.317937 0.160933 -0.560366 0.820671
0.770408 0.655539 0.734489 -0.370886 0.907624 0.453205 0.450868 0.270064 -0.538767 0.477188 0.290176 -0.998388 0.219647 0.604325 -0.318707 -0.939138 -0.460295 0.519875 0.302947 0.701785 -0.336990 -0.666552 0.269120 -0.454445 0.944076 -0.642484 0.237103 0.823374 -0.324294 0.434423 0.207778 0.180626 0.291574 -0.701492 0.100279 0.868882 0.515916 -0.072052 -0.418249 -0.398491 0.295492 0.321132 -0.919169 -0.670432 -0.635274 0.602062 -0.060932 0.235912 0.898493 0.227664
-0.178290 -0.379186 0.756664 -0.527453 -0.193671 -0.463183 -0.475938 -0.033016 -0.079537 0.976865 -0.062102 0.242588 -0.330133 -0.567085 -0.545124 0.931187 0.537974 -0.877897 0.017202 0.484671 0.137122 0.719329 0.494167 0.524363 0.355099 -0.140512 0.044010 0.245818 0.909514 -0.011872 0.101163 -0.922819 0.378524 -0.996901 0.994898 0.122611 0.076434 -0.224252 0.112184 -0.023353 0.722322 -0.603280 -0.906426 0.680325 0.723963 0.381809 -0.042864 -0.425194 -0.319202 -0.497431
0.958640 -0.789505 -0.154804 0.029381 0.432479 -0.713116 -0.405382 0.122569 0.658199 0.018527 0.598622 -0.503648 -0.341842 -0.370995 0.234281 0.428753 0.608978 -0.780203 -0.986709 0.407501 0.889068 0.589693 0.902263 0.463698 -0.961815 0.964282 -0.412672 -0.250994 -0.729111 -0.072745 -0.877860 -0.244900 -0.976699 0.499002 -0.758097 -0.009789 -0.649135 -0.715645 0.992263 -0.542751 -0.074328 -0.309106 0.432623 -0.988925 -0.809955 0.389170 -0.843265 -0.730691 0.439057 0.856639
-0.350389 0.314020 -0.715248 0.501276 0.288195 -0.322972 0.532262 -0.101520 -0.404231 -0.065285 0.960616 0.894214 0.712605 0.408131 -0.572088 0.606165 0.315897 0.677386 0.008948 0.717751 0.010362 0.830466 0.285254 0.324604 -0.637969 -0.434127 0.651484 0.908232 -0.962871 -0.282788 -0.026512 0.779773 -0.331664 -0.072346 -0.684305 -0.218522 -0.607436 -0.067910 0.891287 0.160620 -0.258457 0.762953 -0.273939 -0.456098 0.615657 -0.053821 0.770314 0.312879 0.554466 -0.799980
0.786783 -0.421454 -0.017076 0.901959 -0.662619 0.661516 -0.046007 -0.694732 -0.934423 0.989594 0.040428 -0.334783 -0.492267 -0.953849 -0.482121 0.218521 -0.297317 0.300672 0.719010 0.864359 -0.331875 0.978601 -0.373248 0.983718 0.019155 -0.948094 -0.325807 0.279983 -0.515716 -0.497088 -0.288488 -0.254026 0.509885 -0.711581 0.987890 0.144217 -0.771667 -0.254229 0.946248 -0.482804 0.678973 -0.275435 -0.241357 0.340281 0.787543 0.032435 0.593838 0.379378 -0.858316 -0.046926
0.184028 -0.715586 0.492902 -0.501349 -0.666428 0.457099 0.729244 0.877649 0.235349 -0.353695 -0.564197 0.714490 0.814460 -0.654509 0.870916 0.124150 -0.923213 0.231692 -0.880007 -0.660318 -0.382177 0.073871 -0.767367 -0.876732 0.492620 0.947201 -0.616041 -0.029075 0.399298 -0.837971 0.622413 0.415470 0.045613 0.316649 0.571446 0.269409 -0.890411 0.826706 0.026792 -0.041676 -0.246872 -0.697927 -0.266235 0.933849 0.818886 -0.289136 -0.709001 0.228339 0.335309 0.652535
0.226510 0.880464 -0.500629 -0.638251 0.397388 -0.108435 -0.791242 0.184933 0.184242 0.454483 0.283062 -0.029064 -0.711504 -0.500619 0.168060 -0.775867 -0.038502 0.109506 0.411317 -0.222920 -0.974469 -0.667224 0.554218 -0.074870 -0.717387 0.278065 -0.093126 0.227060 -0.203383 -0.211767 -0.024715 0.001282 0.462449 0.117164 -0.372087 0.191225 0.850264 0.003578 0.712796 0.570727 0.518600 -0.346263 0.193540 0.834284 0.823960 0.828690 0.315047 0.055922 -0.480211 0.335488
0.011290 0.767786 0.921549 0.042036 0.519118 -0.656299 0.705355 0.246588 0.562337 0.265513 0.415306 0.661904 -0.734944 0.738142 -0.409679 0.851312 -0.135052 -0.354088 -0.617727 0.369045 0.238193 0.366164 -0.714266 0.103472 -0.005277 -0.031194 -0.515711 -0.979776 0.402137 0.722212 0.950711 -0.797712 0.944282 0.189614 -0.281129 0.537583 0.573782 0.270670 0.098286 -0.975086 0.745853 -0.305917 -0.816976 0.676360 0.270528 -0.814457 0.536667 0.566792 -0.123953 0.909515
-0.299744 -0.168573 -0.244286 -0.330082 -0.073933 0.334969 -0.242255 0.894426 0.473136 0.170161 -0.678108 -0.288008 0.930568 0.672598 0.681309 0.099824 0.032119 0.491660 -0.062025 -0.278717 0.684904 -0.587775 -0.201568 0.788932 -0.493464 -0.085092 -0.800658 0.460457 0.762815 -0.349945 -0.181233 0.486092 0.136962 -0.220367 -0.663751 -0.005907 -0.930607 -0.748262 -0.973889 0.202476 -0.164373 0.020971 0.651967 0.896467 -0.294321 -0.055140 0.411105 0.605630 -0.041530 -0.421130
-0.275500 -0.607249 0.785893 -0.290569 -0.916402 -0.528637 -0.727263 -0.695925 0.120062 -0.692402 -0.617428 0.911321 0.890026 0.532311 -0.847784 0.250711 0.676823 -0.993057 -0.690154 0.035304 -0.923887 -0.835296 -0.322459 0.400764 -0.153055 -0.635950 -0.250852 -0.229147 0.594283 0.974012 -0.297340 0.549278 -0.854659 -0.798014 -0.368540 0.822110 0.546017 0.877335 -0.275028 0.700314 -0.259574 -0.595539 0.687392 0.647430 0.777470 -0.147424 -0.833779 -0.881178 -0.434367 -0.007973
0.032087 0.214159 -0.950480 -0.510828 -0.598020 0.567079 -0.054728 0.152092 0.572007 0.581742 0.522292 -0.821592 0.477947 0.869728 0.702429 0.969743 0.985453 0.822520 -0.575266 -0.189140 0.011525 -0.143085 -0.579651 -0.443512 -0.136243 0.530229 0.637723 -0.043666 -0.009410 0.496472 -0.241146 -0.787337 -0.247925 0.973970 0.222212 -0.403039 -0.671331 0.943655 0.989284 0.105521 -0.975162 0.719070 -0.415471 -0.677121 0.755896 0.726402 -0.911422 -0.723751 0.232011 -0.765208
0.748339 0.458945 -0.521520 0.996864 -0.770151 0.943148 0.480631 0.571232 0.933868 -0.312463 -0.602043 -0.493080 0.181138 0.940640 -0.282945 -0.598500 0.149028 -0.301660 0.038971 -0.361608 -0.641767 -0.074289 -0.257722 -0.019202 0.453695 -0.340940 0.089115 0.982029 0.192015 0.814468 -0.146091 -0.085309 -0.723324 0.661795 -0.982795 0.659413 -0.937642 -0.755334 -0.594344 -0.229416 0.328912 -0.583586 -0.517347 0.855953 -0.724526 0.000462 0.130527 0.104785 -0.263982 -0.408462
0.943945 0.711127 0.191609 0.495270 -0.048105 -0.104819 0.821368 0.545283 -0.013265 -0.759782 0.084619 -0.957006 0.228351 -0.195354 -0.552885 0.836178 -0.237376 -0.588632 0.762757 0.125706 -0.070602 -0.097810 0.904763 -0.065251 -0.203378 -0.891742 -0.570825 -0.317882 0.503218 0.735087 0.158349 0.854769 -0.284327 -0.326061 0.070480 -0.800511 0.639877 -0.552832 0.045483 -0.350747 0.390617 0.505959 -0.518541 0.632517 -0.023533 -0.030413 -0.884895 0.451414 0.385337 0.861663
0.110350 -0.163853 0.133935 -0.396314 -0.820045 0.612388 0.112872 -0.513346 -0.727900 -0.822771 0.557478 0.581136 -0.713749 0.461656 0.298840 -0.243462 0.644539 -0.861500 -0.500179 0.705831 -0.941655 0.356490 0.887834 0.119787 0.044852 -0.813256 -0.662059 -0.249381 -0.076968 0.375523 0.090587 -0.764459 0.379712 -0.879736 -0.893648 0.214459 -0.917354 0.104134 0.503592 0.616007 -0.661568 0.837212 -0.041257 0.905340 0.291191 -0.688935 0.263918 0.623284 0.934878 0.995324
0.397760 0.421255 0.412071 0.841058 -0.084601 -0.182387 -0.778078 -0.685329 -0.501389 -0.356592 0.888420 -0.054217 -0.045681 -0.096380 -0.900221 -0.008673 -0.742516 -0.474840 0.004755 -0.786238 0.325543 0.146589 0.347887 -0.838287 -0.894634 -0.804888 -0.806036 -0.985303 0.745703 0.570788 -0.431755 0.846874 0.078890 0.835583 0.944954 0.169974 0.695133 -0.410777 -0.490997 0.376799 0.668015 0.607647 0.612264 0.249763 0.263590 -0.480426 0.040893 0.751693 0.404553 -0.273543
0.109712 0.899443 0.726304 -0.658413 0.660312 0.197753 -0.908606 -0.654747 0.142109 -0.851981 0.056951 0.345741 -0.992738 -0.695538 -0.290961 0.502170 -0.656052 -0.218341 0.103255 -0.308734 -0.688555 -0.398230 0.172850 0.056767 0.753136 0.724065 -0.775253 0.390629 0.456027 0.537237 -0.818404 -0.366669 -0.651289 0.877245 0.435316 -0.604486 0.087506 -0.537210 -0.114862 -0.541582 -0.634530 -0.208429 0.009064 0.004719 -0.796330 -0.689251 0.265719 0.768530 -0.996259 -0.669806
-0.993729 0.301929 -0.358477 0.224471 -0.696721 0.450993 -0.540374 -0.473610 -0.804985 -0.903283 0.826143 0.253337 -0.858960 -0.294678 0.092798 0.990137 -0.151597 -0.805996 -0.934514 0.544243 0.672176 0.590444 0.454871 0.085658 0.540616 -0.847694 0.937576 -0.760581 -0.178566 0.012844 -0.720678 -0.976094 0.323018 0.760521 0.388679 0.296676 -0.807086 -0.307777 0.576063 -0.183072 -0.053858 -0.007098 -0.887098 0.692482 0.166823 0.749750 -0.176007 0.728869 0.934430 0.216695
0.941810 -0.004955 -0.517594 -0.784361 -0.108340 0.142650 -0.458213 -0.274295 -0.962376 0.372729 -0.348508 0.536364 -0.199612 -0.210755 -0.016068 0.308006 -0.188251 0.813368 -0.592350 0.654128 -0.079095 -0.193103 0.996225 -0.986257 -0.214587 -0.664349 -0.789300 -0.736410 -0.410568 0.092756 0.939111 -0.523440 0.780857 0.227945 0.433536 0.561603 0.363319 0.439106 0.406821 0.508035 -0.929873 0.603106 0.375043 -0.851326 0.016144 -0.313411 -0.267616 0.074788 -0.387734 -0.392165
-0.793645 0.388869 0.591471 0.822673 -0.483144 0.164259 0.454691 -0.867936 0.150741 -0.859574 -0.927161 -0.821035 0.296859 -0.091932 -0.641132 0.726006 -0.687654 -0.040591 0.465299 -0.421780 -0.744855 0.588000 0.331513 0.156726 -0.982102 -0.374034 -0.801863 0.217808 -0.684495 -0.950565 0.037887 0.004996 -0.315992 0.246583 -0.505310 0.637338 0.892028 -0.714168 0.342043 -0.523896 -0.021620 -0.563255 -0.469367 0.773238 0.307887 0.155258 0.306528 0.721215 0.487406 0.545223
0.215009 -0.930647 0.113356 -0.689765 0.755260 0.365655 0.879635 0.761775 -0.851747 0.167826 -0.507130 0.132849 -0.031573 -0.988129 0.411811 0.952699 0.265125 0.777052 0.083899 0.846694 -0.351250 0.728815 0.931528 0.510286 -0.160602 0.584425 -0.497612 -0.738504 0.184523 0.854464 0.402496 -0.148686 0.984159 -0.188853 0.612175 -0.104054 -0.804251 0.096332 0.777382 0.658962 -0.628599 0.210624 -0.451422 -0.636638 0.016496 -0.382524 -0.898717 0.249535 0.095376 0.973570
-0.178988 -0.811120 -0.120597 -0.368732 -0.089388 -0.363443 -0.313262 0.880520 -0.257407 -0.509629 -0.661059 -0.267482 -0.959840 0.909477 -0.223205 0.865160 0.452362 0.027471 0.645399 0.077683 0.697465 -0.038832 0.953529 0.419180 0.349172 0.676863 -0.298548 -0.343904 -0.861459 -0.325071 0.052469 0.451868 -0.551837 -0.446361 -0.571230 -0.512277 0.683362 -0.824098 -0.861871 0.660400 -0.719442 -0.106346 0.170948 0.199819 -0.155069 0.160575 -0.803494 0.961519 -0.795536 -0.601158
-0.324526 0.987008 0.621095 -0.933797 -0.678052 0.629772 -0.237792 -0.739379 -0.380423 -0.827716 -0.824028 -0.164370 -0.103006 -0.386266 0.620810 0.803714 0.324585 -0.262901 -0.687601 -0.604957 -0.245560 -0.494023 -0.430682 0.311535 0.861920 -0.895642 0.632273 -0.781857 -0.107748 -0.934144 -0.058533 0.192216 0.362437 0.106421 0.354119 -0.307874 -0.267792 -0.867123 -0.782089 0.713262 -0.382107 -0.646058 -0.129213 0.362291 -0.684697 -0.786332 0.758155 0.284965 -0.326607 -0.703540
-0.622305 0.539370 -0.341970 -0.091391 -0.675402 -0.884800 -0.500459 0.556982 -0.685299 0.554246 -0.148541 -0.013257 -0.391966 0.823258 -0.580131 -0.462117 -0.444328 -0.880504 -0.691753 -0.843445 0.488936 0.434111 -0.137441 -0.870757 0.183626 -0.077825 0.371602 0.400595 -0.392865 0.152159 0.534836 -0.881174 -0.902619 -0.081560 -0.464443 0.329375 -0.229989 0.609068 0.519160 -0.294004 0.071807 -0.150807 -0.729996 -0.560110 0.683871 0.002138 0.925469 0.632500 -0.069389 0.854803
-0.262597 0.360603 0.026444 -0.593153 -0.526314 0.609347 0.454950 0.217091 0.971424 -0.783976 -0.583195 -0.418528 0.150013 0.467668 0.976762 -0.727589 -0.552302 -0.084996 0.813091 0.035434 -0.565933 0.259879 0.916543 -0.575628 0.806449 -0.102156 0.649148 0.302613 0.658231 -0.301910 0.264622 0.218258 -0.545566 -0.578982 0.372899 0.063824 0.099348 -0.493771 -0.962094 -0.845333 -0.387024 -0.771230 0.439412 0.967915 -0.941896 -0.086909 0.840366 0.940774 0.877634 -0.988360
-0.494797 0.279699 0.383178 0.321734 0.220251 0.416289 -0.846625 -0.813143 -0.862847 0.181805 -0.190857 -0.669884 0.460167 -0.141763 0.383448 0.971906 -0.868015 0.088625 -0.056683 -0.857572 0.264608 -0.947575 -0.017316 0.500716 -0.154427 0.391798 0.705279 0.519360 -0.105243 0.854053 -0.235236 0.408092 0.834413 -0.073830 0.320477 -0.577525 -0.818900 0.281395 0.771812 -0.964116 -0.881417 -0.231635 0.246890 -0.003130 0.359782 0.502987 -0.723639 0.911359 -0.013495 -0.963628
0.732029 0.678793 -0.364067 -0.018318 0.296054 -0.702187 -0.954896 0.270122 0.909574 0.899531 0.524589 0.356006 0.874237 0.430720 -0.267970 0.858628 0.068189 -0.974803 0.831219 0.655649 0.129420 -0.858206 -0.547585 0.421708 0.461217 -0.689665 -0.376108 0.455205 0.524663 -0.727583 -0.038797 0.489469 -0.779989 -0.937559 0.812747 -0.730380 0.967969 0.534037 -0.413883 0.094163 -0.679624 0.393529 -0.419333 -0.690661 -0.480865 0.252042 -0.486403 0.918714 -0.669194 0.308592
0.877753 -0.262293 0.549521 0.944962 0.750600 -0.275656 -0.205351 -0.191526 0.226222 0.879678 0.127234 0.888953 -0.103431 0.241480 -0.148253 0.856059 0.628117 0.573656 -0.231076 -0.241380 -0.433676 -0.729728 -0.132605 -0.292549 -0.833734 -0.513906 0.152723 -0.034550 -0.113608 -0.256617 0.111373 0.616013 0.006899 -0.401320 0.977909 0.142804 0.629063 -0.346674 -0.328095 0.572417 0.462144 0.099887 0.724695 -0.722668 -0.738664 -0.119934 0.425265 0.469575 0.787619 0.639206
-0.852234 -0.699138 -0.142848 0.288418 -0.318802 -0.120895 0.586553 0.708936 0.154479 -0.983096 -0.788337 -0.776652 0.928154 -0.571172 -0.706807 0.387479 -0.257253 0.951635 -0.849179 -0.291126 0.895658 -0.173706 -0.925185 0.739458 -0.289219 -0.154969 -0.759025 0.771378 -0.404292 0.684804 0.725563 0.070409 -0.855295 -0.101161 0.010098 -0.482288 0.336615 -0.661745 -0.977999 0.999937 0.142159 -0.598747 -0.602933 -0.546900 -0.860559 -0.947065 -0.903435 -0.941583 -0.875073 0.855694
0.942159 0.702911 0.844665 0.364270 0.648436 -0.324259 -0.692597 -0.949177 -0.445876 0.811488 -0.228573 0.125808 0.768790 0.062852 -0.469122 -0.977982 -0.588782 0.366178 -0.695979 0.528172 0.509969 -0.725539 0.135367 0.555674 -0.676777 -0.006479 -0.390247 0.044890 0.604782 0.310163 0.289833 0.823025 -0.646949 -0.979980 0.209032 -0.744093 -0.470469 0.339924 0.010856 0.296335 0.420978 0.222099 -0.420655 -0.370053 -0.456732 -0.986366 -0.409808 -0.065653 0.774926 -0.464454
0.345860 -0.990455 0.799845 -0.885839 -0.061407 0.822751 -0.352591 -0.887303 0.922016 -0.840279 0.055785 -0.768478 -0.483072 -0.059095 0.149929 -0.561562 0.110808 -0.911029 -0.082369 -0.434341 -0.968482 -0.359149 0.599605 0.683829 -0.698421 0.710555 0.019026 -0.077583 -0.820091 -0.503141 0.204120 -0.645637 0.894730 -0.942943 -0.648261 -0.354673 -0.794660 0.166976 0.233693 0.113942 0.873170 0.481511 0.712368 0.721939 -0.678781 -0.346295 0.932734 -0.790375 0.735482 0.634348
-0.428120 -0.818460 0.421407 0.869198 0.272708 -0.356544 0.631452 0.291468 0.994188 0.816014 -0.634800 0.371092 0.387897 0.092012 0.224005 0.513787 -0.234755 0.155182 -0.286933 0.526390 0.349823 0.135280 -0.172946 0.167774 0.483099 -0.428861 -0.971456 0.133535 -0.555437 -0.177871 -0.331842 -0.526327 -0.880867 0.405968 0.376751 0.508584 -0.612096 -0.499273 0.419937 0.045656 0.237838 -0.143939 -0.235187 -0.397343 0.425664 0.285786 -0.013297 -0.091359 0.544529 0.966814
0.807590 -0.120171 0.781291 0.278561 -0.775573 -0.158073 -0.244431 -0.357373 0.186634 -0.675702 -0.369718 -0.401518 0.662929 -0.668612 -0.908037 0.157340 0.341687 -0.777739 -0.583094 -0.333621 -0.905793 0.836902 0.353052 -0.673907 -0.901587 -0.438880 -0.138084 -0.172662 0.864486 -0.297657 -0.650384 -0.156772 -0.701117 -0.719810 0.608968 0.592205 0.424131 0.542792 -0.194643 0.415692 -0.656897 -0.923224 -0.319928 -0.110935 -0.362581 0.911046 0.482229 -0.889211 0.907924 -0.052147
0.768623 0.955863 0.668002 -0.047840 0.195119 -0.627081 0.099930 0.825792 -0.911194 0.536165 0.480079 -0.518262 -0.939962 0.064529 -0.978573 -0.203384 -0.343257 -0.970143 -0.681428 0.394449 -0.369062 -0.480898 -0.765155 0.805601 0.273960 0.603691 0.274963 0.608554 0.951151 -0.338591 -0.438440 -0.239745 0.861880 0.948893 -0.301017 0.150461 0.713431 -0.492904 -0.273723 0.295811 -0.576304 0.435537 0.649968 0.614838 -0.508340 -0.104973 0.695933 0.395066 0.146650 -0.147246
0.400807 -0.649887 -0.159158 -0.519283 -0.515628 0.050023 0.153103 -0.654717 0.150065 0.050788 0.573673 0.370218 -0.055796 -0.855698 -0.038403 0.671152 -0.913558 0.405058 -0.178398 -0.988526 -0.998456 -0.240114 0.170225 -0.886633 -0.160425 -0.124040 0.809920 -0.632296 -0.834316 -0.721010 -0.418600 0.259552 -0.715103 0.726995 0.909189 -0.173545 0.897245 0.221408 0.366088 -0.364364 0.619206 -0.180944 0.549757 -0.376973 -0.714193 -0.874467 -0.251141 -0.320571 0.354146 -0.758891
-0.528632 -0.219263 -0.577906 -0.657022 -0.161646 0.445685 -0.946896 0.889715 0.077928 0.579642 0.938324 -0.562504 -0.134588 0.236555 -0.788226 0.831986 -0.936089 0.704000 0.141212 0.083841 0.648881 0.820279 0.056485 0.478968 0.777734 0.917565 -0.730326 -0.900905 -0.674521 0.578892 0.216117 0.459063 -0.195367 -0.912554 0.448407 -0.190707 0.187372 -0.593868 0.857313 -0.668324 0.385734 -0.244715 0.603436 0.523612 -0.905344 0.060804 -0.968270 0.728651 -0.440017 -0.216093
0.020575 0.681682 -0.998016 -0.832928 0.086230 0.050375 -0.290799 -0.657243 0.682033 -0.264626 -0.197738 -0.221796 0.490427 -0.546884 0.605176 0.770287 0.301897 -0.484000 0.322779 -0.513509 0.240698 -0.611876 -0.571945 -0.918928 0.682165 0.146123 -0.610996 0.972205 -0.428315 0.028128 0.123852 -0.925462 -0.794860 0.741706 0.689029 0.691198 0.319912 0.221004 -0.309133 -0.122682 -0.061987 -0.984103 0.230351 0.856662 -0.166881 0.549243 -0.505683 -0.708740 -0.459988 0.622621
0.268420 0.713527 -0.167953 0.038727 -0.725057 -0.441165 0.854112 -0.607111 -0.219956 0.694257 0.051505 -0.956680 -0.062353 -0.457810 -0.111645 -0.918052 0.021759 0.106761 -0.797375 -0.043533 0.956146 -0.024753 -0.281128 0.314017 -0.542342 -0.924154 0.329140 0.414291 0.312288 -0.406509 0.118429 -0.397930 -0.723362 0.329069 0.996234 0.924371 -0.190849 -0.245578 0.112073 -0.835633 0.459027 0.875085 -0.385526 0.378044 0.812485 0.688116 0.459062 -0.220867 0.961459 -0.680641
0.852742 -0.267946 -0.517671 0.892063 -0.872689 0.602619 -0.759545 0.827570 -0.305764 0.445018 -0.502562 -0.504465 0.405667 -0.840570 -0.688815 -0.463846 0.349521 -0.069850 0.286105 -0.903468 0.156215 0.623913 0.180334 0.517748 -0.898220 -0.638815 0.617785 0.131530 -0.083259 -0.621573 0.163372 -0.918631 0.903817 -0.313489 0.849952 0.106045 -0.857798 -0.594966 -0.611938 0.383799 0.117462 -0.768325 0.535380 -0.748811 -0.799629 0.694325 0.772865 -0.962483 -0.267305 0.178179
-0.268620 -0.702042 -0.525427 0.879512 -0.323264 -0.492582 0.189782 -0.262037 -0.355158 0.124516 0.887297 -0.211692 -0.442469 0.410309 0.804577 0.016676 -0.407715 -0.988547 -0.427492 0.631823 -0.030066 0.946115 0.788535 -0.226867 -0.794578 -0.423233 0.760472 -0.550699 0.135950 0.507365 -0.122735 0.317792 -0.749760 -0.482924 0.437383 -0.068792 0.707744 -0.707187 -0.538281 0.573348 0.001717 0.023956 -0.917597 -0.472772 -0.743221 0.234894 -0.965706 -0.501223 0.637642 -0.713056
0.658514 -0.665973 -0.155228 -0.460450 -0.197311 0.496366 -0.112089 -0.473624 -0.579218 -0.309550 0.289401 -0.464982 0.489743 -0.756102 -0.231478 -0.983294 -0.733808 -0.606985 0.962955 0.254805 0.850791 -0.908041 0.190975 -0.075812 0.067979 -0.484580 -0.402522 0.369838 0.183570 -0.405458 -0.977539 -0.608731 -0.780948 -0.019054 0.813977 0.667585 0.725395 0.637877 -0.443181 -0.582514 0.545548 0.836723 -0.803581 -0.928669 -0.952561 -0.272466 0.698406 0.615633 0.659150 -0.012985
0.125095 -0.294593 -0.708322 0.321822 0.391026 -0.425422 -0.140867 0.504232 -0.054643 -0.448965 -0.569735 -0.378201 -0.007447 -0.057071 -0.119797 0.010123 -0.592836 0.647519 0.111884 0.947112 -0.273088 -0.699651 0.324420 0.678065 -0.316384 0.240755 0.396265 0.681631 -0.363905 0.987185 0.708997 -0.318804 -0.733619 0.106647 0.639657 0.757292 -0.660539 0.475855 -0.115218 0.152628 -0.062628 -0.236235 -0.263899 0.253964 -0.546254 -0.988322 0.593024 0.418158 0.910720 -0.676511
-0.158404 -0.461867 -0.548805 -0.502428 0.753666 -0.341543 -0.520520 0.080523 -0.975022 -0.167308 0.754739 0.620565 -0.005143 0.077968 -0.799496 0.778634 0.148713 -0.464327 0.925846 0.370139 -0.234598 -0.270742 -0.619057 0.434716 -0.687408 0.706074 0.607691 0.290316 0.128460 0.096454 0.678816 -0.648399 0.881613 -0.304326 0.960302 0.689405 -0.105917 -0.808327 -0.545287 0.151644 0.288217 -0.956677 0.864196 0.762921 0.300278 -0.330291 0.843489 -0.803064 -0.950767 0.740499
-0.885352 -0.805471 -0.471907 -0.051169 -0.608905 -0.899452 -0.802285 0.711011 -0.459122 0.580207 0.633697 -0.120150 -0.697869 -0.803799 -0.535509 -0.919420 -0.809597 0.806848 0.302630 0.899366 0.717741 -0.925558 0.528471 -0.742172 -0.107965 -0.532590 -0.779983 0.682182 -0.621084 -0.006262 -0.922065 0.858278 0.974141 -0.134984 -0.825282 0.221763 0.196965 -0.887389 0.818031 0.226277 0.032244 0.846800 0.757228 0.898370 -0.778214 -0.214668 0.444724 -0.879356 -0.924807 0.100287
0.017329 -0.113103 -0.374203 0.603904 0.223186 -0.645994 -0.949155 0.368279 -0.190617 0.178315 0.678087 0.164207 -0.247479 -0.604394 -0.286471 0.993322 -0.708268 0.138864 0.518906 0.777674 0.345377 0.161123 -0.051322 0.123427 0.107508 0.599369 -0.833781 -0.168104 -0.449944 0.836853 0.523564 0.774263 -0.874932 0.152729 -0.908605 0.713872 -0.713782 -0.690227 -0.865675 0.011809 -0.448966 0.165207 -0.249595 -0.935173 -0.503559 0.646719 -0.003011 0.364556 -0.242616 0.995220
0.921696 -0.646159 -0.799627 -0.043634 -0.767384 -0.050874 -0.233881 0.207955 -0.057540 0.565315 -0.565699 -0.837946 -0.714543 -0.089044 0.550798 0.115099 -0.167988 0.746304 -0.235768 0.939949 -0.649107 0.190186 -0.759487 -0.840631 0.193029 0.212358 0.353979 -0.772603 -0.466585 -0.354000 0.196460 0.414472 -0.979756 0.957516 0.516481 -0.043765 0.391927 0.298501 -0.100694 0.777298 0.639070 0.532925 0.903813 0.420478 -0.710558 -0.331975 -0.019145 0.136821 0.775057 0.899848
0.184703 0.703285 0.447840 0.713367 0.556686 0.026280 -0.892109 0.773099 0.397219 0.313950 -0.665633 -0.217625 -0.546735 -0.457389 0.661236 -0.107389 0.102404 -0.782670 0.471862 -0.914535 -0.173402 -0.061805 0.981144 0.141612 0.786022 -0.473283 -0.554082 0.266265 -0.904472 0.255624 0.203470 0.184487 -0.664230 0.402486 0.788279 0.308003 0.902498 -0.358029 0.677488 0.480390 -0.115414 0.082975 -0.145988 0.383824 0.964613 -0.482227 -0.961273 0.753238 -0.835324 0.872508
0.231625 0.652020 -0.649617 -0.137667 -0.612607 0.482186 -0.093318 -0.656219 0.906600 0.715364 -0.890228 0.896882 -0.233285 -0.130790 0.599151 -0.942258 0.885103 -0.546398 -0.116750 0.483379 0.420052 -0.445404 -0.983440 -0.839006 -0.290657 -0.625724 0.467699 0.851164 -0.419950 0.619268 -0.587040 -0.667066 0.627215 -0.296153 0.563005 0.539127 0.778059 -0.501707 -0.361052 -0.972208 0.349469 0.303086 0.956705 -0.894850 -0.655194 0.531745 -0.143046 -0.766389 -0.149448 0.835391
-0.075764 -0.385517 -0.936001 -0.212206 -0.797890 0.674588 -0.094397 0.847008 -0.952537 -0.329095 -0.211369 0.026818 -0.370779 0.255473 0.751257 0.969408 -0.676988 -0.310057 0.723845 -0.054045 -0.946665 -0.984662 0.919713 0.092146 -0.250471 -0.358113 -0.625077 -0.501676 -0.960474 -0.688481 -0.510983 -0.481213 0.421068 -0.095797 0.106232 -0.253346 -0.163513 -0.401605 0.507619 0.862865 -0.205933 -0.799674 0.748695 -0.025241 -0.278840 -0.376633 -0.647686 -0.244829 0.768224 -0.995873
-0.906516 0.200261 0.218293 -0.093295 -0.261038 -0.587878 -0.285188 0.642067 -0.335116 0.072354 -0.851495 -0.395689 -0.021807 -0.335093 -0.481403 0.934257 0.793698 0.289956 -0.686833 0.796524 0.768587 -0.485675 0.827931 0.460117 0.123495 0.300138 0.456480 -0.575085 -0.098976 0.885158 0.375011 0.471321 -0.973261 0.394300 0.847655 -0.623989 -0.784557 0.541182 0.341950 -0.289411 0.841868 -0.496595 -0.405898 0.226580 -0.252201 0.364309 0.881664 -0.007882 0.453840 -0.539261
0.373050 0.868522 -0.303382 -0.438823 0.005054 -0.504835 0.891758 -0.402731 -0.540835 -0.901442 -0.696056 0.098137 -0.955464 0.883413 -0.610221 -0.779961 -0.827080 -0.648978 0.099088 -0.419956 -0.441208 0.573253 0.544559 -0.299299 -0.952696 -0.870910 0.538740 -0.702087 0.962287 -0.012697 0.532432 -0.215525 0.917020 -0.180688 -0.177897 -0.067174 -0.226655 -0.823169 0.213586 0.605040 -0.154715 0.692748 0.013700 -0.026501 0.514079 -0.767438 0.229381 0.297382 -0.531109 -0.692296
0.998791 -0.469254 -0.130562 0.767607 -0.302420 -0.542616 0.705297 -0.980442 -0.770428 0.596605 0.534054 -0.062549 -0.969969 -0.422209 0.645663 0.297719 0.587166 0.294748 0.099304 0.164876 -0.464475 -0.974597 0.585676 0.024273 0.667581 -0.707766 -0.003331 -0.979833 -0.686103 0.188416 0.134361 0.905159 -0.671198 -0.164791 -0.242149 -0.128371 0.981842 0.717533 -0.824854 -0.984241 -0.242498 -0.389819 -0.441097 -0.170517 -0.933917 0.156231 -0.994617 0.481968 -0.905957 -0.049885
-0.179791 -0.992202 -0.776038 -0.514583 -0.082396 -0.805506 0.620401 0.525405 -0.210375 -0.766999 -0.366576 0.059355 -0.269939 -0.492444 -0.667731 0.073117 -0.429788 0.181556 -0.036385 -0.846359 0.136545 0.501731 0.940281 0.150872 -0.012758 0.573586 -0.456343 -0.977975 0.476393 -0.216843 0.897371 0.038049 0.098827 0.241643 -0.089216 0.472194 0.320270 0.521715 -0.928080 0.974864 -0.660426 -0.524976 -0.570733 0.497435 -0.207977 0.225068 0.248453 -0.765472 -0.553487 -0.270093
0.920899 0.725104 0.369920 0.676838 -0.863920 0.685882 0.528603 -0.602605 0.004139 0.902792 -0.087057 -0.276474 -0.980536 0.276414 0.415801 0.853538 -0.014893 -0.915302 -0.792742 0.536542 -0.023234 0.749467 0.149748 0.132031 -0.272926 0.299228 0.143205 0.702231 0.286837 0.717059 -0.587643 0.073613 -0.147708 0.599798 0.529640 0.932004 0.545922 0.814586 0.074922 0.717121 0.925537 0.149619 -0.880198 0.721938 -0.911207 -0.280979 -0.380615 0.629241 -0.728691 0.399050
-0.374359 0.668612 0.722860 0.244362 -0.536321 0.007845 0.435707 0.557032 -0.528070 -0.709177 0.590770 0.766274 0.194887 -0.022975 0.676625 0.647130 -0.808239 -0.949105 0.905589 0.290861 -0.238054 -0.798641 -0.006179 0.041031 0.032582 -0.406220 -0.591192 -0.100488 0.626683 -0.897538 -0.950470 -0.231355 -0.132998 0.782841 -0.434649 0.307955 0.667351 -0.338779 -0.904534 -0.558243 0.424317 -0.164952 0.789526 0.169450 -0.381421 -0.805042 -0.224073 0.221705 -0.557515 0.576658
0.529227 -0.184979 -0.302910 -0.957366 -0.962392 -0.813289 0.140029 0.477949 0.302743 0.710326 -0.859077 0.689912 0.573997 0.931787 -0.866201 0.957259 0.781208 -0.838245 0.567526 -0.846029 0.209602 0.090555 0.724732 -0.414085 -0.427270 -0.990517 0.429237 0.520141 -0.726209 0.271345 0.911155 -0.530060 0.743507 -0.285914 0.997114 -0.061643 -0.455761 -0.388732 -0.338097 0.131406 -0.143509 0.632474 -0.675785 0.402022 -0.528146 0.680800 -0.316257 -0.521461 -0.079211 -0.000314
-0.448596 -0.385187 -0.122122 -0.166369 0.911620 0.563439 -0.527870 -0.629605 0.590912 0.001223 -0.960998 -0.537666 -0.408366 -0.087152 0.785999 0.242575 0.250806 0.207471 0.878789 0.401343 -0.073477 -0.262779 -0.216037 -0.222103 -0.083157 0.786969 -0.156394 0.594365 0.570082 0.335227 -0.695058 -0.766772 -0.834467 -0.149327 0.268604 0.166333 0.312724 0.126513 0.497770 -0.403146 0.156247 0.229766 -0.502739 -0.609437 0.211107 0.311145 0.382286 0.707257 0.220120 0.103125
0.342008 0.968403 -0.546001 0.469854 -0.876971 0.269941 -0.534005 -0.129585 -0.056246 -0.535338 -0.652819 0.669757 0.950132 -0.576702 -0.723172 -0.364680 0.539826 -0.359652 -0.436089 -0.980242 0.896898 -0.085100 -0.656350 0.390978 -0.113223 0.810441 -0.366034 0.953714 -0.469963 -0.877666 -0.576068 0.288042 -0.940970 0.931527 0.749184 0.830437 0.026945 0.789750 -0.226190 0.239028 -0.819905 -0.708974 -0.795086 0.710343 0.116918 0.816873 0.699218 -0.008311 0.960197 -0.889174
-0.355353 0.825801 -0.475176 -0.965201 -0.624676 -0.844881 -0.514012 0.142827 0.538196 0.791572 -0.382177 0.117642 -0.287652 -0.757907 -0.227591 -0.368203 -0.938237 0.749890 0.499652 -0.116371 0.734616 0.160877 0.759783 0.399391 0.234923 -0.133201 -0.605474 -0.545612 0.047379 -0.177480 -0.236140 -0.232803 0.423620 0.966876 -0.743582 -0.978088 -0.469829 -0.821206 0.775689 -0.086896 -0.208246 0.818012 -0.563777 -0.609313 0.124434 -0.757808 -0.934326 0.774051 -0.643144 -0.044711
0.918873 -0.358175 -0.041148 -0.803563 -0.493099 -0.594722 0.327406 0.147717 -0.922826 -0.599948 0.405946 -0.447043 -0.990448 0.367661 -0.527829 0.794885 0.078785 -0.371974 0.542823 0.629228 0.771631 -0.118290 0.567680 0.993356 0.478908 0.087851 0.681757 0.913502 -0.614470 0.136714 -0.658337 -0.695242 -0.985154 -0.713429 0.155685 -0.104687 0.155453 0.386996 -0.627716 0.883597 0.876815 0.061330 0.149466 0.611852 0.035662 0.713176 0.618368 0.829080 -0.877650 -0.671158
-0.033188 -0.088021 0.937922 0.388887 -0.923068 0.673088 0.462349 -0.665110 0.381427 0.326696 -0.410455 -0.812217 -0.454698 0.358622 0.036126 0.123996 -0.306229 -0.939155 0.288802 -0.655222 0.779878 0.925032 -0.296766 -0.845089 0.762321 -0.955516 0.096086 0.301290 -0.346388 -0.999592 0.538784 -0.829847 -0.909335 -0.142764 -0.473087 -0.272034 -0.357560 0.752270 0.701809 -0.997308 0.739542 -0.336401 0.762814 0.152086 -0.769144 0.647946 -0.018400 0.605509 0.882131 0.590738
-0.857222 -0.548382 -0.672913 -0.855834 0.000040 -0.805521 -0.423205 0.987921 -0.330919 0.531337 -0.154867 -0.490925 -0.980475 -0.686955 0.723835 -0.016020 -0.753354 -0.071435 -0.957068 0.167416 0.245950 0.215707 0.982521 -0.653501 0.645307 0.001783 0.925660 -0.791533 -0.152231 -0.694020 -0.929413 -0.106152 -0.287462 -0.292840 -0.219174 -0.251345 0.045984 0.034556 0.772857 0.313653 -0.723108 -0.782863 0.782429 -0.944216 -0.630786 0.074735 0.710175 0.515669 -0.686576 -0.484593
-0.893148 -0.321699 -0.592687 -0.438816 -0.276980 -0.696665 -0.833605 0.514546 -0.460801 0.741833 0.633584 -0.117031 -0.038723 -0.759854 0.597929 0.928146 -0.327898 -0.043114 0.392206 -0.994339 0.628188 -0.078467 -0.546301 -0.591108 0.594299 -0.896196 0.056542 0.911167 -0.494268 0.381602 -0.803634 -0.574517 0.140171 0.547479 -0.617075 -0.151660 0.928089 0.756413 -0.146444 -0.546413 -0.812251 -0.688943 -0.133422 -0.850540 0.482337 0.507080 0.469918 0.366256 -0.537800 -0.567362
-0.239834 -0.681340 -0.685427 0.869431 0.298068 0.426864 -0.158354 -0.122471 0.404473 -0.876428 0.340128 -0.055461 -0.467661 0.517809 -0.988936 0.625136 0.025315 0.440754 0.130865 0.408128 -0.096958 0.305025 -0.791387 0.770805 -0.894457 0.730405 -0.708852 -0.512466 -0.538918 -0.118951 -0.581394 -0.677962 0.435559 0.812717 -0.286742 0.656835 -0.734757 -0.510653 -0.726970 0.823343 0.342715 -0.498547 -0.314819 -0.810606 0.717439 0.804494 -0.925060 0.822161 -0.671260 -0.064321
0.577574 -0.875381 -0.074132 0.102261 -0.278976 0.617841 0.884112 0.832470 0.802486 -0.731915 0.036375 -0.602355 -0.286008 0.686441 -0.785357 0.670444 -0.358370 -0.422491 0.285725 -0.287198 0.601614 -0.211013 0.936541 0.970346 0.528808 0.340240 0.605551 -0.792123 -0.561387 0.351915 -0.626307 -0.432360 -0.717329 0.955494 -0.197997 0.020145 -0.919186 -0.620496 0.615679 0.835873 0.125665 -0.298222 -0.360096 -0.096117 0.058054 -0.339798 0.437392 -0.538467 -0.695013 -0.084977
0.919607 0.888899 0.077148 -0.520928 0.769373 0.413183 -0.665072 0.655506 -0.260652 0.310300 -0.484184 -0.619382 0.657297 -0.038148 -0.259393 -0.246477 0.455962 -0.171082 0.633382 0.462446 -0.749169 -0.679856 -0.870759 -0.683928 -0.753847 -0.197679 -0.240826 -0.421185 0.880395 0.088425 -0.583790 -0.293150 0.675161 -0.693635 0.677029 -0.110985 -0.913832 -0.497719 0.384410 0.556748 -0.845497 -0.509759 -0.222227 -0.169808 -0.883536 -0.903977 -0.668204 -0.308921 -0.133524 0.176320
-0.750987 0.522627 0.725876 -0.172304 0.041007 0.790480 -0.618023 -0.375655 -0.599918 0.549238 0.270623 0.694441 -0.318184 -0.631613 -0.469320 0.511187 0.667649 0.977721 0.031765 -0.028409 0.718489 -0.664339 -0.248267 -0.719157 -0.272496 0.169123 0.062361 -0.551996 -0.304434 0.619148 -0.108835 0.609981 -0.315092 0.933915 -0.907607 -0.095324 0.458176 0.070701 0.801834 0.227702 -0.371874 0.579831 -0.219040 -0.950283 -0.621799 0.061851 0.441502 0.177913 -0.327258 0.892162
0.099424 0.757919 0.657815 -0.241616 -0.346046 -0.036508 -0.988114 0.799795 0.350556 0.163812 0.458036 0.818040 -0.959327 0.088329 0.024714 -0.505087 0.189468 0.331245 -0.975947 0.915322 -0.128160 0.251791 0.824828 -0.880421 0.746819 0.121388 0.688067 -0.114174 -0.143201 0.921823 0.696033 -0.574342 0.258212 -0.774775 -0.659026 -0.913274 -0.831066 -0.986690 0.422062 -0.760337 0.229213 -0.977488 0.663267 0.264460 -0.665620 -0.004150 0.932552 0.778984 -0.178960 -0.017264
-0.606393 -0.035476 0.227814 0.068699 0.901805 -0.314706 -0.124917 -0.605998 0.213339 0.443017 0.567660 -0.285657 -0.358750 -0.295223 -0.812565 -0.430912 -0.231243 -0.565916 0.390044 0.587327 0.757594 -0.993450 0.885972 0.202745 -0.703883 0.222759 -0.202468 0.334697 -0.064182 0.603738 0.277907 0.525083 0.282529 -0.872567 -0.476495 0.672431 -0.201078 -0.468133 0.833705 0.119659 -0.264361 0.577609 -0.603493 -0.230897 0.840207 0.494965 0.153967 0.930954 0.882965 0.594768
-0.003086 0.685889 0.257858 -0.907712 -0.082721 0.310174 0.058616 -0.183400 -0.349749 -0.223785 -0.176710 0.274010 0.728962 -0.974484 0.462067 -0.059595 0.671671 -0.091306 -0.991571 -0.216112 0.191834 0.253027 0.640959 0.931796 0.512353 0.072655 -0.466670 0.279013 -0.122434 -0.043818 -0.369153 -0.882957 -0.157164 0.466250 -0.867698 0.657470 0.574954 0.706306 0.305387 -0.751062 -0.721356 -0.857563 0.390415 0.862452 -0.121158 -0.602228 0.078279 -0.627196 -0.204160 -0.549986
-0.033895 0.791835 0.572584 -0.145313 0.437305 0.598064 -0.675509 -0.935802 0.177339 0.956658 0.456853 -0.467807 0.304755 -0.570570 -0.146450 0.430206 -0.137166 -0.112256 0.520846 0.007067 -0.093526 -0.901583 -0.010574 0.664194 0.078518 -0.702187 -0.886618 -0.530006 0.605456 -0.879271 -0.369869 0.470956 0.586151 0.996774 -0.692631 0.524102 -0.694163 0.145417 0.613697 -0.777681 -0.814763 -0.594211 0.267272 -0.687016 -0.914880 0.275766 0.513204 -0.458620 0.247103 -0.633112
0.070803 -0.731959 0.063594 0.498556 -0.765240 0.816085 -0.704996 0.795390 0.350428 0.354073 0.896918 -0.387561 0.040020 -0.579928 -0.969585 0.854567 -0.991206 0.810716 -0.762198 -0.476846 0.647645 -0.474704 0.008312 0.897870 0.447824 0.922035 -0.166565 -0.817243 0.552686 0.966419 0.333375 -0.920779 0.799610 0.847095 -0.974045 -0.807774 0.573058 -0.129940 -0.915990 0.710941 -0.100077 -0.864016 -0.228479 -0.696900 0.336495 -0.300689 -0.756714 -0.071548 0.464333 -0.352227
-0.023805 -0.085009 0.278984 -0.162017 -0.312963 0.187568 -0.008799 -0.502389 0.470288 0.607137 0.895074 -0.992105 0.794808 0.105122 0.816786 0.183737 -0.922506 -0.510986 0.872712 0.580637 -0.763025 0.574543 -0.270275 -0.686800 0.716527 0.721919 0.566161 -0.258200 -0.924289 0.186612 -0.469434 0.308409 -0.977154 0.469637 0.753069 0.857452 -0.007533 -0.339271 -0.942433 0.281990 0.690236 -0.658637 -0.592174 0.300707 0.717763 -0.497727 -0.624231 -0.299245 0.176566 0.787544
-0.894383 0.005294 -0.783854 0.871310 0.658485 -0.082533 0.490141 -0.858637 -0.162012 -0.491050 0.758730 -0.909558 -0.665607 -0.744038 0.412071 0.597951 0.036393 0.213279 -0.274322 0.298503 0.498309 0.100458 0.559609 -0.927639 0.753788 -0.067530 0.294878 -0.116014 -0.355395 -0.206834 0.166708 0.121073 0.316724 0.105831 0.017094 -0.510573 0.860095 -0.542658 -0.151612 0.751788 -0.842879 -0.150257 0.096282 0.781799 0.907789 -0.355441 0.571152 -0.860405 0.821853 0.488356
0.660325 -0.749969 0.835842 0.101543 -0.024782 -0.872177 -0.135577 -0.092597 0.132113 0.897081 0.161921 -0.291582 -0.100777 0.405098 -0.091129 -0.212839 -0.873631 0.806365 0.828513 -0.333290 0.766421 -0.636827 0.454977 0.243471 0.370850 -0.191362 0.239977 0.489580 -0.792165 0.899161 0.259331 -0.875941 0.529917 -0.789581 0.013649 0.561540 -0.211879 -0.934685 0.649540 -0.170096 -0.018041 0.788167 0.637322 -0.895605 0.347682 -0.440665 0.167922 -0.013888 0.010905 0.491489
0.890252 -0.117514 -0.158321 -0.532969 0.755101 0.205600 0.440011 0.919483 -0.162431 -0.337739 0.442791 0.206682 0.077861 -0.705936 0.412429 -0.040505 -0.990790 -0.548184 0.053486 -0.179838 0.375256 0.309711 -0.553358 0.454009 0.177503 -0.085570 -0.758598 -0.408725 0.101070 -0.449816 0.448471 0.905480 -0.662579 -0.616448 0.754561 0.393010 0.231229 0.448123 0.680528 -0.581385 0.296515 -0.081697 0.644556 0.908925 0.784685 -0.860200 -0.902455 0.952042 0.979804 0.769810
0.892121 -0.971090 0.450338 0.167207 0.023051 0.739926 -0.634311 -0.222842 -0.005524 0.939144 -0.159271 -0.811937 0.009519 0.332495 -0.592514 0.030240 -0.853868 0.640443 -0.354733 0.132933 -0.595983 -0.466027 -0.409665 -0.721868 -0.114260 -0.155577 0.440138 0.747909 -0.930589 0.157591 0.149726 -0.566974 -0.688151 0.862945 -0.426576 0.749730 0.803892 -0.344730 -0.403590 -0.825225 0.330669 0.493660 -0.622884 -0.534816 -0.112414 -0.842101 -0.762474 -0.710914 -0.954649 0.530224
-0.966520 0.583066 0.811963 0.449668 0.274517 0.968900 0.964089 -0.766562 -0.516340 0.169960 -0.744519 0.920385 -0.495082 -0.595738 -0.435518 -0.879401 0.119638 -0.106269 0.368670 -0.009125 0.776768 0.524370 -0.656833 -0.040119 -0.054335 -0.583430 -0.737724 0.543430 0.623326 0.272537 -0.049491 -0.071070 -0.260653 -0.943976 -0.555675 -0.774143 0.644404 -0.009712 0.557312 -0.058780 0.643298 -0.241619 -0.616047 0.532016 -0.066243 -0.229822 0.433931 -0.288656 0.891305 -0.288833
0.634429 -0.995779 0.190626 0.896738 0.454943 0.318142 0.859556 0.860492 -0.322595 0.093181 -0.796647 0.194252 -0.108728 -0.816902 -0.508929 0.733484 0.747946 -0.138485 -0.007420 -0.707097 0.916742 -0.288172 -0.541373 -0.527723 -0.826493 0.682704 -0.034305 0.542035 -0.772293 -0.802664 0.367842 0.332053 0.775143 0.160641 0.874700 0.429898 0.887138 -0.924404 0.770414 0.100890 0.393783 -0.053661 -0.904025 0.934875 -0.918961 -0.673242 -0.178975 0.671506 -0.196118 -0.763930
-0.699876 0.412126 0.957676 0.036682 -0.554654 0.702749 -0.372582 -0.947548 0.796176 0.831746 0.905852 -0.051211 0.195949 0.464685 -0.082701 -0.877701 0.956975 0.789814 0.170228 -0.145854 0.049900 0.937196 0.672331 0.993533 -0.498211 -0.931009 0.785198 0.981612 -0.192256 -0.465641 -0.391729 -0.109450 0.308883 0.255742 -0.867724 0.362083 0.873934 -0.716087 0.748149 -0.630265 -0.046793 0.989966 -0.332192 0.009313 -0.568757 0.396641 0.238906 -0.968545 0.412163 0.494615
0.244378 0.594475 0.224072 -0.384624 0.766034 -0.213625 -0.083904 -0.453044 0.464551 -0.492687 0.734491 0.798957 0.234114 0.618892 0.196135 -0.685187 0.052151 0.804055 0.581453 0.142508 -0.782311 -0.364928 0.185268 -0.408029 0.966918 -0.519387 0.351464 0.027736 0.364655 -0.576021 0.038031 -0.333348 -0.909091 -0.636690 -0.913024 -0.793473 -0.830969 0.198160 0.494816 0.298043 -0.862160 -0.446540 -0.266467 0.469497 -0.673530 0.881189 0.590442 0.237273 0.876842 0.858843
-0.925856 -0.588849 0.702054 -0.646421 -0.423929 -0.128979 0.633052 0.585576 0.721286 0.519152 -0.800252 0.268040 0.702852 -0.269627 0.726709 -0.969984 0.939050 0.133518 0.580446 0.567219 0.317936 -0.654334 0.229895 0.272735 0.066039 0.187471 0.880390 0.467816 0.811626 -0.625011 -0.320296 -0.399830 -0.383193 -0.868725 -0.316066 0.883701 -0.181870 -0.492011 0.257514 0.565180 0.172917 0.993403 -0.408643 -0.537380 0.433248 0.446089 0.472125 0.008859 0.932357 0.374315
0.716304 -0.962776 0.340440 0.184389 0.408251 0.661147 0.665595 0.779821 -0.623984 -0.766406 -0.734099 0.495131 -0.200626 -0.333897 -0.694764 -0.453025 -0.329123 -0.410420 -0.843669 -0.872069 0.784242 -0.365339 0.319971 -0.639520 -0.881250 -0.925723 0.974220 -0.426166 0.051100 -0.067300 0.946905 -0.497948 -0.484787 0.895896 0.925353 -0.369957 0.037205 -0.128006 -0.095995 0.315163 0.643252 -0.483162 -0.910100 0.987401 -0.936235 0.652657 0.319374 -0.566635 0.657993 -0.641822
0.917847 -0.228582 0.175203 0.508066 0.840176 -0.887613 -0.895552 -0.259583 -0.725900 -0.540498 0.481032 -0.623880 -0.000231 0.721625 0.942297 -0.727151 -0.840776 -0.094274 0.127246 -0.618634 0.257988 0.163499 -0.132625 -0.818938 -0.142668 -0.142848 0.405016 0.294095 -0.538583 0.344985 -0.193266 0.276530 -0.176289 0.749140 -0.210342 -0.674959 0.740663 -0.247194 -0.931520 -0.667216 0.381651 0.471449 0.365484 -0.447913 0.445767 -0.572022 0.116610 0.398341 0.765041 0.709195
0.320625 -0.212312 -0.218114 -0.304662 -0.284867 -0.441625 0.413985 -0.570855 0.624156 0.691246 0.077100 0.106298 0.946800 -0.913893 0.579516 -0.164507 0.615699 -0.856051 -0.674084 0.008430 0.546304 0.771921 -0.182067 -0.445444 0.166939 -0.899150 -0.569321 0.598690 0.862253 0.578974 -0.492741 0.255392 -0.869002 -0.797720 0.028365 -0.346838 -0.208701 -0.568033 -0.701838 -0.969673 -0.594223 0.324476 -0.405851 0.671042 -0.090582 -0.058499 0.979237 -0.580601 -0.533480 0.728538
0.040543 0.133766 0.406745 -0.735870 -0.237638 0.627820 0.973923 -0.685052 0.310709 -0.221231 0.465276 0.607734 0.162455 0.907640 0.901252 -0.711046 -0.099088 -0.663391 -0.663968 -0.057092 0.851422 -0.796770 -0.467270 -0.202986 0.555852 0.677540 -0.416146 0.720585 -0.288889 -0.083353 0.116430 -0.644503 0.943959 0.193546 -0.746659 0.736422 0.654498 0.010661 -0.248758 0.384925 0.381861 -0.523156 -0.236120 0.220802 0.003811 -0.715839 0.089477 0.110780 0.814739 -0.798891
0.240676 -0.137168 0.336739 -0.320619 0.566680 -0.490398 0.667425 0.167278 -0.290585 -0.027322 -0.606511 0.205558 -0.880293 -0.699781 -0.806349 -0.288630 -0.819749 -0.683166 -0.113624 0.875024 0.658487 0.546071 -0.772224 -0.566680 -0.946711 0.514848 0.364535 0.169224 -0.142084 0.578492 -0.127003 0.471490 -0.294595 -0.282999 0.551527 -0.442622 -0.020716 0.784936 0.327051 -0.741461 0.536843 -0.195813 -0.359276 -0.231039 -0.375580 -0.663023 -0.564215 0.113703 0.648765 -0.017064
0.553717 0.746981 -0.073059 0.742304 0.457711 0.029380 -0.083625 -0.064147 0.101348 -0.885057 0.442146 0.262550 -0.581377 0.149929 -0.711018 0.357678 -0.396597 0.440252 -0.689224 -0.646224 0.917018 -0.095065 -0.536670 0.969628 0.730398 0.337654 0.517206 0.846344 -0.827613 -0.549516 0.230727 -0.893561 0.432273 -0.933395 -0.112494 -0.733850 0.335179 -0.961919 0.307311 0.558722 0.587056 0.969438 0.139507 0.414820 -0.168473 -0.075614 0.177990 -0.978379 -0.168763 -0.195514
-0.458698 0.953624 0.711472 -0.246755 0.622307 -0.038449 -0.909552 0.849838 0.396379 -0.759761 -0.271532 0.534159 -0.437847 -0.632920 -0.830825 -0.890571 -0.134741 -0.734001 0.528344 0.285032 -0.182284 0.941024 -0.017443 -0.286533 0.291942 0.996213 -0.785702 0.821411 -0.139166 0.389087 0.688403 0.699081 0.753177 -0.417090 -0.263894 0.103932 -0.318772 -0.374333 0.294976 0.712667 0.341995 0.719103 0.535453 0.338783 0.738976 0.645872 -0.618661 -0.048522 -0.949571 -0.037015
0.289553 0.675570 0.327293 -0.714472 -0.893676 0.974615 -0.236503 -0.571099 0.328511 0.110795 -0.435198 -0.124763 -0.051726 0.063803 0.870311 -0.737558 -0.645131 -0.773508 -0.843941 0.856750 0.437371 0.457587 0.898113 0.929087 0.563125 -0.057412 0.995095 0.287464 -0.355254 0.805173 -0.012097 -0.622683 0.492461 0.693961 -0.291790 0.628938 0.528900 -0.141208 0.312527 0.041155 0.558250 -0.971207 -0.232008 0.972599 -0.575920 -0.406259 -0.645365 -0.943805 0.238924 -0.990061

Bias v0 (Oculta):
0.877393
-0.970504
-0.246901
-0.705410
-0.197302
0.633719
0.279095
-0.527382
-0.482741
0.296146
0.887123
-0.074126
-0.438222
0.543403
-0.237808
-0.005388
-0.177106
-0.062198
0.584795
0.837233
-0.579398
-0.798296
0.174375
0.560724
-0.100848
0.545798
-0.792893
0.657633
-0.187066
-0.463248
-0.252149
-0.602834
0.099078
-0.834746
-0.697929
0.461490
0.111791
0.268829
0.311213
0.759972
-0.282765
0.202013
0.993816
-0.392867
-0.752470
0.098615
0.333381
-0.703036
-0.902454
-0.917269

Pesos w (Oculta -> Saída):
0.787816 -0.591099 -0.624774 0.325968 -0.617295 0.613683 0.944655 -0.240629 0.977627 0.018994 -0.273113 0.126192 0.873527 -0.298639 0.424964 0.207740 -0.908397 -0.806497 0.496307 -0.700274 -0.608193 0.026620 0.394121 -0.834082 -0.926977 -0.568708
-0.329852 0.422416 0.071050 -0.762953 0.868210 0.922787 0.965312 -0.871286 0.490437 0.173074 0.548606 0.747320 -0.381719 -0.296976 0.838574 0.971127 -0.179698 -0.491017 0.540616 0.418068 0.908530 0.844627 0.521469 0.194056 0.096680 0.824423
-0.057046 0.207045 0.177258 -0.121917 -0.464610 0.002928 -0.270160 0.889922 0.105156 0.585288 -0.463402 -0.475205 0.931739 -0.233570 0.942130 0.457575 0.987351 -0.106454 0.402898 -0.471601 -0.579842 -0.332525 0.510833 -0.263545 -0.131523 -0.757615
-0.098912 0.911864 0.556877 -0.414224 -0.912378 0.506016 0.404530 0.204347 -0.987737 0.398627 -0.111991 -0.013374 -0.167879 0.693867 -0.962207 -0.243414 -0.516024 -0.663488 0.138184 0.128400 0.393211 0.419929 0.518895 0.644739 0.918344 -0.510426
0.724924 0.225855 -0.264249 0.973263 -0.508900 0.307044 0.033454 0.669818 0.411545 0.844099 -0.548381 0.976276 -0.476829 -0.832683 -0.773488 -0.597606 -0.352468 0.742379 -0.878548 -0.014150 -0.565172 -0.687506 -0.380240 -0.420896 -0.052144 0.698253
0.607958 0.873580 -0.960940 -0.153958 -0.933437 0.091908 0.246506 0.390274 -0.231365 0.602252 0.333198 0.724086 0.988447 0.936645 0.141165 -0.805409 0.668208 -0.118489 0.343504 -0.318185 -0.672617 -0.746421 0.878949 -0.495093 -0.418168 -0.166124
-0.188462 -0.587598 -0.816698 -0.206808 0.568010 0.253327 -0.821806 -0.596081 0.634969 -0.781087 -0.465052 0.836490 -0.541935 0.279129 0.788380 0.514495 0.225745 -0.955557 0.144468 -0.814613 -0.616905 0.263514 0.024604 -0.966557 0.207849 0.935897
0.665558 0.355452 -0.003490 -0.173027 -0.689167 -0.016519 -0.040258 0.814252 -0.484313 -0.518951 -0.214320 -0.776089 0.596014 -0.167630 0.877373 -0.715184 -0.347371 -0.885245 0.035402 -0.437502 -0.778772 0.016648 -0.200799 -0.782761 0.972194 -0.340870
-0.672704 -0.412743 0.975957 -0.965323 -0.295525 0.075284 -0.345247 -0.200352 -0.387392 0.590033 -0.197803 0.588234 -0.359797 -0.687431 0.993327 -0.756246 0.716162 0.255146 0.797068 0.646775 0.022266 0.247564 0.614934 -0.893011 0.622935 0.141928
-0.402712 -0.922339 0.801239 -0.839662 0.076382 0.056167 0.346585 -0.430063 -0.568482 0.710203 0.065795 -0.237141 -0.688547 0.626642 -0.086077 0.074941 0.325022 0.573299 -0.126446 -0.962321 -0.273466 -0.935125 -0.554948 0.613053 -0.308951 0.205241
0.129353 -0.914734 -0.422451 0.415117 -0.004377 -0.377034 0.174878 0.510636 0.147829 -0.300050 -0.997452 0.479059 -0.917252 -0.351951 -0.119440 0.268588 0.474494 0.763231 0.988384 -0.876483 0.480419 0.059339 0.525623 0.708553 0.267103 0.629035
-0.798165 0.444896 0.553852 0.011981 0.675099 -0.318416 -0.982844 0.372612 -0.722711 0.807117 -0.996168 0.224118 -0.345316 0.725830 -0.288224 0.692723 0.126897 -0.703210 -0.789181 -0.491487 -0.319753 0.140862 -0.876449 0.924777 -0.249328 0.130767
-0.120229 0.954878 0.184178 -0.798247 0.715991 0.793042 0.873168 -0.000083 0.783327 -0.275015 -0.077670 0.075634 -0.260212 0.064248 -0.417945 -0.943486 0.149605 -0.161849 0.764685 0.214509 -0.917074 0.064322 0.107264 -0.586706 -0.603588 0.376699
-0.984867 0.847137 -0.368699 -0.950059 -0.325670 -0.620114 -0.032627 -0.867864 -0.027218 -0.838445 -0.292821 0.262586 0.228324 -0.481977 0.659516 0.482328 -0.062991 -0.458298 0.661663 -0.381534 0.073163 0.169761 0.563650 0.787565 0.609215 -0.815235
-0.467598 0.286840 -0.387835 0.290805 -0.904313 0.161660 -0.553769 -0.455580 -0.633782 -0.479289 0.636001 -0.058378 -0.643727 0.796455 0.423678 0.348480 0.271732 -0.322869 -0.919790 -0.937323 0.327854 -0.436354 0.906200 -0.874930 -0.268626 -0.215460
0.237823 -0.991449 -0.149791 -0.747545 0.706853 -0.728736 0.141655 -0.679000 0.779995 -0.328808 -0.843084 0.043166 0.610693 0.169694 -0.006956 -0.199189 0.405643 -0.253067 -0.635871 0.455604 0.239711 -0.862288 -0.412618 -0.785164 0.194051 0.424070
0.748268 -0.002158 -0.732750 -0.759068 0.989322 0.101753 0.285227 -0.040251 -0.061131 -0.607505 -0.994761 0.252521 0.588880 -0.634635 -0.404827 0.410475 -0.085008 -0.106554 -0.560770 0.068244 -0.604666 -0.222183 0.634025 -0.118174 0.459683 0.391290
-0.679025 -0.516759 -0.468363 0.322398 -0.213616 0.119367 0.992034 0.876875 -0.812543 -0.030909 0.708164 -0.127336 0.267828 0.652753 0.328110 -0.936281 0.224783 -0.696308 0.756168 0.472128 0.816014 0.228120 0.213011 -0.492256 -0.467723 -0.312507
0.102921 0.464089 -0.225799 -0.887154 0.931586 -0.994470 0.110018 -0.858594 -0.265159 -0.327947 -0.077785 0.871721 0.646967 -0.116562 -0.438735 -0.048014 0.714571 -0.334941 0.951983 -0.891094 -0.947411 -0.264895 -0.439905 0.357309 0.361703 -0.947467
0.917141 -0.132365 -0.688412 0.223627 0.457234 0.083811 -0.585742 0.932789 -0.443533 0.415506 -0.204258 -0.588511 -0.007520 -0.485948 -0.683392 0.685807 0.317373 -0.449076 0.836823 -0.105822 0.568281 -0.362063 0.539857 0.681992 0.696675 -0.832876
0.289985 -0.811249 -0.478870 0.385223 0.155218 -0.955085 0.333504 -0.703715 -0.297086 -0.952713 0.657314 0.505731 -0.711409 -0.735670 0.280044 0.918568 -0.024312 0.700172 -0.338786 -0.597601 -0.885768 -0.531014 -0.077561 -0.560750 0.744307 -0.131903
0.975911 -0.390948 0.542314 -0.944535 0.980401 -0.622800 0.265425 0.514095 0.933015 0.801742 -0.852875 0.996753 0.022617 0.574938 -0.148075 0.479970 -0.836633 0.327171 -0.611777 0.190724 0.664495 0.630579 -0.942298 -0.314077 -0.080841 -0.224551
-0.005220 0.239868 -0.382204 -0.910333 -0.282459 0.467143 -0.784235 0.417758 -0.719004 -0.735885 -0.956997 -0.320216 -0.045969 -0.645614 0.078573 -0.345383 -0.796667 -0.341801 -0.320485 0.799029 0.034199 -0.033944 -0.770159 0.274815 -0.911689 -0.296484
-0.606272 0.773151 0.360010 -0.527161 -0.428512 0.139863 -0.932708 0.100058 0.326749 -0.028266 0.625733 -0.940856 -0.619699 -0.556631 -0.922038 0.780064 -0.166040 -0.888445 0.640106 0.676152 0.709087 -0.914927 0.786216 -0.555091 0.949565 -0.131792
0.360530 -0.824741 -0.295438 0.490226 -0.461629 0.256034 0.982379 0.947480 0.181978 0.618092 -0.916062 0.086260 -0.378189 0.321046 0.342337 0.197412 0.043001 0.535152 0.464340 0.011195 -0.168395 -0.825804 -0.869692 0.194478 0.039473 -0.895801
0.803310 0.872465 -0.090264 0.218859 0.306043 0.154577 -0.821687 0.340514 0.822216 0.387327 -0.623101 -0.438114 -0.321198 -0.705595 0.179310 -0.347850 0.751480 -0.803933 -0.612285 -0.507385 -0.849704 0.299052 -0.564809 -0.539407 -0.673076 0.223900
0.951582 -0.196744 0.841569 0.871228 0.158439 -0.118115 -0.212069 -0.617050 -0.322667 0.945622 0.395145 0.350031 -0.906384 -0.544780 0.154791 -0.978380 -0.583553 0.859752 0.826196 0.513691 0.703221 -0.306163 -0.046946 0.232168 0.368615 0.675377
-0.454028 0.664834 0.356417 -0.463678 0.725299 -0.309272 0.322329 -0.381404 0.868168 -0.102976 -0.559124 0.816704 0.757848 0.969757 0.734784 0.381347 -0.545461 0.030979 -0.470164 0.883412 -0.026552 -0.846632 0.553855 -0.772812 -0.465190 0.139651
0.018808 -0.099676 -0.244628 -0.813106 -0.173687 0.956219 0.946225 0.528664 0.213265 -0.856547 0.984702 -0.162174 -0.457152 0.668136 0.718183 -0.034707 0.398814 -0.453569 -0.425360 0.732170 0.224362 -0.030145 -0.108244 0.231008 -0.463048 0.915381
0.558283 0.285442 0.808187 0.223276 0.408980 -0.234441 0.092299 0.181679 -0.557613 0.055930 -0.772736 0.297807 0.969936 -0.677968 -0.979553 -0.776090 0.775090 -0.903705 0.039079 0.590417 -0.317615 0.259705 -0.210997 0.900796 0.919647 -0.919218
0.419804 0.149530 0.352118 -0.619337 -0.968835 -0.648510 0.895210 -0.372236 0.998289 -0.004959 -0.550962 -0.382319 0.600420 0.530833 0.142249 0.749832 0.060948 0.869746 0.530700 0.609522 -0.773281 0.119030 -0.318350 0.947932 0.353203 0.270676
-0.346538 -0.938328 0.828466 -0.712390 0.917738 -0.891577 0.606489 -0.508633 -0.399106 -0.123672 -0.236537 -0.438887 0.953233 -0.134759 -0.554748 0.959970 -0.958883 -0.678381 0.344912 0.482081 0.026884 -0.132425 -0.088101 0.272577 0.132095 -0.249191
0.255805 -0.567489 0.775029 0.982493 -0.542657 0.534201 -0.660569 -0.099278 0.084117 -0.891170 -0.514169 0.404498 -0.447582 -0.834925 0.913598 -0.051138 0.848023 0.517853 0.187133 0.005515 0.259097 -0.353843 -0.102142 -0.116203 0.170314 -0.922239
0.093786 0.922787 -0.376957 -0.735992 0.649246 -0.563807 0.279334 0.507692 -0.759285 -0.513693 -0.130915 -0.502266 0.784314 -0.916900 0.612198 0.058136 0.306422 -0.068661 0.800269 -0.305496 0.690500 -0.585458 -0.281164 0.647543 0.198102 0.006752
-0.556684 -0.556854 -0.355288 -0.520813 0.720535 -0.406373 -0.513977 0.723688 0.998152 0.839204 0.817726 0.206689 -0.286766 -0.014916 -0.830279 -0.681891 -0.872463 -0.259713 0.862511 0.668195 -0.055304 -0.291465 0.988659 -0.439503 0.633192 -0.999280
-0.691541 -0.654055 -0.752915 0.293570 0.269508 -0.686759 -0.625426 0.957946 -0.295560 0.565176 -0.789670 0.088165 0.167272 0.977697 0.828433 0.448733 0.953376 0.357623 0.382511 0.098260 0.204520 0.714775 -0.427699 -0.244488 -0.112619 0.805804
-0.831982 -0.566653 0.636279 -0.094989 -0.653671 0.743515 0.265810 -0.756254 0.676069 0.057697 0.307414 0.039689 0.581510 -0.528600 0.111283 -0.990804 -0.941692 -0.397463 0.655369 0.315174 0.381618 -0.993519 -0.312649 0.086798 -0.170091 -0.221628
-0.199674 -0.099712 0.647263 -0.377897 -0.500781 -0.396538 -0.664330 0.205870 -0.055493 0.171925 0.251093 0.595934 -0.773822 0.443946 -0.716574 0.673569 0.349355 -0.538738 -0.085803 0.598055 0.703854 0.699436 0.185392 -0.004448 -0.392294 -0.443163
0.442620 -0.522362 0.277166 -0.344551 0.198525 0.801805 -0.419976 -0.918345 -0.152095 0.418647 -0.522457 0.601572 0.249399 -0.090687 0.163330 0.169210 -0.788485 -0.729527 -0.144550 0.272816 0.185940 0.706182 0.122258 -0.987775 0.398976 0.287669
-0.999135 0.167056 0.776026 0.622047 0.388282 -0.132895 0.367993 -0.633822 -0.490824 -0.447001 0.325837 -0.427131 0.489439 -0.215511 0.249175 0.614730 0.223476 -0.710303 -0.544441 0.164205 -0.729014 0.794797 -0.093045 0.968767 0.459904 -0.407034
-0.560928 -0.945860 -0.232158 0.965334 0.874075 0.432749 -0.190127 -0.913674 -0.584627 0.320101 -0.358372 -0.637379 0.121263 -0.528933 -0.834489 0.863225 -0.814890 -0.146033 -0.024086 -0.016020 -0.594662 0.326526 0.561688 -0.442906 0.143459 -0.137489
-0.607880 0.436071 -0.692270 -0.352532 0.919421 -0.986125 -0.637522 0.516448 0.228536 -0.106538 0.174433 -0.385091 0.361731 -0.770316 -0.256783 -0.370016 -0.970756 -0.307368 0.772065 -0.248953 0.036033 -0.077764 0.260117 -0.172834 -0.286985 -0.090516
0.411240 0.802793 -0.983240 -0.451585 -0.118771 0.427907 -0.648393 -0.678820 -0.490445 0.161171 -0.021850 -0.057725 -0.067873 0.770156 -0.932516 -0.886520 0.511781 -0.305362 0.612551 -0.379364 -0.280544 0.098428 -0.056258 0.121321 0.247859 -0.439606
0.358038 -0.541493 -0.407805 0.294991 0.857104 0.769872 0.465270 -0.468011 0.094884 0.214679 0.210686 0.677886 -0.081581 0.400599 0.174256 -0.519948 -0.680446 0.276244 0.438092 0.362362 -0.091033 0.545871 0.765405 -0.540945 0.845397 0.309501
-0.471369 -0.488348 0.057514 -0.618628 -0.382593 0.456542 -0.089786 0.431291 -0.491125 0.201480 -0.910812 0.058621 0.658012 0.917014 0.701274 0.136162 -0.735453 0.029959 0.560346 -0.469248 -0.180729 0.878245 0.073174 -0.146962 -0.606206 0.040908
-0.860214 0.125278 0.922884 -0.823086 0.329876 0.976478 0.694008 0.486444 -0.269147 0.731519 -0.195789 0.445156 -0.984914 0.385215 0.378178 0.214187 0.089198 -0.532051 -0.590443 -0.274229 0.982731 0.501934 0.025052 0.675783 0.357437 -0.862464
0.311608 -0.430353 0.757900 -0.762902 0.933643 -0.638672 -0.667692 0.701234 -0.702911 0.912466 0.440617 -0.302472 0.916336 0.726479 0.773372 -0.916955 -0.188574 0.727667 -0.289978 0.244528 -0.527595 -0.431616 -0.283908 -0.260673 0.563192 -0.727979
0.275197 -0.254933 0.458569 0.275077 0.579530 -0.455339 0.574928 -0.070354 0.240543 -0.675112 -0.376548 0.480522 0.108825 -0.168238 -0.851509 0.714619 -0.046583 0.451267 0.954570 -0.460003 -0.540190 0.450864 0.293473 0.763104 0.998184 -0.256747
-0.681988 0.045397 0.211041 0.885086 0.244149 -0.662471 0.283823 0.854855 -0.229806 -0.433893 0.749466 0.564562 -0.409835 0.272460 -0.432262 -0.431630 -0.718841 -0.713251 -0.678440 -0.500502 0.073936 0.185844 -0.324164 -0.238722 -0.255945 0.624350
-0.322050 -0.499322 -0.204723 0.375538 -0.775109 -0.532027 -0.398650 0.486688 -0.680186 0.983166 -0.023415 0.431457 -0.563779 0.228085 -0.018422 -0.298511 0.254336 0.454651 -0.809956 -0.288923 0.873944 -0.816467 0.757475 -0.283009 0.202702 0.475528

Bias w0 (Saída):
-0.781593
-0.708856
-0.820033
0.351621
-0.249361
0.954806
0.387728
-0.886343
0.117370
-0.256971
0.229201
-0.038755
0.427683
0.832340
0.231399
0.115564
-0.375347
-0.730258
0.822792
-0.770844
0.378198
-0.062490
0.760336
0.462354
-0.078869
0.003784
