Pesos v (Entrada -> Oculta):
-0.068340 0.762123 -0.946331 -0.769632 -0.727723 0.065116 -0.237485 -0.195787 -0.598807 -0.597203 0.678736 -0.809593 -0.979943 -0.806189 -0.730049
0.407720 0.358506 0.279537 0.316282 0.973019 -0.505439 -1.013044 -0.538223 -0.581189 -0.672226 -0.359118 0.912982 0.218219 0.744481 -0.111992
0.175788 -0.839566 -0.809324 -0.136908 0.225019 -0.700795 -0.016813 0.473906 0.730068 -0.573690 -0.555758 -0.735812 -0.176299 -0.543103 -0.859017
0.640838 0.734483 -0.560835 0.997259 -0.207449 -0.695393 -0.661718 0.554158 0.546878 0.277816 -0.372862 0.239170 -0.066441 0.536728 0.197726
0.380547 -0.647826 -0.544317 0.806820 -0.417799 -0.219197 0.007948 -0.281155 0.733703 -0.858259 -0.299104 -0.257906 -1.348022 -0.226323 0.006439
0.845148 0.744845 0.266909 1.460721 -0.010544 0.395149 -0.473220 0.430122 0.848278 -0.584514 0.439298 0.608102 -0.716070 0.511527 -0.180245
-0.206136 -0.259759 0.653610 0.370215 -0.800496 -0.230696 -0.523907 -0.034545 -0.321193 -0.416636 0.250498 0.601032 -0.768927 0.252540 0.663895
0.925688 -0.070422 1.109481 0.842920 -0.274941 0.433542 -0.413762 -0.425124 0.595058 0.888525 -0.045476 -0.700848 -0.005911 -0.212480 0.162703
-0.253405 0.129991 0.940565 -1.401019 -0.295394 -0.570322 0.069340 -0.542265 -0.554161 0.321827 0.380957 0.851652 -0.453516 0.344135 0.731510
0.763084 0.921734 0.434739 -1.656374 0.288538 1.218285 0.055422 0.573749 -0.074448 -0.147437 -0.220197 0.873995 0.409173 -0.517279 0.601710
0.166262 0.693247 -0.586456 -0.418684 -0.796570 0.016352 -0.014674 -0.804456 0.343456 0.461252 0.393964 -0.492372 0.969228 1.020863 -0.980017
-0.912019 -0.173270 0.551036 0.092258 0.498175 0.738372 -0.813792 -0.408500 -0.530203 -0.365582 -0.363637 -0.905555 0.413577 1.036560 0.764260
-0.020498 -0.965914 -0.172587 -0.639944 -0.804761 0.294507 -0.072333 0.461500 -0.436947 0.712790 0.205994 0.182728 0.574152 -0.060042 -0.128129
-0.306810 0.002596 0.151894 -0.015922 -0.776176 0.208010 -0.443321 0.843256 -0.269298 -0.500237 0.070199 0.311704 0.499024 -0.410781 -0.047336
0.729090 -0.894324 -0.285333 -0.127522 0.736190 -0.562095 0.759401 0.810939 0.459164 0.322371 0.385813 -0.888901 -0.775876 -0.706054 0.630277
-0.947581 -0.444136 0.723673 0.208302 0.651679 -0.747862 0.939301 0.703732 0.413829 -0.143398 -0.051993 0.912227 0.907767 -0.440716 -0.315282
0.204146 -0.273970 -0.725744 0.077330 0.421569 -1.207000 0.242220 0.228828 -0.218509 0.431451 0.127578 0.154875 0.636233 -0.130048 0.479219
0.617113 -0.336395 -0.726507 1.572693 0.783618 -0.764770 -0.682933 -0.567312 -0.884695 -0.664549 0.821666 -0.829734 -0.151741 -0.614736 -0.025122
-0.395114 -0.106130 0.188680 1.338415 -0.495843 -0.391248 -0.730058 -0.520040 0.626148 0.550798 -0.634650 0.434301 -0.080306 0.767706 0.398625
1.088483 -0.223066 0.595330 -0.120658 0.885960 0.308951 0.915388 -1.041633 -0.414326 0.201910 -0.424086 -0.845258 -0.875080 0.188725 0.276281
0.886004 0.000321 -0.304819 -1.099906 -0.433921 0.910893 -0.390216 -0.367484 -0.884196 0.115973 -0.630882 -0.394288 0.247415 -0.271508 -0.856504
0.704504 0.799820 -1.067930 -0.496889 -0.197440 0.650124 -0.663265 0.005464 -0.707646 0.719197 -1.000471 0.798369 -0.488082 -0.096633 0.200696
-0.742055 -0.514243 -1.024151 0.548438 -1.035394 0.761101 0.300938 1.086856 0.607151 0.119194 0.213920 0.531330 0.562721 -0.108805 -0.819203
-0.917387 -1.023359 0.367720 0.298703 0.608713 0.181867 -0.218899 -0.828321 -0.427481 0.927182 -0.111457 -0.557529 -0.012112 1.036972 -0.612229
-0.601568 -0.524351 -0.156803 0.152457 0.002953 -0.718178 -0.765687 -0.304214 -1.079275 0.755881 -0.675986 0.535403 -0.707033 -0.478275 -0.757922
-0.540754 0.577642 -0.320593 -0.127957 -0.963213 0.313453 -0.306267 -0.687249 0.448879 -0.569601 0.154462 -0.084539 0.264581 0.334961 0.202568
0.578496 -0.941275 -0.599395 -0.095859 -0.528995 0.131772 0.301120 0.948460 0.803558 0.432655 -0.455646 0.035787 0.473838 0.211599 -0.541441
-0.598467 -0.831067 0.815950 -0.509701 -0.074331 0.351953 0.199633 -0.587597 -0.355665 0.619502 0.500419 -0.799165 -1.044859 0.015699 -0.435930
0.702945 0.709725 0.632428 0.236725 -0.569807 0.706314 0.653765 0.582247 -0.364573 -0.678088 0.246206 0.331647 -0.291757 0.447397 -0.464193
0.683991 0.300533 -0.040341 1.863871 -0.763646 -0.543395 -0.728950 0.096990 0.282603 -0.326330 0.395553 -0.285260 -0.489662 -0.457000 0.850478
-0.710194 -0.140677 -0.300292 0.378358 0.776727 0.370046 -1.029102 -0.092758 -0.222059 0.125927 0.428171 -0.275034 0.415680 0.902568 0.190652
0.522316 0.426465 -0.185457 0.190875 0.007859 -0.432741 0.285118 -0.484047 0.592919 0.514264 -0.305647 -0.634971 -0.864099 -0.613499 -0.706537
0.217828 0.373732 -0.793135 0.238982 0.776749 0.076594 -0.005347 0.384290 -0.565631 0.264263 0.346294 0.608549 0.446933 0.868888 -0.565003
-0.937537 -0.538619 0.220820 -0.068229 0.244256 0.273011 -0.770833 -0.820795 -0.048106 -0.194920 1.098007 -0.483098 -0.756634 0.348334 -0.898183
-0.097281 0.048243 0.095014 0.095163 0.144118 0.226770 0.144080 0.866264 -0.280315 0.874715 -0.674090 -0.008975 0.570445 -0.200929 -0.536643
-0.871649 0.829989 -0.988537 -0.804544 -0.997821 0.667761 0.579693 -0.171803 -1.042506 0.254803 0.656933 0.244104 0.013817 -0.156369 0.474017
-0.487727 -0.470987 0.130156 -0.297987 -0.692475 -0.234674 -1.039806 0.900127 -0.677034 -0.798725 0.653804 0.651170 -0.151770 -0.294115 -0.805952
-0.066181 0.849350 0.848648 -0.202723 -0.655466 0.778733 0.231729 0.342654 -0.206372 0.078164 -0.162152 -0.303704 0.026000 0.996349 -0.821298
0.461040 0.270869 -0.286688 -0.384537 0.702016 -0.545477 -0.475019 -0.629426 0.365132 -0.675164 0.010634 0.770719 0.130594 0.417958 -0.346713
0.759058 0.919603 0.666262 -0.504853 0.843555 0.136695 0.005148 -0.499553 -0.018723 1.067814 0.560562 0.698585 -0.777230 -0.617249 0.519704
-0.644845 0.557604 -0.892328 -0.285676 0.478645 -0.897359 -0.286175 -0.604290 0.754755 0.111681 0.334838 0.759576 -0.505884 0.616836 1.040151
-0.319461 0.789881 -0.540062 -0.055339 -0.944493 -0.278471 -0.023701 0.211940 -0.648417 0.076450 -0.584016 -0.841110 1.160309 0.948911 0.834558
0.940670 0.871361 0.302854 0.747066 0.384311 -0.508115 0.483854 0.272269 0.549380 -0.612437 -0.393052 0.043280 -0.063572 -0.678392 0.310046
0.105291 0.921622 0.554510 1.184854 -0.428679 0.363526 0.932151 -0.640734 -0.553787 -1.224971 -0.078834 -0.070609 -0.389852 0.136563 0.297796
0.540307 -0.500249 0.633870 1.247461 -0.678918 -1.072087 0.969883 -0.457960 -0.107696 0.496286 1.389057 0.517943 -0.389939 -0.283732 0.257105
0.489045 -0.752444 -0.785139 1.811243 -0.187790 0.066011 1.406195 -0.015123 -0.825530 0.507325 0.550720 -0.480856 -0.108325 0.471950 -1.073812
-0.064180 -0.667590 0.551540 0.538314 -0.007050 -0.394006 -0.016135 -1.020194 -0.392775 -0.188829 -0.937208 -0.133215 -0.398365 1.021664 -1.064267
-0.044489 0.791873 -0.792186 0.262412 -0.491451 -0.474036 -1.009075 0.298241 0.615191 0.869473 0.049444 0.215136 0.834687 -0.510403 -0.419129
0.655802 -0.110518 -0.683527 -0.662595 -0.826413 -0.902925 -0.275515 -0.373040 0.341716 -0.129678 -0.631066 -0.688688 -1.036798 -0.756924 -0.260627
-1.005876 0.918981 0.596105 0.038183 0.642274 0.881010 -0.665731 -0.212850 0.571377 0.476571 0.577619 0.197957 -0.543834 -0.139312 -0.797903
-0.262296 0.442252 0.000770 -0.427955 -0.687797 0.874302 -0.427831 0.227115 -0.478857 0.193479 -0.165837 0.672329 0.554645 -0.788805 -0.727315
-1.017397 -0.918957 -0.092675 -0.010901 0.798201 0.502080 0.041353 -0.411723 0.736150 -0.448410 -0.080298 -0.704087 0.872128 0.729909 1.005445
-0.520545 0.403354 0.682993 0.097889 0.467033 -0.436116 -0.589172 0.767829 -0.703566 0.823493 -0.709370 -0.671483 0.242185 0.465990 -0.842176
0.454366 -0.170592 0.036230 -1.319484 0.244011 1.054872 -0.427130 0.011500 0.717859 -0.466600 0.674346 -0.643035 -0.140292 0.011194 0.230439
0.151973 -0.358703 -0.705966 0.310974 -0.196830 -0.169500 0.092949 0.572173 -0.320088 0.287938 -0.869225 0.194631 -0.037018 0.553758 -0.227735
0.350289 0.886329 0.899803 0.609521 -0.763667 -0.589923 0.441499 0.156112 0.472225 -0.346400 -0.512789 -0.786481 0.933629 0.485501 0.599499
-1.010080 -0.459629 0.882288 0.143822 0.936659 -0.058304 0.659355 -0.323485 0.918091 -0.526690 1.014029 0.896029 -0.606841 0.676756 0.532922
-0.068177 0.714669 0.148223 0.754908 -0.796030 0.847519 1.625561 -0.759617 0.759483 0.458852 -0.402796 -1.018129 -0.871161 -0.263033 0.571005
0.883689 -0.604739 -0.097780 0.932663 -0.753148 -0.127365 0.200612 -0.526083 -0.761415 -0.484213 0.068879 0.069908 -0.705806 0.193503 -0.576666
-0.981427 -0.767319 -0.369390 -0.263424 0.907488 -0.982574 0.025444 -0.529933 -0.103938 0.227751 0.647636 0.516925 -0.471835 0.734912 -0.435337
-1.042445 -0.973072 0.286443 -0.492734 0.764664 -0.457791 0.637605 0.790025 -0.093406 -0.318849 -0.635788 -0.164649 -0.166677 0.512825 -1.068684
-0.346910 -0.684165 0.403994 -0.708432 -0.098603 0.555433 -0.287945 -0.144249 -0.758078 0.904707 -1.049492 -0.198884 -0.894117 0.032202 0.161786
0.524345 -0.250993 -0.364063 -0.672550 0.613799 -0.762327 0.657647 -0.333296 0.635268 0.121799 0.666901 -0.015532 -0.822066 0.329516 0.024433
0.907223 0.658758 0.333901 -0.568155 0.916848 -1.275474 -0.030240 -0.812455 0.616744 -0.947978 -0.047412 -0.878282 0.046289 -0.958187 0.804305
-0.828210 -0.202814 -0.316310 0.042293 -0.348919 -0.254636 0.212523 0.343090 -0.867031 -0.175637 0.859794 0.267022 0.446013 0.093750 -0.719859
0.918826 1.007075 -0.683364 -1.142481 -0.555167 0.256762 0.531043 0.412062 0.343043 0.084706 0.004331 0.380252 0.677338 0.609613 0.894675
0.437218 -0.200795 -0.111533 0.214318 -0.812103 -0.238461 -0.795513 -0.439051 -0.164268 0.725437 -0.698043 -0.072626 0.192564 -0.745423 0.152518
-0.147336 -0.751925 -0.760335 -0.020536 -0.940254 0.217044 -0.245985 -0.597414 -0.386203 -0.503167 1.033020 0.010018 0.237781 -0.522387 0.644968
0.514246 -0.657615 0.519719 -0.409661 0.419420 0.151987 0.490096 0.083781 -0.665637 0.207386 0.634848 0.723625 -1.176103 0.482941 -0.148951
-0.972921 -0.841929 -0.798537 0.541544 0.179700 -0.375770 0.516192 0.053095 -0.852224 0.881576 0.754219 0.396854 -0.091360 -0.506828 0.125729
-0.502000 -0.975407 0.748438 0.091595 0.376372 0.129664 -0.777492 -0.902469 -1.027520 -0.693774 -0.748162 -0.313989 -0.944234 0.433526 -0.134182
0.661902 0.446326 -0.866176 -0.225835 0.293059 0.248480 -0.711126 -0.875800 -0.496785 -0.609991 -0.018652 0.770682 -0.850908 0.906291 0.439480
-1.025136 0.366950 -0.297726 -0.523041 0.169027 0.613429 -0.181838 0.305897 0.667432 0.015933 -0.414138 0.377345 -0.576903 0.840707 0.047532
0.600755 -0.413371 -0.200019 0.276144 -0.005358 0.288811 -0.076766 -0.155523 -0.191607 0.711339 -0.694853 0.943993 -0.141665 0.267281 0.821341
-0.886080 -0.849806 -0.428185 0.321593 -0.312948 -0.258719 0.176391 1.139385 -0.330598 -0.051194 -0.013824 0.362869 0.015710 0.535939 -0.676071
-0.572104 0.620678 0.541299 0.793327 -0.699993 -0.005446 0.230510 -0.402169 0.425006 -0.828565 -0.447063 0.025553 0.127206 0.160022 0.695767
-0.912418 -0.291838 0.229494 -0.375438 -0.144625 -0.451277 0.639399 -0.746849 0.785210 -0.223391 -0.996261 -0.661208 -0.092149 0.514170 0.289762
0.263668 0.418144 0.362895 -0.415263 0.602644 -0.412416 1.181538 0.579980 -0.190170 0.642502 -0.334001 0.673365 -0.099124 0.292807 0.138606
-0.265562 -0.993484 -0.187564 -0.319867 0.264442 0.241399 -0.285984 0.420286 -0.985501 -0.522503 0.577042 -0.743946 -0.601906 -0.706072 0.889072
-0.227446 0.563897 -0.710934 0.034352 0.304720 0.024638 0.790103 -0.361232 -0.260857 -0.862381 0.994338 0.356680 0.020800 -0.851727 0.879743
-0.903712 -0.192702 0.216745 -0.009152 -0.674004 0.781223 0.434447 -0.677299 0.263301 -0.822858 0.781107 0.560394 -0.362593 -0.303203 0.729883
0.092252 -1.017792 0.635518 0.110338 -0.258017 -0.496110 0.302608 0.920925 0.211767 -0.479769 0.112094 -0.339711 -0.999634 0.476887 -0.713337
-0.890233 -0.106231 0.374198 0.027271 0.432882 -0.315518 0.978125 0.906823 0.724842 0.357434 0.153215 0.767269 -0.662544 0.539211 -0.288028
-0.607506 0.462960 0.380732 0.370452 0.799108 0.021529 0.067344 0.264380 -0.481862 -0.676531 0.691427 -0.396765 0.707458 0.553127 -0.475824
0.412763 0.014447 0.342992 1.041935 -0.248296 0.004825 -0.009379 0.678971 0.422507 0.314240 -0.145699 0.957743 0.276924 -0.094627 0.315412
0.597025 -0.441205 -0.434468 -1.176392 -0.561135 0.995009 -0.059929 -0.993718 0.541599 -0.588446 -0.873383 -0.231609 0.356921 -0.631135 -0.866310
0.395061 -0.797909 0.842483 0.227350 -0.253239 -0.256221 0.001082 -0.077479 -0.898717 -0.262470 -0.762306 0.095817 -0.510324 -0.337475 -0.167743
-0.053699 0.782837 -0.027504 0.082540 0.253326 0.368234 0.839112 -0.793588 -0.320786 0.466459 0.108242 0.078789 -0.833644 0.571524 -0.015574
-0.047755 -0.941768 -0.913630 0.203336 -0.475071 -0.420799 0.224765 -0.777645 0.298734 -0.640116 -0.765961 0.647052 0.167129 0.080618 -0.181843
0.358674 -0.784374 0.994626 -0.277562 0.158987 0.900808 0.798253 0.358947 -0.204154 -0.921872 -0.348052 -0.250424 -0.446298 -0.579191 -0.684866
0.703969 -0.456520 -0.201131 0.837539 -0.907381 -0.648422 0.340743 0.478731 -0.265246 -0.924668 0.742636 -0.763731 -0.600335 0.289898 0.785974
0.303424 0.177569 0.708744 0.433082 -0.353537 -0.174646 1.045061 -0.472385 -0.306540 0.225206 0.339558 -0.335195 0.741222 0.424197 0.246142
-0.653258 0.198809 0.165142 0.343567 0.284584 -0.469495 0.239675 -0.762038 -0.839759 0.621454 -0.568586 -0.104698 0.850680 -0.125652 0.939704
0.319188 0.952778 0.786487 -0.128983 -0.250636 -0.234942 0.936602 -0.362605 0.480410 -0.206579 -0.511189 0.407248 0.725341 0.169625 -0.249278
-0.429305 -0.073192 -0.772778 0.137609 0.042169 -0.015611 0.798394 -0.332619 0.197187 -0.440028 -0.789294 -0.732330 -0.191380 -0.353049 -0.323666
0.532234 0.767776 -0.720098 0.439292 0.318508 -0.915903 -0.932357 0.729441 -0.911263 -0.333308 -0.078620 0.553961 0.187671 0.074879 0.440029
-1.060520 -0.823498 -0.572906 -0.367317 -0.382464 -0.846700 0.652157 -0.986904 0.552226 -0.934791 0.760422 -0.043194 -0.135673 -0.474385 -0.965157
-0.879408 0.150190 0.012521 -0.646406 -0.447746 -0.925707 -0.009551 0.317594 -0.927676 -0.874299 0.680390 -0.642681 0.693034 -0.055224 -0.153977
-0.038726 -0.776736 0.911003 0.049824 0.644670 -0.230866 0.527351 0.266990 0.931307 0.276958 1.019426 0.660099 0.485097 0.754215 -0.010159
0.563768 -0.129395 -0.247600 -0.199376 -0.212368 0.517300 0.455117 0.280608 0.519697 0.793578 0.406242 -0.770752 -0.401629 -0.866298 0.692592
-0.436806 -0.789850 0.701973 -0.554462 -0.314172 0.633495 -0.411958 -0.116224 -0.363923 -0.202134 0.267521 -0.401817 -0.690495 -0.035994 -0.758939
-0.626891 -0.008908 -0.445650 -0.694157 -0.046753 -0.342753 -0.009760 0.298593 -0.430225 0.154570 -0.568778 0.973927 0.343489 -0.713506 -0.035548
-0.901655 0.825338 -1.047570 0.352347 0.721502 0.242884 -1.007046 -0.167006 -0.491665 0.915829 -0.445418 -0.188214 0.466785 -0.121342 0.089871
-0.817032 -0.750666 0.892459 -0.056236 0.877251 0.031205 0.152592 0.902014 1.008302 -0.552389 0.277453 0.813794 -0.248828 -0.297553 0.318419
-0.195949 0.622117 -0.918363 0.383727 0.265009 0.542203 0.667653 0.652686 0.168927 -0.912863 -0.394554 0.382056 0.303192 0.342142 -0.224161
-1.028283 -0.118471 -0.476047 -0.931471 0.365997 -0.101204 0.660525 -0.619712 -0.263534 0.053769 -0.348914 -0.677372 -0.213692 0.536461 -0.655488
-0.094906 0.830431 0.753708 0.534151 -0.958052 -0.410124 -0.485069 -0.438038 -0.590122 -0.388706 -0.022091 -0.121137 -0.088170 0.331340 -0.230694
0.256719 0.745500 1.026982 -0.794337 -0.487390 0.029102 0.598983 0.156300 -0.300907 0.335087 0.765147 0.734303 0.576157 0.351750 -0.227364
0.582522 -0.531213 0.306732 -0.147961 -0.127378 -0.003108 -0.987855 -0.016083 -0.003884 -0.968057 -0.926803 -0.597557 -0.507808 0.038043 -0.606038
-0.929719 -0.829305 -0.303020 0.060180 -0.584151 0.795005 0.348688 0.000359 -0.404572 -0.410781 0.182684 -0.553668 -0.128947 -0.497140 -0.553480
-0.757522 -0.630625 0.338364 0.151478 -0.049206 0.120706 -0.440754 -0.588737 -0.011719 -0.422465 0.693192 0.616198 0.456102 0.807816 0.232447
-0.510632 0.370613 -0.594485 0.265012 0.182373 -0.911365 0.682355 0.171099 0.054845 -0.390528 -0.892488 0.312475 -0.942452 -0.717511 0.819486
0.386941 0.855389 0.801712 -0.158435 -0.450544 -0.277208 -0.610401 0.444631 -0.185612 0.568853 0.815810 0.953903 0.136215 0.279971 -0.526222
0.558308 0.996204 -0.251205 -0.773936 -0.048646 0.176051 -0.517984 -0.174388 0.442537 -0.084331 -0.429894 0.812270 -0.142640 0.432054 0.567714
0.282476 -0.839858 0.052947 0.170969 -0.159502 -0.814529 -0.561876 0.733549 0.739346 -0.471881 -0.266499 -0.370097 0.676374 -0.873422 -1.057112
-0.874149 -0.765075 -0.520306 -0.533729 1.043722 0.556692 -0.589464 -0.453821 0.059023 0.112452 0.404721 -1.002712 -1.072835 -0.254341 -0.726043
-0.344403 0.232590 -0.054485 -0.095388 -0.362628 -0.529053 0.365574 -0.087943 -0.625064 0.778646 -0.407832 0.866820 0.611012 -0.363413 0.620915
0.796703 -0.413153 0.018349 -0.125553 -0.452325 0.054406 -0.199008 -0.183175 -0.494567 0.201467 1.117253 -0.541504 0.565979 1.028233 0.597453
-0.414940 -0.326433 0.903944 0.045054 0.986603 -0.631219 -0.595525 0.177016 0.807056 -0.398993 -0.528925 -0.224603 -0.921198 0.000617 0.361525
-0.357116 0.023527 -0.143814 0.438482 -0.660537 -0.303112 -0.381216 -0.118019 -0.132750 -0.759384 0.442579 0.104820 0.009645 -0.391741 -0.949012

Bias v0 (Oculta):
-0.097671
0.263754
-0.856234
0.929498
-0.298299
-0.546975
-0.035823
0.347536
0.129272
0.769399
-0.599136
-0.224336
0.375098
0.164770
0.256285

Pesos w (Oculta -> Saída):
1.161186 -0.952280
-0.337245 0.408482
0.556361 -0.949138
4.159789 -4.207561
1.032003 -1.119936
-1.335755 1.329070
2.102940 -2.030593
-0.761959 0.807618
0.569922 -0.527288
-1.017462 0.959916
1.309522 -1.185894
-0.331286 0.340641
-1.575948 1.325924
-0.181326 0.773395
-0.652758 0.840632

Bias w0 (Saída):
-0.640769
0.084020
