Pesos v (Entrada -> Oculta):
-0.585500 -0.433133 -0.306187 -0.182667 0.424223 -0.081827 -0.342812 -1.172651 1.227048 -0.724148 1.491049 0.302196 -0.638696 0.586699 -0.393226
-0.706490 -0.719546 0.284777 -0.424702 -0.770676 -0.935425 -0.714089 -1.193950 0.264333 0.912514 0.306268 -0.746460 -0.120138 0.288411 0.601293
0.009996 -0.082596 0.334771 0.427595 -0.689464 0.184819 -0.647385 0.418812 0.676240 -0.015706 0.657426 -0.034165 -0.700377 0.723830 0.220169
0.223074 -0.768310 -0.030775 -0.008573 0.670404 -0.442760 0.615164 0.021758 -0.416166 -0.244536 0.414067 0.548038 -0.145080 -0.092819 -0.897433
0.112098 -0.797112 -0.295848 0.286982 0.083447 -0.025792 -0.303814 -0.823468 -0.958336 0.672060 -0.021166 -0.618176 -0.839222 -0.415715 0.231646
0.849548 0.121536 0.612832 -0.228915 0.301182 0.409708 0.418283 -0.000685 -0.806996 0.443868 -1.224634 -0.286799 -0.545489 0.195886 -0.815038
0.979313 0.715373 0.329402 -0.157723 1.887282 -0.127260 0.958092 -0.246397 0.052761 -0.440169 -1.143704 -0.523420 -0.040456 -0.208223 0.337809
1.134064 -0.036312 0.838745 -0.204418 0.888491 -0.286386 -0.803065 -0.426828 -0.166657 0.912649 -0.948729 -0.323786 -0.278596 -0.175091 0.267991
0.361140 0.235470 -0.403787 -0.617141 1.005736 -0.376196 0.380605 -0.230346 0.662701 -0.585987 -0.032991 0.225703 -0.880864 0.421364 0.050507
-1.518195 0.171846 -0.222699 0.000358 0.313518 -0.344995 0.973864 -0.141060 0.709099 0.812398 -0.204201 1.202969 -0.738951 0.810107 0.173136
-0.160826 0.504877 -0.495123 -0.679529 -0.852576 -0.562418 0.719328 0.436798 0.407252 0.833895 0.762344 0.658824 0.041989 0.990373 -0.594564
-0.088840 -0.262150 -0.239749 0.515254 -0.733297 -0.880521 1.257646 -0.530592 0.431322 0.072426 0.407198 0.349122 1.040672 0.400719 1.107857
-0.578707 0.378198 -0.351083 1.131091 -1.047686 1.242382 -0.229505 0.573173 0.788200 0.956443 0.174569 -0.223795 -0.037665 -0.011499 -0.523126
0.085329 0.622004 0.960760 -0.138821 -0.563405 -0.565300 0.086618 -0.057432 0.264044 -0.385828 -0.303699 0.665768 -1.211048 0.502343 0.530648
0.216733 0.562204 0.125530 -0.486811 -0.027811 -0.736417 -0.549217 1.201871 0.144578 0.432574 1.031515 2.344168 0.693148 0.174670 0.591123
0.069758 -0.059688 -0.134061 0.383342 0.639575 -1.134511 0.321151 0.634532 -0.152128 -0.109901 1.431400 1.533206 0.243124 0.202864 -0.442748
-0.816053 -0.313523 0.928532 0.038247 0.057902 -0.143110 0.124532 -0.067721 -0.144892 -0.832826 0.525662 -0.063717 0.172600 0.169268 0.240603
-0.641694 -0.163004 0.286550 1.112571 1.582270 -0.120170 0.489096 0.201070 -1.715454 0.797248 -1.751942 -0.892155 -0.312619 0.030889 -0.476207
0.027742 -0.496393 0.265933 -0.263350 1.596624 0.725553 0.000151 0.390662 -0.604649 -0.509577 -1.266836 -0.637703 0.067870 -1.158814 -0.786032
0.010235 -0.422109 0.005215 0.744771 1.465075 0.787884 0.648155 0.071715 0.096541 -0.313612 -1.207748 -0.347750 0.642435 -0.059209 -0.049334
0.272752 -0.170247 -0.439031 -1.291515 0.000472 -0.444862 0.263229 0.598440 1.268349 0.095869 -0.482788 1.002570 -0.023212 1.539171 -0.104940
0.450987 -1.121453 -0.038702 -0.583083 -0.229691 -0.462438 0.642412 -0.370083 0.887091 0.379313 -0.054785 1.203360 -1.087345 0.708591 0.169671
0.373788 -0.093840 0.792632 -0.285811 -0.510244 -0.166287 -0.290999 -0.771317 1.226481 0.469292 0.219359 0.552391 -0.438052 -0.399178 0.537629
-0.510402 -0.422192 -0.323836 -0.887133 0.525431 -0.093882 0.185653 0.849346 0.411867 0.997378 0.818119 -1.080934 -0.527801 -0.115457 1.376916
0.662943 0.338839 -0.304055 -0.112536 0.090695 1.277930 0.836630 -0.826926 0.287391 -0.339601 -0.795928 0.049925 -0.547164 0.366558 -0.603689
0.601380 0.220253 0.541583 0.294766 -0.074016 0.858318 -0.197172 -0.734866 -0.362451 0.341397 0.218573 0.756976 -0.219613 0.230892 0.185982
-0.492221 0.137131 0.680211 -0.003429 -1.080570 -0.269598 -0.624272 -0.737481 -0.126776 -0.903139 0.532859 0.476113 -0.221374 0.604510 0.395939
0.313265 1.073035 0.060276 0.254565 0.033760 -0.370765 -0.574757 -0.778974 0.237547 -0.992709 -0.124037 1.231016 1.006418 0.467014 0.432223
-0.240783 -0.153643 0.515583 1.169356 1.669562 -0.116145 -0.486980 -0.468449 -0.558199 0.016097 -0.079180 -0.066188 -0.556407 0.089909 0.168999
-0.918922 0.502133 0.777293 0.590282 2.095695 0.519733 0.726571 0.661506 -0.489006 -0.447411 0.228525 -0.348822 -1.011190 0.117360 0.247985
-1.042233 -0.015708 0.820939 -0.173373 1.584248 -0.466804 0.128149 0.297885 0.133635 0.599292 -0.543033 -1.194905 -0.876093 0.010967 -0.214613
0.232183 -0.903021 0.219463 -0.263199 0.797870 0.715537 -0.994851 0.334611 0.471853 -0.182831 -0.333622 0.072932 -0.543110 -1.267108 0.622583
0.478499 -0.480973 0.174652 -0.466444 -0.209338 -0.139133 -0.213717 0.006040 0.765442 0.720643 1.039803 1.243501 1.213072 0.934217 -0.841412
0.850820 -0.440115 0.997995 -1.352164 0.154518 0.838243 -0.153535 0.045208 0.844015 0.590885 1.103651 0.452041 -0.272633 0.897466 -0.429736
1.280185 -0.093638 -0.781525 -0.962316 -0.508187 0.964618 -0.625773 0.901505 1.078265 0.577380 -0.665260 -0.344761 -0.532741 0.026647 0.222443
-0.296236 -0.671648 0.672078 0.713511 -0.971750 -0.046233 1.039471 -0.360889 -0.026966 0.448992 -0.839304 -0.639858 -0.232417 -0.224873 0.789037
0.761992 -0.189977 -0.689829 1.029516 -0.944684 -0.345048 -0.524895 -0.111571 -0.380765 -0.224435 -0.728275 0.075853 -0.873812 0.238693 0.536949
-0.441862 0.548540 0.247499 -0.246411 0.677429 1.392877 -1.006187 0.595037 0.963200 -0.889219 -1.072008 0.444238 -1.363252 -0.318350 0.484639
0.349568 0.292611 0.019988 -0.439609 0.597242 -0.087603 0.587511 0.453620 -0.539496 0.335006 -0.100105 0.368480 -0.709278 0.055406 -0.008913
0.102576 0.004507 -0.501131 0.033915 -0.677465 0.099321 0.455040 -0.871369 -0.208223 -0.544287 -0.154472 1.237793 0.247326 0.781661 0.680630
0.266273 1.128032 0.334695 0.879720 -0.715316 -0.227200 -0.566239 -0.533310 -0.921043 0.427810 -0.067442 0.739895 0.060485 1.335146 0.695344
-0.729946 0.655707 1.607841 1.065412 -0.892477 -0.891987 -0.224249 0.994984 0.714916 0.726220 -0.971636 0.860990 0.156566 -0.835903 -0.167398
0.655391 -0.896549 1.448027 0.999618 -0.924435 -0.455122 0.046318 1.690508 0.504158 -0.180737 -0.951205 0.109996 -0.067181 -0.142880 0.477296
0.796506 -2.396092 0.222327 0.470979 -0.928357 1.347591 -1.648307 0.019820 -0.819528 -0.853610 -0.314800 -0.318444 -0.150352 -0.509538 0.145805
0.982316 -1.320280 0.241252 0.224341 -0.234719 1.575065 -0.150550 -0.365612 -0.283416 0.265965 0.847704 1.209924 -1.046865 -0.628325 0.093193
1.026298 -2.562802 -0.891156 -0.224825 0.703321 0.493164 -0.721767 -0.316119 -0.866721 -0.285153 0.463682 0.424687 -0.663413 1.068826 -0.233612
0.661269 -0.188592 -0.518196 -0.280715 -0.626565 0.616712 -0.654905 -0.569884 1.053066 -0.423222 0.556921 0.244080 -0.818386 -0.949795 -0.752772
0.941962 -0.100439 0.640152 0.878740 0.949188 -0.247890 0.205770 0.111844 0.906877 0.625035 0.164816 -0.674131 0.587792 0.585721 0.987488
-0.282990 -0.054165 -0.972229 0.526283 0.742844 0.146309 0.153201 -1.117155 -0.624603 -0.161931 0.482826 -0.096579 -1.039091 -0.167117 -0.282621
0.695919 0.034881 -0.691394 0.434785 0.520338 1.422359 0.211610 -0.231411 0.009453 -0.175224 -0.115453 0.435381 -0.283943 1.104378 -0.379204
0.695392 -0.949191 0.287999 0.291831 -0.071481 0.919258 -0.227996 -0.199200 0.374462 -0.179626 -0.699308 0.362762 0.563963 1.046153 0.381286
0.504546 -0.030017 0.994842 -0.076061 1.096861 0.464798 0.343772 -0.901574 0.449462 -0.679768 1.066127 -1.738843 1.910531 0.771975 0.996200
0.172259 0.641106 -0.214396 0.096254 -1.072219 -0.451337 -1.534025 -1.707513 0.134385 0.443394 0.652201 -1.462061 0.254540 -0.977951 0.134009
-0.971603 2.153186 -0.896777 0.572644 0.070407 -0.659126 -1.008776 -0.383089 0.458559 -0.448921 -0.615515 -0.221784 -1.072684 -0.658954 0.274056
-0.068735 0.938005 -0.240079 -1.693617 0.686273 0.165664 -1.540839 -0.922340 0.247679 -0.181009 -1.250782 -0.196532 -0.457034 0.067603 0.023481
0.498059 -0.366624 0.371465 -1.440323 1.196892 0.152313 -0.614277 0.261969 -1.382701 -0.384922 -0.030553 0.329260 0.747450 0.259419 -0.662467
-0.179096 -2.243219 0.528775 0.008416 0.504794 1.161116 -0.289186 0.963288 -0.883361 0.704688 0.559525 -0.902643 0.289462 1.466232 0.133179
0.685394 -0.355293 0.002838 -0.803929 0.412088 0.274921 -0.484531 1.627240 -0.808032 -0.858058 0.840331 -0.503444 0.133144 -0.050606 0.621147
-0.317942 -0.025434 0.711140 -0.350609 0.849995 0.915112 0.105689 0.817558 -0.932350 -0.767580 0.420923 0.088350 -0.649811 -1.110413 -0.350003
-0.306346 0.679508 0.023634 -0.783133 -0.631936 -0.454775 0.717295 0.036568 -0.257946 0.062898 -0.278898 -0.838675 1.207106 -0.798666 0.512671
-0.121195 0.204087 0.228569 -0.213707 -0.569956 0.235383 -0.573893 -0.498807 -0.514982 0.303872 -0.334622 0.784127 -0.860822 -0.489061 0.971594
0.287863 -0.552351 -0.022745 -0.801540 0.729427 0.562774 -0.732472 -0.597940 0.325097 0.145971 -0.513583 -1.196986 0.526765 1.383715 0.458863
0.082070 -0.066762 -0.199347 0.070493 1.016946 1.332870 -0.074572 -0.793282 -0.244811 1.032505 -0.299481 -1.100689 0.532449 2.287138 -0.010014
-0.058734 -0.920687 -0.251848 -0.135862 0.256484 0.746127 -0.682761 -1.077508 -0.179121 0.249168 0.237754 -0.630246 0.193088 1.251401 -0.431066
-0.824837 -0.155765 0.715819 -0.662592 -0.151177 -0.401001 -0.941386 -1.359962 -0.676906 -0.707841 0.787387 -0.488987 -0.466409 0.643139 0.300138
0.687454 0.459932 -0.453748 0.223543 1.049549 -1.417261 -1.825010 -0.499833 1.343089 0.066680 -0.536747 -0.068115 0.179759 -0.335667 0.573923
-0.818361 0.653762 0.148357 -1.543804 0.112763 -0.010797 -0.484101 0.351361 -0.491035 -0.199900 -0.146172 -0.084711 -0.470715 -0.107219 -0.845535
-0.887383 0.966676 0.847088 -1.783786 0.744011 0.182863 -0.773378 -0.917934 -2.382901 1.011616 0.250726 -0.312744 1.223046 -0.226293 0.308204
0.807008 0.643782 -0.742975 -0.692328 -0.037459 0.510356 -0.060933 1.461866 -0.154597 -0.534198 0.771341 0.036949 0.877066 0.527763 0.676755
0.561540 -0.331504 -0.960064 0.046400 0.042252 0.880955 -0.171879 1.488786 -1.209234 0.582911 -0.548716 0.101627 -0.474816 0.158690 -0.876297
0.267553 0.305449 -0.285537 0.329104 0.542894 0.566179 0.228250 1.045002 -1.177088 0.799809 -0.139397 0.828186 -0.700864 -0.822363 1.156240
-0.800627 0.579381 -0.167376 0.574959 -0.695066 -1.146898 0.358499 0.308776 -0.640385 1.048017 -0.380182 0.421117 -0.573798 0.529632 -0.377038
0.875369 -0.382976 0.282015 -0.801975 -0.127039 0.131006 -0.938448 0.629789 -0.666600 1.016612 0.495087 -0.943790 0.750197 -0.370716 0.696741
-0.491589 0.936468 0.929406 -0.656243 -0.379200 0.918243 -0.035032 0.969939 -0.019793 -0.082458 -0.672086 -0.729672 -0.453005 0.190576 -0.678733
-0.504612 -0.915851 -0.431214 -0.149254 0.502381 1.151615 -0.128322 -0.151320 0.544605 0.207369 -0.133591 -1.357455 -0.091459 0.122805 -0.781443
0.003436 -0.710454 0.188182 0.889327 -0.339625 0.695930 -1.459785 1.042916 -0.850347 0.944430 0.481687 0.026134 0.317240 -0.518517 0.507013
-0.446438 -0.935129 -0.283740 0.343635 -0.291898 0.335455 -0.796627 -0.473542 0.026710 0.336531 -1.127904 0.699343 -1.106743 -0.105635 0.091923
0.872251 0.605955 0.964799 -0.755856 -0.370637 -0.826770 -0.770163 -0.835507 0.791963 0.009512 -0.077534 0.407682 0.648010 -0.280275 0.843974
0.741096 1.146830 1.387290 1.030011 0.092826 -1.531543 0.080129 0.444838 -2.305163 -0.031701 -0.818430 1.008612 0.733947 0.323177 0.653035
-0.208117 1.726844 -0.478731 -0.917770 0.018400 0.138531 0.299617 0.767023 -1.261790 -0.692190 0.627057 -0.175560 -0.295256 -1.163463 0.209111
0.068155 2.648959 -1.537330 -0.910324 -0.284117 1.878838 0.077911 1.206684 -0.327584 -0.185076 -0.051751 -0.049278 0.480879 -1.398120 -0.293338
-0.479054 0.677941 -0.445754 0.690367 0.111261 0.354469 0.115908 0.646378 -1.764112 -0.326856 0.134581 0.213542 0.665747 -1.449713 0.316929
0.014923 0.610026 0.329597 0.529211 -0.200047 0.328730 -0.995750 0.548901 -0.182314 0.790434 0.477048 0.022686 -0.334062 0.959183 0.539052
-0.687161 0.428048 -0.974573 0.117351 0.267411 -0.897578 0.819499 -0.850259 -0.181287 0.447555 1.064461 0.135935 -0.753220 0.024838 1.176667
-0.584492 0.374935 0.657222 -0.796452 -0.420013 -0.614738 -0.579919 -1.331117 0.124809 0.087526 0.558832 -0.731640 0.812664 -0.257688 0.286544
-0.035715 0.184134 0.660549 0.359443 -0.569586 0.941853 -0.196525 -0.279000 0.135120 -0.308462 -0.206789 -0.449914 -0.110518 -0.841132 -0.818835
-0.057791 0.749114 -0.182022 0.405115 -0.942299 -0.226628 -0.253978 0.846697 -0.145204 -0.295797 -0.211427 -0.340754 -0.407395 -0.156781 -0.196433
-0.247422 -0.222066 -0.117860 0.273223 0.100460 -0.016744 -0.277055 0.360150 0.147136 -0.058668 -0.170834 -0.241878 -1.001752 -0.433184 0.251273
-0.066955 -0.128104 1.043726 0.078511 -0.792793 0.140446 -0.147926 0.896108 0.419390 -0.100520 -1.649324 1.003231 1.041612 -0.620326 -0.092525
1.017738 0.005313 2.234690 -0.312725 -0.209676 -1.327977 0.789483 -1.474438 -0.430535 -0.408416 -0.075649 0.818953 0.502496 -1.169851 0.553485
1.155276 -1.288577 1.351369 0.314967 -0.837657 -0.942054 0.441440 1.390200 -1.069785 0.738704 -0.191451 0.375717 -0.021949 -0.991654 -0.534833
-0.132291 0.288628 -0.979613 1.495804 -0.670977 -0.221548 0.146869 1.305082 -0.517102 -0.486692 0.313222 0.641026 0.894109 -1.418263 0.499898
-0.027028 0.790202 -1.007383 0.352699 0.470239 0.178990 0.259814 0.086063 -0.305847 -0.142939 -0.005726 0.215092 0.246651 -0.262083 -0.435532
0.154404 0.773371 -0.215777 0.107159 -0.556375 0.295091 -0.628523 -0.647533 0.027041 0.452180 -0.016491 -0.645409 0.242584 -0.712890 0.290200
1.251428 -0.249326 -0.853497 0.866987 -0.136712 0.160720 0.265553 -0.325676 0.017717 -0.315455 0.867965 0.773044 -0.354139 -0.084646 0.374402
0.800245 -0.395982 0.285597 0.657941 0.352975 0.325335 0.710378 0.659295 0.184449 1.342401 -0.572670 0.967479 0.347779 0.699030 0.869331
1.146618 -0.752699 0.499598 -0.438672 -1.176855 -0.645613 -0.357778 0.696383 0.586652 0.940837 0.779017 0.530121 -0.431661 -0.094241 0.465342
1.310674 -0.518411 -0.781571 1.289050 0.024376 -0.334940 -0.650533 1.474516 -0.229691 -0.027315 0.033348 -0.347888 -0.580214 -1.922088 0.431825
-0.463685 0.115394 -0.099368 0.260489 0.586816 -0.891205 -0.045283 0.515652 -0.325738 -0.199541 1.332765 -0.848175 -0.438186 -1.453599 -1.114092
-0.574946 -0.506715 -1.021314 0.105988 -0.406294 -0.166642 1.018140 0.445962 -0.585354 0.751113 -0.058804 -1.949900 -0.635210 -0.498534 0.256446
0.231269 -0.099826 -1.694216 -0.908979 -0.251685 0.733317 0.956682 -0.693413 0.302775 -0.490068 -0.359531 0.225020 0.406906 0.881165 0.513169
0.969459 -0.685605 -1.456195 -0.567840 -0.729282 -0.179259 2.399606 -1.326917 -0.351215 -0.259817 0.708761 0.430461 0.986962 -0.202898 -0.844894
0.159889 -0.189471 -1.154131 0.840506 -0.084145 -0.451784 0.166958 -0.295309 1.352869 0.533641 0.735816 -0.102715 0.734478 -1.067639 -0.060944
0.116728 -1.012766 -0.928301 1.355708 -0.321422 -0.072612 -0.390358 0.323252 -0.159463 -0.894782 0.696532 0.231931 0.841351 -0.392856 -0.340601
-0.087441 -0.838655 0.269119 0.879882 -0.186503 -1.100269 -0.533298 0.518063 0.465877 0.280310 -0.321432 0.355440 0.535413 -0.837381 -0.293048
0.528960 0.684104 -0.200529 0.493759 -0.080169 -0.164516 0.078696 -0.004995 1.125972 -0.803835 -0.324470 0.069680 -0.122888 0.573637 0.725138
-0.002159 -0.333249 0.952776 0.882872 -0.374095 0.683783 -0.504930 -0.815191 0.740024 0.075452 0.757556 0.536844 0.678165 -0.356495 0.535985
0.705284 0.103762 -0.027150 -0.018338 0.887033 -0.106234 0.640935 0.617157 -0.003505 1.031067 1.075491 -0.379592 0.123599 0.493772 0.334720
-0.386728 0.748142 -0.787654 -0.353711 0.449420 -0.219692 0.919191 -1.128593 -1.052214 -0.395129 0.478041 -0.123834 -0.364773 -0.444865 -0.392083
0.239402 0.093363 -0.521223 0.550670 -0.628898 -0.577903 -1.063542 -0.372988 -0.300152 1.114575 0.459699 -1.086863 -0.620402 -0.353916 -0.095434
-0.183181 0.413732 0.635607 1.062649 -0.189375 -0.510095 0.017340 0.243999 -0.313518 0.172045 0.824721 -0.783767 0.498713 -0.857092 1.099947
0.011654 -0.213970 0.239093 -0.258538 0.535216 -0.244697 -0.450014 -0.653012 -0.479319 -0.182681 0.706628 -1.386390 -0.995087 -1.003981 0.873508
-1.229933 -0.151926 -0.395106 0.155701 -0.787372 -0.344134 1.197126 0.497490 -0.628094 -0.091860 0.400901 -0.365784 -0.495374 -0.244921 0.935230
0.084350 -0.076902 -1.598382 -0.108758 0.310977 0.135791 0.904814 -0.229451 -0.084442 0.180431 -0.665612 0.061169 -0.430876 0.107981 0.155667
-0.185361 -0.360707 -1.263238 0.118175 -0.863522 0.512944 1.648062 -2.075275 0.782631 -0.715930 -0.757711 0.729627 0.711174 -0.763892 0.416695
0.688541 -0.373283 -1.889601 0.105037 0.155333 -0.023771 0.434931 -0.046676 -0.045933 0.210090 -0.482151 -0.014016 0.661538 -0.047963 -0.288190
0.134677 -0.470715 -0.840747 1.338679 0.632909 -0.925806 0.142779 1.730994 1.098090 -0.500971 0.646975 0.074422 -0.115095 -0.109025 -0.663560
0.238724 -0.278368 -0.125047 -0.467518 0.312739 -0.461693 -0.676896 0.673021 0.356143 0.634625 -0.113021 0.334593 1.395349 -0.246212 -0.054321
1.384903 -0.357177 -0.157538 -0.385756 -0.446569 0.196344 0.505423 -1.053584 0.044568 -0.288335 0.697246 0.970388 0.171057 -0.796323 -0.011263
-0.550892 0.283024 0.047857 0.451935 -0.184768 -0.305516 1.199418 -0.738352 0.924286 0.895579 -0.513168 0.609987 0.961017 -0.308297 0.526566

Bias v0 (Oculta):
0.625302
0.603749
-0.044899
-0.315421
-0.500032
-0.886071
0.277741
-0.140434
0.508569
0.187117
1.023051
0.051917
0.336975
0.321120
0.746918

Pesos w (Oculta -> Saﻥda):
-1.513249 -0.760030 0.910986 -1.434037 -1.185418 -1.295120 0.530339 1.280234 -0.382894 -0.609759 -0.497378 -1.432114 -3.552641 -1.128206 0.545447 0.930258 -3.890200 -2.092824 -2.499482 1.302686 1.504536 2.483651 -0.248111 0.188896 -0.310552 -0.831343
-4.486856 -0.378918 1.684766 1.233001 -0.223444 -4.550414 -5.417050 -1.500287 -2.131732 -0.075307 1.067711 -0.231527 1.181847 -2.757281 3.149938 3.527437 1.368944 4.559442 -4.233237 -1.083114 0.131592 2.468314 -2.609715 -1.814549 -3.662559 2.654190
-2.927484 2.770842 0.155199 1.361476 3.993823 -3.081976 1.458719 1.639357 -2.695953 -2.498468 -2.764619 1.672916 -1.783797 1.272721 -0.282877 -3.803870 0.524245 -2.008113 1.797427 -2.860081 1.822968 -3.461112 -0.504870 -0.827462 -0.425532 2.840178
-1.726209 0.829607 -1.253492 -2.229453 0.551510 0.118314 -0.141062 2.957143 -0.767701 2.714036 -3.636151 -3.527052 1.113700 -2.978691 -1.018594 0.976214 0.145246 -2.291726 -0.268069 0.594805 1.906548 0.416859 -0.640129 -2.750129 2.359485 -0.229693
-0.131910 -2.082971 -2.529129 -2.089055 -4.104439 -3.407388 -1.347123 -1.947750 -1.109385 0.998100 -0.424982 4.276302 2.512717 -0.468341 -0.991082 -2.957823 -2.085199 -2.466789 -1.061576 -2.878952 2.582848 2.095914 1.370873 1.436541 2.743910 -2.313805
0.511288 -2.925468 -2.352318 -2.309923 3.856099 1.368107 -3.338304 -1.946980 -0.150899 1.582040 1.033396 2.033542 -2.515448 2.367718 -3.140048 -1.859011 -1.101313 2.367722 2.035665 1.919907 -3.098758 1.503857 -4.233879 -0.063187 0.344021 2.330418
1.428001 2.806720 -2.403288 -2.267084 -0.510778 1.729112 -2.732198 3.905473 -3.863795 -4.011736 2.938066 -3.544346 2.719180 1.633466 -2.142520 2.220262 -2.463261 2.066178 -3.712037 -3.337550 -3.836783 -2.136253 1.516508 1.657263 1.273098 -0.850641
-2.724389 3.526338 2.056290 -1.621412 2.586830 2.682534 -2.217016 -3.346012 2.577903 -3.683549 0.348024 1.529606 0.815251 -1.914666 -2.430575 2.183470 -0.790799 -1.572651 2.035641 -1.133154 -0.983797 0.902744 -1.599606 -0.634625 1.808126 -0.873447
3.493159 0.448288 -4.504095 1.226596 0.288444 1.428565 0.834566 -1.556453 -3.774999 1.675149 -5.284034 -0.579919 -0.469118 2.067387 2.938291 0.198312 0.523511 2.623503 3.589217 -3.184088 -1.173701 1.409960 0.075855 -2.586720 -2.667137 -3.978849
-2.402544 -2.990670 -0.428639 -1.101759 -2.878546 -1.593550 -0.861602 -2.100783 -1.517926 -2.100750 -2.002034 -1.740347 -1.119937 -0.617212 -2.414412 -1.923808 -0.275564 -2.421132 -1.866826 -0.503093 -0.951540 -2.758840 -1.084697 -0.676534 -1.391886 -1.547538
0.382012 -0.433749 1.521458 -4.850140 0.218116 0.553430 2.261582 -3.740947 -0.108155 -0.834690 -0.680420 -0.004245 -1.779429 -2.729734 3.334275 0.089206 2.273101 -0.784778 -1.260849 0.663857 -3.281947 -0.374016 1.332162 1.108301 0.954962 -0.195795
1.685616 -0.136643 0.919171 1.890485 0.060300 1.797770 0.424812 0.993162 2.461248 2.112314 3.393447 1.400528 -0.381150 -1.911199 1.378568 1.519332 -3.276908 0.284512 0.202472 -2.858955 -0.810899 -3.044038 0.144470 -4.105737 -1.447434 -0.005707
-2.772068 -1.571782 0.383986 0.206240 -1.206196 -0.875589 -1.929039 -1.082062 -2.274402 0.667691 -1.691960 0.409160 -0.229117 0.263894 0.327280 -0.501915 -0.207843 -0.680445 -1.452407 2.369107 -0.320528 -0.751375 3.387741 -0.474350 -1.379972 1.682644
1.769758 2.448936 -2.856490 1.413990 -4.349290 -3.365084 -0.896650 -1.294807 2.938895 2.747585 -0.440379 -1.808840 -0.235281 -2.542687 -2.845691 -2.320514 0.899863 0.591540 3.055988 -2.773506 -1.418926 -1.022211 0.010213 3.434194 -2.689961 3.290745
-1.523645 -1.711815 -1.354710 -0.557309 -2.126705 -1.937108 -0.913532 -1.826614 -0.234769 -1.804000 -1.468634 -2.454351 -0.696414 0.095650 -3.001276 -2.972460 0.381638 -2.506673 -2.339050 0.778904 -1.743927 -1.319829 -1.248637 -0.619155 -2.485616 -2.374778

Bias w0 (Saﻥda):
-1.350903
-3.207082
-1.736796
-0.235912
-2.930360
-1.966943
-0.693136
-1.514693
-2.122011
-2.571629
-1.046890
-1.588972
-1.227276
-0.705024
-3.199523
-3.851113
-0.963793
-1.965666
-1.832010
-0.412682
-1.224117
-3.000124
-1.007948
-2.314578
-2.484110
-3.139309
