Pesos v (Entrada -> Oculta):
0.035567 -0.394961 -0.686072 -0.621220 0.616085 -0.674220 -0.954046 -0.680114 0.079576 0.161752 0.473747 -0.062821 -0.000338 -0.142572 0.883215 -0.848241 -0.522725 0.098975 -0.607322 0.750148 -0.633655 0.771838 -0.775933 -0.419598 0.411185 -0.344951 0.711348 0.178539 0.437427 0.245368 -0.067301 -0.087639 -0.619735 0.033862 -0.134878 0.681613 -0.757250 0.132567 -1.017867 -0.516191 -0.465059 0.424978 -0.762591 0.104687 0.039440 -0.219103 0.703138 0.027840 -0.753006 -0.413442
0.175956 -0.185351 0.841597 0.107388 1.110411 0.360922 1.060983 -0.394819 -0.711613 -0.152274 -0.693466 0.829024 -0.629407 -0.659586 -0.826479 0.359450 -0.334554 0.337314 0.973868 0.390847 -0.662057 0.009359 -0.797620 0.897421 0.247014 -1.086550 0.917799 0.843188 0.293562 -0.280406 0.070043 -0.529476 -0.708389 -0.710037 -0.739945 0.055972 -0.310145 0.505901 0.523446 -0.040777 1.150939 -0.067558 -0.898751 -0.435805 -0.602643 -0.385475 -0.299319 0.820887 -0.831826 0.384548
0.263998 0.285457 0.217474 -0.402715 0.253131 -0.551344 1.014907 0.129213 0.043590 0.470242 0.116139 0.073336 -0.213931 0.134418 0.538094 -1.090954 0.931828 0.200562 0.276778 -0.048249 -0.181311 -0.715601 -0.945504 1.199506 -0.611752 -0.640294 -0.195040 -0.904652 0.346468 0.695754 0.178809 0.788272 -0.212641 -0.286121 0.346540 -0.835948 0.221772 -0.399602 0.778203 -1.100189 -0.675328 0.582063 0.098337 -0.216471 0.256467 -0.667919 0.510154 -0.440345 0.962017 0.122461
-0.972818 0.594771 -0.760280 -0.728042 1.279688 0.436783 -0.808433 -0.218561 0.016503 0.156222 -0.124339 1.190772 -0.005154 -0.338050 0.310591 -1.152285 0.705011 -0.243109 -0.068433 0.599387 0.577728 -1.286541 0.508493 -0.223974 0.481812 0.359862 0.213742 -0.430369 -0.165257 0.727156 0.668134 -0.167780 0.109328 0.206506 -0.508161 -0.829108 0.075728 1.151146 -0.583421 -0.538074 -0.842538 -0.314568 -0.380515 -0.026568 -1.071827 -0.473594 0.431965 -1.188506 -0.601617 -0.307789
0.676351 0.766944 0.853769 -0.520550 0.396296 -0.717415 -0.729828 0.631792 -0.730513 -0.150792 0.773919 -0.164190 0.382045 0.109002 -0.270545 0.170315 0.134757 0.186075 -0.399170 0.215126 0.143162 0.904111 -0.486494 0.330189 -0.929716 -0.942730 1.037429 0.311281 -1.054637 0.292831 -0.662902 -1.178057 -0.400203 -1.122788 0.326781 0.242187 1.077054 0.012170 -0.380983 0.338767 -0.804970 0.414567 -0.362611 -0.204616 0.722672 0.039087 0.340395 0.353792 -1.079487 0.968866
-0.588775 0.422587 0.985523 0.588794 0.748091 0.735143 -0.210987 0.073676 -0.231735 0.177045 -0.844732 -0.857704 0.601803 -0.673904 0.693705 -0.169817 0.600234 0.146709 0.472988 0.222943 -0.544269 0.571738 -0.011990 0.087978 -1.360575 -0.418154 0.618865 -0.939675 0.339862 0.125210 -0.035154 0.227082 0.558498 0.626856 -0.405396 -0.766811 0.962688 -1.209504 0.180884 -0.673241 0.311896 -0.008204 0.230453 -0.638860 -0.467616 0.803174 0.132204 -0.138482 -0.317777 -0.538066
-1.102792 -0.674245 0.561384 0.812411 0.787983 -0.643637 -0.059140 0.060748 0.064220 -0.886831 0.051308 0.397168 0.095900 0.244939 -0.204781 -0.277332 -0.682687 1.047681 0.674871 0.834798 -0.110443 1.069758 -0.160848 0.320730 0.318086 0.339247 0.174812 1.014275 -0.061203 -0.911732 0.542146 -0.575646 0.020545 0.859520 1.055936 0.157380 0.513559 0.111948 -0.791537 0.638076 0.426969 -0.287888 0.440544 -0.239535 0.315880 -0.393573 0.681966 -0.794098 -1.237891 0.649263
0.853083 -0.841203 -0.427494 -0.410280 0.769019 0.098295 -0.735682 -0.575873 -0.475153 -1.107031 0.779806 -0.322578 0.696596 -0.778025 1.176137 0.180469 0.925747 0.955137 0.086458 1.081266 -0.008588 0.506088 -0.515300 0.637272 -0.361224 0.592274 1.067535 0.562771 -0.259964 0.877144 0.145705 -0.406419 0.824810 -1.097530 -0.697282 0.741451 0.763044 0.161648 -1.345006 0.905595 -0.704656 -0.667889 0.885261 -0.889185 -0.669003 0.405492 0.304810 1.124531 0.846851 0.480564
-0.021955 -0.501949 -1.073396 -0.207953 0.616887 0.688895 -0.577011 -0.924634 0.225701 -0.942753 0.481934 0.363726 -0.075125 0.510022 -0.661856 -0.699947 0.941521 -0.269090 0.439595 0.681317 0.404414 -0.349800 -0.035020 -0.057826 -0.727431 0.216046 -0.034375 1.039030 -0.267463 -0.170765 -0.020624 -0.501747 0.370181 0.472871 0.608283 0.456708 -0.867478 -0.688759 -0.330916 -0.878931 0.863967 -1.037855 0.417470 0.255816 -0.376573 0.318437 -0.716120 0.169654 0.276136 0.687154
0.236803 -0.559883 0.579312 0.285293 0.502800 -0.377647 0.688309 -0.603008 0.330341 -0.589196 -0.158963 0.937638 0.598962 0.040176 0.322180 0.050105 -0.143392 0.275693 -0.101698 -0.489761 -0.429815 -0.375407 -0.109673 -0.643393 -0.563769 0.040332 -0.655594 -0.247010 -0.507969 -0.032558 -0.302238 0.802519 1.085375 -0.888222 -0.501828 0.050809 0.471088 -0.081023 -0.998674 0.062476 0.919160 0.239659 0.636046 -0.248425 -1.274998 0.509957 -0.484879 0.608512 1.284261 -0.901854
0.307857 0.620137 -0.260025 0.506598 0.492076 0.924879 0.384982 0.774988 1.004368 -0.673347 0.050508 0.974611 -0.804310 -0.767930 -0.640646 0.702253 0.574748 -0.311675 0.401868 -1.012773 0.408853 0.281245 -0.756265 -0.370713 0.162723 -0.057751 0.781807 -0.128954 0.406775 -0.149792 -0.905257 0.254091 0.528285 0.453185 -0.571083 -0.910668 0.657535 0.873709 0.796352 -0.929217 -1.136567 -0.922939 0.001751 0.928326 0.219781 0.664552 0.739181 -0.106624 0.204603 0.637246
1.041313 -0.296310 -0.201704 0.345753 -0.030771 -0.209001 0.551480 -0.241184 0.264433 -0.525848 0.588657 -0.804012 -0.772244 0.131684 0.768969 0.373834 -0.594255 0.174334 -0.619970 -0.923029 0.545359 0.169552 -0.217350 -0.520907 0.738952 1.033574 -0.510761 0.550879 0.227712 0.164523 0.890107 0.875508 -0.831690 0.514250 -1.068900 0.287185 -0.414501 0.114529 -0.082786 0.754667 0.994456 -0.105599 0.336852 -0.532444 -0.656247 0.075499 -0.081573 -0.024897 -0.494273 0.272097
-0.255849 0.940423 -0.629201 0.353846 0.699648 0.902164 -0.227726 0.661244 0.405374 -0.633698 -0.026275 -0.901228 -0.302328 0.918370 -0.515149 -0.567949 0.031662 0.078464 0.819266 -1.023667 0.301939 -0.238684 -1.077502 -0.469315 0.472844 -0.025986 0.593031 0.925568 0.043409 -0.156622 -0.960668 -0.247505 0.621438 0.169180 0.184803 -0.197823 -1.145772 0.110769 0.595205 0.489925 -0.708566 1.059218 -0.462141 -0.665089 0.815812 0.586311 -0.221394 -0.124520 0.401037 -0.236275
0.060526 -0.416751 0.996187 -0.909481 -0.029468 -0.856697 0.887170 1.126788 -0.014455 -0.287090 -0.509614 0.597232 -0.906858 -0.430278 -0.372897 -0.857897 0.065251 -1.053578 -0.245909 0.060323 0.195964 -0.732150 0.453480 0.435466 -0.472800 0.208186 0.746905 -0.934585 -0.132474 0.056123 0.321728 0.944640 -0.456249 -0.392437 -0.738058 0.879796 -0.581941 -0.842428 -0.923986 0.504718 -0.180046 0.633046 0.645655 0.225040 0.162658 0.000007 0.550198 -0.307426 -0.495172 0.614036
-0.324351 -0.687759 -0.260857 -0.003437 -0.246054 0.207862 -0.441761 0.924669 -0.596019 -0.773855 -0.776878 -0.560517 -0.898826 0.093019 -0.602353 -1.374843 0.720627 -0.018939 1.052772 0.041760 -0.035604 -0.540117 -0.020265 1.010992 -1.119827 0.512889 0.599962 -0.165881 0.033707 0.702720 0.061683 0.073276 -0.638454 0.104409 0.372142 -0.635799 -0.934791 0.285445 0.282834 -1.104754 -0.831072 -0.394558 -0.692495 -0.446691 -1.041717 -0.096382 0.648536 0.279927 0.649093 0.047308
-0.215651 0.727238 0.094269 -0.768201 0.460337 0.726159 0.242693 -0.295248 -0.056083 -0.681345 -0.237168 0.650289 -1.149804 0.003063 0.211181 0.446683 0.070084 -0.119612 -0.128722 0.281947 0.234551 -0.819051 0.443175 -0.602856 -1.666665 -0.986509 -0.138794 -0.430611 -0.054029 0.802313 0.569384 -0.117753 -0.500254 -0.768395 0.580019 0.276980 0.045170 0.400193 0.338637 -0.305215 -0.188372 -0.145780 0.379960 0.683133 -0.540240 0.670578 0.445809 -0.265158 -0.035198 0.693511
0.199058 -0.121328 0.806779 0.582055 0.144764 -0.355102 -0.515190 0.846769 -0.144913 -0.356724 0.461696 0.794335 -0.479549 -0.163743 -0.385539 -1.376278 0.748922 -1.064237 0.350821 0.072130 0.169160 0.460743 0.582578 -0.274595 -0.672645 0.566236 0.339752 -0.185693 0.060901 -0.245247 -0.490987 0.293728 0.559497 -0.202533 0.023346 0.587116 0.772826 1.005891 -0.245648 0.276919 -0.041294 0.415876 0.536895 -0.680813 -0.408279 -0.203246 0.509597 -0.405285 -0.436105 0.975406
0.763916 -1.060475 -0.630532 0.852441 0.141961 -0.904076 0.399668 0.887953 -0.765982 -0.431330 -0.924893 0.466240 0.276149 -0.951644 0.874996 0.263342 -0.980240 0.775512 0.736012 1.018003 0.353097 1.360613 0.619028 0.949996 -1.354527 -0.993400 0.523941 -0.343836 -0.182311 -0.596411 0.460250 -1.260533 0.230462 -0.073956 0.106306 0.116422 0.438087 0.777059 -0.168205 -0.240915 0.637483 0.443557 0.998785 0.597767 0.605665 0.739249 -0.518840 -0.628187 -0.978293 0.806052
-0.482652 -0.010526 0.025986 0.804063 0.502142 0.065473 0.848534 -1.195317 0.348458 -1.508899 1.278778 -0.209943 -0.433456 -0.499462 0.058682 -0.842442 0.982548 0.272740 -1.303056 0.893066 0.221027 0.674734 -0.190243 0.452135 -0.012027 0.044674 0.393967 -1.749565 -0.461683 0.293419 0.566329 0.072735 0.138031 0.821907 0.364707 -0.942714 1.311703 0.275741 0.180518 0.827127 0.339605 0.132739 0.768338 -1.256543 0.208140 -0.436451 0.828294 -0.150936 -0.116675 0.683733
-0.406020 -1.294419 -0.499384 0.240162 -0.372403 -0.301680 -0.414014 -0.539534 -0.311759 -1.688846 1.021097 1.032207 0.076266 0.544828 0.820744 0.252905 0.458436 -0.504573 -0.507604 -0.188646 0.197623 -0.039436 0.819496 -0.683519 0.374899 -0.467892 0.665524 0.152060 -0.610461 0.348944 0.219204 -0.488425 0.745450 -0.179535 0.145762 -0.230221 0.131468 -0.163094 0.082599 -0.571783 0.163329 -1.191638 0.505653 -0.604363 0.549114 -1.106175 0.641650 0.002778 -0.523223 0.160609
-0.787837 -0.225233 0.203761 -0.524993 -0.383992 0.480521 -0.092100 -0.646265 -0.220977 -0.878167 -0.063009 0.594273 0.004849 -1.228489 -0.196626 -0.846598 0.233262 -0.245770 -0.500416 -0.363248 -0.190929 0.557431 0.427893 0.511775 0.144156 -1.246712 0.025565 0.183343 0.510084 1.443160 0.920842 0.862499 0.546497 -0.450368 0.420272 0.282523 -0.249562 -0.824687 -0.845664 -0.496599 -0.488000 -0.890522 0.334136 0.122202 -0.257130 0.478931 0.675078 0.786036 0.704708 -0.199322
0.278844 0.101362 0.001257 -0.045469 -0.004425 -0.320641 1.064380 0.073082 0.231300 0.442158 -0.023768 0.757918 -0.224592 -0.238295 0.350685 0.295511 -0.645424 0.436874 0.195301 -0.149149 -0.305765 -0.499094 -0.508733 0.661863 0.337282 0.089139 0.007490 -0.047391 -0.015142 0.667836 -0.668501 1.348419 0.463164 0.257887 -1.050459 0.010439 -0.294724 -0.384943 0.062630 -0.889933 -0.889609 -1.015887 -0.583381 0.039276 -0.472772 0.442604 -0.638194 0.304926 0.848276 -0.015404
0.660746 -0.553486 -0.185656 -0.352499 -0.017257 0.722564 -0.139309 0.667062 0.258694 -0.764289 -0.498027 0.404219 0.375361 0.386456 0.875079 -0.014606 -0.569407 0.224627 -0.460655 -1.115369 -0.039854 0.174144 -0.651795 -0.830402 -0.069198 0.226087 -0.105048 -0.680334 -0.678790 -0.001409 -0.261349 0.512912 -0.092793 -0.008581 0.546983 -0.476090 -0.180488 -1.244598 -0.441182 -0.501401 -0.947956 0.017092 -0.449614 0.358728 -0.870312 -0.045299 -0.775111 0.983614 0.145077 0.794586
0.239892 -0.285545 -0.853023 0.937036 0.233018 0.187352 -0.245990 0.721300 -0.310068 0.270533 0.112045 -0.444858 -0.457597 -0.786995 -0.442770 -0.806750 -0.686142 0.876543 -0.233976 -0.344383 0.827618 0.209935 0.232953 -0.057962 0.734910 -0.311201 0.328345 -0.295744 -0.198068 -0.453507 0.192296 0.608112 -0.200985 0.461859 -0.579830 -0.721593 0.556135 0.034493 0.356498 0.968230 0.618907 0.775581 -0.424869 0.379871 0.112014 -0.335344 0.016944 -1.150525 -0.820921 0.418626
-0.528038 -0.278519 -0.161142 0.389431 0.139544 0.523934 0.744928 0.259864 -0.009950 -0.098469 -0.330675 0.939588 -0.904154 0.958231 -0.328504 -0.362565 0.102122 -0.737947 -0.310670 -0.258242 -0.177593 -0.113366 -0.477160 0.579808 -0.587050 -0.598179 0.594109 0.203343 -0.368017 -0.426066 0.428038 0.783737 0.812976 -0.951780 0.719757 0.249928 -0.183296 -0.898517 -0.775555 -0.047293 0.426381 1.029694 -0.546278 0.270458 0.280921 0.460272 0.991045 -0.428954 -1.023924 0.149458
0.094044 0.242240 -0.872865 -0.460648 -0.950750 0.941151 -0.431061 -0.023380 0.502087 0.119569 0.412057 0.220518 0.503555 0.802474 -0.465349 0.392066 0.258161 0.451910 -0.092752 0.058308 -0.279724 0.598286 -0.991872 -0.742757 0.680582 -0.628227 -0.795424 0.146568 -0.456258 0.052627 -0.111782 0.937582 -0.175152 0.265414 0.264812 0.077712 0.205151 -0.064642 0.643767 -1.163062 0.036593 -0.146753 0.612114 0.247248 -0.146728 -0.633979 0.104378 0.020203 -0.242215 -0.509697
1.035497 0.873211 0.584516 0.204480 -0.170856 0.275406 -1.001251 -0.293981 0.411563 0.245792 0.291642 0.786521 -0.065809 -0.504050 -0.502729 0.272219 -0.229142 0.562526 -0.385504 0.449697 0.019696 -1.040153 0.717540 0.741593 0.045872 -0.281383 0.464118 -0.527085 0.801109 0.223408 0.517635 0.943525 -0.308501 -0.684822 -0.053244 1.063487 -0.652332 -0.264352 0.263272 0.033339 -0.495688 0.101398 0.444366 1.172850 -0.723839 0.713390 -0.106811 -0.427057 -0.239047 -0.486896
0.893017 -0.419641 0.693589 0.696881 -0.958873 -0.694488 0.361691 0.132277 0.372913 0.324038 -0.939160 0.485506 -0.192131 0.476564 -0.674036 -1.196386 0.347293 -0.769833 1.144453 0.179657 0.354587 -0.482623 -0.746809 -0.654227 0.609139 0.530309 -0.774761 0.137995 0.604609 0.700937 0.489719 0.226970 -0.338371 -0.857726 -0.089862 0.626371 -1.475738 0.437206 0.399342 -0.354973 -0.361075 -1.082706 0.860127 -0.380636 0.774728 0.693394 -0.907009 -0.354490 0.077546 0.394786
0.204591 0.217649 -0.493880 -0.378329 -0.478215 -1.027234 0.475477 1.111674 -0.143004 -0.537720 -0.031764 0.215583 -0.553070 0.348097 0.115957 -0.675030 -0.363606 0.282469 0.139307 0.186337 -0.191995 -0.009267 0.910282 0.769993 -0.038983 0.358808 -0.379921 -0.920477 0.140012 0.243561 -0.373897 0.304322 0.275402 -0.904907 0.413834 -0.284393 0.904714 1.050103 -0.184552 0.407322 -0.200336 0.411846 0.023263 0.133687 -0.334684 0.143308 0.236868 0.369843 -0.047342 0.086427
0.033890 -0.743611 -0.327974 0.265444 0.177691 -0.681749 0.768877 0.993373 -0.148121 -0.640996 0.405805 -0.323985 -0.655343 0.294028 0.658069 0.327027 -0.405174 -0.454594 -0.448724 1.397329 -0.096937 0.535813 0.143452 0.886337 -0.732873 0.121962 -0.895045 -0.248004 -1.128881 -0.391454 -0.483150 0.810087 0.822421 0.361533 0.793629 0.216609 0.938550 0.428600 0.452905 0.454582 0.153487 -0.698852 1.168939 -0.498668 -0.461505 0.731713 0.721735 -1.000659 -0.210603 -0.154496
0.269313 -0.675073 -0.646117 -0.011644 -0.413797 0.161500 0.835141 1.075810 -0.987378 -0.207343 0.178366 0.098663 -0.587876 -1.069786 -0.230383 -0.499211 -0.311388 -1.020287 -0.236730 1.158845 0.319574 0.938865 -0.524232 0.973276 0.124055 -0.048165 0.229987 0.124357 -0.852753 -0.001148 -0.222409 -0.779496 0.033145 -0.762388 -0.094625 0.828046 -0.050236 -0.495855 -1.164434 0.685370 -0.564243 0.023515 0.015791 -0.752997 -0.033956 -0.402256 -0.834433 -0.327638 0.182256 0.481051
1.015182 -0.671593 1.255477 0.519436 0.738641 -0.182824 -0.186583 -1.142460 -1.208666 0.903393 1.006616 -0.178152 -0.300332 0.486962 1.156480 -1.053981 0.956311 0.480185 0.452096 0.021342 0.877014 0.865066 -0.011905 -0.516579 0.799862 0.462638 0.940254 0.082550 0.202112 -0.303387 0.347723 -0.718222 0.032998 0.777854 0.466058 -0.078886 0.225675 0.142468 0.362122 -1.507965 -0.273828 -0.178841 -1.615441 0.209995 -0.218546 -0.715202 0.530504 0.654968 -0.366684 0.717720
0.565652 0.123909 0.920228 -0.095838 -0.584748 -0.819083 0.349632 -0.270476 -0.637621 0.562884 -0.452655 0.404102 0.462599 -1.600520 -1.083030 0.144190 0.480224 -1.212766 -0.492839 -0.211155 -0.260811 0.372276 0.247745 0.412426 0.165898 0.190746 1.045329 0.586967 -0.449563 1.098210 0.333433 0.353579 0.815730 -0.601763 0.430505 0.408648 0.316455 0.330894 0.190347 -0.946306 -0.533087 -0.951573 -0.109208 -0.349281 0.828090 -1.182386 -0.237641 -0.370987 0.136184 0.059388
-0.095357 1.013971 -0.771489 -0.445478 -0.076277 -0.398292 -0.250343 0.291195 -1.006480 0.226640 0.545791 0.008998 0.095687 -0.716381 0.385769 -0.307971 0.425319 -0.480883 -0.730300 1.112546 0.060507 -0.148745 -0.865446 0.252961 -0.468934 0.920516 -0.373882 0.622760 0.441099 -0.553860 -0.229330 1.011957 0.758333 0.589609 -0.129489 0.492614 -0.749588 -0.212668 -0.063598 0.514834 -0.220537 -0.736250 -0.547268 0.229646 -0.004792 -0.799776 -0.194314 0.133789 0.414684 0.009763
-0.408576 0.335948 0.694417 0.711613 0.638100 0.964793 0.233483 -0.702693 -0.212573 -0.397522 -0.379968 0.461811 0.964034 -0.073461 1.093467 -0.225404 -0.026680 -0.785268 -0.980534 0.899211 -0.066670 -0.638330 -1.064897 -1.063849 0.802767 0.236349 -0.609102 0.473531 0.071299 0.602514 -0.744555 -0.356651 -0.084735 0.936461 -0.470253 0.901420 -0.102637 0.463213 -0.954814 -0.476581 -0.624630 1.148646 0.757409 -0.646616 1.057610 -0.159034 -0.144114 0.861612 0.215278 -0.335834
-0.469033 0.362211 0.942854 1.078609 -0.408031 0.493213 0.908463 0.860569 -0.068424 -0.583208 0.447761 -0.604186 0.744194 -0.780730 0.197907 0.304028 -0.286140 0.018353 0.219260 0.558597 0.620070 -0.801272 0.862753 -0.817689 -0.267131 0.426297 -0.519231 0.241990 0.011723 0.253157 -1.075962 1.160604 -0.936358 -0.778033 -0.739090 0.560445 -0.355693 -0.806325 0.466381 1.141729 0.710280 1.023364 0.480648 0.314058 0.567487 -0.821361 -0.172405 0.175243 0.875130 0.595415
0.942408 0.410987 0.453514 0.778267 0.490904 0.583689 -0.480385 0.948186 0.342289 1.072959 0.925615 -0.224834 0.050537 0.138108 0.112880 -0.900389 -0.026991 -0.510513 -0.515291 0.208018 0.413625 -0.406067 0.592596 -1.085949 -0.911385 -0.651075 -0.427000 0.832453 0.813205 0.798215 0.653378 0.237488 -0.574249 -0.553997 0.860173 -0.772496 0.540881 0.972821 0.444250 0.494614 0.659071 0.665944 0.063868 0.210450 0.448906 -0.395430 0.196685 -1.055344 -0.137264 0.702554
0.610254 -0.402636 0.409591 0.238336 0.699735 1.070750 -0.510847 -0.227035 0.169060 -0.055282 -0.436777 0.892154 -0.262076 -0.029910 -0.423665 0.977256 0.773394 0.297004 0.499817 0.000978 -0.928027 -0.534004 0.365835 -0.539121 0.255494 0.519347 -0.786780 -0.826098 -1.075846 0.099526 0.380300 0.526602 -0.756872 0.465418 -0.725895 -0.455700 -0.245742 -0.588634 -0.137940 0.836650 0.809831 0.154628 0.111168 0.413112 0.845805 -0.483457 -0.361061 -1.020876 0.174824 -0.302818
-0.568063 0.571680 0.830443 -0.618870 -0.504372 0.202666 -0.610050 0.137102 0.421782 -0.261236 -0.882267 -1.002011 0.198578 -0.430431 0.330330 0.917719 -0.609448 -0.550621 -0.665314 0.433320 -0.282469 0.842125 -0.088385 -0.475306 -0.753894 -1.264558 -0.196839 -0.474481 -0.575722 0.192678 -0.510452 0.719885 0.562882 -0.580411 0.665132 -0.112163 -0.798605 0.225780 -0.097283 -0.575446 0.754479 0.271091 -0.133156 0.607379 -0.167248 0.925910 -0.307742 -0.305065 0.713311 -0.108316
0.710485 -0.099537 0.490909 0.645225 0.379150 0.647026 -0.309923 -0.708912 -0.355198 0.288157 -0.452136 0.506564 -0.328064 -0.829951 0.305849 -0.007187 0.594781 -0.720645 -0.459500 -0.164784 -0.182724 0.369359 0.619008 -0.037883 -0.024952 -1.493470 0.592961 0.318204 0.614152 0.236700 -0.417103 0.220117 0.467967 -0.556321 0.683604 -0.660002 -0.333203 -0.443736 0.761899 -0.407255 -0.786923 -0.590931 -0.778198 0.664144 -0.656488 -0.268032 -0.583953 0.203416 0.633803 0.927052
-0.364176 -0.647307 -0.560368 -0.285236 0.051983 -0.448516 -1.811544 -0.382947 0.700844 -0.810480 -0.218488 -0.893012 0.253783 0.268301 -0.018390 -0.599810 -1.810213 -0.059119 1.542620 0.141817 0.104073 0.195646 -0.700617 -0.427330 -0.480526 -0.955303 0.785907 -0.555591 -0.594567 0.634656 -0.018370 -0.163953 0.198968 -0.778529 0.466718 -0.439277 -0.497514 0.388361 1.175708 0.268127 0.592082 -0.516947 -1.481112 0.162259 -0.130330 0.742866 0.016249 -0.695130 -0.177618 0.002812
1.271626 0.499563 0.184667 -0.903631 -0.450269 -0.799718 0.562715 1.149830 -1.160457 -0.146550 0.639322 0.350607 0.075281 -0.551956 0.052765 -0.417619 -0.794304 0.467382 -1.226684 0.210846 0.224685 -0.877582 0.779388 0.013565 -0.169441 0.168183 -0.207800 -0.708664 -0.083597 0.675922 -0.419324 0.817598 -0.258339 0.855763 -0.638518 0.548287 0.018340 -1.302136 -0.079637 -0.410050 0.607598 -0.749420 -0.628944 0.153935 -0.584869 0.227511 0.625901 0.152478 0.318752 -0.507511
-0.037373 -0.780880 -0.946458 -0.710988 -0.002854 0.414668 -0.060103 -0.084270 -0.883893 1.206109 -0.350971 0.343327 -0.136731 0.673268 -1.002976 0.135448 -0.677657 0.814897 -0.921147 -0.334303 1.221402 0.557589 0.486058 -0.276378 -0.899719 0.525244 0.153375 -0.304018 -0.638548 -0.837481 -0.038005 0.485759 -0.359126 0.118934 0.170794 1.181225 -0.594287 -0.278939 -0.868866 -1.414058 -0.435600 0.270837 -1.037535 -0.471270 0.070412 -0.949886 0.524974 -0.572696 -0.257261 -0.262997
0.913305 0.061842 -0.857313 0.924520 0.388698 -0.451867 0.922183 -0.976029 -0.800096 0.550553 0.483923 -0.094881 -1.158538 0.819653 0.076520 0.545392 -0.603514 1.096850 0.318322 0.250152 0.995951 0.720586 -0.305254 0.266118 0.436154 -1.218018 -0.597552 -0.572969 0.217763 0.521884 0.154957 -0.501800 -1.895394 1.084995 -0.591232 0.635798 -0.748777 0.344440 -0.005722 0.067108 -1.079030 -0.698374 -0.593923 0.208917 0.066713 -1.196410 -0.350605 0.394996 -1.012809 0.043240
-0.110170 1.214873 -0.532527 -0.488388 0.753278 0.677026 -0.020730 -0.827005 -0.838988 0.340187 0.596567 -0.451686 1.408287 0.027458 0.201907 0.135126 -0.497037 0.339309 -0.864226 -0.340533 0.693916 -1.379550 0.614150 -0.309152 -0.424699 -1.165505 -0.404244 -0.064750 -0.416375 -0.361024 0.269791 -0.312966 0.125913 1.637094 -0.030208 0.020977 -0.829200 0.972814 -0.151205 -0.547633 -1.072171 -0.722198 0.508462 0.245012 -0.119308 -1.792492 -0.624179 0.305906 -1.632937 0.397544
-0.600655 0.490880 1.241710 0.923305 0.809568 -0.615518 -0.535530 0.603991 -0.124842 0.833488 -0.321701 0.603011 0.970018 -0.633168 -0.054785 0.690966 -0.357540 -0.247230 0.715303 -0.008972 1.395439 -0.152612 0.244543 -0.649242 -0.196325 0.580490 0.389989 -0.131702 -1.117459 0.767112 0.414991 -0.073930 -0.771894 0.929385 0.397379 -0.069961 -0.401221 1.086337 -0.028699 -0.401548 -0.013901 -0.364179 -0.587806 -0.065031 0.652978 -0.174753 0.974356 -0.285805 -1.013573 -0.358822
-0.005601 -0.505799 0.683338 0.991165 -0.304641 0.890107 -1.065956 0.409186 -0.042244 -0.634502 0.403964 0.752566 0.167353 0.595155 -0.092595 0.650253 -0.927334 -0.689234 -0.032668 -0.453836 0.190178 -0.149593 -1.210990 -1.230519 -0.298568 -0.006001 -0.366249 0.317741 -1.234018 0.006317 -1.139846 -0.162564 0.263948 0.315518 0.043748 0.129657 -0.643349 -0.824209 0.677261 -0.881424 -0.729507 -0.425093 0.431021 -0.142157 -0.173053 0.188986 -0.463712 0.396255 0.366027 0.159030
-0.094116 -0.728743 1.035500 0.284684 1.091072 -0.704247 -0.400352 0.754425 -0.222240 1.139073 -0.831227 0.711469 0.256626 -0.454139 0.152773 -0.083019 -0.838124 0.730624 -0.792950 -0.709258 0.168822 -0.224522 -0.145702 -0.251194 0.773104 0.076525 0.687458 0.518663 -0.725498 -0.427032 -0.048762 -0.496419 0.464296 0.085108 0.085382 0.887102 -1.164542 0.382943 -0.688815 -0.717865 0.129426 -0.246616 -0.457384 0.246756 0.015021 0.177273 1.101812 0.692749 0.093488 0.565686
-0.603597 0.594431 -0.267700 0.492850 0.285518 -0.132979 0.812180 0.725073 -0.138715 0.942696 -0.093888 -0.274429 -0.964900 -0.323919 0.860181 0.394341 0.211258 0.259214 0.147589 -0.254412 -0.002574 0.336904 0.552922 -0.722085 0.745653 0.324860 0.657034 0.737312 -0.313241 0.862863 0.273430 1.191014 -0.292742 0.070620 -0.658673 -0.470142 0.436694 -0.865889 -0.979982 0.388940 0.625284 0.480793 0.287151 -0.934384 0.059334 -0.298636 -0.234348 0.020455 -0.457179 0.068307
-0.113239 -0.681707 0.594590 0.629206 0.032111 0.145020 0.373636 -0.067994 -0.487797 -0.206735 -0.204609 0.162740 0.786488 0.504244 -0.351656 -0.456031 -0.709080 -1.016540 0.522362 -0.214422 -0.751736 0.848506 0.099067 -0.428647 0.274554 -0.048778 0.724938 -0.287693 -0.518205 -0.775703 -0.629366 -0.610677 -0.346285 -0.032354 0.565641 0.032578 -0.454264 -0.413245 0.652080 0.629615 0.870930 0.720289 0.163141 0.863941 0.064600 -0.572118 -0.727192 0.325801 -0.900374 0.218899
0.448550 0.922902 0.247022 -0.210048 -0.273121 0.316158 -0.170257 -0.773745 -0.139435 -0.961949 -0.377079 0.433283 -0.438238 0.287976 -0.193727 0.279025 -0.734637 -0.696178 -0.439995 0.209533 0.884282 -0.355103 -0.229800 0.634998 0.539505 0.291566 0.431789 1.069323 -0.814802 0.318838 0.358653 0.373076 0.940609 0.038108 -0.503167 -0.566353 -0.806127 -0.266402 0.737929 0.234765 -0.581296 -0.357041 0.519031 0.859282 -0.694980 0.545140 0.630307 0.406936 0.528966 -0.374463
-0.399278 -0.325447 -1.297066 0.588557 -1.060600 -0.491574 -0.765814 -0.562902 1.032251 -0.542272 -0.548594 0.845955 0.569297 -1.178253 -0.708677 0.957675 0.777943 -0.240057 0.584284 0.276218 -0.798830 0.422722 0.060935 -0.600976 -0.419205 -1.474610 0.499351 -0.650780 0.263872 0.444626 -0.375488 1.204547 1.096683 -0.854652 0.869153 -1.141840 -0.582689 0.244830 0.627125 0.577297 -0.401536 0.081975 0.751302 -0.667382 0.299626 0.596540 -0.111224 0.078265 -0.398877 -0.609553
-0.198283 -0.197013 0.278253 -0.113829 0.585961 -0.278250 -0.604144 -0.033457 0.445948 0.756855 -1.311561 0.368057 0.548372 1.157529 0.445873 0.162238 0.462112 -0.458924 1.034587 -0.581530 -0.461579 -0.888185 0.551096 -1.385094 0.508970 0.628367 0.231301 -1.093791 1.141305 -0.585877 -1.084484 0.481477 -1.415408 0.241805 1.247952 0.482681 0.043245 -1.051141 0.448281 1.251728 -0.410045 0.361341 -0.849080 -0.334151 -0.213612 0.204937 -0.071925 0.184963 0.661089 0.096669
-0.380724 -0.763829 0.928190 0.799837 -0.203487 0.145819 -0.843173 0.009001 0.787421 -0.324373 -0.028540 -0.789237 0.413626 0.216056 0.035383 -0.903525 -0.588025 0.199975 -0.242022 0.245993 0.376805 -1.554571 0.473489 -1.198566 0.759091 1.847596 0.485591 -1.114527 1.457582 0.298069 0.453079 -0.091976 -0.556070 -0.364460 0.391266 0.066335 0.436798 -1.072802 0.661997 0.662997 0.294377 -0.506474 -0.281743 -0.642181 -0.992507 0.530644 -0.497618 0.409177 1.160001 -0.433256
0.162975 -0.681496 0.569412 -0.807849 -0.280819 0.541341 0.670767 -0.337203 -0.094500 0.228120 -0.709460 0.664035 -0.715059 -0.495661 0.428522 -0.681242 -0.090346 -0.345776 -0.414820 -0.488318 -1.071783 0.648421 0.114512 -0.202282 -0.788226 0.150339 0.584906 0.064926 1.047097 -0.064428 0.194620 0.808647 -0.090014 0.514255 -0.026822 -0.481905 1.073922 0.120412 0.586866 0.620748 0.397826 0.319720 -0.410980 -1.848595 1.082825 -0.541198 -0.441691 0.376054 0.144758 -0.719009
0.313184 -0.190545 0.743229 -0.076497 -0.000588 -0.298063 0.224831 -1.333327 -0.023681 0.955205 -0.208048 0.507797 -0.669541 0.754112 0.845527 0.800116 -0.458671 1.018727 -0.620862 0.053433 -0.779648 0.252859 -0.439384 -0.106415 0.395875 0.081860 0.804206 -0.768028 -0.396876 -0.282319 -0.687217 0.642401 0.439153 1.186344 0.787848 -1.105489 -0.852085 0.266871 -0.369814 0.511579 -0.265312 0.434747 -0.473055 -0.872684 0.782771 -1.103075 -1.173704 0.987443 -0.618521 -1.261914
0.366962 0.218549 -0.747757 -0.906379 -0.443375 0.043662 -0.569447 -0.470874 -0.609252 0.340567 -0.250536 -0.821612 0.247989 1.092825 0.289739 -0.698873 0.457702 0.377937 0.000442 0.681683 0.187378 -0.600383 0.823329 0.426908 -0.054376 -0.321156 0.538073 0.296701 -0.740751 -0.145247 -0.039854 0.255872 -0.391834 1.032597 0.528307 -0.090448 -0.246077 1.241698 0.056372 -0.509469 -1.331063 -0.463206 -0.217565 0.423247 -0.527875 -0.819788 0.980096 -0.335555 -1.682834 0.317118
0.205941 0.435697 -0.050225 -0.741536 0.062318 -0.150823 -0.415902 0.792798 -0.388911 0.797170 0.179173 -1.050004 -0.087057 -0.778605 -0.774604 -0.042722 0.119063 -0.431774 -0.773142 -0.641547 -0.645412 0.388426 0.312019 0.320714 0.830438 -0.976113 0.237591 -0.978333 -1.324361 0.297928 -0.600305 -0.960655 -0.473652 0.032029 0.339354 0.596350 0.133912 -0.461448 0.730949 -0.780811 -1.333905 1.243449 0.362009 0.487512 -0.670629 0.538583 0.492094 0.845573 -1.045414 0.517065
-0.782202 -0.488381 0.096470 -0.343602 -0.593290 0.530013 -0.395957 0.121927 -0.104421 -0.873826 0.758244 0.706263 -0.162107 0.233606 0.896696 -0.335818 0.100927 -0.453424 0.141073 0.152207 0.699524 -0.666259 -0.677798 0.825895 0.456112 0.114052 -0.493267 -0.834181 0.534498 -0.345525 0.338738 0.741136 0.602156 -0.159610 -0.320202 -0.483261 -1.000030 1.054675 -0.413215 0.901533 -0.202927 0.088720 -0.730887 -0.207566 -0.667512 -0.545221 0.131337 0.831803 0.047295 0.100262
0.296709 -0.108381 -0.706980 -0.824105 -0.776386 0.302190 -0.268187 -0.281336 0.632998 0.500542 0.164152 1.098877 -0.563834 0.684196 -0.782582 -0.533055 -0.226068 -0.477782 -0.634949 0.693649 -0.291867 0.061510 0.294970 0.720707 -0.558925 0.842238 0.682646 0.086306 0.218214 0.084915 -0.010243 0.273501 0.819112 -1.173901 0.123553 -0.777016 -0.585137 0.343458 -0.308921 -0.139275 -0.564734 0.223789 -0.731919 -0.200789 -0.918031 0.893097 0.173471 -0.563108 0.944555 -0.091841
-0.184079 -0.496109 -0.258205 1.052213 0.999661 -0.763920 -0.331698 0.263716 -0.696269 -0.010857 0.728295 1.123770 -0.913343 1.122797 -0.940124 0.678894 0.543583 -1.058147 -0.612749 -0.169210 0.269687 1.090098 0.259304 -1.004809 -0.591686 -0.139816 -0.548777 0.136866 0.863137 0.279569 -1.000827 -0.686535 -0.620588 -0.960876 0.642363 -0.881449 0.182104 -0.542424 -0.823046 -0.215818 0.966638 0.570822 -0.315364 0.228858 -0.264198 0.358159 0.243270 0.732027 -0.717834 0.083490
-0.632710 -0.191818 -0.266898 -0.630879 -0.615091 0.775067 -0.096494 -0.764946 -0.966251 0.519770 -0.242345 1.058401 0.491154 0.583962 0.608331 0.206509 -0.953506 -1.228338 0.391788 -0.276868 -0.232478 0.157895 -0.729523 -0.143824 0.544206 -0.260982 -0.779956 0.190355 -1.261116 0.253084 0.530361 0.485380 -0.335801 -0.304213 0.485618 0.721935 -0.203544 -0.542122 1.099497 0.002874 -0.377279 -0.597909 -0.786776 -0.019537 0.686802 0.697481 0.059428 0.262245 -0.180214 -1.096765
-0.730697 -0.998045 -0.732978 0.835016 0.348021 -1.001371 0.330702 0.178148 0.272762 0.155078 0.097668 -1.016631 0.864399 0.243710 -0.192703 -0.565923 0.589704 0.262902 1.118907 -1.207967 0.205175 0.771206 0.208768 0.774237 -0.425780 0.427398 0.294038 -0.736548 0.783427 -0.560338 -0.612801 -0.469728 0.878313 1.328675 0.382475 -1.035194 0.135563 0.760350 -0.176634 -0.530001 -0.145689 0.138411 0.254046 -0.292561 -0.959548 0.789927 -0.549876 0.370341 -0.513415 -0.661890
0.680578 0.529418 0.612050 -0.580855 0.279565 0.850304 -0.401092 -0.429055 0.495298 -0.461535 -0.538416 -0.840956 -0.148526 -0.329355 0.790273 0.143253 0.311786 -1.078114 0.393683 0.226213 0.279027 -0.216166 -0.477828 -1.282840 -1.213231 0.628206 0.967991 0.726585 -0.349007 0.675400 -0.928433 -0.474642 -0.792103 -0.043261 0.587446 -0.813379 -0.491062 0.544789 -0.033580 0.412538 0.329815 -0.630737 1.021730 -0.396171 -0.898103 -0.213567 -0.867721 0.393981 0.610348 0.587316
-0.497936 -0.367883 0.218766 -0.595735 1.053576 0.814941 0.299840 0.641498 -0.638100 0.370410 -1.530932 -0.813574 0.376451 -0.681602 0.647748 0.080607 0.825819 1.093401 0.165692 -0.950372 -0.327750 -0.442357 0.789035 -0.059391 0.196422 -0.847077 -0.112016 0.461840 0.227306 -0.246716 -0.332361 -1.307777 -0.333234 -0.375165 1.070613 -0.855365 -0.217241 -0.892328 -0.739246 1.261600 -0.715427 0.487763 -0.817182 -0.528530 -0.350842 0.740931 -0.273186 0.488127 -0.000585 -0.570869
-0.567480 0.093195 -0.043002 0.494236 0.460590 -0.813451 -1.054710 -0.472818 0.059829 0.479147 0.276230 -0.287740 -0.350619 0.013328 0.662481 -0.449190 -0.617407 0.960340 -0.429082 0.344818 -0.865791 -1.289924 -0.321662 -0.321639 0.733456 -0.423202 -0.846680 -0.946800 1.629617 0.505540 1.098755 -0.713023 0.637051 0.849880 0.648590 0.482653 0.613938 0.039145 -0.393862 1.291098 -0.253610 -0.232816 -0.745417 -1.221249 0.020305 -0.867867 0.155914 -0.490877 0.177805 0.200591
0.818287 -0.497354 -0.617595 0.637730 -0.402862 0.483262 0.668442 -1.078813 -0.314979 -0.439603 -0.925309 0.469137 -0.160889 0.907171 -0.809662 -0.124834 0.058245 -0.175664 -0.269210 0.819996 -2.235857 0.686253 0.384428 0.639787 0.736048 -0.085236 0.146043 -0.388343 0.075990 -0.266922 1.005641 -0.835672 -0.275304 -1.073198 0.668496 -0.659806 0.064546 0.196861 -0.374369 -0.271529 0.960248 0.354032 -0.208980 -0.819908 -0.187593 0.224564 0.053552 -0.071573 -0.136097 -0.662853
0.717852 -0.062931 -0.482488 -0.794141 -0.576101 0.691864 1.587641 -0.525255 0.287515 0.768397 -0.096788 0.029887 -0.607774 -0.651970 0.699240 -0.042431 0.346067 0.261423 0.590440 0.038058 -1.905242 -0.823048 -0.385251 0.531190 0.255803 -0.455201 -0.205424 0.397017 -0.103950 -0.211574 1.451227 -1.073139 0.118969 0.028568 0.943040 -1.235594 0.933732 1.095719 1.305736 0.964419 0.621708 0.088360 0.413258 -0.016841 -0.579480 0.895021 0.728193 0.743397 0.852959 -0.295652
0.103816 -0.106061 -0.365239 0.366887 -0.225211 -0.095876 0.312268 -0.442721 -0.313761 0.200483 0.050108 -0.095387 0.209468 -0.004317 -0.655419 0.232195 -1.016100 0.570352 -0.922433 -0.789459 0.199109 0.650309 -1.011866 1.403307 0.574306 -0.136961 -0.050851 0.064267 -0.600139 -1.062190 1.147723 0.474535 0.003212 -0.052450 -0.392068 -0.120736 -0.011586 0.071402 1.570679 -0.624272 -0.823098 1.035795 -0.294068 0.010516 -0.290759 -0.148345 0.871332 -0.236811 -0.049636 -0.557468
-0.291312 0.524145 0.484820 -0.451031 -0.936876 -0.422467 0.274785 0.250825 0.615326 -0.721939 0.021697 0.234878 0.485999 0.219077 0.257859 -0.247065 0.099814 0.573731 -0.600092 -0.967861 0.411523 0.021105 -0.262303 -0.605997 1.345168 0.732426 0.885617 0.897964 -0.439337 -0.704856 -0.121844 -1.083249 -0.895152 1.000470 0.277100 1.001875 0.443808 0.307565 0.175434 -0.137025 -1.056309 -0.564095 0.175671 0.052504 0.074277 -0.263164 -0.594639 0.176314 0.037809 -0.472114
-0.874539 1.107798 -0.442350 0.318180 0.437706 0.612237 0.713879 0.884113 0.546741 0.479189 -0.740328 0.824770 0.335834 -0.375633 -0.014478 -0.416135 -0.709237 0.147704 -0.183000 0.398623 0.242700 -0.062756 -0.629284 0.099083 0.733920 0.636610 0.946209 -0.157975 -0.362979 0.778013 0.019984 -1.003301 0.520053 -0.924106 -0.297681 -0.164068 0.184279 0.701336 0.692591 0.846147 -0.679357 0.316248 0.234501 -0.356038 -0.383502 0.642656 -0.779669 -0.588878 0.833430 -0.150062
1.118240 0.932206 0.426610 0.110928 -0.483276 -0.456613 -0.882403 -0.104562 -0.396154 -0.612370 -0.448911 0.312721 -0.091082 0.966555 -0.312355 -0.787330 -0.732481 -0.331559 -0.736139 0.167164 -0.960516 0.632942 0.453911 0.815297 -0.619972 -0.875647 0.738233 0.983994 0.570340 0.890866 0.616410 0.463991 0.677018 0.225924 0.450054 -0.860375 -0.139973 -0.575725 0.869782 -0.547530 -0.082249 0.030208 -0.989318 0.730581 -1.004250 0.590185 -0.128764 0.261514 -0.359814 -0.302131
0.407245 -0.361157 1.008645 0.721317 0.163470 0.182988 0.878046 -0.595794 -0.276025 0.808320 -0.069397 0.017046 0.217889 0.407232 -0.560724 0.188294 0.105019 0.860900 0.281733 0.628282 0.199209 -0.148085 -0.997375 0.375445 1.017241 0.188825 0.644558 -0.778159 -0.118227 -0.791243 -0.162216 -0.278878 0.073206 0.085518 -0.729983 -0.934716 -0.474933 0.276007 0.943733 1.082166 0.856631 -0.289920 -0.564617 -0.691460 -1.088549 -0.542970 0.687376 0.668868 -0.897590 -0.986883
-0.216232 -0.889257 -0.312947 0.643262 -1.016469 -0.378242 0.734515 0.955701 -0.091537 0.544527 0.304263 -0.894950 0.857442 -0.607276 0.078237 0.856872 0.665858 -1.034317 0.143704 -0.028091 0.604028 0.607783 0.343256 -0.336847 -0.412895 0.602274 -0.704568 1.020934 0.353941 -0.870374 0.521650 0.088536 0.457861 0.906594 0.514807 0.336768 0.611360 0.345527 0.992218 0.501475 -0.015186 0.125301 -0.405927 -0.486096 -0.635068 -0.656272 0.036071 0.914825 -0.874828 -1.325495
-0.529808 0.140434 -1.036057 -0.137281 0.310214 0.766700 0.168802 0.108257 0.794889 -0.663695 0.566788 -0.616371 -0.197652 -0.254747 1.006420 1.098452 0.225586 -0.042822 0.806583 -0.456104 -0.287097 0.522475 -0.002818 0.503791 0.466432 -0.419626 0.847167 0.000537 -0.905676 0.315023 -0.507318 0.536789 0.832746 0.419691 -0.848664 0.581318 0.672329 0.218751 0.312137 -0.265650 0.745311 0.879815 -0.348760 0.103764 -0.664701 -0.048305 0.127240 -1.214665 -0.151361 -0.941100
0.217155 -0.262976 -0.823221 0.423464 -0.249261 0.605071 -0.198235 0.134104 -0.368184 -0.403870 -0.353358 -0.695785 -0.041353 -0.271935 0.449098 -0.029237 -0.080177 -0.617587 0.290448 -0.374361 -0.510752 -0.155897 -0.334155 -0.371186 -1.064373 0.233794 -0.329393 0.194933 -0.015591 0.135540 -0.784873 0.354121 0.783934 1.111399 0.932274 -0.858577 1.007978 0.627363 -0.890638 -0.023051 0.327971 0.386175 -0.134779 0.974948 -0.456033 -0.072866 -0.848638 0.193622 0.288254 0.651243
-0.149486 0.610960 -0.478233 -1.049369 -0.868943 -0.635192 -0.481736 0.338696 -0.962043 -0.113773 -0.261163 -0.126145 -0.697668 -0.691328 1.007848 -0.117612 1.230512 0.812647 0.881198 0.456630 -0.295281 0.496703 -0.480454 -0.345968 -0.613621 0.365414 0.475138 0.569875 0.436469 0.679843 0.514828 -0.524016 0.140860 -0.741176 0.439655 -1.157696 -0.913639 -0.111205 -0.321149 0.398429 0.392549 0.016271 -0.214627 0.273601 -0.017898 0.226276 0.205889 0.749393 -0.254480 -0.738198
-0.283701 -0.126561 0.744574 -0.781395 0.857878 -0.777446 -0.719497 -1.190232 -0.294206 -0.771036 -1.390455 -0.214316 -0.072193 0.710707 0.537073 -0.201722 -0.244828 -0.103002 -0.160829 0.863617 -0.734362 -0.320363 -0.139341 -0.173318 -0.356090 -0.043008 0.190269 -0.083713 -0.121488 -0.581808 0.003940 0.832031 -0.774586 0.150678 -0.156782 0.183826 -0.346373 0.562310 -0.107909 -0.194996 -0.514898 0.515517 -1.015988 0.486118 0.435198 0.696395 -0.146380 -0.494659 -0.203518 0.041318
0.650839 0.600637 -0.006133 -0.071740 0.942826 -0.277845 -0.253002 0.436191 0.491846 -1.498133 -0.351491 0.963164 -0.636153 0.832785 -1.644905 -0.327631 -0.690591 0.953105 -0.780916 -0.727198 -1.368693 0.961692 0.084197 -0.278691 -0.038705 -0.395640 -0.510001 0.382018 0.625547 1.283539 1.333659 -0.657227 0.485712 0.287018 0.871205 -0.171256 0.097603 -0.052518 -0.892431 -0.498458 1.296835 0.340434 -0.285439 0.470740 0.598623 0.433531 0.221522 0.148237 -0.393423 0.223874
-0.766096 0.639500 -1.435286 0.339986 1.133098 0.786417 0.140675 -0.245402 0.799736 -0.397364 1.356659 -0.349589 -1.031124 -0.638193 -0.288097 0.469339 -0.776709 0.737906 0.598280 0.015495 -0.922813 0.035797 -0.248168 -0.017739 1.032592 0.216890 -0.709392 1.303285 0.540802 -1.584257 0.838332 -0.061696 0.104582 -0.333539 0.895355 0.602867 0.695168 0.385776 0.267342 1.138477 0.602710 -1.145513 0.147258 0.205623 -0.039792 0.547067 0.381318 -0.215801 0.428268 -0.366596
0.461315 0.107891 0.330028 -0.844659 0.011155 -0.666298 -0.483182 -0.668022 1.089313 -0.235024 1.513468 0.930191 -0.217752 -0.558736 -0.538301 0.377577 0.216382 1.083505 0.372424 -1.190056 0.273364 -0.522790 0.913120 0.363508 0.202256 0.084924 0.528655 0.960126 -0.473110 -2.241842 0.235841 0.093843 0.564365 0.302041 0.792096 0.985188 -0.479325 0.407293 1.707877 -0.146032 -0.872648 -0.376573 -0.835094 -0.278774 -0.821252 0.257670 0.374952 -0.740297 0.683457 -0.374569
0.283560 0.221505 -0.870871 0.225602 0.359469 -0.533216 0.057236 0.465549 1.246195 -0.093891 1.165283 -0.549022 0.643454 -0.572326 -0.476682 0.842443 -1.163936 0.644966 -1.135774 -0.702492 -0.387558 0.026918 -0.783463 1.081207 0.256871 -0.432959 0.898331 0.303979 0.348450 -1.231887 -0.583477 -0.551855 -0.752573 -0.084596 0.568458 0.646873 0.546640 0.916085 1.136839 0.503476 0.130385 0.551940 0.281920 0.863452 0.064148 -0.307850 0.573570 0.805977 0.891450 0.086240
-0.461312 -0.548771 -0.220810 0.542635 0.339279 0.194538 0.092947 0.609593 0.974552 -0.134519 0.231917 0.074155 -0.674316 -0.802702 0.182444 -0.148697 -0.285616 0.758885 -0.377818 0.660345 0.268770 0.299774 0.505739 -0.503292 -0.430623 0.470933 0.210366 -0.362898 -0.794852 0.375513 0.478784 -0.609826 0.484523 0.019535 -0.411340 0.208373 0.218837 0.397519 0.583673 0.368894 0.289483 0.416200 -0.501973 -0.240638 0.476538 0.248236 1.006286 -0.664125 0.443514 0.480864
0.007275 -0.003663 0.015262 -0.218218 0.982025 0.484778 -0.468885 -0.884555 -0.548870 0.068306 -0.203341 0.647027 -0.634055 0.405118 0.667230 -1.079441 -0.383510 -0.916302 0.382194 -0.574712 -0.655842 0.522381 -0.706369 -0.019558 0.648995 0.518279 0.365467 -0.675272 0.849452 0.993557 -0.702430 0.593021 0.152561 -0.736316 -0.896924 -0.212974 0.121592 0.722514 -0.388713 0.050694 0.141258 -0.027014 0.952691 -0.953575 -0.916903 -0.767586 0.033469 0.372568 -0.628770 0.811231
0.633054 -0.447262 0.179631 0.656658 -0.308237 -0.145897 -0.839463 -0.116690 0.614889 0.513986 0.091309 -0.681246 -0.888641 0.875093 0.637219 -0.607623 -0.273794 -0.982448 -0.287536 -0.961584 -0.171288 0.961638 -0.387637 -0.078674 0.565022 -0.435144 0.762077 0.197569 -0.399465 -0.492599 0.511317 -0.518943 -0.556438 -0.199703 -0.094978 -0.176713 0.621959 0.756832 0.281146 1.096934 -0.856308 -0.690230 -0.096983 0.773862 -1.181894 -0.656916 1.128583 -0.065609 0.925180 0.590204
0.239408 0.814816 -0.186166 0.635812 0.069777 -0.593819 0.644324 -0.067218 -1.215910 -0.901718 0.226467 0.869686 -0.720213 -0.262452 -0.891180 -0.378114 -0.068064 -0.430445 0.542059 -0.088799 1.208851 0.195245 -0.226891 0.175964 0.502483 -0.267229 -0.564473 -0.197927 0.626309 -0.114153 -0.739539 -0.004259 0.879955 0.358874 -0.568772 0.401316 0.375778 0.094953 0.621394 0.379380 0.013108 -0.293410 0.759890 -0.742343 0.810126 0.451330 0.705006 -0.253393 -0.890004 -0.287971
-0.800418 -0.168739 -0.810391 -0.227956 -0.536935 0.837317 0.933979 -0.791562 -0.918361 -0.123108 0.283161 0.594815 0.794261 0.764287 0.477176 -0.018633 -0.138055 0.399441 -0.211415 0.591379 0.905944 0.694079 -0.472024 -0.293965 -0.289582 0.653101 0.860111 0.651054 0.078906 -0.121934 -0.587484 -0.721941 -0.113964 -0.643153 -0.132037 0.892577 0.574928 0.312783 0.480667 -0.955198 -0.152391 -0.416964 -0.051718 0.039405 0.950947 -0.566856 0.115627 -0.765782 -0.192827 0.602541
0.861699 -0.255059 0.281174 -0.460442 -0.139936 0.008722 -0.106209 -1.280682 0.015078 0.384470 0.635587 0.136132 0.228411 0.087902 0.799414 0.293108 -1.056785 0.080266 0.044906 0.100402 -0.819827 0.316553 0.269758 0.049810 0.461484 1.091043 -0.186905 -0.551046 0.391256 0.062294 -0.673462 -0.232396 -0.515108 0.535815 -0.741276 -1.099044 -0.141942 1.093991 -0.123197 -0.562695 0.703226 -0.656023 0.365049 0.930418 0.883692 0.016327 0.045774 -0.608642 0.197425 -0.770730
0.950523 -0.151262 -0.234233 0.526845 -0.549018 -0.726008 -0.722681 -0.745784 0.136399 -0.537211 0.514561 -0.286640 -0.021158 -0.606852 -0.008558 -0.387116 0.287532 0.184405 -0.742135 0.199775 0.612012 0.492166 -0.794485 -0.475924 -1.286376 1.020904 0.148616 -0.149678 -0.309426 0.444133 0.258849 -1.074120 0.010837 0.677897 -0.303712 -0.437579 0.505000 0.417576 -1.210768 -0.920399 1.080709 -0.761637 0.031266 0.640191 0.655816 1.205654 0.324282 1.143735 -0.318510 0.130716
0.049444 -0.695741 0.312827 0.805076 0.666799 -1.323902 0.360510 -0.432317 0.825727 -0.714574 -0.772996 -0.474187 0.267787 0.934269 -0.563666 -0.086369 -1.210891 -0.606529 -0.311018 0.145111 0.935081 -0.694710 0.222003 -0.625738 -0.846553 0.705421 0.137286 0.975525 -0.598915 -0.732262 0.237809 -0.859286 0.633415 -0.304063 -0.982822 0.333263 -0.151439 -0.737336 -0.990891 0.993800 -0.902821 0.238193 -0.688515 0.217888 0.078673 -0.282462 -0.278528 1.100278 -1.109354 0.104384
0.011624 -0.640721 -0.872200 -0.698469 -0.730555 -0.556300 -1.322284 0.177928 0.114945 0.822206 -0.015873 -0.818146 -0.579079 -0.620275 -1.628871 0.780392 -0.283413 1.010728 -0.927796 0.081940 -0.438668 -0.682181 -0.310203 0.993474 -0.606898 -1.104163 1.167225 -0.200393 -0.838501 0.090755 1.042690 -0.911078 -0.113470 -0.236753 -0.027787 0.019557 0.623194 0.359376 -0.282869 0.297736 0.367519 -0.208640 -0.479915 0.763390 -0.767922 0.635191 -0.267176 0.558404 0.294407 0.682590
-0.701044 -0.292249 0.022574 0.380945 0.230967 0.355445 -0.884256 1.019887 -0.199617 -1.125737 0.201120 0.514569 0.887920 -0.488144 -0.969036 0.647071 -0.209006 -0.074412 -0.056040 -0.511783 -1.084427 -0.234613 -0.513936 0.149996 -0.626464 -0.311049 0.524372 1.299251 0.950454 -0.845556 0.588302 -0.316352 -0.346007 -0.418606 -0.662542 1.168020 0.458335 0.186366 -0.605674 -0.082923 0.348669 0.859411 -0.179785 1.070120 -0.497401 -0.091599 -0.532700 -0.725988 -0.355093 0.668289
0.397450 0.375910 -1.054729 -0.753729 -0.495782 0.117604 0.674767 1.054750 -0.373197 -0.485003 0.728397 -0.422664 -0.002884 -0.901464 0.582601 0.444966 -0.257017 -0.439645 0.724460 -0.275997 -0.928879 -0.742870 -0.431593 1.180188 0.141489 0.508354 -0.183193 -0.404512 0.751858 -0.753971 -0.880877 -0.953934 -0.198051 0.688674 0.584504 0.735617 0.359978 1.093577 0.026819 0.372153 0.539072 0.717640 -0.181738 1.182306 -0.404351 0.461356 0.231844 0.345979 0.904511 0.173031
0.780743 0.399695 -0.452769 0.221305 -0.410419 -0.192962 0.486051 0.776658 1.099626 0.233125 -0.084118 0.222138 -0.649150 -0.169196 0.743082 -0.178961 0.711271 -0.364387 0.180202 -0.821528 0.480033 -0.355323 0.123760 0.496857 0.338315 -0.593447 -0.066102 -0.338485 0.609811 -0.391092 0.295983 -0.688620 0.075710 -0.372077 -0.245389 0.730573 0.451608 0.462027 0.369227 -0.129347 0.479933 0.773444 -0.053892 0.417007 -0.689669 -0.339151 -0.609554 0.288608 -0.659273 0.851453
0.006066 0.378665 0.650222 0.941772 0.460914 0.152501 -0.238773 -0.219415 -0.335378 -0.168504 -0.179612 0.652628 0.600911 0.818235 -0.626897 -0.569728 -0.828435 0.213589 -0.373725 0.190903 0.832052 -0.098391 -0.343675 0.890459 0.740852 -0.577570 1.064902 0.538258 0.411425 -0.481613 -0.080119 0.699359 -0.334439 0.176925 -0.563100 0.298247 -0.470683 -0.979984 0.462125 -0.851062 0.769706 0.033246 0.384248 0.013067 0.271259 0.467764 0.535775 0.817694 -0.432077 0.404930
0.885214 0.202790 0.601369 -0.223625 0.752473 1.095299 -0.982586 -0.153506 0.321183 -0.148547 -0.520296 0.457054 -0.955019 0.837595 -0.738582 -0.784590 0.839963 -0.342126 0.967306 -0.511746 -0.456075 0.373674 -0.155878 -0.455933 -0.738592 -0.020918 -0.409090 0.056775 0.301191 -0.229211 0.833306 -0.271235 0.303478 -0.753985 -0.525433 -0.979097 -0.893534 0.407245 0.536539 -0.190778 -0.026677 0.767801 0.361529 -0.709793 -0.268643 0.333376 0.184919 -0.901234 -0.801624 -0.508207
0.958594 -0.784125 -0.735567 0.039365 -0.815280 0.645547 -0.721299 -0.207406 -0.357397 0.509769 -0.856240 0.609085 -0.571265 0.735064 -0.855525 -0.240343 0.574940 0.374560 0.642379 -0.000250 0.047430 -0.856435 0.750377 -0.235934 -0.832333 0.653450 1.036906 -0.596899 0.884095 0.535528 0.119588 0.539826 -0.049657 -0.824519 0.236896 -0.770432 0.282758 -0.428067 0.304676 -0.195075 -0.869290 0.649762 -0.289067 0.014818 -0.243116 0.980166 -0.439204 -0.095872 0.532257 0.667975
1.190142 -0.778554 0.470083 0.272498 0.768550 -0.411911 0.363386 0.466165 -0.360995 0.290258 -0.533628 1.051331 -1.132347 -0.475018 0.809753 0.415144 -0.408025 -0.513338 0.262475 -0.060003 -0.238354 -0.658815 -0.539300 0.463906 0.630678 0.775083 0.176991 0.190085 0.192878 -0.245966 -0.537721 0.021612 0.131230 0.153109 1.028894 -0.466377 0.214129 0.602586 0.044843 -0.940074 0.350246 -0.929828 -0.869108 -0.003242 -0.714078 -0.793788 -0.800918 0.542826 -0.556277 -0.215759
0.468630 -0.546766 -1.192571 0.585341 0.520783 -0.192305 -0.410172 0.224998 -0.339794 0.154089 0.076687 -0.680846 -0.531349 0.794232 -0.428445 0.865632 -0.398363 0.336567 0.720700 0.881913 -1.466260 -0.631399 -1.085094 -0.440948 0.437465 0.800360 0.116665 0.004462 -0.185176 -0.753727 -0.890677 0.168657 -0.884437 0.995996 0.984024 -0.450263 -0.703713 0.511862 0.070961 -0.206545 -0.149161 0.802967 0.692687 -0.600260 -0.585891 0.787405 -1.120582 -0.640574 -0.571421 1.347024
-0.378273 0.561268 -1.181153 0.941808 -0.617513 -1.207755 0.890741 0.008087 -0.300529 0.179372 1.510080 -0.153199 -0.617842 -0.979505 -0.527139 1.011556 0.357761 -0.336950 0.395154 -0.479338 -1.194325 -0.339503 0.653975 0.991089 0.039120 -0.023260 0.363418 -0.168591 0.098727 0.390367 0.612165 0.427432 -0.070499 0.383278 0.596708 -0.679712 -0.219247 0.629307 -0.059738 0.500078 1.057127 0.175803 -0.853296 -0.431591 0.004947 -0.887412 -0.866399 -0.700465 -0.866764 -0.327807
-0.583128 0.576506 0.233426 -0.248505 -0.742908 -0.242937 0.555200 0.234389 0.730569 0.641136 0.334628 0.772931 0.283207 -0.004153 0.944649 1.010557 0.678861 0.732727 -0.381937 0.424251 0.308666 -0.433987 0.643314 -0.707394 -0.432004 -1.011102 0.610155 0.901423 0.788547 0.664001 0.472647 -0.321566 0.358170 -0.357879 -0.992413 -0.252545 -0.744029 -0.090257 0.453504 0.275956 -0.485664 0.680118 0.199392 0.319663 0.350175 0.823299 -0.420543 0.823702 -0.181056 0.176379
0.036484 -0.629236 0.439752 -0.228038 0.339791 -0.295912 0.231333 0.045289 1.087879 0.444208 0.247113 -0.190037 1.401442 -0.388666 0.593366 0.582777 0.100169 -0.334650 -0.880990 -0.250163 0.325504 -0.725366 0.575466 -0.417211 -0.079405 0.203883 -0.942994 0.491655 -0.690275 -1.287843 -0.451557 -0.464273 0.762225 0.517612 -1.200935 -0.008231 -0.338110 -0.974991 -0.187793 0.861321 -0.301414 0.654977 0.637541 0.190824 0.945977 0.011545 0.107803 0.296430 0.822109 -0.241457
0.688046 0.435001 0.006320 0.320363 -0.196175 0.266947 -0.186010 -0.294630 -0.025326 -0.247527 0.671123 -0.760680 1.330067 0.447048 -0.360886 1.044272 0.230000 -0.453828 0.472798 -0.147166 0.785463 -1.285252 0.743338 0.049461 -0.888962 0.431436 -0.042299 -0.880850 0.915858 -0.955632 0.725336 -0.184481 0.007416 0.659651 0.439161 -0.206982 -0.104891 0.032886 -1.666452 -0.407341 -0.451557 1.004745 -0.114016 -0.892291 -0.395859 -0.749370 -0.657508 0.187346 0.769871 1.147744
0.123422 -0.744048 1.336460 -0.511589 -0.166287 0.145989 -0.714236 0.711388 -0.349452 -0.400870 0.096667 0.026011 0.226505 0.858417 -1.633414 0.776135 -0.977078 0.403990 0.878728 -0.262362 0.320180 0.293860 1.149405 0.375101 -0.825985 -0.256132 -0.398338 1.090908 1.380901 -0.204643 -0.726913 -0.474787 -1.173485 0.291241 0.396210 0.000283 1.136789 0.773649 -0.271560 0.909129 0.820255 0.472125 -0.691731 0.206525 -0.706393 -1.099580 0.691316 -0.547172 0.000379 0.066331
-0.588702 -1.002292 -0.278693 -0.911582 0.345068 0.861528 -0.099128 -0.977604 0.498419 -0.037993 -0.306606 0.025803 0.568470 -0.551912 -0.168868 1.167296 -0.648983 -0.626349 0.451361 -1.069598 0.208365 0.803856 0.509962 0.791040 0.112662 0.964458 -0.496051 -0.766387 -0.205623 -0.216854 -0.032292 0.651625 -0.900446 -0.550989 0.037917 0.711026 0.488658 -0.488026 -0.785438 0.958497 0.300804 0.402007 -0.591323 1.166484 -0.464470 0.170866 -0.948643 0.371875 -0.050233 0.468055
0.574206 0.408157 0.941791 0.146100 -0.049408 0.104974 0.491433 -0.535166 -0.371661 0.030247 -0.043859 0.905005 -0.063265 0.642925 -0.245689 0.680987 -0.704829 0.235560 0.207379 -0.720466 -0.817305 0.590645 -0.593036 0.717384 0.709328 0.548534 0.521614 0.342251 0.233155 -0.509235 0.123367 0.116662 -0.306456 -0.693031 0.947106 0.290403 -0.374960 0.287960 -0.342011 0.578546 0.990842 -0.262517 -0.874876 1.024179 -0.935343 0.407636 -0.046792 1.188244 -0.444255 -0.376049
0.917681 -0.508202 0.385151 -0.053738 0.975890 0.849254 1.001839 0.633961 0.391532 -0.688748 -1.081435 -0.052387 -0.301186 0.932979 0.246947 -0.790634 0.003958 -0.519413 -0.527681 -0.028936 -0.916853 0.951550 0.145824 -0.304205 -0.517128 -0.313365 -0.369862 0.264361 0.182994 -0.283266 0.167646 -0.676159 0.738590 0.319564 0.349866 -0.963999 0.522258 0.760214 0.754907 -0.743786 -0.031740 0.714088 0.764274 -0.800820 -0.343429 -0.866386 -0.283821 -0.889990 0.810916 -0.692417
0.242726 0.496267 1.015274 0.942101 -0.223427 -0.099747 -0.926265 -0.439360 -0.678355 1.271538 0.209331 0.037229 0.545253 -0.047214 -0.389980 -0.661744 1.108905 -0.874569 -0.772088 0.255469 -0.567322 -0.484408 0.413124 0.286405 -0.591191 0.850881 0.386011 0.579150 -0.526219 0.373758 0.107800 0.469888 1.030324 0.640178 -0.152438 -0.890264 -0.906612 -0.322577 -0.029750 0.693506 -0.771511 0.330529 -0.154914 -0.297757 0.718616 0.292635 -0.788129 -0.216365 -0.372523 0.712962
-0.041126 -0.635675 -1.018379 -0.698966 -0.766100 -0.489013 0.249659 0.018471 0.215080 -0.314380 -0.331863 -0.199975 0.822523 -0.726407 0.723237 -0.052197 -0.721533 0.470384 -0.737055 0.845185 0.871181 -0.549649 0.086232 -0.461348 0.016336 -0.189890 -0.679878 -0.558120 -0.502482 0.993766 -0.207358 0.259063 0.433631 -0.684758 -0.281922 -0.183520 -0.736544 0.198047 0.503994 0.298333 -0.007456 -0.956643 -0.469204 -0.893773 0.397126 1.041451 0.050805 -0.795949 0.671898 -0.055496
-0.380485 0.791056 0.582305 -0.165892 -0.551245 -0.969237 -0.363682 -0.789082 0.209911 -0.123697 0.287324 -0.911933 -0.130882 0.283837 -0.178492 0.653050 0.054633 -0.557182 -0.303998 0.420320 1.131830 0.386256 -0.404063 -0.656130 0.324287 -0.192670 -0.326769 0.113426 1.144609 0.310817 -0.589639 0.792545 -1.182227 -0.387246 0.812421 0.189788 0.675995 -1.005439 -0.475399 0.595108 -0.685204 0.862067 -0.243759 0.510115 -1.043105 -0.561795 -0.386106 -0.800771 0.096607 -0.072899
0.680605 0.932871 -1.185778 0.588552 0.038822 0.205791 -0.394541 -0.364713 0.013720 -0.287541 0.166689 -0.631525 0.164338 0.915140 0.219409 -0.089156 0.625159 -0.112613 1.109653 0.138121 0.061312 -1.235956 0.523227 -0.868587 -0.475007 -0.211777 0.789141 -0.318653 0.637585 -0.164675 0.136309 -1.222098 -1.263593 -0.587691 1.194188 0.484573 1.329565 0.141893 0.798249 0.368927 0.084162 0.290595 -0.768297 -0.868962 -0.512465 -0.241035 0.751707 -0.721236 -0.633334 -0.324466
0.857039 0.574612 -0.692137 0.237925 -0.022942 0.209338 -0.791585 0.093811 -0.322003 0.583472 -0.167792 0.202575 0.449130 0.236411 1.053872 -0.554159 -0.283751 0.470189 -0.170049 -0.037692 0.154403 0.177403 -0.781614 0.650610 -0.444456 -0.222659 0.702646 0.633668 0.234419 -0.849179 0.518124 0.252668 -0.449393 0.925119 0.547548 -0.072226 0.145481 -0.632955 -0.217422 0.253648 0.507619 0.152884 0.667286 -0.868593 0.267405 -0.160975 0.341875 -1.207583 -0.095194 0.547017
0.423899 0.297595 0.570920 0.094150 -0.757080 0.430725 -0.061492 -1.005980 1.199784 0.666326 1.093441 0.288589 0.097643 -0.667743 -0.210725 0.291235 0.274565 -0.594288 -0.518948 1.147861 -0.477706 0.172792 -0.134281 -0.109007 0.289081 -0.102713 0.603966 -0.025074 0.072667 -0.158443 -0.305885 0.304277 -0.242837 0.537332 -0.661536 -0.110080 -0.843712 -0.254993 -0.048620 -0.404880 -0.029964 0.786045 -0.077023 -0.888487 -0.387363 0.510511 -0.585289 -0.145751 1.536775 0.562969
0.569565 -0.157921 0.079085 0.076530 0.532640 -1.382262 -0.548202 -0.413938 1.729896 0.322956 0.029683 0.343015 0.818283 -0.304747 -0.208617 0.937349 0.491205 0.380454 -0.805284 0.388951 0.382576 -0.668833 0.359568 -0.654916 -0.386016 -0.781192 0.261812 -0.680857 0.582868 0.098141 0.616747 -0.564279 0.599143 -0.988506 -1.134994 -0.904321 -0.017429 0.353688 0.115201 -0.686514 -0.225685 -0.714098 0.486523 -0.934378 1.116266 0.106749 0.227463 -0.012241 0.601677 -1.040455
0.192931 -0.348844 0.321028 -0.264629 -0.694240 -0.603137 -0.450473 0.865548 0.040675 -0.288393 1.245805 0.378904 0.361223 0.980374 0.276631 1.005631 1.259040 -0.160920 -0.700640 -0.586688 1.374737 -0.532957 -0.871132 -1.699088 -1.013167 0.464273 0.092542 1.040842 -0.621478 -0.931990 -0.549728 0.040767 0.880916 -0.101490 -0.437022 -0.072601 -0.046302 -1.078949 -0.840280 1.080432 0.596040 -0.880553 -0.935747 0.184113 -0.004317 -0.312967 -1.026808 0.690665 1.242549 0.032800
-0.788395 -1.638542 1.481855 -0.207102 0.554299 0.030295 0.141209 0.053072 -1.411022 0.467084 0.277050 -0.283978 1.446653 -0.152899 0.387291 1.052701 0.707107 0.297387 0.998240 -1.661068 0.262787 -1.123329 -0.963014 0.124038 -0.465219 0.874852 0.042870 0.963490 1.110400 -0.270167 -0.108498 -0.107723 -0.883477 0.371708 -0.048049 0.020654 0.467000 0.243463 -0.623754 -0.259490 -0.464018 0.266851 -0.285819 0.577452 -0.412154 0.378121 0.482827 0.232915 0.884827 -0.666074
0.284890 -1.298807 0.344849 0.841944 0.439077 1.189634 -0.088276 0.466482 -1.005854 -1.365794 -0.960012 0.311482 0.618018 0.029562 0.496187 1.542975 -0.549304 1.151036 0.803948 -1.090419 0.158244 -0.225448 -0.799810 0.385073 0.332905 -0.030098 -0.880984 0.750925 1.455199 0.168351 -0.120229 -0.001373 -1.195640 0.623727 0.162717 -0.175851 1.412278 -0.047816 -1.144303 0.076314 -0.553516 -0.484354 1.000100 1.291855 -0.268649 -1.002587 0.736714 0.563630 0.311311 0.467917
-0.438172 -0.886102 -0.023913 0.582805 1.013130 0.121060 -0.797483 -0.063894 -0.068744 -1.019994 0.167655 0.537566 0.215594 -0.866595 0.039379 0.174473 0.004362 0.711187 -0.742600 -0.696809 0.090089 0.066270 0.436848 0.676404 -0.701788 0.820432 0.816751 0.446233 1.078992 -0.142999 -0.411302 -0.916623 0.868537 0.798172 1.143860 -0.090982 -0.698000 0.416117 -1.099757 0.900863 1.020972 0.667507 -0.094834 -0.306991 0.413108 0.919752 -0.313445 0.951160 -0.798250 0.400021
0.553951 1.133486 -0.601984 -0.071334 -0.291231 0.283838 -0.485090 0.057321 0.643478 0.570098 0.676980 0.843972 -0.902272 0.789044 0.508444 0.702320 -0.836149 -0.717494 -0.683437 0.781842 0.739071 0.958829 -0.904990 0.094074 -0.454368 0.120425 -0.029057 0.883425 -0.223459 -0.045523 -0.931499 0.640526 0.214685 0.735049 -0.489209 -0.817153 0.261214 0.310634 -0.783050 -0.293216 -0.234865 -0.360216 -1.063008 0.163382 0.303111 -0.239824 1.162518 0.714646 -0.231504 1.034037
-0.280386 0.873912 0.051471 0.523390 -0.304625 0.862781 0.256350 0.342325 -0.662648 0.339311 0.378546 0.991653 0.476490 0.459762 0.750375 -1.051092 0.921067 -0.852581 0.417150 0.651921 -0.581532 1.082941 -0.560335 0.440531 -0.307774 0.840304 -0.472579 -0.196074 0.302720 -0.010278 0.045729 1.068921 0.792824 -1.062594 -0.305898 0.200406 -0.563599 0.743104 -0.025987 -0.083481 0.346691 0.513880 -0.560763 -0.093034 -0.872124 -0.123375 1.101558 0.867045 0.062773 1.156547

Bias v0 (Oculta):
-0.410905
0.539338
-0.841880
0.096880
0.321358
0.364838
-0.694361
0.128688
-0.317216
1.175043
0.662464
-0.496725
0.001006
0.205727
0.630739
-0.985141
0.090238
0.617530
0.631096
-0.886829
-0.810908
-0.338940
-0.436339
-0.061934
0.867581
-0.629801
0.834888
0.782481
0.972508
0.311530
0.777202
-0.692258
-0.338284
-0.206947
0.017577
0.724875
-1.188789
-0.001674
-0.005932
0.245428
0.797488
0.573650
0.325401
-0.132529
0.207630
-0.682001
-0.117592
-0.338307
1.094269
1.039544

Pesos w (Oculta -> Saída):
-0.501141 -0.532208 -0.582151 -1.444506 0.208139 0.792954 0.248963 0.650803 -0.577397 -0.390157 0.327960 0.067247 -1.018010 -0.891001 0.958130 -1.281319 -1.155943 -0.883093 -0.318185 -1.183752 0.114023 -0.537957 -0.295068 -0.584558 0.260774 0.021218
0.597391 -0.590850 0.441054 -0.831595 1.795186 -1.333001 0.463747 -0.569360 -0.288113 -0.816332 0.000633 -0.866548 0.276870 -0.519887 -1.319491 -1.612804 0.134950 1.077483 -0.047209 -0.258174 -0.637088 -1.143179 0.220768 -0.802703 -0.450755 0.345804
0.598485 0.028102 0.390037 1.659490 -0.827516 0.804949 0.406236 0.504892 -2.282481 2.023396 -0.728627 -0.213055 0.352263 0.476449 -1.093627 -0.220702 -1.529550 -0.810812 -0.056262 -0.406396 0.501426 0.215231 -0.166760 -0.748855 -1.966876 -0.071554
0.427852 -0.758832 0.322260 -0.622014 -0.466024 0.239149 -1.098338 -0.373951 0.152186 0.269445 -0.053809 0.305339 0.298317 -0.715380 -0.887809 -0.291207 -0.469186 -0.416942 -1.232914 -1.076567 -0.848014 -0.375794 -0.598649 -0.829081 -1.026849 0.035931
-0.497041 0.448407 0.349003 0.344697 -0.478736 -0.613642 0.374672 0.365167 0.449941 -0.333588 0.562279 0.193192 -0.509637 -0.243514 -0.932749 0.328577 -0.250143 -1.464210 -0.052103 -1.932741 -0.193580 -1.847640 -0.152783 -0.903785 -0.172023 -0.143616
0.053370 -0.273422 -0.611122 -0.025746 -1.012806 -0.269960 -0.782601 -2.382612 0.642453 -0.548851 -1.005031 -0.579861 -0.043304 0.678409 0.213871 -0.559394 -0.590697 -0.499500 0.573561 -0.580875 -0.641255 -0.039289 -1.695884 0.438255 -0.178476 -0.399176
0.106614 -0.732013 -0.958010 0.718490 -1.939476 0.410449 -0.169739 -1.997723 0.334844 -1.196648 0.017290 -0.051286 -1.024118 1.415422 -0.796293 -0.566650 1.424464 0.523657 -0.034474 -1.555253 -0.351536 -0.620850 0.377552 0.311466 0.840716 -1.109417
-0.655226 -0.046396 0.456835 -0.856919 0.411113 0.726596 1.730899 1.341051 -1.441708 0.560178 0.413319 -2.453866 0.631855 -1.059799 -2.108273 0.202033 -0.320860 0.562943 -1.048404 -2.398092 0.639194 0.598364 -1.852298 0.604019 -0.028534 -0.222417
0.813675 -1.578220 -0.326392 -1.103713 -0.655696 -1.155281 -0.680643 0.689865 -0.017190 -1.466865 -0.934263 -1.143564 1.103399 -1.109263 -0.214962 1.875051 0.899169 0.290085 -0.730871 0.530100 -0.815256 -0.509355 0.693807 1.270853 -1.429303 2.043911
-0.199870 -1.495093 1.001491 0.096680 -0.485608 0.066185 1.621312 -0.767582 0.024523 -2.165118 0.076935 -2.507726 -1.032245 0.283546 -1.412080 -1.665930 1.345827 1.142572 -0.687033 1.433280 -1.365388 -1.220266 -0.032610 0.364641 -0.493022 -0.611463
0.223051 -2.467941 -1.212227 -2.258945 1.724604 0.875469 -1.642169 1.182175 -0.452947 -1.425738 -0.201992 1.367466 1.768601 -0.034698 -1.187309 0.734391 -1.575435 1.287314 -1.521220 0.968261 -1.724723 0.748814 -0.401528 0.273022 0.031527 -1.833907
-0.519740 -0.534651 0.238669 -0.019567 0.597881 -0.504541 -0.950171 0.051264 0.361501 -1.473482 -0.861754 -0.592414 -1.051798 -0.591148 -0.560832 -1.444430 -0.410473 -0.959428 -1.237884 -0.404547 -0.740741 0.134361 -0.499449 -1.065870 0.050218 -1.349185
1.214423 -0.157753 -1.703426 -0.203448 -1.870403 1.205000 -0.818720 -0.559208 -1.465498 0.788660 -0.444212 -1.080547 -0.409860 0.075544 -1.053592 -0.421331 -0.461814 0.084293 -1.515005 -0.105712 -0.956758 0.194736 0.162477 0.767010 0.649795 0.188103
-0.923693 0.254070 -0.435596 -1.296024 -1.042671 0.021145 -0.115048 0.796871 -2.172665 -0.388795 -0.082281 -0.423218 -0.155766 -0.367710 0.862578 -0.345210 -0.869454 -0.316764 0.000166 1.183751 -0.059214 -0.554467 -1.006174 -1.092187 -1.561257 0.373828
-0.429421 -2.196125 -0.323685 0.778040 -1.973062 -2.016896 0.727229 -0.329501 0.095561 1.120412 -0.558907 -0.101837 -0.550362 1.392414 -0.638003 -2.305127 0.145920 1.819310 1.445618 0.072075 0.169933 1.152171 -0.078207 -0.454199 -0.332320 -2.709625
-1.148546 -0.386368 -0.084012 -0.465919 -3.167593 3.149150 0.765988 -0.110514 0.753477 0.187786 0.115687 -1.562044 -1.217320 -0.547798 0.068040 2.024917 -0.564228 -1.248431 -0.274725 1.700595 0.744073 -0.424687 0.271116 1.172564 1.397448 -1.854930
1.191008 -0.023963 -0.272602 0.089921 -0.488736 0.535324 -1.317011 -1.821795 0.260376 1.090218 -0.181990 -1.115838 1.229735 3.632794 -1.375535 -0.003519 0.513466 -0.039649 -0.207449 -0.807976 -1.151209 -0.853212 1.871809 -0.170013 -0.474605 -0.862920
-0.172462 -1.730475 1.273142 0.280370 0.868964 -0.386055 0.137629 0.569039 -1.621721 -0.170895 0.250877 0.811592 0.818363 -1.086617 0.801191 -0.599239 -0.898672 0.561905 -0.483724 0.271080 -0.327287 0.117956 0.871262 -0.914909 -0.989410 -0.952900
0.170494 -0.693054 -0.806340 -1.141163 -0.335519 -0.036472 -0.787986 0.590744 1.290787 2.080122 0.080469 -1.023677 1.223591 -0.178886 0.337802 -0.207796 -0.562198 -0.322425 -0.219688 0.695621 -0.642100 -0.271221 0.041131 0.117844 0.113617 0.502123
-0.948252 0.596661 -1.661075 -2.386503 -0.448500 -0.410493 0.587118 0.229612 -1.159271 -2.018712 0.148916 0.031173 0.254946 -0.001618 -0.791602 -0.848966 1.538447 -1.095567 -0.254488 -0.891053 1.373146 -1.704050 0.767256 0.321181 -0.772727 -1.293061
0.595684 0.668943 -1.561701 -0.028076 1.339674 1.701267 1.683229 1.252809 -1.942013 0.740818 0.553785 -1.624876 -1.250758 0.215393 -2.383368 0.259175 -0.786185 -0.418571 1.631392 -1.283883 0.100554 1.226241 0.635007 -0.267196 -0.188039 -1.253087
-0.917235 0.973777 -2.363043 1.565859 0.494063 -1.565767 -2.421114 1.173020 -0.891875 -1.251891 -0.928052 0.910823 0.030592 0.901756 -2.908622 -0.684866 0.375357 -1.738130 1.109285 0.266409 1.240695 -0.686135 0.316186 0.023277 0.805883 -0.463403
-1.077860 -0.865220 -0.969058 0.466625 0.270359 -0.732496 0.558815 0.351268 -0.702019 -0.495960 -0.884472 0.119359 0.718747 -0.571564 0.115525 -0.369291 -0.672104 0.271752 0.497762 -0.909555 0.068916 -0.988136 0.691407 -0.004978 -0.310912 -0.442723
-0.588632 0.335350 0.273575 -0.651877 0.205832 0.218099 -1.358349 -0.091054 1.703922 -2.311817 -0.712391 -0.175446 -0.283259 -1.140562 -1.966010 1.189478 -0.481145 -1.878263 -0.197738 -0.313586 -0.373093 0.852068 0.517289 0.252573 0.083069 0.973803
0.390106 0.726631 1.377302 0.750788 0.245702 -0.543591 -0.561328 -2.592357 -0.936241 -0.592897 -0.611189 1.528433 -1.636333 -0.991738 -1.344636 -0.307345 1.691189 -0.520421 -1.331174 0.339247 0.176778 1.180930 -0.313229 -0.013718 -0.495234 -0.348134
-0.235516 0.859060 0.181943 0.833739 -0.176292 -1.482396 -0.412012 -1.084973 -2.478198 0.026737 -0.286260 0.554076 0.688274 0.025028 0.505078 0.166205 0.083871 1.189519 0.905153 0.365109 -0.509506 0.058480 -0.681025 -1.625941 0.674088 -1.746220
-0.263008 -1.277813 -0.563106 -2.085385 -0.559093 -1.150449 -0.145903 -0.644511 -0.563275 -1.025437 0.659164 -1.118903 -0.410722 0.439842 0.690714 -1.044164 0.222954 0.200169 -0.589224 -0.099048 -0.339169 -0.188058 -0.232170 0.253005 -0.897768 0.054929
-0.543155 0.246211 -0.437288 0.826785 -1.064958 -0.863144 -1.877476 -0.016138 0.288186 -0.885472 -0.628007 0.105776 -0.692181 0.694235 0.766810 0.615111 -2.440579 -0.406754 -0.316096 -0.527120 -1.780772 -0.133260 0.286315 0.107254 -0.849194 -0.554661
-0.562397 -1.396765 -0.260486 1.672813 -1.873598 0.668578 0.443678 -1.010974 1.222960 1.146940 0.415488 -1.317976 0.072871 -1.347405 0.738539 0.812714 1.183533 -1.027895 -1.715070 0.537305 0.965528 0.665567 0.806683 -0.722717 -1.750854 -1.359725
0.431613 1.340109 -1.252303 0.115130 -1.670476 -0.886665 2.018502 1.093193 1.084296 0.330494 -0.941244 -0.232989 -0.270234 -0.426486 0.510733 -1.516242 -0.073007 -1.974778 1.605605 -1.608791 -1.713345 -0.506544 0.907377 -0.371792 -0.639799 -0.743728
0.510682 0.251276 1.738307 1.306824 -0.556108 0.802414 -0.968502 -0.298912 -1.049429 -1.587546 0.016228 1.417487 0.594480 -0.612681 0.022532 0.370321 -0.198525 -1.258154 -1.264100 -1.853714 -0.425076 -2.046190 0.088882 -0.215406 -0.574764 -0.225591
-0.313900 0.158976 -1.680991 0.694547 -0.677398 -1.280794 0.473457 -1.391174 -0.289082 0.356654 0.516578 -0.592831 -0.574343 -1.016368 1.353205 0.322465 0.268667 0.869866 -0.453779 -1.034200 -1.682433 -0.764498 -1.531440 -0.239088 -0.991753 0.530416
-0.229388 0.690035 -2.624421 0.675125 -0.941766 -1.051120 -1.237935 0.454835 -1.058637 0.570928 -0.356729 1.480750 -0.265897 -0.233918 -0.265300 -0.782083 -0.601882 1.221903 -0.871631 -1.437689 -1.894711 -1.065162 0.724738 -0.619538 0.366652 0.842484
0.074359 -1.943465 0.754818 0.214016 -0.254713 1.772867 1.438111 -0.946030 -0.746706 -1.589027 -0.780888 0.547861 -0.384418 -0.461926 -1.380273 -0.747174 -0.968516 0.183072 2.203138 1.483034 0.478229 0.517323 -1.543920 1.218278 0.654605 -1.162307
-0.193712 -0.850033 1.106683 -0.977362 -1.303971 -1.632749 -0.198248 -1.862242 1.378972 0.896317 -0.820320 1.568708 -0.976820 -0.433461 1.282014 -0.655899 0.683914 -0.721862 -0.399355 0.463629 1.614069 1.344946 0.134636 -1.450466 1.018989 1.008958
-0.329161 1.914989 0.352718 -0.035121 1.758367 0.662485 0.195691 -0.986299 -0.930986 -1.027102 0.610951 0.933810 -0.783557 -0.667477 0.857294 0.733505 -0.348439 1.494558 -1.485462 -1.047339 -0.863447 0.378379 -1.002016 -1.127345 -1.010285 -0.212753
-0.787325 -0.151566 -1.403910 0.416711 -0.833181 0.307017 -1.728632 -0.698576 -0.561906 -1.460805 0.759330 0.220825 1.542879 -1.588008 -1.143560 0.281167 -1.283951 -1.228672 -0.339456 -0.479295 2.766568 1.906826 -0.213213 0.471584 1.877866 -0.862744
-0.272880 -1.283421 1.281568 -1.092128 0.182852 1.566212 -1.308484 -1.814513 0.779395 0.698543 -0.273582 0.510856 -0.141050 -1.431163 -1.683167 -1.440091 0.197816 -1.933326 1.849006 0.204559 -0.801481 0.969373 0.832530 0.153121 -0.161796 0.711829
0.593181 -0.491092 1.223685 -1.042529 1.005413 -1.164939 -1.703729 -0.770543 -0.256437 1.353098 -0.923115 0.945397 -2.021075 -1.553860 -1.867557 -0.430968 1.557219 0.890592 -0.989474 0.462978 -1.439125 0.854509 -0.370027 0.568284 -0.906106 0.545218
-1.122827 -1.745719 0.552879 -0.090210 -0.726326 -0.941387 0.595287 0.109594 -2.533968 0.615722 -0.250134 -1.703286 -0.183034 0.602646 -0.815595 0.276375 0.851482 -1.037466 -1.685283 1.794393 -0.864045 -0.247469 0.018072 -0.119968 0.906953 1.287861
-0.251355 -0.073836 -1.418748 1.221025 -0.037796 -1.188925 -1.778945 1.816380 -1.854643 -0.868982 -0.059904 -1.811169 1.657786 -0.144823 0.825482 0.023145 1.304324 -0.206248 -0.818741 0.365042 0.555857 -0.142895 -1.059982 -0.872915 -0.011308 0.020875
0.112515 0.648787 -0.504374 -0.406792 -0.617409 -0.878958 0.182259 -0.674639 0.280005 -0.975782 -1.212393 -0.693603 0.275141 -0.287005 0.863207 -0.987235 0.007690 -0.155793 0.135255 -0.635541 0.175402 -0.780824 -2.437636 0.159621 -1.072284 0.485477
-0.159030 -0.003040 -0.266461 -0.777749 -1.069647 -1.067032 -0.094852 -1.228869 -0.867868 -1.101638 -0.814759 -0.655447 2.147549 -0.690449 0.791509 0.004711 -0.478383 -1.138880 -0.288194 -1.197611 -0.668699 -1.473308 -0.123624 1.950901 1.375501 -0.458916
-0.227150 1.614463 -1.415425 -1.671561 2.182034 1.409822 -1.737119 -0.330099 0.829592 1.426938 -0.610577 -1.095564 -1.173793 -0.828617 -1.234277 0.570494 -1.228949 -0.500679 1.705276 1.369035 -1.431303 -2.083030 0.459659 -0.831452 2.315742 0.970986
0.385175 -0.284791 -0.304410 -0.548606 0.547844 -0.972452 -0.992273 0.877899 0.778740 0.493051 -0.172431 -0.222034 -1.440154 1.526332 -1.332461 -0.090727 -0.679634 0.310705 -0.223060 -0.515851 -0.460206 -0.123738 -0.651354 0.117261 0.287495 -0.784578
-0.989821 1.591964 0.222443 0.522718 -1.746270 -1.276595 -0.952440 -0.146767 1.255881 -1.024908 -0.533752 -0.590993 0.344313 -0.311457 0.913599 0.819671 -0.445915 1.555588 -0.711957 -0.154830 1.041504 -0.971139 -0.089288 0.710588 -0.158222 1.845799
0.489883 -0.616053 -0.332391 -1.182269 0.326888 -1.350291 -0.632414 -1.137579 0.506966 0.188954 -1.156620 -1.070761 -0.531511 -0.536775 0.581243 -0.570551 -0.656601 -0.849793 -0.744350 -1.138172 0.255635 -0.458890 -0.046467 0.201158 0.697850 -1.005585
-0.506065 0.096682 -0.650938 0.560018 -1.359685 -0.574774 -0.741179 -0.108827 1.049843 -0.635888 -0.562249 0.545223 -2.556970 0.287488 0.131385 -0.334953 -2.333308 0.552977 0.896435 0.890481 1.189003 -2.410594 0.334699 1.063031 -1.366252 -0.003947
-0.048834 -1.779602 -0.235368 0.478036 -1.021266 -1.651446 -1.046205 -1.383397 0.381687 0.328701 -0.023977 -0.403574 1.144966 -1.320499 0.491570 2.609130 0.825495 1.411710 -0.138774 -0.977615 -1.262378 -0.761794 1.004013 -0.215833 -0.148972 -0.637168
0.181775 -0.855836 -1.187065 -2.869343 0.417232 0.269985 0.684263 -0.887040 -0.933835 -0.171342 -0.247152 -0.606650 -0.795894 -0.109934 0.826703 -0.245792 -0.009151 -1.502898 -1.328337 0.146861 -0.678221 -0.788661 0.132627 -0.070747 0.233855 -1.455702

Bias w0 (Saída):
-0.255930
-0.946725
-0.385356
-0.305935
0.452312
-0.437059
-0.927638
-0.291918
-0.858887
-0.640724
0.120815
-0.113323
-0.534243
-0.909438
-1.202518
0.152667
-1.247290
-0.982620
-0.452994
-0.548675
-0.265684
0.068345
-1.173917
-0.922958
-0.610087
-0.064386
