Pesos v (Entrada -> Oculta):
0.820625 0.408820 0.332394 0.475236 0.178231 0.784137 -0.378318 -0.324830 -0.874337 -0.844480 0.998238 0.751577 0.199592 -0.377254 -0.691191
0.352472 -0.234239 -0.249094 0.658010 0.795179 -0.375213 0.158461 -0.299397 -0.781322 0.882055 0.226829 0.191390 0.876687 0.071458 0.611116
-0.941576 0.776080 -0.883145 0.673164 0.210995 -0.285778 -0.712544 -0.052980 -0.933458 -0.191999 0.475192 -0.429931 -0.505203 -0.782159 0.684717
0.825170 -0.390325 0.757008 -0.855621 -0.156003 0.218609 0.998760 0.251896 -0.226950 0.322870 -0.835309 0.986002 -0.730933 -0.611526 -0.864235
0.669143 0.936036 0.217053 0.680870 -0.739814 -0.447411 -0.842331 -0.527767 -0.706635 0.554312 -0.657677 0.920376 0.853353 0.422729 -0.857846
-0.644711 -0.898823 0.707014 -0.349732 0.443179 -0.830724 -0.851778 0.984314 -0.799296 0.704478 0.891503 0.647577 -0.859099 0.628597 0.359511
-0.566787 0.594696 -0.444675 0.631577 0.898508 -0.643266 -0.888719 -0.661587 0.365618 0.852015 0.580003 0.715434 -0.037502 0.959623 0.309792
0.560242 0.250584 -0.924163 -0.119546 0.368326 0.329832 0.601211 0.760258 0.533910 -0.889470 0.093377 -0.711519 -0.519490 0.489419 0.940687
0.509328 0.234024 0.970839 0.575707 -0.789638 -0.770110 0.000164 0.586439 -0.319323 -0.859156 0.179294 0.149465 0.225357 0.506448 -0.326148
0.306657 -0.177928 -0.258146 -0.288922 0.890900 0.323224 -0.501717 -0.216156 0.836311 -0.665343 -0.348454 0.157147 0.681409 -0.955003 -0.633406
0.752820 0.203648 -0.044251 0.780156 0.165040 0.814130 0.997970 0.175762 -0.958695 -0.069773 0.317401 0.093755 0.027445 0.387068 0.428226
-0.531570 0.875350 -0.230807 -0.624228 0.244197 -0.667859 -0.377302 -0.332122 -0.492483 -0.323520 -0.524800 -0.883935 0.057679 -0.271902 0.005423
-0.613247 -0.721306 -0.409760 -0.893193 -0.908940 0.640104 0.667151 0.503505 -0.253344 0.800412 0.935709 0.948527 -0.376510 0.054831 0.213362
0.699367 0.297878 -0.960904 0.939387 -0.895342 -0.302621 -0.933863 0.514824 -0.775409 0.953954 -0.052417 -0.046912 -0.258197 0.475820 0.911617
-0.058613 0.384884 -0.024870 -0.674145 -0.447817 0.957223 -0.434487 -0.374807 -0.004301 0.067195 -0.536983 0.023457 0.302517 0.999720 -0.235252
-0.952056 0.102609 -0.331247 -0.385946 -0.479640 -0.753664 0.714114 0.009992 -0.554980 -0.950678 0.674271 -0.747165 0.805849 -0.836032 -0.108100
-0.613671 0.909385 -0.058672 0.325393 -0.187344 -0.945434 0.753548 0.343220 -0.330291 -0.131890 -0.658768 0.688544 0.361184 -0.051500 -0.516216
0.912220 0.359217 -0.797530 -0.606050 -0.086621 -0.087917 -0.930609 0.328416 0.873798 0.608351 0.580007 0.739067 -0.757776 0.953156 0.078836
-0.106727 -0.285284 -0.986671 0.258337 0.460077 -0.769119 0.220802 0.325613 -0.818700 -0.741904 0.114357 -0.448417 -0.565746 0.096065 -0.506934
0.980308 -0.535965 -0.975445 0.013066 0.073393 -0.692192 -0.883476 -0.202389 -0.817940 0.476164 0.781092 -0.770898 0.835565 0.709118 0.257542
-0.811180 0.726817 0.418966 0.900566 -0.389066 0.493540 -0.328430 0.448189 -0.822846 0.393868 0.907164 -0.110150 -0.011304 0.138670 -0.958496
-0.910086 -0.324386 -0.269063 0.808113 0.954895 0.412228 -0.009042 -0.276726 0.845268 -0.014053 0.380201 -0.585390 -0.518228 -0.593595 0.854956
0.905048 -0.597210 -0.003869 0.043922 -0.617224 -0.930644 0.329606 0.008127 -0.546400 0.109698 -0.846485 -0.420830 -0.572340 0.611347 -0.642614
-0.343253 0.661439 0.934385 0.698082 0.322311 -0.947252 -0.095935 0.440348 -0.436436 0.779037 0.901260 0.386708 -0.949276 0.838551 -0.347310
0.517063 0.119070 -0.535283 0.950810 0.569337 -0.837954 0.394504 0.780779 -0.042033 -0.393310 0.896585 0.355363 0.605470 -0.087013 -0.200638
0.989038 -0.181158 0.415410 -0.140170 -0.572555 0.011440 -0.027535 0.262319 0.435222 0.200802 -0.765843 0.650965 -0.730898 -0.657473 -0.202415
0.156481 0.485667 -0.456596 0.735472 -0.377128 0.811114 -0.082103 0.544894 0.675737 -0.700164 -0.859102 -0.724691 0.235911 -0.089611 0.939594
-0.084181 0.000838 0.393455 -0.702132 0.609502 -0.138531 0.940761 0.536318 -0.048395 -0.715106 -0.488866 -0.987746 -0.688724 0.208670 0.381405
0.373875 0.867055 -0.333886 0.449502 -0.911865 -0.793077 -0.690695 0.567116 -0.740766 -0.831212 -0.289364 0.787003 0.345048 -0.022902 0.150626
-0.462794 -0.164938 -0.013581 0.781582 0.376088 -0.795229 -0.508632 -0.579223 -0.959826 0.202316 0.471713 0.670317 0.846789 0.413856 -0.549987
0.673245 -0.559906 0.364764 0.219557 -0.642775 0.305214 -0.235687 0.156442 -0.526678 -0.683094 -0.939981 0.368637 -0.425078 0.063059 0.557164
-0.492175 -0.449611 -0.718774 -0.300135 0.417692 0.233233 0.605122 0.949446 0.138147 -0.159128 0.699200 0.483066 -0.666665 -0.977183 -0.010986
-0.160033 -0.920849 0.663088 0.606312 0.208097 0.714031 -0.998664 0.403885 -0.820948 -0.245261 0.209913 -0.278058 -0.832078 -0.658257 -0.952965
-0.895253 0.667791 0.164392 -0.271842 -0.972663 -0.489333 0.503577 -0.614734 0.047548 0.188963 -0.157067 -0.534779 -0.822494 -0.280635 0.469169
-0.060316 -0.436501 0.561252 -0.892382 -0.029897 0.517369 -0.707449 0.022109 -0.154865 0.451220 0.104974 0.831027 -0.943367 -0.044319 0.645615
0.510554 -0.514778 0.022527 0.455184 0.233676 0.392301 0.609001 -0.066101 -0.603582 -0.875123 -0.019759 -0.355875 0.359050 -0.115568 0.576571
-0.775513 -0.229050 -0.914659 -0.304522 0.237290 0.395763 -0.494883 0.579654 0.296167 0.043297 0.969830 -0.490771 -0.454550 0.330730 -0.626443
0.854923 0.132523 -0.991755 -0.309936 0.451452 -0.690595 -0.724893 0.048365 0.122782 -0.945618 0.243950 -0.899696 -0.316921 -0.094056 0.481560
-0.985143 -0.097593 0.354146 0.983378 -0.861231 -0.462373 -0.215973 0.478325 -0.154738 0.521084 0.478605 -0.965186 -0.189814 0.141211 -0.699426
0.064094 -0.718532 -0.908671 -0.173757 0.089091 0.387151 -0.186361 0.519979 0.931626 0.786570 -0.449429 -0.221776 -0.064048 0.070126 0.631145
-0.157182 -0.135440 -0.907730 0.334871 -0.951577 0.779047 -0.077762 -0.348217 -0.301842 -0.133428 0.724647 0.101239 -0.209016 -0.390151 0.674979
-0.600544 -0.262690 -0.457259 0.414040 -0.138888 -0.072020 0.596009 0.448127 0.350235 0.953859 0.330885 0.628620 0.126238 0.725518 -0.513078
-0.791037 -0.099039 0.311079 -0.266729 -0.451136 0.404759 -0.256810 0.547942 0.816078 0.197467 -0.781575 -0.927535 -0.061164 0.884742 -0.413928
-0.561819 -0.319443 -0.379486 -0.229424 0.380358 -0.014881 -0.087282 0.878008 0.774000 -0.735791 0.428794 0.709311 -0.895850 0.721137 -0.906283
0.909052 0.208731 0.183172 0.255324 -0.843233 -0.874104 -0.192367 -0.071180 0.392939 0.831058 0.749061 -0.286887 -0.122905 -0.231336 -0.117845
-0.679014 -0.268467 0.906062 0.322878 0.646013 -0.499337 0.459009 0.671777 0.514218 0.421715 0.556915 0.740996 -0.929296 -0.537804 0.082841
-0.684541 0.763056 0.754971 0.721202 -0.368041 -0.415967 0.994929 -0.386852 0.580466 0.357910 0.348315 0.967991 -0.699555 -0.604255 -0.314816
0.170520 0.689390 -0.167952 0.835813 0.716751 0.093376 -0.504458 0.109329 -0.359797 -0.272225 0.539197 -0.694659 0.886334 0.334478 -0.894268
-0.240716 -0.485661 0.934663 -0.999399 0.241921 -0.819694 -0.841691 0.101170 -0.590301 0.557109 -0.504634 0.540101 -0.722177 -0.422901 -0.935348
-0.149018 0.953358 0.195482 0.616224 -0.749960 0.684939 0.370780 -0.132001 0.084160 -0.071388 0.841562 0.998290 0.898403 -0.433601 0.324280
-0.826849 -0.349160 -0.529277 0.741055 -0.178898 -0.091188 -0.830279 -0.940675 0.932303 0.628740 -0.831267 -0.556868 0.349042 0.612247 -0.823689
0.797921 0.659608 0.040021 0.965792 -0.338992 0.398102 -0.811815 0.856908 -0.723099 -0.478127 -0.281982 -0.525234 -0.519263 0.359606 0.979025
0.914425 -0.609348 0.661253 -0.882910 -0.007250 -0.623688 0.750135 -0.506222 -0.691907 0.125460 -0.268402 -0.487080 -0.085690 -0.092025 0.109288
-0.517144 0.799603 0.919994 -0.264547 -0.510175 0.855342 0.870738 0.242660 0.436603 -0.111809 0.723262 0.366493 0.916641 -0.899278 0.943405
-0.668627 -0.057283 0.270417 -0.516404 0.715021 -0.614397 0.761520 0.109036 0.823541 0.689601 0.625932 0.810355 0.065610 0.345782 0.677236
0.803972 0.756075 -0.849329 -0.782457 0.183679 -0.109139 -0.810737 0.353315 0.492577 0.382474 0.562098 -0.972200 0.099772 0.248243 -0.540946
-0.643088 -0.935462 0.319959 0.480037 -0.059536 -0.257117 0.224091 0.241447 0.965059 0.795330 -0.702094 -0.424106 0.045180 -0.100835 0.558000
0.944927 0.395067 0.736912 -0.562169 -0.192361 -0.395225 -0.087491 -0.800776 0.331974 -0.730647 0.536672 -0.040086 -0.563551 -0.063918 -0.017761
0.860253 0.803361 -0.101936 0.878053 0.684272 0.186417 0.667511 -0.753509 -0.264052 -0.817817 0.239388 -0.589649 0.110384 0.790449 0.739200
0.531686 0.648955 -0.048763 0.603311 -0.796579 -0.148656 -0.552041 -0.432516 -0.762658 -0.149446 0.731374 0.859185 -0.588533 0.436374 0.110088
-0.652100 0.728477 -0.494397 0.866376 -0.451175 -0.294754 0.025099 -0.610914 0.774596 -0.794363 0.341997 -0.119210 0.123986 0.895041 0.495519
0.924959 -0.543135 -0.634277 -0.195746 0.137823 -0.435142 0.968420 -0.989021 -0.003336 0.518908 0.981303 -0.566996 -0.820208 0.052085 -0.183416
0.389623 0.756809 0.413448 0.809412 0.418023 -0.681466 -0.930894 0.264763 0.076365 0.348183 0.178240 -0.196962 -0.554685 0.617993 0.113025
0.777364 -0.063147 -0.023842 -0.313377 -0.001480 -0.488143 -0.453370 0.307820 0.708297 0.990601 0.851354 -0.094417 0.367902 0.484899 -0.610639
0.008860 -0.467388 0.379638 -0.418645 0.157815 -0.566989 0.349390 0.368225 0.460912 0.317944 -0.763877 0.194383 0.584010 -0.348096 0.484875
0.969949 0.569434 -0.745290 0.723070 0.772803 -0.880156 -0.575436 -0.565697 -0.539874 0.989728 -0.834529 -0.500187 0.111782 0.923333 0.289395
0.456486 0.301944 -0.919099 -0.802720 0.971629 0.089685 0.122609 0.713549 -0.246405 -0.921291 -0.350518 -0.644063 0.924126 -0.629684 -0.063150
0.955733 0.362648 0.665504 -0.887883 0.847537 0.616426 -0.152344 -0.620369 -0.843349 0.352920 0.155317 0.224509 0.674400 -0.610600 0.804361
0.384674 0.354388 0.881107 0.799622 0.922800 0.531758 -0.399081 0.844167 -0.698439 0.253593 -0.859840 -0.838711 0.981271 0.771961 0.136054
-0.107692 -0.614871 -0.371783 -0.272093 -0.768378 -0.987861 -0.500632 0.321242 0.223342 0.689661 0.534860 -0.458903 0.292880 0.070325 -0.002120
0.106700 0.949395 0.817166 0.186883 -0.716276 0.672737 0.796513 -0.451094 -0.960608 0.276244 -0.892736 0.034287 -0.571172 0.162261 0.560045
0.502126 0.869499 0.783841 0.874685 0.205631 -0.951649 -0.079997 0.793478 -0.607622 -0.374557 0.577980 -0.931707 0.569767 0.024050 -0.639244
0.480536 0.834317 -0.635310 -0.422515 0.924684 0.118613 -0.758036 -0.135435 0.875259 0.190745 0.880622 -0.019173 0.702700 -0.466328 0.023384
0.224487 0.315287 0.852788 0.614708 -0.136862 0.883611 0.887286 -0.009879 0.024661 -0.916546 0.082730 0.110408 -0.470083 0.984270 0.031828
-0.704422 -0.979050 -0.173478 -0.456235 -0.581539 0.213723 -0.098156 0.985319 0.668246 0.641356 -0.855695 0.866838 0.644992 -0.659613 0.342539
0.280641 0.911501 0.530196 0.768089 -0.458607 -0.759319 -0.136394 0.464387 -0.832019 -0.730160 -0.910522 0.991062 0.233294 0.015399 -0.798572
-0.308394 -0.075026 0.321722 0.492981 0.704131 0.459003 -0.387222 -0.275942 0.964478 0.129710 0.373852 -0.709222 -0.105022 0.352001 -0.340345
0.880574 -0.751033 -0.734498 0.079710 -0.381124 -0.644830 -0.786632 -0.321580 0.690257 0.206222 -0.721162 -0.938372 -0.496483 -0.540566 -0.255723
-0.577757 -0.223774 0.238961 -0.217831 -0.776711 -0.338857 0.431845 0.983570 0.481212 0.413469 0.846891 0.462367 0.767409 -0.317505 0.904024
0.896700 0.741240 0.232139 0.851279 -0.948327 -0.912016 -0.570983 0.413914 0.632324 -0.382885 -0.696564 -0.805564 0.720220 0.034916 0.755140
-0.382020 -0.576321 -0.283749 0.355233 -0.290986 0.233918 -0.420066 -0.167784 -0.247540 -0.247736 0.180433 0.596594 0.564340 0.384439 0.310889
-0.533514 0.830368 0.566007 -0.037171 -0.339301 -0.930733 0.961500 0.309695 -0.859564 -0.640576 0.571627 0.958445 -0.558066 0.327013 0.974798
-0.656062 0.736193 -0.958275 -0.592148 -0.059646 -0.678652 0.220318 0.806396 0.862975 -0.534673 -0.528366 -0.370863 0.086108 0.345830 0.559234
-0.409604 0.138159 0.531401 -0.817673 -0.792334 0.036972 -0.597099 0.171126 -0.728700 -0.374552 -0.301190 -0.453425 0.464933 -0.033930 -0.371771
-0.908561 0.359420 0.581472 -0.074741 0.285420 0.746057 -0.204823 0.989026 0.921314 -0.283240 -0.708877 -0.076134 -0.535202 0.917557 -0.748562
-0.059795 -0.544493 0.699034 0.436552 -0.335747 -0.815953 0.787779 0.045612 -0.535357 0.387935 0.460530 -0.181716 -0.499597 -0.370768 0.434495
-0.658196 0.793554 -0.723058 -0.416595 0.173757 -0.525948 -0.192871 0.382153 0.515572 0.216106 -0.341330 0.880500 -0.180674 -0.978417 0.521764
0.469777 -0.160707 -0.765871 0.699227 0.970061 -0.384674 0.347276 0.897380 0.716276 -0.388766 -0.632693 0.583201 0.552665 0.565693 0.854970
-0.055080 0.777906 0.346842 -0.105537 -0.624532 -0.149533 0.436440 -0.665646 0.855618 0.257173 0.442692 -0.013716 -0.035496 -0.950272 0.773554
-0.552736 -0.862349 -0.248155 -0.207683 -0.757885 0.163147 0.102117 0.851400 0.782945 -0.028355 0.501825 -0.368302 -0.584446 -0.090534 0.941920
0.299872 0.250878 0.315248 0.144321 -0.327442 -0.946253 0.936897 0.071479 0.511740 -0.011312 0.136908 -0.219470 -0.594022 0.536436 -0.054274
-0.297964 -0.516395 0.772868 0.699438 0.907451 0.377830 0.053507 0.791141 -0.218038 -0.640456 -0.261717 -0.985783 0.188628 -0.742726 -0.561876
0.122240 0.763284 -0.376735 0.178987 0.676086 0.901052 -0.878142 0.156444 0.989838 0.110621 0.014718 -0.912444 0.495207 -0.707109 -0.653068
0.395906 -0.133051 -0.814302 0.312872 0.787738 0.906716 0.045644 0.984476 -0.743412 -0.391912 0.333892 0.849157 -0.339706 0.995830 -0.713424
0.098317 -0.073042 0.049142 -0.831303 -0.859878 -0.966802 -0.652389 -0.711080 0.356696 -0.972599 -0.285002 -0.818197 -0.570157 0.223398 0.893179
-0.671536 -0.929637 -0.372348 0.205217 -0.391792 -0.757438 0.509316 -0.122502 0.324690 -0.835862 0.440099 -0.595070 -0.143160 -0.767417 0.396236
0.623412 0.410029 -0.035196 0.793562 0.338351 -0.890034 0.500435 -0.155667 -0.265246 0.462037 0.680434 0.107884 0.757583 -0.543958 -0.174212
-0.190723 -0.590571 0.925785 0.819089 0.115310 -0.883543 -0.002150 0.733332 -0.557280 0.420540 0.721817 -0.240885 0.668793 -0.105316 0.512227
-0.514537 -0.435691 0.613674 -0.795481 0.212634 -0.714059 0.560543 -0.989711 0.266883 0.723033 0.937442 0.083127 -0.740579 -0.846972 0.451904
0.966974 0.037895 -0.655935 0.571481 -0.634223 -0.943541 0.971985 -0.244312 -0.732715 -0.228977 0.656878 0.117582 0.981086 0.188338 0.083838
0.520251 -0.137836 0.076115 -0.536778 -0.674376 -0.706993 0.239297 0.272679 0.365277 -0.077308 0.530985 -0.541110 -0.970263 -0.753779 -0.168927
-0.514870 -0.017535 -0.950094 0.237534 -0.204020 -0.049899 -0.146656 0.911706 -0.745034 -0.063165 0.004646 0.105311 -0.360085 0.877604 -0.517963
0.114475 0.623407 -0.092960 -0.382222 -0.645378 -0.241437 0.183772 0.032343 0.802356 0.180906 -0.012970 0.049673 -0.797808 -0.466035 -0.227300
-0.569667 0.822917 -0.985128 -0.711866 -0.125363 -0.333012 -0.774418 -0.486385 0.927211 0.531576 0.126145 -0.805380 0.213425 -0.474930 0.396932
-0.659494 -0.374751 -0.881831 0.179241 0.499579 0.481690 0.693179 -0.752971 -0.953599 -0.095728 0.531608 0.392991 0.115028 -0.726981 -0.262553
0.848676 0.691394 -0.983670 -0.624788 0.067482 -0.290100 0.874845 0.175453 0.088501 0.630497 -0.466851 0.514612 0.568945 0.094879 -0.898837
-0.855471 -0.286543 -0.686500 -0.100072 0.498685 0.042849 -0.726140 -0.671981 0.458627 -0.096535 0.650847 0.575618 -0.832854 -0.654021 0.824720
0.572363 0.062524 -0.913508 -0.464303 -0.077757 -0.817359 0.465287 0.003313 -0.360702 -0.686265 -0.442916 -0.060342 -0.591921 0.877254 0.929485
0.825331 0.361941 -0.628098 -0.703789 0.443820 -0.492807 -0.331936 -0.170868 -0.941327 0.066988 -0.535807 0.674144 0.114338 0.384865 -0.895179
0.522306 0.777685 -0.659970 -0.817334 0.875471 0.731601 0.015519 0.450147 -0.874171 0.896648 -0.694105 -0.531163 0.147771 0.472321 -0.404595
-0.112401 0.125124 0.499552 0.191673 -0.027277 -0.946894 -0.080407 -0.320395 0.160631 -0.635125 -0.331298 0.938183 -0.007967 -0.659071 0.526575
-0.012938 0.703577 -0.192797 -0.556171 0.192336 -0.524426 0.581124 -0.984782 -0.990207 0.072465 0.819157 -0.943832 -0.832648 -0.717915 -0.020896
0.368693 -0.608975 0.239120 -0.967642 0.059764 -0.657854 0.214031 0.392092 0.461658 0.479733 0.245684 0.322834 -0.886313 0.630291 0.410402
-0.128729 0.290349 -0.496131 0.291448 -0.912697 0.662662 -0.139834 0.268830 0.521555 0.285255 -0.536923 -0.993591 -0.186831 -0.640208 -0.398231
0.918062 -0.958412 -0.740464 -0.614979 0.178080 0.834038 -0.364257 -0.991507 0.533193 0.313051 -0.413385 -0.695724 0.594722 -0.599478 -0.126765
-0.760443 -0.006108 0.996315 -0.067016 0.632981 0.262563 0.197915 -0.234116 -0.447783 0.329642 -0.423285 -0.273994 0.599277 0.882890 -0.545827
-0.695967 -0.673498 0.163129 -0.276876 -0.525935 -0.811412 -0.820417 0.402141 -0.623517 0.860964 0.578835 0.534003 -0.249030 -0.528800 0.957096
0.235255 0.248978 0.554936 0.723977 -0.386907 0.260758 0.628635 -0.663685 0.839680 -0.201316 -0.657250 -0.476607 0.439288 -0.734100 -0.318370
-0.458158 -0.581234 -0.753518 0.697720 0.052597 -0.749049 0.137579 -0.331112 -0.149190 -0.938578 0.436254 0.680085 -0.767869 0.648641 0.207951
-0.037723 0.128028 0.349389 -0.918477 -0.163729 0.241441 0.498308 -0.695549 -0.720764 0.204369 0.145119 -0.599443 0.702645 -0.942332 -0.511515

Bias v0 (Oculta):
0.403428
-0.936939
-0.689447
-0.645438
-0.416405
-0.870560
0.369325
-0.793680
-0.366440
0.343956
0.788286
-0.906605
-0.362612
0.084450
-0.050733

Pesos w (Oculta -> Sa獮a):
-0.165153 -0.860029
-0.103964 0.294526
0.545437 -0.545788
0.635009 0.588611
-0.456829 -0.938857
-0.625247 0.169603
0.105121 -0.567673
0.310692 -0.486007
0.590831 -0.465607
-0.451532 -0.421953
0.892214 0.165640
0.136314 0.158461
0.503669 -0.185153
0.425879 -0.213762
0.991560 0.866059

Bias w0 (Sa獮a):
0.701541
-0.263571
