Pesos v (Entrada -> Oculta):
-1.019072 0.703032 -0.041137 -0.648166 -0.877226 0.720992 0.365474 0.025430 -0.123676 0.342911 0.700218 -0.499399 0.267908 0.734707 0.019023 0.708407 -0.672320 0.038591 0.192716 -0.071272 0.213462 -0.981934 -0.617896 -0.936913 -0.882157 -0.435544 -0.678340 0.260553 0.289010 -0.708281 0.605403 0.692427 0.353611 -0.407617 -0.512550 0.776674 0.425963 0.482450 -0.935038 -0.417449 -0.545404 0.882985 0.898768 -1.132061 -0.240873 -0.522315 0.860623 -0.573119 0.728590 0.634732
0.418425 -0.465858 0.170035 0.253258 -0.824822 -0.259858 -0.028921 -0.073501 -0.710274 -0.110571 -0.123504 -0.775646 0.845883 0.168799 0.676237 0.985019 0.331820 0.290467 -0.625844 0.678340 -0.053933 -0.089671 -0.481885 -0.551658 -0.650293 -0.785708 -0.391348 -0.534390 -0.443848 -0.379306 0.926612 0.321498 0.095940 -0.317580 0.187568 -0.468883 0.488439 0.447922 0.574109 -0.763045 -0.622793 0.256220 -0.808191 0.271971 0.723968 -0.028766 -0.540145 -0.477833 -0.282232 0.608336
0.299469 0.621898 -0.304443 -0.211906 0.871468 0.114831 -0.291707 0.784185 -0.263896 0.085484 -0.092509 0.195644 -0.875419 -0.812122 0.079229 0.852320 0.461749 0.475913 0.849394 0.985066 -0.615908 0.457543 -0.853170 -0.827505 -0.977219 1.035684 0.159272 -0.146621 -0.743769 0.341786 -0.229186 0.197850 -0.510388 -0.754112 -0.571524 -0.591474 0.597930 0.846954 -0.566151 -0.860928 -0.394821 -0.375336 0.840640 0.494554 -0.524633 -0.607104 -0.448205 -0.463112 0.894641 0.072227
0.151219 -0.422507 0.171173 -0.090809 0.663103 0.139102 -0.625987 0.427817 0.049605 -0.287383 -0.019602 1.015745 0.435949 -0.227587 -0.402502 0.040209 -0.667193 -0.058360 -0.830116 -0.826281 0.656633 1.062085 -0.657581 0.152998 -0.906338 0.661083 -0.867924 -0.142050 0.489879 -0.782542 0.200919 1.033187 0.796254 -0.327179 0.497581 0.392038 0.365227 0.394781 -0.718963 0.480076 0.371608 -0.928593 -0.300257 0.608051 -1.087957 0.398802 0.581203 -0.742224 0.448338 0.695434
-0.915923 -0.646697 0.621760 1.306777 0.867703 0.852626 -0.105872 -0.775200 0.467335 -0.517970 0.579510 1.068752 -0.495041 -0.842945 -1.003280 0.378636 0.591255 0.371766 0.632767 -0.717176 0.392950 1.048680 -0.441680 0.446865 -0.394470 0.772764 -0.962830 0.603329 -1.001795 -0.535210 0.143433 0.709297 -0.367242 0.227101 0.521312 -0.126211 -0.544293 0.768961 0.234498 -0.061422 0.858224 0.126157 0.849327 0.617859 -1.003466 1.024732 0.828828 0.533759 0.395632 0.326418
-0.805436 -0.570637 -0.648855 1.120550 -0.049296 0.198413 0.556210 0.310144 -0.837888 -0.552865 0.095442 1.270744 0.421916 0.071913 -0.524013 0.530624 -1.050028 -0.308533 -0.137011 0.479754 1.141306 -0.231158 -0.062121 -0.172097 0.285333 0.007907 -0.633515 -0.358320 0.232360 1.099047 -0.518097 -0.057377 0.009958 -1.408298 0.390324 0.498651 -0.295166 0.369014 0.633864 -0.789166 0.149300 -0.688040 0.675769 -0.131809 -0.319528 -0.686151 -0.157420 0.786723 0.592291 -0.011817
-0.057547 -0.736638 -0.161456 -0.309071 0.826088 -0.940115 0.109669 -0.833185 -0.212525 -0.026081 0.275491 0.267712 -0.224384 -0.679229 -0.446638 0.366321 -0.410999 -0.616024 0.828837 0.980631 0.170381 0.972598 -0.317963 0.196316 0.184846 -0.566085 0.793802 -0.606789 0.820965 0.916125 0.826562 0.938946 -0.289977 -1.340661 0.828049 -0.315907 -0.139603 0.495182 -0.361128 0.577470 -0.489820 -0.873162 0.361316 -0.301551 0.267915 -0.026077 0.090715 -0.632734 0.199046 -0.342754
0.102535 -0.465831 0.181268 -0.504884 -0.680733 -0.289391 -0.194711 0.234721 -0.779140 -0.174883 0.585858 0.677800 0.643810 -0.633871 0.772744 -0.167708 -0.319799 -0.567908 -0.300828 0.547514 0.938695 -0.897882 0.133256 -0.485314 -0.320682 0.269870 0.982322 -0.770192 0.462371 1.162336 -0.494577 -0.023887 -0.596862 -1.033419 -0.631486 -0.832805 -0.476886 0.912918 0.519173 -0.848106 0.995243 -0.769126 0.271201 0.511052 0.632726 1.025321 0.428701 -0.667123 -0.598254 -0.161909
0.286565 0.818346 0.976901 0.006166 -0.619921 0.985610 -0.536770 0.653680 -0.877806 -0.113638 0.413597 -0.585095 -0.318341 0.014802 0.437548 0.337102 0.374965 0.175891 -0.411037 0.158496 0.595990 -0.010553 0.457478 0.409344 -0.274609 -0.780956 0.743223 -0.217962 -0.028851 0.439092 -0.209511 0.139284 0.060819 -1.133772 1.053310 -0.106260 0.185662 -0.953130 -0.691471 0.088897 -0.211540 0.392134 -0.321508 -0.246541 -0.156109 0.772371 -0.605493 0.942446 -0.231036 -0.825081
0.133449 -0.423713 -0.401538 -0.232978 -0.373339 -0.066355 -0.348477 0.048678 0.070333 -0.009478 -0.479077 -0.647380 -1.067184 -0.905516 0.351847 0.923632 0.444551 -0.442689 0.213049 0.234535 -0.028887 -0.909154 0.683235 0.522007 0.339871 0.686514 -0.421876 -0.799035 0.972293 0.762654 0.852461 -1.215044 -0.948357 0.500829 0.501907 -0.838205 0.566731 0.158527 0.470528 -0.867670 -0.768593 -0.097174 0.476874 -0.791619 -0.485480 -0.377337 -1.057925 0.676607 -0.460459 -0.594926
0.107622 0.117844 0.974570 0.327153 0.170644 0.233677 0.791571 0.776484 0.910013 -0.804260 -0.009528 -1.012949 0.188541 -0.125620 0.371431 -0.075769 -0.029325 0.534460 -0.735374 0.610843 -0.381343 -0.656376 -0.546250 0.798653 -1.004644 -0.597426 0.368559 -0.609654 0.314029 -0.801821 -0.943436 -0.276296 -0.391103 0.540449 0.218565 -0.377277 0.003972 -0.063585 0.496441 -0.647169 -0.402876 -0.093932 0.979005 0.475264 0.098262 -0.379207 -0.798638 -0.930621 -0.466462 0.586436
0.551238 0.243140 0.747450 0.413491 0.145716 0.022236 -0.429841 -0.325944 -0.883181 -0.366794 -0.284214 -0.997766 -0.618921 0.737934 -0.084026 1.069759 -0.486973 0.340046 0.153304 -0.361172 -0.977185 0.026160 -0.524271 -0.792593 -0.714108 -0.351439 -0.249203 0.955742 -0.178025 -0.336102 -0.815779 -0.566460 0.419808 1.066550 0.002282 0.378600 1.029673 0.004287 0.659169 0.443202 0.436713 -0.632202 0.313757 -0.573067 0.591979 0.432586 -0.195228 -0.039272 0.132431 0.968138
0.836251 -0.477839 -0.469190 -1.113334 0.556640 0.577281 -0.605136 0.603545 -0.044568 0.880986 0.173980 -0.167607 -0.310456 0.045297 -0.596545 -0.699568 0.709725 0.247615 -0.094800 0.849862 -0.087462 0.599509 -0.546222 -0.725257 -0.192146 -0.643259 0.308960 -0.077418 -0.714321 -0.888859 0.217038 -0.650776 0.773463 -0.006364 0.701245 -0.298005 0.822070 0.519273 -0.295514 -0.181810 0.944254 -0.866689 -0.044308 -0.556167 0.582844 0.043352 -0.045226 0.858420 -0.381114 0.216523
-0.102718 0.471930 0.593465 0.835585 0.055283 -0.750304 0.842033 0.457293 0.410868 -0.104011 -0.770081 -0.713753 -0.713189 0.067795 0.693410 0.484638 0.170329 -0.241737 0.453901 0.729505 0.031500 0.298134 0.079565 -0.844446 -0.732089 0.262175 0.886263 -0.492050 0.258147 0.030674 0.411372 -1.030354 0.658898 -0.016562 -0.490548 -0.831309 1.028789 -0.264576 -0.245947 -0.075498 -0.520005 -0.609699 -0.592707 0.611468 0.615120 1.013787 0.689290 0.863443 0.831493 -0.492101
-0.860869 0.807312 -0.463889 0.675082 0.515995 -0.490934 -0.406709 0.848378 -0.683419 0.610508 0.269281 -0.122866 0.888834 0.497028 0.130510 -0.146896 -0.906291 -0.205568 -0.154998 -0.272936 -0.900955 0.195316 -0.827158 -0.260560 0.455677 -0.285178 0.673704 0.208899 -1.046746 0.279034 -0.876218 0.802804 0.478197 -0.039261 0.623459 -0.583053 0.031396 0.874226 -0.160491 0.649497 0.007676 0.413131 0.227081 0.386091 0.703295 -0.881939 0.946989 -0.199066 0.693658 0.532460
1.016999 0.473008 0.850301 0.474366 -0.206739 0.558216 -0.257687 0.373200 0.575365 -0.088327 -0.778725 0.655807 -0.471385 0.606021 -0.375977 -0.385586 -0.549663 -0.185244 0.977513 0.552344 -0.608071 -0.440670 -0.239125 0.861457 0.724945 -0.324728 0.001896 -0.062487 0.561346 0.144467 -0.494145 -0.808535 0.395637 0.291056 -0.649592 -0.501548 0.936226 -0.637839 -0.520740 -0.220723 0.132778 0.894420 -0.596803 -0.881538 0.259762 0.312174 -0.300584 0.697103 -0.412823 -0.588651
0.841214 -0.450999 0.521391 -0.458605 -0.465523 0.297331 0.617909 -0.458308 -0.312057 1.063567 -0.986626 -0.080348 -0.643702 0.117924 -0.893973 0.078158 -0.661323 0.793947 -0.051558 -0.518499 0.203846 -0.573371 0.278807 0.197211 0.171866 -0.943555 0.967331 0.140837 0.167549 -0.146509 -0.283215 0.486993 -0.608888 -0.344145 0.085282 0.967340 0.072085 -0.735104 -0.259798 0.720427 -0.180799 0.760278 -0.957629 0.156134 0.612214 0.386630 0.210960 0.185399 0.287993 -0.120063
-0.162833 -0.300147 -0.219275 1.060165 0.913675 0.136426 0.228100 -0.103915 -0.779703 -0.358921 0.038382 0.358937 0.758711 1.095915 -0.580587 -0.290381 -0.701661 -0.687602 -0.151352 0.742362 -0.233248 1.226072 -0.110113 -0.010028 0.694180 -0.329283 -0.453267 0.616876 0.439966 0.557664 0.756386 0.889862 -0.821410 -1.076975 0.511268 0.674939 0.015621 0.829733 -0.202261 -0.571511 -0.807494 0.331129 -0.643967 -0.201170 1.179610 -0.146682 0.901747 0.132538 0.790729 -0.748290
1.139847 -0.159028 0.763509 0.855309 1.061290 -0.061623 0.599181 -0.520876 -0.718634 -0.633524 -0.320369 -0.056843 0.876073 0.600062 -1.065173 0.509036 0.222187 -0.958077 -0.075006 -0.879519 1.018761 1.018655 0.004137 0.779735 0.817270 0.414501 -0.608961 -0.174124 0.052578 -0.540479 0.188634 -0.487969 -0.558491 -0.350543 -0.457876 -0.576312 0.135807 0.551041 0.703138 -0.366876 -0.221830 -0.061476 0.514998 0.311460 0.018699 -0.481604 -0.287649 0.850669 -0.009536 0.205344
-0.209446 0.696079 0.669712 -0.970010 0.952721 0.227805 -0.082826 -0.782117 -0.076924 -0.688157 0.103869 -0.550906 -0.235001 -0.546027 0.906705 0.787160 -0.188140 -0.300219 0.923430 -0.666135 0.964101 1.038492 0.610193 0.393618 0.342022 -0.301633 -0.452742 -0.013598 -0.829621 0.157548 -0.588050 -0.080011 -1.014178 -0.283077 -0.233204 -0.127813 -0.327430 -0.618083 -0.248154 -0.285902 0.174845 -0.332730 0.103449 0.923256 -0.334708 0.825174 0.405698 0.318925 0.559711 -0.981813
0.040059 -0.816791 -0.672046 0.054105 -0.022857 -0.710327 -0.840135 -0.379950 -0.360461 -0.300824 0.194792 0.206705 -1.255106 -0.124710 0.667845 -0.876050 -0.721026 0.202041 0.079452 0.177115 -0.450335 -0.700242 0.237430 0.300814 0.212623 -0.286298 0.019142 0.756755 0.122398 -1.192196 0.649690 -0.014739 -0.842157 0.730173 -0.814228 -0.443412 0.753440 0.548389 -0.942273 -1.037127 -0.750889 0.855476 0.634481 -1.023594 -0.047590 -0.410114 -0.347172 0.131042 0.874521 -0.216412
0.216180 -0.773644 0.093824 -1.239768 -0.596347 -0.782497 0.063825 0.840706 -0.792547 -0.287559 0.507298 0.589460 -1.149363 -0.913028 0.283837 0.644871 -0.876093 0.426727 -0.431001 0.402196 -0.803996 0.181282 -0.727339 -0.977696 0.777457 -0.260185 0.375608 0.665446 0.137743 -0.447921 0.175841 -0.040132 -0.030397 0.167693 0.967304 -0.194619 0.059504 -0.655900 -0.712459 0.703111 0.564442 1.253136 -0.842919 -0.873793 -0.060971 0.597137 -0.929486 -0.536752 0.661676 -0.068606
0.264814 0.052107 -0.557643 -0.915662 0.376839 0.578182 0.881428 1.071697 0.278724 0.568341 -0.340801 -0.466521 0.754731 0.217908 -0.565834 0.110232 0.968142 0.419474 -0.182134 -0.042962 0.000967 -0.801344 -0.929545 -0.919953 -0.814507 -0.782736 -0.480881 0.431951 0.067405 0.284590 0.364915 -0.522324 -0.891926 0.753751 -0.577206 -0.002024 0.490074 0.055639 -0.045516 0.922302 -0.763190 1.229433 0.917033 -0.394219 0.280198 0.134494 -0.668540 -0.115107 -0.550689 -0.853783
-0.031312 0.003347 -0.196747 -0.914405 0.514038 -0.413249 -0.111635 1.014967 -0.326696 -0.332326 -0.027775 -1.147042 -0.470625 -0.936863 0.145411 0.568753 -0.284262 -0.920069 0.794537 -0.916614 0.164199 -0.303653 -0.891961 0.476206 0.407770 0.827927 -0.159186 0.839032 -0.500531 -0.551447 -0.571023 -0.951576 -0.910289 0.303819 0.997429 -0.382000 0.901083 -0.734553 0.912769 -0.371740 0.789147 0.267479 0.729094 0.307492 0.476588 0.470081 -0.414773 -0.100731 -0.632709 0.198851
0.097861 -0.258058 -0.016475 -0.456562 0.901902 0.616627 -0.264791 -0.065228 0.722560 -0.880585 0.742256 -0.595805 0.471835 -0.830414 -0.212434 -0.654748 0.932260 -0.929188 -0.149525 -0.437265 -0.279580 0.156979 -0.740250 -1.075831 -0.699186 0.315161 -0.221609 0.060023 0.470989 0.762393 -0.544373 -0.897594 -0.489518 0.824566 -0.464346 0.729355 -0.448968 0.747318 -0.623325 -0.456646 0.135241 -0.534605 -0.584387 0.655899 -0.879082 -0.683286 0.868351 -0.047217 -0.362905 0.257238
-0.577859 -0.249564 0.285132 0.509412 0.215271 0.988668 -0.637136 -0.046819 0.946621 -0.853452 0.259009 -0.014793 -0.358693 -0.110303 -0.718657 0.137311 0.922093 -0.774245 0.825644 -0.264528 -0.185542 0.214448 -0.403768 0.392077 0.540553 0.328313 -0.320451 0.939967 -0.385540 -0.101315 -0.211657 -0.231222 0.181141 0.242960 0.577770 -0.028266 -0.131037 -0.166887 -0.146376 0.342349 0.312793 1.044017 -0.820306 0.028637 -0.148051 -0.538805 0.427052 -0.218251 -0.578790 0.531086
-0.872631 0.706279 -0.310929 -0.955383 0.473141 0.347563 -0.368529 -0.683842 -0.311798 0.339717 -0.865791 -0.441014 -0.035422 0.442877 0.347537 -0.409577 0.555691 0.219540 -0.196523 0.565579 -0.598099 -0.755728 0.488406 -0.530885 -0.593797 -0.418331 0.263250 -0.528210 -0.863992 0.218276 -0.457505 -0.586721 -0.116081 0.478482 0.693299 -0.625237 0.785365 0.219662 0.665424 0.891591 0.350275 -0.659409 0.396400 0.915459 0.055393 -0.400036 -0.533863 0.030258 -0.791349 0.464012
-0.381008 0.031541 0.293129 0.619728 0.607708 -0.695245 0.847995 -0.120355 -0.812573 0.404576 0.146262 -0.839283 0.191788 0.808526 0.650637 -0.349197 0.452131 -0.521607 0.616054 0.005214 0.430648 0.358809 0.014202 -0.248568 -0.914587 -0.209231 0.372699 -0.054548 0.469571 -0.583030 -0.474033 -0.314050 0.276998 0.084008 0.409029 -0.103987 -0.819251 -0.770708 0.632209 -0.503941 0.826013 -0.557677 -0.402177 0.585294 -0.667584 0.770828 0.298021 -0.942673 -0.957963 -0.321386
0.119447 0.590838 -0.060752 0.508315 -0.188113 0.749346 -0.873230 -0.748042 -0.775062 0.938390 -0.288925 -0.483743 -0.232445 0.734423 0.203142 -0.001433 0.153637 0.327035 -0.573401 -0.890581 0.204143 -0.422835 -0.393886 0.001070 0.688127 -0.875136 -0.111618 0.314257 0.999856 0.484163 0.109865 -0.115570 -0.011794 -0.004079 -0.904938 -0.631172 -0.720827 0.312872 -0.827903 -0.075515 0.276946 -1.069457 0.850882 0.325978 0.952071 -0.698139 0.208938 0.728473 -0.161394 0.588777
-0.875349 -0.233829 0.661712 -0.374637 0.611559 -0.225115 -0.745489 0.531923 -0.937452 -0.432044 0.046606 0.900085 -0.012498 0.911580 -0.550417 -0.395436 -0.501668 0.263906 0.730526 0.767801 0.800563 -0.472654 0.147719 1.255476 -0.796969 0.025627 0.674175 0.815509 -0.222763 -0.282109 -1.022007 -0.591577 -1.078665 -0.097244 -0.121538 0.850612 1.027579 -0.163614 0.432119 0.577088 -0.979159 0.457694 0.257123 0.379066 0.156292 0.538730 1.123782 0.843671 -0.010032 -1.043912
-0.742446 0.499267 0.049578 -0.479571 -0.406501 -0.756158 0.304586 -0.299367 -0.660839 0.659029 -0.402123 0.514868 -0.586106 0.271373 -0.599333 -0.111890 0.934751 0.920523 0.057074 -1.033842 -0.509471 0.652620 -0.268116 1.019193 -0.169958 -0.318333 0.656924 0.683665 0.669620 0.095357 -0.533972 0.658572 0.009468 -0.838456 -0.641726 -0.433044 0.113935 0.117895 0.427026 -0.389288 -0.677449 0.847878 -0.198155 -0.557458 0.394723 0.404613 -0.020243 0.375411 0.837976 0.236181
1.060585 -0.944501 0.820510 -0.620212 -0.027760 -0.320763 -0.084092 -0.978498 0.548062 -0.413501 -1.310041 0.797029 -0.215985 -0.457362 0.513138 0.281721 0.616755 -1.023153 -0.386612 0.897053 0.685833 1.265218 -0.175101 -0.275385 -0.944150 0.134629 -0.853485 0.305482 0.582795 0.182342 -0.315896 -0.158709 0.023145 -0.485116 -1.030090 -0.161584 -0.589813 0.827650 0.739639 -0.768930 0.588850 -0.247287 -0.627059 -0.224001 -0.222340 0.332498 -0.105441 -0.972069 -0.148305 -0.478643
-0.877096 -0.846622 -0.664006 -1.057912 0.908613 -0.183485 0.288954 -0.662856 0.157990 0.449316 0.248116 0.375993 0.349386 -0.756038 0.668738 0.847621 -0.403828 -0.281837 -0.005661 0.055637 -1.038891 0.396396 -0.477704 -0.086208 0.439447 -0.004795 0.475357 -0.300899 0.419690 0.473344 0.435816 -0.741303 0.103345 0.153888 -0.229803 -0.871570 0.530128 0.132028 0.277891 0.632002 -0.939077 -0.265629 1.008615 -0.816286 0.354099 0.418010 0.750442 0.794637 -0.144597 -0.188329
-0.327361 0.048315 0.365174 0.307434 -0.803989 -1.077583 -0.364646 -0.878604 0.596729 0.926487 0.275841 0.127393 0.246401 -0.043411 -0.613853 -0.529994 0.367038 -1.015568 0.075295 -0.047133 -0.577265 0.688465 -0.535132 -0.735219 0.009986 0.660904 -0.850752 -0.956367 0.841537 -0.319818 -0.013966 0.705408 0.527164 0.682049 0.555683 -0.792520 -0.286283 0.637633 0.503516 0.167597 0.649870 -0.517355 0.781645 0.131128 -0.376247 0.767072 -0.593564 -0.538303 0.802687 -0.341817
0.981529 -0.204068 -0.151840 0.437387 -0.100785 -0.164913 0.785962 -0.352347 -0.096554 -0.617027 -0.654276 0.268447 -0.689410 0.860311 -0.742475 -0.498690 0.903521 -0.746615 -0.938405 -0.393784 0.650615 -0.376020 -1.113375 -0.278153 0.016304 -0.318926 0.498711 0.438572 0.325215 0.301009 -0.781813 0.249026 -0.095532 0.525730 0.367208 0.125139 -0.794265 -0.563306 0.265800 0.096089 0.583849 -0.067395 0.299693 0.598005 -0.734358 -0.296246 -0.296384 0.001259 -0.966817 -0.713230
-0.487842 0.831269 1.179197 -0.602991 0.114742 0.433618 -0.253131 0.696278 0.997017 -0.808221 0.044495 -0.821501 -0.430535 0.815037 0.004401 -0.798465 -0.343735 -0.381083 0.785128 0.106551 0.382402 -0.349912 -0.853810 -0.947916 -0.194872 0.402622 0.270270 0.009449 0.367995 -0.541333 -0.483809 -0.684656 -0.218733 -0.256871 0.495545 0.059026 0.044133 -0.086712 -0.597394 -0.375304 -0.548210 0.995929 0.065082 -1.064280 -0.744544 0.916724 0.256736 0.170957 0.659823 -0.397966
-0.970399 0.776226 -0.208894 -0.699099 0.069821 0.245286 0.338226 -0.074804 0.224068 0.458024 0.496740 0.470882 -0.197521 0.405124 -0.582087 0.537833 0.400333 0.525233 0.518550 0.264155 0.357890 0.596370 0.182430 -0.862020 0.560897 -0.357678 0.965678 -0.928808 -0.695726 0.720653 0.490411 0.130388 -0.434912 0.442563 -0.747391 0.559405 -0.201718 -0.751913 -0.420161 0.052812 -0.199309 0.335072 -0.650106 0.413941 -0.211568 -0.205015 0.630186 0.459022 -0.393333 0.700914
0.437776 -0.499233 0.061193 -0.356897 0.366721 -0.803099 0.402829 0.665588 0.834047 -0.691169 -0.601082 0.825152 0.739740 0.258578 -0.005105 0.826380 0.874001 -0.190099 0.629597 -0.997333 -0.239928 -0.725646 0.385515 -0.408211 0.840431 0.326089 -0.998842 -0.190734 -0.539710 -0.419617 -0.228881 -0.618844 0.445925 0.804154 -0.030665 0.506039 -0.412325 -0.887580 0.089623 0.598468 0.593643 -0.719826 0.365476 0.596135 0.069872 0.159367 0.659702 -0.914975 0.519569 -0.549328
0.310137 0.291327 0.672526 -0.525474 0.238628 -0.634101 -0.741071 -0.125973 -0.460814 0.318345 -0.498705 -0.219092 -0.923794 -0.763506 0.194445 0.866344 0.673647 -0.849849 -0.935296 -0.854480 0.548224 -0.456152 0.642350 0.394190 0.048725 -0.462962 -0.126284 0.257459 -0.938547 1.039225 -0.151353 -0.210980 -0.090870 0.203612 -0.379123 0.021309 0.694223 -0.650331 0.474880 0.791695 -0.674534 1.055591 0.444118 0.566672 0.400247 0.567426 0.683418 0.093645 0.417697 0.557203
-0.913111 0.473354 -0.185505 0.589496 0.794677 0.415638 0.617429 -0.223183 0.563794 -0.548454 -0.117233 0.691797 -0.559689 0.099147 0.295409 0.512184 -0.690227 -0.099433 0.701094 -0.418190 -0.656114 0.555485 0.895736 0.054903 0.729890 -0.802919 -0.562163 0.488851 0.217884 -0.832063 0.084534 -1.182109 0.520022 0.288352 0.122648 0.309474 0.853645 0.439009 0.561134 -0.243845 0.407547 -0.175795 0.669726 -0.815444 -0.832390 -0.905411 -0.445514 0.680711 0.417332 -0.478669
0.416238 0.333156 0.003810 -0.428115 -0.486057 0.130343 1.045820 -0.347463 -0.066648 1.096086 -0.460463 0.403757 -0.304195 0.182990 -0.686046 -0.501634 0.780230 -0.354139 0.642805 -0.320323 0.009753 0.195230 0.389233 0.232132 -0.344193 -0.296774 1.002275 -0.053164 -0.644308 0.576727 -0.660545 0.106215 -0.824770 -0.335866 -0.189864 -0.567824 0.897571 0.954899 0.214460 -0.972741 -0.781670 -0.176995 -0.933987 -0.702404 0.168117 -0.789598 0.607675 0.027435 0.177182 0.491200
0.833966 -0.749504 0.379263 0.190278 -0.969517 -0.014097 -0.749382 -1.097012 0.698652 -0.504054 0.648643 0.804395 -0.530981 -0.591322 -0.501034 0.137986 -0.811835 0.377601 0.712224 0.659617 -0.154695 -1.274919 -0.334286 -0.650186 -0.594053 -0.335430 0.974459 0.285328 0.680443 -0.461617 0.716985 -0.286198 -0.127102 0.569241 -0.301619 0.520451 0.235900 -0.677039 0.406876 -0.138356 -0.170012 -0.298883 0.920611 -0.638212 0.864437 0.795361 -0.910211 -0.543941 0.682649 -0.439920
0.903382 -0.923479 -0.437242 -0.224121 0.238506 0.989940 0.863420 -0.020474 0.561888 -0.004809 0.163357 0.776098 1.283632 0.277848 -0.445951 0.691776 0.528362 0.114288 -0.004623 -0.426727 0.196075 -0.018050 0.107920 -0.470961 -0.537745 0.069426 -0.121160 0.122621 0.952538 -0.538639 -0.345276 0.499134 -0.435309 0.167194 0.689028 -0.688242 0.639459 0.947753 -0.519273 0.610467 -1.055592 0.610471 -0.959790 0.124940 0.612662 0.359882 0.115923 -0.856320 -0.875386 0.815883
-0.689941 0.082242 -1.037339 0.779313 -0.918294 -0.976696 0.523572 -0.860177 -0.462212 0.997644 -0.029497 0.745248 0.463661 -0.256170 -1.304001 0.790752 0.533367 0.132205 0.525752 -0.428885 -0.740509 0.255076 0.175224 0.202906 0.335228 0.932597 -0.238912 -1.068891 0.750900 1.217753 -0.270662 -0.174934 0.244952 -0.854004 -0.395352 1.024554 0.971315 0.728444 -0.354437 0.426247 0.571307 0.140487 -0.476290 0.915969 -0.220854 0.703908 0.564096 -0.593075 0.929621 -0.464624
0.918837 -0.155702 -0.905404 -0.159395 0.532211 -1.410649 0.095830 -0.750392 -0.310210 -0.951893 -0.232832 -0.325151 0.195349 -0.708168 -1.285357 -0.048880 0.951117 0.239765 0.685749 0.097564 -0.150831 1.504567 0.387062 1.081709 -0.370017 -0.394564 -0.026946 0.033548 -0.713154 0.057116 0.424025 -0.201505 0.186295 -0.071192 -0.107757 0.881861 -0.681925 -0.287045 0.742431 0.329495 0.632538 0.615322 0.102686 1.326221 0.047029 0.973714 1.376456 -0.585265 -0.389729 -1.008320
0.983858 -0.875475 -0.049967 0.636501 0.899972 0.586389 0.009400 -0.041214 0.800272 1.038292 0.805408 0.456211 0.689718 -0.158794 0.045980 -0.452668 0.616146 -0.342840 -0.829998 0.438762 0.262883 0.436888 0.863202 0.521175 -0.781317 -0.698850 0.731600 -0.083064 0.331291 0.418245 0.339927 -0.381718 0.105182 -0.179570 0.138395 -0.109240 -0.935728 0.772091 0.599819 0.296900 0.119989 -0.690631 -0.596162 0.651277 0.807593 -0.699348 1.206835 0.616925 -0.983722 0.567028
0.563605 0.719655 -0.177262 -0.128781 -0.686945 -0.734720 0.609537 -1.021004 0.632610 0.109997 -0.382489 0.536348 0.199867 -0.241617 0.239601 0.679177 0.771075 -0.309383 0.983414 -0.297815 -0.639294 -0.127960 -0.179681 0.264528 -0.858693 -0.940630 0.813022 0.135356 0.947219 -0.420041 -0.948390 0.131285 0.046656 0.485084 -0.273300 0.129655 -0.116383 0.498240 0.005846 -0.219057 0.949782 -0.124914 0.747548 -0.646068 0.368632 0.944351 0.193243 -0.920666 -0.082095 -0.741514
0.780128 0.933427 0.267944 0.950128 -0.755190 0.717481 0.724076 0.210039 0.080529 0.013269 -0.833908 0.121703 0.166005 0.958899 -0.656185 -0.255532 -0.290676 -0.098906 -0.418144 -0.704967 -0.275285 -0.769884 -0.454338 -0.234010 0.451359 -0.943080 0.373320 0.857108 -0.909207 -0.912881 -0.808076 0.639844 -0.491356 0.829360 0.606102 -0.434040 -0.754611 -0.523235 0.778574 0.038503 0.668024 0.310475 -0.755448 -0.093191 0.951766 -0.552896 0.378570 -0.132587 0.487298 0.298536
-0.001202 0.925865 0.044936 0.681890 -0.035050 -0.378762 0.869369 0.764785 -0.936305 -1.049678 0.980550 0.152291 -0.961314 -0.762344 0.626697 -0.771389 -0.448146 -0.671591 -0.877775 0.228188 -0.033553 0.195009 -0.004903 0.845289 0.203360 0.222529 0.973495 -0.982121 0.193332 -0.920935 0.644370 0.444897 0.076654 0.685596 0.244070 -0.445184 -0.720053 0.691696 0.258273 -1.026163 -0.519697 -0.522176 0.423559 0.159224 0.413173 -0.132807 0.896255 0.570856 -0.564740 -0.532548
0.327400 0.922682 -0.769944 0.245512 0.910308 0.039168 0.935834 0.776295 0.055264 -0.553895 -0.400427 0.053488 -0.780170 -0.461823 0.173093 -0.538770 -0.773444 -0.556057 0.078618 0.592375 0.285281 -0.672355 0.438510 -0.656126 0.733560 0.592544 0.880055 0.419899 -0.436116 -0.764663 -0.063357 -0.774399 0.349432 0.190700 -0.887385 -0.476474 -0.461408 -0.867724 -0.615384 0.369640 -0.460040 0.411375 0.359165 0.092696 -0.231463 0.581176 -0.736635 -0.834157 -0.288403 -0.578912
-0.762723 0.318349 0.462504 -0.755148 -0.224363 -0.636963 0.106601 -0.275056 0.441589 0.571515 0.147815 0.379670 -0.077213 0.241121 0.372712 0.229210 0.527528 0.358345 -0.675937 -0.034789 -0.499645 -0.411141 0.305545 0.974379 -0.496983 0.857287 0.385607 0.908255 0.140592 -0.534768 -0.839068 0.544231 -0.231035 0.679101 -0.528231 0.211252 0.476940 -0.178348 0.337768 0.178278 -0.875927 1.006699 -0.565081 -0.691392 -0.480966 -0.724482 0.536177 -0.875451 -0.835777 0.449788
0.150480 0.567542 -0.664967 -0.787301 0.188470 0.957616 -0.777831 -0.652302 0.431747 0.407815 0.644950 0.571103 -0.373456 0.613530 -0.759387 -0.513242 -0.412211 0.747194 0.838095 0.948041 0.046230 -0.009554 -0.761290 0.476691 -0.379572 -0.868064 0.544241 -0.698434 -0.264033 -0.272867 -0.709435 -1.207538 -0.820204 0.367152 0.776620 -0.262151 -0.865793 0.728334 0.489583 0.123688 0.111143 0.043580 0.301282 -0.108330 0.195653 0.310301 -0.318277 -0.347660 -0.958245 0.511045
-0.073543 0.871666 -0.145877 0.266954 -0.911153 0.391928 0.296428 -0.139776 -0.331589 -0.176484 -0.603894 -1.267024 -0.426703 -0.429634 0.086892 0.404223 -0.060885 0.080945 -0.206285 0.464287 0.761623 -0.700498 0.189270 -0.414451 -0.697877 0.945259 0.542388 -0.107287 0.798103 -0.493556 0.240590 -0.894565 -0.009007 0.182660 0.555495 -0.412860 -0.311317 -0.258659 0.951014 0.666286 -0.684923 -0.035987 -0.325171 0.662001 -0.635098 0.269379 -0.367533 -0.555378 -0.128067 0.515199
0.312667 1.037684 0.955047 -0.398898 0.592431 0.921567 0.129920 0.766096 -0.254142 0.647212 0.481890 -1.270211 -0.223640 -0.927157 0.199102 -0.766108 0.158388 0.528971 -0.575738 -0.085691 -0.841319 -0.233891 0.977027 -0.643709 -0.044983 0.104812 -0.935203 -0.560425 0.171840 -0.893931 0.857490 0.123819 -0.933694 -0.456605 1.002211 -0.572007 0.121147 -0.337728 0.295023 -0.405876 0.005050 1.251797 0.021392 -0.488545 0.808740 0.854168 0.261894 0.631749 0.108395 -0.633439
0.852160 0.936347 -0.093110 -0.254001 -0.555626 0.814865 1.008571 0.367786 -0.065671 0.727697 -0.724621 -0.897568 -0.705769 -0.227719 -0.448679 1.145333 0.634934 -0.286679 -0.130760 -0.939792 0.214872 0.694716 -0.598032 -0.619026 0.691778 1.010417 -0.623273 -0.247410 -0.818730 -0.111367 0.913863 0.305606 0.659797 0.790242 0.396485 1.082128 0.904181 -0.500843 -0.473828 0.755698 -0.309469 -0.882985 -0.821232 0.863373 -0.310249 0.839685 0.130513 0.800359 0.535149 0.021467
0.090632 -0.132481 -0.973795 -1.168283 0.245160 -0.624804 -0.701612 -0.569156 -0.484639 0.200181 -0.209202 0.720164 1.003595 -0.678951 0.524951 -0.206915 -0.227362 -0.843178 0.903848 0.170374 -0.003371 0.464152 -0.771703 -1.061638 -0.558744 -0.469614 0.172340 -0.414858 -0.948578 0.841530 0.624873 -0.139105 -0.184480 1.133735 0.914656 1.249922 1.014033 -0.032044 0.439479 0.040780 -0.312876 -0.660528 -0.196610 -0.727430 0.406333 -0.529861 -0.027539 0.661518 0.045458 0.141937
-0.609229 0.270339 -0.229519 -0.528824 0.284248 -0.878546 -0.938502 -0.262993 -0.044283 -0.059201 -0.828004 -0.200437 0.490967 -0.423671 -1.076197 0.123503 0.181903 0.805921 -0.213038 0.099405 -0.357653 0.831576 0.282110 0.328745 0.901894 0.933973 0.184623 1.009814 -0.640342 0.380858 -1.072953 0.525271 0.442312 -0.470933 0.271784 -0.167315 0.705346 1.021069 0.075806 0.297692 -0.649061 -0.496142 -0.900932 0.520159 0.755486 -0.242005 0.190073 -0.748100 0.443766 0.769008
0.860293 -0.017593 -0.298212 -1.049235 1.023954 -0.190948 -1.414837 -0.681902 0.651017 -0.246439 -0.891958 -0.573791 0.902500 0.306294 0.482252 0.232936 0.590599 0.053018 0.850981 -0.843030 0.709440 0.645393 0.282451 0.796355 0.076191 0.158559 -0.977353 0.228550 0.216765 0.662844 -1.374206 0.568868 -0.322637 -0.106002 -0.171397 0.973565 -0.583489 0.276698 0.701210 0.669494 -0.405008 -0.662785 -0.676782 -0.051247 0.430419 -0.801241 -0.409070 0.122009 -0.860272 0.690528
-0.724415 -0.643640 0.321743 -0.405893 0.584035 -0.308324 0.142156 0.571733 -0.210098 0.944828 -0.658531 0.025734 -0.062869 0.787446 0.712523 0.707001 0.332108 0.631514 0.715852 -0.185075 0.790233 0.667059 0.347767 0.627670 -0.870716 0.292203 0.233288 -0.828925 -0.261011 -0.415098 0.077522 -0.180656 0.450774 0.455852 0.332977 0.283885 -0.028143 0.616092 -0.715276 0.246854 0.889835 0.680108 0.430977 -0.414339 -0.801118 0.047873 -0.944681 -0.260742 0.010955 0.598957
-0.365063 0.094525 0.962127 0.003119 -0.880893 0.769265 -0.860963 0.292835 0.446570 0.846107 -0.745369 0.702359 0.410486 0.386147 0.314247 0.490018 0.278917 0.889321 -0.404814 0.604011 -0.677628 0.102699 -0.729834 0.112948 0.890376 0.833371 -0.341740 0.314777 0.772512 0.060479 0.624717 0.637838 -0.151778 0.050658 -0.280757 0.477242 -0.588059 0.543444 1.000079 -0.391461 0.836123 0.677796 -0.378705 -0.792141 0.893137 0.797563 1.054522 -0.827567 -0.542205 0.251449
-0.727191 0.221970 0.223640 -0.502175 0.414015 0.694013 -0.680649 -0.494159 0.021892 0.675126 -0.788283 -0.461051 0.858548 -0.052890 0.868642 0.378051 0.518131 -0.951088 0.771735 0.112000 -0.668941 0.453637 -0.155539 0.725754 -0.313649 -0.805526 0.112748 -0.856244 0.171814 0.582835 -0.971071 0.707167 -0.431660 0.411747 -0.319652 0.824455 0.756117 0.534374 0.762292 0.497318 0.463986 0.352736 -0.835683 -0.028836 0.545084 0.104998 -0.522931 0.355722 -0.679091 -0.124563
-0.805908 -0.548013 0.897958 -0.244677 -0.838304 0.016763 0.143857 -0.217248 -0.490169 -0.105751 0.989122 -0.766061 0.916982 -0.485093 0.788543 0.411399 1.048881 0.332800 -0.633345 0.637738 -0.567061 -0.122021 0.808580 0.661089 0.492994 0.344175 -0.025360 -0.014719 0.534233 -1.022412 -0.659547 0.760337 -0.972134 -0.495968 0.334213 -0.510384 0.109589 -0.601113 0.991366 0.810107 0.946553 0.322528 -0.279570 0.964020 -0.846906 0.637760 -0.015670 -0.594392 0.645236 -0.929784
0.734476 -0.893674 -0.405617 -0.333455 -0.284766 -0.787732 0.566219 -0.155450 -0.401292 -0.989130 -0.517522 0.824694 0.346363 0.020114 -0.401510 0.007601 0.624351 0.819647 -0.045759 -0.388220 -0.185621 0.713967 0.165172 0.177753 0.429837 -0.224366 0.387674 0.868492 0.725666 -0.551339 -0.530768 -0.721116 -0.706342 0.456405 -0.977351 -0.103688 -0.679853 0.631466 0.885624 0.288280 -0.136970 0.978791 -0.791254 0.651081 -0.115382 1.026166 -0.195983 -0.144513 -0.726157 0.955857
0.543150 0.355351 -0.487592 -0.250524 0.804928 -0.548906 -0.254853 1.008066 -0.609614 0.424284 -0.330310 0.410273 -0.084338 0.772223 0.230257 0.773381 -0.338272 -0.006305 0.775426 0.557144 0.497427 0.522446 0.959088 1.181418 -0.875882 1.043943 0.660690 0.453846 -0.301057 0.016111 1.044044 0.425379 0.357748 0.225431 -0.396393 -0.167651 -0.652973 0.128989 0.292786 0.320574 0.440851 -0.535079 0.365983 -0.555914 0.461667 0.153380 -0.095898 0.045637 -0.517210 0.979121
0.327657 0.647054 -0.719161 -0.229011 -0.004308 -0.734346 0.225700 0.423371 0.984920 0.533834 -0.075129 0.429910 -0.543554 -0.470830 -0.577372 0.318087 -0.181692 0.012698 -0.354249 0.227962 -0.201536 0.797675 -0.757073 0.795936 0.818698 0.316751 -0.593975 0.622256 0.144208 -0.610067 0.970696 0.004456 -1.068473 -0.629848 0.108017 -0.242821 0.053341 -0.393527 0.747336 -0.026759 -0.984654 -0.770495 0.674371 -0.294921 0.628317 -0.714060 -0.899430 -0.937649 -0.665919 -0.162154
0.225161 0.374486 0.208934 -0.243183 -0.359978 -0.664308 -0.310740 -0.050328 0.842503 0.136311 -0.887569 -0.111937 -0.990170 -0.387488 0.577691 0.756618 0.833976 -0.385333 -0.641587 -1.009372 0.275292 -0.512093 0.663553 0.136119 0.169758 -0.820523 0.815648 -0.440203 0.441032 -0.860432 -0.741145 -0.082488 -0.820344 -0.390947 -0.300343 0.332049 0.512971 0.556449 -0.868187 -0.290653 0.219866 0.427769 -0.223441 -0.628172 -0.471146 -0.217261 -0.790867 0.575962 -0.335301 0.644470
0.675024 -0.535535 0.566647 -0.551043 -0.587283 0.755526 0.883091 -0.861474 0.688215 -0.241384 -0.541221 0.066606 0.851707 0.263846 0.170337 0.915448 1.015302 -0.436592 -0.415925 0.799862 0.301078 0.645566 -0.297486 0.454828 0.550057 0.318277 -0.160593 0.258705 -0.205318 0.450291 1.177242 -0.256635 0.068498 1.024223 -0.334907 -0.643777 -0.519378 -0.338606 0.549173 -0.268107 0.794158 0.715099 1.021275 0.634102 -0.552615 -0.186264 0.053135 0.112689 -0.733709 0.166634
-0.970836 -0.497902 -0.785643 -0.922279 0.366018 0.571539 0.263037 0.849519 0.296650 0.418605 -0.382385 -0.951849 0.864269 0.797240 0.277026 -0.789632 -0.487923 0.635073 -0.649692 -0.399568 -0.342261 -0.243240 -0.491294 0.448289 -0.402664 0.894938 0.564722 0.078072 -0.610033 0.856311 0.399693 0.883033 0.473403 0.988620 -0.449908 1.143545 -0.301791 0.294231 0.292583 0.799308 -0.918077 -0.316646 -0.393662 -0.040310 0.862381 -0.711362 0.637365 0.643096 0.864173 0.005098
0.047584 -0.287369 -0.936957 -1.038530 0.530350 0.026783 0.070405 -0.030947 0.442063 -0.911982 -0.413669 -0.833518 -1.088239 0.448396 0.193932 -0.326022 -0.367452 0.885862 -0.612571 0.204381 0.247432 -0.133234 -0.521361 -0.138457 0.705157 -0.398595 -0.941619 0.965110 -1.016500 -0.886884 0.497394 -0.325903 0.938575 0.940391 0.618690 -0.084872 -0.694146 -0.082240 -0.397647 0.988409 0.637874 0.085216 -0.324152 0.771605 -0.583260 0.722874 -0.003623 0.659336 0.042835 0.178433
-0.258853 0.301695 -0.847011 -1.056970 0.899752 0.430973 -1.201187 -0.091035 -0.922640 -0.671622 0.635222 -0.703161 0.776121 0.298785 0.076569 0.451877 -0.447560 -1.061586 0.857291 -0.269087 -0.040502 -0.358672 -0.959776 -0.092336 -0.077911 -0.559326 -0.301566 -0.767770 0.048693 -0.004565 -1.164956 -0.573816 0.022137 0.180111 0.038829 0.845857 -0.669458 -0.714785 0.573636 -0.218685 -0.251704 -0.258824 0.245528 -0.746483 0.010880 0.750440 -0.366906 -0.933624 -0.963358 -0.770271
1.017718 -0.927567 -0.871660 -0.266231 0.772869 0.254369 0.662848 0.041958 0.324406 0.518244 0.548336 0.955064 0.092244 0.892741 0.071060 -0.997566 0.676004 -0.798146 -0.357726 0.070883 -0.282757 -0.263854 -0.357993 -0.071978 0.700051 0.780034 -0.833643 0.403032 -0.918353 0.616444 -0.346110 0.244848 0.079603 -1.140108 0.693769 0.597664 0.649778 -0.501637 0.531442 -0.635096 -0.496007 -0.857002 0.038532 0.003268 0.480446 1.062202 -0.192011 -0.996019 0.974155 -0.059156
-0.599751 0.528506 0.936225 0.094214 -0.119258 0.521537 -0.941381 0.296289 -0.231053 0.814249 0.148280 -0.501081 0.021439 -0.932080 0.377634 0.705553 -0.183381 -0.847565 -0.899509 -0.008344 -0.957531 0.616735 0.818645 -0.418945 -0.619186 -0.045591 0.542771 -0.297118 1.009740 -0.225447 0.755929 -0.862383 0.185781 0.901431 0.100750 -0.856465 0.676627 0.240571 0.960118 0.166887 -0.787920 0.014290 -0.319732 0.420789 -0.781247 -0.326691 0.322560 0.342121 -0.822494 -0.515770
-0.989180 -0.907554 -0.251163 0.162876 0.412621 -0.474811 0.980153 0.725883 -0.138201 -0.241524 -0.964148 -0.483186 0.787110 0.954672 -0.387721 0.717924 0.668769 -0.737231 0.873601 0.877478 0.414203 -1.108143 -0.879597 -0.917225 -0.375738 0.491661 0.378744 -0.650284 -0.915451 0.940528 -0.544326 -0.299189 0.011936 0.720778 0.431517 -0.654886 -0.742524 0.858495 -0.221051 -0.837604 -0.652218 0.096557 0.587449 -0.428392 -0.521586 0.159576 1.009027 0.235863 -0.863057 -0.495639
0.340679 -0.915733 0.297588 0.456586 0.457633 -0.231917 0.549255 0.737599 0.398826 -1.025930 -0.197020 -0.454477 -0.490307 0.226213 -0.621370 0.969611 -0.536440 -0.688845 -0.665375 -0.062677 -0.894540 0.789324 -0.606311 0.601120 -0.928740 0.038450 -0.827521 0.829652 -0.667667 -0.249374 -0.684188 -0.666119 0.625370 0.944829 0.307416 -0.431016 -0.654745 -0.442203 -0.259091 0.101272 -0.413099 -0.340592 -0.708197 -0.780831 -0.591736 -0.206621 -0.496553 0.364997 -0.101550 -0.162051
0.088252 0.251284 -0.874183 0.519973 -0.616873 -0.824149 0.007896 0.226022 0.753630 -0.773490 1.035583 -0.054766 -0.886926 -0.800466 0.652957 -0.063264 -0.695749 -0.971980 0.020612 -0.223018 0.261936 0.770735 0.391489 -0.501223 -0.289782 0.817411 0.357883 -0.082724 -0.635585 0.899383 -0.717156 -0.634805 -0.012644 -0.396191 -0.125435 0.162249 -0.469047 -0.331298 0.813396 -0.500411 0.427530 0.323873 -0.159068 -0.064630 -0.792668 0.376596 0.650667 -0.575279 -0.068033 0.235917
0.088236 -0.590397 -0.567906 0.604495 -0.631204 0.160101 0.176981 0.592608 0.636035 1.101222 -0.938644 -0.264720 -0.922952 0.227089 -0.705047 -0.298540 0.372969 -0.000968 -0.666389 0.952323 0.544134 0.860821 0.830277 -0.177572 0.310769 0.791354 -0.224610 -0.272505 -0.910478 -0.691475 1.003387 -0.154095 -0.674881 -0.912607 0.782395 -0.669052 0.513948 0.355512 -0.496968 0.490375 0.058596 -0.173774 -0.390327 0.362159 -0.382475 0.783546 0.434588 -0.347097 0.063186 -0.700785
-0.453652 0.957632 0.822487 -0.159602 -0.698286 -0.906809 -0.530790 -0.431345 0.926149 -0.273712 0.813982 -0.870091 -0.088983 -0.705159 -0.880676 0.918080 -0.061543 -0.636455 -0.004497 0.604466 -0.253157 0.646314 -0.397506 -0.449283 0.628015 0.928793 0.231525 0.388966 0.241789 -0.722873 -0.798295 0.006084 0.790659 -0.673233 -0.320701 0.480413 -0.378411 -0.599719 -0.673857 -0.350295 -0.108265 -0.438150 -0.936745 0.339234 0.971531 0.559040 0.859649 -0.349874 0.660888 -0.310843
0.282805 -0.781789 0.633530 0.701872 -0.115933 0.278255 -0.552090 0.263121 -0.152623 -0.372746 0.719844 0.481964 -0.222310 -0.368712 0.658107 -0.100818 -0.023005 0.781181 0.107422 -0.408462 -0.380899 0.317582 -0.915305 -0.274238 0.059343 -0.340931 -0.978824 0.001797 0.151445 0.332155 0.100676 -0.959173 -0.113745 0.077504 -0.359066 -0.430100 -0.050955 0.116520 0.220953 -0.508538 0.085306 -0.219920 0.702419 1.128188 -0.605122 -0.432470 0.228012 -0.967459 0.746348 -0.962317
0.605214 -0.749858 0.482056 0.068502 -1.071463 0.400953 -0.669772 -1.119638 -0.282615 0.787349 0.919913 0.149564 0.593483 0.079377 0.497041 0.190746 0.552405 0.422086 -0.774569 -0.661022 0.449010 -0.269447 0.043154 -0.046194 -0.001628 0.709303 -0.066343 0.769808 -0.159985 0.665981 0.881919 0.658671 0.020575 0.297988 -0.753213 -0.410755 -0.446000 0.327925 -0.547323 0.808542 -0.193051 0.070213 -0.258872 0.046637 -0.531899 -0.299149 0.195073 0.436015 0.707794 0.642216
0.990892 -0.717668 -0.787067 -0.206801 0.357351 -0.702727 0.696080 -0.850572 0.823575 -0.774033 0.267265 -1.282094 0.289717 -0.783814 -0.841166 -0.877268 0.483203 0.345780 0.215128 0.884071 -0.119860 -0.835815 0.274661 -0.236176 0.760960 -0.406305 0.003093 -0.912576 0.538634 0.249697 0.452833 -0.286299 -0.435118 0.167088 -0.509643 -0.270180 -0.279560 0.088862 0.887847 0.766005 -0.062080 0.469743 -0.631999 -0.228531 -0.611662 0.459382 -0.264674 -0.655926 -0.235549 0.878180
-0.388452 0.484880 -0.887020 -0.313411 -0.477619 0.779730 -0.763644 -0.803126 -0.426485 0.198333 0.273664 -0.331734 0.184970 0.383721 -0.540719 0.173270 -1.191063 -0.530796 -0.093535 0.677487 -0.079884 -0.413271 -0.475310 1.112904 0.839557 0.381086 -0.825240 0.492812 -0.806946 -0.563117 0.282310 0.530619 0.283356 1.105298 -0.969939 0.120088 0.904798 0.711029 0.884051 -0.067431 -0.965166 0.900770 -0.925903 0.628463 0.271556 0.925448 -0.367247 -0.623116 -0.377246 0.799638
-0.011975 -0.197035 -0.174691 0.255567 -0.955488 -0.601280 -0.100939 0.770357 0.226102 -0.322080 0.042893 -0.009634 -0.424403 0.109166 -0.602367 -0.519698 0.652924 -1.090766 -0.764609 -0.564302 0.178774 0.394348 -0.839542 0.884740 -0.407366 -0.527967 -0.016121 0.136491 0.874994 -0.544467 -0.184795 0.513711 -0.833255 -0.355419 0.677720 1.152700 0.186290 -0.310547 -0.720202 0.175401 0.874242 -0.994050 0.175319 0.648252 -1.024206 0.473820 0.520969 0.667081 -0.423461 0.711937
0.324246 -1.026272 0.643208 0.028363 0.301203 -0.822774 -0.079545 -0.251566 0.168428 -0.263899 -0.586255 -0.547306 0.875685 0.352339 0.310453 -0.587818 -0.330148 -0.303172 0.764812 -0.336322 0.882840 0.677400 -0.373379 0.482881 -0.169954 0.206260 -0.032544 0.531710 0.318771 -0.536745 0.600320 -0.871940 -0.833894 0.173243 -0.075159 0.758589 0.478378 -0.015705 0.145130 0.409438 -0.944708 -0.702764 0.814076 -0.423210 -0.885268 -0.792583 0.419814 -0.473328 -0.234182 -0.795937
0.112892 0.362683 -0.430393 0.678430 0.491339 0.885431 -0.941646 0.891552 0.428349 0.967479 0.867442 0.920379 0.854716 -0.166727 -0.476449 -0.620689 -0.310364 -0.758180 -0.838994 -0.790405 0.128206 0.568377 0.958722 -0.837343 0.915019 0.615671 -0.684652 -0.730034 0.933184 -0.578750 -0.993623 0.453279 0.172662 -0.804780 -0.110187 0.393356 -0.643531 0.782561 1.001788 -0.399915 -0.567932 0.815014 0.634447 -0.418525 0.807831 -0.664364 0.206799 0.667602 -0.008646 0.573737
0.537724 -0.011547 0.414687 0.739138 0.580408 -0.348098 0.486239 -0.502322 0.140879 0.515260 -0.300680 0.420486 -0.847083 -0.142106 -0.081561 0.424836 -0.050843 0.403318 -0.059161 -0.718082 -0.928329 0.533595 0.881793 0.928252 0.593269 0.208561 0.422739 -0.257922 0.214240 -0.033755 0.273847 0.140939 0.356526 0.274069 -0.545825 0.306161 -0.100488 0.491853 0.938585 -1.017421 0.230706 0.678775 -0.050092 0.424394 -0.545026 0.529975 0.677908 0.651408 0.199844 0.501252
-0.333158 0.162315 -0.429524 -0.855051 0.086372 -0.807529 0.827707 -0.178282 0.868689 -0.065555 0.709211 0.557030 0.254946 0.264763 0.241979 0.937431 0.576061 0.519800 -0.277339 -0.957629 -0.158575 0.256533 -0.924528 -0.504015 0.890662 0.350696 -0.427883 0.312462 0.204913 -0.160684 0.145203 -0.110560 -0.045650 -0.474239 0.000962 0.681943 0.997294 -0.978424 0.743382 0.639232 -0.917754 -0.396209 -0.251624 0.927097 -0.814860 0.494613 -0.164829 0.774451 -0.215577 0.099352
-0.633872 -0.216425 0.358123 -0.723835 -0.945707 0.601641 -0.120716 0.628412 -0.561480 -0.474657 -0.598254 -0.597480 0.357859 -0.184869 0.218848 -0.141101 -0.575482 0.706338 -0.521990 0.256531 0.828400 0.286848 -0.210547 0.239228 0.174347 -0.633177 -0.634620 -1.001117 -0.117599 0.262322 -0.781911 -0.236019 -0.406799 0.246992 -0.999269 0.897926 -0.137173 -0.414321 -0.625900 -0.509798 -0.399833 0.030612 0.878466 -0.308996 0.336392 -0.835257 0.419969 -0.666557 -0.759731 -0.957910
0.644079 -0.134232 0.110471 0.630592 -0.513703 -0.088000 0.715896 -0.376816 -0.248784 -0.029052 -0.089991 0.188643 -0.348971 0.546255 -0.504721 0.211671 -0.971757 0.707159 -0.529535 0.037168 0.003249 -0.645561 0.017345 0.161744 -0.918421 -0.590642 0.392745 -0.015311 0.435961 0.219899 0.643826 0.515606 1.062147 -0.102011 -0.780016 0.171161 0.409213 -0.540430 -0.102994 -0.141011 0.507398 -0.125119 0.340115 0.832961 -0.763481 -0.877394 0.188029 0.561165 0.831314 0.296443
-0.741460 0.275771 -0.059235 0.054373 -0.687458 0.001202 -0.241862 0.851472 -0.662552 0.653414 0.413667 0.291922 -0.491862 -0.177955 -0.915805 -0.831887 0.688216 -0.314436 0.585922 -0.123659 0.648307 -0.900547 0.242613 0.856274 0.924131 -0.338942 0.745711 -0.690675 -0.469020 0.202077 -0.451673 -0.725383 0.260584 -0.486390 0.764171 0.603298 0.370274 0.144924 0.864433 0.084074 -0.245651 -0.676147 0.056170 -0.994969 -0.177209 -0.054924 0.611886 0.766233 -0.729736 0.525845
-0.287884 -0.665885 -0.642045 0.536833 0.816663 0.277501 0.131696 0.411654 0.356740 0.606693 0.657648 0.875225 0.981212 0.171584 0.801752 0.657685 0.468920 0.175788 -0.212869 -0.915554 -0.720205 0.491384 0.462650 0.350845 -0.355372 -0.975154 -0.617470 0.604075 0.687160 -1.101895 0.363181 -0.459990 0.818706 -0.303599 -0.730782 0.470732 -0.925512 0.640795 0.506873 -0.912469 0.677983 -0.360614 -0.243276 -0.539574 0.913263 -0.227297 0.609534 -0.420431 0.098154 0.543294
0.249297 1.027014 0.540996 -0.007810 0.596451 -0.149857 -0.314476 0.475244 0.273066 -0.757504 0.366787 -0.569077 1.202898 0.358718 0.092399 0.549611 0.799730 -0.213596 -0.844395 -0.815009 -0.066708 -0.674450 0.342823 0.435283 -0.838330 -0.254790 -0.084007 0.723283 -0.681391 0.679560 0.659059 -0.249868 -0.283300 0.024433 0.219316 1.110787 -0.031716 -0.092013 0.818418 -0.382870 0.623124 -0.758049 0.102211 -0.418021 0.795292 -0.689403 0.010942 -0.839229 0.105772 -0.867726
-0.457230 -0.058205 -0.644704 0.740471 0.724506 -0.338661 -0.778978 -1.152749 0.784466 0.362590 0.408307 -0.105135 0.521875 0.676497 -0.779306 0.457125 -0.378055 -0.169934 -0.244431 0.414972 0.390400 -0.561339 -0.774495 0.406433 -0.466639 0.894671 0.604119 -0.363537 0.653451 1.062483 -0.747768 0.736067 -0.308491 -0.362366 -1.042438 -0.183833 -0.823057 -0.345134 0.059267 -0.440388 -0.758028 0.444673 -0.598234 0.113284 0.083463 0.569533 0.823028 0.796478 0.208583 0.050890
0.887308 -0.432342 -0.809727 -0.059271 -0.000725 0.037697 -0.456077 -0.793830 -0.570390 0.834731 0.724196 1.148738 -0.862034 0.894677 0.682916 0.029179 0.725247 -0.176718 -0.887476 -0.266110 0.871437 0.442551 -0.535677 0.144961 -0.143246 -0.644381 -0.096435 -0.131569 0.008325 -0.113741 0.321472 -1.065066 0.245170 0.973378 0.837745 -0.386967 -0.498821 0.706318 -0.265604 -0.223359 0.301987 -0.681890 -0.233334 0.742544 -0.128738 0.079557 -0.692426 -0.217806 -0.734642 0.026799
-0.785877 0.201507 -0.526917 -0.018270 -0.246849 -0.503082 -0.470303 0.015950 0.091130 0.745421 0.396924 0.149197 0.753734 -0.922088 0.088889 -0.452623 -0.806135 0.775522 0.566356 -0.428975 0.657882 -0.436174 -0.302827 0.449719 -0.400850 0.921249 0.451292 0.171215 -0.795258 0.574488 -0.111624 0.342479 0.788381 0.332400 -0.831519 0.469493 0.296391 -0.046944 -0.845256 0.574839 0.455073 -0.547395 -0.214463 -0.136162 0.468582 -0.499307 -1.072448 0.565912 0.215172 0.145655
0.505308 -0.082620 -0.824630 -0.355550 0.148901 -0.649805 -0.823146 -0.706137 0.744248 -0.355739 0.261048 0.955061 -0.262475 0.297517 -0.420072 0.618989 -0.226237 -0.110088 0.071106 -0.529820 -0.595904 -0.059055 0.687597 0.091155 0.310554 0.749141 -0.243932 -0.484808 0.443781 0.868058 0.610860 0.712129 0.177700 -0.975918 -0.196291 0.338206 0.574852 0.735451 0.439261 -0.513351 0.320936 0.698896 0.149694 0.121690 1.037848 0.503805 -0.739602 0.241547 -0.638361 -0.088392
0.515133 -0.228547 -0.411950 0.563892 0.010516 -0.235538 -0.891521 -0.517497 -0.166520 -0.147343 -0.400330 0.944765 -0.030160 0.894458 -0.349480 -0.135730 0.759759 0.367937 0.206465 0.755102 0.370571 0.918669 0.087122 0.726879 -0.981879 0.448726 -0.150431 0.093115 -0.079386 0.037205 -0.880468 0.307099 0.365636 0.938090 -0.689832 -0.679821 0.355780 -0.294328 0.451305 0.709557 0.675346 -0.528980 0.580908 -0.215369 0.164064 1.077186 0.609522 -1.030728 0.062329 0.410490
-0.875425 -0.508868 0.595959 -0.366941 0.588516 0.384960 0.827608 1.086260 0.837489 0.362522 0.618131 -0.132315 0.447397 0.867990 -0.459746 -0.536542 0.162302 0.305876 1.019460 0.589086 0.940306 0.717263 0.714905 -0.634032 -0.530300 0.177290 -0.360119 -0.859848 0.190271 0.772111 0.590680 -0.462495 0.562800 -0.311503 -0.675205 -0.695701 0.585810 -0.463483 0.950912 0.027758 -0.470791 0.285076 -0.751039 -0.759620 0.925964 0.016183 0.288858 -1.052496 -0.492536 0.658276
0.045184 -0.470669 0.050928 -0.967598 -0.216183 -0.281772 -0.747181 -0.219918 0.593940 -0.937490 -0.497689 0.618050 0.262260 0.176176 -0.452541 0.747211 0.671647 0.658099 -0.537317 0.703525 -0.609622 0.485736 0.151816 -0.733993 -0.637687 -0.923594 -0.460258 -0.380899 -0.685808 -0.550991 -0.875893 0.076145 0.137040 0.265638 -0.519659 0.689686 0.444235 -0.075944 -0.024852 -0.797684 -0.558254 -0.021082 0.608016 -0.189257 -0.917146 0.598860 -0.106285 0.625155 0.881893 0.722534
0.146224 -0.366775 -0.028333 0.561392 0.042070 -0.976100 -0.408358 -0.080555 -0.507641 -0.022665 -0.919570 0.772129 0.282761 0.143775 -1.115850 -0.113371 -0.662546 0.606872 0.725492 0.548035 -0.369890 -0.114426 0.849737 0.928884 -0.922432 0.628276 0.914718 0.410607 -0.798607 -0.694733 0.881586 -0.045971 -0.276021 0.096079 -0.195516 -0.405181 0.029131 -0.249329 -0.514990 -0.483181 -0.039013 -0.911284 0.459952 0.179075 0.684214 0.527796 -0.197795 -0.810252 0.619780 -0.164210
-0.863059 -0.984755 0.857714 0.555560 -0.476127 0.516114 -0.712489 1.123361 -0.022946 0.752579 -0.455547 -0.685784 -0.335723 -0.421185 -0.840442 0.704554 0.381010 -0.064038 -0.367116 0.778192 -0.809071 0.240948 -0.046562 -0.417045 0.677518 -0.531028 0.586669 0.221822 -0.331707 0.684203 -0.292639 0.150834 0.555307 -0.194216 0.429739 -0.859559 -0.652200 -0.682784 0.727576 -0.248215 0.426042 0.502511 -0.820771 -0.662730 0.852353 0.445415 0.198888 -0.596153 -0.738501 1.050998
-0.309586 -0.906180 0.381422 0.338928 -0.399535 -0.551403 -0.377400 0.852395 0.908905 -1.015494 -0.505846 -0.482826 -0.278749 -0.288154 0.594389 0.292621 0.241213 -0.197541 -0.114432 0.592569 0.313196 -0.917145 0.878742 -0.834988 0.290416 -0.105490 0.008421 0.396986 -0.569545 0.771989 0.470924 -0.179091 0.290571 0.267263 0.130784 0.497258 0.078126 0.291742 -0.823652 -0.491543 -0.524916 0.656698 0.017519 -0.288633 0.405911 -0.646469 -0.216558 -0.639958 0.480735 0.761164
-0.459170 -0.530440 0.587515 0.478270 0.052016 0.592937 0.669938 0.442598 0.348124 -0.463673 -0.893444 -0.424492 -0.233660 0.790026 -0.554072 -0.980788 -0.460926 -0.228286 0.006983 0.246435 0.318564 -0.362733 0.046563 -0.813164 0.460192 -0.938076 -0.489880 0.864987 -0.869136 -0.920252 0.415987 0.129105 -0.444567 -0.682876 0.539474 0.300275 0.616219 0.133872 -0.712835 -0.289750 0.612453 0.575582 -0.094282 0.451607 -0.758113 0.172622 0.242894 0.933234 0.481181 0.585129
0.337347 -0.794505 0.978285 0.283888 0.150754 -0.626844 -0.636397 -0.973042 0.751296 0.507220 0.388291 0.716235 0.292065 1.008192 -0.336392 -0.614107 1.016387 -0.828716 0.681912 -0.703260 -0.786594 -0.347307 0.725755 0.100636 -0.141964 0.050044 0.663121 -0.269674 0.655612 -0.210851 -0.141056 -0.429581 0.755087 0.249589 -0.845236 -0.204191 0.490988 -0.664856 0.611447 0.024799 -0.022358 0.992241 -0.402929 -0.175903 -0.886380 1.004974 -0.440014 0.572773 -0.642757 0.867874
-0.143279 0.794686 -0.148406 -0.816415 -0.999563 0.669597 -0.705118 -0.347649 -0.595116 0.863396 -0.801955 1.425542 0.022242 0.852906 0.338717 0.058476 0.569128 -0.805116 0.791949 0.432820 -0.456818 0.482109 0.688955 0.512294 0.898682 -0.398815 0.840987 0.361664 0.870460 -0.511452 -0.180498 -0.749703 0.152830 -1.058120 0.780881 0.378307 -0.357201 0.610973 0.271733 0.820927 0.225951 0.367826 -0.160345 -0.445682 -0.164716 -0.546321 -0.633139 0.932988 0.655093 0.845608
-0.156728 0.426130 0.792112 -0.463087 0.682127 -0.820611 -0.893213 -0.376075 -0.354319 -0.964864 -0.873193 0.179469 0.412196 -0.163975 -0.717293 0.766199 0.374040 -0.748700 0.111634 -0.538114 -0.505187 -0.489897 0.729631 0.041096 0.493340 0.784461 0.903281 -0.743851 -0.675306 0.040419 0.399933 -0.432069 -0.799289 0.430984 -0.816909 -0.293864 -0.389884 0.373532 -0.034289 0.715000 -0.397522 -0.782303 -0.539704 0.613655 -0.863865 0.199476 -0.907668 -0.515392 -1.000804 -0.040065
-0.743821 0.833258 -0.429537 0.091049 0.708681 1.036496 -0.914739 -0.566217 -0.527719 0.711324 -0.384297 -0.807214 -1.109858 -0.213231 -0.367562 0.334717 -0.381718 -0.742863 0.231850 -0.033844 0.838802 0.506803 0.751198 -0.563928 0.168200 0.768143 -1.013608 0.127271 0.237017 0.062887 0.944934 -0.861771 0.236937 0.362616 1.020677 0.196021 1.016608 -0.426565 0.884608 0.752878 -0.630381 0.084640 -0.647932 -1.098153 -0.146936 0.073335 0.152227 -0.429644 0.424422 -0.914560
-0.428799 -0.660249 1.140463 -0.935164 -0.953408 0.031808 -0.403832 -0.521078 -0.346203 -0.263240 -0.529153 -0.874810 -0.712811 0.557916 0.211584 -0.802166 0.312829 -0.544681 0.314711 -0.871412 0.254082 -0.412425 0.253350 -0.808604 0.868365 -0.167614 0.382600 0.779557 0.772858 0.658289 -0.685171 -0.206233 0.061276 -0.213172 1.022154 0.063049 0.722649 0.719346 -0.450870 0.832407 -0.539670 0.158605 -0.279661 0.061154 0.499418 -0.778573 0.859786 -0.398209 -0.474350 -0.919231
0.461720 -0.988166 0.939109 -0.302986 0.744557 -0.525795 -0.376801 0.913725 0.069657 0.546969 -0.898556 -0.117231 -0.945032 0.746153 0.124662 0.150303 -0.215256 -0.199060 0.642656 -0.338928 -0.359396 -0.635194 -0.711938 0.860102 -0.420285 -0.623988 -0.227136 0.291413 -0.077320 0.108549 -0.032232 0.085583 -0.713704 -0.661896 -0.779286 -0.944538 0.231837 -0.465948 -0.161440 -0.742181 -0.974414 -0.082046 -0.578365 -0.510974 -0.771409 0.412137 0.313732 -0.086661 0.353867 0.910837
-0.572184 0.740546 0.081651 -0.371331 -0.478858 0.197151 0.659242 0.901310 0.748242 -0.484922 0.251037 0.715061 0.739053 -0.919241 -0.948080 -0.582703 -0.340576 -0.704941 -0.100072 -0.026463 -0.242981 -0.620230 0.814351 0.208532 -0.469754 0.390691 0.578542 0.046611 0.585140 0.876399 -0.763323 0.831556 -0.401957 0.902441 0.757237 -0.249499 0.791295 0.911548 -0.585520 0.342859 -1.031725 0.627228 -0.647235 0.511445 0.362677 -0.437368 -0.151540 -0.421703 -0.142986 0.245118
0.088871 0.051771 -0.797214 0.196305 0.893589 0.788515 0.896708 0.072235 0.365496 -0.765883 -0.388797 0.327843 -0.104590 0.370160 0.131429 -0.327421 0.844811 0.713327 0.856035 0.199706 -0.633346 -0.279152 0.471283 0.558632 0.676797 0.484070 0.999631 -0.866648 -0.367668 -0.297724 -0.957421 0.902124 0.552234 0.119655 0.040209 0.413377 -0.726432 -0.658818 0.817350 -0.441146 -1.065391 -0.514653 0.008285 -0.555371 0.493058 -0.441382 -0.516023 0.042579 -0.282492 -0.781637
-0.597753 -0.856464 0.539410 -0.971706 -0.113875 -0.590245 0.212140 -0.734283 0.463957 1.152126 -0.489658 -0.101933 -0.698551 -0.055790 -0.760572 0.445381 -0.066201 -0.065291 0.505643 0.311919 0.158253 -0.001964 0.316811 0.343110 -0.282045 0.195845 -0.797118 -1.034962 -0.816984 -0.790822 0.927037 0.634062 0.079599 -0.213031 0.959036 0.448129 0.202752 0.586959 0.618640 0.730133 -0.213980 0.532207 -0.793899 0.112854 -0.039341 -0.709425 -0.632924 -0.727596 -0.885730 0.637198
-0.048161 -0.620300 0.543532 0.776972 0.455854 0.388233 -0.885595 -0.502673 -0.199526 -0.601276 0.085424 -0.377726 0.278292 0.767488 -0.579456 0.951102 0.601226 -0.014417 -0.555237 -0.602707 -0.245190 0.092183 0.262910 0.044862 0.422947 -0.100234 -0.053721 -0.416830 -0.864051 -0.126883 0.804137 -0.234536 0.482315 -0.367054 -0.234353 0.260815 -0.756247 0.358291 0.571805 -0.539751 0.372130 0.700901 -0.720430 0.909621 0.399332 0.192342 -0.797203 0.437690 -0.798623 -0.711447
0.590929 0.378130 -0.396822 1.032360 -0.838823 -0.658527 -0.675177 -0.590108 0.561021 0.096449 0.414414 -0.146138 -0.600606 -0.834052 -0.554345 -0.677259 0.090459 0.235344 0.716573 -0.340407 0.752985 0.021962 -0.213888 -0.589000 0.352682 0.839522 0.250830 0.182587 1.032864 -0.979097 0.400311 0.697912 -0.638520 -0.305989 -0.851738 0.335690 -0.392253 -0.493166 -0.189286 -0.907648 -0.941131 -0.164854 0.778275 -0.170300 -0.839566 -0.746468 -0.021352 -0.472133 -0.138568 0.475432
0.140451 -0.695620 -0.610985 -0.008096 0.598104 0.406169 -0.691747 -0.497758 -0.487120 -1.297374 -0.668667 -0.343022 0.817690 -0.155763 1.226478 -0.553862 -0.543362 0.054615 -0.443775 -0.745184 -0.319703 -0.676268 0.051275 -1.134848 0.520091 0.012721 0.130418 -0.081943 1.065506 -0.190668 -0.750752 -1.004373 -0.020284 0.865581 0.833497 -0.306352 0.022637 0.951091 -0.797050 -0.640211 -0.352015 0.136355 0.120819 0.224561 0.375807 0.819139 -0.936055 0.628966 0.303668 0.937059
0.383992 0.043709 -0.336018 0.730590 0.409748 0.281465 0.174284 -0.548777 0.835178 -0.745948 0.432436 0.428852 -0.021872 -0.838285 0.878750 0.639685 0.049287 0.843342 0.872068 0.413920 0.876577 -0.336597 0.810277 0.136092 0.440882 -0.833046 -0.892731 0.481943 -0.302347 1.160445 0.129357 0.690263 -0.340662 -0.923169 0.461627 0.784806 -0.265438 0.173704 0.508365 -0.804278 0.506781 -0.543355 -1.041126 0.169249 -0.872389 -0.344609 -0.438085 0.633870 0.932685 0.509314
-0.534060 0.346203 -0.760808 -0.224405 -0.659501 0.539402 0.797658 0.172072 0.930644 0.082753 -0.929734 -0.663251 0.082601 0.909536 0.342520 1.014551 -0.645431 -0.936040 0.618372 0.865844 -0.072053 0.460565 0.093347 -0.105392 0.162200 -0.879290 -0.862139 0.662208 0.711544 0.242866 -0.786802 -0.820722 0.457058 -0.740492 -0.631326 -0.592989 0.714069 0.011338 -0.594698 0.574767 0.804535 -0.601724 0.868467 -0.049909 0.005461 0.044525 -0.181192 -0.832232 0.854750 0.754238
0.424985 -0.859530 -0.869966 -0.190873 -0.676080 0.171866 -0.521912 -0.445381 0.582757 -0.351875 -0.219177 -0.477957 -0.616390 0.361152 0.481970 1.046944 -0.159990 0.023504 0.685110 -0.946393 -0.263574 0.507638 0.616519 0.009788 -0.758419 -0.186568 0.409703 -0.420376 -0.683699 0.176354 0.059851 -0.115509 -0.050898 0.388144 0.816291 -0.549994 0.421113 -0.598672 0.743878 0.500593 0.634239 -0.870774 0.118377 0.400099 0.625742 -0.309841 0.354810 0.301229 -0.412110 -0.087900
0.918712 -0.653565 -0.203767 -0.139043 0.446540 -0.081869 -0.392320 0.848768 -0.489228 -0.026212 -0.002186 -0.026838 -0.804559 -0.919939 -0.275274 0.435305 -0.270003 0.639132 -0.118438 -0.500315 -0.757864 0.371834 -0.280691 0.027839 -0.098598 0.016325 -0.728830 -0.927329 -0.692805 0.088165 -0.334618 0.418261 -0.694232 -0.301572 -0.543707 -0.572865 0.902250 -0.490858 -0.605607 -1.005755 -0.401303 -0.255233 -0.836873 0.205825 0.114004 -0.082503 -0.003036 -0.741456 -0.721152 0.787234
-0.448012 -0.870530 0.166607 -0.664329 -0.373946 -0.470347 0.065641 0.278091 0.931329 0.667557 -1.008320 1.074277 -0.927514 0.467788 0.956210 -0.133649 -0.675787 0.572477 0.009309 -0.875377 0.276272 0.968107 -0.497970 0.235673 -0.549685 0.548979 0.916549 -0.662452 -0.081946 0.063543 -0.949588 0.471292 -0.456049 -0.604005 0.673799 -1.000670 -0.546456 -0.896301 -0.124437 0.180135 0.896052 -0.734834 -0.896789 -0.565939 0.077311 0.132515 0.268343 -0.710262 0.126656 -0.589799
0.471501 -0.940901 -0.325560 0.693910 0.172767 0.904440 0.306285 -0.226088 -0.531557 0.852640 -0.544648 0.931717 -0.329431 0.949042 -0.182988 0.711988 -0.754441 -0.473670 -0.714991 0.148282 -0.898482 0.736638 -0.886650 1.015917 -0.108533 0.896411 -0.188909 -0.890251 -0.521775 -0.791634 0.936383 -0.481833 0.000923 -0.722699 -0.126063 0.157437 0.174438 -0.069004 0.130704 0.498190 -0.245642 0.165020 0.153365 -0.551133 0.677152 1.049853 0.502511 -0.012279 -0.109202 -0.107419

Bias v0 (Oculta):
-0.574455
-0.199073
-0.765036
-0.077152
-1.013294
-0.122643
-0.570493
-0.198007
-0.430819
0.814348
-0.735200
1.081108
0.416479
-0.117933
0.070670
-0.064171
0.604232
-0.681097
-0.113495
-0.020393
0.577192
0.509208
-0.277810
0.042619
-0.410206
0.217096
-0.341486
0.918816
-0.792797
0.852357
-0.734278
-0.718036
-0.228415
0.628723
-0.785210
-1.050448
1.061990
-0.557143
-0.306332
-1.051742
-0.556995
0.128305
-0.842031
0.580125
0.262032
-0.882089
0.332506
-0.434170
0.833737
-0.209388

Pesos w (Oculta -> Saída):
0.333753 -0.691098
-0.423368 0.231553
-0.667994 0.671481
1.560801 -1.655816
0.630922 -0.713920
-0.728483 1.047566
-0.839503 0.462415
-1.130900 1.148947
-1.060678 0.460419
0.840076 -0.648888
-0.779645 0.935982
1.872109 -1.733506
1.772262 -1.214917
0.625240 -0.823061
-1.482132 1.422763
-0.563845 0.865027
-0.706290 1.814263
-0.227308 1.159255
0.004578 0.208733
0.537438 -0.434862
1.196844 -0.400428
1.862008 -1.762642
0.325657 -1.043550
1.616504 -1.411361
0.378672 0.226490
0.147634 -0.660529
-0.181808 0.186471
-0.344407 0.042110
-0.341841 0.300230
1.151422 -1.446550
-1.196078 1.354284
0.718489 -1.186839
0.868571 -0.549290
-2.331352 1.819634
-0.640962 0.364275
1.173903 -1.252302
0.051492 0.085292
0.000789 -0.416634
-0.673961 -0.021535
1.007689 -0.448919
-0.551955 0.584938
-1.188953 1.519287
-0.101030 0.193560
0.792631 -1.025320
0.769810 -0.564060
0.625609 -0.136707
1.469575 -1.496555
-0.219488 -0.602100
0.109281 -0.094641
-0.496234 0.608110

Bias w0 (Saída):
-0.371025
0.295228
