Pesos v (Entrada -> Oculta):
0.656281 -0.354336 -0.781221 -0.263978 0.204027 -0.864992 -0.650012 0.196079 -0.614977 0.361129 0.343281 0.032488 0.935736 0.576629 0.107884 0.352224 -0.286197 0.521604 -0.772133 -0.069000 -0.969913 -0.574026 0.530832 0.909048 -0.857045 -0.502303 0.828322 0.848324 -0.860943 -0.307679 -0.142054 -0.470771 0.686114 0.501794 0.055114 -0.925535 0.093151 -0.231678 0.788069 -0.735754 0.176283 -0.370555 0.888458 0.456979 -0.678272 -0.836026 -0.109562 0.996173 0.249224 0.134074
-0.816527 0.296279 -0.913507 0.425772 -0.948479 0.968631 0.739218 0.770231 0.815184 0.163251 -0.637561 -0.232049 -0.586269 -0.747846 -0.272942 -0.911240 -0.372371 -0.540122 -0.186778 0.244950 -0.346649 0.903031 0.101719 0.849661 0.084590 0.115055 -0.718653 0.216602 -0.164315 -0.182827 -0.838092 0.235416 -0.936878 -0.873060 -0.913293 0.063750 -0.052308 -0.664434 0.686749 0.061934 -0.237157 0.780206 0.650804 -0.813866 0.383304 -0.302077 -0.512111 -0.929478 -0.270890 0.076549
0.103435 0.169682 -0.286947 0.455024 -0.062838 -0.132647 0.670364 0.357227 -0.013021 0.884459 -0.058793 -0.442280 -0.620213 0.085834 0.175706 -0.873203 -0.441321 0.962236 -0.063444 -0.896472 0.341985 0.018115 -0.055947 -0.659808 -0.920040 -0.687799 -0.317296 -0.437348 0.958887 -0.977601 -0.542262 -0.795022 0.910866 -0.828944 0.892165 -0.016580 0.462338 -0.507067 -0.009989 0.102383 0.836625 -0.319806 -0.146985 -0.672223 -0.417839 0.314384 -0.400561 -0.488547 -0.630227 0.966881
0.946216 0.618104 0.743516 -0.970513 -0.479355 -0.297123 -0.074551 0.981825 -0.548144 0.002580 0.458882 -0.522998 0.299007 -0.918159 -0.587166 0.968764 0.007571 0.933642 0.997021 0.767769 -0.153959 -0.581135 0.148807 0.458642 0.047584 -0.715216 -0.307165 -0.341641 -0.629494 0.602799 0.497875 -0.915718 -0.986759 0.315470 0.377000 -0.820130 -0.270783 0.531487 0.482655 0.671881 -0.472366 -0.849220 0.761171 0.679692 -0.298190 -0.862609 0.973966 0.252192 0.432236 0.473311
0.733165 -0.766987 -0.428151 0.552885 0.636527 0.496904 -0.099507 -0.809464 -0.601978 -0.701249 0.430823 0.162071 0.547950 -0.417248 0.828428 -0.060151 0.521612 0.493431 -0.245065 0.395043 0.623218 0.822885 0.788319 -0.473086 0.016368 -0.732787 0.630914 -0.066596 0.364474 0.482999 0.475006 0.462825 -0.408825 -0.350845 0.870001 0.878068 -0.759509 -0.389215 -0.078162 0.571632 0.534010 0.735149 0.027438 -0.648358 0.018863 0.848763 -0.027224 0.175797 0.189350 0.474446
0.611759 0.278436 -0.982393 0.615290 -0.288069 0.684450 -0.558975 -0.210280 -0.406352 -0.996702 0.928101 0.134422 0.445148 -0.704529 -0.280299 -0.845346 0.997263 -0.172925 -0.124311 0.481901 -0.486676 -0.012084 -0.662099 -0.273579 -0.975933 0.443020 -0.223836 0.872785 0.011876 0.959028 0.162936 -0.497819 -0.228630 -0.821023 -0.591344 -0.959846 0.164655 -0.641031 0.378278 -0.707696 0.785408 0.273016 -0.534992 0.497177 0.007920 -0.886948 -0.715077 -0.080137 0.776487 -0.632690
-0.649818 -0.154695 0.163001 -0.096054 -0.241389 -0.759638 0.323706 0.195945 -0.367187 0.490884 -0.902377 0.869478 -0.403268 -0.726692 -0.957225 -0.811814 -0.177445 -0.766899 -0.579871 -0.203865 -0.387148 0.970385 -0.575825 0.775559 -0.938483 -0.149528 0.970720 0.161041 0.349899 -0.707229 -0.946266 0.444734 0.790816 0.855911 0.621893 0.027497 0.449284 -0.088693 -0.686864 -0.670620 -0.766363 -0.221153 0.164894 -0.804492 -0.310476 0.878551 -0.358846 0.196845 0.381693 0.205617
-0.769650 -0.896726 0.541140 0.041187 0.554539 -0.451703 0.576624 0.396659 -0.643311 -0.929899 0.264492 0.934846 -0.620250 0.673593 0.755817 0.717326 0.004272 0.330362 0.243348 -0.464660 0.685711 -0.907943 -0.928764 0.892423 -0.214625 -0.006517 0.233417 0.805084 -0.698480 0.848806 0.099050 0.947257 -0.060222 -0.075520 0.750277 0.573447 0.401508 0.851344 0.028039 0.551645 0.931149 -0.957462 0.484399 0.635987 0.888567 0.509168 0.245273 0.335352 -0.095320 0.034122
0.020368 -0.362307 0.519323 0.018756 0.270647 0.970585 0.415896 0.917711 -0.324048 -0.204365 -0.146090 0.228629 0.328451 0.584026 -0.993059 0.832902 0.346473 0.700517 -0.507284 0.665343 -0.121208 -0.774769 -0.206020 0.665658 0.067115 -0.402743 0.956636 -0.517514 0.688562 0.748341 0.038117 0.718299 0.880416 0.301936 0.092068 -0.258903 -0.779257 -0.289427 -0.112690 -0.434913 0.156226 -0.435788 0.940640 -0.040668 0.453121 -0.313475 0.169199 -0.568800 -0.270084 0.561896
0.742970 -0.155702 0.189913 0.400650 -0.981375 0.994471 -0.932911 -0.773510 -0.625668 0.664397 0.064622 0.464869 -0.481654 -0.837342 -0.754144 -0.087382 -0.037154 -0.411441 0.951304 0.409199 0.348529 -0.780439 -0.653995 -0.794160 0.098670 -0.091353 0.556325 0.495337 0.502805 0.895932 -0.047641 -0.589161 -0.000092 -0.369358 0.946791 0.584197 -0.908349 0.842445 -0.419342 0.757677 -0.608463 -0.916977 -0.578396 -0.228677 0.029400 -0.161923 0.753071 -0.043848 -0.720378 0.869444
-0.675051 -0.785345 0.783364 0.256110 -0.996609 -0.492235 0.137127 -0.936119 -0.294202 0.348476 0.398051 -0.547136 -0.282555 0.248476 -0.892395 -0.530621 0.255772 0.299793 0.182963 0.787589 -0.257171 0.459576 0.232104 -0.996951 0.612927 -0.946695 -0.058727 -0.793461 0.528308 0.723739 0.426148 -0.663004 -0.986021 -0.969772 -0.778271 0.093974 0.392293 -0.175701 0.013096 0.363122 0.222124 -0.883361 -0.376630 -0.088127 -0.939408 -0.081888 -0.210317 0.964402 -0.412681 0.360573
-0.683704 0.512360 0.420812 -0.273692 -0.148549 0.792756 0.105879 -0.413412 -0.615500 0.879742 -0.798711 -0.581834 0.623570 -0.955924 0.558251 0.752466 -0.617622 0.174377 -0.078368 0.391746 0.093368 -0.956884 0.033709 0.267173 0.638078 -0.558465 -0.608645 0.959451 -0.991121 0.587862 -0.276987 0.084517 -0.615228 -0.269653 0.178592 0.147666 0.858112 -0.386081 -0.806270 -0.829350 0.597427 -0.216297 0.059376 0.792412 0.038180 -0.609573 -0.620957 -0.828430 0.496085 0.266250
0.756618 0.513760 -0.067078 0.823448 -0.717777 0.070898 0.550074 -0.876679 -0.816489 0.770720 0.477182 -0.524047 0.423420 0.738899 0.510945 0.517276 0.399292 -0.172045 -0.427307 -0.341984 -0.749014 0.798089 0.795092 -0.432211 0.480615 0.959659 0.016127 0.889345 -0.995145 -0.882200 -0.533662 -0.446290 -0.459256 -0.225242 0.471740 -0.293835 -0.018231 0.727732 0.306126 -0.292650 0.083121 0.104353 -0.934536 -0.022678 0.580990 -0.707015 -0.790706 -0.731490 0.559564 0.037904
0.776497 -0.414492 0.966482 -0.109668 0.306467 -0.422444 -0.473780 -0.288405 -0.450064 -0.108715 -0.845904 0.315307 0.163051 0.837025 -0.795001 -0.090682 -0.966292 0.770689 0.012938 0.330904 0.869911 0.225218 -0.468635 0.118157 0.650411 -0.112366 -0.870547 -0.173873 -0.773089 0.689549 0.611610 -0.042855 -0.608843 -0.461258 -0.730833 0.942069 0.739360 -0.297634 0.123104 -0.999065 -0.819133 0.007529 -0.509475 -0.516931 0.986532 -0.410777 0.706314 -0.367757 0.791059 0.662127
-0.932761 0.970406 0.129707 0.781156 0.387287 0.627858 0.421061 -0.937661 0.970735 0.328595 -0.060978 0.556731 0.165936 0.272993 -0.368238 -0.420172 -0.392098 -0.679721 -0.434338 0.621628 -0.614601 0.892791 0.568722 0.362939 -0.077464 -0.710641 -0.870800 0.189550 0.629483 0.179796 0.135675 -0.839899 0.336768 -0.938798 0.460225 -0.334002 0.435783 -0.182317 0.072775 0.478169 -0.628120 -0.371630 -0.174811 -0.133077 0.683476 0.057379 0.289991 0.875111 -0.249413 -0.383026
-0.742019 -0.536944 -0.525901 -0.509416 -0.295701 -0.369006 -0.079312 0.159104 0.837516 -0.872545 -0.924226 -0.267757 -0.851043 -0.870098 0.327305 0.122395 0.966216 0.219049 -0.811877 0.651937 -0.071589 0.526062 -0.764433 0.280442 -0.146601 0.648423 0.102602 -0.742942 -0.861554 -0.576695 -0.503817 0.673492 0.366406 -0.493989 0.973904 0.275493 -0.099675 0.487994 -0.226877 0.598356 0.818675 0.327900 -0.313105 -0.000033 0.130064 -0.711919 -0.913789 -0.413170 0.711963 0.106872
0.105810 -0.916838 -0.925535 -0.218628 -0.411076 -0.467566 0.066864 0.137899 -0.385788 0.598554 -0.954096 -0.003157 -0.018690 0.665251 0.323737 0.485156 -0.849691 -0.048281 -0.543837 -0.077144 -0.850966 0.673685 -0.640638 0.064942 0.753569 -0.379391 0.527094 0.067571 -0.053566 0.401154 0.764349 -0.309723 -0.993222 0.517114 0.390287 -0.603554 -0.844508 -0.565826 0.454668 -0.834195 -0.948662 0.748234 0.180808 -0.010610 -0.755852 -0.626401 0.719836 0.736876 -0.161720 -0.295241
-0.221377 -0.682886 -0.920431 0.639761 -0.598470 -0.580532 0.552136 0.616480 -0.552030 0.054404 0.640103 -0.988208 0.250548 -0.401305 -0.011423 0.338755 -0.077817 0.439719 -0.054288 0.836484 -0.942214 -0.345556 -0.884462 0.929644 -0.574008 -0.300650 0.542927 0.735072 0.488802 -0.563645 -0.402762 -0.845144 0.948315 0.594485 0.238855 0.876839 0.765802 0.482890 -0.066125 -0.494900 -0.315020 -0.618627 -0.897030 0.589992 -0.264229 0.861622 -0.578746 0.840356 -0.285730 -0.867553
0.204501 -0.822820 -0.563167 0.005656 0.588833 0.739144 0.739510 0.568935 -0.102553 0.588098 0.600341 0.536321 -0.905972 0.477229 0.133853 0.183908 -0.533314 -0.037534 0.627556 -0.455839 -0.217989 0.968385 -0.550837 0.996711 -0.555405 0.394775 0.602634 0.384718 0.845630 0.143775 0.024957 -0.117223 -0.774732 0.456596 0.934940 0.365454 0.083879 -0.332964 0.971450 -0.548141 -0.027912 -0.666216 -0.177578 0.956344 0.405135 -0.747663 -0.921754 0.868645 -0.711333 0.940981
-0.462531 0.067163 -0.637617 0.790452 0.026687 -0.998884 -0.632763 0.358524 -0.936214 0.698308 -0.791450 0.620842 -0.089480 -0.030548 0.900418 -0.254292 -0.857938 0.496060 0.753832 -0.524755 0.242834 0.161559 0.422417 0.682210 -0.109967 -0.262370 -0.617999 -0.219321 0.027173 -0.752847 0.511756 0.625122 0.743046 -0.617997 -0.985094 -0.374428 0.393441 0.608578 -0.373970 0.502879 -0.021212 -0.991498 0.356674 0.728683 -0.411056 -0.918161 -0.969409 0.045001 0.669926 -0.447534
0.910803 0.456385 -0.899573 -0.413879 0.736391 0.956970 0.614537 0.394638 -0.531908 0.726077 0.302305 0.222056 0.091409 -0.781252 0.618970 0.919264 0.817122 0.766827 -0.678958 -0.641918 -0.252791 0.499276 -0.768262 0.123461 0.287235 -0.188699 -0.917619 0.413508 -0.992764 -0.617713 -0.380508 0.583466 -0.084326 0.322239 0.857353 -0.440748 0.228414 -0.361911 0.817453 0.573311 -0.075716 -0.576400 -0.910596 -0.108291 -0.008928 -0.221450 -0.108995 0.153989 0.557515 0.651953
0.853885 -0.168581 -0.107910 0.073517 -0.700574 -0.616755 -0.014013 -0.598979 0.493671 0.656744 0.772042 0.945127 -0.755855 0.489885 0.824706 -0.930509 0.094289 0.905311 -0.192811 0.960471 0.358094 0.604909 0.205718 0.325353 -0.608691 0.605538 0.095925 0.733020 -0.470960 -0.009284 0.234949 -0.933125 -0.399068 -0.823731 0.042335 -0.556914 0.904880 0.019010 -0.779133 0.727397 0.701364 0.949923 -0.748440 0.637230 -0.954133 -0.150637 -0.714646 0.412566 0.537994 -0.287984
-0.144769 -0.240766 -0.143641 -0.157305 -0.196565 -0.750572 -0.481878 -0.013298 -0.918528 -0.733534 -0.687014 0.071270 -0.344273 0.954411 0.711025 0.867229 0.125822 -0.621653 0.781317 -0.504171 0.818253 0.964717 0.947909 -0.937084 -0.642957 0.512981 -0.432075 -0.130655 -0.417974 0.612301 0.878756 -0.551805 0.177259 -0.861863 -0.690600 -0.613601 -0.726573 0.954667 0.294779 -0.952046 -0.140203 -0.710855 0.216940 0.251353 0.286642 0.216905 0.685886 0.605699 -0.776624 -0.685505
-0.918328 0.921584 -0.978193 0.910251 0.248720 -0.162141 -0.278792 -0.628690 0.261633 0.390230 -0.103907 0.183016 0.649675 -0.840362 -0.905596 0.930088 -0.793464 -0.472142 0.181304 0.339402 -0.046251 0.951415 0.790885 0.235347 0.576648 0.781333 0.507146 -0.647430 0.801303 0.476742 0.220554 -0.453598 -0.574333 0.493210 0.378284 0.638505 -0.614263 -0.867061 0.251507 0.882445 -0.819868 0.376677 0.149347 -0.333806 0.180962 -0.728011 0.365626 -0.439973 -0.304348 -0.697813
0.975333 0.134179 -0.482666 -0.049071 -0.353262 0.181881 0.865283 0.846296 -0.261072 0.964337 -0.385892 -0.724229 0.121197 0.832108 -0.740173 -0.837666 0.447210 0.726992 0.536219 -0.768980 0.583472 -0.094591 0.294504 -0.117551 0.917038 -0.928514 0.043242 0.228168 -0.983490 -0.416017 0.625759 -0.175409 0.336117 0.297173 0.998196 -0.870773 0.993844 -0.751506 0.741549 -0.016223 0.011378 -0.640946 0.077921 0.791737 0.479584 0.416592 -0.018015 -0.373591 -0.227411 -0.726926
0.882859 0.037499 -0.235505 -0.443107 0.902687 0.901511 -0.056637 0.449809 -0.069554 0.386949 -0.835808 -0.817676 -0.161054 -0.033326 0.646671 -0.879581 -0.702096 0.254057 -0.165286 -0.661254 -0.354540 0.512059 0.362271 -0.990464 -0.255420 -0.192036 0.671133 0.708589 0.982888 0.381852 0.114371 0.830220 0.472778 -0.291151 -0.593725 -0.514761 -0.078981 0.782083 -0.163860 -0.260312 -0.672522 -0.132702 -0.121826 0.677725 -0.816172 -0.487652 -0.537140 -0.268585 0.904328 0.870646
-0.790347 -0.187815 -0.701381 0.544740 0.909163 0.832830 -0.260634 -0.474688 0.601549 0.650351 -0.833802 -0.634065 -0.420067 0.929251 0.496668 -0.181818 -0.665630 0.327819 0.381286 -0.527881 0.845081 -0.656473 -0.994641 0.902491 -0.840156 0.622158 -0.377130 -0.831273 -0.205921 -0.222004 0.801077 -0.747744 0.867905 0.899568 0.585193 -0.782175 -0.327085 0.127714 0.955910 -0.430964 -0.824952 0.151936 0.645466 0.068163 -0.695799 -0.640765 0.297442 -0.907797 -0.513363 0.847365
-0.724051 -0.098498 0.347234 0.768763 0.114313 -0.915558 0.759202 -0.373893 -0.210734 -0.078896 0.568761 0.930541 0.803790 0.634908 -0.124994 0.071866 0.444625 0.890340 -0.427150 -0.025520 -0.171454 0.215415 0.281022 0.719937 -0.001312 0.827390 0.703674 0.875481 -0.350859 -0.057410 -0.961662 0.899000 0.533421 -0.509853 -0.784925 0.493475 -0.872312 0.375384 -0.559605 0.862592 0.457628 -0.532702 -0.832760 -0.240957 -0.945642 -0.748112 -0.743229 -0.483644 -0.419649 0.474644
-0.743563 0.551442 -0.107713 -0.304545 -0.480624 0.585757 0.199359 0.914761 0.259961 0.867884 -0.148877 0.573345 0.590895 -0.276687 0.996197 -0.673369 0.111275 -0.036607 0.673122 -0.348691 0.134144 0.465452 -0.817600 -0.454301 0.959650 0.844986 0.893426 -0.578980 0.655637 0.046490 -0.204035 0.427244 0.302883 0.335330 -0.376787 -0.666937 0.584369 0.371213 0.853963 0.206204 0.934827 0.241647 0.882543 -0.218675 -0.505739 -0.794455 0.207822 -0.258286 0.050967 0.434194
0.046652 -0.280122 -0.071854 -0.788016 0.253272 0.432396 0.208662 -0.785161 -0.095413 -0.632627 0.853690 -0.871734 -0.624798 0.290406 -0.591960 0.928702 -0.920390 0.445689 -0.584460 -0.877934 0.533024 0.502303 -0.083323 0.354726 0.478931 -0.552957 -0.487398 0.189662 -0.275087 -0.136597 0.551850 0.456067 0.453636 -0.377688 -0.396890 -0.644639 0.517916 0.846073 -0.515926 -0.054115 -0.289709 -0.500635 -0.332839 -0.117788 -0.201785 -0.207838 -0.220942 0.114883 -0.933783 0.030475
0.303474 -0.351503 -0.102556 -0.539176 -0.195903 -0.299845 -0.191081 -0.375812 -0.349477 -0.199028 -0.578406 0.614553 -0.271864 0.299059 0.359931 0.289897 0.237567 -0.505809 -0.095678 -0.465058 -0.638162 0.454064 0.838964 -0.951052 -0.163241 -0.743494 0.145702 -0.624631 -0.369578 -0.016360 0.355690 -0.659271 0.286617 0.559098 -0.681389 -0.479364 -0.205567 -0.013041 -0.254358 0.731547 0.685707 -0.056058 0.853502 -0.115064 -0.813696 -0.122337 -0.928948 0.727387 -0.423514 -0.164107
-0.719783 -0.011958 -0.328249 -0.755316 0.904307 -0.989117 -0.954100 0.578565 -0.743485 0.242738 0.701677 0.441112 -0.409313 -0.735448 0.694241 -0.360629 0.900111 -0.904008 -0.128938 -0.649963 -0.979674 0.565962 0.245386 0.189625 0.312447 0.701977 -0.718043 -0.888464 0.012855 -0.981576 0.149202 -0.991245 0.157913 -0.578885 0.326884 0.399122 -0.311278 -0.025475 0.391341 -0.652421 -0.937775 -0.962179 0.920505 0.728819 0.629609 -0.688537 0.215707 -0.933956 -0.648912 -0.064058
-0.012143 -0.980152 -0.436479 0.761116 0.786436 -0.318397 0.210510 -0.213584 0.874094 -0.647082 -0.920309 -0.707157 -0.883413 0.303757 -0.904433 0.643293 0.323537 -0.166365 -0.155761 -0.099326 -0.897563 0.178575 0.102980 0.226142 0.081694 -0.381744 -0.523046 -0.655092 0.129340 -0.894526 -0.694332 -0.570270 -0.757891 0.709884 -0.315656 0.290451 0.542151 0.483351 -0.616087 0.992154 0.964292 -0.418352 -0.606989 -0.255192 0.812265 -0.239211 0.576401 -0.271171 0.453332 0.549592
-0.558766 -0.190202 -0.387010 -0.145374 -0.234065 -0.213229 0.305679 0.302702 -0.891640 0.669252 -0.422566 -0.460855 0.073608 0.233311 -0.630043 0.465831 0.871895 -0.724997 0.798887 0.731224 -0.247878 -0.392546 -0.303405 -0.837010 0.977721 -0.753478 0.558416 0.510104 0.984026 0.967787 -0.977244 -0.085198 0.481545 0.056419 0.806315 -0.439061 -0.398920 0.698879 -0.607299 -0.455730 0.480851 0.645790 0.669114 0.969204 -0.877570 0.009498 0.138623 0.153413 0.595266 -0.762308
-0.024247 -0.416538 -0.445523 0.218008 0.467942 -0.211078 0.997159 0.121845 0.436835 -0.499468 0.108604 -0.061753 0.065973 -0.900871 -0.912209 -0.041010 0.593379 0.100048 -0.572919 0.519421 0.414965 0.165186 -0.844449 -0.968309 0.871356 0.488316 0.180344 -0.374614 0.385982 0.905020 -0.455086 -0.070228 0.089248 0.018116 -0.043465 0.705735 0.817813 -0.823528 0.171043 -0.495837 -0.209355 -0.395256 0.335739 0.147635 -0.109235 -0.183156 -0.969130 0.189870 0.302758 -0.908730
0.980893 0.733937 -0.022405 0.585002 0.759726 0.482470 0.410134 -0.657524 -0.732734 0.096884 -0.828893 0.039356 0.953959 -0.492352 0.586974 0.587707 -0.690980 0.224076 0.190247 -0.012958 0.129092 0.603883 -0.243694 -0.316913 0.519143 0.897081 -0.998304 0.831345 -0.660902 0.742611 0.763602 -0.532038 -0.626759 0.349784 0.756836 0.643082 0.804850 0.173265 0.071411 0.023439 -0.687335 -0.528329 0.132865 -0.374598 -0.975303 -0.979849 0.713335 0.931314 -0.799568 -0.463106
0.465758 -0.277636 -0.030104 0.390193 0.758508 0.127911 0.720570 -0.619846 0.582046 -0.720600 0.210517 -0.087136 -0.731044 0.106929 0.173772 0.638298 0.419944 0.966054 -0.334612 -0.443983 0.904176 0.516528 0.963819 -0.573423 -0.289367 0.632825 -0.648394 0.892652 -0.796218 -0.320273 -0.481702 -0.323231 -0.587560 0.998802 0.446654 0.644234 0.358198 0.917510 0.615601 0.229199 -0.610041 -0.858111 -0.488762 0.019132 0.793820 -0.800687 -0.693602 0.287079 0.897302 0.860536
0.224489 0.359028 -0.178531 0.076502 0.396694 0.745187 0.582571 -0.338329 0.201130 0.147425 0.846277 0.584165 0.187568 -0.964395 -0.879813 -0.504195 0.618265 -0.134230 -0.314643 0.474652 -0.669264 0.108027 0.486503 0.065038 0.153992 0.225150 0.606502 0.147283 0.124189 0.709396 -0.426955 0.105802 -0.631934 -0.325686 -0.615690 -0.544638 -0.694356 0.855682 0.241904 0.611131 -0.833186 -0.943656 -0.159556 0.270015 0.987655 0.397326 0.843313 -0.182853 0.575972 0.106592
-0.546644 -0.248975 -0.063363 0.908784 0.241406 -0.405217 -0.993355 -0.649223 0.302173 -0.716514 -0.360922 -0.172200 -0.377324 0.735763 -0.247420 0.515408 0.335636 0.075230 -0.721521 -0.926619 -0.703532 0.023573 0.442044 0.086024 -0.405951 0.884373 0.229740 -0.983348 -0.684920 0.568523 -0.544439 -0.260284 0.040617 -0.108447 0.931355 0.832731 0.506110 -0.316895 -0.961183 -0.093754 0.471013 0.626752 0.552186 0.455451 -0.110204 -0.757275 -0.798336 -0.562132 -0.719368 0.407583
0.516043 -0.348512 0.619742 -0.265729 -0.305564 -0.708095 -0.226119 0.285648 -0.615174 -0.575583 0.886706 0.968590 -0.845440 -0.555610 -0.503484 0.919426 -0.976453 -0.512846 0.131917 0.333434 -0.791097 -0.587280 0.564123 -0.248006 0.250175 -0.280039 0.726498 0.895045 0.301979 -0.508868 0.724657 -0.016694 -0.153402 -0.309183 -0.160043 0.648517 0.053276 -0.318394 -0.546309 0.989610 -0.795931 -0.441777 0.476070 0.982764 0.427611 0.102814 -0.238912 0.472989 0.432861 0.084717
0.110654 -0.419724 0.666434 0.588928 0.270823 0.789978 -0.361096 -0.547449 0.564187 0.549550 -0.692040 0.205844 -0.220587 0.262440 0.107455 0.375596 0.650202 0.169458 0.507431 -0.151139 -0.368774 0.160557 0.022495 -0.910216 -0.534955 0.780529 0.987753 0.022577 0.927066 0.444377 -0.041149 -0.293022 0.331791 0.656823 -0.454953 0.062794 0.680836 -0.897367 -0.850498 0.709726 -0.378395 -0.684565 -0.956058 -0.415444 0.305888 0.048237 0.968275 0.883847 0.418231 0.071680
-0.132213 -0.320024 0.056083 0.405474 0.342988 -0.653240 0.708060 0.112783 -0.485666 0.022883 -0.624359 0.749711 -0.437353 -0.151885 -0.103821 0.442131 0.925527 -0.983601 -0.262139 -0.648233 -0.705153 -0.182264 -0.898659 0.291696 0.477042 -0.051051 0.710015 0.477664 0.230850 -0.928689 0.230713 0.406204 -0.130983 0.233692 0.659671 -0.944757 0.009882 0.950467 0.929171 0.064631 -0.929324 -0.129234 -0.259081 -0.374070 0.810566 -0.370110 0.623834 -0.492641 0.019339 -0.206157
0.541164 -0.272123 -0.526287 -0.952325 -0.962676 0.956979 -0.315490 -0.434597 -0.097234 -0.011024 0.236695 0.156362 0.356982 0.565607 0.586521 0.274836 -0.141399 0.304694 0.376444 0.319476 -0.716617 0.612499 0.128651 0.548391 0.996866 0.682363 -0.571811 0.541156 0.395900 -0.893482 -0.643230 -0.282997 0.426823 0.289405 0.952594 -0.226470 -0.577195 0.643279 -0.884655 0.607416 -0.558917 -0.935555 -0.141320 -0.094845 -0.500359 0.836946 0.308542 -0.528562 0.958037 -0.444091
-0.186794 -0.574702 -0.954598 -0.960695 -0.389492 0.020411 -0.029859 0.259017 -0.025229 0.874795 0.691946 -0.416806 -0.058721 -0.866018 0.907151 0.657285 -0.961855 0.349895 -0.859212 -0.715403 -0.202573 0.765838 0.306508 0.578561 -0.143705 0.595607 -0.827739 0.773338 0.700879 -0.571867 -0.952881 -0.034216 0.089207 -0.898677 -0.960559 -0.335583 0.031443 -0.723744 0.987271 0.466229 -0.933363 0.218493 0.437814 0.536459 0.694975 -0.224145 -0.785778 0.111683 0.777951 0.175375
0.412311 -0.461837 -0.847922 -0.183814 -0.510258 0.495918 0.756815 -0.705569 -0.654924 -0.411560 -0.143724 0.431904 0.827418 0.134693 -0.853659 0.600095 0.718917 -0.463747 0.471386 0.309175 -0.081220 0.835514 0.781709 0.121557 -0.214117 -0.602438 -0.596086 -0.554962 0.450232 -0.047273 -0.994947 -0.485590 -0.625128 0.802214 -0.967290 0.217638 -0.059899 0.546989 0.310656 -0.491273 0.496079 0.453831 0.864185 -0.316510 -0.890454 0.858648 -0.906212 0.952641 0.555902 0.427538
-0.282083 -0.296614 0.544223 -0.675161 0.054483 0.124683 -0.744271 -0.383235 0.895028 -0.921351 0.041499 0.106482 0.966378 0.142268 -0.202247 -0.455370 0.933935 -0.264253 -0.608322 -0.544502 0.494991 0.517332 0.291175 0.887549 0.616314 0.269777 -0.815120 -0.116237 0.899374 0.480546 0.341956 0.804441 -0.158923 0.149159 -0.488709 0.496178 -0.930825 -0.401732 0.677280 0.422199 -0.380362 -0.675951 0.008155 -0.969369 0.524144 -0.277743 -0.010329 0.470423 -0.897414 -0.201137
0.898357 0.109095 -0.381433 0.234623 -0.280421 -0.851300 -0.693779 -0.170982 0.723107 0.202074 -0.353970 -0.862185 -0.311454 -0.378645 -0.813514 0.775692 -0.941000 0.394195 0.417288 -0.346505 -0.294589 -0.124728 0.338705 -0.350894 0.050335 -0.943677 0.187794 0.730626 -0.278737 -0.475301 0.737494 0.023954 0.065156 -0.437538 0.772111 -0.564447 -0.083725 -0.327171 -0.345868 -0.011869 0.820551 -0.615298 -0.870028 0.564993 0.885157 -0.224490 -0.405198 0.834213 -0.624909 0.580173
-0.550554 -0.955250 -0.830575 -0.804776 0.678404 -0.363117 -0.134644 0.356267 -0.799417 0.552604 0.290095 -0.965110 -0.390128 -0.110005 0.549710 -0.060886 0.197769 -0.419835 0.296771 0.458472 -0.380742 -0.898213 -0.901016 0.233145 0.893800 -0.250420 0.231389 -0.725591 0.943244 -0.634522 -0.481861 0.521800 -0.059384 0.573327 0.409303 0.169188 -0.225363 0.997561 -0.991471 -0.314807 -0.191188 0.369196 0.806440 -0.455927 0.317554 -0.874238 0.219475 0.036786 0.497141 -0.482842
0.403431 0.888255 -0.663328 0.328213 -0.543103 0.062454 -0.937906 0.272218 0.610020 -0.910503 0.724362 0.938394 0.056899 -0.027230 0.840653 -0.635171 -0.845787 0.279850 0.628907 -0.001789 -0.577421 -0.556062 0.500485 0.950962 -0.176658 -0.917139 0.484866 -0.109381 0.923110 0.383760 -0.307268 0.520421 0.004508 -0.474970 -0.095961 -0.505267 0.207821 0.966341 0.568166 -0.962608 0.977381 -0.927312 -0.371293 -0.479346 -0.359237 0.877647 0.956973 -0.324530 -0.520528 0.764306
0.193014 0.524394 0.566945 -0.023071 0.698839 0.021618 0.387695 -0.161072 -0.213374 -0.311248 0.531068 -0.365124 0.931985 -0.693423 -0.238776 -0.731973 -0.648406 -0.985617 -0.134995 -0.827211 0.310714 0.894662 0.162137 -0.502900 -0.762631 -0.800411 0.688787 -0.670248 -0.372351 -0.161335 -0.469463 -0.771382 0.580642 -0.636098 0.913124 -0.355889 0.282559 -0.969347 0.553981 0.597574 0.673210 -0.173717 -0.336725 -0.355935 -0.728659 -0.864488 0.309148 -0.781717 -0.466975 -0.289196
-0.567489 0.449225 -0.561737 0.351124 -0.463103 0.915461 0.114605 -0.907461 0.576743 -0.135980 0.206788 -0.383696 0.890337 0.379984 0.184873 0.646559 -0.687829 0.739699 0.256377 -0.096828 -0.856568 0.045736 0.388822 0.670047 0.836378 0.853403 -0.126476 0.630791 0.317372 0.861760 0.414077 0.857689 0.815549 -0.723960 -0.666821 -0.940467 0.126208 0.866891 0.876058 -0.087743 -0.830558 -0.085876 0.913524 -0.266314 -0.286123 -0.354868 0.995886 -0.496100 -0.074533 -0.265096
0.522101 -0.315378 -0.999463 0.401428 0.654220 -0.899675 0.970848 0.991152 -0.172854 0.791268 -0.157736 -0.584105 0.146084 -0.411695 0.740394 0.000556 0.527006 0.092656 0.646231 -0.771633 0.031241 -0.499304 -0.413848 0.931578 -0.705239 -0.019667 0.146063 -0.746325 -0.182945 0.251508 -0.578443 0.842746 0.855921 0.635815 -0.476968 -0.225866 0.411615 -0.350979 0.405529 0.504916 -0.402921 0.012528 0.218236 0.428945 0.191244 0.428654 -0.281262 -0.989068 -0.404161 0.008410
0.255395 -0.534061 -0.000787 -0.188205 -0.673298 -0.522305 -0.791547 0.383071 -0.514128 0.509371 0.021085 -0.387585 0.073664 -0.617877 -0.592360 -0.194213 0.283664 0.393080 0.587233 -0.595328 -0.882497 -0.682882 0.633416 -0.852408 0.183402 -0.458409 -0.322479 0.850647 -0.604324 -0.319987 0.821240 -0.128285 0.362328 0.101427 -0.882631 -0.985750 0.651337 -0.841757 -0.369541 -0.981441 0.808380 0.624559 -0.979759 -0.605848 0.590972 -0.743844 0.841885 -0.471398 0.152124 -0.962128
0.149499 0.341405 -0.633744 -0.899039 0.416983 -0.860402 0.462377 -0.807191 -0.200367 -0.327617 -0.385391 -0.737588 -0.239144 0.789215 -0.069613 0.866045 0.253368 0.856852 -0.652087 0.041245 -0.312631 0.636544 -0.434144 -0.771414 0.375554 0.343265 -0.684752 -0.497093 0.436873 0.042163 -0.044437 -0.088612 -0.869872 -0.497019 -0.187895 -0.032933 -0.188237 0.146713 -0.144090 0.196403 -0.403030 -0.721297 -0.461941 -0.949945 -0.886087 0.173101 0.418130 0.409142 -0.132668 0.133194
-0.231065 -0.579297 -0.206112 -0.292918 -0.443815 0.141001 -0.856067 -0.316284 0.581075 0.229340 -0.221057 0.386265 -0.878475 0.636766 0.864666 -0.992785 -0.818851 0.148035 0.931574 -0.522543 0.982773 0.632524 -0.120704 -0.572488 0.175967 -0.761968 -0.877291 0.016218 0.835454 0.945190 -0.552192 0.631318 -0.279165 0.763342 0.254373 0.291748 -0.835592 -0.017618 0.755091 -0.722570 0.282061 0.828612 0.686052 -0.738813 -0.640602 -0.026133 -0.689712 0.373606 0.358820 -0.871498
-0.108923 0.575159 -0.897546 -0.869016 0.088040 -0.453452 -0.309601 -0.106708 -0.887006 -0.305783 -0.205324 0.288860 -0.780040 -0.431362 0.540510 0.932395 -0.707066 -0.006184 0.078542 -0.705509 -0.253106 -0.599223 -0.578357 -0.476805 -0.482243 0.247494 -0.990739 0.349775 -0.654393 -0.897722 -0.795497 -0.334623 0.196718 0.809290 -0.827755 0.156903 0.281625 -0.473606 0.446503 -0.329407 0.938023 -0.484387 -0.466472 0.926930 -0.304467 -0.528635 -0.871065 0.611074 0.008319 -0.472040
-0.339641 -0.369409 -0.205535 0.395065 -0.333504 -0.012808 0.808143 0.104934 -0.044262 0.595834 0.139632 0.534460 0.807836 0.059929 -0.481646 -0.814655 -0.691045 -0.140488 -0.644570 -0.400988 -0.380931 -0.496441 0.220175 -0.176630 -0.768872 -0.365671 0.394668 0.085578 0.701913 0.978449 -0.316642 -0.732849 0.731682 0.580769 0.820787 -0.790996 0.381833 -0.079335 0.367519 -0.740398 -0.806839 0.288640 0.062155 -0.554542 0.562992 0.842520 0.291043 -0.673219 -0.898031 0.502970
0.177416 -0.205763 0.572907 -0.273012 -0.090245 -0.491527 0.175520 -0.304104 0.349490 0.354465 0.329855 0.147491 0.663908 -0.960740 -0.247276 -0.279734 -0.270635 0.759311 -0.469913 -0.853013 -0.659218 0.077615 0.964949 -0.598093 -0.098205 -0.614564 -0.241099 -0.284320 0.931077 0.236180 0.770491 -0.983357 -0.239645 -0.068485 0.393084 -0.590378 0.855955 0.011906 0.830185 -0.737435 0.245975 -0.341535 -0.604862 -0.812611 0.569343 -0.894588 0.262543 0.029796 -0.482933 0.824273
-0.521641 -0.055126 -0.268095 -0.696752 0.421108 0.647224 -0.206960 -0.398298 0.145317 -0.603176 0.568925 -0.357475 -0.713662 -0.396719 -0.969989 -0.028825 0.985489 -0.722031 -0.677812 -0.098567 -0.784803 0.046163 -0.227544 0.607524 0.769523 0.622431 0.667168 0.365879 0.099711 0.745762 -0.057794 -0.979922 -0.952949 -0.511943 0.180151 -0.693768 -0.952847 0.725600 -0.971407 -0.405149 -0.745147 -0.345701 -0.675223 -0.222372 -0.416493 -0.466757 0.230157 -0.054576 0.444396 0.606142
-0.631571 0.607042 -0.857420 -0.925028 -0.384675 -0.340530 -0.620897 -0.488580 0.711144 -0.126269 0.090252 0.550924 0.443943 0.423364 -0.178563 0.106985 0.233972 -0.678220 -0.967743 -0.455500 0.477865 0.681771 0.888529 -0.629027 0.046899 0.382606 -0.562885 -0.231180 0.861292 -0.687422 -0.114607 0.573588 -0.851885 0.099726 0.195704 -0.983970 0.969894 -0.700491 -0.778624 0.659935 -0.356566 -0.419887 0.901709 -0.839128 -0.083891 0.446526 -0.572545 0.764323 -0.666390 -0.408197
-0.835924 0.983502 0.419961 0.257243 0.550374 0.906813 0.290357 0.593430 0.930675 0.802789 -0.038414 -0.735887 -0.788924 -0.768344 0.677686 -0.015750 -0.399279 0.299645 -0.824594 0.652616 0.893888 0.639727 0.069825 -0.484840 0.678418 0.795342 -0.621955 -0.897291 -0.065774 0.601837 -0.718535 -0.554969 0.501239 0.610492 0.149878 -0.933820 0.330946 -0.087474 -0.210124 -0.057854 0.614438 -0.025956 0.688320 -0.762397 -0.916073 0.207915 0.679688 0.309536 -0.413974 0.376958
-0.304801 -0.364471 0.881206 0.785162 0.567039 0.373693 0.989044 0.051806 -0.042315 -0.921738 -0.453312 -0.251929 -0.267571 -0.099499 0.225594 -0.652195 -0.733459 -0.454614 -0.871613 0.911307 0.164682 -0.589240 0.673807 -0.362939 -0.552033 -0.214884 -0.052576 0.432554 -0.963789 -0.497426 0.354080 0.412397 -0.426302 -0.497236 0.825193 0.091134 -0.439514 0.148118 0.138237 0.466489 -0.316286 0.184920 -0.326971 -0.517333 -0.614137 0.654004 0.166198 -0.060743 0.286676 -0.185491
0.238993 -0.535189 -0.682992 0.059683 0.014773 0.521675 -0.126693 -0.056053 -0.541425 -0.488824 0.914789 -0.418768 0.649730 0.957306 -0.825518 -0.088013 -0.201390 -0.545732 -0.301857 -0.442313 0.824420 -0.341193 -0.796223 0.427991 0.422318 0.299706 -0.108244 0.855460 0.917492 0.053366 -0.020085 0.136153 0.482006 -0.620876 -0.799460 0.157508 0.646020 -0.947242 -0.796844 0.031091 0.025595 0.696892 -0.830012 0.694739 0.791876 -0.887494 -0.087786 -0.506962 -0.088019 0.445976
0.509686 0.119861 0.727351 -0.037675 0.039679 0.603072 0.288721 -0.955490 0.180357 0.180132 0.301522 -0.938639 0.310824 0.912358 -0.358070 0.399135 0.807419 -0.014531 -0.984004 0.124045 0.040345 -0.373216 -0.943153 -0.850244 -0.766485 0.277024 -0.204279 0.542840 -0.990199 -0.213229 0.224610 -0.565071 0.873433 0.467838 0.182114 -0.687908 -0.335784 -0.425710 -0.921195 0.878156 -0.298701 0.167498 -0.002386 -0.461737 0.053004 -0.983025 0.710792 -0.277697 0.040008 -0.667558
0.206388 0.068470 -0.328987 0.702145 -0.541757 -0.036926 0.251599 0.397120 0.507957 -0.785300 -0.290795 0.561587 -0.075147 0.585012 0.814470 0.759933 0.694943 0.557168 -0.613139 -0.837428 -0.130533 0.182074 0.601867 -0.538417 0.252942 -0.709254 -0.227398 -0.918521 0.316146 -0.852141 0.517504 0.643971 -0.140602 0.524791 -0.496800 0.835592 0.279895 -0.917866 -0.290584 -0.262204 0.576920 -0.592236 0.695756 -0.201532 0.458711 -0.743398 0.480246 0.101259 0.932874 0.158281
-0.999758 0.211748 0.739965 0.079504 0.522473 -0.621724 -0.148938 0.512024 -0.610270 0.169027 0.294647 0.365162 -0.255987 -0.596712 -0.718357 0.820528 0.673556 -0.592035 0.850310 -0.521054 -0.496290 -0.506130 -0.752216 0.840507 0.332833 -0.202019 -0.727078 0.893175 0.170423 -0.853717 -0.615847 0.295858 -0.092722 -0.878237 -0.830098 -0.656087 0.286139 -0.017838 0.308063 0.366991 -0.109669 -0.075882 0.941441 0.492401 0.943888 -0.792022 0.034223 -0.010790 0.047355 -0.384943
0.715637 0.105889 0.473052 0.728162 0.988271 -0.811751 -0.930591 -0.495314 0.776239 -0.594373 0.635583 0.161682 -0.624122 -0.027991 -0.898628 0.099847 0.407392 -0.842651 0.536185 0.098906 0.395595 -0.403937 0.292498 0.509687 0.589916 -0.383981 -0.422447 -0.155467 -0.370911 -0.667446 -0.361293 0.296956 -0.466751 0.699790 0.158728 -0.845358 -0.126026 0.068996 -0.062664 -0.323797 -0.090866 0.239983 0.042200 -0.668971 -0.202217 0.579517 0.791849 -0.935419 -0.411065 -0.873583
-0.512158 -0.669581 0.890759 -0.535670 0.380909 0.291564 -0.428052 0.654462 -0.618370 -0.262097 0.849834 0.564281 -0.068804 -0.239926 0.973857 0.015260 -0.556785 0.545762 -0.270236 0.026944 -0.879202 -0.109269 0.450206 -0.273076 -0.798175 0.353749 -0.174807 -0.733462 -0.930070 0.501368 -0.057817 -0.458169 -0.657469 0.941031 -0.737175 -0.498453 0.072108 0.001688 0.248962 -0.640150 0.695479 -0.947810 -0.729048 0.089972 -0.136963 0.561058 0.279203 0.007039 0.439535 -0.365005
-0.210437 0.395984 0.678409 -0.013443 0.227007 0.690103 0.366089 0.734652 0.333694 -0.784390 -0.960250 0.218859 -0.215296 0.068479 0.078609 -0.107964 0.590090 -0.486430 0.212553 -0.703736 -0.175098 0.665068 -0.281253 -0.933101 0.509074 -0.645565 -0.086467 -0.515261 0.631214 0.760609 0.206680 0.372801 -0.362471 0.743345 0.314453 -0.538062 0.105022 -0.947411 -0.554072 0.233874 -0.763830 0.132988 0.777488 -0.122852 0.046553 -0.535643 0.547618 -0.024060 -0.771843 -0.475430
-0.865968 -0.804161 0.499755 0.930889 0.016684 -0.412560 -0.522507 -0.402442 0.049226 -0.555133 -0.851625 -0.180337 0.228771 -0.725029 0.163231 0.467206 -0.304683 -0.084916 -0.958773 0.037344 -0.729282 -0.606089 -0.414931 0.631899 -0.196583 -0.363133 -0.656425 -0.091139 0.697936 -0.048979 -0.163761 -0.000546 -0.232466 -0.768822 0.379224 0.288243 0.942122 -0.238077 0.533627 -0.441391 -0.486004 0.218524 -0.818376 -0.375335 0.331186 -0.752545 0.920259 0.956571 0.420452 0.666900
0.299277 0.817672 0.612970 0.272056 0.757457 -0.539282 -0.078702 -0.987660 -0.766861 -0.922696 0.329873 0.564951 0.252254 -0.330639 0.824753 0.242544 0.654559 0.746141 -0.420334 0.171987 -0.311348 -0.185863 -0.807404 -0.234414 -0.920651 0.161446 0.307295 -0.156246 -0.131753 0.718634 -0.951907 -0.651576 -0.691441 0.361594 0.396355 -0.130294 0.211629 0.712953 -0.374877 -0.099388 -0.358924 0.743268 -0.941217 -0.764871 0.424004 0.685288 -0.693756 -0.405037 -0.478791 -0.070722
0.311536 0.388497 0.490916 0.904444 0.198902 0.138839 -0.068786 0.101243 -0.525127 0.711581 0.827054 0.559381 -0.852272 0.895362 -0.186684 -0.425794 -0.245343 -0.934309 -0.413151 0.213826 0.345726 0.308725 -0.894412 0.870025 -0.271131 0.520348 -0.128286 0.574833 0.926474 0.419486 0.604571 -0.470544 0.119864 0.933967 -0.821977 -0.435591 -0.781917 -0.923865 0.287368 0.298733 -0.701420 -0.947423 0.687829 -0.056458 0.886353 -0.427034 -0.172184 0.098278 -0.109651 -0.994111
0.470638 -0.623366 -0.026369 -0.270346 0.199677 -0.465495 0.727062 0.141104 0.950298 -0.230939 0.420415 0.190244 0.202261 0.290077 0.749201 0.526014 -0.878690 -0.718573 0.396008 -0.024187 -0.575688 -0.253865 -0.295457 -0.479703 0.268072 0.255056 0.040992 0.572613 -0.756738 0.798127 0.528206 0.241160 -0.970099 -0.697455 0.204949 0.647607 0.077678 -0.257575 0.159658 -0.169572 0.178887 -0.571662 0.293981 -0.275580 -0.189864 0.297330 -0.709654 0.023897 -0.691704 0.558224
-0.270613 -0.489600 0.328925 -0.621371 0.639922 0.524475 0.903117 -0.200848 0.405344 0.122876 -0.641696 0.662511 0.517018 0.107930 -0.332835 -0.541061 0.874409 0.711903 0.127413 0.049277 0.375580 0.856591 0.005408 -0.449289 0.268384 0.630831 0.390576 0.020757 0.253463 0.618231 0.426914 -0.382492 -0.500208 -0.578781 -0.940311 0.561741 -0.688740 -0.598810 0.051223 -0.348535 -0.435371 -0.903443 0.241860 -0.481928 0.804649 -0.425981 -0.068029 0.695573 -0.853835 -0.200057
0.593159 -0.668932 0.320210 -0.047849 -0.953834 0.732158 0.474413 0.016061 0.246244 0.581488 -0.746786 -0.779619 0.627770 0.526728 -0.953044 0.212695 0.392343 0.060279 0.131325 0.812606 0.651279 -0.444152 0.545258 -0.599184 -0.228586 -0.491037 -0.903224 -0.586827 0.772320 0.768210 -0.537222 0.094663 -0.387074 0.698520 -0.509677 0.444960 -0.889694 0.820177 0.801505 -0.609520 -0.294639 0.407345 0.361449 0.288853 -0.797636 -0.065365 0.794508 0.319014 0.694572 0.909645
-0.277578 -0.745643 -0.479357 0.861286 -0.892394 -0.894730 0.505714 0.223245 -0.415056 -0.110384 -0.900262 0.704504 0.508295 0.679066 -0.836354 0.354406 -0.677232 -0.545812 0.461230 -0.584962 0.089223 -0.462263 -0.918127 0.981750 -0.177590 -0.903220 -0.586445 -0.105298 0.658999 -0.450329 0.765721 0.787438 -0.392602 -0.573987 -0.135931 0.757081 0.580561 -0.554820 0.473615 0.848685 -0.623651 0.543392 0.302233 -0.935195 0.740536 -0.492977 0.728255 0.908030 -0.186072 -0.033504
-0.091541 -0.690604 -0.154769 -0.243820 0.896429 0.010096 -0.762771 -0.620184 0.382774 0.502340 -0.532447 -0.411463 -0.194542 -0.114389 0.246981 0.270282 -0.905939 -0.101945 0.449630 0.437771 0.523052 -0.267538 0.117318 -0.101557 0.842397 0.592247 -0.479336 0.520376 -0.282423 0.514271 0.766007 -0.743367 -0.740169 -0.671103 0.265882 -0.696067 -0.645356 0.711664 -0.957448 0.814530 -0.848475 0.939999 0.188827 -0.200969 -0.830686 0.460312 0.956576 -0.561476 0.061002 0.541022
-0.778108 0.748723 0.492874 -0.219147 0.253703 0.093451 -0.553765 0.653848 0.192541 -0.328974 0.007490 0.326005 -0.052743 -0.141973 0.630145 0.645716 -0.124550 -0.280070 0.067304 -0.584421 -0.341419 0.581016 0.460460 0.107964 -0.383086 0.444414 -0.640447 0.453083 -0.458724 0.912060 -0.753506 0.880449 -0.779574 -0.947839 -0.557132 -0.490759 0.952217 0.307264 0.671729 -0.806141 0.863630 0.105535 0.930325 0.434434 -0.094002 -0.653514 -0.910913 -0.046261 0.774447 -0.755004
-0.893606 0.904202 0.136575 0.614825 -0.960299 0.147510 -0.571497 0.971316 0.337803 -0.807612 -0.248151 -0.149078 0.922386 -0.934919 -0.555949 -0.430364 0.224032 -0.712448 -0.386799 0.390857 -0.633836 0.516122 -0.776613 0.203663 0.411651 0.791148 -0.454663 0.109896 -0.936300 -0.826116 0.392291 -0.088061 0.610784 -0.242888 0.076988 -0.285343 -0.261873 0.143970 -0.858297 0.932901 -0.303081 0.746037 -0.140036 -0.109922 0.464083 -0.532757 0.329396 -0.347682 0.983126 -0.860919
-0.833282 0.164868 0.775989 0.957088 -0.833436 -0.183164 0.024278 0.300804 -0.519033 -0.443784 -0.639486 0.123893 -0.829943 -0.140306 0.898498 0.266580 0.113004 0.112200 -0.084707 -0.621007 0.596028 0.783704 0.037171 0.348244 0.705457 -0.499532 -0.247460 -0.619181 -0.196659 -0.146688 -0.039193 -0.483313 0.242902 -0.164351 -0.564082 0.679210 0.099199 0.668091 -0.613426 -0.554416 -0.152615 -0.075267 -0.024593 0.714396 -0.017972 0.308765 0.624104 0.753570 0.378999 0.322747
-0.525528 0.335361 -0.404282 -0.414656 0.966394 0.398850 0.341339 0.375594 -0.013853 0.919217 -0.587849 0.970568 -0.970898 -0.277039 0.491191 -0.417725 0.076210 -0.062130 0.192954 0.241490 -0.896990 -0.579049 0.650519 0.830207 -0.927793 0.942388 0.725909 0.237119 -0.313703 0.090883 -0.055928 -0.053717 0.326882 0.047067 0.559136 0.053791 0.697916 -0.122040 0.462273 0.882727 0.617307 -0.442106 -0.441373 -0.361888 -0.093175 -0.111726 0.095142 0.609752 -0.289367 0.662152
0.060241 -0.486015 -0.639818 0.588492 0.656480 -0.825075 0.823599 0.915026 -0.985157 -0.503213 0.393660 0.624088 -0.974137 -0.361531 -0.116042 -0.736025 0.539499 -0.235080 0.827245 -0.079457 -0.019308 0.667999 0.490665 -0.794020 -0.176404 0.769260 0.646086 -0.692840 0.875234 0.632535 0.020429 -0.455087 0.219001 -0.385772 0.974462 0.155958 0.402954 -0.335056 -0.637270 0.277690 0.354954 0.629101 -0.125114 -0.605565 -0.388935 0.699099 -0.095790 0.804610 -0.173037 -0.928598
-0.826291 0.658418 0.792336 0.906374 -0.383595 -0.588014 0.999040 0.454051 0.998947 0.228769 0.377472 -0.803419 0.841666 -0.846970 0.027086 0.295698 0.134136 -0.805120 0.789051 0.833906 -0.663519 -0.637884 -0.054945 0.533384 -0.635473 -0.847618 0.409037 -0.535156 -0.916147 0.382126 0.924112 0.887403 -0.130999 -0.222481 0.442125 -0.681269 0.162977 -0.247784 0.289810 -0.834046 0.153496 -0.157336 0.866312 -0.396054 -0.138629 0.778393 -0.933562 0.900438 -0.703601 -0.642146
-0.261535 -0.060893 -0.145914 0.514880 -0.470102 0.966579 -0.406024 -0.476095 -0.428166 -0.197663 0.557799 0.461692 0.330477 -0.644713 0.214562 -0.360328 0.675215 -0.061292 -0.139864 0.603919 0.775524 0.380584 0.941401 0.172309 -0.709642 -0.437541 -0.184180 0.860796 -0.989308 -0.894672 -0.704572 -0.925245 0.240683 -0.735130 -0.064316 0.211574 0.473486 0.454689 -0.269540 0.893408 -0.687583 0.892779 -0.443486 0.211999 -0.027001 0.914471 -0.045536 -0.856554 0.170551 -0.756472
-0.614060 0.371774 0.857874 0.152876 0.340135 0.216186 0.412674 -0.887949 -0.960566 -0.822211 -0.990153 0.860834 -0.130224 -0.203596 -0.817875 0.260363 0.236920 0.395157 0.774380 -0.692556 -0.090518 0.281863 -0.612997 -0.880976 0.092487 0.167746 -0.203156 0.384064 -0.011520 0.484516 0.180484 -0.884510 0.530264 0.046518 -0.565440 -0.675057 -0.184491 0.962619 0.140025 -0.034917 0.529594 -0.125733 0.612176 -0.300980 -0.112389 -0.703682 -0.496359 0.582619 -0.280911 0.836485
-0.747356 -0.329077 0.431797 -0.887379 -0.493681 0.532039 0.618064 -0.005998 0.488863 -0.317216 0.010879 -0.886601 0.599882 0.739242 -0.535832 0.164116 0.201480 -0.078716 0.642261 0.036842 0.032664 0.053951 0.830526 0.619605 -0.374486 -0.480862 0.538597 0.470049 0.994734 -0.603595 -0.586261 0.857811 -0.097477 0.705949 0.875819 -0.697804 -0.729125 0.166301 0.153796 0.150352 -0.905855 -0.366132 -0.008878 0.528111 0.472037 -0.991689 -0.749325 0.283485 -0.766860 -0.294121
0.921093 -0.817059 0.945626 0.580014 0.849657 -0.484510 0.133873 -0.252719 0.989281 -0.600448 -0.506771 -0.378270 0.384430 -0.275900 -0.710393 0.086345 0.663570 0.317027 0.817954 0.812060 -0.293711 0.899461 0.640203 0.577376 0.346471 -0.177595 -0.855372 0.797441 0.853496 -0.429425 -0.433098 0.991304 0.917926 0.455712 0.162265 -0.442311 0.782148 0.738635 -0.046549 0.873252 0.879857 -0.001528 -0.164426 0.103408 0.559058 -0.551499 0.526276 -0.981667 0.709572 -0.801992
0.576561 0.791303 -0.624469 0.627071 -0.707421 0.117074 0.204705 0.088368 -0.763144 -0.898925 -0.691428 -0.168754 0.122721 0.035924 0.221146 0.353161 0.267946 0.565141 0.131725 0.299996 -0.570241 -0.105778 -0.972846 -0.905943 0.622450 0.873467 0.006055 0.925651 -0.288271 -0.706819 0.683612 -0.203355 0.183447 0.348710 -0.206901 0.467294 0.158928 -0.818112 0.703536 0.490083 0.371516 -0.732480 0.563813 -0.047951 0.538652 0.713849 -0.442995 0.768173 0.358877 0.715939
-0.946565 -0.152764 0.476972 -0.841718 -0.802067 -0.974058 -0.321507 -0.916301 0.052436 0.524949 -0.947405 0.187806 0.790588 -0.208418 0.123541 0.631529 -0.351870 -0.295863 0.766755 0.746373 -0.068987 -0.675269 -0.809321 -0.719264 -0.242767 -0.232015 0.228093 -0.896335 -0.630865 -0.252600 0.030397 -0.580915 0.083359 -0.280382 0.906434 -0.521465 -0.871242 0.421244 -0.215749 -0.345428 0.279446 -0.546712 -0.191960 0.601140 -0.715178 -0.199698 0.683071 0.380483 0.186169 -0.591383
-0.075131 0.043439 0.669681 0.793005 -0.410678 -0.331801 0.624574 0.909211 -0.563251 -0.596635 0.222731 -0.314554 -0.726676 0.378820 -0.795585 -0.715549 -0.625262 -0.448127 0.497740 -0.186470 -0.636550 -0.966272 -0.868917 -0.257693 -0.577912 -0.798866 0.131578 -0.707938 -0.324093 -0.178510 -0.588282 0.344559 -0.992313 0.603109 -0.485489 0.376844 -0.180442 -0.506060 0.085002 0.846453 -0.214771 -0.789708 -0.360532 0.153270 -0.819196 -0.380176 0.807146 0.759065 -0.400966 -0.816980
-0.863976 0.782052 0.871869 0.050515 -0.627273 0.018625 0.224047 0.747032 -0.180327 0.303651 -0.300293 0.068424 -0.202137 -0.529126 -0.901797 -0.975775 -0.061639 0.088432 -0.386339 -0.897582 -0.758009 -0.066373 0.898129 -0.506790 0.526941 -0.775684 -0.394756 0.214473 -0.966546 0.625140 0.916953 -0.729120 -0.846983 -0.874448 0.192010 0.810659 0.839510 0.194003 0.299976 0.810086 -0.686816 0.152901 0.028630 0.685510 -0.819176 0.223567 0.412793 0.380940 -0.805589 -0.636600
0.619437 0.303756 0.666552 0.296629 -0.972191 -0.504252 0.597546 -0.205572 0.380706 0.708219 0.110874 0.508297 -0.666958 0.932459 0.403840 -0.341438 0.239837 -0.296950 -0.346578 0.806468 0.188148 -0.204533 0.034754 -0.223809 0.513290 0.237715 -0.885659 -0.551527 -0.271254 0.786994 -0.065742 0.514888 -0.831811 -0.675358 -0.902963 0.043301 0.946630 0.303827 -0.734891 0.264961 0.013611 -0.995036 -0.466882 -0.034636 0.503786 0.952250 0.795548 -0.106016 -0.043860 -0.523533
0.344653 0.160279 -0.533367 -0.676288 -0.931564 -0.162591 0.853856 0.210293 0.323419 0.173630 0.071544 0.005597 0.313482 -0.433997 -0.039592 -0.555076 0.462694 -0.123600 0.727052 0.951528 -0.367208 0.567352 0.907046 -0.490665 0.378036 -0.959182 -0.130437 0.431111 0.215046 -0.050207 0.574554 -0.633628 -0.369812 0.376213 -0.751951 0.519456 -0.034819 -0.479302 0.858412 -0.601569 -0.753981 0.949931 0.155906 -0.688843 -0.804161 -0.152529 -0.821194 -0.403382 -0.964223 -0.714203
0.269703 -0.381025 -0.202833 -0.447614 -0.464513 0.194341 -0.274062 -0.375998 0.935663 0.485421 0.362561 0.080092 0.468624 -0.085029 -0.701763 -0.527684 0.596413 0.752831 -0.509995 0.960885 -0.708777 -0.782141 0.037688 -0.308610 0.033752 -0.442038 0.294238 0.228343 0.796038 -0.669095 0.686258 0.890214 0.219882 0.522289 -0.984363 -0.191057 0.651722 -0.354448 -0.496846 0.193792 0.778437 -0.944234 -0.954286 0.376557 0.927132 0.359694 0.123465 -0.272660 0.388820 -0.908580
-0.859902 0.494427 0.209840 -0.316599 0.565165 0.854338 -0.441747 0.747852 0.758246 -0.293056 0.504970 0.754078 0.207869 -0.852238 -0.653498 -0.078090 0.200643 0.690998 -0.784948 0.913243 -0.343346 -0.328455 -0.269820 0.927689 0.604243 0.159456 0.034724 -0.024788 0.576675 -0.908081 0.248599 -0.670488 0.801967 0.483334 -0.696131 -0.424088 -0.758473 0.812734 0.706589 -0.811820 0.732501 0.819549 -0.899694 0.606588 0.799608 -0.831801 0.833855 -0.854928 0.370946 0.458824
0.924980 0.194676 -0.457063 -0.119558 -0.636316 -0.712130 -0.029090 -0.250301 -0.413790 0.595824 0.849458 -0.666738 -0.745056 0.089773 -0.153148 0.253777 0.485649 -0.654796 -0.075102 0.008222 -0.790509 -0.631516 -0.178621 -0.266575 0.356538 0.427085 -0.255681 -0.050417 -0.441467 -0.139209 0.778937 0.176114 0.925703 -0.984225 0.598755 0.044166 0.786520 0.432955 0.199218 -0.540021 -0.679016 0.716649 0.831759 -0.153279 -0.739671 0.393511 -0.680439 0.503547 0.524227 0.871955
0.445195 -0.570528 0.349737 -0.537573 -0.962085 -0.748051 -0.780531 0.582808 -0.614042 0.461320 -0.390130 -0.878599 0.826254 0.033446 0.287970 0.300289 -0.995609 -0.538226 -0.049585 -0.840536 -0.274418 -0.598790 -0.365515 -0.157258 0.779966 0.735239 -0.021598 -0.262671 0.206830 0.371166 -0.616492 0.213051 -0.302123 -0.843065 0.552024 -0.268623 0.842512 0.851858 -0.932056 -0.317494 -0.192854 0.617185 0.145084 -0.081480 0.863725 -0.068840 -0.302389 0.400255 -0.294964 -0.770764
0.037219 -0.235606 -0.346468 0.119251 0.060935 0.382380 -0.848516 0.519029 0.259262 -0.325347 0.745549 -0.746337 -0.150580 -0.608501 0.177322 -0.562442 -0.158081 0.339981 0.753675 -0.627485 -0.087390 -0.153563 0.606833 0.547702 0.875083 -0.123944 0.191494 0.632223 -0.709841 0.040249 -0.250219 -0.297760 -0.591255 0.191886 0.098405 0.883063 0.507754 -0.132150 0.358500 -0.323959 0.327111 0.749908 0.166144 -0.941895 -0.970768 0.590329 -0.311570 0.545084 -0.868200 -0.237648
-0.352020 -0.596335 0.481565 0.230875 -0.532918 0.436391 0.003129 0.995962 -0.099566 -0.574008 -0.985683 -0.705709 -0.855041 0.623572 -0.383017 -0.877532 0.889198 0.245323 0.341313 0.392969 0.996723 -0.519658 0.185461 0.868069 0.436673 -0.068460 -0.837532 0.159733 -0.522235 -0.909666 0.479718 0.255383 -0.628772 -0.919324 -0.738922 -0.369492 -0.568866 0.588133 -0.332604 -0.143929 -0.094189 0.706299 -0.505500 0.274927 0.796554 0.698323 -0.019028 -0.447733 -0.564337 -0.457992
0.560964 0.029834 -0.897740 -0.894188 -0.790866 0.310252 0.227224 0.940173 0.620583 0.396211 0.767665 -0.763313 0.569632 0.975173 -0.935581 -0.093882 0.995941 0.768244 0.392868 0.130195 0.954210 0.226769 -0.802219 -0.314381 0.328095 0.722991 -0.290123 -0.412859 0.712921 0.314747 0.510730 0.652237 0.236788 -0.704941 0.252444 0.799340 0.213162 0.997868 0.873846 0.854676 -0.118822 -0.536686 0.677111 0.749754 -0.493819 -0.426065 0.923049 0.402412 0.658307 0.850037
-0.486285 0.701422 0.422585 -0.351612 -0.677141 -0.271045 -0.471288 0.238264 0.284804 0.594845 0.756997 0.201578 -0.000976 -0.435442 -0.007379 0.790427 -0.319863 -0.808741 0.825079 0.412397 -0.529540 0.654692 -0.164687 0.714245 0.113812 -0.034373 0.641877 0.418336 -0.482475 -0.249108 0.958727 -0.766146 -0.832236 -0.220336 -0.266913 0.652276 0.481182 0.891986 -0.202273 0.299401 -0.851401 0.583960 -0.505037 0.986391 -0.639594 -0.442697 0.466214 -0.634570 -0.125462 -0.061401
-0.388946 0.344575 -0.065239 0.188046 0.696903 0.307941 -0.303477 -0.733977 -0.670087 -0.065200 -0.644608 -0.777967 0.797240 0.936478 -0.004333 0.784766 0.136373 -0.661216 -0.668852 -0.139171 -0.901498 -0.015200 -0.925985 0.766791 0.966257 -0.228087 0.243504 0.007848 -0.147262 -0.064187 0.820103 0.322410 -0.568001 -0.460745 0.770818 -0.185243 -0.876233 -0.612646 -0.134995 -0.979622 -0.214293 -0.054126 -0.592552 0.599413 0.957090 -0.779853 0.658053 0.957647 0.950814 0.831156
-0.057124 0.482986 -0.883554 -0.921026 0.357513 0.199843 0.614774 0.355264 0.490018 0.016769 -0.672223 0.724154 0.303286 0.109926 0.537116 0.220704 0.294369 -0.606328 -0.816328 0.672647 -0.476832 -0.445471 0.716908 0.871654 0.123294 -0.685675 0.369425 -0.278520 -0.793034 -0.071399 -0.029204 -0.628197 -0.727416 -0.220488 0.475339 -0.212970 -0.238637 -0.492361 0.940205 -0.991592 0.539386 -0.180875 -0.873136 -0.585116 -0.267967 0.750496 0.000721 -0.612905 0.875034 -0.707154
0.788492 -0.071966 -0.197311 -0.415613 0.459586 0.261676 0.301230 0.241633 0.667308 0.301814 -0.525703 -0.879458 0.521741 0.446307 -0.493223 -0.787540 0.404439 0.452292 0.396091 0.623885 0.018048 0.839896 -0.525454 -0.529518 0.719240 -0.871630 0.606609 -0.479110 0.820004 0.523717 0.756269 0.572843 0.478665 0.315925 0.221234 0.301241 -0.322094 -0.250682 -0.991367 0.875742 0.741028 -0.206042 0.834682 0.968739 -0.743162 -0.666276 0.083068 0.599883 -0.213036 -0.106395
0.197656 0.364110 -0.550069 -0.231528 -0.798413 0.611579 -0.826852 0.243269 0.883498 -0.039170 -0.631380 0.328751 -0.468624 -0.425330 -0.702869 0.759839 0.039337 0.921250 0.852374 -0.678395 -0.334053 0.349056 -0.312865 0.500972 -0.031506 0.374085 -0.900858 0.051777 0.834671 -0.378077 -0.607511 0.629818 -0.079207 -0.181670 0.982106 0.171010 0.192433 0.074223 0.273601 -0.586725 -0.729481 0.995402 -0.903979 -0.872818 0.240954 0.625732 -0.916401 0.478781 0.252078 -0.450714
0.078958 0.054759 -0.786053 0.178154 -0.183353 0.974617 -0.796362 0.972285 0.646215 -0.444145 -0.057944 0.698608 -0.585836 0.088611 -0.246477 -0.031819 -0.829764 0.897779 0.898278 0.549089 -0.015264 -0.221039 0.456576 0.347613 0.792615 0.477959 0.484445 0.204989 -0.003016 0.950931 0.729329 -0.219830 0.211052 0.426834 -0.364842 -0.652191 0.192545 0.205404 -0.798198 -0.299278 -0.998687 0.937270 -0.780493 0.383905 -0.027780 0.642550 -0.452495 0.415266 0.342188 0.501840
-0.334562 -0.690222 0.357908 0.058255 0.686227 -0.451176 0.974306 -0.502309 -0.831915 0.721550 0.655712 -0.885923 0.766269 0.095972 0.574500 -0.986853 -0.537313 -0.925253 0.619469 0.618767 -0.622011 0.412234 -0.985606 -0.627554 -0.951261 -0.230114 -0.490317 0.158281 0.372452 -0.802550 0.788149 0.591383 -0.568020 0.073815 -0.284147 0.720534 0.572138 -0.704566 0.308359 0.070713 0.870045 0.519665 0.040056 -0.628315 -0.404606 0.712688 0.934071 -0.060539 0.106709 0.030193
-0.994613 0.052705 -0.954882 -0.049539 -0.770356 -0.583206 -0.304028 -0.426840 0.750005 -0.544951 -0.792717 -0.017686 -0.735574 0.520234 -0.271875 0.944121 0.600952 0.322479 0.974521 0.118091 0.460036 0.957463 -0.453008 0.258078 0.990867 0.644671 0.564225 0.420799 0.519228 0.545075 -0.597995 -0.785623 -0.250745 0.988608 0.531375 -0.549572 0.064353 0.805344 0.954925 0.036858 0.773649 0.513090 -0.717531 -0.184991 -0.211745 0.599606 -0.923196 0.489592 0.490976 -0.265836
-0.888250 -0.240003 0.643463 -0.192979 0.412197 -0.952268 -0.751048 -0.517700 0.348203 -0.227074 0.591839 -0.541476 -0.073675 -0.298590 0.645106 0.202951 0.353199 0.463021 0.617322 0.198289 0.805837 0.512721 0.117573 0.792013 -0.126374 -0.561626 0.125837 0.647141 0.200289 0.750430 -0.645062 0.052036 -0.933099 -0.280506 0.881627 -0.190103 -0.032430 -0.886010 0.751899 -0.496083 0.229177 0.511545 -0.922263 0.471244 -0.278882 0.948187 -0.490131 0.998805 0.326355 -0.333677
0.738493 -0.438186 -0.040180 -0.548370 0.743028 0.454901 -0.298320 0.580247 -0.618501 -0.883254 -0.638536 0.975201 -0.946799 0.156359 0.535739 -0.163494 0.053635 -0.150368 -0.099534 0.304399 -0.234680 -0.416138 0.787828 0.286588 -0.070161 -0.482411 -0.059905 -0.539204 0.778320 -0.739260 0.468463 0.126981 -0.164883 -0.833655 0.924669 0.344690 0.124269 0.642669 -0.778552 0.495253 -0.231629 -0.624965 -0.067225 0.785687 -0.382633 -0.324623 0.188425 0.271824 -0.722643 -0.689183
-0.752302 0.280313 -0.716824 -0.376882 -0.883950 -0.472092 0.292098 0.115977 0.746909 0.264253 -0.610442 0.316412 0.538707 0.398451 -0.681621 0.954774 0.693019 0.106049 -0.671480 -0.487217 -0.005930 0.622839 0.778782 0.297701 -0.819455 0.858038 -0.109651 0.860593 0.467194 0.220103 -0.319283 0.171358 0.849246 0.606973 0.872550 -0.459579 -0.092322 -0.587804 0.767631 0.194155 -0.961217 -0.659323 -0.521439 -0.540760 0.735363 0.390267 -0.723851 -0.095875 0.080167 0.119391
-0.047714 -0.942028 0.063227 -0.736220 0.078220 0.456758 0.653263 -0.305481 0.917228 -0.860623 -0.699760 0.559143 0.442806 0.246200 0.364413 -0.921208 -0.572099 0.927658 0.327712 0.018348 0.853161 0.049386 0.642804 0.571153 0.071307 0.535889 -0.856523 -0.434304 -0.543040 -0.467368 -0.525708 0.133426 0.086787 0.225740 0.122056 -0.053988 0.181615 0.065558 -0.522115 -0.577871 -0.878959 0.545711 -0.188038 0.689152 0.564752 0.969480 -0.475305 0.055097 0.926411 0.594558
0.634991 -0.834544 -0.361762 0.235334 0.953422 -0.260585 0.597701 0.857064 -0.434303 0.688708 -0.389729 0.553552 -0.511825 0.179502 -0.120757 -0.856340 0.611760 -0.431665 0.181107 0.216042 0.911753 0.177892 0.950361 -0.665347 -0.907102 -0.410859 -0.735234 -0.762197 0.748936 0.704259 0.028377 -0.817508 -0.755695 -0.041955 0.395710 0.884427 -0.076090 -0.491050 -0.514647 -0.258760 -0.862356 -0.224496 -0.900073 0.823495 -0.470786 0.993700 0.591020 -0.123023 -0.468007 -0.992557
-0.792783 0.380352 -0.061122 0.607393 0.473752 0.001863 0.046487 0.167573 -0.705033 -0.205414 0.471883 0.953668 0.003881 -0.524741 0.365144 -0.154701 -0.719221 -0.945374 0.374318 0.638512 0.405792 0.112146 -0.968954 -0.682740 -0.247544 0.649860 0.446071 0.545424 0.322681 -0.772574 0.422194 0.362409 -0.218990 0.826328 -0.907835 -0.757306 -0.826257 0.576762 0.630745 0.475572 -0.650309 0.450984 0.593068 0.654243 0.671218 -0.402399 -0.134975 -0.499821 -0.178601 0.253467
0.347441 -0.284795 0.582247 -0.817601 -0.363473 0.336884 0.573677 0.758472 0.120233 -0.486420 -0.468766 0.706592 -0.772732 0.034579 -0.046704 -0.416642 -0.396219 -0.631147 0.069128 0.157642 -0.215438 -0.257969 0.200049 -0.512630 -0.142412 -0.192223 0.853082 -0.799549 0.501146 0.036774 -0.736197 0.854507 -0.369529 0.018474 0.299898 -0.438704 -0.055413 -0.199386 0.780027 -0.375090 -0.855746 -0.183111 0.206978 0.054080 -0.989918 -0.870605 0.309507 0.775613 -0.604579 -0.263618
-0.009441 -0.419811 -0.818679 0.583810 0.534436 0.217317 -0.102061 0.065702 0.733606 0.047625 -0.055689 -0.209831 0.135136 0.618096 0.392149 0.210791 0.425343 0.591947 -0.162604 -0.178428 0.692223 -0.943925 -0.136884 -0.754157 -0.829850 0.378281 0.703292 0.804087 -0.608485 0.413861 -0.379243 -0.847711 0.809506 0.142011 0.847790 -0.237913 0.438104 0.738836 0.708016 0.148887 0.214495 0.102518 0.692197 -0.658334 0.282648 0.219874 -0.346467 0.806023 -0.110421 -0.339589
-0.216452 0.259239 0.925523 0.570802 -0.203490 0.750540 -0.139167 0.332923 0.708582 0.199124 -0.772252 0.132138 -0.809215 0.945639 0.243794 -0.586704 -0.376697 0.943480 0.683671 -0.182771 -0.584934 -0.428109 0.955401 -0.263693 -0.346007 -0.050952 -0.896482 -0.301263 0.791214 0.280962 -0.333585 0.923988 0.086490 0.768007 0.330519 0.456405 -0.788939 -0.746550 0.614130 0.655743 0.353462 0.874047 0.834109 0.227029 0.593045 0.504946 -0.086247 -0.976406 0.037841 0.797595
-0.401686 0.154495 -0.268337 0.057494 -0.390794 -0.960231 0.591742 -0.106785 0.515441 -0.472038 0.275157 -0.014424 -0.554891 -0.020472 -0.466854 -0.314864 0.093220 0.240481 0.236203 0.987506 -0.089696 -0.338627 0.011189 0.988359 -0.161384 0.609758 -0.699363 0.092346 0.812425 -0.326515 -0.961216 0.311039 0.156092 0.202759 -0.887487 -0.562913 -0.389447 0.150807 -0.087128 -0.005728 0.528816 0.331252 0.757963 -0.586892 -0.676966 -0.165203 0.105209 -0.493803 -0.115454 -0.628164
-0.481972 -0.831743 -0.371212 -0.253303 0.735873 0.631406 0.485611 0.065029 0.511765 -0.022064 -0.191708 0.573365 -0.871937 -0.743525 0.490679 0.564653 0.869413 0.307806 0.278496 0.318589 -0.525543 -0.170642 0.763971 -0.327830 -0.114269 0.266727 -0.051556 0.290206 -0.877925 -0.765101 -0.327801 0.718098 -0.420346 -0.467089 -0.174572 -0.208599 0.964033 0.938873 -0.794186 0.455191 -0.933846 -0.203503 0.866279 0.411239 -0.577550 -0.622795 0.458314 0.692982 -0.960993 0.489126
-0.534804 0.908484 0.214666 0.703258 -0.028948 0.695689 -0.911116 0.021718 -0.879501 -0.565692 -0.017851 0.605478 -0.732663 0.512976 -0.574592 -0.098895 0.331328 -0.259536 0.262242 0.642309 -0.730753 -0.736947 0.651197 0.788666 -0.772553 0.183473 0.402591 0.211927 -0.096423 -0.449410 -0.666049 0.223104 -0.861530 -0.407679 0.254933 -0.457982 0.220833 0.825897 -0.486747 -0.368936 -0.848692 -0.685849 0.029438 -0.505956 0.051198 0.787859 0.888949 0.404127 0.474141 0.801217

Bias v0 (Oculta):
-0.709291
0.696809
0.769938
0.739177
-0.716552
0.885624
0.659625
0.113147
0.368095
-0.896098
0.375504
-0.132831
-0.497919
-0.162666
-0.815156
0.922277
0.612586
-0.503713
-0.358192
-0.993143
0.068639
-0.380708
0.874485
-0.676238
0.607555
-0.887675
0.259724
0.051272
0.189030
0.262343
-0.074564
-0.071017
-0.686904
-0.174772
0.531847
-0.064597
0.058984
0.972041
-0.645527
0.609105
-0.898579
-0.339660
-0.296332
-0.463608
0.174549
-0.389081
0.573422
-0.437918
-0.852574
-0.664791

Pesos w (Oculta -> Sa獮a):
-0.223285 0.074605
0.541942 -0.376069
-0.946877 -0.620080
0.538761 0.078430
0.261453 0.540834
-0.577731 -0.049236
-0.753738 -0.242615
0.434553 -0.019672
-0.530207 0.453926
-0.316920 0.050523
0.753126 0.705869
-0.369730 -0.712304
0.582819 -0.667313
-0.745957 0.938455
-0.368324 -0.673513
0.448564 -0.096054
0.488432 0.373203
-0.307112 0.530990
0.276049 -0.339906
0.133273 0.125305
-0.829084 0.561667
0.563402 -0.453090
0.801286 -0.283029
-0.573972 0.745487
0.910267 0.270354
0.632996 0.330492
-0.791358 -0.049166
-0.553221 -0.710811
-0.649288 0.351480
0.917232 -0.097154
-0.460853 0.922492
0.753190 0.520946
-0.499303 -0.605395
-0.673025 -0.812411
0.647234 0.751127
-0.380852 0.965258
0.778132 -0.998584
0.012580 -0.546911
0.780731 0.726170
0.657446 0.421890
0.649595 -0.099418
0.079953 -0.313005
-0.262270 0.398575
0.137147 0.631969
-0.810639 0.850201
-0.204386 -0.977346
0.700520 0.064096
0.220358 0.722017
0.650782 0.127013
-0.396661 0.051572

Bias w0 (Sa獮a):
0.428671
0.862856
