Pesos v (Entrada -> Oculta):
0.993636 0.893550 -0.454619 0.301855 0.741084 -0.536559 0.321910 -0.262431 -0.251236 0.654749 0.077689 -0.373807 0.354732 -0.154888 -0.997388
0.229155 -0.953053 0.944312 0.497603 0.741658 -0.397173 -0.716172 -0.165364 0.565122 0.166176 -0.777283 0.234926 0.744895 0.714892 -0.267497
0.962662 -0.741679 -0.076129 0.379178 -0.816796 0.151625 -0.711002 0.749086 0.986816 0.546003 0.729069 0.311409 -0.461253 -0.747739 0.649069
0.409367 -0.434934 -0.088550 -0.792661 0.834643 -0.844900 -0.435301 0.682134 0.275706 -0.476363 0.099838 -0.771639 0.932811 0.702610 0.395196
-0.988733 -0.598496 0.858772 0.232477 0.919212 -0.424637 0.343013 -0.495938 -0.051688 0.007040 -0.841471 0.374907 -0.171823 0.166116 0.182674
0.183121 0.192816 0.967978 0.446291 0.803894 -0.420615 0.410446 -0.478822 -0.847982 0.563896 -0.866505 -0.298958 0.686173 0.048022 -0.270775
-0.839769 0.031729 -0.474994 0.655288 -0.471446 0.032565 0.671673 -0.026188 0.084645 0.515248 -0.422388 0.872252 0.438504 -0.778405 0.770400
-0.917459 -0.810403 0.205848 0.259323 0.221702 0.653173 -0.602711 -0.233724 0.981552 0.132416 -0.956777 0.559658 0.514929 0.906267 -0.302986
0.058545 -0.678952 -0.786623 -0.665623 0.623242 0.552149 0.269304 -0.290064 0.570631 0.189510 -0.954948 -0.861666 0.502775 -0.167964 -0.009438
-0.511128 -0.819708 -0.003460 -0.596284 0.970036 0.566829 0.484590 0.609100 -0.714461 -0.564028 0.735906 0.504361 0.165560 -0.780399 -0.171741
0.166384 -0.518167 0.453126 0.687166 -0.734568 -0.953174 0.657408 -0.900738 0.346321 -0.306342 0.223282 0.632167 -0.626740 -0.752025 -0.375184
0.404027 0.564348 -0.772664 0.680559 -0.253445 0.735950 -0.529573 0.325201 0.529848 -0.674389 -0.718745 -0.025034 -0.070218 -0.878993 0.672674
-0.437674 0.724129 0.838336 -0.879244 0.554862 -0.606774 0.314842 -0.932655 0.903019 0.597747 -0.640762 -0.316571 0.392768 -0.266287 0.101049
-0.570514 0.498204 0.323866 -0.492431 -0.978810 -0.528770 -0.720653 0.629822 -0.546335 0.650635 0.379610 -0.974272 -0.827575 -0.979958 0.518548
0.089779 0.731403 0.651455 -0.921960 -0.937331 0.220796 -0.172476 0.715554 -0.750152 0.439970 0.941328 0.994273 0.751070 0.206602 0.643303
0.751441 0.784585 -0.512061 0.485591 -0.318932 0.879494 0.533851 -0.159433 0.056515 0.349117 -0.445626 0.268049 0.551927 0.881044 0.855765
0.003635 0.024981 0.663267 -0.837178 0.783064 -0.947530 -0.478997 -0.594084 -0.317208 0.574399 -0.909999 0.863954 0.357575 -0.393238 0.191998
-0.266110 -0.718114 0.827091 -0.334877 0.190739 -0.023307 -0.836668 0.319217 0.815884 0.876693 -0.531035 -0.581159 -0.289535 -0.386088 -0.043177
-0.314009 0.400628 0.841265 -0.627517 0.565615 -0.444771 -0.291161 -0.368703 -0.951300 -0.674172 -0.219890 0.498571 0.583891 0.021316 -0.475354
0.761650 -0.051597 -0.213474 0.587408 0.270203 0.732312 -0.580749 0.735509 0.817047 -0.217719 0.276083 0.791337 -0.097811 -0.767734 -0.130080
-0.288546 0.075722 0.661111 0.628500 -0.152849 -0.037853 -0.180700 -0.390230 0.503182 0.711903 0.717455 0.527698 -0.171071 0.128289 0.309642
-0.042007 0.542760 -0.037974 0.783741 -0.912931 0.221290 -0.668211 -0.294743 0.449760 0.012786 0.731442 0.407588 -0.406938 0.181595 -0.363380
-0.163020 0.673271 -0.849440 -0.776899 -0.364230 0.575088 0.071988 0.546485 -0.698227 0.279891 0.576483 -0.696142 0.200983 0.241916 -0.506522
0.432048 0.952808 0.765243 0.495868 0.627466 0.083103 0.277585 0.576583 0.730561 0.014202 -0.063101 0.452591 -0.411310 -0.725252 -0.260473
-0.203488 0.234241 -0.625763 -0.914892 0.892582 -0.751692 0.510110 -0.929858 0.685929 0.671801 -0.558608 -0.821685 0.084602 -0.698187 0.940289
0.356351 -0.539942 -0.014253 -0.079559 -0.915391 0.273012 -0.213588 0.974890 0.308660 0.684941 -0.469953 0.613553 0.491596 0.452636 0.182735
-0.624851 -0.019289 0.896685 0.077888 -0.031291 0.360773 -0.289456 0.381805 0.229920 -0.424630 -0.709179 -0.897775 -0.876200 0.666955 -0.070005
0.649239 0.895934 0.558599 -0.085399 -0.894123 -0.952917 -0.201454 0.502854 0.237047 -0.589680 0.037332 0.919339 -0.587167 0.356437 0.036974
0.929007 0.663143 0.160731 -0.236524 0.370742 -0.224141 -0.804424 0.243176 0.298602 -0.863406 0.538829 0.514790 0.920671 -0.532464 0.455480
-0.463365 -0.444167 0.052775 0.191221 0.293631 0.208817 -0.074168 0.378735 -0.434141 -0.597451 -0.439107 0.279675 0.977950 0.090162 -0.597688
-0.169709 -0.963414 -0.732222 -0.275713 -0.876806 0.206339 -0.443493 0.504167 0.224277 -0.734650 0.920785 0.954559 0.125799 -0.566972 -0.536442
-0.016817 -0.319422 -0.719885 -0.051183 0.396920 -0.491169 -0.360710 -0.267806 0.306771 0.040012 -0.366324 0.532522 -0.845787 0.698837 -0.286167
0.554911 -0.909208 -0.207159 0.485886 -0.026415 0.997681 -0.633228 0.113323 0.549784 -0.628968 0.084995 -0.162609 0.749111 -0.691872 0.882812
0.055883 0.856572 0.608148 -0.072334 0.131750 -0.315604 -0.677871 0.763707 -0.396127 -0.614474 0.009330 -0.868661 0.839643 -0.363427 -0.974830
0.878307 -0.447874 0.232788 -0.902651 -0.996345 -0.905355 -0.636237 -0.921036 0.891005 -0.330517 -0.773920 0.114848 -0.233661 -0.304093 -0.473628
0.184438 -0.056525 0.502260 -0.881874 -0.736938 0.332482 -0.343714 0.024004 -0.123360 -0.257304 0.183303 0.296246 -0.421337 -0.349340 0.254184
-0.999965 -0.768185 0.031935 0.918122 -0.340894 -0.824880 0.760934 -0.724379 0.524786 -0.963694 0.673911 -0.922265 -0.318483 0.870892 0.402534
0.141900 -0.548340 -0.403331 0.116509 0.617581 0.713081 -0.321214 0.709285 -0.216941 0.736328 0.558462 0.428110 -0.480226 0.025854 -0.853485
-0.537774 0.951583 -0.980052 -0.764614 0.300568 0.021448 -0.129245 0.753782 0.030504 0.073272 -0.342514 0.543670 0.984724 0.025632 -0.689983
0.961423 0.036316 -0.779983 -0.934208 0.137854 -0.087536 0.781165 0.258224 -0.509243 0.179321 0.270201 -0.342777 -0.080481 0.837372 0.852492
0.167499 0.510395 0.921831 0.333650 0.737791 -0.335699 -0.971592 0.483292 0.159284 0.618022 -0.143762 -0.331716 0.115687 -0.526329 -0.384008
-0.611221 0.503484 0.714282 -0.437420 0.007921 0.480606 -0.992840 -0.616706 0.258314 0.018816 0.942515 0.928124 0.077253 -0.038797 0.487705
0.879515 0.574965 0.145376 -0.146792 -0.828094 -0.301269 0.380874 -0.934778 -0.553286 -0.007395 0.347681 -0.186256 0.791289 -0.578941 -0.736039
-0.366492 0.065628 0.913502 0.419211 0.127910 -0.673737 -0.654681 0.913135 0.805168 -0.635241 -0.639710 -0.434027 -0.051652 0.340736 -0.524901
0.973461 0.570011 0.435274 -0.463781 -0.736810 -0.444238 -0.222532 -0.513150 -0.087100 -0.618408 -0.821080 0.875450 -0.538647 0.338844 0.988569
-0.704282 -0.951691 0.154914 0.006246 -0.218339 -0.033776 0.140144 -0.171224 0.798388 -0.807552 0.793643 -0.444534 -0.272939 0.820622 0.521732
-0.882984 0.443427 -0.173972 0.328170 0.246042 0.634293 0.124689 0.097384 -0.577441 0.339429 -0.725906 0.011905 -0.657313 0.221588 -0.204976
-0.355466 0.028353 -0.256172 -0.817244 0.864718 -0.235996 0.882980 0.097316 -0.883103 0.525221 0.106723 -0.359987 -0.241279 0.396411 0.169513
0.293035 -0.612451 0.901782 -0.109623 -0.356900 0.895913 0.720748 -0.795111 -0.569271 -0.841675 -0.987481 -0.047913 0.904038 -0.359165 0.633392
0.565943 -0.465464 -0.238149 -0.182797 -0.696655 -0.471339 0.348460 0.739014 0.890470 0.427447 -0.352449 -0.604994 0.161395 -0.519582 0.897811
-0.472202 0.070026 0.052432 -0.142151 -0.643048 0.824828 0.715865 0.318167 -0.780809 0.292655 0.314238 0.902989 -0.053909 -0.101289 0.663821
-0.369714 0.374457 -0.719891 0.969028 -0.996102 0.069148 -0.724946 0.015386 -0.606950 0.220858 -0.871108 0.827096 0.517100 -0.934710 0.883674
-0.403506 -0.744154 0.323920 0.318755 -0.572791 0.639143 -0.923723 0.552532 0.899134 -0.960118 -0.687057 -0.709649 0.043637 0.163357 -0.061399
0.414028 0.279455 0.695921 -0.619102 0.789662 -0.307636 -0.348001 -0.776895 -0.327929 -0.485813 0.210043 0.574328 -0.163322 -0.932006 -0.419175
0.304940 0.394113 0.359683 -0.620531 0.181618 -0.545113 0.949025 0.276823 0.427847 0.809538 0.925656 0.303265 0.383689 -0.369814 -0.762957
0.214054 0.790901 -0.303284 -0.712791 0.852983 -0.643001 0.295548 0.761973 0.898908 0.566923 -0.482410 0.428997 -0.014823 0.193295 0.103196
-0.169739 0.583639 0.133645 -0.592449 0.490212 0.519002 0.991904 -0.769287 -0.133604 0.949643 0.463693 0.073476 -0.318597 0.865335 0.006614
-0.736053 0.168564 -0.659645 0.544421 -0.703681 0.339375 0.833348 -0.437534 0.412129 0.081817 0.404929 -0.882403 -0.329844 0.448720 -0.553870
0.178396 0.450757 -0.068590 -0.806510 0.120552 -0.939810 0.359475 -0.545846 -0.204006 -0.702567 0.150270 0.241063 -0.947243 -0.958145 0.896334
0.858557 0.769258 -0.041772 -0.685343 0.762878 -0.642954 -0.738316 -0.513347 0.721483 -0.346917 -0.576797 0.159251 -0.354252 -0.028675 -0.638383
0.153434 0.580181 -0.151383 -0.388364 -0.779461 -0.852167 -0.463417 -0.031148 0.165148 0.283131 0.708892 -0.082516 -0.672992 -0.841116 -0.355903
-0.683385 -0.278145 -0.051712 0.878244 -0.308543 0.795016 0.493725 -0.486218 0.564100 0.621844 0.796623 0.827670 -0.615142 0.531776 0.744209
0.397822 -0.678809 -0.082642 0.938452 0.491960 0.801276 0.727926 -0.654287 -0.991268 -0.230446 -0.266241 0.597215 -0.348864 0.862887 0.507993
0.043785 -0.308821 -0.002220 -0.975792 -0.497092 0.191839 -0.923556 -0.333824 -0.655310 -0.473408 0.935979 -0.166439 0.663916 0.626366 -0.202566
0.574174 -0.854247 0.367572 0.760064 0.857531 -0.103090 0.362665 -0.457421 -0.339081 -0.259732 0.334486 0.362141 0.020986 0.732945 0.672421
-0.061623 -0.057700 0.917436 -0.694728 0.486209 -0.822456 -0.689676 0.621843 -0.400678 0.301836 -0.493930 -0.435197 0.157070 -0.988299 -0.518584
-0.912172 -0.056555 0.211476 -0.186632 0.292755 0.734455 -0.959624 -0.975657 0.686889 -0.476362 0.239387 -0.110065 -0.554534 0.136255 -0.385975
-0.114258 0.638922 -0.408381 -0.706157 0.699992 -0.296230 -0.555512 -0.283272 -0.349438 0.232359 0.742017 -0.779120 -0.186791 -0.796844 -0.069456
0.427468 0.536026 0.215050 -0.365556 -0.529740 -0.188128 -0.271114 0.360544 -0.668580 -0.504219 0.039500 0.799134 -0.693602 -0.375860 -0.453289
0.327800 0.185736 -0.711963 -0.339016 -0.547064 0.622807 0.495855 -0.844518 -0.706470 0.697192 -0.316109 0.264027 -0.721295 -0.340477 -0.782787
-0.831706 0.338958 -0.541794 0.202424 0.589177 -0.391262 0.561654 0.295594 -0.465898 -0.629157 -0.353317 0.427844 0.683141 -0.464527 -0.334301
0.318450 -0.074876 -0.362813 0.108014 0.088524 0.888609 0.719561 0.962260 0.395441 0.663682 -0.610261 0.825401 -0.873586 0.545813 -0.779013
0.668647 -0.115568 -0.768169 -0.988128 -0.914777 -0.843280 -0.046658 -0.523179 -0.880335 0.761292 0.629428 0.875583 -0.646766 0.539918 -0.723405
0.281002 -0.014562 -0.626907 0.805776 0.160103 0.816678 0.736476 -0.477588 -0.523395 0.080316 0.823490 0.711549 -0.031381 -0.024107 -0.196694
-0.275085 0.304330 -0.835893 -0.284905 0.147788 0.885344 -0.893349 0.225056 0.154060 0.630183 0.899642 0.230011 0.805004 -0.855334 -0.128900
0.830236 0.617674 -0.609803 -0.395301 -0.549254 -0.122853 0.877143 -0.991119 0.057521 0.988302 -0.985067 0.211368 0.976540 0.575526 0.529234
-0.400047 0.242802 0.381534 -0.823709 -0.082076 -0.212372 0.420671 0.243952 -0.416216 0.561205 0.391684 0.594572 -0.160319 0.853933 -0.503319
-0.473069 0.715577 -0.463590 -0.239034 0.985599 -0.228044 0.181829 0.157287 0.900090 0.671460 0.384455 0.844750 -0.040569 -0.448794 -0.501406
0.133541 -0.616758 -0.344949 -0.565410 -0.558039 -0.651033 -0.141827 -0.176229 0.190483 -0.378871 -0.029734 -0.793187 -0.147609 -0.034453 0.821591
0.773702 0.412558 0.155470 -0.379212 0.700105 0.474502 0.095805 0.031426 0.725167 -0.551804 0.612640 -0.494430 -0.339093 -0.237169 0.097148
-0.221925 0.313686 0.923312 -0.193135 -0.388777 0.746668 -0.285634 -0.244790 0.693282 0.955908 -0.129174 0.090399 -0.912287 0.990752 -0.146673
0.886064 -0.264172 -0.307783 0.959522 -0.545031 0.888227 0.307906 -0.466548 0.373757 -0.989417 0.753823 -0.474060 -0.210262 -0.563314 -0.496567
0.665495 0.850260 -0.184383 -0.469939 -0.392069 0.547485 -0.882433 -0.109303 -0.329975 -0.548335 0.232079 0.703784 0.803798 0.744844 0.583671
-0.579782 0.467732 0.186237 0.409490 0.710486 0.174441 0.250717 0.348741 -0.496933 0.432259 -0.755818 -0.359621 0.944230 0.870988 0.108380
-0.558112 -0.783399 -0.741368 0.534007 -0.338585 -0.990040 0.691891 0.685081 0.278436 -0.859962 0.366034 -0.780149 -0.788264 0.649922 0.725065
-0.668893 -0.307858 -0.965930 -0.106112 -0.550561 -0.979456 0.667363 -0.799928 0.468018 0.319643 0.116845 0.413270 0.274235 0.313021 0.514691
0.659695 0.968671 -0.205633 -0.357352 -0.709283 -0.988603 0.910869 0.333669 0.276018 -0.231610 -0.113567 0.682439 -0.869190 -0.223303 -0.092490
0.520787 0.324153 -0.165817 -0.215467 -0.887375 -0.941999 0.299162 0.657320 -0.122122 0.413461 -0.058146 -0.909640 -0.318437 -0.932616 0.726223
-0.518114 -0.609856 -0.658236 0.242976 0.989738 0.734778 0.209031 -0.524823 0.183374 0.450310 0.156796 0.528922 0.441099 0.475707 -0.330501
0.889291 -0.173632 -0.913688 -0.778292 -0.330608 0.691320 -0.889468 -0.993571 0.129215 -0.317985 -0.814982 -0.307415 -0.700827 0.450261 0.430929
0.281430 -0.668359 -0.014322 -0.941579 -0.524527 0.526401 -0.567285 -0.574962 -0.325112 -0.001239 0.998904 -0.745108 -0.085342 0.258371 0.421419
0.687760 0.597192 -0.409403 -0.996660 -0.649902 0.537617 -0.230008 0.511127 -0.787993 -0.010848 -0.545352 0.042001 0.257549 -0.075577 -0.219705
-0.988810 -0.747635 0.590443 -0.643506 0.871121 0.727663 0.449066 -0.252215 -0.131973 -0.524189 -0.836605 0.356337 0.122457 0.796676 0.162276
0.524593 0.768418 -0.068373 -0.595346 0.391749 0.130243 0.338596 0.308627 0.614223 0.471972 0.245963 -0.459836 0.401977 -0.710837 0.011843
-0.811880 -0.828759 -0.180790 -0.966089 -0.714187 -0.482334 -0.294424 -0.430357 0.950750 0.722728 0.608176 -0.427629 0.918298 -0.208128 0.899273
-0.790473 0.054316 -0.990561 -0.275304 -0.777676 0.731901 -0.486272 -0.968736 0.091168 -0.831506 -0.546689 0.569618 -0.369050 0.753603 -0.837112
0.341051 0.231684 0.566421 -0.033380 0.623181 0.923811 0.764081 -0.531850 -0.278670 -0.789865 -0.993965 -0.310758 -0.626289 -0.611828 -0.372778
0.614637 -0.496676 -0.247950 -0.898669 -0.566966 0.165077 0.023460 0.054431 0.986175 -0.502214 -0.887007 -0.197754 0.415979 -0.450093 -0.771056
0.681672 -0.125618 0.996153 0.647443 0.759518 0.103444 0.330192 -0.549481 -0.665114 -0.248238 0.313768 -0.562903 -0.128916 -0.230429 0.852677
-0.810050 0.326479 0.312242 0.474872 -0.612349 0.395322 -0.874164 0.322658 0.502917 -0.879348 -0.806346 0.868109 0.218482 0.458066 -0.997315
-0.617906 0.029659 -0.660297 0.075057 0.135560 -0.207998 0.909759 0.847695 0.955344 0.946299 -0.559016 0.522496 -0.183249 -0.917892 -0.710460
0.794464 -0.938326 0.103971 -0.244591 -0.106213 0.682956 -0.813465 -0.285295 -0.795704 0.754394 -0.289277 0.183455 0.430412 0.327384 0.912687
-0.539642 -0.588662 0.916947 0.332763 0.958724 -0.863516 -0.955404 -0.580797 -0.858462 -0.393905 -0.859034 -0.117234 -0.981556 0.120258 0.351152
0.480768 0.106331 -0.097076 -0.391967 -0.223826 -0.972690 -0.434348 0.241666 0.482419 0.937495 0.920346 0.478111 -0.374850 -0.233975 0.353099
-0.349189 0.851747 -0.977368 0.429678 -0.041743 0.359544 -0.602757 0.755259 0.096892 0.353940 0.887223 -0.052139 -0.934929 0.849003 0.955659
-0.800421 -0.250657 -0.988844 0.957347 0.602517 0.524246 0.384057 -0.534877 -0.069327 -0.145623 0.630484 -0.648239 -0.024235 0.589236 0.762899
-0.604829 0.522413 -0.235384 -0.827280 0.181274 -0.735310 -0.434818 0.718837 0.556461 -0.312396 0.912530 0.208251 -0.101587 0.388754 0.936878
-0.266539 0.192931 0.819692 0.479355 0.112088 0.038814 0.843938 -0.674234 -0.743732 -0.009665 0.140900 0.688011 0.582404 0.965396 -0.282851
-0.864521 -0.725496 -0.909543 -0.120171 0.376966 0.975983 -0.325917 0.980265 -0.607587 -0.780755 0.245041 -0.401487 0.010182 -0.405693 0.070238
-0.649430 0.203803 -0.281349 0.875087 0.497960 -0.299258 -0.961280 0.823675 -0.545799 0.494239 -0.744746 -0.595209 -0.453414 -0.678217 -0.012856
-0.231261 0.109130 0.097664 0.926661 0.545004 0.101132 0.749771 0.697725 -0.874281 0.927845 0.445065 0.152123 0.145747 -0.523152 0.993287
-0.850806 -0.821159 -0.544469 0.539748 -0.499697 0.070602 -0.397977 -0.996544 0.400516 -0.925066 0.333374 0.482554 -0.195113 0.766966 -0.058881
-0.160924 0.074018 0.135857 0.304890 0.259458 -0.658565 0.263058 -0.545330 0.100839 -0.367783 -0.470253 -0.763117 -0.051919 -0.508890 0.072339
-0.040733 -0.699945 -0.775555 0.490915 -0.283365 0.912932 0.192713 0.669233 -0.357878 0.518912 -0.561832 -0.065523 -0.784133 0.340154 -0.946518
0.325248 0.834237 0.467010 0.371326 -0.902811 -0.037381 -0.338323 0.068112 0.321815 0.233252 0.006980 0.687350 0.345951 0.709229 -0.133282
0.720891 0.735248 0.453756 -0.330176 0.340791 -0.713076 0.045244 -0.611507 -0.571418 0.425814 0.220161 -0.140178 -0.749830 0.922656 -0.062882
-0.852786 0.194095 0.191521 -0.164570 -0.896076 -0.942241 0.839561 -0.519397 -0.143405 0.766773 -0.240917 0.885234 0.734522 0.608334 0.196233
0.374439 0.098666 0.277590 -0.106950 0.388490 -0.541633 -0.234095 -0.629496 -0.794662 0.146571 0.140695 0.776796 0.713011 0.373006 -0.523693
-0.159092 -0.466745 -0.510708 0.594099 -0.943560 0.763469 -0.724585 -0.269930 0.980642 -0.311218 0.763173 0.012880 0.059271 0.453584 0.537258
0.288431 -0.878824 -0.210911 -0.992863 0.939501 -0.863093 0.819740 0.849601 0.027177 -0.125824 -0.263453 -0.797051 0.509020 0.857576 0.207517

Bias v0 (Oculta):
-0.992705
0.477317
-0.463231
0.002066
-0.093712
-0.403788
-0.929383
-0.745951
-0.495359
0.558065
0.153591
-0.134214
0.291901
-0.792296
0.479497

Pesos w (Oculta -> Sa獮a):
0.093976 -0.078855
0.490147 0.881479
0.033703 -0.561192
-0.119948 -0.578925
0.507470 0.766905
0.675844 0.225534
0.811902 0.382752
0.307214 -0.286822
-0.507881 0.476355
0.552489 -0.613432
0.540301 -0.395128
0.156555 0.949816
-0.347548 0.631943
-0.152406 -0.604814
-0.569578 -0.703954

Bias w0 (Sa獮a):
0.577767
0.845403
