Pesos v (Entrada -> Oculta):
1.108965 -0.030693 -0.607950 -0.338422 0.683544 -0.207176 -0.750143 0.512814 0.505707 -0.284540 0.158572 1.115800 0.282764 0.361775 -0.025329
-0.059235 0.123241 -0.039785 0.114556 -0.398005 -1.155678 -0.122275 0.493217 -0.292167 0.185038 0.069092 -0.519270 1.170322 0.571049 0.711952
-0.080815 0.507447 1.227887 -1.443529 0.470986 -0.274547 -0.666326 0.058468 -0.576887 1.340907 -0.722957 0.531069 -0.043107 -0.199269 0.690422
0.072976 -0.269977 -0.272836 -0.992118 0.856531 -0.483009 -0.412911 -0.667392 1.113589 1.044421 -0.148467 -0.148712 0.050263 0.343408 0.252668
-0.501908 -0.394505 0.241722 0.183804 -0.562240 0.579307 1.367998 -0.118809 0.133915 0.284808 -0.569630 -0.398630 -1.291660 -0.243550 -0.643239
0.556372 0.721636 -0.051674 0.288732 0.627646 0.947479 1.305541 -0.346204 0.695308 -0.969918 0.480160 0.178891 -1.041474 0.520450 0.730787
-1.144678 -0.449620 -0.118247 0.902061 -0.746145 0.689929 -0.281899 -0.472103 0.226311 0.780988 0.708832 -0.875571 -0.914120 1.829158 -0.536461
0.380023 0.237392 0.388223 -0.404790 -0.410252 0.116639 0.488941 0.662256 -0.226007 0.296993 -0.634393 -1.245860 -0.691945 0.847763 0.568612
0.150924 0.627236 -0.730534 -0.053324 0.119396 1.669683 -1.443625 -0.029326 -0.337695 -0.422119 -0.131333 0.137431 0.371899 -0.996075 0.457105
0.220477 1.477111 -0.623733 -1.071602 0.021632 -0.083083 -0.700138 0.259299 -0.097881 0.168393 0.630231 0.197956 0.857234 -0.193063 0.837350
0.028212 -0.664700 -0.057887 0.101421 -0.371868 0.190236 0.109874 -0.674410 -0.604914 -0.512132 0.349620 0.128924 0.908710 0.709036 -0.637267
-0.444465 0.751533 -0.574439 0.054616 -0.332329 0.188069 0.282078 -0.112606 0.450030 0.453536 0.490997 0.451174 0.063127 0.087993 1.081229
0.984167 -0.594910 0.393823 1.384575 -0.269520 0.913374 0.158801 1.007126 0.379468 -0.113306 -1.557876 0.415413 -0.510490 -0.377023 0.258940
0.402153 0.569710 0.374260 -0.668419 0.175744 0.161209 -1.237051 0.434870 -0.447928 0.466509 -0.230934 0.039724 0.125703 -0.436572 -0.752133
-0.643807 0.538357 0.177117 -1.210370 0.320651 0.578428 0.613989 -0.020953 -0.048693 0.894092 0.509977 0.508599 -0.553200 -0.129902 -0.568390
0.449714 0.639440 0.141977 -0.384249 0.468054 -0.206136 -0.044565 -0.678330 0.503293 1.280637 0.388356 0.262536 0.594004 0.447374 -0.686721
0.005457 -0.002515 -0.677975 -0.454186 -0.077500 -0.546726 0.866394 0.263667 0.258752 0.002466 -0.160299 0.279501 -0.321367 1.257670 0.047805
-0.324915 -0.097782 0.027326 -0.284611 -0.501050 0.151854 1.573295 -1.456899 0.980917 -1.483492 0.068488 -0.280985 0.253510 -0.101553 1.246601
-0.126840 -0.285247 0.593691 0.697830 -0.430263 1.182200 0.749061 -1.361589 -0.532676 -0.268426 -0.685896 0.156312 -0.421503 0.511259 0.343544
-0.633787 0.022132 0.565607 -0.763880 -0.589085 0.730255 -0.382746 0.360437 -0.252780 -0.100826 -0.544176 -0.680074 -0.387796 0.058864 -0.316605
0.388369 0.489321 -0.716888 -0.861418 -0.825042 0.556800 -0.513659 0.651453 -0.380399 0.223800 0.062291 -0.747496 0.577645 -0.427609 0.006100
0.228821 0.585584 -0.998301 -1.143552 0.918093 0.673218 -0.880240 0.670213 0.121963 0.355426 0.268417 -0.375263 1.478995 -0.161426 0.310399
1.168723 0.438759 -0.212563 -0.327851 -0.174794 -0.593216 -0.196360 -0.242717 -0.950621 -0.131650 -0.580466 -0.229091 0.387006 0.254434 -0.032916
-0.651860 1.307827 0.230425 -0.181455 -0.542396 -0.340845 0.219352 0.616647 0.063417 -0.374030 -0.925906 -0.836036 -0.036970 -0.118619 0.815628
-0.069818 0.521011 0.637616 0.002460 -0.713865 0.486618 -0.732986 0.089581 -0.792256 -0.883911 -0.907226 -0.564886 -0.893706 0.730120 0.023777
0.212392 -0.123252 -0.348917 1.246012 -0.245728 -0.299267 -0.475570 -0.392823 -0.579928 0.012944 0.389194 -0.076266 -0.466171 -0.171344 0.598595
-0.334483 0.351087 0.361103 -0.595464 -0.050109 -0.205952 0.092578 -0.191672 0.889506 0.370146 0.620090 -0.652335 0.615668 -0.257517 0.938113
0.395876 0.013358 1.039021 -1.009740 -0.633085 0.404037 0.285119 0.035455 -0.499218 1.023108 0.223498 -0.583510 0.179674 0.568613 0.022259
0.432884 -0.090872 1.356575 -0.693518 -0.335344 0.464619 0.404586 -0.390011 0.375615 0.052009 -0.286626 -0.445909 -0.576674 0.454304 0.528125
-0.030550 0.163433 0.107627 -0.396929 -1.079940 0.199349 1.315586 0.275049 0.334542 -0.419358 0.168355 0.012681 0.923361 1.498201 -0.522718
-0.624958 0.501775 -0.326296 -0.149385 -0.164503 0.844817 0.557382 -0.502292 0.547316 -0.902674 -1.463042 -0.694753 0.470591 1.203147 0.608363
0.084502 -0.184838 1.253969 0.202891 -0.469522 1.495037 -0.283236 0.980930 0.621023 -0.550090 -1.092725 -0.047696 -0.699382 -1.030657 -0.895691
-0.269836 0.506989 0.203048 -0.262949 -0.092730 0.632280 -0.929544 0.074379 -0.271986 0.009584 -0.649473 0.074723 0.310815 0.235601 0.275918
0.624319 1.221592 0.679030 0.188353 -0.460781 0.424128 -0.012295 -0.181358 0.521505 0.007777 -0.403035 0.218778 0.657082 -0.701963 0.075710
-0.410651 -0.280699 0.606947 0.576615 0.189227 0.460294 -0.818644 1.040201 -0.519697 0.181932 -0.622107 0.808983 0.227066 -0.238849 -0.640134
-0.403459 -0.222875 -0.346990 0.699000 -0.451377 0.469128 0.825476 0.036633 0.171394 0.969487 -0.019187 1.086145 0.657280 0.185796 0.785061
0.510357 1.244461 0.473896 -0.384751 -0.880354 -0.184663 0.217358 -0.617351 -1.099807 -0.541536 -0.525588 0.750953 -0.149807 1.084299 0.001536
1.042517 -0.610974 -0.338638 0.133112 -0.445483 -0.285465 0.375691 -0.788785 -0.735502 0.408713 0.005088 -0.605189 -0.476819 0.598322 0.642089
1.196064 0.418418 1.025195 -1.443749 -0.145903 -1.058264 -0.567730 0.553248 -0.365418 0.078331 0.227258 -0.256073 0.562602 -0.085027 0.863613
0.295116 0.304785 1.088053 -1.635904 0.037736 0.421365 -0.468980 0.670640 0.427530 -0.418753 0.501368 -0.283828 -0.657528 0.231283 0.651447
0.761236 -1.014181 1.344961 -1.125647 0.337088 0.039678 1.356055 -0.438058 0.120403 0.598898 1.004034 -0.698957 -0.030698 0.475898 -0.532537
-0.516795 -1.509924 -0.499000 0.874815 0.447251 0.199493 -1.477234 1.629322 0.635986 -0.813078 0.720803 -1.261307 0.430019 -0.324693 0.409185
-0.119026 -0.166841 -0.957976 1.028029 0.445305 1.142060 -0.813446 0.923068 1.112914 0.169266 -1.335651 -1.244844 -0.095975 -0.902125 0.421748
-0.201806 -0.892607 1.343294 0.361421 0.863924 -0.113313 0.064170 -0.009281 1.074856 -0.053833 -1.158579 0.677176 -0.082137 -1.380124 0.361587
0.808658 -1.855189 0.209043 -0.965604 -0.411649 0.267666 -0.591135 -0.618795 1.975775 -0.345664 -0.628074 0.860587 -0.845150 -0.596367 1.046318
0.386741 -1.693414 -0.290857 0.249349 0.795853 0.721307 -0.968131 -0.039299 0.068830 -0.310209 -0.113347 0.576165 -1.128707 0.088955 0.848028
0.140808 -0.148543 -0.168164 0.464159 -0.302165 -0.149473 -0.133639 -0.384402 0.034113 -0.713071 -1.475063 -0.163830 -1.541944 -0.581089 0.531409
0.232871 1.339002 0.865071 -0.606311 0.188088 0.451004 1.271550 0.985882 0.202755 0.811804 0.625176 -0.158987 -0.262697 0.387833 -0.214104
0.909953 0.372972 0.055248 0.021688 0.684997 0.161617 0.706561 -0.477091 -0.238750 -0.411112 0.246229 0.376947 0.724590 0.571935 0.566073
-0.405525 0.025923 -0.224327 -0.471472 -0.685092 0.948223 -0.305035 -0.887703 0.121379 -0.514393 -0.039517 0.090918 0.492147 -0.148801 -0.240568
1.145870 0.257999 -1.156961 -0.819419 -0.280287 0.756314 -0.473901 -0.331577 -1.353416 -0.214420 -0.347071 0.334467 0.257990 0.552495 -0.479187
-0.496092 1.074828 -0.192230 -1.710100 -0.442089 -0.526797 0.028926 0.242164 -0.356130 -0.131514 -0.692303 0.125301 0.085005 1.016943 0.376616
0.684793 0.843660 0.096164 -0.041470 1.190845 -1.072063 0.918528 0.638020 0.210363 -0.247420 0.052738 0.026967 0.148725 -0.040227 0.313482
-0.884843 0.070937 1.548018 0.769347 1.600896 -0.911907 -1.343335 -0.356824 -0.645207 0.001410 0.510090 0.366335 0.166949 -0.028961 -0.236246
-0.500519 -0.148035 -0.165861 0.207935 2.026293 0.423253 0.342009 -0.111169 -1.753206 -0.312658 0.550954 0.570574 -0.494842 -0.558081 0.959652
0.697312 -0.207031 0.432863 0.145552 0.909512 0.533798 -0.047733 -0.737967 -0.533096 -0.068746 -0.341762 0.284351 0.024415 -0.937477 -0.592706
0.332434 -1.255174 0.043645 0.319740 0.418920 0.211327 -0.137629 -0.530732 0.273653 -0.258622 -1.015043 0.743205 -1.017916 -0.337743 0.773033
-0.553976 -0.456641 0.569407 -0.654068 -0.011529 -0.525555 -0.581299 -0.081741 0.011941 0.184345 -1.261114 0.612205 -1.264039 -1.413427 -0.293362
-0.271417 -0.310439 0.210746 -0.718252 -0.846648 -0.095506 0.372194 -0.433895 -0.732036 -0.921639 -0.282819 -1.112751 -0.863546 0.234243 -0.248351
-0.046657 0.647523 0.540213 -0.240620 0.116323 0.431156 -0.272462 0.416608 -0.144414 0.476543 0.531648 0.283397 -0.390276 0.287087 0.390905
-0.321490 -0.332682 0.059128 -0.421889 -0.185927 -0.044981 0.829219 0.705956 0.575003 -0.620230 -0.464714 0.006817 0.403041 -0.501033 -0.382331
-0.676282 0.391897 0.361578 0.338750 -0.613159 0.511580 0.213726 0.807441 -1.028571 -0.578496 -0.620400 -0.382759 -0.757170 -0.383292 -0.488742
-0.607766 -1.107955 0.038154 -0.583863 -0.373096 -0.514401 0.188709 0.736601 -0.579027 -0.939669 -0.002712 -0.063981 -0.750619 0.379122 -0.479374
0.499730 -0.944143 -0.207087 -0.659885 0.328540 -1.074939 0.787358 1.541011 0.034246 0.334320 -0.505402 0.239194 0.315777 -0.263706 0.724565
0.815999 0.085728 -0.414386 -1.244808 1.703552 -1.197638 -0.037419 -0.431261 -0.712474 0.199835 -0.103834 0.547663 0.323116 -0.085452 -0.788628
0.076694 -0.506166 0.954024 -0.321028 1.439443 0.374604 -0.455597 1.017757 -0.188654 0.323126 0.153237 0.278253 0.964844 -0.414327 0.650337
-0.225846 0.079657 1.093005 0.020305 0.964632 -0.649506 -0.852466 -1.184989 -1.656785 -0.618191 -0.100252 -0.836805 0.084911 0.264867 -0.307612
0.236420 0.007413 0.003156 0.163073 0.528551 -0.233457 0.520236 0.149901 -1.603821 -0.331292 1.302137 0.330335 -0.204631 0.375516 -0.581702
-0.284746 -0.272716 0.913222 0.107693 -1.191651 -0.301109 -0.831052 -0.693790 -1.540332 0.440636 -0.315197 0.178831 -0.814951 -0.113066 -0.894748
0.703280 -0.665749 0.532452 -0.181691 -1.208978 0.194016 -0.679727 -0.551713 -0.440002 -0.726992 -0.739199 -0.515925 -1.659035 -0.329085 -0.664124
0.162673 0.611961 0.727266 0.227833 -0.327598 0.013308 0.420681 0.590700 -0.371516 -0.554449 -0.256205 0.553365 -0.531901 0.656516 -0.848384
-0.027211 -0.171718 0.421925 0.892782 0.017584 0.458813 -0.505192 0.801479 0.769425 -0.003833 -0.143984 -0.289827 -0.241814 0.122799 -0.766183
-0.105849 0.968910 -0.914992 0.625346 -0.775163 0.303860 0.048640 0.788982 0.283565 0.746926 0.495189 0.873504 -0.404830 0.944914 0.270640
0.420791 -1.659924 -0.228285 0.478367 0.259285 0.531431 -0.988335 1.067254 -1.281550 -1.566213 -0.553518 -0.393044 -0.504859 0.087437 0.890945
0.001179 -1.239674 -0.226520 1.216775 -0.387877 0.862756 -0.138371 0.356046 0.685013 -0.870710 -0.647668 0.396157 0.645221 -0.836016 -0.526172
-1.072715 -1.009239 -1.043016 0.350220 -0.248600 0.607096 0.749287 0.395429 -1.205989 0.576009 1.066176 0.294516 0.897150 -0.706163 0.527159
0.329288 -0.257423 -0.615863 0.682771 0.295794 -0.177126 0.515068 0.185604 -0.321582 -0.837650 -0.241262 0.939835 -0.465041 -1.102709 -0.831371
-0.570853 -1.128079 0.340621 0.102377 0.926177 0.340388 -0.921611 -0.430371 0.702497 0.140400 0.683780 -0.490031 0.081911 0.537629 0.262476
1.065623 0.250005 -0.655762 -0.106275 0.721890 -0.372408 0.422364 -0.503086 0.380929 -0.827874 0.607153 -1.652818 0.281988 0.184173 -0.484111
-0.040558 1.118890 1.200273 0.635126 -0.280666 -1.209794 0.415187 0.056411 -0.034780 -0.889003 0.721574 -0.009596 0.628339 -0.163697 0.387313
0.354916 -0.020102 1.631425 -0.301641 -0.088650 -1.468343 0.117398 -0.577294 0.394507 -0.654555 1.947453 1.144143 -0.619948 -0.957935 -0.231689
-0.755372 0.847389 1.451046 -0.266800 -0.732452 -0.386744 0.148887 -0.471488 1.659599 -0.547687 0.127602 0.193343 -1.248941 -0.913385 0.837725
-0.383696 1.076986 0.813638 0.267104 0.585946 -0.571601 -0.442183 0.981905 0.266445 -0.751823 -0.119772 -0.232666 -0.462208 -0.331218 0.350883
-0.048244 0.879981 -0.913600 0.613019 -1.216103 0.342992 -0.257261 0.766425 0.296564 0.062566 0.096689 0.652172 0.121382 0.424578 1.038499
1.108436 0.513637 0.383353 -0.112822 0.491175 -0.101525 0.254592 0.783484 0.272965 -0.441627 0.578886 -0.712790 -0.105290 0.782183 -0.405749
-0.599028 0.112857 0.578951 0.287994 -0.170577 -0.109931 -0.187830 -0.377548 0.348215 0.167445 -0.161148 -0.671296 -0.089864 0.069169 1.028395
-0.192867 0.048512 0.256860 0.859616 0.008130 -0.317875 0.500061 0.442964 -0.660219 -0.370310 0.287921 0.343941 0.237915 -0.964710 0.110592
0.309926 -0.923472 -1.066689 0.448186 0.236846 -0.181154 0.194967 0.134063 0.291643 -0.858697 -0.436447 0.174388 -0.037664 -0.392406 -0.617558
0.492956 0.291178 -1.179752 -0.255490 -0.053965 0.487010 -0.125777 -0.009793 -0.152583 -0.432242 -0.649421 -0.960536 -0.581950 -0.981864 0.062995
0.134789 0.413205 -1.825973 0.525052 0.105014 0.916370 -1.311502 0.020385 0.417520 -0.125763 1.328862 -0.754402 -0.647643 -1.269286 -0.792973
-0.113316 1.289899 -1.338998 -0.272641 -0.490609 -1.247072 -0.940611 0.553427 1.417372 -0.192523 -0.287653 -0.749095 0.030241 -2.179415 1.051139
-0.723422 -0.749989 0.093251 0.723972 -1.639398 -0.937952 -0.446601 -0.444295 1.500841 -0.770070 1.176807 -0.924018 0.125120 -1.114258 0.607205
0.419790 -0.209000 0.131087 0.493970 -0.650328 -0.028630 -0.269878 -0.232316 -0.676293 0.102555 0.419421 0.731260 0.180230 -0.535242 -0.147353
0.611510 -0.923841 1.489766 0.373942 -0.019830 -0.906202 0.431869 0.293895 0.191024 -0.523926 0.747288 0.743586 -0.633640 -0.233481 -0.810342
0.495980 0.526577 0.560305 0.173836 -0.596356 0.822761 0.654501 -0.719287 -0.603200 0.390796 0.184293 1.012137 0.425943 0.101451 0.063597
0.150200 0.107051 0.671936 0.167882 -0.538201 0.925061 0.980189 -0.429335 0.233893 1.013905 -0.017479 0.164890 1.140325 -0.539326 0.772345
0.241965 -1.060974 -0.506563 0.553677 -0.162965 -0.539188 0.143444 0.137831 0.820835 0.762756 0.484653 0.588620 -0.589933 0.107744 0.889902
1.119285 -1.450597 -0.905624 1.197688 0.060247 -0.742582 0.709887 0.455225 -0.387385 0.187718 -0.189027 -0.206413 0.230019 -0.235105 -0.715237
-1.307347 0.159706 -0.670030 0.806284 0.752939 -1.331304 0.874608 -0.916664 -0.186662 0.699912 -0.472653 0.634242 -0.564639 0.094486 0.866886
-0.492114 0.647645 -0.778387 0.634225 0.009751 -0.010782 1.049355 0.768890 0.441594 -0.554070 -1.012686 0.071462 -0.111018 0.395812 0.312686
-0.122479 -0.287223 0.166137 -0.114594 -0.556436 0.573584 0.255996 -0.552461 0.047674 1.108168 0.481301 0.461609 -0.468541 0.619949 0.049286
0.283616 -0.768712 -0.920745 0.030533 -0.271079 -0.218695 0.636396 -0.578352 -0.142056 -0.182299 1.617054 0.804798 0.024821 -0.146509 -0.112221
-0.070983 -0.902071 -1.697996 -0.033872 -0.164509 -0.863892 -0.384683 0.189764 -0.022121 0.432909 -0.112234 0.557951 0.055222 0.272512 0.409182
-0.770053 -0.962672 0.250133 -0.087575 -0.403428 -0.754831 0.722710 0.230098 0.610932 -0.470634 0.362869 -0.343890 1.522340 -0.735866 -0.361874
-1.082653 0.133928 0.134623 0.020935 -0.083702 -0.605116 0.205109 -0.536657 1.382280 -0.062376 0.142095 -0.239252 -0.146472 -0.640744 -0.633368
1.080652 -0.420045 -1.023687 -0.031395 0.606107 -0.746732 0.504643 -0.024954 -0.728853 -0.058310 0.698945 -0.659452 0.070389 -0.698277 0.224236
0.071615 0.743007 0.618071 -0.020886 -0.908709 -0.767679 -0.325615 -0.291878 -0.352940 0.106405 -1.020712 -0.072001 0.323803 0.352881 0.499797
0.429448 1.268187 -0.825431 0.091091 0.409203 -0.770658 0.454471 0.990794 0.309267 -0.804987 -0.252482 1.165726 0.083076 1.413791 1.059642
0.336651 0.545090 0.343613 0.173823 -0.414345 -0.290778 0.326426 -0.113004 -0.882233 -0.451395 0.641665 -0.422102 0.589393 1.005578 0.955078
0.539351 0.369579 -1.296035 0.879444 1.089261 -0.471556 0.365728 -0.475915 0.346477 0.388211 -0.195923 0.988521 -0.637845 -0.678396 0.629828
-0.442857 -0.388715 0.239952 0.154172 0.046908 -0.298594 0.791491 0.158312 0.276411 1.183665 -0.642571 -0.701252 0.104670 0.314051 0.359872
-0.617481 -0.433386 0.089874 0.802111 0.735259 -0.314976 0.348606 0.002836 -0.138624 1.075660 -0.453870 0.137817 0.720727 0.085674 0.439726
-0.492411 0.824362 -0.710164 0.360274 0.363729 -0.070014 0.417154 -0.139813 0.068137 -0.251217 -0.334909 0.764029 0.246609 -0.413152 0.400064
-0.328536 0.265372 0.056252 -0.180418 -0.715842 0.409180 -0.465365 -0.779557 0.227317 -0.372238 1.249011 -0.070613 0.443799 0.337379 0.127563
0.582062 -1.084271 -0.661813 0.342939 -1.738654 -0.348399 0.764869 0.322332 0.950942 -0.110617 0.707289 -1.103870 -0.659126 0.539206 -0.658396
-0.170197 -1.777544 -1.260262 0.717658 0.015445 -0.668484 -0.157984 0.657534 -0.502371 -0.510930 1.287780 -0.001410 0.595216 -0.127661 0.357545
-0.227107 -2.306622 -1.367535 0.539048 0.821070 -1.023863 0.597187 0.300675 -0.364031 0.770555 -0.139226 -0.278926 0.237911 -0.890063 0.284581
0.580015 -0.817499 -1.016738 -0.189310 -0.258871 -0.501155 -0.315828 0.811106 -0.544644 0.367006 0.469436 -0.825452 0.986332 0.135063 0.714300
-0.495530 1.083522 0.723544 0.872704 -0.599392 -0.655020 0.792250 -0.645778 -0.242856 -0.075200 0.678217 1.171069 -0.748292 0.348005 -0.396990
0.554992 -0.505120 -0.313606 1.089277 -0.863675 0.672112 0.496043 -0.209093 -0.554388 0.198162 0.864927 0.689594 0.553541 1.069742 0.008981

Bias v0 (Oculta):
0.961006
-0.303572
-0.953746
-0.370700
0.478391
-0.095450
-0.159244
1.411802
-0.723090
-0.610240
1.210794
0.895060
0.084554
-0.409786
0.636933

Pesos w (Oculta -> Saﻥda):
-1.124792 -1.006050 -0.324704 -1.290023 -2.009320 -0.732972 -0.786674 0.198131 -0.328644 -0.359442 -0.847896 -0.650431 -4.701661 -1.268240 -1.248290 -0.740203 -0.570557 -1.227636 0.960838 0.404268 0.450946 -2.869052 -0.854148 -0.232510 -0.099125 -1.182030
0.183568 1.186339 -0.815698 0.666226 1.165727 -3.880312 0.619836 0.085268 2.822826 -4.263026 0.248574 0.777752 0.392522 1.553592 -0.305866 3.273930 -0.743469 0.276973 -3.319187 -2.775217 -0.029994 -4.034180 0.763300 0.249730 -2.891971 3.036510
0.311833 -2.984497 2.239169 -1.835321 2.859157 0.468201 -2.019091 -2.041284 1.026823 0.548850 1.478476 2.699341 -0.083145 -3.549274 -2.911797 -3.089284 2.002474 -0.457951 -3.390396 1.047549 0.863108 3.260045 -0.414571 -0.129625 -4.345999 1.520225
-4.580978 1.048235 0.547806 -0.205843 0.273940 0.987267 -1.047891 -0.286360 -2.762847 -4.508145 0.842875 1.187215 -0.007056 0.275667 -0.263853 0.713273 -0.812067 1.236627 -1.072825 2.708364 -0.060101 1.022314 -4.311212 -0.124770 0.775035 -3.705407
-1.578338 -2.491842 3.776814 3.884531 -1.960190 -1.329968 4.059014 -1.596953 -1.830675 0.837902 -1.183931 -1.760926 -0.804254 -1.238581 2.670265 -2.684896 2.691189 -1.742203 -0.636502 -1.366899 3.058511 -1.241294 -0.092035 -0.471937 -0.999631 -1.309186
1.914581 1.045355 -3.169503 1.501267 -0.045275 -1.992099 0.179814 1.921261 -2.815760 -1.005023 2.489691 2.545569 1.117944 2.260080 -3.555994 -3.175137 -1.745853 1.618360 3.181734 -2.174633 0.178423 -1.144118 0.215184 -0.564821 -3.635440 -2.094413
-2.533199 -3.776428 -2.709877 -2.561957 -3.030288 -2.495020 -0.967260 2.389091 0.717439 0.979045 1.043233 -2.875809 1.339068 2.115053 0.221652 -0.655170 1.000400 -2.727730 -1.485392 2.982881 2.074725 0.787596 -0.124496 0.245950 0.925899 -1.407390
0.312040 -0.419294 -0.577455 -1.165877 -1.203328 -0.651174 -1.621926 -1.011479 -0.305823 0.808905 -4.043018 -1.349341 -0.560478 -1.200988 -0.403112 -0.381837 -2.443555 0.117247 0.469398 -0.463548 -1.709637 -1.572655 -0.490105 -2.167264 -0.850689 -0.976486
-1.302133 -1.051074 -1.552622 -1.684101 4.539198 2.351483 2.987844 2.372303 -0.960119 -1.122109 -0.487286 -3.856777 0.515054 -2.182447 -1.789014 -1.018974 -1.651380 -1.610616 -1.347912 -1.299171 -0.872797 0.478234 3.315271 -0.444117 -0.648179 -0.929110
0.953742 0.162310 -0.475807 -3.628404 -0.699239 -0.522811 1.837571 -1.335064 -0.748387 0.915787 -1.017571 -1.064982 0.467746 -0.921437 2.533941 -0.590643 -0.237228 -0.027419 -0.136195 -0.563489 -0.477618 -1.165742 2.220629 -0.335364 -0.425619 -2.246798
-3.061810 -2.528697 -0.669847 1.772229 -1.264075 2.363237 -3.627774 -0.017696 -3.027551 1.981853 1.614314 -2.325849 0.352673 -3.474134 0.932222 2.692376 -3.299360 2.531015 -1.975019 -0.808069 -1.767544 -1.440662 1.644699 -1.145430 -0.501356 2.868244
0.264038 -2.554155 0.025777 -1.417726 -1.219228 0.332862 0.782617 -4.046387 0.882344 -0.020884 0.036682 -1.100259 -1.776186 1.647522 -1.643996 -1.058798 0.718304 1.056863 0.697602 -0.137208 -3.389427 -0.363199 -0.453395 0.054628 0.208443 -0.746714
-1.210496 0.103480 -1.930227 0.725175 -1.396732 0.283069 -0.767222 -1.921209 0.177929 -0.752307 -0.991300 -1.305490 2.257294 -1.441569 1.386767 0.190779 4.004174 -1.405097 0.258762 -0.983154 -2.126339 -2.566482 0.136225 -0.577870 -1.437395 -0.110755
1.713417 1.183932 -1.714890 0.138149 -1.445809 -2.719461 -0.659793 0.501920 -2.548507 0.477108 -0.674288 -3.092502 0.149942 0.530780 0.395974 -3.081894 0.865477 1.377326 -3.264149 -4.538849 0.254724 2.718834 0.039336 0.790977 2.664882 0.761164
-0.914486 0.335821 -1.400131 -0.562284 -1.318795 -0.103830 -0.591142 -1.300679 -0.344167 -0.037491 -0.850628 -1.000862 -0.936307 -2.820771 -0.994994 -1.376951 -0.982938 -2.665357 0.475600 -1.547255 -0.355107 -0.993263 -2.033828 0.031030 -0.362788 -0.017510

Bias w0 (Saﻥda):
-0.382239
-0.745722
-0.551579
-1.569403
-0.872919
-1.562988
-1.729621
-2.124278
-1.303536
-1.461486
-2.984023
-1.012025
-0.616788
-1.431095
-0.908304
-0.472124
-2.707144
-2.796537
-1.072113
-2.276600
-1.907615
-1.085279
-1.748493
-0.700616
-0.713505
-2.251044
