Pesos v (Entrada -> Oculta):
0.463638 0.352267 -0.460563 -0.877230 0.885291 0.549992 -0.128098 -0.434953 0.464879 -0.903844 -0.115261 0.026349 -0.345535 0.336741 0.440196 0.819730 -0.391823 -0.918721 0.481789 0.239700 0.152627 0.589424 0.957957 -0.123230 0.214497 -0.684598 0.699304 0.355280 -0.837769 -0.088885 -0.917010 0.877147 0.325945 0.383727 -0.910660 0.120831 0.812419 0.085479 0.624257 -0.014193 0.953145 0.912568 -0.320730 -0.656720 -0.149785 0.742316 -0.421756 0.434187 -0.476995 0.252720
-0.717481 -0.147588 0.448870 -0.226190 0.036376 -0.896094 -0.118386 -0.938354 -0.364574 0.594608 -0.299971 -0.982282 -0.954523 0.485834 0.107457 -0.415417 -0.341678 -0.414628 0.847481 0.871061 -0.280762 -0.865213 0.492421 -0.608978 -0.586551 -0.266386 0.665001 0.976038 -0.580519 -0.750207 -0.388668 -0.296833 0.197443 -0.640297 -0.100755 -0.587073 0.152011 -0.250827 -0.863565 -0.625165 -0.007996 -0.464730 0.287329 -0.507317 0.599734 0.857249 -0.198330 0.676021 0.758872 -0.786926
-0.288144 -0.432192 0.866854 0.721735 -0.636107 0.707405 0.566364 0.835618 -0.626589 0.411541 -0.918593 -0.324950 -0.823996 0.349647 0.309826 0.105445 -0.622714 -0.521603 -0.930144 -0.471295 -0.824646 -0.045568 0.734014 -0.595575 0.244569 0.595570 0.748745 -0.548935 -0.050772 0.772313 -0.294000 -0.908155 0.813281 -0.178841 0.261190 -0.576891 0.062916 0.916229 -0.211352 0.581762 -0.699104 0.299696 -0.668208 0.716164 -0.457052 -0.290067 0.488330 -0.612577 -0.043420 -0.018629
-0.878630 0.755798 -0.764214 0.241785 -0.378030 -0.827756 0.780441 0.843880 -0.877614 0.242753 0.942056 0.949685 -0.269499 -0.461146 -0.763735 0.981930 -0.233710 0.647119 -0.794581 0.275105 0.714592 0.005047 0.136056 -0.284649 -0.274053 -0.647534 0.526576 0.332400 0.507376 0.394248 -0.812430 -0.817156 0.636256 -0.845685 0.997089 0.970068 0.743859 -0.032868 -0.165855 0.959290 -0.572689 0.100757 -0.233458 -0.362537 -0.377945 0.804903 0.520788 -0.149245 -0.993510 -0.945527
0.831252 -0.217295 -0.624617 -0.491164 0.479363 0.704381 -0.502590 0.007567 -0.314783 0.390597 -0.792194 0.540464 0.050205 -0.713350 -0.091202 -0.026388 -0.142811 -0.853551 -0.196649 -0.409461 -0.030993 -0.010638 -0.567420 -0.783531 -0.886709 0.960746 -0.990508 -0.949649 -0.427139 -0.914617 0.449824 0.485123 0.468342 0.113464 0.233221 -0.409621 0.024936 -0.869431 -0.956952 -0.897085 0.384079 0.527463 -0.763899 -0.551485 -0.998804 0.972375 -0.400793 -0.008579 -0.798537 -0.340337
-0.926633 -0.828102 -0.365325 -0.323102 -0.754783 0.263031 -0.057977 -0.753346 0.372428 -0.348744 0.799894 -0.866263 -0.457786 -0.536566 -0.554155 -0.998548 0.077290 -0.276928 0.219231 0.404149 0.051859 0.635770 -0.532719 0.145263 -0.607722 0.216536 -0.030087 0.040056 -0.350412 -0.426480 -0.760006 0.807699 0.406132 0.475045 -0.026024 0.125678 0.998372 0.026814 0.138056 0.130815 -0.160909 0.586457 0.500730 0.075360 0.555501 -0.940519 -0.623908 -0.939421 0.958999 0.085153
-0.928636 -0.816185 -0.661660 0.772750 0.483522 0.352580 0.463406 -0.829465 -0.931216 0.666931 -0.148780 0.582833 0.742243 -0.384148 0.820494 0.822513 -0.155420 -0.292787 -0.981298 -0.543789 -0.391327 -0.992077 0.057081 0.780639 0.039721 0.891716 -0.025181 0.179708 0.240462 -0.613186 -0.948499 0.721300 -0.170125 0.712876 -0.703078 -0.573752 0.281468 0.561473 -0.753428 0.890529 -0.032699 0.544210 0.992448 0.562411 0.007474 -0.776302 -0.402321 0.328578 -0.223079 -0.916336
0.769216 -0.784427 0.897264 -0.359713 -0.963425 0.612324 0.540184 -0.846488 -0.355249 0.468990 -0.336284 0.064155 0.957757 0.083102 0.601973 -0.616730 -0.111425 -0.324563 0.022572 -0.267672 0.922608 0.673133 0.999986 -0.100199 -0.286072 -0.309443 0.404267 -0.556883 -0.035492 0.912443 0.928231 -0.866472 -0.147010 -0.655500 -0.756786 -0.604732 0.540813 -0.020621 -0.866099 0.812771 -0.820366 -0.898316 -0.063306 -0.526884 -0.889705 0.722471 0.566540 0.047881 -0.056175 -0.972668
-0.680865 0.378230 0.648622 -0.549599 0.438165 -0.220937 0.570536 0.854679 -0.499636 0.821632 -0.142835 0.178660 -0.694958 0.542408 -0.011369 -0.218443 0.604590 0.143064 0.398113 0.466402 0.690762 -0.993153 -0.182981 0.235821 -0.005701 0.863922 -0.238210 -0.022933 0.166020 0.446299 -0.105256 -0.946611 -0.521630 0.720806 0.812950 -0.458398 0.332928 -0.885601 0.461902 -0.392838 -0.824092 -0.615997 -0.288954 -0.951500 -0.801226 0.819173 0.487280 -0.464197 0.423002 -0.366689
0.949469 0.491755 0.602624 0.148676 0.013295 -0.217774 -0.396151 -0.838110 0.774148 -0.464846 0.400974 0.489888 -0.297211 0.324776 -0.206747 -0.341912 0.968500 -0.900891 -0.122412 -0.655786 -0.873251 -0.984760 -0.991861 0.617289 0.774050 -0.630744 -0.621268 -0.736041 -0.637053 0.761031 -0.420068 -0.213858 0.760813 -0.625485 -0.616108 0.402750 0.922018 0.948460 0.911281 -0.977990 0.455946 0.432943 0.200901 -0.206559 -0.579306 0.919416 0.057005 -0.141201 -0.723585 0.141371
0.797937 -0.127200 -0.547970 0.987305 -0.054138 0.765114 -0.548038 0.151804 0.891912 0.166117 0.689520 -0.334280 0.568223 0.363919 0.083076 0.151202 0.876492 0.525057 -0.883575 -0.689340 0.354712 -0.511839 0.287826 0.029083 0.154479 -0.878991 -0.792876 0.868210 0.773922 -0.862474 0.187029 -0.214385 0.745582 -0.436504 0.219355 0.521856 0.852072 0.431099 -0.896409 -0.320392 -0.070929 0.648898 -0.174823 -0.331530 -0.097120 -0.451391 -0.239242 0.977745 0.424929 0.280788
-0.268625 -0.851104 0.793438 -0.019705 0.489394 -0.932187 -0.934058 -0.495810 0.880388 -0.355302 0.881739 -0.865530 -0.514303 -0.588739 0.460527 0.785135 0.380634 -0.592750 -0.587081 -0.192788 0.066772 -0.357976 0.703893 -0.954733 0.362210 0.090979 -0.290397 -0.419909 0.656365 -0.394538 -0.130009 0.912225 0.787427 -0.546185 -0.556453 -0.401516 -0.459870 -0.491264 -0.014781 0.185799 0.252810 0.373696 -0.096381 0.717429 0.784781 0.608000 -0.519149 0.942153 0.897218 -0.144401
-0.328759 0.934052 -0.017956 0.209329 -0.888027 0.810229 -0.637553 0.918336 0.536934 0.215389 0.310172 -0.873710 0.628829 -0.880464 0.603690 0.993762 -0.257614 0.438589 -0.248394 -0.347386 0.713774 0.884490 -0.584059 -0.470436 0.381689 -0.275252 -0.894068 -0.731845 0.762819 -0.606646 0.434512 0.723995 0.356477 0.336839 0.673470 0.335823 -0.311965 -0.600881 0.012199 0.451827 -0.034385 0.629169 -0.408506 0.266174 0.847625 -0.646929 -0.926522 0.169754 -0.855635 0.005158
0.481967 0.132374 -0.666771 -0.414328 0.346901 -0.022363 -0.722325 0.958970 0.109630 0.953332 0.601045 0.757757 -0.985031 0.664050 0.784572 0.947162 0.294891 -0.684530 0.647832 0.801668 0.912543 0.943099 0.192434 -0.431458 0.455801 -0.419772 -0.665320 0.994235 0.575131 -0.286338 0.758835 0.143115 -0.889301 -0.768536 -0.129642 0.497385 0.958928 -0.501821 0.633829 0.759767 -0.808648 -0.061483 -0.510955 -0.128247 -0.637629 0.576716 0.471339 -0.302166 0.290757 0.071075
-0.214507 -0.602248 -0.374265 -0.780813 -0.113926 0.198231 -0.853615 0.249285 0.198648 0.725474 0.825877 -0.906395 -0.790913 -0.847018 -0.108761 -0.587359 -0.010796 -0.778433 0.893224 -0.772171 -0.456716 0.111138 0.808828 0.589672 -0.638353 -0.253568 0.598969 -0.799586 -0.873576 -0.515920 -0.219389 0.173396 -0.352574 0.876431 -0.804154 0.197265 0.000706 0.256337 0.679371 0.168609 -0.399930 0.025219 -0.912914 0.985714 -0.184942 -0.032852 0.443376 0.611389 0.180109 -0.950671
-0.831793 -0.375677 0.258476 -0.469222 -0.421748 -0.143420 0.723471 -0.808629 -0.010289 -0.216058 -0.810848 0.123109 0.615164 0.868533 0.720965 0.183900 -0.037815 0.569159 -0.892045 -0.628903 -0.921265 -0.201100 0.166270 0.035224 0.636103 -0.290071 0.181287 0.091480 -0.270954 -0.465325 -0.035758 -0.845794 -0.657046 -0.120445 -0.663588 -0.417652 0.613938 -0.942711 -0.662446 0.219523 -0.403439 -0.897478 0.302795 0.953552 -0.461661 -0.304213 -0.136694 0.832411 0.024270 -0.574069
-0.287673 -0.909615 0.528803 0.060032 -0.270229 0.298315 -0.820003 0.038676 -0.828211 0.915134 -0.697603 -0.853287 0.428587 0.537988 0.086376 0.244187 -0.830742 0.534959 -0.979816 0.605125 -0.027247 -0.422595 0.087830 -0.363187 0.806535 -0.278661 -0.046557 0.702168 0.858303 -0.006621 0.113470 0.107371 0.044292 0.822296 -0.063154 0.840201 -0.627919 -0.098330 0.355812 0.595350 0.965171 -0.076903 0.363990 0.181968 -0.095275 0.895761 0.679937 0.856948 0.370842 -0.443785
0.932007 -0.054656 -0.035088 -0.879288 0.389931 0.364324 0.840980 0.778316 -0.939705 0.281077 -0.261034 -0.134756 0.702818 0.470790 -0.969163 0.180909 0.827340 -0.501380 0.740415 0.364811 0.728236 0.404611 -0.227376 0.827378 -0.316786 -0.186254 -0.845633 0.942934 0.080864 -0.260824 0.772948 0.685814 0.923702 0.409813 0.552951 0.640154 0.448776 -0.059948 0.222108 -0.861834 -0.390624 -0.599500 0.169917 0.786124 0.591120 0.830484 -0.756543 0.205326 0.195049 -0.794218
0.100075 0.522831 -0.050394 0.217588 -0.440022 0.309097 -0.604979 -0.274026 -0.542916 -0.295226 -0.401057 0.776901 -0.560185 0.037938 0.317679 -0.842717 0.464831 0.606374 -0.561056 -0.026162 0.477314 0.191019 -0.472552 0.222491 -0.279642 0.011145 -0.653831 0.085401 -0.005530 -0.990228 0.447378 -0.298924 0.616947 0.830664 -0.609644 0.747085 -0.018986 0.838943 -0.765483 0.366828 0.358708 0.966158 -0.079653 -0.844644 -0.901422 0.550689 -0.950741 0.046200 0.031072 -0.376930
-0.677958 -0.245218 0.919410 -0.367246 0.655249 0.071435 0.866860 -0.185311 -0.451790 0.710784 0.131177 -0.321004 0.347894 0.551030 0.287415 -0.493762 -0.847731 0.190507 -0.076515 0.700618 0.957590 -0.026243 0.785139 -0.083587 -0.348717 -0.931477 -0.409865 0.846537 0.439868 -0.149276 -0.390235 0.537811 -0.325688 -0.902347 -0.785398 0.472214 0.441780 0.361191 -0.706733 0.433137 0.380782 0.462987 0.267020 0.455584 -0.759879 0.517362 0.677018 -0.098261 0.998688 -0.133584
0.519263 0.308368 -0.495336 0.751233 0.939190 -0.093020 0.127425 -0.973833 -0.703992 -0.640529 -0.358182 0.385714 0.460675 -0.329065 0.734585 -0.322386 0.718094 -0.470501 -0.305914 0.031630 0.649956 -0.076612 -0.549450 -0.153790 0.663149 -0.225688 0.555388 0.102357 -0.897296 0.081033 0.468107 -0.010406 0.544639 0.025238 0.146479 -0.882840 -0.483083 -0.416378 -0.270335 0.945762 0.379806 0.402824 0.035157 -0.516965 -0.908035 -0.342693 0.475560 0.903644 0.977104 -0.134761
0.662813 -0.820567 0.416587 -0.104094 -0.457174 0.830315 -0.498496 -0.808032 0.223482 0.516406 -0.074307 -0.033016 0.629576 0.553244 0.565606 -0.609690 0.614113 -0.873212 -0.282077 0.601736 -0.948951 -0.822733 0.404557 0.071553 0.993396 -0.441129 -0.718828 -0.473473 0.768031 -0.104880 -0.134029 0.301579 0.565912 -0.798054 -0.557983 -0.312390 0.641787 -0.664574 -0.823722 -0.153100 0.810346 -0.953941 -0.749200 -0.632450 0.868934 0.306412 -0.436862 0.940767 0.005835 -0.701528
-0.318956 -0.660405 -0.106963 -0.005897 -0.099978 -0.245535 0.177388 0.332388 -0.469051 0.757880 0.563396 -0.012411 0.157127 0.162635 -0.297820 0.647342 -0.364648 -0.498038 -0.647269 -0.570739 0.745780 0.061859 0.733743 -0.788492 -0.843325 0.842208 0.546453 0.852271 -0.713267 -0.127934 0.599166 -0.228881 0.677449 -0.852842 -0.170878 0.799595 -0.262362 0.981776 -0.885537 0.351480 0.433439 0.054600 0.666988 -0.234729 0.524206 -0.386009 -0.453605 0.807101 -0.843338 -0.316043
-0.479715 0.567639 -0.516776 0.297457 -0.242065 0.055401 0.100157 -0.429651 -0.507071 0.681522 0.117323 -0.166736 0.996177 -0.610401 0.339100 0.459681 0.538266 -0.285248 0.003471 -0.847104 0.732765 0.925547 -0.680110 -0.893963 -0.157535 -0.585859 0.147835 0.812143 -0.108827 -0.335743 0.403975 -0.103089 -0.637575 0.921421 0.956148 -0.651003 0.914670 0.900340 -0.908866 0.106186 -0.510271 -0.613661 0.510694 0.244208 -0.011664 -0.514318 0.951592 0.217956 -0.376523 0.594808
0.635855 -0.302649 -0.912906 0.034516 -0.885701 -0.694865 0.510003 -0.561805 0.047710 0.875436 -0.056004 0.667834 0.641733 -0.332905 0.633387 -0.947518 0.058380 -0.620827 0.573609 -0.430551 0.564547 -0.111778 -0.903670 -0.395618 -0.503717 -0.837947 -0.222139 0.873121 0.245727 -0.202058 -0.448479 0.095602 0.347794 -0.884501 0.757471 0.824857 -0.992551 -0.803997 0.921897 0.252213 0.522223 -0.935920 0.278153 0.918501 -0.994510 0.221789 0.584804 0.277345 -0.565874 0.124375
-0.155253 0.736574 -0.742702 -0.244872 0.478322 -0.964502 -0.221030 -0.236808 0.885816 0.941460 -0.381116 -0.001783 -0.937323 -0.910946 -0.934683 0.450341 0.591752 -0.541169 -0.982656 -0.061974 -0.540447 0.191620 -0.676997 -0.564644 0.944104 0.429481 -0.985537 -0.789356 -0.919069 -0.008883 0.030941 0.907087 -0.824973 0.058463 0.606920 0.333532 0.019459 -0.601543 0.920201 0.064079 -0.886085 0.478007 0.771876 0.811155 -0.675831 -0.146163 -0.470988 -0.219750 -0.156842 0.800475
-0.640072 0.435163 0.973526 -0.391776 0.521808 0.697245 0.276362 0.468124 0.429037 0.560947 -0.967177 0.115158 -0.781615 0.730356 0.531359 0.974205 -0.308607 0.865798 -0.352131 0.736111 0.939733 0.490259 0.125791 0.991295 0.807884 0.741689 0.815459 -0.316855 -0.334863 0.827792 0.426043 -0.978793 -0.159889 0.013860 -0.550672 0.649026 0.447183 0.141145 -0.585456 -0.606173 0.546668 0.031661 -0.586347 -0.969782 -0.450176 -0.862003 -0.593235 0.137212 -0.769867 -0.015237
-0.710771 -0.078885 -0.557080 -0.738059 0.595264 -0.367406 -0.384296 -0.436713 0.381821 0.055272 0.132096 0.783163 -0.552257 -0.357586 0.687587 0.490463 0.382743 0.000474 -0.183627 0.219473 -0.040037 0.564503 0.653685 0.410951 -0.343710 -0.236806 -0.544362 0.877604 -0.000296 0.938411 0.959319 -0.281107 0.374731 0.584729 0.873240 0.939173 0.491779 0.983628 -0.557452 0.938019 0.792700 0.537900 0.568369 -0.750321 0.465274 -0.962147 -0.583394 -0.265176 -0.307150 0.423166
-0.516757 0.835816 -0.758115 -0.096108 -0.362473 0.405523 -0.070506 0.093736 0.327844 0.247321 -0.808356 -0.205945 -0.373514 0.890577 0.253840 -0.745920 -0.488397 0.301395 -0.199489 0.237978 0.802007 -0.087949 0.422258 -0.850662 -0.125940 0.566798 -0.572704 -0.720390 -0.282500 0.861780 0.700076 0.303344 -0.281929 0.114691 0.613896 -0.908635 -0.214728 -0.978501 0.514457 0.901712 0.307623 -0.148127 -0.704429 0.881896 0.642991 0.096889 0.107639 -0.689186 -0.247194 0.466191
-0.566062 0.553999 -0.789332 -0.292680 0.796851 0.173955 0.009369 0.672359 0.705158 -0.022765 0.766927 0.712571 0.828772 -0.082726 0.202271 0.249180 -0.843359 -0.421895 -0.667806 0.123438 -0.189313 -0.036345 -0.403300 0.841235 -0.252648 -0.821816 -0.992599 0.584687 0.411150 -0.132494 -0.034089 -0.156472 0.132739 -0.365338 -0.391958 -0.846315 0.030372 0.402465 -0.010322 0.900633 0.220666 -0.612962 -0.573078 0.495963 0.744347 -0.583855 0.226563 0.633045 -0.504265 -0.041202
-0.233136 0.919093 0.767574 0.778715 -0.965689 0.059254 -0.643543 0.947419 -0.681614 -0.014546 -0.467622 0.511255 -0.295088 0.637677 -0.745435 0.191972 -0.807311 0.415071 0.369707 0.090550 0.684165 -0.389851 -0.745170 -0.224687 -0.993439 0.678126 -0.361474 -0.084737 -0.198783 -0.486645 -0.742991 0.544653 0.373851 -0.774241 -0.444106 -0.581467 -0.532443 -0.313128 0.283366 -0.277042 0.706886 0.473887 -0.972148 -0.704248 -0.129965 -0.975397 0.896950 -0.729694 0.143199 0.580908
0.946360 -0.042896 0.624068 -0.177158 -0.284778 0.453942 0.071426 -0.030169 -0.018245 -0.950053 0.662040 0.479518 0.512895 0.728714 -0.390954 0.849101 0.116034 0.592918 -0.559929 -0.362660 -0.479580 -0.617043 -0.563977 -0.067126 -0.779337 -0.561270 -0.287744 -0.221474 0.272753 0.887227 -0.927689 -0.823850 -0.698458 0.885492 0.125296 0.823219 -0.458251 -0.538797 -0.446425 0.238462 0.924559 0.757291 0.189532 0.494040 -0.535882 -0.999031 0.184318 -0.890608 0.901055 0.952076
-0.493837 -0.570659 0.542247 -0.362064 0.962182 0.552118 -0.176930 -0.092831 0.816137 0.188862 -0.535845 -0.029433 0.116410 0.658923 -0.120745 -0.507988 0.185203 0.968770 -0.719737 -0.276189 -0.187142 -0.566914 -0.746653 0.564879 -0.017690 0.590180 -0.441685 -0.510592 -0.201285 0.792143 -0.519487 0.925796 0.931371 0.644068 -0.529230 0.915903 0.428297 0.781771 0.470563 -0.825446 0.534870 0.889402 -0.675271 -0.082487 0.893623 -0.601118 0.046691 0.438008 -0.115061 -0.936942
-0.217137 0.052537 0.915798 -0.350406 -0.032024 -0.296275 -0.173492 -0.428723 0.559370 0.490718 0.835164 0.267899 0.806444 0.481521 0.414853 -0.433554 0.004841 -0.209624 0.810362 -0.973182 0.836093 -0.356831 0.928187 -0.562798 0.019640 -0.822012 -0.503346 -0.990826 0.274994 0.884049 -0.877732 0.152188 0.883960 -0.174020 -0.174762 0.400913 0.603448 -0.917263 0.453213 -0.522902 -0.367805 -0.072745 -0.204440 -0.606998 0.192232 -0.362811 -0.689687 -0.880800 0.608313 -0.034282
-0.759340 -0.897557 -0.395486 -0.887778 0.271333 -0.089499 0.376620 0.945033 -0.900540 -0.278880 -0.127209 -0.629112 -0.657998 0.922843 -0.930961 -0.742912 0.867654 -0.023280 -0.853673 -0.361013 -0.181259 0.492303 0.159780 -0.344856 0.872553 -0.636292 0.958449 0.466152 0.940670 -0.633525 -0.103867 0.959889 -0.652427 0.739408 0.612061 0.946624 -0.502750 -0.427089 -0.554423 0.953024 0.397169 -0.233123 -0.454379 -0.148356 0.480442 -0.744005 0.943116 0.029071 -0.146141 -0.458350
0.771882 0.927129 0.526043 -0.263659 -0.625716 0.545243 0.734459 -0.591085 -0.799270 0.054107 -0.948835 -0.922085 -0.076668 0.306531 -0.071780 -0.531347 -0.641016 0.575088 -0.362781 0.394196 0.660221 0.418951 -0.505935 -0.358060 0.515306 -0.768741 -0.119611 0.250209 0.387294 0.666886 0.250132 -0.594507 -0.166232 -0.288018 -0.907449 -0.568291 0.673441 -0.038104 0.642616 0.666081 -0.372464 -0.618751 0.906107 0.748045 -0.670203 0.842066 -0.468875 0.486100 0.311476 0.329846
-0.082247 -0.461256 0.641209 0.879328 -0.621289 -0.098928 0.515760 0.875125 -0.714847 0.894684 -0.387994 -0.449812 0.697189 0.338851 0.599310 0.046675 -0.786651 0.797936 0.489267 -0.788427 0.286510 0.647103 -0.105895 0.431154 0.492264 -0.444663 0.715562 0.650536 -0.095631 0.965414 0.224736 -0.039675 0.790590 -0.018314 -0.125781 -0.846465 0.106846 -0.953404 -0.292299 0.869252 -0.947972 -0.318315 0.330867 -0.122335 -0.128226 -0.569641 -0.140507 0.531695 0.522491 0.364623
0.674911 0.296297 -0.895683 -0.300342 0.691878 -0.136153 0.234102 0.387779 0.645378 -0.047806 0.970753 0.564206 0.508215 -0.825231 0.254622 -0.250910 -0.633213 -0.122489 0.856736 0.966506 0.865827 -0.779807 0.049172 0.685959 -0.381018 -0.283733 -0.784988 -0.189950 -0.069590 0.946041 0.146044 -0.110946 -0.893193 -0.304675 0.582185 -0.109682 -0.245209 0.287665 -0.335189 -0.687605 0.176929 -0.163671 0.668098 -0.557660 -0.461603 -0.604085 0.151027 0.362994 -0.781265 0.613241
0.266167 -0.274610 0.425576 -0.690020 -0.445522 -0.827327 0.436950 0.139470 -0.752064 -0.614089 -0.696312 -0.885973 0.842966 0.646810 0.497529 0.231327 -0.579241 -0.568748 -0.111850 -0.354504 -0.827410 0.276924 -0.149200 -0.450719 0.373920 0.307492 0.083896 0.352996 0.193119 0.279309 0.786969 -0.241187 -0.917472 -0.386589 0.827928 -0.944180 0.525927 0.103184 0.542536 0.267280 0.283324 -0.167351 0.079722 0.721362 0.650785 -0.207079 0.657749 0.924821 0.782887 -0.688173
-0.671688 -0.589053 0.390018 0.421975 -0.351042 -0.981223 -0.849017 0.652439 0.501280 -0.734504 0.178619 -0.948516 0.481279 0.240299 0.283519 -0.578016 0.060806 0.555568 0.304085 -0.430846 -0.177326 -0.873899 -0.912100 -0.175701 -0.010155 0.896846 0.831596 0.504956 -0.580798 -0.514304 0.883529 0.292345 -0.749598 -0.916749 0.978120 0.813806 0.487246 -0.141626 0.830263 -0.597885 -0.084962 0.449582 0.981066 -0.802592 -0.824746 0.965314 -0.457606 -0.033395 -0.431279 0.248113
-0.058277 -0.385180 -0.503906 0.763819 0.780319 0.634186 -0.042522 0.977823 0.377463 -0.417853 -0.047871 0.363338 -0.604536 -0.483964 -0.554694 -0.861013 0.153645 -0.023825 -0.178137 0.896952 0.657548 -0.432052 0.927034 0.385891 0.834046 0.452545 -0.171526 0.251802 0.965468 -0.905541 -0.475532 0.032243 -0.032948 0.233965 -0.113393 -0.293494 -0.577612 0.204117 0.977951 0.146954 -0.394089 -0.028931 -0.567519 0.950170 -0.017351 0.343594 0.269700 -0.985453 0.574643 0.275867
0.797876 -0.016560 -0.263026 -0.916468 -0.745573 0.282330 0.081562 -0.068563 0.921629 0.001228 -0.747393 -0.155210 -0.005757 -0.364927 -0.783483 -0.686389 0.012932 -0.261745 0.355024 0.770822 0.649888 -0.402870 -0.387702 0.673324 0.530360 -0.077145 0.687735 0.396421 -0.074778 -0.575904 -0.004575 -0.907898 -0.355877 0.514167 -0.771869 0.107395 -0.115767 0.984700 0.227163 -0.962626 0.920836 -0.030705 0.157996 -0.897202 0.945212 -0.605735 0.280169 -0.925129 0.069452 0.606191
-0.021486 0.621323 0.966606 -0.885744 0.053528 0.479841 -0.332855 -0.878464 -0.009042 0.842939 -0.539404 0.727463 0.101231 -0.437482 -0.277723 0.714530 -0.489777 0.028502 -0.714672 -0.786224 0.706004 0.057595 -0.023294 -0.915137 -0.689612 0.571388 -0.242615 0.552264 -0.338772 0.840417 0.317619 -0.886913 -0.275566 -0.140917 0.812127 -0.983173 0.891112 -0.840503 -0.137855 -0.628802 0.607511 0.648802 -0.825999 0.380584 -0.499343 -0.465822 -0.673073 0.035146 -0.710260 -0.857908
-0.726829 0.672770 -0.053356 0.301344 -0.670521 0.765174 -0.665508 0.410761 -0.477973 0.932375 -0.726857 0.032167 0.177141 0.147052 0.136538 -0.777279 0.313353 -0.403320 -0.816085 0.162721 0.375778 -0.035483 -0.843815 0.349154 -0.078554 -0.008307 -0.813961 0.884364 -0.303138 0.367681 -0.350780 -0.271916 0.739214 0.123249 0.569710 0.268709 0.347092 0.417509 0.394711 0.678760 0.703571 0.340281 -0.918110 0.547070 -0.408506 0.507513 0.018385 -0.554600 -0.731787 -0.937100
-0.152471 -0.592999 -0.804518 -0.297026 -0.861990 0.237485 -0.590441 0.005684 0.828378 -0.057939 -0.907437 0.955923 -0.936179 -0.057264 0.414609 0.720053 0.875217 -0.685022 -0.606860 0.112173 0.473753 -0.292531 -0.460598 0.046027 0.359535 0.548710 0.222826 0.602206 0.938100 0.940969 0.937638 0.773330 -0.364072 0.996782 -0.229110 -0.256579 0.932297 0.760696 -0.726169 -0.136423 0.054305 -0.706469 -0.074006 -0.395043 0.903867 0.399204 0.526489 -0.795633 -0.390716 -0.744878
0.524181 -0.058741 0.736003 0.594261 0.161593 0.161009 -0.057844 0.688620 -0.190539 0.846564 0.575496 0.485328 0.558267 -0.563548 0.710649 -0.326666 0.892301 -0.848251 0.613193 0.516116 -0.762589 0.249891 0.218747 -0.825264 0.465255 0.124926 0.680175 -0.036925 0.521154 0.835062 -0.849508 -0.090100 0.260329 -0.902207 0.517070 0.837757 0.308179 0.814147 -0.699621 -0.492550 0.824284 0.799601 -0.146415 -0.978564 0.193138 -0.653306 0.922579 -0.699797 -0.140169 -0.138662
0.523911 0.510471 -0.647294 -0.901319 0.967960 0.263412 -0.018358 0.950880 -0.843301 -0.431222 -0.250709 -0.214153 -0.244269 -0.050952 0.363934 -0.437717 -0.792618 -0.602688 -0.295239 -0.554159 0.277265 -0.747611 0.358981 -0.992291 0.546176 0.589994 -0.117850 0.405886 -0.284617 0.737475 -0.863529 0.964256 0.756699 -0.422763 -0.957584 -0.640556 0.386170 -0.974493 0.125801 0.100661 -0.316070 0.101505 -0.833562 0.375579 0.059230 0.170373 0.611131 -0.666969 -0.502186 0.630013
-0.434435 -0.809803 0.373869 0.090610 0.700973 0.530251 0.491932 0.294513 -0.841024 0.905956 -0.828035 -0.557753 0.907850 0.090253 0.535792 0.788239 -0.024497 -0.476338 -0.286032 -0.156038 -0.476962 0.573196 0.491592 0.996244 -0.121023 0.897371 -0.616657 0.023461 0.802329 0.742545 0.181717 -0.707094 -0.836412 -0.709845 -0.826267 -0.866009 -0.218739 0.095371 0.962752 -0.416894 -0.888270 -0.136554 0.199165 -0.792317 -0.479445 -0.366243 0.925622 -0.938820 -0.399835 -0.335723
0.794804 0.763851 0.819439 0.670128 -0.330858 0.119194 0.226416 -0.636381 0.353811 0.543199 -0.901609 -0.511522 -0.395646 -0.905854 -0.809976 0.404982 -0.705624 -0.370694 0.488026 0.261164 0.573609 -0.533774 0.842308 -0.813380 -0.704324 -0.604779 0.935053 -0.913043 0.154631 0.461224 0.710043 -0.311282 0.047160 0.224147 0.713302 0.184314 0.702279 -0.697820 -0.283353 -0.398214 0.152405 0.563423 -0.338151 -0.501786 -0.053919 -0.857967 0.473845 -0.073015 -0.853880 0.130897
-0.274881 -0.495697 0.321971 0.074535 -0.638351 -0.702360 -0.229647 0.703744 0.433157 0.400747 -0.307982 -0.274578 0.938069 0.468985 0.185447 -0.267370 0.675072 0.316107 0.017701 -0.600890 -0.666771 -0.249437 -0.132086 -0.739959 0.012781 0.804891 0.305119 -0.512680 0.316825 0.460451 0.904889 -0.973517 0.707589 -0.390178 0.671603 -0.698311 0.706919 0.716783 0.324974 0.600272 -0.133042 -0.378896 -0.755445 0.938459 -0.758048 0.607218 0.855565 -0.827238 -0.540451 -0.068209
0.208543 -0.266862 -0.225957 -0.548891 -0.898454 0.009698 0.102021 -0.902699 -0.259897 0.457903 -0.076080 0.546331 -0.711989 -0.813526 -0.359583 0.085960 -0.827690 -0.800626 -0.500146 -0.899035 -0.952137 0.258093 -0.865493 -0.234084 0.418216 0.431971 -0.433058 0.995720 -0.505418 -0.816131 0.315779 0.823680 -0.227184 0.053951 -0.778578 0.845774 -0.931534 0.790181 0.401037 -0.177114 -0.094857 0.145136 -0.444555 0.507705 0.720626 0.633656 -0.477106 0.792085 0.855736 0.293201
-0.658516 0.522876 -0.154548 -0.582374 0.347479 0.832627 0.217835 -0.588421 0.773976 0.437451 -0.509746 0.363073 0.092747 -0.765219 0.069678 -0.518392 -0.051441 0.207970 -0.230937 -0.619887 -0.846667 0.239820 0.720115 0.839939 0.369653 -0.966046 0.036966 0.203526 -0.502245 -0.049232 -0.318850 -0.042124 -0.391820 0.538538 0.105715 0.205942 -0.789800 0.834176 0.804369 -0.429243 -0.737588 -0.672936 0.730142 -0.149136 0.242185 -0.819618 -0.497761 0.655567 0.358493 -0.099360
0.470947 0.063955 -0.540436 0.490881 0.738682 -0.409490 0.762386 -0.196477 0.176212 0.465554 0.035963 -0.281626 -0.139332 0.489470 0.612716 0.046746 0.034063 -0.925565 0.061632 0.953636 -0.657800 -0.963563 0.500962 0.000439 -0.693693 -0.483781 -0.774010 0.778366 -0.458884 -0.239882 0.654980 0.574668 0.765531 -0.285969 0.004373 0.035608 0.604288 -0.444672 0.040711 0.331008 -0.818207 0.926680 0.829673 0.433925 0.512859 -0.194569 -0.768355 0.537278 0.990115 0.135640
-0.066440 0.789209 0.813696 0.110875 -0.731856 -0.592939 0.840905 0.295392 -0.696502 -0.114292 -0.542093 -0.786157 0.424633 -0.159024 -0.600095 -0.988580 0.083784 0.422581 0.150277 -0.585500 0.245253 0.819090 -0.372175 0.212464 0.484538 0.457251 0.314114 0.068521 0.506833 -0.363906 0.361970 0.034496 0.596081 0.200853 0.998477 0.892906 -0.288405 0.983278 0.146189 -0.269602 0.352958 0.248685 -0.692982 0.951780 0.886005 -0.905608 -0.959424 -0.836223 0.070841 -0.208727
0.057346 0.655789 -0.053339 -0.676574 -0.590855 0.155183 -0.836437 -0.727668 0.828788 0.064725 0.256118 0.854788 -0.154876 -0.234816 0.387495 -0.225195 -0.892638 -0.323248 -0.097450 -0.489855 0.714408 -0.416031 0.736844 0.252930 -0.890153 -0.368590 -0.394027 0.060668 -0.765438 0.501791 -0.516892 -0.335096 -0.617885 0.718605 -0.089444 0.369844 -0.721616 -0.098248 -0.705797 0.556591 0.227834 -0.931744 0.079536 -0.416341 0.061262 0.231795 -0.880743 -0.623295 -0.696105 0.010126
-0.076778 -0.669399 0.901291 0.726627 0.894002 0.437076 -0.988417 -0.112252 -0.656160 0.367565 0.038209 -0.051402 0.343288 0.959109 0.028644 0.419473 -0.823396 0.050582 -0.914901 -0.421169 0.370584 -0.995596 0.254461 -0.337901 -0.529503 -0.771652 0.322434 -0.318477 -0.249370 -0.952416 -0.813363 0.680988 -0.289780 -0.366707 -0.980075 -0.705225 0.111567 0.596957 -0.193038 0.774217 -0.313658 -0.054621 0.310193 0.152791 -0.052509 -0.320502 0.302434 0.226737 -0.751573 0.483677
0.329625 0.266926 -0.476096 0.486678 0.441443 0.218566 -0.854358 0.557766 0.718118 -0.220125 -0.581411 0.593487 -0.827854 -0.652025 -0.608256 0.097834 0.662754 -0.200281 -0.570008 0.716602 0.994837 -0.209095 0.791579 0.183306 0.043715 -0.549383 0.313104 0.249327 0.862404 -0.149063 -0.989807 0.766720 0.634526 -0.014567 0.684632 0.803013 0.950392 0.198900 -0.351109 -0.894859 -0.210866 0.858344 0.705420 0.700176 -0.848830 0.877222 -0.586506 -0.408465 -0.004259 -0.881782
-0.783287 0.506104 -0.722463 0.374974 0.026989 -0.269879 -0.199226 0.922083 0.805640 -0.934061 0.748700 -0.281834 -0.825523 0.534532 0.631951 -0.012938 0.509109 0.618635 -0.555053 0.337715 0.895551 0.341310 0.109139 0.035725 -0.838893 -0.738160 0.882373 -0.905834 0.645530 0.724129 0.496036 0.007308 -0.387127 0.414931 0.949668 0.249092 -0.886110 -0.320045 0.445907 -0.610311 0.265430 -0.491341 -0.213885 -0.556969 0.908961 -0.440863 0.237879 0.679924 0.261774 0.802430
-0.625704 -0.838944 -0.664184 -0.836834 0.123915 -0.287305 0.962501 0.841570 -0.991666 -0.257254 -0.516592 0.206664 0.957661 0.918746 0.125496 0.275784 -0.131100 -0.362529 0.306426 -0.667630 0.835060 0.513458 0.194470 -0.142252 -0.106715 -0.390262 0.609372 0.636727 -0.265960 0.141681 0.689131 -0.633754 0.208326 -0.217732 -0.639720 -0.248202 -0.818121 0.678588 0.422745 0.242259 0.620728 0.624337 0.360762 0.370214 0.350118 0.161674 0.865040 -0.481437 -0.894803 0.079475
0.432359 0.890524 -0.180634 -0.407265 0.627750 0.374579 -0.841837 -0.065071 -0.126998 0.734513 0.073732 0.674984 0.498622 -0.722358 0.451819 0.282399 -0.904693 -0.373329 -0.182641 -0.458064 -0.437639 -0.523495 0.426656 -0.709442 0.726924 0.624164 0.315043 0.071259 0.887148 0.946961 0.580969 0.829978 -0.891907 0.811372 0.337111 -0.143726 -0.322598 0.527366 -0.383838 -0.501894 0.359682 0.269587 -0.641873 0.902158 0.767316 0.145779 -0.747214 0.349375 -0.477393 -0.160247
-0.398407 0.999166 0.858339 0.937333 -0.397617 -0.723689 -0.678740 -0.264014 0.740874 0.608019 0.635110 0.483775 0.856461 -0.033693 0.901713 0.644645 0.027949 -0.693728 -0.390141 -0.790124 -0.443081 0.030777 -0.221876 -0.243954 0.901401 -0.518650 -0.144495 0.696028 -0.342308 0.199851 0.083868 -0.673007 -0.867861 -0.791370 -0.867220 0.054462 -0.365254 -0.934145 -0.538887 0.827337 0.192692 -0.034161 -0.826759 0.382331 -0.660240 0.091047 0.548189 -0.365553 -0.454803 0.083910
-0.273235 -0.499240 -0.213638 -0.306782 0.685357 0.592806 -0.632565 -0.230399 -0.411249 -0.928398 0.816275 -0.609019 -0.568265 -0.998333 -0.238085 0.031636 0.557241 -0.104850 0.401608 0.874965 -0.071612 -0.273313 -0.001450 0.897874 0.721222 -0.885644 0.460362 0.867454 -0.578227 0.883675 -0.619863 -0.900623 -0.321627 -0.473642 -0.711499 -0.432992 0.685223 0.405375 -0.671494 -0.360546 -0.200281 0.707576 0.983641 0.210052 0.965451 -0.913700 0.570468 0.870852 0.128897 0.578453
-0.642967 -0.034604 -0.298540 -0.697099 -0.109541 0.979025 -0.215727 -0.133020 -0.887376 0.180127 0.373439 -0.205920 -0.185403 -0.784701 -0.905365 0.250093 -0.435208 0.487705 -0.017554 0.467499 -0.097196 -0.346354 -0.359003 0.108137 0.766942 -0.569511 0.361203 -0.192600 0.252716 -0.403517 0.502014 0.606357 -0.992565 -0.815509 -0.260883 0.873019 -0.529645 0.031913 -0.700136 0.970616 -0.039730 -0.167313 0.001231 0.317126 0.082599 -0.266152 -0.671070 0.701162 -0.766948 -0.676539
0.329626 -0.574107 -0.774979 0.778151 0.209025 0.540604 0.733916 -0.520915 0.886858 0.660828 0.836221 -0.187637 0.175172 0.418473 0.542748 -0.512633 0.703423 -0.195095 0.279913 -0.315488 0.922857 -0.612323 -0.668169 0.038799 0.561984 -0.040691 -0.092630 -0.077805 -0.805911 0.019350 -0.456467 0.520855 0.822652 -0.602446 0.943449 0.641766 -0.502926 -0.101237 0.085043 -0.288814 0.896760 0.195743 0.532795 -0.365042 0.592095 -0.561955 0.954866 -0.425217 -0.468522 0.090125
-0.819699 0.620859 0.591733 0.250319 -0.356870 0.249784 -0.528423 -0.482138 -0.599324 0.633993 0.270608 -0.499782 -0.906578 0.804758 -0.594924 -0.617066 0.809749 0.660857 0.096274 0.186857 -0.017435 -0.034238 0.281064 -0.377014 0.372572 0.806519 -0.856718 -0.436232 0.067384 -0.229582 -0.610151 0.903480 -0.546106 0.287542 0.858987 0.971099 -0.367543 0.815270 0.927597 -0.180644 0.361727 -0.115226 -0.553674 -0.376963 -0.884704 0.348810 -0.632960 0.387615 -0.205532 -0.814910
-0.584340 -0.859918 0.490339 0.299745 -0.094592 0.785063 -0.183705 -0.332945 0.881002 -0.492039 -0.741796 0.493364 0.412210 -0.974968 -0.504069 0.888843 0.546189 0.187272 -0.389997 -0.391734 -0.068415 0.770096 -0.276217 0.986593 0.561931 -0.392157 -0.546275 -0.725174 -0.994871 0.826265 0.701582 -0.972193 -0.089659 -0.436592 -0.280670 -0.184281 -0.539335 -0.143280 -0.426798 0.963453 0.222251 0.241799 0.763649 0.839912 0.837404 0.713472 0.383822 0.349208 -0.978378 -0.810127
-0.918079 -0.416151 -0.617529 0.897587 0.987646 0.564883 0.805343 -0.684423 -0.084411 0.014639 -0.585619 0.522827 -0.677856 0.069948 -0.994099 -0.091342 -0.541229 0.661468 -0.350410 0.532877 0.154949 0.512747 -0.674930 0.184312 -0.255157 0.743001 0.284447 0.963913 -0.634047 -0.505629 -0.201315 0.786325 -0.823016 0.642318 0.383735 0.776482 -0.562172 -0.405651 0.019461 -0.013286 -0.760549 0.832245 -0.909655 0.904918 -0.856737 -0.589998 0.890520 0.487860 0.618778 -0.888030
0.055956 0.579640 0.982622 0.781950 -0.713331 -0.466436 -0.843388 -0.996289 0.082041 -0.949778 0.822097 0.258647 0.922039 0.044244 0.180392 0.170398 0.930969 -0.171795 -0.291162 0.160474 0.208302 0.852824 -0.905066 0.977709 0.818579 0.398974 -0.812050 -0.274219 0.680353 0.509457 -0.219559 -0.410598 0.155666 -0.082022 0.537688 0.381520 0.028725 0.646445 -0.700913 -0.604087 0.302513 -0.605695 0.583250 -0.140910 -0.235907 0.737911 -0.068582 0.340857 -0.246153 0.983671
-0.819453 -0.949317 0.979875 0.405705 0.722555 0.648753 -0.018254 0.687219 -0.776341 -0.702266 0.822768 -0.948197 -0.872178 -0.881610 0.716808 -0.528616 0.670492 0.751711 0.586219 -0.653719 0.922862 -0.709443 -0.015371 0.377840 0.484781 -0.403622 0.334938 0.011856 -0.472595 0.811927 -0.382035 -0.772270 0.188829 -0.431526 -0.004035 0.974184 -0.825469 0.170760 -0.891624 0.968351 0.509494 -0.608895 -0.078902 0.748074 0.738775 -0.308430 -0.079059 0.063516 0.942806 0.001300
0.996793 0.872335 0.725512 -0.501533 -0.719462 0.617488 0.527612 -0.281507 0.448681 -0.537982 0.537247 -0.141821 0.643127 0.737898 -0.967080 -0.478988 0.261383 -0.562247 -0.155918 -0.742923 0.495103 0.703832 -0.833272 0.368808 -0.660701 0.289241 0.801046 -0.728826 0.787251 0.423167 0.690330 0.692545 0.993342 -0.401510 -0.326114 0.474568 0.507025 0.391918 -0.875110 -0.399639 0.744433 -0.719033 0.908168 0.584412 -0.578861 0.607352 0.685964 0.948357 -0.186955 0.027485
-0.861446 -0.156613 -0.934188 -0.119425 0.952901 0.797046 0.241807 -0.448747 -0.029642 0.740876 0.232215 -0.084180 -0.259958 0.151185 0.516200 0.337999 -0.842223 -0.679515 0.984001 0.011338 0.791948 0.729971 0.862507 0.388527 -0.577097 0.477803 -0.641550 -0.828754 0.482258 -0.548308 -0.862407 0.175328 -0.443758 0.292004 -0.072543 -0.461457 0.156378 -0.283525 -0.732822 -0.193595 -0.121604 -0.337992 -0.905162 -0.466880 -0.079789 -0.227121 -0.048080 0.620629 -0.022547 0.445005
0.970109 0.552818 0.250033 0.608264 0.716754 -0.140882 0.694288 0.400835 -0.123482 0.445311 0.262582 0.024880 -0.714357 -0.376858 0.153666 -0.015761 0.350161 -0.720309 -0.485632 -0.741590 0.761341 0.593257 0.417758 0.002189 -0.408168 -0.806280 0.291078 -0.878198 0.034100 0.463103 -0.267961 0.613819 0.202943 0.201712 0.894205 0.497947 0.611731 -0.100822 -0.434889 0.100099 0.320057 -0.345652 -0.899536 0.196845 0.826934 -0.434423 0.375678 -0.216134 -0.999197 -0.496967
-0.749324 -0.506207 -0.366000 -0.750559 -0.245856 -0.338177 -0.786205 -0.539905 -0.260694 0.277454 0.902413 0.503568 -0.666474 0.554385 -0.360019 0.184458 0.208191 0.822198 -0.811471 -0.163136 0.805473 -0.302134 0.669568 -0.487565 0.720477 0.901831 -0.181101 -0.542951 0.100142 0.244808 -0.953737 -0.866815 0.863172 -0.225654 0.611062 0.206927 -0.497762 0.297728 0.454658 0.089070 -0.551992 0.153303 0.521505 -0.458252 0.201315 -0.784511 0.746483 -0.441554 -0.206869 -0.846486
0.052361 0.995165 0.110043 0.624893 0.490655 0.637934 -0.379386 0.362219 0.438563 0.146309 0.561328 -0.203578 0.280002 -0.144171 0.009205 -0.877282 -0.568677 -0.931139 -0.761017 0.974165 -0.066631 -0.518730 0.640306 -0.199217 0.439643 -0.314282 0.467432 0.561586 -0.696769 0.518228 -0.975547 0.177026 0.338959 0.987716 -0.792741 0.979277 0.915753 -0.225635 -0.417024 -0.103745 -0.874364 -0.996718 0.368015 0.156261 0.668530 0.832971 -0.195395 -0.935733 -0.298229 -0.004326
0.793601 -0.921096 -0.869416 0.941755 -0.719991 -0.138039 -0.145925 0.535889 0.529830 0.490669 0.335014 0.412858 0.740182 -0.001738 0.565137 0.915022 -0.777608 0.725523 -0.690579 -0.987765 -0.315302 -0.287137 -0.215458 -0.444646 0.639016 0.953015 0.407089 -0.795972 0.494195 0.425869 0.457886 0.604323 -0.895928 0.731719 0.409898 -0.536985 0.152495 0.470563 -0.559601 -0.014117 0.344506 -0.337652 0.592438 -0.079650 0.866552 0.778472 -0.205270 0.335641 -0.162116 -0.832012
0.246041 -0.266591 0.775333 0.464865 0.872971 -0.966680 -0.625067 -0.925426 -0.275404 -0.606985 0.454974 -0.959501 -0.828156 -0.309347 -0.160676 -0.709398 -0.488168 0.326852 0.678245 -0.693302 -0.407809 -0.260144 0.295473 -0.173598 -0.229604 -0.452714 -0.682279 0.613664 0.972324 0.997757 -0.986769 -0.671531 0.550039 0.321744 0.415575 0.147206 -0.521150 -0.309402 0.265466 -0.717613 -0.537231 0.401972 0.750220 0.711007 0.237656 0.279708 0.748297 0.479808 -0.829841 0.076077
-0.772085 0.529915 0.421735 0.482296 -0.450747 -0.354394 0.321289 0.269062 -0.144624 -0.351898 0.780169 -0.654133 0.378943 0.696119 0.038611 0.762138 -0.356164 0.766955 -0.847700 -0.095078 -0.234118 0.979391 0.330114 -0.615684 -0.111489 -0.229541 0.340306 0.562220 0.068941 0.781791 0.245601 0.289778 -0.281177 -0.759678 -0.825555 0.025968 -0.595879 0.611655 -0.621874 -0.562109 0.494224 -0.725347 0.077536 -0.672330 -0.308496 -0.611195 -0.124896 0.348444 0.786716 0.176734
-0.471832 -0.960712 -0.480902 0.656057 0.655303 -0.430381 -0.173814 -0.505625 -0.417876 -0.700085 -0.862870 -0.627628 -0.663853 -0.170879 -0.439277 -0.908127 -0.053368 -0.607023 0.427026 -0.154172 0.311856 0.679053 0.052789 0.897928 0.843155 -0.551330 0.489646 -0.894801 -0.451011 0.582176 -0.398825 -0.037314 -0.347630 -0.177605 0.829219 -0.011186 -0.999186 -0.055037 -0.961767 0.151031 -0.255648 0.543051 -0.086768 0.208798 0.266599 -0.461515 -0.395403 0.987583 -0.609324 -0.903417
-0.647265 -0.826231 0.470182 0.493144 0.751239 -0.509808 -0.956108 -0.584477 0.403200 0.174082 -0.737815 -0.767286 -0.927457 0.637490 -0.906986 -0.773997 -0.372789 -0.164121 -0.568069 0.017474 0.333030 -0.666971 0.992750 0.208121 -0.620946 -0.374176 0.996182 0.520802 -0.621999 -0.948778 0.194315 -0.100111 0.911216 -0.080534 -0.206482 0.363928 0.966026 -0.361363 0.907606 0.642305 0.097032 -0.724444 -0.000593 -0.768623 -0.098459 -0.607079 -0.347129 -0.560695 0.342286 -0.683440
-0.989146 0.742497 0.706102 0.151824 0.561194 -0.534043 0.780507 0.020427 -0.442734 0.263342 -0.594095 0.985671 -0.454636 -0.845320 -0.704253 -0.619061 -0.075325 -0.019809 0.898967 -0.544700 -0.975677 0.323529 0.616041 0.797605 -0.101112 0.643280 -0.125909 -0.740422 -0.208275 0.074673 0.863658 0.264101 -0.856317 -0.526121 0.872933 0.175322 0.384929 -0.901699 0.133904 0.226485 -0.044426 0.540576 -0.775065 -0.470570 0.218774 0.763195 0.044919 0.483912 -0.614473 0.560081
-0.623303 -0.407084 0.051061 -0.039496 -0.676663 -0.579717 -0.355801 -0.874078 -0.120042 0.048088 0.431354 -0.701152 0.333714 -0.060773 -0.664376 -0.436193 0.035885 0.302393 -0.873211 0.701371 0.603046 -0.389873 -0.559245 0.244145 0.551474 0.663782 0.383733 -0.675614 0.390425 -0.319972 0.212809 -0.533209 0.361726 -0.120320 -0.707388 0.444193 -0.666673 -0.313510 -0.076117 -0.191346 -0.861798 0.007370 -0.666565 -0.509484 -0.576307 -0.711622 -0.044140 0.247333 0.802022 0.791196
0.473898 -0.570511 0.763940 -0.402121 0.156764 -0.284307 -0.941850 0.834509 0.637741 0.671610 -0.652920 0.566547 -0.801829 0.605577 -0.786385 0.608885 -0.157022 -0.540938 -0.719587 -0.509039 -0.501209 -0.980972 0.646846 0.784835 0.993393 0.573536 0.711581 0.430841 0.734100 0.138284 0.902283 0.713255 -0.329030 -0.311071 0.109976 0.086078 0.545200 0.377019 -0.016410 0.818969 0.148636 0.241394 -0.895959 0.861127 0.325116 0.431085 -0.731253 -0.359824 -0.178537 0.673385
-0.728695 -0.645599 -0.955694 0.354791 0.756130 0.901309 0.302511 -0.742792 0.249231 0.426846 -0.557780 -0.446443 0.825071 -0.142271 -0.704540 -0.113510 -0.165862 -0.113806 -0.163096 0.048037 0.253649 -0.563442 0.566065 -0.031220 -0.272622 0.511053 0.287967 0.887084 -0.874002 -0.291926 0.185692 -0.453206 -0.526817 -0.506642 -0.374148 -0.813573 0.268833 -0.948755 0.706949 0.134291 0.348241 -0.074887 -0.715314 -0.813643 -0.026850 0.015282 -0.563187 0.718539 -0.652379 -0.929385
-0.438857 -0.801340 -0.867991 0.921556 -0.210768 0.795076 -0.916629 -0.375546 -0.485300 0.217703 -0.138585 -0.780406 0.400190 -0.546181 -0.885292 0.367990 -0.353892 -0.809923 0.844802 0.164379 -0.438442 -0.347117 0.743315 -0.427852 -0.447981 -0.595827 -0.401185 0.900505 0.935771 -0.296471 0.437142 0.933900 0.903335 -0.246122 0.698441 -0.972608 0.160742 -0.113558 -0.561548 -0.865459 -0.192561 0.578187 0.886561 0.761862 -0.416181 -0.840655 -0.208347 0.388303 -0.169884 0.816429
0.906919 -0.822929 -0.484939 0.149996 0.226983 -0.280971 0.313692 0.839542 0.190914 -0.432865 0.994795 -0.895841 -0.878598 -0.279076 -0.018995 -0.383926 -0.803129 0.151914 -0.289876 0.791298 0.411860 0.161051 -0.037872 0.614952 -0.213234 0.041885 0.160989 0.320948 0.156080 0.615734 -0.937064 0.182435 0.855669 -0.789534 0.062489 -0.372482 0.148533 -0.065580 0.190378 0.028555 0.513467 -0.701885 -0.268818 -0.603285 0.746322 -0.327626 -0.385598 0.530578 0.636545 0.079071
0.899791 0.614494 0.353712 0.911830 0.941616 -0.897681 -0.613586 0.873743 0.627398 -0.026271 -0.491061 0.477201 -0.817112 -0.130891 -0.461383 -0.556085 0.953761 -0.744385 -0.662825 -0.248240 -0.002847 -0.734214 -0.953756 -0.857291 0.249883 -0.619858 0.763897 -0.522942 0.811125 -0.529358 0.246046 -0.266088 -0.923339 0.086295 0.621121 0.444519 -0.962491 0.782024 0.393311 -0.592039 0.932237 -0.540410 0.691001 -0.877988 -0.075193 0.314380 -0.758652 0.920537 0.899623 0.405194
-0.606709 -0.609137 -0.232907 -0.485177 -0.859961 0.405157 0.975161 0.694681 0.450168 -0.918646 -0.442938 0.454827 -0.051835 0.034471 -0.509996 0.991926 -0.172154 0.072234 0.385189 0.066652 0.817155 -0.353189 -0.738420 -0.596691 -0.692658 0.397228 0.010861 0.154356 -0.746241 0.996184 0.865382 -0.580652 0.963426 -0.926987 0.014282 0.494411 -0.985754 0.465394 0.950099 0.929976 -0.343111 -0.108042 -0.139221 0.553344 0.255268 -0.209226 0.646687 -0.994510 -0.509714 0.352801
0.463246 -0.723126 0.147449 -0.829670 -0.847549 0.701991 -0.790746 0.844220 -0.483113 -0.337602 0.442993 -0.397593 0.454971 0.773046 0.532592 -0.080911 0.294926 -0.267509 -0.836083 -0.052071 0.726202 0.177373 0.736783 0.297096 0.724193 -0.703558 -0.385794 -0.896630 -0.347023 0.146032 0.414562 0.624926 -0.367510 -0.018943 0.414037 -0.482953 0.584576 -0.655679 -0.801449 0.867578 0.050530 -0.033178 0.938490 0.098770 0.546942 0.681058 -0.828496 0.891275 -0.755755 -0.873848
-0.323845 0.296813 -0.556894 0.590827 -0.957038 0.883160 0.934766 -0.577976 -0.494689 0.970112 0.269359 -0.998771 0.802368 -0.573781 -0.109053 -0.983652 -0.761521 0.139531 0.918977 0.313874 -0.102644 -0.642885 -0.760999 -0.577577 0.774946 -0.620873 -0.886178 0.758410 -0.656384 -0.856761 0.130141 -0.384083 -0.700535 -0.840492 0.548495 0.145865 -0.768909 -0.321264 0.387276 -0.661626 0.133232 -0.925182 0.116322 -0.332496 0.859216 0.992775 -0.967204 -0.294224 -0.520624 0.558610
0.931080 -0.713111 0.443215 -0.896002 -0.441628 0.891149 -0.803176 -0.253806 -0.918639 -0.848491 0.817019 -0.700117 -0.008064 -0.712206 -0.588432 -0.021862 -0.772194 -0.163681 0.707350 0.886687 -0.480685 0.558059 0.975974 -0.855881 0.904372 -0.227835 0.627244 -0.654388 0.150152 -0.991713 -0.432021 0.629825 0.089107 -0.937985 0.443677 0.493308 -0.908623 0.196973 -0.155336 0.615530 0.496295 -0.063389 -0.838151 0.664886 0.517549 0.784807 0.467668 0.574063 -0.957242 -0.271272
0.832618 -0.131055 0.518829 0.525625 0.537607 -0.070428 0.938685 -0.910828 -0.410140 0.664378 -0.543076 0.017320 0.659107 0.883234 0.398335 -0.478170 0.320527 0.796051 -0.816334 -0.217709 -0.757430 0.554383 -0.327812 -0.799024 0.001655 -0.812353 -0.206771 -0.574847 -0.103852 0.826179 -0.839987 -0.044647 -0.706207 0.843972 -0.306179 0.184779 -0.708313 -0.842407 0.314360 0.492091 -0.345057 0.103009 -0.608354 0.860413 -0.955134 0.044735 0.850987 0.346106 0.781440 -0.001012
0.648086 -0.148677 -0.999076 -0.216415 0.796474 0.008289 -0.832769 -0.121820 0.784023 0.678710 -0.577148 -0.220428 -0.176304 0.761483 0.061230 0.854866 0.919284 0.791442 -0.714077 0.976622 0.433972 -0.150990 0.718344 -0.949852 0.062038 0.977796 -0.061482 0.221838 -0.721648 0.915166 -0.839595 0.424290 0.624399 0.350444 0.898544 0.932958 0.206640 -0.697468 0.725600 -0.942469 0.095605 0.887692 0.813729 0.209806 -0.389829 0.531206 0.138633 0.386379 0.473760 0.938141
0.413832 -0.629442 0.247218 -0.580526 0.775064 -0.713131 0.798985 0.870107 -0.459625 -0.144661 0.455847 0.260577 0.554745 -0.500609 0.652622 -0.078284 -0.425327 0.057442 0.225348 0.046778 0.181720 0.492531 0.198076 0.389659 0.157135 0.606759 0.273364 -0.677457 0.896510 -0.350466 -0.479561 0.321174 -0.771724 0.741413 -0.448428 0.122251 0.533484 -0.489112 -0.175892 0.277187 -0.795573 -0.766046 -0.809422 -0.458112 -0.583179 0.894065 -0.954476 0.236756 -0.566054 -0.021063
0.473492 0.048017 0.722544 -0.582932 0.081038 -0.533879 0.789217 0.040656 -0.163618 -0.212721 0.549104 -0.526678 0.885601 0.784574 0.128080 0.654773 -0.830963 -0.739514 -0.607909 -0.795031 -0.468071 0.431424 0.202327 0.985893 -0.242230 0.617489 -0.198968 -0.486196 0.567790 0.997637 0.379979 0.003901 -0.460333 -0.692686 -0.848870 -0.039562 -0.222533 -0.653563 0.946948 0.545478 -0.554692 0.915587 -0.057535 0.685797 0.214077 -0.495578 -0.715729 0.475251 0.882311 -0.898984
-0.043003 0.244991 -0.420819 0.888649 -0.028535 0.519475 -0.622898 0.816974 0.468948 0.644076 -0.880894 -0.746879 -0.435959 -0.316299 -0.991132 -0.231340 0.058629 0.111863 0.889490 -0.956745 -0.260373 -0.445958 0.684306 -0.543633 -0.746215 -0.948252 -0.090368 -0.575472 -0.288581 0.810196 -0.099874 0.362753 -0.799003 -0.974218 0.388412 -0.741882 0.600632 0.139240 0.712632 0.066224 -0.116330 -0.042397 0.286597 -0.333832 -0.711109 0.128992 0.610353 -0.787919 -0.372307 -0.410077
-0.579166 -0.767398 0.988403 -0.959613 -0.086826 0.373573 -0.030713 0.345911 -0.686364 -0.285239 0.546715 0.742383 0.343272 0.170019 -0.928628 0.922656 0.642820 -0.692925 -0.138415 -0.702546 0.870454 -0.956898 -0.860803 0.262653 0.359447 0.226556 0.710079 -0.053864 0.443621 -0.062380 0.274718 0.874295 0.007912 0.171732 0.993018 0.888012 -0.536591 -0.382022 -0.286084 -0.359587 -0.003647 -0.979114 -0.156920 -0.745088 -0.537416 -0.482801 -0.708327 0.331903 0.854365 -0.944093
0.806160 -0.968378 0.074484 -0.452123 0.884071 0.129773 0.142104 -0.393707 -0.977358 -0.788958 0.068547 0.201576 -0.966686 -0.074461 0.639616 0.148598 -0.960891 -0.859982 -0.580092 -0.105359 0.382784 0.006620 0.251325 0.854999 0.639299 -0.754769 0.170333 -0.196358 -0.715930 -0.293335 0.737089 -0.190741 -0.524173 -0.714125 -0.485844 0.939308 0.888772 0.755663 -0.248130 -0.716460 -0.749405 0.614041 0.265059 0.018661 0.694349 0.674427 0.867576 -0.596687 0.507447 -0.087426
-0.964283 0.908706 0.821749 0.736636 -0.557469 0.777030 -0.165524 0.511439 -0.306711 0.962496 -0.798174 -0.467098 0.183588 -0.986074 0.605660 -0.933000 0.889012 0.224930 -0.720689 0.661821 -0.092256 0.660074 0.559451 -0.823167 -0.037062 -0.840895 0.758869 0.039673 -0.971195 0.242557 0.061170 -0.266785 -0.863143 -0.036503 -0.250466 -0.702570 0.019158 0.101513 0.641211 0.699042 -0.269327 0.592224 -0.806286 -0.081439 -0.632184 0.348118 0.199069 -0.412027 -0.171126 0.926983
-0.969885 -0.174273 -0.708659 -0.168267 0.664348 -0.339243 0.185055 -0.104404 -0.549145 0.450582 -0.502227 -0.509852 -0.100527 -0.101563 -0.216235 0.337714 -0.460346 -0.775335 0.139923 -0.036031 0.127899 0.915285 -0.779390 0.097693 0.352927 -0.975999 -0.289691 -0.029473 0.940830 0.795986 -0.752681 -0.156802 -0.352541 0.230239 0.839949 -0.422912 0.076650 -0.438865 0.536954 0.867529 0.080803 -0.841221 0.787331 -0.974961 0.333778 0.970581 -0.884329 0.188411 0.058387 0.219861
0.682432 -0.339598 0.106121 0.103793 -0.746622 0.815126 0.195581 -0.344850 0.708748 0.629916 0.150207 0.601411 -0.525057 0.268363 -0.465610 -0.174441 -0.027450 -0.628178 -0.528147 -0.744706 -0.385109 -0.961702 -0.405251 -0.405500 -0.864796 0.000647 0.746434 -0.546713 0.152058 -0.244508 0.007610 -0.941257 -0.052041 -0.673458 -0.118582 -0.447132 -0.101752 -0.063628 -0.539486 0.417489 -0.247618 -0.092789 -0.719669 -0.074752 -0.108051 0.192677 -0.400804 0.629556 -0.865321 -0.789645
-0.641458 0.398305 -0.914469 0.057055 0.826116 0.106652 0.804117 0.065808 0.331469 0.244812 0.282461 0.364143 0.197630 -0.136146 -0.542790 -0.024634 -0.971082 0.782945 0.446943 -0.716188 0.914583 -0.137132 -0.305360 -0.138630 0.885473 0.965849 0.905702 -0.125927 0.110751 0.141722 -0.818520 -0.245114 0.479990 0.407575 -0.191114 0.318632 -0.311924 0.588458 -0.408097 -0.788326 0.452545 0.168295 -0.012528 -0.464135 -0.814547 -0.904102 0.165879 -0.323753 0.633253 0.318927
0.467847 0.737088 -0.579565 0.824880 -0.856813 -0.080839 -0.724562 0.383984 0.674480 0.256778 0.581172 0.423522 0.191468 -0.262168 0.501539 -0.523224 -0.021861 -0.368130 0.134422 -0.630234 -0.404343 -0.158307 -0.491272 0.160508 -0.102214 -0.912583 -0.224469 -0.614626 0.713515 -0.599012 -0.855945 -0.235756 -0.482494 0.942578 -0.840796 0.176307 -0.578433 0.773967 0.148442 -0.468968 -0.324416 0.534732 0.325546 -0.186885 -0.503504 0.353865 0.292598 -0.883203 -0.888682 0.413612
0.653934 0.628639 0.784091 -0.790441 0.114409 0.852271 -0.073267 -0.182073 -0.743231 0.560897 0.753285 -0.808141 -0.012267 0.691017 0.783156 -0.981810 -0.564006 -0.357585 0.741149 -0.560639 0.260353 0.355430 -0.517367 -0.777231 -0.457555 -0.262873 -0.498898 -0.476584 0.127573 0.195333 -0.059056 -0.509961 0.032777 -0.020240 -0.056089 0.216485 0.572145 -0.018488 -0.834908 0.073657 0.936773 0.574321 -0.011433 -0.941462 0.962384 0.572788 0.045563 -0.889210 0.029571 -0.113662
-0.827008 0.553873 -0.915103 -0.910961 0.206505 -0.728220 -0.938633 0.033867 -0.399390 0.851177 0.310929 0.418450 0.627598 -0.286651 0.478909 0.606192 0.184599 -0.964579 0.121511 0.064722 0.370675 -0.160833 -0.269333 0.521344 0.590029 0.116383 0.649616 0.749657 -0.677050 -0.395892 -0.503977 -0.459393 0.206985 0.048164 -0.922252 0.755826 -0.471011 0.248084 -0.633586 0.750331 -0.440408 0.090943 0.267759 0.068647 0.517495 -0.817419 -0.483194 -0.612907 -0.883721 0.556798
0.073179 0.922606 0.005057 -0.268468 0.474598 -0.208088 0.317196 -0.255273 0.633316 0.073940 0.022556 0.239524 0.316057 0.837192 -0.546946 0.930245 0.283102 0.009085 -0.571533 -0.113038 0.090829 -0.638238 -0.544131 -0.746392 0.560983 0.273146 0.032375 -0.121836 0.058834 -0.250560 -0.830467 0.651724 0.002316 0.746112 -0.365724 0.361393 -0.816461 -0.390638 -0.735804 0.068832 -0.630867 -0.761548 0.219371 -0.760300 0.938103 -0.350215 0.030748 -0.996298 0.999977 0.663337
-0.670173 -0.058948 0.627596 -0.002987 0.551843 0.742303 -0.854456 0.279027 -0.769565 0.123957 -0.345650 -0.751470 -0.531267 -0.747845 0.653734 0.131515 0.231168 0.483397 -0.879512 0.006399 0.192620 0.870809 -0.103438 -0.906343 -0.026583 -0.973357 -0.950382 -0.362358 -0.328357 -0.231144 -0.293159 -0.750442 -0.562516 0.427764 -0.058274 -0.571954 -0.717512 0.812278 0.041871 0.893541 -0.463333 -0.496704 -0.852756 -0.947855 0.296421 -0.376840 -0.379783 0.952191 -0.616939 -0.099295
-0.669925 -0.438075 0.022374 0.118628 0.498465 -0.222202 -0.468488 0.889337 -0.909205 0.884952 -0.896575 0.974948 -0.423574 -0.947799 -0.328695 -0.854800 -0.323318 -0.902009 -0.282063 -0.469419 -0.886599 -0.672323 0.387211 -0.861000 -0.016804 -0.872679 0.102078 -0.781629 -0.087974 -0.706641 0.848962 -0.745070 -0.546375 0.932286 -0.057255 0.981574 -0.598329 -0.941331 -0.476348 -0.102919 0.693233 0.516717 0.596930 0.282634 -0.635419 -0.151373 -0.128459 0.688978 -0.166096 -0.669341
0.949745 -0.960565 -0.137535 0.998486 -0.516802 -0.878733 -0.580278 -0.754516 0.101952 0.598136 -0.458047 0.128410 -0.839616 0.194598 0.861113 0.501702 -0.507614 -0.466215 0.946448 -0.383749 0.812381 -0.413976 -0.186589 -0.283415 0.572267 -0.748408 0.989453 0.430598 -0.450236 0.437824 0.123824 0.543091 0.169289 0.773218 0.981540 -0.554747 0.983170 -0.630169 -0.890274 0.440802 -0.271801 0.649876 -0.906084 -0.250511 0.273921 0.244146 -0.379903 -0.004708 0.445674 -0.883348
-0.652560 0.998570 -0.228381 -0.113760 -0.213910 0.098175 0.632295 -0.658784 -0.453801 -0.493587 -0.027411 0.855222 0.348073 0.598574 0.210303 0.368655 -0.128590 -0.186202 -0.957440 0.221011 -0.722643 -0.948927 0.661714 0.897157 -0.466467 0.579162 -0.490870 0.674620 0.101895 0.902374 0.777923 -0.411135 -0.039952 -0.670906 0.294192 -0.520324 0.208141 -0.519035 -0.055289 0.211684 0.072436 0.846183 0.858037 -0.215466 -0.550187 -0.726270 0.190582 0.092062 0.189930 -0.786456
0.004917 0.722742 0.161935 -0.943333 0.962032 0.156998 0.377011 -0.128442 0.557242 -0.480878 0.047224 -0.760468 0.968603 0.195231 0.691895 0.200106 0.660022 0.514746 0.185343 -0.327552 0.976233 0.395595 -0.267145 -0.435624 0.117070 0.239406 0.360130 -0.129732 -0.300665 -0.876222 -0.417972 0.521618 0.696244 0.590416 -0.915587 -0.270604 -0.572940 -0.301965 -0.475827 0.663582 -0.531496 0.035876 0.235491 -0.988504 0.779591 0.881676 0.121544 0.639653 -0.821163 0.551531
-0.285629 -0.874906 0.618061 -0.158860 -0.493371 0.679603 -0.775279 -0.838792 0.484488 0.289846 -0.566215 -0.434312 0.585589 -0.382042 -0.848890 -0.647176 -0.450716 -0.948882 -0.714949 -0.516573 -0.359291 -0.109975 -0.669344 0.668580 -0.381149 0.844998 -0.134673 -0.569331 0.323742 0.512262 0.444033 -0.566912 0.401077 -0.492467 0.635218 -0.192411 0.976943 -0.904012 0.990220 0.381446 0.584552 -0.597548 0.967568 -0.296809 -0.422099 -0.007632 0.628340 -0.459592 0.566914 0.187675
-0.677566 0.459424 -0.970743 -0.957913 -0.362679 0.483493 0.677962 -0.897921 -0.651541 0.474572 0.966872 -0.805268 0.236073 -0.586731 0.759253 0.062163 0.503646 0.675347 -0.785851 0.674725 -0.355207 -0.003515 0.623785 0.569602 0.684906 0.446870 -0.797988 0.379551 -0.509392 -0.626605 -0.319713 -0.260796 -0.129451 0.286780 0.896202 0.649473 -0.734195 -0.269102 -0.798750 0.120368 0.484991 -0.699345 -0.139971 -0.151952 -0.068597 0.080431 0.092080 -0.843973 0.281216 -0.565946
-0.110669 0.635571 0.320142 -0.864357 -0.544500 -0.912489 -0.950840 -0.478810 0.463662 -0.535054 0.743784 0.241859 -0.623084 0.095032 -0.035916 0.262743 0.718460 -0.737766 -0.784519 -0.876636 0.151206 0.923837 -0.596735 -0.120591 0.311774 0.662613 0.054229 0.841005 -0.004136 -0.449367 0.229978 0.418985 0.325180 0.057242 0.892922 -0.872812 0.849576 -0.065792 0.665864 0.167757 0.991636 -0.226097 -0.010596 0.002944 -0.695989 -0.607782 -0.766091 -0.850030 0.219185 -0.390682
-0.054969 0.565253 0.805561 -0.401671 -0.453850 0.112159 0.275112 -0.352519 0.075536 0.438769 0.621900 0.326686 0.173703 -0.847259 -0.358935 0.843266 -0.436948 0.432255 0.474897 -0.363789 -0.241208 0.068264 -0.530108 -0.484357 0.735781 -0.196825 -0.637303 0.442165 0.163102 -0.995864 0.295835 0.276150 0.049044 -0.979274 -0.005306 -0.527333 -0.635434 0.353155 -0.688254 -0.255382 -0.338779 0.173148 0.523241 0.266595 -0.647394 -0.363671 -0.385692 -0.153946 -0.874665 0.956000
-0.538709 -0.076995 -0.556135 0.190291 0.992956 0.424683 -0.320393 -0.830633 -0.141043 0.178639 -0.598041 0.091978 -0.431099 -0.060024 0.533534 0.577795 -0.198137 -0.990580 0.609903 -0.158520 -0.184151 0.111002 0.308596 -0.427288 0.851279 -0.713051 0.246153 -0.825792 0.990475 0.632367 -0.634857 0.707014 0.462142 0.145956 -0.630071 0.388144 0.802343 0.193509 0.370125 -0.706450 0.466481 -0.484760 -0.657611 0.038913 -0.342851 -0.918239 -0.247487 0.373644 -0.696942 -0.116068
-0.691623 -0.089666 0.410007 -0.832614 -0.355657 0.174145 -0.296326 -0.190638 0.810757 0.355652 0.773856 0.962681 0.751504 0.923080 0.133537 -0.967110 0.227597 -0.933540 0.926947 -0.407404 -0.660908 0.056067 0.167235 0.572222 0.553754 0.838611 0.462006 0.489441 -0.689202 -0.159948 -0.333771 -0.543608 -0.375010 -0.565599 0.324566 -0.027676 0.161400 0.934040 0.515485 0.110842 0.508929 0.960786 -0.681499 -0.098294 -0.157385 0.052488 -0.170705 0.099471 -0.093202 -0.578813
0.754542 -0.135588 -0.452838 -0.022075 0.026281 0.861580 -0.251572 0.905240 -0.181340 -0.308409 0.508580 0.015964 0.278186 -0.524801 -0.176404 -0.849268 -0.007780 0.885101 0.672706 0.147725 0.892615 0.156038 0.967135 0.697493 -0.755247 -0.215318 0.850534 -0.952980 -0.911260 0.681309 0.241661 0.904801 0.050104 -0.664311 -0.492656 0.661024 -0.549170 0.729544 0.542558 -0.950921 -0.603848 -0.023922 -0.116635 0.171273 -0.996840 0.731544 -0.314249 0.982633 0.538889 -0.225616
0.579739 0.884202 0.346835 0.609786 -0.636296 0.546020 -0.440831 0.419541 -0.453265 -0.126045 0.065692 0.856761 -0.497001 0.223849 -0.021125 0.379405 0.709262 0.306069 -0.696929 -0.674655 0.935551 0.954396 0.406883 0.021476 0.475465 0.900087 0.411686 0.942944 0.335924 0.931261 -0.806226 -0.205951 0.782517 0.273127 0.443318 -0.313270 0.664090 0.281526 0.832019 -0.057382 0.236696 -0.162494 -0.504305 -0.273524 0.773561 0.887111 0.045004 0.338296 0.927867 0.445706
-0.856413 -0.823351 0.094069 0.056621 0.314338 -0.049333 0.122378 0.569259 0.523879 0.312354 -0.742393 0.294354 0.235024 0.823387 0.545187 0.627299 0.138579 0.930329 -0.351536 -0.992670 -0.829898 0.843410 -0.142848 0.733389 -0.115587 0.145005 -0.233899 0.003945 -0.649240 -0.661156 0.491318 -0.576170 -0.526833 -0.721790 0.148106 0.462843 0.066484 -0.867333 0.787958 -0.570304 0.003076 0.157389 -0.702763 0.903805 -0.067888 0.923410 0.891908 0.610018 -0.512760 0.702841
0.677500 -0.534788 0.266967 -0.596635 0.709388 -0.542297 0.244687 -0.372354 0.138463 0.301898 0.117117 -0.555832 -0.486408 0.830104 0.531101 -0.995485 -0.099448 0.632729 0.554878 0.534841 -0.433571 0.757937 -0.665918 0.197209 -0.205925 0.475759 -0.250764 -0.643023 0.465463 -0.204738 0.593263 0.050494 0.551766 0.773653 0.255401 0.271819 0.161660 0.418641 -0.364930 0.207726 0.328663 0.138113 0.658922 -0.706579 0.500914 -0.671617 0.518060 0.699556 -0.751951 -0.923666

Bias v0 (Oculta):
0.614454
-0.373004
0.091902
0.148102
-0.506387
0.553737
0.104258
-0.903231
-0.840468
0.062392
-0.242711
-0.553599
-0.953222
-0.432982
-0.858231
-0.970115
-0.981425
0.888649
0.311555
-0.043521
-0.457154
0.759607
-0.348058
-0.014696
-0.540960
0.865799
0.966906
-0.719502
0.740713
0.332949
0.882215
0.618417
-0.704494
0.216484
-0.755961
0.113025
-0.816464
-0.796559
0.320315
0.811961
0.760699
0.800607
0.994959
0.853256
-0.201822
-0.339254
-0.627486
0.746873
-0.208066
0.316608

Pesos w (Oculta -> Saída):
-0.162759 -0.535449 0.095625 -0.463325 -0.254895 -0.194374 -0.595564 -0.604321 0.676982 0.952074 0.355850 -0.170276 0.952429 -0.697216 0.068858 -0.433671 -0.135512 -0.421310 -0.896365 0.981675 -0.522811 0.635805 0.298743 0.504289 0.957309 0.349041
0.540927 -0.712915 0.945898 0.422927 -0.220563 -0.348712 -0.632073 -0.172766 0.068623 0.644853 0.473407 0.767299 -0.145138 0.656711 -0.452624 0.025238 0.586400 -0.986146 0.368237 0.444058 -0.171624 -0.656552 0.406246 0.605023 -0.903694 0.967642
-0.506813 -0.987363 0.787432 -0.199102 0.660879 -0.996541 -0.637130 0.130676 0.274959 0.707779 0.300804 0.406038 -0.686934 -0.700987 0.131687 0.030515 0.039809 0.338623 0.486078 0.117679 0.672332 0.969256 -0.932360 0.303853 0.835906 -0.538571
-0.184367 0.493411 -0.134739 0.891183 0.318030 0.095468 -0.242146 -0.014085 -0.368561 -0.054238 -0.147971 -0.214613 0.627492 0.113320 -0.540930 0.497224 0.831819 0.859580 -0.006374 -0.076085 0.698699 0.564457 -0.430409 -0.305902 0.598463 0.382528
0.378847 -0.508011 -0.120926 -0.250977 -0.207287 0.363534 0.108485 0.658595 -0.601620 0.301579 0.040501 0.033632 -0.771759 -0.362189 -0.269155 0.178017 -0.039502 -0.324798 -0.417608 0.376739 0.355747 0.034644 0.917121 -0.831122 -0.698111 -0.978413
-0.744957 -0.711491 -0.770165 -0.477675 -0.231673 0.696727 -0.080186 0.210310 0.588411 0.817805 0.038596 -0.780808 -0.005661 0.013718 -0.256979 -0.911184 0.854501 -0.023964 0.622349 -0.428665 -0.382598 0.843103 -0.571006 -0.015308 0.538232 -0.089060
0.795710 -0.530896 0.577359 0.946774 0.932938 -0.098641 0.964803 0.804798 -0.293103 0.253565 -0.423703 -0.123130 0.449204 0.463082 0.000169 0.001301 -0.604411 -0.562843 0.139453 -0.761807 0.003633 0.873635 -0.383840 0.637676 -0.174418 -0.271862
-0.589053 -0.380122 0.107722 0.136697 0.190587 -0.892254 0.661384 -0.855837 0.225727 0.873974 0.088971 0.600326 -0.061668 0.290589 -0.117801 0.313251 -0.468102 -0.853885 -0.517106 0.948821 0.374909 0.387259 0.537038 0.604457 -0.177891 0.361692
0.657828 -0.386192 0.306212 0.539164 -0.793130 0.507828 -0.193206 0.239996 -0.196222 -0.730046 0.806972 -0.085600 0.729087 -0.528527 -0.995345 0.057895 0.839420 -0.322025 0.233835 0.174638 0.787125 0.200296 0.388422 -0.682624 -0.422932 0.447187
-0.646051 -0.472572 0.153667 0.214240 -0.219783 0.303526 -0.400974 -0.406968 -0.635997 -0.940062 -0.360849 0.181964 0.532736 0.044174 0.874506 0.924172 -0.240247 -0.631407 -0.871497 0.236234 -0.165487 -0.293296 0.394911 -0.562887 0.814142 -0.640176
-0.513694 -0.604117 0.153434 -0.475431 -0.875541 0.716995 0.873137 -0.040467 -0.584190 -0.098009 -0.979511 -0.126864 0.058478 0.945883 0.392271 -0.579855 0.543295 0.790912 0.134689 0.463155 -0.103006 -0.231752 -0.471209 -0.462765 0.054491 0.810810
0.579849 0.213148 0.981999 0.997252 -0.568586 -0.230307 -0.705509 -0.716433 -0.749646 -0.684742 -0.527543 0.928655 0.581060 0.510118 0.412174 -0.982220 0.519775 -0.418739 0.035178 -0.110086 -0.439688 -0.076971 -0.020795 0.918904 0.048942 0.991581
-0.756401 -0.870897 0.219012 -0.489837 0.644804 0.262603 -0.460063 0.674970 -0.664456 0.860564 0.155320 -0.206703 0.384730 0.149490 -0.179227 0.983812 -0.992937 -0.739783 -0.241211 0.129155 0.699407 -0.148029 0.397789 0.126119 -0.093514 0.124283
0.333539 0.197689 0.823692 0.249098 -0.979373 0.143508 -0.217582 -0.094913 0.986247 0.963644 -0.747333 -0.633200 -0.629965 0.357049 -0.856913 -0.962708 -0.138807 0.674938 0.757443 0.634563 -0.819775 0.594969 0.957819 0.813718 -0.929339 0.614422
0.965423 -0.798520 -0.386927 0.323069 0.030173 0.092678 -0.843683 0.944385 -0.541928 -0.692009 -0.091367 0.874109 -0.081698 -0.159940 -0.615177 0.422963 0.480202 0.023216 -0.402864 -0.359445 -0.880444 -0.928973 0.449757 0.743423 0.803286 0.830502
0.409773 -0.197255 0.555417 0.712561 -0.816618 0.555224 -0.922586 0.864154 -0.705216 0.398416 -0.761257 -0.460373 -0.230422 -0.128492 -0.398308 -0.519905 0.026808 0.288044 -0.820011 -0.409339 -0.130307 0.779797 -0.821718 0.518713 0.077781 -0.945738
0.918827 -0.246472 0.426022 0.062310 -0.163959 -0.172240 -0.824976 -0.176186 0.415807 0.433755 -0.323572 -0.500149 0.334610 0.923954 -0.068308 -0.846028 -0.984518 -0.707711 0.325927 -0.243459 0.907699 0.205822 -0.338989 0.600144 -0.045421 0.788054
-0.103532 -0.536080 0.052715 0.733878 0.785640 -0.086226 -0.910648 0.789221 -0.426585 -0.535977 0.727049 -0.993416 -0.927973 0.388646 -0.350494 0.583900 0.244973 -0.298158 -0.079206 0.316116 0.887681 0.395617 0.511841 0.146656 -0.117490 -0.239818
-0.768621 -0.177123 -0.433151 -0.014345 0.806591 -0.871330 0.750028 -0.660882 -0.200000 -0.926146 -0.066000 0.562322 -0.738868 0.434004 0.202565 0.552366 -0.570007 0.858155 -0.653760 0.746996 -0.745892 -0.052102 -0.750920 -0.959443 -0.746420 -0.294449
0.396238 0.923879 0.743206 -0.639031 0.704504 0.023577 -0.604399 -0.376383 -0.293578 -0.334009 -0.494852 0.283310 0.802938 -0.133721 -0.143847 0.475423 -0.982228 0.235127 -0.606525 -0.365221 0.865675 0.814715 -0.716518 -0.516110 0.190916 0.777781
-0.952709 0.531764 -0.933688 -0.094256 -0.592711 0.341759 -0.186465 0.411165 -0.674660 0.917337 0.789951 -0.355033 -0.320404 -0.623455 -0.898301 0.154556 0.388758 -0.600362 0.096744 -0.171121 0.984873 -0.080126 0.204820 -0.011063 -0.538159 0.084718
-0.050176 0.703292 -0.839701 -0.548955 -0.909772 -0.346619 -0.327405 -0.021320 0.503850 0.417450 -0.433392 0.043786 -0.455492 0.832321 -0.041300 0.843638 0.531635 -0.252616 -0.645348 -0.410175 -0.017980 0.644401 -0.856152 -0.149643 0.506621 0.207550
-0.955477 -0.524721 0.307647 0.259731 -0.400525 0.820628 0.786213 0.587174 0.824796 0.110246 0.611041 0.186801 -0.512782 0.000673 -0.206333 -0.499537 0.911673 0.443814 0.944165 -0.328451 0.219455 -0.495879 -0.966901 0.073490 -0.931413 -0.476812
-0.698859 -0.071084 0.641363 0.439188 0.216522 -0.972872 0.946319 -0.373520 0.870630 0.010953 -0.157900 0.663712 0.434456 -0.107395 0.790949 0.183246 0.998631 -0.854184 0.587422 0.489023 0.307798 0.372767 -0.176761 -0.513960 -0.101125 -0.398476
0.315431 0.029794 0.493292 0.213149 0.654414 0.293908 -0.324944 -0.708206 0.382795 -0.355857 -0.413130 -0.514473 -0.439546 0.442235 -0.580345 -0.364234 -0.546237 0.488847 -0.940278 0.476232 -0.285002 -0.162750 -0.710157 -0.234081 0.828269 -0.685656
-0.588270 0.783424 0.621280 0.533528 -0.495109 -0.374378 -0.015473 0.965415 -0.484460 0.523449 -0.490239 -0.314475 -0.500831 0.147786 -0.386061 0.846690 0.411618 0.125094 0.532411 -0.696192 -0.825006 -0.172017 -0.431182 0.256169 -0.743035 -0.052809
0.228276 -0.457984 0.902431 0.469028 0.169697 -0.331135 -0.329148 -0.062927 -0.400769 0.760710 -0.211915 -0.714412 -0.532720 -0.624080 0.557850 -0.482367 0.336933 0.681123 -0.132289 0.438341 -0.783806 -0.027068 0.713635 0.215707 -0.848288 0.940721
-0.132173 -0.774924 -0.514348 -0.803512 0.843885 0.743415 -0.823628 0.012570 -0.373612 -0.970937 -0.818809 0.099231 0.866053 -0.592034 -0.075488 0.557731 0.121732 -0.712614 0.920102 0.373087 0.929717 0.413992 -0.940387 0.230824 -0.907813 0.396147
0.558366 0.445122 0.973673 -0.712363 0.892213 0.253185 -0.746556 -0.963054 0.717002 -0.630263 -0.748961 -0.296436 -0.576140 -0.362394 0.508301 0.371192 0.298254 -0.989648 -0.497259 0.554629 0.592217 -0.061166 0.292266 -0.856681 0.027736 -0.919376
-0.062866 -0.780805 -0.718650 -0.425804 -0.275456 0.835677 0.620523 0.434114 -0.448357 0.692097 0.714760 0.161607 -0.195937 0.042078 -0.317760 -0.932550 0.056602 0.911269 -0.051032 -0.688117 0.755021 -0.405129 -0.614325 0.334320 0.624084 -0.276574
0.736230 -0.847962 0.086952 0.820268 0.221234 0.808911 -0.270761 0.269620 0.880635 -0.509903 -0.314384 -0.915274 0.533806 -0.827936 0.253418 0.402062 -0.592271 0.257556 0.486167 -0.508714 -0.256710 0.635940 0.537935 -0.995157 0.531127 -0.623521
0.117618 -0.683985 0.119935 0.516817 0.201805 0.081607 0.996260 0.296526 -0.371265 0.638671 0.242546 0.542799 -0.064429 0.912983 -0.118167 -0.783828 -0.613408 -0.777703 -0.482385 -0.083363 -0.573568 -0.843898 -0.464789 0.238462 -0.915517 0.742579
0.549530 -0.708120 -0.823881 0.009672 -0.071630 0.839541 -0.158597 0.138711 0.359297 0.085038 -0.497199 -0.828119 0.846711 -0.590792 -0.487245 0.665729 -0.690318 0.041325 0.066225 0.125425 0.584993 0.510843 0.404549 -0.137743 0.447962 0.558350
-0.628678 -0.372420 -0.326643 -0.568799 -0.126043 0.331505 -0.410176 0.934657 -0.170376 0.139114 0.832029 -0.124945 0.282485 0.224381 0.419403 -0.102204 -0.637507 0.739391 -0.522728 0.875273 -0.601523 -0.199807 -0.719999 0.593149 0.178734 0.338634
0.580307 0.179610 0.178750 0.863540 -0.745214 0.070137 -0.320688 0.254826 -0.377123 0.871756 0.317419 0.328059 -0.026198 -0.769414 -0.929494 -0.461304 -0.486576 -0.475359 0.938739 -0.495271 0.008713 -0.797868 -0.713061 -0.227953 0.752236 0.323518
0.982829 -0.904127 -0.501390 0.070096 -0.471713 -0.203904 0.396887 -0.017177 0.809516 -0.146725 0.056537 0.921922 0.340605 -0.055041 -0.525126 0.250153 0.004094 -0.631229 -0.525457 -0.057030 -0.515040 -0.992946 -0.821262 0.207146 0.018841 0.581350
0.973843 0.130926 -0.267279 -0.327256 -0.683578 0.994992 0.486370 0.469270 0.599963 -0.515895 -0.648159 0.066743 -0.252770 0.732475 0.704883 0.420227 0.585696 0.690330 0.982846 -0.308167 0.385644 0.281285 -0.417811 -0.800871 -0.289309 0.459632
0.723778 0.939981 -0.931746 -0.868897 0.490357 -0.817465 -0.550251 -0.823823 -0.445878 0.162747 0.309876 -0.808707 -0.967596 0.057569 0.601865 0.454212 -0.373069 0.333296 -0.019671 0.779253 0.293709 -0.351017 0.785678 0.849514 -0.139882 0.861967
0.707439 0.832065 0.682509 0.135065 0.094274 -0.585798 0.738753 -0.094567 -0.019824 0.628071 -0.732577 -0.672845 -0.923612 -0.687896 0.851181 0.421210 -0.357596 0.186412 -0.765088 0.314993 -0.689921 -0.490212 0.993822 0.430595 0.195442 -0.728664
0.441757 -0.242540 0.770556 -0.112051 -0.793993 0.774353 0.636634 -0.355431 0.658349 -0.948626 0.278862 0.965991 -0.621809 -0.839275 0.595842 -0.788857 -0.240002 0.791919 -0.212033 0.584627 0.211092 -0.571270 -0.012147 -0.879092 0.444185 0.917152
0.723172 0.126991 0.671701 -0.555831 0.906468 0.199194 0.559847 0.149805 -0.491978 -0.734801 -0.660129 0.916960 0.491726 -0.769714 -0.182361 0.537245 -0.123782 -0.866525 -0.007248 0.270861 -0.386563 -0.503336 -0.107591 -0.200190 0.540800 -0.287999
-0.382713 -0.603391 0.298355 0.482394 -0.865324 -0.598708 0.030023 0.608138 -0.209511 0.828915 -0.641024 -0.115779 -0.724636 0.207104 -0.068904 0.124742 -0.541434 0.440457 0.765923 0.923232 -0.984355 0.650178 0.033931 -0.056623 0.147564 -0.209880
0.019342 -0.476108 0.913745 0.435215 -0.429906 0.474100 -0.980745 0.416790 -0.832025 -0.318926 -0.727579 -0.014605 -0.001822 0.195855 0.031379 0.092644 -0.484979 -0.084200 0.182667 0.989123 -0.008851 0.878194 0.514231 0.203695 0.051018 0.395750
-0.078799 0.446793 -0.730519 -0.661878 -0.230132 0.324134 0.990304 0.127731 0.199533 -0.541656 0.806280 0.168113 -0.029537 -0.289208 -0.359801 -0.882792 0.164799 0.598054 0.307475 -0.934671 -0.882015 -0.042794 0.937398 -0.603851 0.970966 0.262972
0.560301 0.169518 0.140422 0.772614 0.016492 0.624505 0.584978 0.013694 -0.167896 0.063613 0.990135 -0.371680 0.590275 -0.556084 0.039125 0.218152 -0.722459 -0.765897 -0.517855 0.588490 -0.122372 -0.639291 0.530389 0.318309 -0.972411 0.254201
0.318142 0.151196 -0.966198 -0.874229 0.265242 0.729794 0.688274 -0.646640 0.194657 -0.858358 0.034256 -0.123287 0.707902 -0.152570 0.109684 -0.189787 -0.123945 0.095987 -0.709814 -0.293270 -0.140912 -0.310619 0.406140 -0.825238 -0.972682 -0.470550
-0.103805 -0.957114 0.067050 0.069065 -0.320348 -0.241616 0.970065 0.161378 0.820509 -0.118355 -0.628548 -0.622515 0.592248 0.665227 -0.467797 -0.639980 0.583359 -0.898178 -0.471611 -0.919597 -0.263338 -0.482753 0.874729 -0.469681 0.501405 0.739137
0.203605 0.945215 0.392264 0.265597 0.261481 -0.075718 -0.546477 0.833215 -0.262811 -0.540233 0.918577 0.907788 -0.280137 0.427177 -0.753211 0.012536 0.075668 0.778884 0.764840 0.485904 0.060653 0.298345 0.789554 0.223681 -0.053394 0.349563
-0.796954 -0.878794 0.382540 -0.009433 0.763157 0.069083 -0.958608 -0.537250 0.059277 0.943011 0.936728 -0.244294 -0.471865 -0.219340 0.525851 0.875661 0.062886 -0.208958 0.126731 0.079779 0.867226 -0.106429 -0.783794 0.839135 -0.570509 0.310261
0.609551 -0.087637 0.314616 0.017452 -0.536015 0.053661 -0.670837 0.625489 -0.713491 0.930821 0.437281 0.271062 -0.024511 -0.626839 0.764408 0.116757 -0.174097 -0.216002 -0.179846 0.669453 -0.869550 0.533935 0.059222 -0.298910 -0.402385 -0.216103

Bias w0 (Saída):
0.815997
-0.738714
-0.115430
0.053908
-0.387749
-0.609428
-0.888723
0.316976
0.758751
-0.311211
0.573995
-0.413740
0.175420
-0.544173
-0.259741
0.375198
-0.392516
-0.835186
-0.281227
-0.961147
0.533198
0.080560
-0.447728
0.056998
0.862813
-0.479222
