Pesos v (Entrada -> Oculta):
-0.657588 0.257357 0.048274 0.197539 0.536569 -0.379850 -0.574733 -0.177633 -0.726368 0.250877 -1.032098 -0.320212 0.322900 0.521170 1.064780
0.219511 -0.702602 -0.607489 0.237517 0.129911 -0.264364 0.203758 0.824156 -0.259026 -0.302393 0.003212 -0.656318 0.650855 -0.258273 0.409872
-0.367297 0.531536 0.633757 0.586441 -0.233175 -0.128138 0.656801 0.539228 0.347139 0.733805 0.263154 0.307104 0.049641 0.590747 -0.957517
-0.660761 0.736777 -0.440854 -0.714719 0.659655 -0.655111 -0.547991 -0.789253 0.773652 -0.000516 0.111017 -0.327566 1.172028 -0.197283 -0.465504
-0.253572 0.023856 0.881598 0.032305 0.863412 -0.745289 0.593466 -0.078696 -0.507509 1.363965 0.050827 0.379707 -0.755386 -0.505700 -0.706623
-0.396420 0.632845 1.246127 -0.493433 0.033022 0.269183 0.586890 -1.474166 -0.264869 1.013827 0.039973 -0.042804 0.255429 0.279941 0.091976
-0.209533 -0.467795 0.375992 -0.018998 1.031763 -0.511118 0.547590 0.006088 0.280866 -0.475111 1.130000 -0.520784 -0.767262 0.679767 -0.470346
-0.273450 0.351299 0.781568 -0.442541 -0.109647 0.250533 0.349747 0.222808 0.839483 0.537811 0.202242 0.257255 -0.381486 -0.107995 -0.064743
0.947085 -0.850011 -1.154565 -0.349945 -0.311147 0.237321 1.092512 0.303103 0.494943 0.295534 0.303730 0.317701 -0.521867 -0.043124 0.711788
-0.872960 -0.777540 -0.927673 -0.829955 -1.184430 0.315688 0.314006 0.353449 -0.328611 -0.463172 -1.058857 -0.089625 -0.267386 0.725274 0.174987
-0.946696 -0.040153 -1.143267 -0.585333 0.262068 0.037653 -0.161512 0.548467 0.596429 0.623769 -0.195885 -1.035691 0.354825 0.150177 0.230437
-0.731773 0.472820 0.363926 -0.074560 0.714346 -0.659122 1.138514 0.004701 -0.264898 -0.502200 -0.517985 -0.231047 0.901714 0.281440 0.035665
-0.387992 -0.082154 -0.021274 0.922954 -0.152502 0.444075 0.685557 -0.693292 -0.001590 0.259297 0.736045 0.261608 0.973447 -0.294238 -0.760075
-0.626382 -0.807270 -1.116817 0.475644 -0.747178 -0.090652 0.885341 0.620747 0.664494 -0.095774 0.632654 -0.721068 -0.840884 -0.887417 -0.539947
-0.788594 0.080420 0.170751 -0.272958 0.474529 0.663082 -0.579328 -0.000832 0.777636 -0.295661 0.143681 0.578884 -0.030896 0.387567 0.061351
0.005521 -0.079958 -0.592488 -0.896288 0.463721 0.666210 0.474822 -0.632861 0.438871 0.160617 -0.305688 0.954948 -0.029469 0.162772 -0.529087
0.577338 -0.250918 0.067159 -0.085643 -0.280777 -0.192727 0.272967 -0.315291 -0.162371 0.797765 0.164123 0.042041 -1.178354 -0.274656 0.001423
0.905160 0.146350 0.746270 0.369622 0.442189 -0.751021 -0.411541 -1.152045 1.012057 0.224380 0.755874 0.468825 -0.662913 0.695761 -0.650899
-0.416696 0.470385 1.257454 0.521923 1.354602 -0.870032 0.471618 -1.180667 0.663093 0.465216 0.481523 -0.103658 0.936401 -0.240173 0.211224
1.143128 -0.849589 0.423728 -0.268324 -0.073861 0.755824 0.790998 -0.491760 -0.414545 -0.401610 -0.115353 0.180193 0.637042 0.174346 -0.355633
-1.094109 -0.195233 -1.114031 -0.415089 0.016333 0.198485 0.834800 1.013788 0.183709 0.081005 0.122003 -0.369246 0.720693 0.633206 0.894005
-0.909801 0.357601 -0.954243 1.027944 -0.241505 0.017744 0.689554 0.990691 -0.922026 -0.916466 -0.018993 0.288637 0.947679 0.468407 -0.488020
-0.509543 0.299647 -1.331200 0.807469 -1.074593 0.945213 0.339014 0.442426 -0.010769 0.211983 0.156122 -0.273957 -0.276520 0.626435 0.545971
0.822277 -0.107225 0.259799 0.630816 -0.088028 -0.160520 -0.658265 -0.812528 0.089830 -0.574897 -0.274141 0.064738 0.892886 0.578570 1.131368
-0.637802 -0.117791 -0.088967 0.222425 0.779779 0.552483 1.152848 -0.286642 0.767747 -0.686028 0.370351 0.134936 0.713111 -0.907336 0.989130
0.054454 0.762234 -1.160499 -0.412952 0.000508 0.349718 0.390299 -0.373827 0.794230 -0.217618 -0.474754 -1.048935 0.306513 -0.811460 0.232581
0.270220 0.172529 0.614440 -0.579086 0.544146 0.035922 0.252051 0.607565 -0.345961 -1.136201 0.182781 0.909009 -0.362546 0.627371 0.381159
-0.736277 0.774831 0.044147 0.234288 -0.777106 -0.555758 -0.619123 0.102703 0.568624 0.150118 0.416993 0.975258 -0.565929 -0.528168 0.168334
-0.413017 -0.870028 0.435843 -0.808495 0.690063 0.159277 -0.081747 -1.049207 -0.585918 0.233899 -0.913889 -0.402427 -0.155060 0.430334 0.162644
0.510997 1.015326 0.804627 0.294735 -0.347582 -0.515967 -0.344022 -1.232999 -0.150405 -0.595109 0.727310 0.690797 -1.129133 0.380680 0.052742
0.644928 0.553215 -0.181548 0.169575 0.740544 0.227966 0.022791 -0.000048 0.122980 0.844402 -0.305841 0.332539 -0.224366 -0.594333 -0.229017
-0.525295 -0.376829 0.240540 -1.208669 -0.244712 0.952488 -0.058796 -0.816135 -0.299013 -1.003934 0.410287 0.656863 -0.194348 0.335864 0.444698
0.305781 0.013284 -0.575096 0.402839 -0.355241 0.031255 -0.094462 -0.891237 -0.573313 -0.763455 0.291568 -0.056943 1.216849 0.590082 -0.363265
0.565190 0.515207 0.517366 1.245966 0.787678 0.873242 0.207509 0.020254 0.847540 0.143026 -0.569276 0.849087 -0.778908 0.526055 -0.232748
-0.703574 0.859762 -0.315309 0.944168 0.810742 0.035400 0.552600 0.039685 -0.443915 -0.703431 0.591920 -1.056580 0.148318 -1.021745 -0.581658
-0.402866 0.977188 -0.184374 -0.631567 -0.882429 -0.549881 0.425444 0.491853 0.036041 -0.340118 0.720129 0.085072 0.262270 0.884870 -0.180702
-0.091464 -0.270984 -0.382244 0.370977 0.575202 -0.557201 0.735116 -0.105074 -0.478903 -0.451152 -0.235227 -0.852965 -0.482889 -1.031555 0.543725
0.361214 0.853503 -1.138817 0.566135 0.682936 1.009206 0.075243 -0.141013 -0.533521 0.113999 -0.093383 -0.193268 -0.602690 0.571215 0.681677
0.228253 -0.247818 -0.844798 0.825934 -0.206564 -0.150257 0.825246 -0.088779 -0.433673 -0.251452 0.221421 0.893364 0.600262 -0.103434 0.195951
-0.869250 -0.324209 -0.312792 -0.676013 0.243642 0.027777 -0.156342 0.887924 0.187824 -0.915508 0.788725 0.706352 -0.244440 0.201641 0.130584
1.097972 -0.255723 -0.362595 -0.751230 -0.117610 -0.480777 0.188905 0.739183 0.307635 -0.910236 0.194374 -0.867030 -0.838029 -0.371178 0.464643
0.453781 -0.647057 -1.177353 -0.945914 -0.249747 -0.796197 0.928134 -0.475968 0.636392 -0.390050 0.489196 -1.089523 0.893746 -0.416128 -0.732915
0.654581 -0.270948 1.220015 -0.329043 -0.664502 -0.939884 0.718235 -1.238172 0.701620 -0.294508 -0.802323 -0.684485 0.362269 -0.324710 0.908261
-0.215613 -0.469366 1.107089 -0.541480 1.958673 -0.887672 -0.251771 -1.260499 -0.782213 -1.216859 0.780823 -0.363568 0.574421 -0.446757 -0.265043
1.051620 -1.074136 1.442528 0.020447 -0.392170 -0.229293 0.146479 -0.900333 -0.211605 0.256732 1.664129 0.323750 0.175764 -0.170410 -1.482700
0.229506 0.014288 0.810716 0.261548 0.496725 0.237668 -0.537069 -1.662761 0.701374 -0.487548 0.704761 -0.868090 0.439060 -0.259530 -0.619210
1.204663 0.599394 -0.853421 -0.071672 -0.192627 -0.651632 0.565554 -1.474746 -0.805597 -0.587843 -0.653915 0.300030 -0.603078 0.386949 0.521616
0.241239 0.641500 0.446168 0.886476 -0.544244 -0.817213 -0.197158 0.093393 -0.791279 0.009859 0.044797 0.384702 0.813203 -0.256451 -1.033626
-0.662925 0.620425 0.378178 1.067711 -0.100290 -0.225606 -0.701264 -0.101631 0.711750 -0.786127 0.873984 0.581217 -0.822783 0.345758 -0.024957
-0.208138 -0.576978 -0.144704 0.572718 0.696739 0.840108 -0.496831 -0.966909 0.363750 0.171755 -0.722814 -0.217252 -0.138672 0.543705 1.044746
-0.459613 0.060475 -0.307000 0.717573 -0.212390 0.013671 -1.002742 0.037641 -0.825922 -0.196227 1.204160 0.866882 0.087493 0.198735 -0.019704
-0.892244 0.308928 -0.806434 -0.685411 -0.672702 0.980709 -0.553662 0.889422 -0.639807 0.116162 0.130547 0.471962 -0.177407 -0.279133 -0.757840
0.332392 0.735919 0.170285 0.261557 0.127561 0.862395 0.681644 -0.005227 -0.660143 -0.955975 -0.406336 0.284803 -0.106902 -0.739444 0.575799
-0.646069 -0.917450 -0.966027 -0.739920 0.158290 0.725801 -0.198811 0.691635 -0.377884 0.272470 -0.551465 -0.024255 1.346542 0.149774 0.961047
0.619012 0.783182 0.115263 0.810291 -0.293014 -0.307192 0.177201 0.065951 0.068030 -0.167436 0.099784 -0.344103 0.706603 -0.054622 -0.559620
-0.157191 -0.229263 0.515839 0.910041 1.004963 -0.683467 -0.040381 0.254161 -0.255720 -0.443610 1.138619 0.013916 -0.219947 0.840851 0.664999
0.656162 0.440752 0.950769 -0.696461 1.232462 -0.853295 -0.734839 0.731477 -0.129073 -0.628102 0.189197 0.322880 -0.547000 -0.286785 0.226346
1.289769 0.737958 1.472778 -0.974414 -0.340079 0.027246 -1.379445 0.307231 -0.040873 0.381514 1.586732 -0.050423 0.386116 0.289468 -0.122586
0.173323 0.695259 0.575570 0.160755 1.004595 0.663090 -0.332699 -0.033648 -0.086854 -0.282164 -0.682987 -0.993083 -0.279733 0.071852 0.009506
0.588489 0.400925 0.324598 -1.064712 0.865139 0.921325 -0.163678 -0.097817 -0.621830 0.962874 0.481048 -0.610850 -0.955989 -0.412569 -0.623146
0.833550 0.237525 0.054068 0.554935 -0.740377 -0.070014 -0.264652 0.624058 0.606061 -0.432887 -0.542094 0.220089 0.410974 0.825210 0.534516
-0.780272 -0.240074 -0.611253 -0.533494 0.556832 -0.623778 0.099331 -0.468229 -0.848735 -0.352927 0.013929 0.143823 -0.377180 -0.351158 -0.167108
-0.130388 -0.708396 -0.214178 0.123089 -0.325144 0.130933 -1.012661 0.530888 -0.888513 0.135821 -0.288513 0.368688 0.653929 0.526035 0.424084
-0.851294 0.467711 1.138378 0.185483 0.670926 0.024452 -0.917872 -0.168536 0.672977 -0.761496 0.106069 0.592524 0.358777 0.923316 0.720506
-0.796670 0.256126 0.590514 0.008374 0.635149 -0.982408 0.199079 0.520937 -0.849311 0.125107 0.025324 0.326961 0.124852 0.375083 0.380453
0.033509 -0.516784 -1.043514 -1.103834 0.452807 -0.909073 0.564100 0.356603 -0.929655 -0.287813 -0.797407 0.057669 -0.212106 -0.671608 -0.386754
0.631985 -0.770957 0.386953 1.229619 -0.606561 -1.007591 -1.096720 -0.174830 0.683410 -0.040220 -0.972669 0.410330 0.450153 -0.543719 0.951399
0.119469 0.625694 0.228747 0.202084 0.671141 0.793632 -0.108440 -0.219799 0.158966 0.660181 -0.616432 0.699972 -0.610667 0.319982 0.086496
0.584760 0.557189 -0.185504 0.536513 -0.431615 0.241789 -0.995414 0.408433 -0.804717 -0.866756 -0.023308 -0.070313 0.732660 -0.275932 -0.463555
0.598579 -0.102404 0.086793 -0.652761 0.051073 0.870812 -0.528495 -0.121560 0.130930 -0.547534 -0.291888 -0.042462 -0.042746 -0.688268 -1.218002
0.897148 -0.821255 0.421694 -1.106101 -0.063562 -0.011890 -0.358897 -0.952645 0.185687 -0.349192 0.427118 0.236018 0.190729 -0.947069 -0.963175
-0.288236 -0.625217 0.247408 -0.437458 0.067356 0.000209 0.864407 -0.017352 -0.291504 0.678611 0.015277 0.015859 0.392697 0.664812 -0.159790
0.198088 -0.674311 0.274546 0.459227 0.919580 0.347134 -0.522219 0.220874 -0.221495 -0.471808 0.863812 -1.052681 -0.607753 0.407749 0.846223
0.555263 0.350610 0.405492 0.834639 -0.693954 -0.125803 -0.609375 0.412846 -0.179367 -0.511223 -0.461816 -0.851829 -0.034645 0.160176 -0.477395
0.246768 0.402903 0.413357 -0.092625 0.119973 0.307538 0.278071 -0.067670 0.429631 0.264427 0.736928 0.319500 0.470901 0.357258 -0.512064
0.584060 0.097838 0.015441 0.473391 0.870753 -0.172732 0.394151 -0.888356 0.853674 0.131511 -0.096394 0.916238 -0.837721 1.026871 0.560761
-0.364895 -0.814406 -0.016798 -0.558871 -0.236020 0.562389 0.255504 -0.860915 0.507544 -0.487785 -0.240414 -0.259985 -0.875136 -0.247959 0.487251
0.313587 0.562564 0.362150 0.073689 -0.209419 -0.315383 0.704084 0.557168 0.329929 -0.864541 0.404872 -0.172665 -0.182018 0.111785 0.097417
-0.363773 0.314049 -0.088050 -0.409507 -0.349758 -0.174958 0.612018 -0.668983 0.240658 0.525652 -0.515684 -0.672384 0.083394 0.053339 -0.359049
0.677880 -0.125394 -0.368540 0.072870 -0.344606 0.600993 -1.116846 0.520690 0.525966 0.418763 0.853714 0.392003 -0.055285 0.324978 0.616658
-0.821222 -0.029953 -0.499232 -0.330224 -0.222727 0.052939 -0.799788 0.238811 -0.620080 0.488934 0.684412 0.291955 0.100212 0.920337 0.791326
0.561028 -0.523435 0.003411 0.568392 0.021183 0.342024 -0.004274 0.064239 0.795782 -0.859874 1.334265 -0.382646 0.228969 -0.619228 -0.283606
0.694799 -0.167028 -0.210423 0.680078 1.152188 -0.045112 -0.390807 -0.728912 0.530565 0.842046 0.252039 0.043083 -0.882203 -0.462138 0.666671
-0.767627 0.961686 0.969252 0.011748 0.742327 0.042988 0.560189 0.891488 0.777204 -0.594834 -0.334167 0.297324 -0.515533 0.489181 -0.130666
-0.613516 -0.777323 0.133445 -0.479244 -0.162045 0.498634 -0.513042 0.222091 0.246366 0.795454 -0.133740 -0.731450 0.115026 -0.012433 -0.379495
0.535714 0.878888 -0.444753 -0.200138 0.130640 0.678917 -0.556732 0.315565 1.035129 0.713376 -0.811104 0.688315 0.996816 -0.606774 0.062327
0.579688 -0.063158 -0.579367 -0.069035 -0.027948 0.631219 -0.239653 -0.658152 0.287233 -0.739007 -1.140121 -0.330067 0.687220 0.718522 -0.765378
-0.099369 0.675778 -0.504060 -0.211516 -0.367982 -0.936654 -0.306158 -1.277516 -0.315763 0.857601 0.144118 -0.140546 -0.329889 0.702657 -0.099740
0.541163 -0.210528 0.093973 0.053209 -0.581017 -0.651690 0.360304 -0.328988 0.159031 -0.811582 0.137437 -0.033277 0.355924 -0.773248 0.069716
-0.770058 -0.373995 1.283757 -0.642345 -0.575058 -0.353860 -0.211993 0.751138 -0.229388 0.881628 -0.886620 -0.356984 0.381266 -0.250983 -0.609983
-0.716460 0.192421 1.101894 0.135739 -0.225192 0.878228 0.033809 0.304695 -0.444322 0.509195 -0.281389 0.158070 0.107135 -0.711011 -1.216898
-0.338194 0.395064 0.708451 -0.938074 -0.200789 -0.681048 -0.783209 -0.972870 -0.491515 -0.069151 0.365805 0.778530 -0.726965 -0.438212 -0.716128
0.426694 -0.064168 0.068971 0.395867 0.553551 0.203904 -0.604131 -0.458946 -0.491754 -0.008514 -0.315073 -0.800226 -0.193100 0.901310 0.453156
0.036321 0.745560 1.372055 0.519734 -0.030714 0.199345 -0.902291 -0.327934 0.757216 -0.427174 -0.256468 -0.061115 -0.268835 0.278855 0.322529
1.065473 -0.609826 -0.795149 0.401153 -0.720131 0.718119 0.889719 0.403505 -0.456590 -0.669226 0.761664 0.706088 -0.231223 -0.277496 -0.365697
0.155682 0.869774 0.809095 0.504038 -0.637417 0.835109 0.024884 0.896660 -0.333564 -0.394367 -0.666572 -0.744934 -0.344674 -0.538871 0.446626
0.642804 -0.801589 -0.892096 -0.647511 -0.509017 0.387403 0.576857 0.317405 -0.900635 0.656009 -0.083099 0.114533 -0.775992 0.447248 -0.590832
0.110104 -0.074490 0.401843 -0.327477 -0.900814 -0.830551 -0.548085 -0.623737 -0.909686 -0.727654 -0.054564 0.536721 0.053450 0.678831 -0.966820
0.454260 -0.953791 0.188336 -0.513319 -0.143816 0.801916 -0.704726 -0.495966 0.872629 -0.858902 -1.106365 0.001159 -0.166202 -0.521735 -0.249653
0.860753 -0.112980 0.196640 0.274238 -0.045192 -0.674507 1.039605 0.925110 -0.284019 0.114999 0.734900 0.003212 -0.345052 0.941186 1.129320
1.219997 0.018879 -0.543715 0.793540 0.178110 1.024634 0.640103 0.921246 -0.035054 1.179174 -0.122521 -0.815686 -0.073113 -0.562516 0.780898
-0.123050 0.096526 0.372570 -0.688765 -0.418173 -0.079575 0.766894 0.232405 0.644970 -0.670572 0.577388 -0.361452 0.451035 -1.045294 0.293104
0.778607 -0.859872 -0.227797 0.583806 -0.859788 0.308786 0.230456 -0.684234 0.690316 0.537080 0.466213 -0.603963 0.795274 -1.038299 0.770833
-0.771633 0.073774 0.296610 -1.117349 -0.171052 0.250526 -0.770658 0.404175 0.148839 -0.170617 0.147278 0.097933 -0.078434 -0.562876 -0.940953
-0.483818 0.017127 0.538409 0.165898 0.260535 0.293252 -0.337485 0.456933 -0.469157 -0.867373 -0.816294 -0.775052 -0.005785 -0.645455 0.061737
-0.497175 -0.828534 -0.441862 0.480862 0.067197 -0.314731 -0.430233 -0.148940 0.953542 -0.882817 0.090690 -0.239753 -0.636690 -1.015770 -0.585584
0.139763 -0.854666 -0.055078 0.812814 0.632305 -0.918123 -0.307155 0.401632 -0.363575 0.994282 0.191642 -0.578212 0.310625 -0.464156 -0.466934
0.712662 0.284720 -0.572756 0.254309 -0.351409 -0.822380 0.346126 1.001132 0.196805 0.384244 0.837760 -0.625449 -0.983994 0.046778 0.254294
-0.824604 0.023337 0.520065 -0.104759 0.010325 0.814158 -0.681388 0.990308 0.584794 -0.992976 0.707857 -0.807429 0.263574 -0.023997 0.967745
0.132827 0.772941 0.227315 -0.306671 -0.947981 -0.075207 0.123375 -0.371077 -0.070215 -0.667072 -0.564273 -0.208188 -1.017554 0.466172 -0.432622
0.375638 -0.282255 0.148466 0.432889 -0.426414 0.270206 0.510050 -0.507499 -0.290619 -0.197361 -0.295675 -0.115917 -0.610688 -0.500730 -0.498510
-0.432313 0.812336 0.286602 -0.271331 -0.039704 0.878866 0.528194 -0.610147 -0.252307 0.248297 1.210326 -0.480209 0.194717 0.486972 0.706501
-0.003151 -0.019991 -0.350117 0.441489 -0.000783 -0.212154 0.175044 -0.356316 -0.435830 0.243392 0.264057 0.880046 -0.170837 -0.415284 1.042432
-0.791826 0.792608 0.017619 0.616706 -0.966811 -0.629078 1.132162 -0.187355 0.327769 -0.399277 -0.792474 0.679648 -0.321512 -0.916737 0.659679
-0.609958 0.428651 -0.240861 1.138419 0.111520 -0.794772 -0.737015 -0.434199 -0.030575 0.156717 0.857499 -0.008453 0.914521 -0.332474 -0.343611
0.846889 0.410155 -0.058189 -0.505500 -1.159609 -0.058267 0.442332 0.527782 -0.033261 0.120807 0.926559 0.518213 0.766139 0.030684 -0.577314
-0.248664 1.002113 0.073680 0.966952 0.343411 -0.656373 -0.728685 -0.000386 0.707859 -0.919511 -0.197664 -0.149179 0.580523 0.741233 0.011789
0.878986 -0.664351 0.270596 -0.486012 -0.693530 0.759413 -0.850748 0.819412 0.438112 -0.410313 -0.923148 -0.555722 -0.781199 -0.665154 -0.578775
-0.610132 0.076200 0.675186 -0.315305 0.801565 -0.035560 -0.286534 0.237843 -0.267768 0.512958 -0.834534 0.121554 -0.175184 -0.650152 -0.252408
0.937091 -0.047744 -0.831243 0.603939 0.374341 0.347139 -0.019661 0.402711 -0.448065 -0.643585 0.675824 -0.666946 0.555017 -0.529048 -0.010698

Bias v0 (Oculta):
-0.168863
-0.707358
0.040205
-1.063323
-0.487841
0.000942
0.778407
-0.149313
-0.406393
0.089874
-0.124912
-0.550073
-0.476342
-0.746053
-1.024401

Pesos w (Oculta -> Saída):
1.354125 -1.224005
0.867755 -0.584012
3.299457 -3.274915
-1.952819 1.833620
1.929051 -1.883153
0.138366 -0.076728
-1.409802 1.457988
-2.476296 2.471227
-0.366426 0.385562
1.871963 -2.023755
1.957830 -2.029447
1.489501 -0.726860
-1.202762 1.340609
1.172677 -1.231111
-2.039335 2.168075

Bias w0 (Saída):
0.465518
-0.833238
