Pesos v (Entrada -> Oculta):
-0.097293 0.931433 -0.409848 -0.848788 -0.746258 -0.618879 0.432122 -0.153609 0.746759 0.121813 -0.018752 -0.906173 -0.900185 -0.361171 -0.974138
0.885064 0.871320 -0.722356 -0.850257 0.874944 0.236095 0.627433 -0.438637 -0.375910 -0.037485 0.361154 -0.333419 0.959178 0.301705 -0.253998
0.448615 0.876495 0.326468 -0.682201 -0.854512 -0.957550 -0.021526 0.463345 0.684236 0.248604 -0.128415 -0.079517 -0.396731 -0.480824 0.004739
-0.460519 -0.838058 -0.349132 -0.749049 0.506263 -0.393031 -0.871771 -0.780565 -0.261733 0.586170 0.026971 -0.674127 -0.877901 -0.441925 0.109914
-0.469778 0.220695 -0.623906 0.682878 0.378505 0.751233 0.945658 -0.726718 -0.539529 0.139039 -0.811985 0.289339 -0.987649 -0.571793 0.635881
-0.923580 -0.710264 0.180575 -0.750089 -0.407381 -0.913450 -0.646582 0.196167 0.076205 0.723367 0.218310 -0.366390 0.600425 -0.166088 -0.865712
0.123353 0.193768 0.299996 0.627511 -0.312233 -0.993232 -0.764072 -0.049200 0.657174 0.427831 0.327860 0.505778 -0.850834 0.307917 -0.747511
-0.026541 -0.893459 -0.008014 -0.092804 -0.359788 -0.970368 0.540389 -0.506801 0.385878 0.224170 -0.994097 -0.606815 0.801249 0.620073 0.379254
-0.792909 -0.903149 -0.478028 -0.073262 0.234774 -0.400715 0.810451 0.759798 -0.742660 -0.007526 -0.721589 0.482509 -0.807288 -0.798283 0.248206
-0.785746 0.349649 0.125409 -0.228118 0.614241 0.782839 -0.588111 0.053737 -0.474801 -0.239724 0.970810 0.995902 -0.017383 -0.194751 -0.016452
-0.215314 0.242240 -0.925392 0.287396 0.864395 -0.327076 0.879505 0.361504 -0.124276 0.543437 0.901640 -0.484298 -0.221967 -0.866970 -0.924239
-0.059410 0.490884 0.807738 0.177802 -0.098602 -0.462060 0.577567 0.116070 0.520385 -0.166494 -0.805134 0.603101 0.757744 0.544958 0.550366
-0.580956 0.916187 -0.222709 -0.336092 -0.834044 -0.702480 -0.774741 -0.032392 0.499994 -0.788399 0.635654 0.087151 -0.204744 0.571791 0.474405
-0.974352 -0.199543 -0.546417 -0.209121 -0.604011 0.754794 -0.873961 -0.919662 0.095758 0.249671 0.536291 -0.823063 0.503520 0.912832 -0.389571
-0.598178 -0.772606 0.260981 0.617769 0.441770 0.625424 -0.270815 0.970348 0.474726 0.347160 -0.641802 0.420438 -0.346996 0.759878 0.094017
-0.180860 0.809652 -0.873531 0.007556 -0.808326 -0.232885 0.534535 -0.847638 -0.717919 -0.098708 0.568477 0.327405 -0.780482 0.669931 0.913438
0.236534 0.212402 0.838085 -0.937661 -0.614312 -0.255286 0.347555 0.751005 0.014653 0.163344 0.523323 0.224069 -0.328002 0.367921 -0.835205
-0.670012 0.772664 -0.311321 0.664576 -0.191282 -0.352974 0.854917 -0.885393 -0.351892 0.084245 0.180111 -0.461171 -0.519747 0.293342 -0.829945
0.337477 -0.998594 -0.725616 -0.102056 -0.035619 -0.585178 0.517566 -0.078798 0.762055 -0.232034 0.441913 0.396667 -0.711111 0.227228 -0.575289
-0.960681 0.080584 -0.284950 -0.137022 -0.994496 -0.947057 0.910990 -0.554346 -0.863173 -0.273843 0.705888 -0.384196 0.897477 -0.088594 -0.317256
-0.942856 0.612946 0.047124 0.030569 0.674787 -0.430156 -0.415149 -0.393076 -0.962426 -0.056649 -0.466736 0.229053 -0.256293 -0.096105 0.948164
0.104289 0.424942 0.105149 -0.422009 -0.961741 -0.605344 0.606938 0.408381 -0.863419 -0.846664 -0.125821 -0.918815 -0.843699 -0.654493 0.442217
-0.254040 0.101673 0.853658 -0.056906 -0.029267 -0.838352 0.086246 -0.945156 0.245018 0.164936 -0.121094 0.641470 -0.657158 0.930875 -0.798109
-0.995748 0.963599 -0.287544 0.618590 0.218467 0.448709 0.550348 -0.349199 0.966303 -0.484913 0.373533 -0.746886 -0.164311 0.241408 0.548359
0.163968 -0.585572 -0.252865 -0.402221 -0.070587 -0.847826 -0.986677 -0.575308 0.286599 -0.077582 0.368461 0.862321 0.870517 -0.788009 0.386377
0.605426 -0.755187 0.597806 -0.793348 0.647934 -0.509287 -0.096640 0.111629 -0.642413 0.268206 -0.343441 0.712609 -0.108571 0.857390 0.675774
-0.064061 -0.234077 0.063424 -0.504225 0.531120 0.112526 0.595097 0.760776 0.230667 0.477845 0.851782 -0.535572 0.971566 -0.208525 -0.313036
-0.920583 -0.421714 -0.375639 -0.405813 -0.480898 0.872025 0.602990 0.022737 -0.198076 -0.421666 -0.467409 -0.342078 -0.384155 0.434729 -0.192609
-0.243801 -0.795765 0.723402 -0.445719 0.288712 -0.813231 0.905033 0.443724 -0.786561 0.782710 -0.772597 -0.050613 0.352068 -0.619010 -0.752086
0.938678 -0.967516 -0.919429 0.510777 -0.393412 0.620822 -0.734210 0.605748 -0.988489 0.200316 -0.418622 0.120748 0.234202 0.919985 0.345910
0.530711 -0.963428 0.190195 0.208392 -0.685069 0.372170 0.465221 -0.695518 0.842179 0.745955 -0.579960 0.196150 -0.850044 0.686609 -0.129673
-0.563560 0.794353 0.655533 -0.988721 -0.899665 -0.614833 -0.929820 0.996222 0.193171 -0.418291 0.939784 0.828857 0.256907 -0.411851 0.357346
0.583408 -0.046681 -0.999006 -0.488470 -0.904462 0.674452 0.780658 0.191578 -0.337417 0.758577 0.527621 -0.725376 0.710235 0.374828 0.204873
-0.345138 -0.471529 -0.077766 0.802860 -0.963075 0.300250 -0.258792 0.175252 0.428219 0.042791 -0.097005 0.333374 0.662228 -0.846815 0.109402
0.119490 -0.920971 0.437572 -0.219138 -0.751181 0.884479 0.432479 -0.410125 0.121626 -0.383867 -0.798388 0.661668 -0.819578 0.618368 0.794033
-0.715180 -0.291306 -0.113385 -0.271757 -0.709417 -0.409365 -0.687195 -0.749948 0.270637 -0.142492 -0.068539 -0.906690 0.900557 0.622089 0.258791
-0.797542 0.839407 0.732584 0.599212 0.516990 0.794970 0.176128 -0.019555 -0.145850 0.576492 -0.198068 -0.248791 0.644049 -0.641037 -0.348937
0.929130 0.238201 -0.586321 0.586695 0.936170 0.966611 0.831377 -0.140897 0.626325 -0.175428 0.865710 -0.674751 0.679300 0.248792 0.060845
-0.775408 0.213449 0.206004 -0.830229 0.052289 0.346466 0.111145 0.619444 0.197768 -0.871592 -0.722078 -0.823050 -0.772165 0.439084 -0.548566
-0.604080 -0.540411 0.719603 -0.474629 0.388292 0.804843 0.498413 0.710672 -0.165904 0.705132 0.360161 0.797872 0.844642 -0.110331 -0.774779
-0.074260 -0.520285 0.728817 -0.985411 0.328022 0.078881 0.990064 0.305229 -0.886526 0.113329 0.580975 0.815363 0.039955 0.065496 -0.556220
-0.389647 0.974147 -0.906250 0.155385 -0.536269 0.489670 -0.719171 0.032563 0.309695 -0.795792 -0.015507 0.906750 0.443139 0.025197 -0.504788
0.352016 0.144638 -0.302287 -0.167116 0.132538 -0.656922 -0.111527 -0.430168 0.331037 -0.726047 0.579427 -0.183198 -0.506471 -0.105505 -0.538331
-0.763962 -0.776005 0.641439 -0.313997 -0.528446 -0.893916 -0.495668 0.131938 -0.084774 -0.979212 0.009490 0.748306 -0.103176 0.440447 0.249127
0.457101 -0.441385 -0.117656 0.437219 -0.599682 0.052735 0.727641 0.427781 0.454037 0.766116 0.170559 0.401837 -0.513648 0.906653 0.103454
0.641825 0.440756 -0.571136 -0.555821 0.692781 -0.737447 -0.881399 0.230953 -0.627526 -0.773311 -0.627339 0.328957 -0.113456 -0.659866 -0.502263
-0.135297 0.485142 0.762663 0.898491 -0.364285 0.459267 -0.663061 -0.807065 0.767914 0.385136 0.649668 -0.609209 0.818556 0.793120 -0.423558
0.202149 0.740790 0.921855 -0.431468 0.106009 -0.440654 -0.642259 -0.266522 -0.040139 0.253530 0.973029 -0.636521 -0.245847 -0.818159 -0.699380
0.221723 -0.156543 0.415488 -0.086237 0.579970 0.297880 0.280676 0.478789 -0.147036 0.245819 0.058252 0.772470 0.215979 0.271206 -0.674086
-0.713439 -0.871876 -0.667673 -0.374691 0.559852 -0.593475 -0.509074 -0.405671 0.530205 -0.153107 -0.014788 -0.189690 -0.717975 0.193790 -0.367165
0.723203 0.610800 -0.306910 0.114737 0.360857 0.489747 0.018504 -0.013118 0.330119 -0.547616 0.894879 0.641814 -0.152290 0.794692 0.352830
0.807294 -0.032530 -0.351531 -0.513596 0.103062 -0.020103 0.987461 0.906776 -0.013266 0.725477 -0.382090 0.785209 -0.528001 -0.965415 -0.987185
-0.261712 0.517938 -0.495053 -0.557204 -0.549322 -0.721104 0.031921 0.566347 0.509226 0.869557 -0.711170 -0.808484 -0.884214 -0.631720 0.296843
-0.304763 0.860038 0.252703 0.214671 0.107912 0.038310 0.531987 0.066985 -0.570697 -0.118782 0.067505 -0.241706 -0.319764 0.320448 0.328288
0.167596 -0.733058 -0.694292 0.148808 0.412182 0.435052 -0.781244 0.797701 0.926400 -0.449534 -0.987151 -0.273895 0.568661 -0.369550 -0.531462
-0.883857 -0.894001 0.853687 0.441619 -0.166847 0.086386 -0.314530 -0.769592 -0.588917 -0.136494 0.938172 0.933429 0.327154 -0.238121 0.417827
0.520514 -0.611322 0.717598 -0.460107 -0.701752 0.195947 0.988457 -0.630469 -0.250029 0.735822 -0.544023 0.289840 -0.421588 -0.002062 0.374661
0.357614 0.990812 0.931882 -0.576854 0.051081 0.357308 -0.176585 0.972181 -0.033901 -0.344495 -0.756659 0.773291 0.383133 0.043891 -0.680059
-0.541368 -0.713602 0.012935 -0.144438 0.172437 -0.217348 -0.841274 0.174850 -0.262668 0.140518 0.721634 0.106108 -0.768706 -0.379703 0.505436
0.801647 0.526327 -0.083381 0.916456 0.146456 -0.270001 -0.329616 -0.931682 -0.552143 -0.887696 -0.963339 -0.327788 -0.293374 -0.459467 -0.531121
0.774049 0.018201 0.698439 -0.483317 -0.208414 -0.012428 0.610661 0.864963 0.562207 -0.286990 -0.502590 0.609148 0.729277 -0.763005 -0.663222
-0.665486 -0.483231 -0.144099 0.017657 0.083254 0.754525 0.346497 0.536820 -0.950247 -0.311971 0.408562 -0.871051 -0.850159 0.979202 0.700469
-0.051134 0.226879 -0.303753 -0.209771 0.016530 -0.359856 0.740289 -0.368065 0.506799 0.604455 0.626975 0.772212 0.704453 0.063373 -0.089453
-0.699497 -0.208459 -0.164872 -0.000573 -0.215560 -0.988331 0.578278 -0.078347 0.654381 0.061105 -0.926872 0.696532 0.277524 0.061790 -0.759344
-0.282874 0.635125 0.797290 -0.126941 -0.212055 0.861546 -0.390138 -0.100398 0.398720 -0.089076 0.297818 0.163627 -0.014692 0.774416 -0.936100
0.844760 0.970204 -0.016737 -0.453804 -0.789849 -0.041077 0.436999 -0.389836 0.178608 0.801374 0.290804 0.415643 -0.010297 -0.921216 0.658845
-0.992978 -0.496995 -0.504303 -0.835253 0.867426 0.313234 -0.968462 0.427789 -0.487704 0.627600 0.913028 0.261766 0.236048 0.225907 0.148921
-0.179093 0.527149 -0.709707 0.633255 -0.979478 -0.618727 0.761934 -0.003536 -0.732142 -0.704376 0.826867 0.002368 -0.123303 0.218764 0.781515
0.429722 0.320357 0.139493 -0.581388 -0.236168 -0.024120 0.003863 0.018007 -0.678684 0.340352 0.290989 -0.099344 -0.179307 0.006396 0.346763
-0.594816 0.846386 -0.899922 0.943051 0.447059 -0.369102 -0.372102 0.255469 -0.043963 -0.924548 -0.171707 -0.870350 -0.551441 0.692306 -0.125427
0.134006 0.189074 -0.465235 0.084806 0.637038 -0.846657 -0.448032 0.367595 -0.318981 0.030546 0.885577 0.213020 0.406318 0.582118 0.144537
-0.259772 0.491539 -0.621905 -0.606100 0.943348 -0.379578 0.350648 0.812725 0.249222 -0.845199 -0.656667 0.163620 -0.938788 0.110281 -0.036562
-0.223039 -0.444637 0.697597 -0.390415 0.795980 0.297940 -0.803016 0.712005 0.211870 -0.115262 0.858884 0.734019 0.496179 -0.476102 -0.759776
-0.492184 0.352176 0.692192 0.504681 0.336248 0.236324 -0.409903 0.371453 -0.802593 -0.651108 -0.222005 0.654804 -0.011879 0.736257 0.348993
0.710433 0.872365 0.387173 -0.953534 -0.024799 -0.296883 -0.098161 0.791411 0.201796 0.189274 0.130707 0.210291 0.432213 0.093952 -0.251974
-0.776204 0.364257 0.602595 -0.904715 -0.848479 0.654576 0.272048 0.766472 -0.572693 -0.168102 0.353207 -0.480395 0.612379 -0.031942 -0.985791
-0.240791 -0.767776 -0.440192 0.952768 -0.708061 0.396508 -0.457089 -0.383285 -0.392553 -0.363763 -0.348223 -0.614248 0.492209 0.910216 0.839015
0.225045 0.289417 0.626830 -0.610882 -0.268723 -0.508769 -0.720987 -0.516669 -0.331127 0.883742 0.875650 -0.893859 0.736191 0.386914 0.929392
-0.530014 -0.785884 -0.665932 0.072110 -0.763028 -0.979538 -0.048447 -0.780035 -0.917479 0.226696 -0.534091 0.843838 -0.969000 -0.911372 -0.321719
-0.357488 -0.782020 0.983066 0.348806 0.759590 -0.038714 -0.734504 0.464067 0.559199 0.424075 -0.822061 -0.385468 -0.628538 0.433055 -0.408667
0.868811 0.739492 0.107748 -0.316339 0.566100 -0.365208 -0.583958 -0.046453 -0.835280 0.623201 -0.552569 0.703465 -0.356045 0.678744 -0.016791
0.270927 0.906264 0.378250 -0.182266 0.470930 0.456606 -0.551785 0.855362 0.427374 -0.876687 -0.743589 -0.192512 0.200141 0.191380 -0.257670
0.633251 0.384266 -0.874829 -0.416896 -0.405108 0.267029 -0.749682 0.640535 0.443881 0.409584 0.143724 0.339868 0.479681 -0.544715 -0.346547
0.296567 0.830550 0.066091 0.927844 0.853118 -0.046061 0.653601 0.708636 0.634192 -0.836672 0.198548 -0.723658 -0.714059 0.842923 -0.943109
-0.811481 0.238164 0.419229 0.445248 -0.714373 0.882326 -0.547626 0.942606 0.476037 0.147179 0.319961 0.688956 -0.719557 -0.607474 0.730740
0.377186 0.233406 0.980250 0.891979 -0.934098 0.254750 -0.104908 -0.309976 -0.355898 -0.353714 0.677715 0.187677 -0.273726 0.753529 -0.810598
0.564336 -0.951531 -0.337250 0.544546 0.148263 -0.144136 -0.828213 -0.691801 -0.201496 0.631325 0.712778 0.322015 -0.287435 0.345622 -0.802642
-0.893887 0.635470 0.094971 -0.622745 -0.892787 0.450074 0.577226 0.098016 0.416858 0.683708 -0.101026 0.106371 0.440640 -0.255641 0.307660
-0.276466 0.086388 -0.050483 -0.979052 0.019069 0.014867 0.005969 -0.139927 -0.620529 0.960390 0.425020 -0.128754 0.142290 0.927595 0.148089
0.188968 -0.112188 0.974598 0.478178 -0.720208 0.336448 0.965758 0.972090 0.344324 -0.794560 0.435198 0.584103 -0.783895 -0.109374 0.996035
-0.211788 0.989443 -0.569354 0.371661 -0.518809 0.205825 -0.632373 0.234835 0.582943 0.054392 0.391960 0.908399 -0.505156 0.777245 -0.581560
-0.332461 -0.628732 -0.444735 0.273251 0.362583 -0.255855 -0.637265 0.940329 0.187859 0.858332 -0.673744 -0.994534 -0.592916 0.272215 -0.783750
0.304473 -0.526698 -0.248815 0.483465 -0.048447 0.699448 0.035891 -0.113972 0.939004 0.632583 -0.663943 0.765967 -0.118280 -0.004783 -0.232468
0.283140 0.100533 -0.791871 -0.154143 -0.819975 -0.121168 -0.050786 0.621329 0.773378 0.075402 0.480231 0.307730 -0.014935 -0.878099 -0.130854
0.713634 0.674509 -0.882899 0.901617 0.454612 0.688779 -0.018977 0.595518 0.379764 -0.572965 0.142873 -0.363068 -0.524720 -0.162965 0.402198
0.797269 0.252729 -0.098636 -0.979549 -0.949144 -0.483296 -0.907095 0.508329 0.497821 -0.817344 0.836545 0.811456 -0.046099 0.446230 -0.031659
0.336313 -0.329497 -0.001107 -0.311009 -0.272762 0.193599 -0.902086 -0.004456 0.620930 -0.622796 -0.977183 0.829833 -0.114937 -0.791621 0.191306
0.716423 0.371048 -0.643257 0.584186 -0.605632 -0.754008 0.898471 0.294763 0.675983 -0.394959 0.690974 0.096541 0.300597 -0.940551 0.880884
-0.290170 -0.804756 -0.503690 0.041348 -0.763328 0.060700 0.800369 0.053677 -0.960095 0.495315 -0.718789 0.757558 -0.168591 -0.295922 -0.004928
-0.109160 -0.520142 0.652340 0.794323 0.529146 -0.919477 0.727052 0.075065 -0.038346 -0.232015 -0.808394 -0.811778 -0.070263 -0.055750 0.886937
0.612507 0.486390 0.070212 0.382454 0.585720 -0.284461 -0.781898 -0.244442 0.351100 -0.337781 -0.452689 0.947233 0.877833 0.490278 -0.787380
0.758485 0.862792 0.602509 0.623080 -0.459996 -0.505624 0.715083 0.495097 -0.427083 0.391271 0.175736 -0.362013 0.554312 -0.195372 -0.798049
0.465289 -0.460151 -0.933005 -0.548961 -0.594947 -0.639923 -0.927876 -0.992332 0.499605 -0.355540 -0.729014 -0.376123 0.341076 0.595102 -0.939138
0.446622 -0.198849 0.726263 -0.916237 -0.263190 -0.752996 -0.380151 -0.929796 -0.260494 -0.164081 0.602642 -0.560916 -0.169202 -0.372257 0.805312
-0.440856 0.150075 -0.036482 -0.693032 0.928410 0.567271 -0.217855 0.534989 0.905960 -0.959517 0.284076 0.476536 0.873814 -0.361395 0.277174
-0.253436 -0.377194 -0.104428 0.488458 0.435279 -0.778836 -0.281399 0.302761 -0.915907 0.867461 -0.866297 0.816034 -0.987404 0.624211 0.065166
-0.775864 0.311203 -0.584604 -0.020811 -0.483787 -0.235009 0.466497 -0.705153 -0.672146 -0.697533 0.743766 -0.656478 0.408200 0.728159 -0.198876
0.106500 -0.137538 0.475461 0.344093 -0.674745 -0.193172 -0.828610 -0.082407 -0.781031 -0.679800 0.420514 -0.617612 0.137062 0.911825 0.791811
-0.973259 0.318433 -0.925558 0.985681 -0.891629 -0.672687 0.903345 0.246369 -0.799664 0.270068 -0.387858 0.253446 0.736897 0.995532 -0.998184
0.518512 0.539287 0.778072 -0.732336 -0.284406 0.077517 -0.521919 -0.743860 0.380518 0.850743 -0.435101 -0.329558 -0.454352 -0.063866 -0.100120
0.507564 -0.240062 0.485817 -0.640125 -0.526540 -0.899524 -0.260230 -0.680397 -0.125149 -0.726460 0.545259 0.737522 0.372320 0.259417 0.971251
0.075678 0.810317 -0.850053 0.922148 -0.552935 0.409949 -0.158273 0.480105 -0.561220 0.666791 0.332905 0.025540 0.434902 -0.649470 0.854240
0.984925 -0.805802 0.690132 0.402244 0.715286 0.043450 0.648412 -0.332635 -0.961875 0.692999 -0.692521 -0.633381 0.654202 -0.260850 -0.408279
0.389793 -0.270705 0.398727 0.730949 -0.187823 0.721400 -0.825214 -0.968846 -0.759893 -0.728819 0.855524 0.055177 -0.557790 0.216363 -0.865593
0.818143 -0.009776 -0.005806 0.246610 0.014464 0.527944 -0.637681 -0.120278 -0.897829 0.536115 0.139051 -0.464644 -0.324752 -0.615078 0.070219
-0.310232 -0.527771 -0.306941 -0.375049 -0.520516 0.404533 -0.865108 0.028262 0.183509 0.416438 -0.864491 -0.164478 -0.542959 -0.708651 0.238894
0.740838 -0.520543 0.321481 0.057323 -0.988201 0.771590 0.983758 0.482690 -0.427722 0.592902 0.956722 -0.917563 -0.355800 0.381064 -0.112913
0.881288 0.673353 -0.134953 0.247949 0.751356 0.752245 0.965405 0.657245 -0.292536 -0.270304 0.571127 0.282326 -0.689523 -0.922369 -0.441717
-0.269399 0.548928 0.825522 0.578886 -0.724051 -0.290645 -0.213389 0.202357 -0.008820 0.049633 -0.096754 0.627914 0.426553 0.083271 -0.006770
0.100570 0.213059 0.505993 0.720487 0.608092 -0.733060 -0.222655 0.269274 -0.469342 -0.813859 0.534329 -0.567981 0.360713 0.774894 -0.720748

Bias v0 (Oculta):
0.973999
0.113342
-0.375733
-0.602786
-0.070758
0.254559
0.367675
-0.744370
-0.881892
0.367031
-0.160611
0.781428
-0.694893
0.114618
-0.872730

Pesos w (Oculta -> Sa獮a):
-0.670048 -0.288206
0.472665 -0.022017
-0.275807 0.267521
-0.348255 0.252034
0.281233 0.643167
0.577127 -0.318797
-0.247598 0.857958
-0.424913 -0.823415
-0.239857 0.824548
-0.176006 -0.391654
-0.578189 -0.257472
0.875915 -0.246910
0.922999 0.176939
0.836022 -0.848477
-0.796925 -0.492543

Bias w0 (Sa獮a):
-0.029625
0.001282
