Pesos v (Entrada -> Oculta):
0.591761 0.235951 -0.186782 -0.492525 0.688278 0.444470 -0.251676 -0.485918 0.379655 0.573288 0.355476 -0.045374 -0.827198 -0.930838 0.314375 -0.370680 0.585331 -0.599042 0.574310 0.365494 -0.325407 0.695450 -0.078723 0.180710 0.145018 -0.722900 -0.484922 0.328250 -0.172263 0.470153 -0.893226 -0.672434 -0.401072 0.410415 0.672742 -0.402085 0.541455 0.716488 -0.003784 0.176040 -0.536619 -0.578325 -0.710171 -0.667895 -0.944712 0.939707 0.746279 0.826412 0.518089 -0.384712
0.051294 -0.428731 -0.410311 -0.203789 -0.203760 0.265522 0.622841 -0.516679 0.637859 0.664305 0.091799 0.202912 0.525714 0.515542 -0.177584 -0.067873 -0.516840 0.736491 -0.003080 0.588477 -0.497687 0.304725 -0.354512 -0.522446 0.942974 0.181315 -0.296933 -0.837080 0.063468 0.966755 0.021443 0.370263 0.413503 0.175629 -0.230719 -0.649786 0.506672 0.092924 -0.166622 -0.668112 0.631155 0.262945 0.328944 0.403611 -0.376140 0.007739 0.362933 0.967409 0.619631 -0.005447
-0.843761 0.523263 -0.010694 0.222548 0.517224 0.964563 0.437210 -0.480740 -0.077148 -0.389377 -0.649000 -0.267244 -0.652082 0.181279 -0.714160 -0.195887 -0.889945 -0.013927 0.816519 0.691789 -0.106540 -0.575980 -0.362459 -0.041904 -0.436412 -0.932533 0.653269 -0.077940 0.100189 0.358136 -0.118334 0.784266 0.128199 0.494334 0.171932 0.874117 -0.440915 -0.411689 -0.559048 0.067893 -0.551554 0.683746 -0.111527 0.860292 -0.692773 0.209886 0.456664 0.428815 0.636980 0.406979
0.332786 0.353735 0.392742 0.246895 -0.343585 0.384376 -0.985314 0.314567 0.445327 -0.474802 0.535181 -0.095857 0.982565 -0.136255 0.363026 0.051373 0.135922 -0.565183 0.542290 -0.955550 -0.646700 0.209847 -0.042129 -0.208452 -0.199123 0.188915 -0.164311 0.720656 -0.896538 0.620695 -0.520601 -0.365261 -0.582545 -0.994109 -0.236578 -0.687033 -0.309100 0.137254 -0.086926 -0.890601 0.576369 0.900531 0.901443 -0.338076 0.501237 -0.153330 -0.315324 0.576185 0.607792 -0.608910
-0.983212 0.564663 -0.076319 0.987221 -0.893507 0.060351 0.129474 0.030819 0.349336 -0.590622 0.176721 -0.633073 -0.306271 -0.885896 -0.573259 -0.866502 0.653090 -0.161636 -0.919350 -0.809873 0.942791 -0.565834 -0.197005 0.686910 0.278978 -0.409482 0.360711 -0.113205 0.544383 -0.046966 0.873496 0.342761 0.467699 0.031837 -0.121525 -0.839438 -0.485496 0.111274 0.400665 -0.052808 0.283209 0.972491 -0.937867 -0.664838 0.043938 -0.273399 0.352216 -0.529457 -0.811911 0.414574
0.212496 0.186373 0.255378 0.006080 0.827695 -0.148927 -0.857474 -0.195786 -0.055741 0.340705 0.675496 -0.826396 0.411399 0.442951 0.749790 0.061272 0.158359 -0.931388 0.929013 0.727556 -0.574154 0.984862 -0.355601 0.487123 0.358145 -0.544265 -0.744928 -0.488184 0.859489 0.342498 0.103702 0.478480 0.211058 0.134255 0.652579 -0.454950 0.184177 0.029795 -0.566068 -0.436204 -0.406001 0.273963 -0.802688 0.472953 -0.576468 0.609125 -0.926095 -0.842679 0.939215 -0.820958
0.573366 -0.229540 0.896119 0.458924 -0.809925 0.028975 0.432462 0.591076 0.294568 0.442999 0.060375 0.574571 0.566664 -0.297797 -0.033338 0.007294 -0.302615 0.581394 -0.973538 0.642187 -0.854557 -0.165633 -0.459644 0.179310 -0.426164 -0.743695 -0.832553 -0.991176 0.884718 0.397607 0.906990 0.340653 0.529659 -0.622669 0.406632 0.360179 0.128894 -0.070929 0.938136 -0.063305 -0.128362 -0.727403 0.280901 -0.163954 -0.259424 -0.672246 -0.531062 0.060716 0.063499 0.517524
0.502966 0.285159 -0.135898 0.739717 0.732152 0.600849 0.359458 -0.599196 0.624546 0.799525 -0.511301 -0.040030 -0.097878 -0.372145 -0.653749 -0.235176 0.771475 0.671911 -0.447822 0.938476 -0.178497 0.947278 -0.672773 -0.597876 0.730155 -0.920190 -0.399328 -0.927010 0.482696 -0.781891 0.647574 -0.247449 0.586036 -0.905173 0.806318 0.316787 -0.416346 0.864870 -0.735488 -0.412780 -0.187899 -0.404677 0.521907 0.805301 -0.659092 0.057872 0.844454 -0.334296 0.312711 0.182548
-0.324578 0.063239 0.117600 -0.904897 -0.100440 -0.746346 0.410074 -0.684152 -0.937411 -0.548017 -0.721520 -0.463815 0.950533 -0.243639 -0.660104 -0.503103 -0.617841 0.956476 -0.405430 -0.607741 0.317782 -0.413277 0.991345 0.135429 0.941886 0.660175 -0.075220 0.928259 0.520159 0.303623 0.089843 -0.138302 -0.142946 0.287159 0.282581 0.963507 -0.654731 0.980315 0.998674 0.860810 -0.570739 -0.475843 -0.992389 -0.425076 0.798006 -0.435451 -0.047553 -0.843486 0.289316 -0.981605
-0.774425 -0.381608 -0.245329 -0.663427 -0.836781 -0.393934 0.816822 -0.615944 -0.292457 -0.340912 0.768856 0.147337 -0.302586 0.817370 -0.735037 -0.427501 0.109211 0.265158 0.230166 0.711575 0.708780 0.107211 -0.526522 0.785961 -0.038210 0.055556 -0.907467 0.920253 -0.286554 0.171280 -0.176145 0.101765 0.530770 -0.027652 -0.001229 0.262592 0.354234 0.494082 0.417718 0.107396 0.336292 0.543632 -0.216513 0.155187 -0.171952 0.637098 -0.969655 -0.881563 -0.185279 0.735518
-0.464938 -0.394888 -0.461783 -0.768065 0.890258 0.170078 -0.947700 0.573122 -0.459391 0.827535 0.445395 0.020378 -0.015323 -0.325864 0.061106 -0.863169 -0.536078 -0.349248 0.138110 -0.071374 0.843136 -0.961421 -0.744344 -0.263423 -0.043489 0.834181 0.473786 -0.154407 0.257584 -0.384284 -0.390931 0.766383 -0.924202 0.545003 -0.696137 0.302514 -0.892091 -0.855010 -0.544630 0.958663 0.389492 -0.396215 -0.703336 0.982392 0.507494 0.684270 -0.206343 0.758517 -0.962756 0.264161
-0.370619 0.949836 -0.292083 -0.436600 0.124057 0.898794 0.929807 -0.102066 -0.722332 -0.447812 0.347565 -0.152389 0.830812 -0.422342 -0.829225 -0.612067 -0.625335 0.733256 0.571541 0.315960 0.603093 -0.035522 -0.894789 0.788622 -0.497923 -0.614226 -0.565990 0.800205 -0.735995 -0.164779 -0.900884 0.108936 -0.435597 0.892522 -0.841004 -0.674235 -0.425090 0.215404 0.524002 -0.879747 0.983668 -0.837891 -0.119774 0.599259 0.930420 -0.704712 0.825522 -0.076361 0.540419 -0.959713
0.021124 0.968759 -0.621193 0.307254 0.334905 0.349164 0.820733 -0.008148 -0.355214 0.744207 -0.790669 0.088551 0.490107 -0.054222 -0.572047 -0.042421 -0.229140 0.422805 0.504761 -0.203892 0.745508 -0.457781 -0.379807 0.930973 0.932452 -0.146668 -0.070734 -0.872481 -0.518081 -0.417725 0.595837 0.144487 0.534904 -0.885002 -0.793049 -0.205406 0.136076 -0.936494 0.980231 -0.582116 -0.807075 0.825269 0.719818 0.056998 -0.710241 0.177609 0.612328 -0.585022 -0.562339 0.277998
0.569037 -0.899512 -0.115651 0.174749 -0.016968 -0.201589 0.081973 -0.754204 -0.509350 0.999765 -0.693096 0.226891 0.850516 -0.086036 -0.091877 -0.760637 0.604204 -0.962009 -0.311995 0.275219 0.983669 0.548277 0.236645 -0.996203 0.234308 -0.900578 0.628287 0.902184 0.379394 -0.881561 -0.927359 0.895956 0.476467 0.837142 -0.892594 -0.989122 0.688937 -0.030860 0.986009 0.873777 0.829004 -0.284794 -0.004650 0.967564 0.651852 0.150455 -0.117323 -0.635401 0.270984 0.767083
-0.906776 -0.714415 -0.854005 -0.886218 -0.017339 0.749282 0.779779 0.730937 -0.008949 0.998403 -0.796218 -0.923587 -0.058948 -0.130180 0.898255 -0.446166 0.526996 0.655874 0.982683 -0.440697 -0.011200 0.277666 0.839890 -0.774758 0.311052 0.194003 -0.041655 0.094140 0.713146 0.956079 0.837537 0.422934 -0.100105 0.875111 0.678892 -0.871093 0.328427 -0.878369 -0.544090 0.617607 0.561161 -0.485107 0.981123 -0.731189 -0.420898 0.998716 -0.598608 -0.133507 0.066665 0.330328
-0.493021 0.162970 -0.643958 -0.672134 0.239348 -0.621533 -0.498006 -0.233374 0.670122 0.164175 0.621781 0.277336 -0.070737 0.275770 0.619634 0.115935 -0.014640 0.984091 0.575204 0.238930 -0.045513 0.039969 -0.724146 0.776444 0.193217 0.118174 0.697284 0.749867 0.147163 0.920287 -0.790570 -0.917114 0.199001 0.902361 -0.907908 0.595188 0.630651 0.376853 -0.136908 -0.846435 -0.590846 0.594998 -0.082568 -0.505649 -0.611291 -0.316236 0.578506 0.884283 0.431976 -0.875903
0.402909 -0.883201 0.314401 0.195706 0.249789 -0.117571 0.053335 0.428949 0.540887 -0.897926 0.248429 -0.753319 0.408261 0.425127 0.132779 0.578734 0.573460 -0.954239 -0.349372 -0.770627 -0.388155 -0.136379 -0.845876 -0.710125 0.724796 -0.849691 -0.278936 0.509545 -0.381728 0.729835 -0.115681 -0.181587 -0.532948 -0.424702 -0.007641 0.513884 -0.754574 -0.310613 0.428863 -0.080049 -0.168084 -0.780759 0.340785 0.317861 -0.176102 -0.735852 0.759113 0.155568 0.835665 -0.895009
-0.349951 -0.179431 0.449411 0.765013 0.326915 -0.348320 -0.807261 -0.947221 -0.965196 -0.390478 0.817895 0.546484 0.317251 -0.918815 -0.130950 0.546092 -0.648603 -0.890796 0.947591 -0.918398 -0.813875 -0.273083 -0.081592 0.336969 0.530798 0.079901 0.075491 -0.871103 0.243448 0.320671 -0.451117 0.443743 -0.713531 0.830717 0.697978 0.942165 -0.660734 -0.133206 -0.872426 0.331001 -0.764335 0.980463 0.037857 0.939571 -0.432866 -0.606003 0.376153 -0.146491 0.151192 -0.475445
0.887279 0.779866 -0.427704 0.503408 0.534209 -0.447778 0.403311 -0.657915 0.345242 0.401468 0.476715 -0.403306 -0.111056 -0.293919 0.813474 0.115761 0.868274 0.240534 -0.997369 -0.706174 0.887891 -0.167562 0.274444 -0.481595 -0.357323 -0.085053 -0.399242 -0.215018 0.786450 0.164022 0.061571 -0.520849 -0.194989 0.547191 0.486518 0.546376 0.722018 -0.035959 0.291927 0.095388 0.422092 0.990502 0.436795 0.212247 0.167385 0.440590 -0.112418 0.718541 -0.534712 -0.825508
0.379380 -0.859306 -0.061254 0.844558 -0.212652 0.827491 -0.198755 -0.819568 0.572654 0.497629 -0.663755 0.586245 0.005572 -0.140803 -0.101620 0.783710 0.349441 -0.332445 0.089182 0.935253 0.122047 -0.441606 0.330916 0.641982 -0.286331 -0.672151 0.722084 -0.557872 -0.071315 -0.013627 -0.863387 -0.602698 -0.181138 -0.663852 -0.209175 -0.600934 -0.829837 -0.116447 0.937993 0.176860 -0.147886 -0.370691 0.795572 -0.761790 -0.827252 0.347616 -0.855778 0.281035 -0.961975 0.263867
-0.853331 0.547634 0.130613 0.360466 0.359422 -0.763478 0.830055 -0.524474 0.299761 0.269739 -0.072487 -0.451712 -0.636540 -0.141695 0.362536 -0.267580 0.120358 0.376966 0.588323 -0.975031 -0.051513 -0.187214 0.337754 -0.781949 -0.756820 0.254266 -0.653070 -0.749648 -0.115306 0.576601 0.908535 0.353147 -0.824737 -0.348257 0.253027 0.972484 0.079124 0.451012 -0.527311 0.888462 -0.088279 0.725815 -0.612764 -0.550969 -0.685390 0.945326 -0.601121 -0.674743 0.099800 0.266690
0.728285 0.465964 -0.433096 0.365648 0.429833 -0.679180 -0.879893 -0.640664 0.927008 0.121913 0.332020 0.583813 0.892286 -0.539188 -0.474253 -0.004120 -0.870707 0.920673 0.941291 0.877899 0.565682 0.475816 -0.559963 0.903446 -0.486830 -0.682590 -0.868226 -0.180366 -0.135436 0.827101 -0.490511 0.011837 -0.235862 0.575096 0.987823 -0.817482 0.210665 -0.289913 -0.970125 0.152542 0.325021 0.022743 0.949773 0.560058 0.706032 0.454789 -0.228015 -0.507115 -0.540937 -0.852152
0.523573 0.832196 -0.781665 0.814154 0.371543 0.467151 -0.613132 -0.558465 0.561928 0.941769 -0.592002 0.189461 -0.047280 0.318894 -0.455958 -0.819326 -0.200104 0.156293 0.364205 -0.316587 -0.625631 0.938751 -0.850512 -0.336897 0.179992 -0.150333 -0.896858 -0.207989 0.121480 0.325215 0.857352 -0.015719 -0.773269 0.698901 -0.981916 -0.208233 0.420342 -0.519392 -0.861563 -0.537693 0.195471 0.403683 0.867535 -0.535238 0.109399 -0.317340 0.504698 -0.560472 -0.465590 0.316862
-0.216313 0.076214 -0.214294 0.144093 -0.991199 -0.526828 0.811265 0.615478 -0.631647 0.322115 0.070009 -0.927242 0.041808 -0.380284 -0.523139 0.898706 -0.319653 0.598369 -0.475940 -0.425730 0.145011 0.470339 0.210900 -0.210170 0.152907 -0.968229 -0.200322 0.438988 0.498243 0.050920 0.660020 0.319552 -0.549788 -0.392543 0.281524 0.430725 -0.632092 -0.985431 0.242857 -0.934732 0.827654 0.569608 -0.045963 -0.497619 -0.499590 -0.638287 -0.498767 -0.695067 -0.262706 0.150271
0.997229 0.543546 -0.152891 -0.834092 -0.961585 0.990328 0.328615 -0.251740 -0.015785 0.439274 -0.681177 0.347868 -0.975743 -0.050414 0.002818 0.931333 0.257926 -0.078192 -0.027222 0.552071 -0.717917 -0.796529 0.630277 0.364712 -0.498565 0.540285 -0.027860 -0.768368 -0.055068 -0.099276 0.779638 -0.813562 0.523420 0.362044 0.002193 0.354385 -0.397243 -0.972574 -0.352793 0.441339 -0.858486 0.634347 -0.170659 -0.384682 0.051871 0.050543 0.930131 0.232357 -0.801903 -0.720849
-0.880710 -0.442986 0.202109 -0.796640 0.981173 0.546529 0.687456 0.140133 -0.458129 0.805034 0.089381 -0.973746 -0.309412 0.920650 0.599804 -0.672444 0.042617 0.512789 -0.297788 0.865574 -0.930397 -0.516701 -0.722487 0.299860 -0.836947 0.145857 0.803067 -0.244515 0.719451 0.719486 -0.788003 -0.326590 0.600723 -0.035047 -0.484135 -0.261346 0.138334 -0.779095 -0.492001 -0.802523 -0.077092 0.164266 -0.090062 0.524998 -0.097141 -0.555884 -0.362746 0.553327 0.996300 -0.826123
-0.976031 -0.378832 0.287105 -0.363619 -0.860993 -0.583673 -0.075421 -0.383685 0.159606 -0.677825 0.926540 -0.727845 -0.842637 -0.368414 0.470823 0.325132 -0.937326 -0.707783 0.416273 -0.785151 0.740254 0.990238 -0.782065 0.796408 0.148268 0.954414 0.857082 0.476680 -0.738738 0.535008 0.398526 0.884812 0.081053 0.290058 0.138350 -0.702618 0.313267 0.114819 0.965925 -0.802917 -0.646902 -0.902007 0.044338 -0.521435 -0.930559 -0.764181 -0.466159 0.067148 -0.544847 -0.565889
0.654406 -0.426222 -0.598395 -0.022978 -0.520304 0.563319 -0.055169 0.050906 0.593417 -0.857134 -0.869137 0.386952 0.553442 0.593637 -0.645032 0.454938 0.966674 -0.472885 0.952558 0.507190 -0.464118 -0.719212 0.566827 0.814731 -0.415696 -0.520503 -0.859297 0.969385 -0.073917 0.353574 0.460750 0.217709 -0.358960 -0.133322 0.725291 -0.259777 0.945787 -0.469416 -0.911178 0.659399 -0.684427 -0.308270 0.953935 0.690074 -0.878273 0.695961 0.304830 -0.228390 -0.974144 0.706778
0.258443 0.567663 0.678940 0.573717 -0.543256 -0.595156 -0.342849 -0.506788 -0.049738 0.253692 -0.625417 -0.374086 -0.461576 -0.655065 -0.859387 0.013661 -0.850776 -0.901928 0.410006 0.459704 0.267372 0.223990 0.482703 -0.177527 0.704933 0.877848 0.063657 -0.042851 0.087585 0.808381 -0.000081 -0.014871 -0.217877 0.010816 0.812351 0.644269 -0.623460 0.726973 0.351586 0.933263 0.216142 0.888188 -0.671773 0.469325 0.100501 -0.414653 -0.719942 0.979595 -0.758345 -0.707827
-0.116534 -0.268845 -0.642006 0.641767 0.117739 0.592055 -0.068300 -0.804491 0.113602 -0.149940 -0.853114 -0.418477 0.093029 0.754281 -0.794124 0.124732 -0.993377 -0.953798 -0.093328 -0.808679 0.525234 0.672544 0.280080 -0.494002 0.700401 -0.736644 0.493041 0.636010 0.952798 -0.566125 -0.526971 0.695856 0.711406 -0.939186 0.705668 0.578919 0.471239 0.747181 0.715283 0.656461 -0.789889 0.029315 0.753666 -0.923823 0.360952 0.615790 0.002060 0.392202 0.765039 0.591332
0.710889 -0.244553 0.368539 0.626390 0.638167 -0.043591 0.701319 -0.340326 0.499681 0.340572 -0.387173 0.973319 0.321223 0.938886 0.205831 -0.572924 0.652447 0.490939 0.892410 0.688365 -0.737229 0.863334 0.956019 -0.372741 0.367127 -0.546418 -0.168343 0.511367 0.219112 0.681722 0.067964 -0.863745 -0.652331 -0.379030 -0.991251 -0.149135 0.442255 0.555019 0.796547 -0.968923 -0.880562 -0.104856 0.011420 -0.349297 0.809193 -0.091074 -0.524974 -0.096733 0.614189 0.187677
-0.483297 -0.709897 -0.999046 -0.411612 0.757980 0.060580 -0.659995 0.582037 -0.337850 0.652740 -0.405155 0.957011 -0.316524 0.733813 -0.008532 -0.008052 -0.205684 0.174035 -0.923178 0.227997 -0.550389 0.887875 0.997401 0.920104 0.355097 0.284459 -0.097231 -0.624090 0.942511 0.300384 0.938797 -0.919609 -0.065744 0.052623 -0.776551 0.168418 0.343095 0.977582 -0.581203 -0.148688 -0.105143 0.049728 0.292494 0.872748 -0.978874 0.351240 -0.585812 -0.350866 0.357122 -0.663788
-0.342756 -0.869753 -0.920146 -0.876247 -0.970206 -0.474833 0.694330 0.111502 0.597047 0.505901 0.591453 0.187670 -0.966530 0.038324 0.446847 -0.376808 0.582857 0.519530 0.022876 0.710530 -0.834202 -0.650709 0.551270 0.108908 0.594567 -0.972648 -0.390237 -0.731095 0.657736 -0.053378 -0.727138 -0.402184 0.233167 -0.913303 -0.992325 0.396696 0.820817 -0.618250 0.606726 0.475436 0.148686 0.560208 0.636358 0.366980 0.452020 -0.199012 0.508967 -0.410982 -0.611950 -0.510846
-0.811968 -0.715997 0.442826 -0.017609 -0.452988 0.908385 -0.856873 0.700353 0.985559 0.968057 -0.374317 0.207713 0.862225 0.246958 -0.477601 -0.460637 -0.886158 -0.241036 -0.627357 0.056113 0.320641 -0.612020 0.362295 0.411112 0.142841 -0.110411 -0.535954 0.490897 0.996190 -0.777516 0.318833 -0.558412 0.240619 0.404067 0.857721 -0.640632 -0.382868 -0.668310 -0.451986 -0.753882 -0.246350 -0.302675 -0.743638 -0.065680 0.536893 0.790921 0.899988 -0.729790 -0.244701 0.077508
-0.405978 0.157654 -0.262073 0.419382 0.554066 -0.470866 -0.077797 0.713690 0.485084 0.032831 -0.429852 0.126228 -0.290183 0.013202 -0.023247 0.003346 0.018832 -0.312204 -0.249342 -0.849544 0.527374 0.911949 0.520618 -0.633149 0.270949 -0.399563 -0.262561 0.367577 0.710637 0.589545 0.887211 0.702826 -0.381844 0.194131 -0.750606 0.678563 0.687200 -0.450048 -0.628934 0.530228 0.236425 0.722798 -0.706674 0.409833 -0.596909 -0.302411 -0.094725 0.328659 -0.776406 -0.706810
-0.591853 0.371786 -0.718281 0.946517 -0.351328 -0.215932 0.789162 -0.107375 -0.585465 -0.290379 -0.827268 0.852014 -0.153806 0.584520 0.497261 0.420198 -0.162353 0.895232 -0.916509 0.538742 0.087017 -0.390176 -0.137153 -0.704656 0.984837 -0.586968 -0.530210 0.349251 0.990669 -0.961681 0.071886 0.845733 -0.978600 -0.045713 -0.503761 -0.722217 0.125178 0.420967 0.596991 0.257781 -0.883533 -0.115312 -0.719716 -0.391058 -0.318438 0.035325 -0.643743 -0.377615 -0.910512 0.831869
-0.841813 0.948532 -0.351375 0.085805 0.686652 -0.593653 -0.397139 0.279458 -0.101213 0.470480 0.011668 -0.781735 -0.927859 -0.996871 -0.600999 -0.251340 -0.105261 0.757228 -0.578661 -0.471092 0.804427 -0.439471 -0.333007 -0.914782 -0.411708 0.043698 -0.095857 -0.146616 -0.950465 -0.192471 -0.547041 -0.455729 0.793398 0.571742 -0.677790 0.831144 0.409028 0.831685 -0.497647 0.729902 -0.696592 -0.975951 0.695608 -0.967219 0.653189 0.535581 0.614559 -0.956364 0.456610 0.154358
-0.758230 -0.765561 0.431605 -0.046198 -0.825764 0.495557 -0.768901 -0.939055 0.306123 -0.223431 -0.467534 -0.478687 -0.769167 0.625252 -0.007564 0.061700 0.219497 0.969355 0.731780 -0.462535 -0.476191 0.615175 0.346709 -0.300213 0.249147 -0.386206 0.165521 0.181193 0.541821 0.732518 0.227208 -0.296251 -0.510733 -0.421796 -0.982800 0.245257 0.582601 -0.794861 0.048617 -0.367840 -0.245653 0.738535 0.283742 0.485898 -0.223866 -0.456278 -0.597148 0.233692 -0.930883 -0.637333
-0.268995 -0.154583 0.741239 -0.314591 0.619887 -0.658191 -0.031808 -0.823407 0.441781 0.948462 -0.372173 0.630640 -0.738833 0.373448 0.117755 -0.091135 -0.212980 0.680683 0.810981 0.440656 0.358495 -0.002435 -0.240329 0.982660 0.335948 -0.109626 0.220793 -0.099807 -0.098698 -0.048642 0.868114 0.848260 0.399570 -0.206149 0.812250 0.988217 -0.607802 0.043474 0.650118 -0.761033 0.741182 0.724513 0.259016 0.317931 0.107988 -0.889249 0.726722 0.408673 -0.675102 -0.029082
-0.576375 -0.931507 0.117694 -0.045348 0.856963 -0.095630 0.411889 -0.466220 0.657776 0.633525 -0.918030 0.695061 0.197639 -0.447929 -0.017043 -0.328813 0.955863 -0.618346 0.019392 -0.682944 0.234449 0.148613 -0.292061 0.936824 -0.465434 0.351843 0.758621 -0.246960 -0.615921 0.554448 0.698607 0.902406 -0.462025 -0.849177 0.166805 -0.845643 0.809989 -0.046892 -0.189341 0.206116 0.928983 -0.060703 0.678892 -0.714771 -0.638918 0.015262 -0.671221 0.294535 -0.480257 -0.072872
-0.393237 0.082581 0.294125 0.995829 0.002170 -0.638578 0.577524 0.878152 -0.918690 -0.314123 -0.125698 0.622254 -0.819239 -0.802321 0.682870 0.360940 0.173733 0.351622 0.779953 -0.812022 0.941688 0.228908 0.245083 0.872475 0.601759 -0.304124 -0.949893 0.786596 -0.009246 0.923207 -0.237490 -0.426740 0.869619 0.544941 -0.495886 -0.713847 -0.103647 -0.555633 -0.987938 0.044995 0.789536 0.684839 -0.204105 0.912817 0.030728 0.182366 0.449793 0.429244 0.885881 -0.525873
-0.176197 0.131752 -0.266837 0.296917 -0.607513 0.238096 0.693521 -0.527068 -0.166322 0.420816 0.688776 -0.497200 -0.890829 0.363469 0.475897 0.743368 0.184603 -0.360786 0.406228 -0.208787 -0.340402 -0.031192 -0.732605 -0.152476 0.108456 -0.502895 0.082574 -0.858207 -0.799415 -0.315146 -0.924136 0.794214 0.719721 -0.008982 -0.846456 -0.358905 0.117256 -0.994665 -0.031174 -0.313653 0.293151 0.859288 0.727258 -0.866173 -0.772940 0.077127 -0.993109 -0.180966 -0.994550 0.466717
-0.180887 0.851169 -0.643110 0.176655 -0.015485 0.568617 0.428592 0.414252 0.354288 -0.484032 -0.600924 0.722844 0.302588 0.833536 -0.506810 -0.957592 -0.455963 0.755445 -0.355745 -0.842797 0.465828 0.842606 -0.974645 -0.025209 0.515639 0.629407 0.613288 0.786328 0.687204 0.963892 0.236757 -0.700542 -0.225118 -0.778315 0.525705 0.487052 -0.307820 0.762243 0.549892 -0.968356 -0.813015 -0.570536 -0.984506 -0.048117 0.709036 0.477726 0.465980 -0.273864 -0.597082 0.603202
-0.135440 -0.489637 0.584223 -0.366239 -0.362444 0.193932 0.442539 -0.070058 0.799470 0.232589 0.306174 0.127199 0.120940 0.288600 0.820117 0.325678 0.166306 -0.525038 0.004798 0.701548 -0.983603 -0.498992 0.566469 0.470977 0.136528 -0.036530 0.977583 0.499921 -0.376493 -0.608676 -0.424162 0.984260 0.982289 0.421408 0.545313 -0.183184 -0.839972 -0.665584 0.819634 0.469251 0.138108 0.188254 -0.650770 -0.331116 -0.800973 0.009012 -0.385463 0.484973 -0.983501 -0.193723
0.017270 -0.084391 0.464679 0.573736 0.896658 0.751654 0.153111 -0.342219 0.749554 0.147510 0.055497 -0.683756 -0.697713 -0.597018 -0.648598 -0.630741 0.732194 0.036148 0.932369 -0.056403 0.184929 0.867440 0.712783 -0.881859 -0.225661 -0.971480 0.739833 -0.530084 -0.143774 0.195223 -0.683621 -0.509018 -0.531246 -0.529837 -0.047926 -0.382458 -0.359909 -0.330692 -0.399221 0.189325 -0.259500 0.598332 0.420270 0.177383 0.326792 0.854540 -0.124289 -0.435518 -0.349749 -0.756839
-0.885890 -0.863664 -0.616665 -0.742394 -0.483031 0.344481 0.905564 0.649929 -0.996744 -0.183040 -0.722791 -0.902494 0.043626 -0.777134 -0.928470 0.324868 -0.209049 -0.192777 0.028983 0.335286 -0.934558 -0.582498 -0.174025 0.177964 0.767012 0.851828 0.844196 -0.479481 0.661495 -0.970636 -0.074749 0.864825 0.253858 -0.218103 -0.215977 0.845820 0.533953 -0.452313 -0.200388 -0.599372 -0.827984 -0.926889 -0.684192 0.156219 0.023908 -0.078626 0.976001 -0.842426 -0.721461 -0.169333
-0.861479 0.140866 -0.574648 -0.943380 0.609513 -0.699694 0.486540 0.714253 0.035781 0.880053 0.128637 0.955952 0.095694 0.563212 -0.436800 -0.354325 -0.901723 -0.717759 -0.018077 -0.706426 -0.636712 -0.916818 0.875023 -0.538285 0.931045 -0.658986 0.700480 0.409514 0.405723 -0.866831 0.679437 -0.078869 0.019502 0.329559 -0.658673 -0.395832 0.712415 -0.980980 0.490451 -0.023289 0.168434 0.003238 -0.900515 0.231072 0.799830 0.484814 0.362983 -0.080638 0.305088 -0.579304
0.663114 -0.891081 0.772176 -0.233182 -0.874617 0.873404 0.300616 0.223674 0.861545 -0.919357 -0.235680 0.405779 -0.298212 0.809919 -0.147195 -0.814671 -0.344163 -0.764532 0.478704 0.051090 -0.343906 0.376939 0.016611 0.120101 0.894084 -0.342588 0.970091 -0.564633 -0.745764 -0.095264 -0.121979 -0.936715 -0.282675 0.394374 -0.750644 -0.373856 0.059124 0.403595 0.560418 -0.187948 -0.086875 -0.954857 -0.694645 0.371065 0.448313 0.330033 0.741033 0.652769 0.936329 -0.363826
0.105040 0.557639 0.191261 0.863627 -0.423602 -0.069600 -0.453785 -0.654802 0.286848 0.387712 0.872015 0.065043 0.115120 -0.760274 -0.563471 0.943109 -0.608966 -0.627001 -0.222185 0.523135 -0.648079 0.872651 -0.113318 0.905887 0.569517 -0.902047 0.722895 0.284866 0.028361 -0.894621 0.835180 0.957152 -0.810991 0.518211 -0.227977 0.176980 -0.412321 -0.320169 0.252932 0.970452 -0.466656 0.280992 0.469011 -0.932389 0.401778 0.105806 0.206207 -0.034588 0.220113 0.009508
0.880799 0.838195 0.685422 -0.265438 -0.911991 -0.500607 -0.664158 0.047757 -0.755598 -0.808897 0.686954 -0.331937 -0.051581 -0.382782 0.048109 0.683489 0.708910 -0.347068 0.054017 0.703754 -0.895461 -0.405833 0.474711 -0.634762 0.282067 -0.357090 0.850662 0.583536 -0.226494 -0.592837 -0.117282 -0.886640 -0.550646 -0.384816 -0.550575 0.200779 -0.585468 -0.282698 -0.121867 -0.289585 -0.638847 -0.892386 0.272504 0.478607 0.001593 -0.279695 -0.391428 0.743317 0.877897 0.354457
0.255992 0.186850 0.001487 0.785834 0.047163 0.595880 0.322884 -0.611029 -0.677078 0.027001 0.533072 0.420545 0.526076 0.063302 0.706352 -0.250273 -0.452316 0.465899 -0.347486 0.933758 0.315897 -0.478242 0.837915 0.667485 0.184373 -0.785278 0.607994 0.148161 -0.026242 -0.989163 -0.330501 0.657459 -0.425874 0.622400 0.337244 0.302036 0.170418 -0.137285 -0.957400 0.033187 0.402411 0.383371 0.379398 0.591811 -0.314777 -0.156570 0.529740 -0.238138 -0.092488 0.728403
-0.774191 -0.818812 -0.939008 0.863001 -0.977867 0.651037 0.034774 0.994895 0.108447 0.432034 0.096180 -0.167333 0.519572 -0.955848 -0.313224 -0.522768 -0.898668 -0.458759 -0.554910 0.578888 0.533008 0.638436 -0.154714 0.435498 0.581544 0.259785 -0.079740 -0.052538 0.945624 0.728097 -0.146961 -0.002019 0.141426 -0.288960 -0.346783 -0.963005 0.686729 -0.198831 0.551477 -0.476013 -0.237546 -0.691798 0.017615 0.338122 -0.202533 -0.052333 -0.666640 -0.167656 0.404771 0.626611
-0.957032 -0.492066 0.402418 0.510715 0.602248 -0.625416 -0.852236 0.231024 -0.174954 0.286950 0.058047 0.296200 0.927842 0.322013 -0.712291 0.227728 0.948231 -0.269298 0.800910 0.197189 0.254610 0.798658 -0.995356 -0.148628 -0.367773 -0.356074 0.051476 -0.034399 0.088874 0.441147 0.736061 -0.886385 -0.140298 -0.306605 0.227695 0.797500 -0.160163 -0.554938 0.934177 -0.305085 0.347506 0.490332 -0.613865 -0.878693 0.705993 -0.311637 -0.070223 0.099734 -0.038242 0.880831
0.588748 0.102119 0.531577 -0.633985 0.003788 0.322341 -0.472384 -0.942528 -0.567125 0.543822 -0.439330 0.951258 0.517832 0.386583 0.415128 0.394369 -0.263231 -0.762971 -0.950599 0.034444 -0.565973 -0.836205 0.084695 0.815144 0.960539 -0.859512 0.276574 -0.750247 0.660012 0.889318 0.197837 0.229189 0.348610 -0.753273 0.667917 -0.839018 0.060331 -0.562876 0.333856 0.496497 0.111402 0.922802 0.388790 -0.634834 0.095614 0.874073 0.731544 0.151955 -0.125284 -0.801572
-0.083136 0.849654 0.603344 0.261632 0.156873 -0.450818 -0.145627 -0.414826 0.646423 -0.643421 -0.865969 0.619132 0.168187 -0.829243 -0.830198 -0.599188 0.671565 -0.614995 -0.198590 -0.635041 -0.696897 -0.578204 -0.250809 0.341573 -0.370090 0.247981 -0.677861 -0.683431 0.772894 0.618977 0.237966 -0.416729 0.963229 0.063858 0.573035 0.737416 0.723198 -0.467622 -0.896280 -0.598737 0.471803 0.249087 0.381149 -0.233209 -0.755194 0.336634 0.408899 -0.409136 -0.747837 0.445530
0.496770 0.569690 0.115450 -0.458608 -0.201760 0.766922 -0.388173 0.337251 0.812039 -0.536280 -0.823092 0.562239 0.336865 0.918496 -0.262893 -0.825653 0.818236 0.737133 0.110949 0.588532 0.964995 -0.240234 0.869698 -0.233710 0.793118 0.990777 0.848390 0.895299 -0.806454 -0.048530 -0.593224 0.941324 0.345883 0.836648 0.837562 0.703526 -0.988680 -0.395634 -0.329193 -0.942931 -0.721955 -0.985127 -0.464547 0.269670 -0.317331 0.027383 0.693564 0.236722 -0.335738 -0.751767
-0.929914 -0.262078 -0.685206 -0.725447 -0.368015 0.338556 0.142355 -0.369070 0.750760 0.190783 0.570243 0.945230 -0.637933 0.577022 -0.322262 -0.361034 0.647265 -0.608575 0.494255 0.951881 -0.152638 0.683265 0.449099 -0.800607 0.491910 0.366653 0.885613 0.103063 -0.835010 -0.571904 0.103541 0.402478 -0.377055 -0.525395 -0.853854 0.322576 -0.524840 0.419654 0.490398 -0.040496 -0.840757 -0.341476 -0.699922 0.727220 0.952922 0.684691 -0.967604 -0.911613 0.623116 -0.695677
0.165859 -0.536905 -0.774820 -0.159611 0.151313 -0.426808 0.107664 0.403957 0.388320 0.464127 0.632529 -0.601876 -0.707301 -0.293451 0.806806 -0.396928 0.277663 0.037685 0.061860 0.664792 -0.081093 -0.764920 0.124932 0.084659 0.954202 0.991433 0.188196 -0.516022 0.538742 -0.090251 -0.165131 -0.455487 -0.209823 0.337330 -0.887528 -0.109929 0.049722 -0.273782 -0.349490 0.879530 0.306803 -0.662461 0.704059 -0.181603 -0.075505 -0.926911 0.196871 0.611344 -0.137029 -0.532727
0.706732 0.896959 0.176338 -0.589026 -0.312840 -0.408236 -0.145612 0.957134 -0.805218 0.801860 0.909309 0.462707 0.055972 0.645097 -0.451332 0.825670 -0.089868 -0.790684 -0.169246 -0.417594 0.683989 -0.482506 -0.577107 -0.525122 -0.945799 -0.062927 0.555188 -0.840837 -0.306074 -0.391346 -0.648141 0.355763 -0.171587 0.096344 0.224479 -0.162905 0.684190 -0.768835 0.189068 -0.091712 -0.978033 -0.561967 -0.272312 -0.393959 -0.243882 -0.061610 -0.671565 -0.342108 -0.395716 -0.616504
-0.918597 -0.622327 -0.064994 0.376344 0.589707 -0.288353 0.124499 -0.848078 -0.988393 0.387261 -0.902201 -0.306469 -0.864253 0.116859 0.485116 0.936406 -0.970714 -0.471585 -0.647502 0.219199 0.304329 -0.961347 -0.659121 -0.572492 -0.411760 -0.842269 -0.414355 0.284274 -0.287121 0.912121 0.813216 -0.955386 0.534515 0.764585 0.632832 -0.561300 0.079232 -0.801468 0.865517 0.642012 0.289878 -0.632505 -0.432302 -0.134163 0.235693 0.724374 0.397479 0.953626 0.980270 0.598724
-0.063323 -0.512278 -0.652840 -0.059271 0.091014 0.740484 -0.504091 -0.696411 0.148784 0.976658 0.528922 -0.805009 -0.863136 -0.498018 0.614789 -0.191136 0.058491 -0.028605 -0.721795 0.504204 0.827802 -0.522109 0.085702 -0.669748 0.501627 0.224142 -0.680113 0.572218 0.744213 -0.939668 -0.303633 0.101045 0.241217 0.191017 0.102226 0.464293 0.565471 0.456389 0.312560 0.016231 0.593956 -0.556172 0.331014 -0.043014 -0.983990 -0.089729 0.597051 -0.698891 0.710315 0.290318
0.436647 -0.236089 -0.086051 -0.050920 -0.276156 -0.020305 -0.264039 0.597263 -0.792082 -0.104112 0.530558 -0.237878 0.873591 -0.501194 -0.274597 -0.114804 0.135900 -0.448288 0.496725 0.582976 -0.521100 0.377103 0.060883 0.754774 0.510395 -0.035108 0.663061 0.494523 -0.322091 0.425336 -0.174299 0.978785 -0.655654 0.273274 -0.160872 0.585573 0.537945 -0.003553 0.046551 -0.553473 -0.516880 -0.976140 -0.620689 -0.703057 0.276051 0.594110 -0.047123 0.802829 0.125420 -0.785794
-0.949906 0.886941 -0.861074 -0.891339 0.713765 -0.637956 0.210330 -0.762588 0.756682 0.462967 0.905931 -0.658459 0.525414 -0.903321 0.513688 0.494251 -0.502290 -0.946078 -0.418133 -0.053795 -0.911715 -0.929187 0.596961 -0.889198 -0.236755 -0.673167 -0.614760 0.981033 0.164351 -0.612090 0.504154 -0.516695 0.527435 -0.951960 -0.024836 0.515158 -0.764817 -0.858124 0.336799 -0.059794 0.779423 0.295749 -0.494920 -0.026698 0.761485 -0.816497 -0.969183 -0.000423 -0.152840 0.569941
0.140606 0.564297 0.772064 0.850865 0.225600 -0.257259 -0.827178 -0.856390 -0.414288 0.054530 -0.091025 0.485270 0.683467 0.104991 0.491454 -0.277320 0.714758 -0.247069 0.385502 -0.682493 -0.011702 -0.379517 -0.146548 0.253902 -0.479848 0.033505 0.935712 0.835252 0.990454 0.739074 0.248221 -0.754034 -0.901079 -0.437185 0.297354 -0.239532 -0.602867 0.113733 -0.443338 0.096447 -0.744668 -0.274962 -0.836013 0.686491 -0.751174 0.393238 0.662177 0.257351 0.876428 0.805705
-0.309911 -0.961429 -0.302527 0.798775 -0.059155 -0.913108 0.807975 0.246700 -0.072703 0.869827 -0.974145 0.455066 0.164626 0.316074 -0.677069 -0.119310 0.879503 -0.550221 0.074735 0.688442 -0.397179 -0.557857 -0.811842 -0.034293 -0.174182 0.748396 0.090042 0.403602 0.965753 0.186413 -0.961935 0.663295 -0.512001 -0.144029 -0.763962 -0.418530 -0.892678 -0.615754 0.609042 0.734726 0.979057 -0.504643 0.038093 0.275396 -0.772288 -0.303638 -0.503837 -0.529366 0.557615 0.427823
0.528595 -0.109751 -0.467077 0.253272 0.472301 -0.173309 -0.993556 0.453376 -0.040490 -0.546898 -0.331066 0.387319 -0.437166 -0.794160 0.199875 0.420404 -0.040007 -0.915754 0.701298 -0.136569 -0.181936 0.035940 0.465026 0.970854 -0.003129 -0.205276 0.961353 0.701005 -0.676437 0.524158 -0.636851 0.882996 -0.828168 -0.244882 0.034099 0.267784 0.831379 -0.273084 0.685070 -0.480348 -0.482246 -0.627043 0.038494 -0.463888 -0.068387 -0.224487 0.608666 0.009913 0.485253 0.635685
-0.585984 -0.932559 0.567334 0.516320 0.014514 -0.436282 -0.391320 -0.492948 -0.828182 -0.886787 -0.733081 -0.566242 0.886501 0.896171 -0.592534 -0.395974 -0.179704 -0.939950 -0.690830 0.982251 0.985027 -0.244745 0.376949 0.445437 -0.502557 0.397715 0.132880 -0.144853 0.055836 0.923703 -0.960299 0.795982 0.606514 0.119596 0.880769 -0.447599 -0.387420 0.834427 -0.247393 0.356991 0.308563 0.847807 -0.503193 -0.115595 -0.274005 0.715773 -0.971819 -0.664863 -0.767948 -0.455860
0.349422 -0.211736 -0.444851 0.322145 -0.294198 -0.044823 -0.897775 0.665188 0.644637 0.030459 0.731221 0.209591 -0.751237 -0.610566 -0.743958 -0.457508 -0.502449 0.609874 0.986257 -0.016470 0.759874 -0.768683 -0.019698 -0.458715 -0.065144 -0.986794 0.372713 -0.275672 0.301274 -0.488516 -0.266111 -0.038416 0.470157 -0.396052 0.694219 -0.045445 0.542422 0.312770 0.848298 -0.934928 0.780502 -0.375956 0.313522 0.765345 0.619238 0.290356 0.457589 -0.046097 -0.373732 -0.472034
-0.176804 0.838119 -0.173776 -0.288023 0.834558 0.290185 -0.011650 0.762184 0.733120 -0.454564 -0.853931 0.786449 -0.802657 -0.585811 0.251644 -0.046997 -0.474913 -0.358100 -0.399275 -0.237581 0.292506 -0.564379 0.887498 0.850413 0.982662 -0.525330 -0.731894 -0.381959 0.622349 0.198497 -0.871517 -0.833728 -0.758174 0.674027 -0.893428 -0.952858 -0.581879 0.028460 0.642658 0.611559 -0.977931 -0.807238 -0.532289 0.888019 0.603155 -0.024212 0.672033 -0.278456 -0.670800 -0.943537
0.967360 0.451145 -0.114144 -0.253472 0.441665 0.818014 0.792229 0.192445 -0.775055 0.156815 -0.533693 -0.096018 -0.082824 0.996592 -0.313247 0.837971 -0.045677 0.187622 0.146480 0.226380 0.242148 0.496555 -0.083611 -0.116280 -0.011291 0.440889 -0.113353 -0.307980 -0.125734 -0.722695 -0.976693 0.354832 0.489350 -0.246322 -0.190249 0.199312 -0.152431 -0.981188 -0.140539 0.277521 -0.769667 0.324920 0.580845 -0.161607 0.486725 -0.310311 -0.628548 -0.312484 0.820998 -0.650210
-0.494098 -0.363097 -0.343310 -0.653572 0.012990 -0.297267 -0.220539 -0.986085 0.152302 -0.339965 0.516700 -0.781919 -0.508442 -0.791419 -0.301160 -0.840937 0.915553 -0.296670 0.054745 -0.158447 -0.523080 -0.528336 0.602763 -0.662638 -0.911734 0.358979 0.115101 0.163678 0.004589 -0.220127 -0.167160 -0.741492 0.136834 -0.696199 0.709237 0.341235 -0.995115 0.713726 -0.462271 0.248835 0.847887 -0.970792 -0.655336 -0.081627 0.638795 -0.048098 -0.120453 -0.367961 -0.592913 -0.396046
-0.097970 0.576306 0.683076 -0.624376 0.495208 0.495137 0.478685 0.756666 -0.601744 0.065671 0.935260 0.278855 -0.033472 0.015527 0.116906 0.728765 -0.960655 0.054792 0.295934 0.086302 0.104680 0.348818 -0.692387 0.688790 -0.733279 -0.844113 0.275234 0.976398 -0.578122 -0.257282 0.415194 0.077952 -0.148499 -0.330860 -0.544364 -0.902564 -0.301822 -0.411850 -0.442516 -0.252149 0.187556 -0.761312 -0.131358 0.591524 -0.542006 0.328393 0.544251 0.325724 -0.983187 0.923025
0.126471 0.333643 0.979983 -0.283807 0.104256 0.275313 0.296967 0.671220 -0.932541 -0.415932 0.160886 0.865544 0.170766 -0.176421 0.224574 0.299160 -0.293895 -0.871949 -0.042740 0.322054 -0.974534 -0.531418 -0.756183 0.249300 -0.159683 0.070438 -0.289276 0.944894 -0.248265 -0.713851 0.107365 0.596361 -0.125702 0.615372 0.231247 -0.237064 0.826371 -0.686373 0.019317 -0.040553 0.892149 -0.806887 -0.973207 0.074813 0.755740 -0.687530 -0.917098 -0.441842 -0.660238 -0.646698
-0.190919 0.831311 0.049421 -0.768154 -0.453661 0.264370 0.146187 -0.031889 0.635626 -0.163378 -0.583478 -0.731031 -0.825903 0.391753 0.999293 0.262499 0.328924 -0.583235 0.406623 -0.363053 -0.117521 0.063312 -0.995983 -0.506573 0.379417 -0.622864 0.226528 0.945261 -0.502577 -0.264877 0.742290 0.691573 -0.244300 0.624813 0.363093 -0.318868 -0.624694 -0.407889 -0.764909 0.198090 -0.851444 -0.251483 0.478525 -0.918222 0.880206 -0.474007 0.565850 -0.688152 -0.066940 0.067118
-0.980192 0.146159 0.819840 0.128059 -0.411980 -0.140858 -0.808873 -0.634077 0.836336 -0.992381 -0.117801 -0.930024 -0.761746 0.012211 -0.703663 -0.200925 -0.801582 0.101624 -0.027378 -0.056482 0.929332 0.354707 -0.306254 0.204188 0.432662 -0.702749 0.469955 0.986165 -0.293790 -0.452935 0.031510 0.515214 0.350037 -0.083284 -0.715147 0.615602 -0.520351 -0.075191 0.882256 0.500047 -0.588825 0.878223 -0.649843 0.730619 -0.765550 0.841677 0.258910 0.717761 -0.837171 -0.271651
0.826943 0.924580 0.543491 -0.275561 0.184983 -0.195656 0.114717 -0.657807 -0.952502 -0.895625 -0.991827 0.036578 -0.498021 0.481872 0.636320 0.491566 0.959038 0.798005 -0.139188 0.427975 0.386543 0.364674 -0.934851 -0.962144 -0.744679 -0.170401 -0.830742 0.895320 0.711384 0.919116 -0.601736 0.474710 0.243554 -0.313210 -0.184752 0.588298 -0.254827 -0.984976 -0.287862 0.164066 0.039522 -0.467814 0.256001 0.852996 0.813464 -0.824357 -0.104458 0.959305 -0.908203 -0.733985
0.450894 0.962068 -0.688744 0.086331 -0.104118 0.775580 -0.832950 -0.316498 -0.517206 -0.766220 0.460557 0.332025 -0.090649 0.729634 -0.183377 0.780246 -0.802881 -0.660048 -0.100129 0.999117 -0.042821 -0.748253 0.129113 0.360198 -0.720387 -0.488805 -0.963209 0.224320 0.264048 0.408955 -0.611814 -0.570789 0.371784 0.663292 -0.643554 -0.132693 0.098200 0.371044 -0.779576 -0.615946 0.472655 -0.659368 0.566358 -0.538684 -0.522202 0.487357 -0.031894 -0.087182 -0.311019 0.805062
0.465397 -0.887004 0.255465 0.082617 0.042151 0.751055 0.168713 -0.394934 -0.794224 0.895109 -0.560758 0.626190 0.898497 -0.286567 -0.055877 -0.559173 0.460901 -0.118325 0.737023 0.650242 -0.330372 -0.043693 -0.166996 -0.585764 -0.381134 -0.577937 -0.910899 0.288897 0.279569 -0.174778 0.158671 0.637447 -0.795278 -0.915715 -0.111209 0.649919 -0.755941 0.819494 -0.725809 -0.609786 -0.924173 -0.519359 0.051114 -0.172444 0.192675 -0.259606 0.827183 -0.808943 0.459136 -0.255405
-0.578331 0.586807 -0.244954 -0.483435 -0.241230 -0.249497 0.253869 0.607743 0.991916 -0.982195 -0.152640 0.819978 0.088823 -0.865953 0.393727 0.226502 -0.705732 -0.585951 -0.275675 -0.298604 -0.130178 -0.410001 0.894250 -0.384904 -0.367035 0.143729 0.623589 -0.591363 -0.606681 0.153551 0.617027 -0.752482 -0.671076 -0.151884 -0.677597 -0.909232 0.016861 -0.673477 0.620055 -0.317527 0.851924 -0.085147 -0.263374 -0.042033 0.606141 -0.062392 -0.956788 0.768921 0.491898 -0.711145
0.476228 0.582650 0.299509 0.290651 -0.148263 -0.575590 -0.593512 -0.332101 0.288033 -0.102679 -0.949783 0.553960 0.967641 -0.163533 -0.844215 0.479869 0.354799 0.173197 0.145783 -0.467548 0.577134 -0.507758 0.880097 0.998249 0.636518 0.562987 0.009503 0.865148 0.650465 -0.771145 0.572255 -0.059822 -0.786829 -0.111694 -0.367329 -0.936304 0.509663 -0.413622 -0.607966 0.197475 -0.741367 0.239801 0.408675 0.568959 -0.954900 0.117036 -0.606135 0.987096 -0.416606 0.553281
-0.855628 0.948410 0.615178 -0.273637 0.446978 -0.977277 0.208652 -0.832290 -0.816289 -0.860584 0.734670 0.117255 -0.646004 -0.027560 -0.192231 0.887029 -0.167557 -0.748559 0.243099 -0.753891 0.675970 0.598316 0.433390 -0.396190 0.792104 0.950015 0.412343 0.578309 0.381284 -0.757189 0.916426 0.637008 -0.717334 -0.006890 0.246077 -0.796478 -0.940288 -0.925649 0.528094 0.639943 -0.796702 -0.241493 -0.392729 0.926421 0.935883 -0.546676 0.584595 0.908442 0.657651 0.240631
-0.673173 0.171256 0.870854 -0.471082 -0.419277 0.784586 -0.268206 -0.541974 -0.449297 0.673343 -0.934592 -0.177591 0.521344 -0.770883 0.255295 0.685383 0.157111 0.467369 0.699610 0.263898 -0.635457 0.491015 0.408764 -0.935573 -0.939449 -0.994287 0.068849 0.707119 -0.230908 -0.485190 0.736164 -0.826036 0.582701 0.413377 0.882798 -0.396469 0.511174 0.990062 -0.965203 0.907063 -0.838822 -0.301880 -0.240486 0.863957 -0.531360 -0.562466 -0.623632 0.755303 -0.762153 -0.414695
0.298875 -0.686257 0.444806 -0.085195 0.274532 -0.967985 -0.284395 0.175457 -0.683292 0.740713 0.120269 -0.033024 -0.647652 0.634157 -0.211643 0.366334 0.138991 0.077177 0.623084 -0.739421 -0.111506 -0.166292 0.375243 -0.486455 -0.573760 0.485639 -0.526618 -0.818463 -0.102314 -0.414566 -0.000672 -0.376951 -0.917832 0.407970 0.895136 0.765443 0.097319 0.865998 -0.609292 0.706419 0.509930 0.467592 0.559296 0.536677 0.603498 -0.365162 0.274485 -0.762839 -0.115814 -0.797566
0.511910 -0.063064 -0.266465 0.258779 0.176520 -0.035806 -0.224951 0.891051 0.002952 -0.411600 0.714047 -0.897283 -0.918201 0.055377 -0.679220 -0.238695 -0.905339 -0.100771 -0.307027 0.447952 -0.923079 0.764290 0.783942 -0.903188 -0.599565 -0.450708 0.809068 -0.524100 -0.474631 0.059895 0.953929 -0.907305 -0.762581 -0.766467 -0.679914 0.553986 -0.899236 -0.964700 0.235128 0.211605 -0.820860 0.888823 0.715865 -0.107659 -0.737688 -0.673543 0.304156 0.146986 0.472882 -0.404190
-0.035194 -0.775494 -0.197392 0.867147 0.926078 -0.761272 -0.382695 -0.059538 -0.769849 0.207288 0.241679 -0.375855 -0.368436 0.201340 -0.653901 0.146033 -0.483507 -0.973362 -0.811408 0.955818 0.438650 0.397562 0.861701 -0.935700 -0.933285 -0.334750 -0.553595 -0.818586 -0.530317 -0.697684 0.570149 0.464449 0.970553 0.010221 -0.832547 0.774804 -0.640918 -0.501817 -0.931736 0.182220 0.591335 -0.881509 0.114575 0.574493 -0.386467 -0.913227 0.024312 -0.400347 -0.567969 -0.108682
-0.462871 -0.585209 -0.806432 -0.087461 0.029090 0.619234 0.565940 -0.061760 -0.324252 -0.690869 -0.693618 0.141642 -0.733320 0.279028 0.170435 -0.369514 0.858902 -0.054027 -0.198052 0.526620 -0.707460 -0.869595 -0.285618 0.810286 0.330256 0.960462 -0.291780 -0.112116 -0.977016 -0.780746 -0.499876 0.207660 -0.045718 0.603306 0.804773 -0.692871 -0.358946 0.255699 -0.069160 0.799886 -0.979772 0.654275 -0.658082 -0.002066 0.543381 0.331257 0.545593 0.488787 0.402959 -0.484635
0.519321 -0.059216 -0.980679 -0.410592 -0.372271 0.614222 -0.634051 -0.251483 0.287426 -0.728522 -0.759838 -0.043933 0.213304 -0.252207 0.829071 -0.941277 0.214318 -0.827468 -0.316077 -0.364261 0.810259 -0.738637 -0.702363 -0.986821 -0.189171 -0.299562 -0.353590 -0.586633 -0.332559 0.436420 0.751978 0.200562 -0.044861 -0.357764 -0.483583 0.488535 0.843253 -0.340765 -0.047109 0.613902 0.884224 0.377927 -0.478304 -0.655050 0.715445 0.766124 0.763630 0.456684 0.315693 0.043554
-0.452816 -0.924316 -0.356480 -0.971338 0.808261 0.060531 -0.191933 0.644555 -0.603727 -0.321871 -0.158579 0.227482 -0.654883 -0.139472 0.642547 0.541898 0.025310 0.531325 0.942615 0.335466 -0.911122 0.180695 0.743895 0.170739 0.712137 0.021704 0.019345 0.968412 -0.219875 -0.957126 -0.360100 0.453306 0.927576 -0.847103 -0.339442 -0.615207 -0.110838 0.471140 -0.596416 0.811521 -0.449039 -0.440153 0.364209 -0.522404 -0.654334 -0.569125 -0.804108 0.052420 -0.478457 0.806454
-0.164294 -0.229415 0.428372 0.290973 -0.239820 0.996217 -0.118950 -0.349778 -0.548320 -0.319456 -0.810312 0.895986 -0.587761 0.274367 0.041136 -0.864358 -0.037850 -0.053485 -0.404332 0.677914 -0.734080 -0.752533 -0.513840 0.996427 0.761044 -0.736029 -0.710979 0.842040 0.622304 -0.742510 -0.197057 -0.731687 -0.147297 -0.035601 -0.960574 -0.818454 -0.520493 0.292360 -0.019764 -0.308126 0.192205 -0.329955 0.762961 0.816122 0.844728 0.601985 -0.807572 -0.761060 -0.795980 0.854502
-0.036198 0.123736 0.035840 -0.745795 0.133969 0.188518 0.629685 0.190876 0.385527 -0.698834 -0.228901 -0.834665 -0.874190 0.704269 -0.313278 0.480258 0.410360 0.445774 -0.689399 -0.488917 0.051940 0.411670 -0.342217 0.541305 0.519124 0.294692 0.458987 0.881991 0.054037 -0.851742 -0.708774 -0.915996 -0.176084 0.517567 -0.493716 -0.283278 0.751826 -0.389755 -0.606584 -0.700494 0.610002 -0.608710 -0.007687 0.786368 -0.784152 0.850806 0.758474 0.509515 0.369635 -0.737074
0.316248 -0.553946 -0.906215 0.900112 0.598341 0.158779 0.114008 -0.334025 0.550145 -0.270350 0.655079 0.079489 -0.065166 -0.322075 -0.153471 -0.364108 0.522358 0.340943 -0.158967 -0.201867 -0.618700 -0.474683 -0.982476 0.104097 -0.335551 0.660604 0.756735 0.794382 0.110142 -0.488978 -0.267988 -0.094277 -0.835504 0.984673 -0.080857 0.238104 -0.074436 -0.345114 -0.027032 -0.754050 -0.126501 -0.115852 0.232324 -0.810993 0.103690 -0.791765 0.751833 0.993602 0.383387 0.324696
0.860607 -0.161998 0.930477 0.401865 0.615928 0.376839 -0.146510 0.492452 -0.126560 -0.699585 0.041431 -0.106642 -0.597910 0.856401 -0.633692 0.400454 0.428368 -0.189248 -0.301838 -0.173284 -0.138775 -0.519098 0.424043 0.999623 0.526691 -0.862896 -0.897612 0.041630 -0.153891 -0.236826 0.741902 -0.224131 0.769796 0.290364 -0.054092 -0.913333 -0.492372 -0.245907 -0.808592 0.755210 0.644049 0.246365 -0.795486 -0.625671 0.336048 0.470414 -0.348822 -0.163704 0.423307 -0.020636
0.806118 0.587306 -0.739822 0.192696 0.292553 -0.581505 0.420954 -0.166146 0.862447 0.190755 -0.218059 0.100825 -0.470672 -0.752193 -0.654111 -0.289004 -0.677325 -0.948048 0.181097 0.921790 0.576885 0.119945 0.047215 0.280441 0.644551 -0.829797 0.959365 0.615621 0.744693 0.705289 -0.078511 0.125077 0.460108 -0.221359 -0.744362 0.318420 -0.711602 -0.071210 -0.446507 0.154234 -0.744110 -0.188183 0.290630 0.522249 -0.718831 0.076338 -0.780490 -0.635436 -0.537403 0.125546
-0.126472 -0.673585 0.918174 -0.430872 -0.688810 0.855277 -0.257120 0.811720 -0.410865 0.540649 0.791275 0.649848 0.314896 -0.385603 0.441549 0.284197 -0.703913 0.815491 -0.205345 0.248748 -0.154833 0.205084 0.614519 -0.256068 -0.853096 -0.627602 -0.306203 -0.529737 -0.062321 -0.356740 -0.249293 0.361288 -0.626933 0.209002 -0.420292 0.508718 -0.184779 0.643692 -0.396679 -0.442534 -0.865208 0.391733 0.101993 -0.931218 0.340473 -0.179473 0.493043 0.451979 -0.165666 0.966143
-0.402657 -0.854410 -0.821386 -0.528182 -0.343361 0.606187 0.382189 0.012686 -0.953175 -0.857411 0.534299 -0.910198 0.602961 -0.107593 -0.968636 0.427932 0.311525 0.874413 0.922002 0.357232 -0.266567 0.121399 -0.988500 -0.467532 0.109090 0.666694 0.203405 0.010719 0.016853 -0.625564 0.138238 0.323611 0.390418 0.432782 0.739789 0.283816 0.522410 0.201721 -0.968551 0.178850 0.756858 0.234047 -0.575467 -0.569305 -0.815085 -0.155446 0.902358 0.915821 -0.938118 -0.826772
-0.879378 -0.249308 0.558618 -0.535640 -0.572815 0.622067 -0.273339 0.580545 0.483532 -0.539489 -0.940408 0.034779 0.875015 -0.280119 -0.717535 -0.871131 0.352342 -0.900130 0.650489 -0.569773 -0.140910 0.347212 -0.971849 -0.000773 -0.946043 -0.258546 -0.724193 -0.589292 -0.141989 0.942141 -0.010145 0.441347 -0.477604 -0.571836 -0.733707 0.819612 0.028182 0.315912 -0.147871 0.485763 -0.091275 -0.779964 -0.545773 0.721948 0.363350 -0.219775 0.178924 -0.993192 -0.638385 -0.966247
-0.937520 0.733156 0.649803 0.345016 0.153105 0.447445 0.362301 -0.628558 0.089809 -0.178074 0.599138 0.188400 -0.729179 -0.034151 0.646005 0.602729 -0.149246 -0.440048 -0.561912 0.478487 0.497478 -0.312991 -0.842457 -0.899539 -0.088059 -0.684128 -0.341128 0.157027 0.027060 -0.935968 0.080865 0.572562 0.120438 -0.076798 -0.926854 -0.419606 -0.770022 -0.355390 -0.116677 -0.782485 -0.174887 0.987467 0.731243 0.904614 -0.882407 0.795682 -0.623424 0.206978 -0.525489 -0.075570
-0.681062 -0.216881 0.362466 0.984859 0.230245 -0.934176 0.294527 -0.969991 -0.678487 0.630130 -0.052349 0.309484 -0.409678 0.267776 0.353233 -0.797437 0.322626 -0.177817 -0.083499 0.606752 0.517373 -0.341723 -0.057763 -0.030744 0.262835 -0.857267 0.463584 0.926588 -0.208201 0.947795 -0.170490 0.221019 -0.880478 0.504530 -0.536495 -0.662372 -0.690979 0.383130 -0.869830 0.863889 -0.650484 -0.125282 -0.019020 -0.077453 -0.429401 0.750609 0.157193 -0.756186 0.042106 -0.393416
0.389210 -0.103387 -0.337945 0.303616 -0.834758 -0.785331 -0.208182 0.678211 -0.994597 0.987756 0.885894 -0.404164 -0.536289 -0.493015 -0.926844 -0.065760 0.040249 0.733098 0.639548 -0.204262 -0.428879 -0.302315 -0.142437 0.269953 -0.714969 0.518518 -0.597845 0.821010 0.761733 0.876057 -0.300565 0.059480 0.919593 -0.885139 0.736263 -0.442605 0.178736 -0.080167 0.364032 0.824247 0.462303 -0.798193 -0.509837 -0.840217 -0.239764 -0.153049 0.203758 -0.366175 0.889606 -0.788813
0.054367 0.596436 -0.469363 0.512202 0.511549 -0.128458 0.033054 0.309285 0.708817 -0.567089 -0.001300 0.123245 -0.872364 0.217372 -0.073554 0.197017 0.706394 0.249864 0.500768 0.138880 -0.146388 0.196361 -0.863897 0.394821 -0.610566 0.765735 -0.079931 -0.172390 -0.876862 -0.974699 0.264913 -0.242449 -0.259926 -0.470532 0.361712 -0.276822 0.247346 0.503241 -0.906001 -0.627122 -0.297462 0.909691 0.844460 0.386803 -0.071485 -0.681796 0.241492 0.558885 0.543120 -0.459006
-0.254231 0.171478 -0.196416 0.819139 -0.227334 -0.794794 -0.168023 -0.078040 0.996360 -0.343304 0.409949 -0.606939 0.489904 0.293505 -0.691806 0.450652 -0.204766 -0.403461 0.521537 0.015526 -0.374455 0.886581 0.596677 -0.133671 0.007020 -0.993674 0.701785 -0.048831 -0.812654 -0.391331 0.133529 -0.163318 -0.262530 -0.662117 -0.846463 0.382516 -0.958420 -0.852528 -0.152344 0.010285 0.420944 0.381384 0.143381 0.922908 0.576142 0.208127 -0.890578 0.291314 0.308424 0.669489
0.363675 -0.668670 -0.954601 -0.518912 -0.329030 -0.476187 -0.087304 -0.380118 -0.657219 -0.241921 0.391323 -0.688824 0.089315 -0.581383 -0.695304 0.082541 0.243298 -0.338088 -0.668608 0.771928 -0.376054 -0.921531 -0.683669 0.058020 -0.375194 0.630222 -0.204793 -0.443150 -0.113764 -0.513257 0.352011 0.852883 -0.261891 -0.298930 -0.557381 -0.450510 0.826699 0.241504 -0.030514 0.934040 -0.742382 -0.464170 -0.304203 0.748274 -0.179361 -0.948990 0.812152 -0.992475 -0.660050 0.355953
0.536001 0.570204 -0.987104 0.302425 -0.652124 0.843277 0.105345 -0.314474 -0.102651 -0.529310 -0.827395 0.047497 0.256647 0.387932 -0.647369 0.090990 -0.849886 0.226384 -0.020146 0.711408 0.502749 0.845324 -0.890992 0.129901 0.737706 -0.137832 0.980203 0.538012 0.060790 0.666525 -0.483842 0.810665 -0.093436 -0.976785 0.202929 -0.462787 -0.324411 0.188665 0.442485 0.571057 0.050549 0.625731 -0.963540 -0.388310 0.300156 0.928465 0.937493 0.416083 0.704396 -0.569293
-0.168457 0.802483 0.912049 0.880525 0.154049 -0.304959 -0.526261 0.684979 -0.554413 0.467729 0.268866 -0.562934 -0.877502 -0.316471 -0.397470 -0.876256 -0.934111 -0.475985 -0.313458 -0.476631 0.265135 -0.054547 0.930991 -0.423550 0.101910 0.655400 0.574917 -0.775138 -0.066698 0.894503 -0.187109 0.780419 -0.684081 -0.474997 -0.867159 -0.341948 0.373266 -0.624156 -0.162313 -0.749992 -0.271193 0.534957 0.173546 -0.463743 0.089129 -0.394843 0.987416 -0.112355 -0.718786 0.337599
-0.657690 -0.507289 -0.684195 -0.795299 0.153764 -0.917134 -0.273690 0.765392 0.894170 -0.012946 -0.343206 0.059435 0.959385 0.786867 0.246081 0.090062 0.099732 0.167132 0.175903 0.660323 0.982611 0.781336 0.897414 0.480050 0.269918 -0.350037 0.228857 0.953247 -0.558974 0.499728 -0.494254 -0.386305 0.503647 -0.133740 -0.772716 -0.062690 0.640678 -0.094719 0.632089 -0.462026 0.189616 -0.566673 -0.929090 0.278733 0.449143 0.642631 0.543236 0.719750 0.820776 0.878460
0.377794 -0.859010 0.337572 -0.226901 -0.595654 -0.468688 -0.247584 -0.321877 0.427549 0.038415 0.619210 0.229397 -0.964268 0.042148 -0.992417 -0.603577 0.432346 -0.511323 -0.055226 0.098129 0.595171 0.602840 -0.453385 -0.557642 -0.385693 0.274820 -0.384653 0.984885 0.914170 -0.517585 0.569351 0.540125 0.728508 -0.849333 0.671005 0.515938 -0.804701 -0.576871 -0.952111 0.122761 -0.821198 -0.651166 -0.272652 0.907357 -0.785787 0.491685 0.866985 -0.495847 -0.517672 0.429069
-0.944369 -0.681594 0.333723 0.589184 -0.592073 0.746809 0.694450 0.107727 0.418591 -0.528913 -0.532271 0.087986 0.195786 0.542320 -0.645625 0.115942 0.435624 -0.794047 0.031690 0.425208 0.459503 -0.238922 -0.462963 0.008542 -0.968185 -0.086288 -0.899673 0.042856 0.790468 0.805552 -0.716202 0.062297 -0.446205 0.225338 0.278863 0.753870 -0.752781 0.510526 -0.022717 0.716531 0.529866 -0.582543 -0.352483 0.570559 0.367960 0.726899 0.471103 0.256438 0.673251 -0.221642
-0.091754 -0.810439 0.107456 0.827010 -0.776788 0.240600 -0.727522 0.152992 -0.059480 0.689170 -0.213069 0.111145 0.806761 0.500053 -0.999425 -0.881212 0.607459 0.993421 -0.226165 -0.034120 -0.751078 0.770863 -0.121580 0.222127 -0.221041 -0.037979 0.540628 -0.999701 0.578383 0.154817 -0.687844 -0.324791 0.371190 -0.584418 -0.515870 -0.957974 -0.813226 -0.814462 0.937472 0.009991 0.031220 -0.821947 0.044663 -0.445885 0.223610 -0.589546 -0.446209 -0.768696 -0.757671 0.438707
0.681920 -0.620091 -0.972053 -0.853695 -0.527677 0.091825 0.932008 0.408251 -0.742654 0.295113 0.569078 0.741223 0.742031 -0.559934 -0.118196 0.025083 -0.463479 0.665394 -0.299301 0.543702 -0.769651 -0.637163 0.787489 -0.422695 0.506698 -0.669489 0.871452 0.477138 -0.928388 0.981316 0.693620 0.112999 0.914797 -0.371648 0.983839 0.390961 0.441583 -0.957282 0.179596 -0.220281 -0.445539 -0.860682 0.271949 0.626962 0.678831 -0.315231 0.072899 -0.152745 -0.042582 0.543686
0.242999 0.749635 -0.315462 0.998459 0.593171 -0.598442 -0.402269 0.112606 -0.612625 0.242411 -0.493282 -0.733479 0.099099 -0.085394 -0.937118 0.980006 -0.295293 0.952463 -0.134024 -0.160813 -0.906429 0.425755 -0.773937 -0.442511 0.256061 0.236997 -0.415514 -0.681205 -0.053840 0.303438 -0.090961 0.730519 0.221488 0.186514 -0.945710 -0.761333 -0.553675 -0.233022 -0.267910 0.389042 -0.417613 0.886009 0.560387 -0.220971 0.087960 0.050071 0.149470 -0.972355 0.804642 -0.435851
-0.940478 -0.556963 -0.123431 0.794140 0.278511 -0.548889 0.073080 0.558981 -0.052429 -0.182580 -0.693472 0.942045 0.030174 0.491617 0.569451 0.414029 0.299458 0.993876 -0.057123 0.343725 -0.688212 -0.364343 0.177587 -0.586071 -0.685063 -0.827914 0.931321 0.171736 0.553433 0.367202 -0.482819 -0.786980 0.038021 -0.505352 0.325633 0.985141 0.618426 0.828734 -0.468403 -0.050626 -0.635985 -0.044143 0.689471 -0.745812 0.551192 -0.213191 -0.794488 -0.792545 -0.669379 0.639069
0.969310 -0.157657 -0.998714 0.882102 -0.397198 0.581246 -0.289771 0.400913 0.137557 0.519635 -0.994462 -0.230145 0.059684 0.837518 0.664905 -0.833178 0.225371 -0.419118 -0.522330 0.966677 -0.264551 -0.265501 -0.943368 -0.830565 -0.620236 -0.485883 0.837760 0.270633 0.876161 -0.402903 0.616236 0.662473 -0.221255 -0.566649 -0.822567 0.529991 0.819939 -0.333579 0.693912 0.758946 0.371074 0.152883 -0.836654 0.396605 0.247448 -0.677005 0.720684 -0.661848 -0.891521 -0.663453
-0.970266 0.728634 -0.496324 -0.215360 0.832395 -0.215265 -0.314633 -0.993900 0.646896 -0.435356 0.363418 -0.325846 0.614593 0.333801 0.272482 -0.774547 -0.401941 -0.808049 -0.187184 0.203540 -0.683987 -0.257170 -0.381163 0.596588 -0.845636 0.411315 -0.974553 0.776004 0.438328 0.653493 -0.570031 -0.330539 -0.331095 -0.447618 -0.731534 0.067087 0.547799 0.083180 0.947122 0.213241 -0.081975 -0.910133 -0.825678 0.264768 -0.189628 0.006897 -0.482040 -0.113110 -0.035241 0.200844
0.191218 -0.437143 -0.799733 0.078205 0.352787 0.756711 0.496366 0.278816 0.207426 -0.269090 -0.130026 0.019814 0.399741 0.190420 -0.868740 0.735413 -0.829583 -0.266493 0.045614 -0.486878 -0.098897 0.454359 0.741823 -0.810086 0.176674 -0.719061 -0.489085 -0.321840 -0.992097 0.351543 0.380830 -0.264659 -0.735615 0.159590 -0.395591 0.367348 0.394753 -0.057636 -0.190813 0.908061 -0.449478 0.934865 -0.675621 -0.370033 -0.235811 -0.827493 0.537700 -0.141750 0.950454 -0.521638
-0.966098 -0.691736 -0.735604 -0.628669 -0.185827 -0.400702 0.427647 0.168372 -0.042947 -0.157201 -0.666790 -0.646793 0.658637 0.192891 -0.186544 0.724155 0.950151 -0.037308 -0.717374 0.270843 -0.054344 -0.306695 0.834062 -0.505345 -0.837806 -0.460197 0.746380 -0.667336 0.988384 -0.975973 0.466629 -0.968261 0.276998 -0.593455 -0.700025 0.406341 -0.180684 -0.363170 0.324162 0.547425 -0.730921 0.661169 0.968061 -0.793692 0.529097 -0.494939 0.459484 -0.057033 -0.991714 0.296293
-0.120517 -0.089214 0.452690 0.474083 -0.991907 -0.716755 -0.828532 0.332503 -0.101650 0.020338 0.407292 0.929970 -0.689983 -0.027323 -0.903743 -0.785181 -0.885456 0.976677 -0.163789 -0.555946 -0.489589 -0.254198 -0.588450 -0.246642 0.036213 -0.980796 0.111786 0.222562 -0.790469 -0.415842 0.288213 0.010144 -0.727423 0.233893 0.496792 -0.824539 0.422946 0.760663 -0.361254 -0.655439 -0.182791 0.556389 0.708159 0.516335 0.753526 0.972263 0.764078 0.435373 0.167928 -0.078239
-0.629553 0.103165 0.017104 -0.299508 0.316879 0.359667 0.058320 0.677305 -0.077780 -0.678394 -0.766779 -0.224451 0.262009 0.132848 0.131002 0.939407 -0.819953 0.718663 0.132540 -0.594217 -0.038902 0.443345 0.584214 -0.639645 0.423904 -0.891986 -0.578678 0.153446 -0.609603 -0.714993 0.303345 -0.924849 0.665404 0.557414 0.811533 -0.733700 -0.303863 -0.521312 -0.164065 0.678589 -0.056681 -0.979113 -0.442042 -0.742172 -0.805252 -0.795195 0.486125 0.962311 0.681755 0.525868
-0.763489 -0.847089 -0.920446 0.247833 -0.084973 -0.082007 -0.203479 0.148467 -0.210608 0.763641 -0.637164 0.641326 -0.520013 0.445413 -0.665365 0.005216 -0.757166 0.394351 0.541802 0.868414 -0.511011 0.076756 -0.751611 -0.970957 -0.848269 -0.444792 -0.838144 -0.457211 0.591007 -0.606251 -0.670724 -0.590778 0.205301 -0.166944 -0.079388 0.162758 0.179276 0.005064 0.233764 0.269233 0.857819 -0.092926 0.388460 0.351843 -0.815715 0.577353 0.242556 0.960109 -0.218473 -0.634047
-0.612124 0.949204 -0.759957 0.914330 -0.082923 -0.347639 0.521707 -0.800334 0.098602 -0.549630 0.841194 -0.791251 0.225677 0.203924 -0.568571 0.987462 -0.138866 -0.196497 -0.206431 0.754950 -0.425152 -0.200779 0.449774 0.434455 0.928650 0.044204 0.671908 0.476177 0.125939 0.489364 0.654296 -0.461143 -0.585323 0.648822 0.623015 0.380538 -0.120438 0.789453 -0.012881 0.208277 0.573733 -0.894032 0.998447 -0.917508 0.344231 0.882861 -0.225435 0.822584 0.523283 0.852752
-0.965820 0.125754 0.522773 0.267088 -0.280381 0.378542 -0.990245 -0.030051 -0.065334 0.444461 0.914174 -0.359569 0.096678 -0.476159 -0.812554 0.432950 -0.670586 -0.963541 0.726530 0.574011 0.733957 -0.437201 -0.244435 0.587085 -0.385183 -0.131888 0.501515 -0.894237 0.767332 -0.240260 -0.663905 0.482642 -0.141871 0.380860 0.498531 -0.536171 -0.210125 0.568100 0.530459 0.656620 -0.165162 0.678589 -0.201489 0.507589 -0.777424 -0.736979 -0.345493 0.802068 0.000527 -0.119792

Bias v0 (Oculta):
-0.343515
-0.743017
0.988430
0.082977
0.830047
-0.341989
-0.898648
0.853961
-0.579688
0.679924
-0.592713
0.877647
0.205339
-0.196025
-0.771351
-0.297873
0.566078
0.564216
-0.086793
0.711420
-0.457253
-0.644345
-0.054260
-0.121890
-0.232251
0.954216
-0.711342
-0.710853
0.978405
0.213445
0.282461
-0.258241
-0.013782
0.073729
-0.013279
-0.921893
-0.594438
0.041740
0.281408
-0.487036
-0.759255
-0.576929
0.847229
-0.306655
0.928389
-0.375367
-0.659176
0.468999
-0.919735
-0.905342

Pesos w (Oculta -> Sa獮a):
0.386881 -0.362140
0.407873 -0.887764
0.483382 0.387701
0.026239 0.896598
-0.555445 -0.136364
0.244550 0.692950
0.528345 -0.086807
-0.753754 -0.117511
-0.325200 0.767690
-0.700955 -0.024436
-0.173474 -0.216537
0.409365 0.552174
-0.319339 -0.802960
-0.146348 -0.590176
-0.806089 0.535047
-0.550272 0.691010
-0.163114 -0.870142
0.350010 -0.603394
-0.369731 -0.563055
0.864785 -0.577659
-0.269565 -0.255432
0.258505 0.256946
-0.132043 0.520361
-0.639641 -0.692448
0.723293 0.954554
-0.903407 -0.731902
0.693066 -0.839465
-0.660653 -0.778991
-0.120843 -0.233479
-0.298138 -0.089770
0.164343 0.068732
0.022584 0.924484
-0.411859 -0.353014
0.316131 0.072366
-0.965282 -0.498481
0.250545 -0.095532
-0.501545 0.246338
-0.036358 0.830556
0.494368 0.562815
0.625570 -0.761847
-0.341376 -0.754816
-0.820630 -0.919879
0.410575 -0.117842
-0.286187 0.515437
-0.039043 0.756868
0.030951 -0.522627
-0.107184 -0.740279
-0.630814 0.287081
-0.937203 -0.062120
0.368074 -0.981530

Bias w0 (Sa獮a):
-0.358490
0.389172
