Pesos v (Entrada -> Oculta):
-0.622005 0.556098 -0.682857 -0.292213 0.540554 -0.663842 -0.474082 -0.779502 -0.822397 -0.408391 -0.738464 0.482678 -0.184443 0.745747 -0.426892 0.439118 0.778656 0.278172 0.010452 -0.413106 0.052009 -0.596739 -0.653001 0.321808 -0.032688 0.032913 -0.313591 -0.234478 -0.969877 0.320746
-0.213366 0.455196 0.364298 0.561181 0.773415 -0.660813 -0.196249 0.104692 -0.228555 0.822626 0.940866 -0.920960 0.702880 0.161554 -0.779692 -0.908203 -0.554497 -0.052657 0.202306 0.286723 0.192449 0.675560 -0.062381 -0.494741 -0.152578 -0.466621 0.403081 0.496986 0.218460 -1.336030
-0.258869 -0.517138 -0.801365 0.493601 -0.057303 0.490212 0.045328 -1.153638 -0.417667 -0.448921 0.092299 0.848169 0.577945 0.642463 0.898763 0.306651 0.880467 -0.177662 -0.567653 1.339173 0.816886 0.827055 0.683389 -0.673707 -0.046928 0.304248 -0.517263 -0.064316 -0.094078 -0.265431
-0.055798 0.287172 0.266812 0.711069 -0.119118 -1.078165 0.852862 -0.570154 0.173225 0.077679 0.174879 0.272188 0.281341 0.119312 -0.081983 0.000412 0.181777 -0.498512 1.248604 -0.800751 0.589681 0.598317 -1.400365 0.711618 -0.143136 0.564478 0.950190 -0.451473 -0.435602 0.028102
1.118418 -0.011314 0.166557 -0.934851 -0.021474 -0.012584 1.046206 -0.145277 0.857292 -0.179340 -0.825116 0.459232 0.873238 0.498500 0.191710 0.340932 -0.178862 0.029807 -0.415991 -0.480164 -1.517447 -0.112557 0.288227 -0.524157 -0.770261 -0.304007 0.463544 0.570834 -0.513368 0.416888
-0.377925 0.409616 0.497909 -1.484203 0.553863 -0.733352 0.638423 0.566304 0.617031 -0.554931 -0.910502 -0.074924 -1.163244 -0.464521 -0.165201 -0.857680 -0.256551 -1.034266 -0.501278 -0.270680 0.738618 -0.210892 0.594481 0.490244 -0.055579 0.261610 -1.158384 0.705936 -1.005271 -0.738764
0.277413 -0.263546 -0.440635 -1.387641 0.123351 0.397971 0.344424 0.224001 -0.167942 0.406369 0.343428 -0.766402 -1.281261 -0.767853 0.268239 0.947185 -0.840718 -0.288363 -0.108062 1.388138 -1.251972 -0.013332 -0.020530 0.298125 1.116571 0.656003 -0.056449 -0.202575 -0.139545 0.155917
-1.401527 0.298908 -0.822041 -0.134687 0.478807 0.090931 -0.139746 0.533994 0.082077 0.587892 -0.904407 -1.140110 -0.677167 -1.138033 0.414844 0.128745 0.562546 -0.791349 -0.627663 -0.487286 0.686097 -0.031402 -0.007067 -0.496576 1.372775 0.582487 0.475266 -0.575561 0.627204 0.059046
-0.641233 1.041506 -1.320831 -0.354650 0.162362 -0.289529 -1.102602 0.031592 0.337125 0.736316 0.061903 0.288278 0.173514 -1.476638 -0.007995 -0.273077 0.383619 0.784327 1.151635 0.688096 0.274580 -0.344248 -0.930495 -1.084419 0.311425 -0.557928 0.035321 -0.006441 0.929931 0.467507
-1.084607 0.665315 -0.268468 0.256013 -0.643513 0.753676 -0.641368 0.755532 0.590005 0.092730 0.499842 0.458951 -0.024897 0.820534 -0.022100 0.099288 0.457548 1.085234 -0.137943 0.667070 0.143819 0.364727 -0.549984 0.475178 0.347800 0.496798 -0.311991 -0.553768 -0.786860 0.952268
0.192633 0.316133 -0.878313 -1.009208 -0.936960 1.045648 0.534777 0.289848 1.181003 -0.283168 0.780926 0.094675 0.314320 0.414125 -0.310964 -0.635977 -0.246669 1.365833 -0.244180 0.643862 -1.146671 -0.140290 0.135073 -0.042574 0.132217 -0.539299 0.731093 0.165253 -0.134434 -0.214800
-0.686630 0.630324 0.336505 0.588334 0.269879 0.073092 -0.033539 -0.333444 0.327447 -0.017552 -0.602396 0.502628 0.935482 -1.184046 -0.747855 -0.676330 0.368707 0.371895 -0.218355 -0.373466 0.402684 -0.288469 -0.557116 -0.009000 -0.063561 -0.251982 0.769404 0.172314 0.700236 -0.241856
0.964781 0.658529 1.059527 -0.353683 -0.226872 -0.527071 0.013851 0.534464 -0.907874 0.508331 0.807587 1.038680 -0.577599 -0.807896 0.785616 0.026844 0.934433 0.179052 0.153117 -0.165651 -0.630219 0.738411 -0.324968 -0.464858 0.146915 -0.981841 0.071888 0.437457 0.278538 -0.861649
-0.052907 0.334480 0.680765 0.247761 -1.013650 -1.031133 0.271418 -0.516990 0.933900 0.331889 0.465931 0.063300 -0.031564 0.687242 0.291509 0.147145 -0.124910 -0.706202 0.722832 -0.397900 0.575647 -0.271784 -0.276238 -0.781658 -0.034015 -0.138093 -0.233421 0.196812 0.743511 -0.070300
-1.541353 -0.139435 -0.074736 0.450556 1.439936 0.222116 -0.129058 -0.127435 1.011889 0.346518 0.915449 -0.450352 0.484183 -0.436313 -1.000458 0.130865 -0.561506 -0.348575 0.993640 0.935889 0.104225 0.489183 -0.149437 -0.329595 0.436610 -0.956130 0.111496 -0.659805 -0.849518 1.002662
-1.481360 -0.274276 0.448997 -0.052211 0.294581 0.358533 0.429387 -0.761659 1.392843 0.290007 0.739542 0.255542 0.779893 -0.190015 -0.087065 0.013048 0.592014 -0.255749 0.190059 0.217663 0.358467 0.840167 -0.137260 -0.890705 0.427040 -0.207599 0.796373 -0.809656 -0.743581 0.297135
0.073437 -0.406523 0.209628 -0.165772 0.387579 0.228426 0.233137 -0.025619 0.565421 -0.505406 0.496082 0.550320 0.515970 -0.349263 -0.758957 0.722068 0.345320 -0.282850 0.318722 -0.663951 -0.474364 0.936067 -0.757909 0.197831 -0.086755 0.075651 -0.244371 0.714645 -0.218848 -0.423548
0.568400 -0.258462 -0.201027 -0.455246 -0.611303 -0.163829 1.191038 -0.786464 1.329182 0.147630 -0.732305 -0.004203 -1.376421 -0.952192 -0.406113 0.571555 -0.164690 -0.736246 -0.422540 -0.456470 0.775610 -0.109266 -0.718360 0.821307 0.048373 0.921427 0.029535 0.354961 -0.504374 -0.742290
1.099975 -0.503108 0.136611 -0.524640 0.427517 0.057394 0.018916 -1.083040 0.919868 0.247007 -1.273545 0.345288 -0.552572 -0.887946 0.414869 0.714584 -0.290133 -1.578596 0.415039 0.352116 -0.468286 0.389915 0.267751 0.702196 -0.759049 -0.215397 -1.377968 0.289580 -0.678150 0.130863
0.754851 1.119698 -1.764401 -0.553394 -0.376290 0.315047 -0.182034 -0.263604 -0.122972 1.169969 -0.161749 -0.391385 -0.543131 -0.574828 -0.864295 -0.640142 -0.003088 -0.280461 -0.659189 0.795609 0.235736 -0.650101 -0.417054 0.530794 -0.488099 0.949112 0.411226 -0.296224 -0.135924 -0.926322
-1.752301 0.931048 -0.710461 -0.120953 -0.068686 0.531844 -1.573174 -0.469838 0.534157 0.323921 0.890645 0.281067 0.336701 -0.898768 -0.986205 0.011256 -1.207074 0.609503 0.343317 0.120099 1.324990 0.542769 -0.205584 -0.660800 0.426649 -0.093484 -0.141255 -0.153969 1.338339 -0.847804
-0.711718 -0.381796 -0.955381 -1.030307 0.159993 0.519237 -1.322998 0.167408 1.118722 0.232228 0.491572 0.228147 -0.170695 0.526272 -0.218712 0.165852 -0.552861 1.378599 0.391149 0.203034 -0.296692 0.281023 -0.191697 -0.867257 -0.600063 -0.182215 0.278175 -0.267519 -0.008534 0.277956
-0.155257 0.255003 0.387373 0.800107 0.107494 0.072819 -0.131724 -0.501292 -0.903917 0.012792 -0.806002 -0.906863 0.256611 -0.414956 0.926821 0.678441 -0.138317 -0.363826 0.580612 0.341186 0.319442 0.526925 0.369513 0.673188 0.871209 -1.057684 -0.389936 -0.265742 -0.918229 0.616955
-0.361946 0.595112 -0.049987 0.390290 -1.050013 0.009736 0.431072 0.474242 -0.366485 -0.408559 0.988627 -0.959984 -0.504207 -0.298388 -1.018077 -0.141867 -0.696634 -0.555879 0.115431 -0.383094 -0.631915 0.265185 0.058689 0.667927 0.939167 0.261543 -0.546956 0.155270 0.639589 0.450377
0.513020 0.116685 0.432145 -0.892140 -1.019901 -0.401579 0.119263 0.337594 -0.551585 -0.621837 -0.490166 0.269821 -0.239132 -0.827709 0.331494 0.141924 0.739852 0.799497 -0.467235 -0.260181 0.543407 0.436848 0.469822 -0.727577 0.355305 -0.966006 0.069574 0.661340 -0.752014 -1.294285
0.076301 -0.354357 0.389023 -0.189389 0.701341 -0.665999 -0.171809 -0.664770 1.078965 -1.004181 0.354751 0.181110 -0.259169 -0.616706 0.821597 -0.203029 0.328341 -0.477852 1.000632 -0.055491 -0.316835 -1.022635 -1.264869 -0.132111 0.305319 -0.412947 -0.374424 0.748403 0.427480 0.722184
-1.029348 -0.584001 0.925924 0.153792 0.568708 1.204374 -0.370125 -0.900759 -0.290226 -0.456520 0.409554 -0.486038 0.670628 -0.026421 -0.004052 -0.021159 0.802598 0.032725 1.277397 0.697717 1.178414 -0.807445 -0.838935 -0.955448 -0.832399 -0.180056 -0.840659 -0.675499 0.410079 0.134600
-1.718747 0.609232 0.052204 0.784497 0.414544 0.210868 0.438326 -0.680309 -0.958272 -0.477556 0.061037 0.181261 0.546053 -1.077054 -0.139233 0.566471 0.421217 -0.576045 0.286678 0.654501 0.427335 -0.125919 -0.496652 0.054461 0.705039 -0.712597 0.877329 -0.065402 -0.235668 -0.269656
0.402647 -0.668133 -1.201481 0.240134 0.142432 1.287935 0.960575 -0.933803 0.013874 -0.811892 -0.524960 0.109037 -0.523053 -0.552158 0.861444 -0.590674 0.634254 -0.970165 0.417324 0.416719 0.092586 0.415357 -0.940048 0.205679 -0.906949 0.819965 -0.092953 -1.037051 0.713839 -0.199795
0.059028 -1.446014 -1.468644 -1.280447 0.122442 0.707080 0.503182 -0.444340 -0.086719 -0.719373 0.077531 -0.002295 0.009572 -1.227821 0.416355 0.716994 0.347494 -1.080304 0.565699 -0.014599 0.477542 -0.394983 -0.375671 -0.258362 0.441044 0.306933 -0.292292 0.983890 -0.219064 -0.512495
0.806538 1.374195 -0.754387 -1.407862 0.039076 -0.811495 0.149357 -0.143100 1.147962 0.441632 -0.575389 -0.298119 0.042062 -1.427953 -0.282889 -0.203649 -0.467832 -0.890405 -0.234886 -0.290655 -0.441017 -0.138790 -1.049884 -0.405286 -0.228531 0.378135 -1.483490 1.080907 0.391393 0.011518
-0.217973 1.394398 -0.215826 0.349820 0.629446 -0.049841 -0.504791 -0.001325 -0.445356 0.515754 -0.428644 -0.214967 0.361666 -0.005906 0.562464 1.295531 0.012619 -0.136731 -0.690297 0.532233 -0.053896 -0.039601 0.227023 -0.194172 -0.817236 0.757686 -1.593568 0.296409 0.635045 -0.149619
-0.327486 0.086913 -1.125895 -0.641460 0.722093 0.949213 -0.927136 0.223305 -0.728734 0.281300 -0.979185 -0.189568 0.461653 -0.255047 -0.329574 -0.138684 0.264704 0.374315 0.750888 -0.410101 0.210663 0.000953 -0.143840 -0.396450 -0.379889 -0.036979 -0.161604 -0.660860 1.115316 -0.522092
-0.095626 -0.210821 -0.411006 -0.426092 -0.145079 0.574129 -0.843803 -0.396941 -0.122714 0.535152 -1.266543 0.368563 0.241988 0.792779 1.238279 0.802294 0.529472 -0.244688 -0.165364 -0.168525 1.267778 0.810492 -0.339545 0.354754 0.557079 1.045751 -0.420840 -0.167576 -0.085610 -0.028431
-0.530124 0.717769 1.109427 -0.413611 1.213312 -0.062902 -0.624312 -0.481271 0.217863 0.988996 -1.213082 -0.024581 0.174252 -0.288787 -0.555717 -0.194326 0.493767 -0.031562 0.709240 0.166507 -1.516927 -1.225510 0.379908 -0.607408 0.820602 -0.368893 0.697005 -0.019982 0.504547 -1.047940
-0.187720 -0.625774 0.515612 -0.515234 -0.028374 -0.542216 0.447903 -0.022867 -0.190882 -0.094000 -0.919076 -0.775364 -0.513078 0.595456 0.326652 0.868678 0.414650 -0.467889 0.061110 -0.546961 -0.597574 -0.610868 -0.437557 -0.376455 -0.505424 -0.032860 -0.552025 -0.371240 -0.160390 -0.014406
1.221598 0.710775 1.011878 0.205552 0.308365 0.433468 -0.566465 0.035690 0.859133 0.767578 0.300242 0.341780 -0.727217 0.072434 0.929598 -0.869408 0.617921 -0.203012 -0.985319 -0.312908 -0.225759 0.415955 -1.105296 -0.833664 1.090517 -0.028856 -0.612682 0.443669 0.306832 0.675295
0.109057 -0.559639 -0.565616 0.723474 0.406488 -0.461169 0.635684 -0.554033 -0.468333 -0.068010 1.050648 0.640258 -0.066365 0.002812 0.958370 -0.153862 0.489164 0.437344 -0.487445 0.275607 -0.877476 0.326722 0.790069 0.855722 0.856269 0.218309 -0.603767 0.913179 -0.487284 -0.965006
-0.675000 -0.531694 -0.359779 -0.262522 0.206391 1.158196 0.624145 0.461109 0.911730 0.095407 -0.153517 0.458724 -0.102634 -0.663918 0.339829 -0.416524 -0.471091 -1.117302 -0.343155 -0.321545 -0.581667 -0.074162 0.113541 0.924235 -0.727754 0.004243 -0.849926 -1.143996 -0.263097 -0.380316
-0.701026 -1.149102 -0.623376 0.718919 -0.198063 1.215995 -1.322525 0.312253 0.048544 -0.208494 0.095409 0.865024 -0.763276 -0.207761 -0.260538 0.371084 0.305936 -0.656754 0.021349 1.170166 0.045874 0.556922 1.037734 -0.556831 -1.107209 0.083164 -1.338661 -0.085652 0.208839 -0.355622
-0.147530 0.168742 0.397319 1.049069 -0.671861 1.174680 0.117903 -0.182602 -0.982715 -1.458141 -0.584391 0.949032 -1.166784 -0.089245 0.929877 0.186759 -0.387856 -1.907640 -0.065410 0.226292 1.232099 -0.548037 1.232730 -1.433303 0.179110 -0.022957 0.517266 0.268197 -0.745010 0.020725
-0.954427 1.523047 0.532352 -0.062188 0.589634 0.698318 -1.505768 0.527443 0.795946 -1.382427 -0.213522 0.029846 0.356957 1.092728 1.043371 -0.409633 0.046081 -0.256526 0.214830 -0.147455 0.260586 -1.070379 -0.253896 -0.272544 0.588529 1.061509 -0.655647 1.916056 0.117665 0.459840
0.014799 1.353285 -0.833637 -0.918140 0.988476 -0.721186 -1.231184 0.460533 -0.069583 -1.109943 0.668668 -1.105852 0.277078 1.663998 0.114322 0.354831 0.404710 0.120625 0.705301 0.033375 0.055885 -0.758386 1.278357 -1.123104 -0.910876 -0.036217 -0.997242 0.528171 0.115405 0.976724
0.672114 -0.300492 0.131529 -1.029311 1.509191 -0.705518 0.085283 -0.189940 -0.705852 0.644353 -1.430702 0.493417 -0.457518 2.169147 0.722855 1.035010 0.724411 -0.872609 0.508483 -0.138762 0.119513 0.362799 0.784805 0.165649 -0.089504 -0.219777 -0.283309 -0.952398 -0.086203 0.620401
0.499940 0.006564 2.186403 -0.662150 0.841079 -1.315850 0.180355 -0.008903 -0.562928 1.731820 -0.875101 -0.996015 0.963856 1.980222 -0.899016 -0.480045 -0.255199 -0.290004 0.920251 0.044231 -0.774018 0.167796 0.198965 1.566308 -0.587917 -0.017205 -0.141678 -0.142654 -0.670284 -0.479044
0.756284 0.727203 1.208286 0.294983 0.782826 -0.018951 -0.040842 0.473623 0.516766 1.102440 -0.174154 0.114841 0.493782 0.521031 0.738598 0.423043 0.668030 -0.312736 0.537249 -0.866324 -0.438826 0.127093 -0.906636 0.880450 0.922685 -0.507524 0.166571 0.005179 -0.416133 -0.088849
-0.356013 0.381276 -0.127216 0.320411 -0.444319 -0.449947 -0.262772 -0.164225 0.341091 0.304220 -0.086162 -0.411988 0.188691 0.284187 -0.087516 -0.253061 0.657907 -1.030311 0.246986 0.356640 0.049442 0.254790 -0.525513 -0.272966 0.624927 -0.759020 -0.886724 -0.686616 -1.087044 -0.052365
0.942201 0.602523 0.199981 0.311781 0.311144 0.613553 0.746039 -0.233733 0.121596 0.937065 0.147422 -0.247073 0.006193 0.299900 -0.633097 0.818867 -0.341742 0.713443 0.519299 0.167760 -0.288492 -0.336351 -0.592366 -0.232104 -0.125453 -0.392605 0.875742 -0.690051 1.041477 0.743646
0.951774 -0.445092 0.631089 -0.004197 0.814033 -0.865572 0.788997 -0.667451 -1.100372 -0.432007 -0.736932 0.374008 -0.217490 -0.092453 0.562839 0.860005 0.585652 0.446061 0.043290 -0.097882 0.666209 1.106517 -0.342645 0.763894 0.426683 0.102440 0.328300 -0.155605 1.021716 -1.031056
0.120739 0.290409 -0.107223 -0.669999 0.140084 0.344786 -0.431552 0.822760 -1.000021 -0.969447 -0.802182 0.695807 -1.335073 -0.949890 -0.834067 0.004446 0.417585 -0.301662 -0.682435 0.290772 -0.758319 0.086323 -0.246603 0.471404 0.692543 0.877186 -0.415367 -0.330766 0.036009 -0.681354
-0.168938 -0.961432 0.267830 -0.030725 -0.917760 0.552738 -0.083639 0.712709 0.478653 0.840248 -0.169803 0.624986 -0.378124 -0.171691 -0.978256 0.293377 -0.934220 0.658500 0.709696 -0.183678 0.619175 -0.044527 -1.232768 -0.725032 0.388972 0.932254 0.239367 -0.230330 0.062855 -0.129316
0.040203 -0.514732 -1.424256 0.109697 -0.426115 -0.038697 -0.573379 -0.287664 0.350769 -0.684921 -0.546732 0.584135 0.863953 -0.810068 0.084742 0.164527 0.309768 -0.050499 0.742685 -0.635960 -0.059551 0.299338 0.345505 -0.966943 -0.213833 0.353302 -1.029464 -0.142443 0.824156 -1.264082
-0.569383 -0.125419 0.413811 0.639314 -0.443595 1.533980 -0.143764 -0.165556 -0.316195 -0.532588 0.634620 1.569114 1.272690 -0.092922 -0.170095 -0.834834 -0.346561 0.483310 -0.835829 -0.892426 0.030410 0.221097 1.005806 -0.215329 0.303976 -1.825520 -0.016485 -0.258692 -0.785155 0.182186
-0.112088 0.840620 1.182226 1.406526 -2.334124 2.063508 -1.016386 -0.607562 -0.365673 -0.410968 -0.186276 -1.073011 -0.377885 -0.329675 -0.853830 0.138309 -0.685133 -0.002365 -0.405975 1.251635 -0.224005 -0.087988 1.111770 0.737008 1.220926 -1.544947 -0.918570 -0.571721 -0.251917 0.199134
-0.287671 0.125411 -1.383613 1.055181 -0.853263 0.369950 0.799655 -1.950871 1.033534 -0.380012 -1.335297 0.423300 -1.220111 0.235122 0.635895 0.795375 -0.383681 1.266210 -0.340036 -0.877270 -0.372282 0.347551 0.433531 0.429319 -0.607343 -0.870044 0.744995 -1.801152 0.459432 0.885023
0.228407 0.057916 -0.279980 0.010639 -0.539856 -0.413379 0.090953 -1.441177 -0.353867 1.369008 -0.230917 0.495820 -0.418340 0.245858 0.972622 -0.605730 0.641742 0.394644 0.175769 -0.017810 1.109859 -0.426209 0.015741 -0.100564 1.013355 -0.882592 0.581877 -0.567421 -0.633829 0.668152
0.319361 0.136502 0.524462 -0.661148 0.276748 -0.426474 -0.626065 -0.868031 -0.935205 1.279956 0.147961 0.229108 -0.415957 1.003171 0.006735 0.709693 0.592652 -0.330857 1.990716 0.258023 0.290100 -0.263233 -0.846378 0.992757 -0.047748 0.067323 -1.084255 -0.991922 -0.153726 -0.419309
-0.828837 0.572727 -0.049107 -0.561900 0.371303 0.202381 -0.610699 -0.692129 -0.379617 1.197808 0.917144 0.270890 -0.253126 0.239286 0.337906 0.660426 -0.381521 -1.173316 2.690293 0.335374 -0.514679 0.401018 0.125449 0.240190 0.171656 0.358384 -1.124236 -0.945774 -1.102044 0.622476
0.741636 -0.111451 0.035760 0.386239 -0.128422 0.356255 0.136363 -0.919092 1.021314 -0.658753 0.769987 0.516157 0.445596 -0.850605 0.819345 0.070301 -0.314296 -0.989818 -0.591886 -0.194112 0.082328 -0.206998 -0.335549 -0.807182 0.001824 1.032898 0.200999 0.338986 0.678072 0.059694
0.068083 0.594825 -0.994949 0.099043 0.091584 -0.508516 0.664083 -0.544898 -0.140514 -0.373605 -0.884699 0.899066 0.824907 -0.321264 -0.248344 -0.119203 0.570620 0.404019 -0.964486 0.031269 0.781774 0.033152 -1.124146 -0.744231 -0.348344 0.900203 -0.936171 1.053173 1.018819 -0.478112
0.671167 -0.133893 0.715760 -0.273848 0.549146 -0.438284 0.513739 -0.187907 0.193708 -0.911503 -0.120760 0.394076 0.618368 -0.086662 0.377324 0.308404 0.421840 0.829952 -0.038044 0.187742 0.187806 -0.545156 0.812751 -0.001657 -0.875968 0.567885 -0.373909 -0.347384 -0.059533 0.384213
0.166730 0.842163 0.717879 -0.217263 -0.038087 0.174625 0.852675 -0.931698 0.614143 0.268360 -0.973451 0.324286 -0.577248 -1.555340 0.108097 0.061387 0.095335 -0.350690 -0.552712 0.434494 -0.597596 -0.834022 0.110429 1.058225 -0.547644 0.253568 0.486311 -0.751462 0.813837 -0.779125
0.796170 -0.681582 -0.220079 -0.445456 -0.644871 -0.267194 0.865014 0.004068 0.005055 -0.777497 -1.432165 0.055828 -0.195072 -0.903419 -0.440970 -0.566085 0.463449 0.942097 1.017348 -0.046134 0.828504 -0.828010 0.768807 -0.477581 0.333666 0.698973 0.210205 0.278994 0.278973 -1.453110
0.332677 -1.132933 -0.261259 -0.869098 -1.154623 -0.081645 1.294453 -1.453055 -1.059689 0.030661 -0.208843 -0.483467 1.664406 -0.223914 0.952118 -0.848132 0.576469 0.380751 -0.275963 -1.575517 0.441060 -0.297487 -1.716035 -0.754615 0.133023 0.557944 -0.857351 0.685053 0.367374 -1.152141
-0.252819 -0.014193 0.159716 -0.355737 -1.085792 -0.021712 1.076707 0.105809 1.200402 0.759797 -0.144145 0.705324 0.704837 0.418242 -0.285304 0.452937 -1.257623 0.730301 0.436356 -1.121215 -0.299577 0.537523 -1.104213 -0.392142 0.274373 -0.474897 -0.764084 -0.454786 -0.612256 -0.447255
-0.047690 0.932412 -0.863642 0.671701 -0.805637 1.190840 -0.603484 1.301167 -0.526298 -0.452830 -0.168435 0.004655 -0.731317 0.517086 0.642852 1.389087 0.184472 0.311106 -0.581072 -0.351788 -1.287742 0.138400 -0.668260 0.226040 -0.180945 -1.001188 0.029608 -1.165670 -0.477827 0.356281
0.180946 0.022002 -0.833046 0.694509 -0.623157 -0.694000 0.770835 0.993250 0.327458 -0.403606 0.225339 0.013633 -1.007827 0.199601 -0.620125 0.348193 0.912051 0.029368 -0.864007 1.529620 -0.723113 -0.298371 -1.279471 0.995983 -0.618228 -1.571643 0.122989 -0.840243 0.500420 0.694933
-0.331215 -0.008062 -0.226150 -0.386187 -2.577531 -0.823144 1.842605 1.127187 -0.556813 -0.429893 -0.861760 0.574213 0.076703 -0.520410 1.008436 -0.016669 0.181787 0.891624 0.450488 0.032040 -0.189375 -0.529383 -1.187955 0.757436 -0.005137 -0.866889 1.623854 -0.062129 0.179879 -0.242544
0.286852 -0.493607 -0.548818 2.006084 -0.450086 -1.538535 0.523756 0.698849 0.374582 0.149928 0.257840 -0.015691 0.599512 -0.341167 0.145664 -0.770212 -0.335830 -0.449923 0.612644 -0.248475 -0.021162 0.521658 0.635405 0.569281 0.142279 0.541211 -0.876808 -0.384721 -0.027418 -0.239031
0.779407 -0.434669 -0.572656 1.372086 -0.681584 -0.123713 -0.036382 0.202342 -0.810892 0.672848 -1.072792 -0.562461 -0.495680 1.156990 -0.716131 0.093627 -0.865816 -0.222912 1.107508 0.645207 -1.068530 -1.455160 0.438201 0.530877 0.004790 0.129445 -0.054913 -0.434256 -0.481643 -0.803036
0.728556 -0.478831 -0.094717 0.217001 0.622094 -0.183671 -0.028017 0.223665 -0.101469 0.895706 0.100635 0.495445 0.330677 0.685630 -0.774420 0.115547 0.823025 -0.418294 -0.716140 -0.427907 -0.890842 -0.543886 0.932772 -0.410331 -1.137141 0.296538 -1.142879 -0.095302 0.452417 -0.310537
0.365688 -0.714539 0.312616 0.929192 0.447996 -0.933465 0.900268 0.210223 0.201669 -0.565873 -0.646038 -0.333925 0.534198 -0.364592 0.236396 -0.028772 0.924760 -0.511271 -0.754360 -0.124248 1.153087 -0.131154 -0.554233 0.141740 -0.707721 0.119502 -0.627424 0.590431 0.946544 0.388876
0.946468 0.271624 0.252433 -0.286461 0.286882 0.020969 -0.414727 -0.964040 0.149090 0.884571 -0.415154 0.182110 1.053293 0.115375 0.163138 1.000886 1.026364 -0.024807 -0.828587 -0.277315 -0.124554 0.790430 0.586065 -0.870368 0.706913 -0.249795 0.665527 1.020059 0.648156 0.583508
-0.835662 -0.287839 0.112507 0.376292 -0.635246 0.303543 -0.083301 0.036685 0.695795 0.021329 -1.036479 1.243381 -0.539435 -0.862135 0.458888 -0.606732 -0.610066 0.499680 0.736850 -0.880961 -0.115555 -0.859521 -0.661750 -0.164632 0.126724 0.932577 0.484491 -0.628986 0.928423 -1.897235
1.096082 0.612606 1.029089 0.145457 0.542849 -1.589856 0.874907 0.166550 0.024531 -0.725345 0.199990 0.505892 -0.747065 0.674650 -0.870040 -0.395118 0.590986 0.891979 0.108764 -0.493346 0.141588 -0.131431 -0.132631 0.605598 0.566513 0.893240 -1.619087 1.259499 -0.751855 -1.062746
-0.405888 0.935953 1.003446 -1.068738 0.323517 -0.689456 1.081307 -0.201007 -0.657461 1.271299 -0.687090 -0.359306 0.233421 0.497196 0.371191 -0.883979 0.024333 0.485902 -0.966108 -0.477584 0.163389 -0.972463 -0.708279 -0.294204 -0.048033 -0.618308 0.491433 -0.683230 0.157532 -0.870457
-1.439642 0.315850 0.408763 0.013129 0.397650 -1.181348 0.439506 -0.273305 -0.270351 1.412112 0.083384 -0.896634 0.125437 0.487308 0.520850 -0.200044 0.282173 -0.041486 -1.419435 -1.217831 -0.339149 -0.675670 -1.247639 0.238847 -0.583093 -0.807525 -0.203700 -1.337293 -0.277172 -0.143906
-0.309942 1.038655 -0.550562 -0.372186 0.554153 0.758952 0.008101 0.431749 0.526180 0.245017 -0.571519 0.068564 0.054885 0.892002 -0.256679 -0.409575 0.888317 -0.207336 -0.419936 0.640205 1.130469 -0.278104 0.629421 -0.005329 0.263336 0.088231 1.109585 -1.193397 0.455143 0.214732
0.294099 -0.284826 1.025627 -0.876079 -1.202581 0.579317 1.008780 1.315195 -0.124087 -1.272026 0.327659 -0.527640 -0.183305 -1.039919 0.179659 -0.995721 -0.273011 -0.644036 0.355222 1.062341 0.382197 0.238931 -0.511677 -0.348854 -0.189332 -0.865306 -0.487333 -1.481588 -0.960330 -0.099572
0.293970 -0.745809 -0.405675 1.108664 -1.536002 -0.184254 0.301518 -0.355171 0.152637 -0.277011 -0.286797 -0.082574 -0.352326 -0.322500 0.066529 -0.527972 0.229120 -0.278061 -0.116480 1.182381 1.118939 -1.662510 0.459477 -0.215570 -0.412799 -0.508595 0.702430 0.104044 0.403906 0.929952
-1.695536 -1.556167 0.414809 1.643910 -0.724281 -1.244381 -0.188884 -0.483579 -0.591536 -0.218079 -1.303172 -0.701887 -0.661002 -0.141436 -0.004269 0.872374 0.590001 -0.365437 0.037429 0.227009 1.083154 -0.695854 0.035974 -0.454088 0.060891 0.311817 0.418002 -0.195820 0.604788 0.272662
0.464512 -1.562662 1.422660 0.755501 -0.007939 -0.972163 1.271519 -0.060472 -0.142442 -1.108715 -0.919634 0.177660 0.528862 -0.012208 0.347436 -0.377504 -0.577673 -0.205774 0.243478 1.090740 1.259581 -0.203480 1.016937 0.512783 0.653917 -0.037780 -0.300350 -0.199598 -0.728422 -0.473635
0.477659 -0.365514 0.600147 0.034175 -0.697181 0.968976 0.067230 -0.771191 0.630512 -0.378463 0.365117 0.305825 -0.052274 -0.131572 0.053090 -0.730201 -0.653933 -0.059789 0.410227 0.338273 -0.932812 -0.702672 -0.712929 -0.741854 -0.670392 0.994578 0.249254 -0.472144 0.869055 0.685218
0.246487 -0.767852 -0.905197 -0.035804 -0.217444 0.341972 0.833194 0.480511 0.347149 0.273094 -1.095886 0.328974 0.356331 0.370997 -0.184854 0.743567 1.038633 -0.651183 -0.552640 0.484277 0.469139 1.222364 0.382829 -0.345594 0.829644 1.002261 -0.962695 0.892766 -0.019179 -0.088225
0.900642 0.719282 -0.012566 0.821174 -0.959685 1.124380 -0.582842 -0.794643 0.236236 -0.615838 0.656219 -0.162699 0.586870 -0.225921 -0.237513 0.640168 -0.471051 -0.338125 0.603564 0.858536 -0.488564 -0.758357 -0.965751 0.004776 -0.312753 0.639220 0.759535 0.284875 0.332349 -0.482129
-0.974091 -0.646799 0.730882 -0.275136 0.583599 0.051962 -0.355590 0.032413 0.120389 -0.760927 -1.029145 0.062028 0.321644 -0.276346 0.556538 -0.761387 -0.348978 0.206137 -0.924566 0.195914 -0.332354 -0.772174 0.475525 -0.229842 -0.634126 0.194952 0.192532 0.314413 1.025118 -0.519416
-0.018104 0.170064 -0.798039 0.647984 -0.831075 0.097072 -0.906598 0.431010 -0.276255 -0.617660 -1.232180 0.007065 0.247900 -0.128407 -0.608346 -1.142685 -0.946290 -0.449705 -1.326676 -0.613170 -0.151528 0.279668 0.976394 0.870148 -0.117037 -0.281336 0.470190 0.376938 0.241954 -0.640239
-0.031746 0.176760 0.159613 0.080031 0.050770 -1.175442 0.461340 0.416013 0.528069 0.161113 -0.353654 -0.114163 -1.065916 0.819062 0.363900 1.042671 0.145739 0.421810 -0.473881 -0.500235 0.846729 0.059750 0.434494 -1.263585 0.944241 -0.874942 -0.684584 0.270168 -0.135020 -1.288926
0.875832 0.775522 -0.154560 -0.563233 0.541793 -1.396560 0.467159 0.228373 0.026602 -0.375542 -0.210686 -0.316514 -0.937056 -0.054984 0.911502 0.449646 -0.140609 0.177031 0.215311 -0.556087 0.186216 -0.579466 0.360304 -1.206502 -0.159582 -0.320408 0.197661 0.235738 0.731197 -0.547379
0.272940 -0.720621 0.421584 -1.127149 0.208238 0.258246 -0.891480 -0.356805 0.029698 -0.262305 1.836689 -1.504902 -0.240945 0.326267 0.795834 0.364716 0.783356 0.500308 0.923494 1.361544 -1.131042 -1.635518 -1.515888 -1.595711 -1.007599 1.170698 0.468438 0.350390 -0.567629 0.621966
1.114210 -1.257436 0.021906 -1.302551 -0.894752 0.068537 -0.979895 -0.380497 0.778821 -0.337263 1.655902 0.171374 -1.315400 0.640591 0.155582 0.832529 0.265399 -0.067800 0.009184 1.752067 1.574500 0.371670 1.010248 -0.020472 0.669206 -0.479060 -0.194662 0.370380 -0.410083 0.398251
0.271425 -1.588503 0.133261 0.048963 -0.222087 0.458404 -0.423125 -0.427300 0.771316 0.088583 0.744462 -1.443009 0.225704 0.362126 -0.562155 1.252011 -0.158680 -0.440867 -0.607089 1.495849 0.102471 -0.038331 1.123678 0.170753 1.606054 0.848649 0.554224 0.654264 -1.417452 -0.746851
-0.969755 -0.962632 -0.071599 0.731491 -1.183873 0.693531 -0.219628 -0.745548 0.562111 -0.724699 -0.335728 -0.084538 -0.307582 -0.302145 0.482333 0.377912 -0.863619 -0.298237 -0.011785 0.429431 -1.025278 -0.412079 0.683434 0.661414 -0.117776 0.354749 -0.033629 0.473098 -0.041129 0.479144
-0.518173 -0.910158 0.637053 1.358624 -0.564135 0.957830 -0.890638 -0.441262 0.732254 0.730309 -1.049583 1.438342 -0.328802 0.363931 0.333349 0.621976 0.885192 -0.134239 0.743072 -0.819509 -0.958482 -0.676852 0.954979 -0.178932 0.311847 -0.201982 -0.407959 0.224216 -0.184099 0.843272
-0.635266 0.033252 -0.617642 -0.082855 0.936811 -0.879429 -0.401449 -0.796313 -0.083063 -0.837811 -0.391914 0.091505 -0.666013 -0.493406 -0.735331 0.700785 -0.605546 1.201621 -0.719984 0.193362 0.113205 0.249273 0.359938 -0.748206 0.224370 -0.687178 -0.568949 -0.681753 0.955974 0.982774
-0.757887 0.412131 -1.015019 0.036679 0.951188 0.235518 0.952279 -0.814846 1.026434 -0.407328 -1.099754 -0.392075 -0.021133 0.037233 0.366171 0.670405 0.003019 0.724128 0.009085 0.976656 0.585992 1.066562 0.117468 -0.360454 0.023809 -0.021747 0.820184 -0.708556 -0.357276 0.792825
0.483347 -0.635260 0.150662 0.844651 0.911804 1.281605 -0.424194 -0.090072 0.818371 -0.639512 -0.766414 -0.900323 1.182880 -0.240655 0.269210 -0.188952 0.708086 -0.220709 0.335393 -0.853927 -0.244304 -0.602187 0.661701 -0.505683 0.656059 0.269351 0.253986 0.979839 -0.563575 -0.299822
0.030548 0.228646 -0.124446 0.745888 -0.160834 0.440189 -0.386674 -0.984320 0.551357 1.568063 1.199794 -0.231575 0.491297 1.650956 1.023419 -0.271125 0.489305 -1.065578 -1.394865 -1.716720 -0.791677 -0.374444 1.071934 0.937188 0.555131 -0.656935 -0.566563 -0.441733 -0.346262 0.862158
-0.181533 0.694625 -1.062433 -0.560109 0.045441 -1.148364 1.052820 -0.946308 -1.069727 0.542952 0.849430 -0.862786 0.109972 1.112411 1.188839 -0.680671 -1.041182 -0.458608 -0.453940 -0.565189 -0.835771 -1.141815 0.420205 1.023556 0.331733 -1.487979 0.653866 0.518530 -0.078502 0.248661
0.870826 0.768908 -0.401679 0.208562 -0.008231 -1.433571 -0.453558 -0.610485 -0.097383 0.041654 -0.247492 0.466291 0.764947 -0.167608 -1.378293 -0.358369 -0.074634 0.460700 -0.662661 0.078619 -0.289889 1.047324 0.877891 1.268343 -0.960287 -0.989786 0.782614 0.447848 -0.588698 -1.300078
-0.383804 -0.506342 0.171349 -0.077570 0.099103 -1.457706 0.059801 0.349506 -0.541238 0.451454 -0.005133 1.435192 0.080820 -0.404490 -0.026775 0.215007 -0.163473 1.299764 0.290068 0.258488 -0.830209 0.364515 0.264110 -0.162034 -0.476437 1.069755 -0.039414 -0.035169 -0.210622 0.681363
0.545464 -1.305722 1.129224 0.309509 1.307979 0.525626 0.310506 0.333310 -0.976717 0.092108 0.435576 0.483948 0.404686 -0.049948 0.242419 0.459958 0.594234 1.876414 -0.595688 -0.074418 -0.977828 -0.533773 0.642313 0.254510 0.314687 0.597011 0.055065 -0.402972 -0.964346 0.783659
-0.392905 0.189656 -0.033680 0.811854 -0.432985 0.347571 -1.331887 -1.549443 -0.531057 0.525687 0.894870 -1.012283 0.638549 0.286155 0.509914 -0.320749 0.553780 0.794883 -1.669722 0.404893 -0.101959 -0.279085 -0.014205 0.618686 0.791383 0.238286 -0.823050 -0.101988 0.345840 0.150977
0.070050 -1.089791 0.141673 -0.139908 -0.811952 0.288129 0.180033 0.900662 -1.117117 -0.890364 0.784014 -1.166007 -0.101073 0.756791 -0.378279 0.964339 1.108348 0.809171 -1.566419 -0.238129 -0.552606 -0.065697 1.043604 0.238831 0.463850 0.405253 -0.425268 -0.644684 0.245274 -0.996736
-0.742851 -0.734680 0.804551 -0.288088 0.090874 0.520664 -0.210982 -0.395308 -0.437304 0.689334 1.366983 -0.485263 -0.226333 0.322766 0.581646 0.289797 0.833104 -0.149551 -1.090870 0.527477 -0.200849 0.608046 1.399226 -0.338966 -0.097578 -0.281185 0.134422 -0.084966 0.997509 -0.069847
0.439868 0.317191 -0.359685 -0.148487 -0.952091 0.199485 -0.031772 1.046706 0.962457 -0.342560 0.869335 -1.082888 0.641945 -0.339829 -0.691504 0.648598 0.511868 -0.396696 -1.158502 -0.785716 0.983722 -1.183879 1.037844 0.227206 -0.460305 -0.318246 0.559640 -1.142333 0.305196 -0.828155
0.264106 0.025480 -0.710580 0.032605 -0.012620 0.148185 -0.091766 1.188226 -0.263071 -0.474870 0.538015 -0.462610 -0.337096 0.746668 1.315667 0.827058 -0.908652 0.526402 1.013703 -0.523245 -0.769177 0.521414 -0.398382 0.651259 -0.004229 0.445569 0.288470 -0.592034 -0.639305 -0.444686
0.525123 0.866982 -0.452073 0.273401 -0.423633 -0.280784 -0.418199 0.476314 0.291531 0.509414 0.283408 -0.603406 0.586084 0.810794 -0.791486 0.371626 -0.490455 -0.400562 -0.503758 -0.152412 0.491320 1.014051 -0.314796 0.587311 1.023422 1.038197 0.439130 -0.606519 1.318999 0.847282
-0.761269 -0.428774 0.015823 -0.733806 -0.619985 -0.717546 0.035629 0.493395 0.444789 0.328462 -0.460274 -0.783615 -0.455181 -0.683182 -0.430275 0.914424 0.867727 0.194844 0.399168 -0.282936 0.064400 -0.088947 0.951763 0.118456 -0.485575 0.117921 -0.564697 -0.115882 -0.731464 -0.206560
0.853014 0.117561 -0.624896 -0.592869 0.651264 -0.020548 -0.635104 -0.098654 -0.456804 0.621889 0.393599 0.338683 0.039961 -0.267093 1.056464 -0.625394 -0.838041 -0.206029 -0.626159 -1.120901 0.662663 0.469885 0.980474 -0.744372 -0.218918 -1.202513 -0.470533 1.053242 -0.397053 0.344582
0.681450 0.329228 -0.063578 0.080494 0.091475 -0.998839 0.559657 -1.277133 -0.490844 -0.612857 1.011770 -1.581194 0.046796 0.600524 -0.013777 0.054269 0.569530 -1.207777 -0.491146 -1.141444 0.210314 -0.841873 0.274076 -0.434847 -0.361926 -0.776260 -0.754247 0.181675 0.572441 0.420876
1.260747 0.428734 -0.095557 0.591489 0.162340 -0.341847 -0.110594 -0.612301 -0.005047 -1.211516 -0.060300 0.995536 1.406968 0.640505 -1.083199 0.842974 -0.026284 -0.237588 0.078531 -0.500153 -0.583450 0.454007 -0.149693 1.395252 -0.750464 -0.224743 -0.209380 0.036636 -0.089039 -0.331046
-0.744891 -0.151017 0.020959 0.776720 -0.762271 -0.098727 -0.524928 -0.784077 -0.382311 -0.909567 -1.051201 1.573595 0.389697 0.734420 0.161705 0.575090 0.815682 1.159363 0.160993 0.858618 0.602412 0.823687 0.528440 0.841451 -0.001418 -0.548855 -0.451631 0.512219 -0.774111 0.215651
-0.435118 0.599998 -0.418803 -0.819284 -0.308962 -0.184134 -0.324325 0.593009 -0.306357 0.245428 -0.857108 0.531043 -0.097738 -0.372941 0.057388 -0.394993 -0.067666 0.902768 -0.069865 0.326918 0.107928 0.324051 0.099354 0.602709 -0.121971 0.016973 -0.663414 -0.318654 0.232192 1.493018
0.385491 -0.381440 1.498668 0.270031 -0.229037 0.527912 -0.513287 -0.441183 -0.746902 0.748041 1.006765 -0.237087 -0.715104 -0.315001 -0.758071 1.534228 -0.878111 0.476733 -1.774183 0.545258 -1.790299 0.283623 -0.591551 0.583992 -0.603066 1.435428 0.816292 1.118356 -1.151404 0.573767
-0.453077 -0.781624 0.697917 0.653719 -0.555473 -0.450380 0.668450 0.724743 0.307281 0.408950 0.467468 -1.108395 -0.029103 -0.643341 0.057957 1.175102 -0.398351 0.924933 -2.213439 -0.591767 -1.704719 -1.395672 -0.979293 0.663621 0.599523 0.586155 -0.055351 -0.631525 0.350460 -0.896078
-0.137444 -1.217233 -1.070639 -0.587772 0.091314 -0.150102 -0.035725 1.276300 0.310241 0.095409 1.458096 -1.132654 0.905857 0.832407 0.419140 0.054164 0.951472 0.278639 -0.839107 -0.742369 -0.973992 -0.180132 -1.136693 0.134543 0.998916 0.317453 0.140418 -1.659581 0.170050 -0.463257
-0.067157 -0.164653 -0.407973 -1.220769 0.072474 0.657987 0.216775 1.045990 0.152405 1.038619 0.898459 -0.818554 -0.550614 -1.369061 0.486722 -0.603452 0.309664 1.179140 -0.871429 -0.471595 -0.622717 -1.448437 -0.735919 -0.336947 -0.086854 0.944646 1.086217 -0.460596 0.072137 0.180072
0.014809 -0.058163 -0.725617 -0.654817 0.057976 0.906107 -0.064821 0.811778 -0.074961 -0.738051 -0.769424 -0.546209 0.340025 -0.277706 0.393463 0.777106 0.073390 -0.199989 -0.943579 -0.730703 -0.956866 -0.327797 0.234856 0.319950 0.321107 -0.825827 0.315302 0.573592 -0.677578 0.460705
0.766259 0.373270 0.541479 -0.483658 -0.541007 0.791441 0.692779 0.674290 0.193389 -0.631619 -0.148498 -0.124988 -0.529608 -0.892103 0.059266 0.360967 0.421317 -0.259379 0.356291 -0.225157 0.228335 1.278764 0.559141 -0.329909 0.633205 0.104259 -0.292006 1.086728 1.068623 0.667732

Bias v0 (Oculta):
-0.426995
-0.155821
-0.224504
0.278639
-0.933877
-0.471452
-0.860317
-0.701046
-0.096599
0.382689
0.064547
0.948503
0.963351
-0.140476
0.678452
-0.125387
0.851968
1.077499
0.149800
-0.713563
1.142006
1.131323
-0.235350
0.681133
0.680807
-0.681427
0.160262
-0.083807
-0.509577
-0.208126

Pesos w (Oculta -> Sa獮a):
-0.650048 -0.752148 -1.034541 0.499395 -0.108515 0.350861 -0.031138 0.492203 -4.015405 -3.585844 0.742713 -0.197555 0.047449 0.529582 -2.178624 -0.785315 -0.711032 -1.599654 -1.196532 3.154061 1.197284 0.012482 -2.128828 0.751312 0.479938 -0.818713
-0.773318 1.867648 0.598253 0.974618 -2.638143 -3.443572 0.312598 0.666323 -2.218713 -2.180901 -2.551149 2.377031 0.885524 1.507345 0.169429 -3.830447 1.266653 1.641485 2.126934 -1.874344 0.804134 1.672642 -1.942229 -2.380133 -2.744645 -3.405224
1.576316 -1.065533 -0.215783 0.698264 1.209841 1.927461 0.247643 0.869894 -2.366348 0.861545 1.207962 -2.795225 -1.014893 -1.280086 0.446050 -0.367271 -1.363922 1.460406 0.819597 0.577372 -0.451527 -1.143483 -2.904461 -0.975111 1.059873 0.064436
1.142735 -1.737532 3.201731 -1.091701 -0.549230 -1.911136 -2.236616 -2.685957 0.143412 1.972942 1.038619 -2.255527 -0.521074 -1.344253 -1.357709 1.397119 0.307259 1.595069 -2.073077 1.677165 -1.748755 2.322192 -1.127305 -2.172614 -2.935483 -0.179951
0.873525 2.319065 -2.222780 -1.288548 1.989970 0.985712 2.291314 2.915469 -1.879780 -0.922151 1.616808 -3.675105 -0.493351 1.823098 -1.025794 -1.980161 -1.961831 0.405073 1.580221 -1.603576 0.016196 0.016251 0.860233 -1.393547 -2.255797 -3.022271
-0.583930 0.777279 -1.330400 0.661928 -1.240812 0.015176 1.239712 -1.100455 -4.140518 3.610491 -2.730644 -0.082044 -2.120072 -3.139458 -1.508812 0.963949 0.753174 -0.690913 -2.322833 -1.591480 1.623624 0.255674 0.945128 -2.830088 -1.921547 2.428121
-3.039969 -1.998092 0.339832 -1.745840 -2.582351 -3.070045 -2.277791 -0.033657 0.155215 0.474240 0.617993 -1.251394 0.896132 0.056951 -0.275173 -1.353367 -1.532725 -2.257674 0.809648 0.745371 1.695277 -0.254908 -1.084921 -0.335378 0.132066 0.432914
-1.011313 2.822878 -0.527731 3.258005 1.095287 2.093941 -0.713237 0.920585 1.164199 -0.690322 -1.133755 -0.701418 -0.238645 -1.427477 -2.035345 -0.349405 -1.457113 0.057737 -1.801634 -0.497111 -2.652521 -0.866763 0.766167 -1.379662 -0.494064 -0.327942
-0.948026 0.312318 0.016919 0.103221 -1.027384 1.026706 -1.021579 -0.652081 1.328271 -1.154394 -0.768439 -0.161992 -0.942307 -1.494877 -1.060757 -0.650330 -1.057141 -1.773750 -0.444511 -3.409697 0.806399 0.419828 -1.493274 -0.720847 0.348098 -0.531336
-0.695527 -1.506609 0.098675 -1.322427 -1.456749 1.268046 1.052520 -2.018173 2.170649 1.377553 0.315554 2.249674 -2.497578 1.634634 -1.651828 -1.821680 -3.102988 -1.040208 1.087873 0.699295 -2.024098 -2.019524 1.353893 -1.201095 0.918975 -2.750512
-0.411257 3.316611 0.294054 -1.274314 -2.916257 -1.567306 0.951322 -2.466395 -0.530100 -0.829632 -1.041609 -1.291086 1.114308 -1.463604 3.199798 3.866645 -2.424682 -1.963110 -0.212498 -0.761523 -1.117656 -1.007693 -0.303393 0.177349 -0.393675 -1.009999
1.794493 -0.940698 -1.780419 0.325690 -2.275095 -1.663514 -1.605140 1.367844 2.112785 -0.717293 1.206944 -1.933005 -1.577176 1.642548 -1.782055 -1.582451 2.826455 0.804954 -1.078292 0.044872 -1.533998 -1.618605 0.335525 3.401539 -3.309608 1.007640
0.827842 -0.040260 -0.028304 -2.129243 -0.658376 -0.066508 0.636500 -3.112720 -0.549542 -0.128837 -2.675174 -1.046762 0.801552 -0.051674 2.788686 -0.986490 1.299471 -0.400360 -1.286191 -0.002888 -3.319816 -0.566252 0.782449 -0.200283 -0.559679 -1.321660
-1.457965 -2.762477 2.695620 -2.938746 2.827020 3.091977 2.256580 -2.359867 0.734990 -1.116079 -0.820527 -1.572491 -0.740867 -1.661112 0.198300 -2.232718 1.930761 -0.922211 2.722775 1.857447 -1.067955 -1.655181 0.280806 -1.612362 -0.070773 -1.148766
-1.855335 0.220296 -0.899832 0.576850 -0.831070 -2.641176 0.005886 -1.198801 0.309759 0.509854 -0.714913 -0.984405 -3.061483 0.957502 -0.155340 -0.995992 -0.010312 0.264740 -0.074196 -0.528099 -0.332917 -0.511037 -0.959595 -0.784301 1.164856 0.376690
-1.740985 -3.321877 -0.655457 0.234243 0.626345 -0.488451 0.731843 -0.298130 -0.756297 -0.459903 -1.265596 -0.052210 -0.221498 -0.991952 -0.034921 -0.689043 -1.641754 -1.381067 -1.481939 -1.081116 -0.657665 -1.249540 -0.256445 -1.322244 0.248884 -2.125768
-0.912359 -1.494271 -0.973541 -0.527154 -1.806338 -0.529145 -1.211151 -1.107981 -0.301213 -0.738074 -0.799150 -0.815615 -1.971937 -1.047674 -0.970526 -0.575294 0.422820 -2.271472 -0.393900 -1.027638 -0.397578 0.203637 -0.253486 -0.665805 -1.740063 -0.248074
0.974989 -1.328804 -1.944824 3.974085 -4.123950 0.843058 -0.603130 -1.459583 -1.479611 -0.817751 -2.367411 -1.737111 1.531398 2.068355 0.873024 2.066933 -0.204774 1.998616 1.493901 0.334346 -3.336973 -1.506893 0.627233 1.942615 -2.054421 -0.607651
0.832680 2.225306 2.173346 -2.246493 3.907664 -4.151245 1.867730 -2.041061 -0.496798 -1.926686 1.889416 2.821668 -2.488697 -2.384889 -3.210172 -1.979965 -0.904908 1.191999 2.127201 -1.574595 -1.859095 -1.092658 0.372686 3.337543 -2.418766 2.661050
1.398457 -0.286494 1.312608 0.613228 2.114148 1.293230 -3.099877 1.800456 -0.676925 -1.498395 -0.016656 2.821750 1.279747 -2.823284 -2.911569 0.264000 -1.678424 -1.708472 -1.498456 -0.386044 -1.727248 -2.253903 -0.241110 -2.007060 -0.815554 1.200133
-2.079990 -1.045393 -1.926456 -1.254964 0.648582 -2.203096 -0.981520 -0.461040 3.715422 -2.571578 -0.812156 -1.090127 0.226326 -2.064180 1.966426 -1.286414 1.244539 -1.203926 1.084502 -1.222323 -2.263511 -2.561752 1.112040 -2.117273 -0.543392 2.897126
2.864764 -1.814051 -1.710808 0.058148 -1.434477 -1.525623 0.765588 -1.041832 -0.063629 -1.239395 0.528647 -1.346716 2.757756 -0.361637 -2.165784 -1.597539 1.462486 -2.240834 -2.042049 -1.152589 -1.092859 -2.287973 2.155469 -0.871756 -0.741318 -1.186252
-1.763667 0.715173 -0.970576 -2.170135 0.456697 0.689208 -0.147879 1.722929 0.448917 -3.311493 -0.165229 0.655631 -1.671202 -1.679457 -1.696718 1.332878 0.089544 0.715701 -1.587759 2.577391 -1.193973 3.415867 0.762070 -1.658146 -1.948883 -0.418449
0.075437 -0.947603 -0.475882 -0.919961 -1.278417 0.631441 -0.345915 -1.904904 -1.427707 -0.535677 1.919527 -0.227852 0.497573 -2.127532 0.668611 -1.099972 0.629732 -0.798937 -1.554387 -0.280651 0.103578 1.645414 -1.351757 1.595032 2.333070 -2.060284
1.059277 -0.718694 -0.312776 -0.323777 -1.644116 -0.859198 -0.603198 -1.058206 -0.223458 -0.583387 -1.440855 -0.303396 1.717837 -1.447100 -0.033520 -0.806708 -3.009651 -1.065731 -0.840504 -0.001167 0.290442 -1.502851 -3.044603 -0.018244 -0.366290 -0.405878
-0.600369 1.933734 -3.302595 -2.401837 1.551609 1.021740 -3.853295 0.184751 -2.181121 2.484110 0.140890 1.059731 0.640303 -0.140729 -1.623280 0.744211 -2.752763 0.031709 0.699414 -1.557806 -2.812392 0.805279 1.614130 0.107785 0.611637 0.332533
-1.036602 -1.066497 0.239776 0.617844 -0.955024 -1.439241 -1.431968 -2.618349 -1.299789 0.121118 0.624515 -1.250069 1.584861 -0.004871 2.494331 -0.427534 -1.334708 0.686811 0.011210 -0.677686 -0.495955 -0.490860 0.296968 -0.174200 1.485855 -0.002328
-1.275609 -0.255325 -1.751242 -2.997054 0.737787 -1.412334 1.055530 1.603377 -1.144680 -2.559379 -0.312561 -1.713124 2.137555 1.957397 -1.864330 1.058158 0.824465 2.054327 -1.274457 -2.332417 -1.828982 0.887316 -1.252620 0.119218 1.519014 0.065422
-0.204482 -0.317608 -2.167521 -0.677931 -0.394341 -1.402492 -2.952424 -2.657862 -0.499510 -0.420089 -2.201077 -0.835882 -2.203843 -0.722184 0.191321 -0.355265 0.444071 0.195054 -0.986502 -0.904482 -0.544625 -1.720676 -0.274449 -0.349814 0.253574 -1.340514
-1.401130 -2.039027 2.037841 -1.572767 0.336494 -0.594910 0.973329 1.144944 -1.628366 -1.924368 3.584250 -0.707762 -1.877916 1.005026 1.537581 0.474207 0.102898 0.916932 -3.678114 -2.470142 1.544774 -3.512316 1.447407 -2.889632 -2.801833 -1.389250

Bias w0 (Sa獮a):
-1.171818
-1.383946
-1.166077
-1.045198
-2.561169
-0.954151
-1.972279
0.029568
-0.268529
0.169909
-1.693741
-0.669988
0.000882
-2.242577
-1.670731
-0.480634
-0.795531
-0.751670
-2.363153
-0.712299
0.287904
-0.759832
-1.604517
0.015836
-1.443728
-0.762023
