Pesos v (Entrada -> Oculta):
0.224061 -0.424561 0.120401 -0.537813 -0.803201 -0.800776 -0.251329 -0.899279 -0.067118 0.125465 -0.544272 -0.567438 -1.202318 -0.057375 0.261118
0.848405 -0.492003 1.200974 -0.370686 0.395394 -0.118698 0.120034 0.816943 -0.027335 0.063680 0.097565 0.177285 -0.008307 0.722672 0.169710
0.146756 0.882666 -0.220497 0.228882 -0.696063 -0.056426 1.369734 0.099626 0.852062 0.005358 -0.175488 0.408645 0.391131 -0.567664 -1.053510
-0.498826 0.611834 0.647738 -0.771464 -0.596450 -0.140581 0.796217 -0.291824 0.220986 1.464727 0.018526 -0.767718 0.686281 -1.022773 -0.804729
0.284661 -0.098675 -0.536825 -0.687613 -0.360523 -0.654568 -0.804824 -0.927482 -0.925222 -0.213697 0.321979 -0.422729 -0.086542 -0.283911 -0.340150
-0.872193 -0.753418 0.666750 -0.198158 0.619217 -0.159810 -0.331817 -0.907994 -0.039175 -0.727156 0.127749 -0.108171 0.941247 0.739208 0.830228
0.015263 0.138136 -0.422216 -1.304587 0.561962 -0.077404 -0.111459 -0.097258 -0.377502 -0.375391 0.593320 0.587547 0.779862 0.856883 0.516108
0.098488 0.483304 0.146980 -0.741159 -0.590084 -0.854413 -0.367614 -1.394563 0.109162 0.159646 0.361881 0.890243 0.270272 1.043025 -0.090022
0.524062 -0.741036 -0.039587 0.114596 -0.542504 -0.191467 -0.371845 -0.007000 -0.106440 0.895276 0.950577 0.024886 0.787337 0.269726 -0.416149
0.629088 1.124168 0.774901 0.668111 -0.725844 0.138489 0.442382 -0.164911 -0.386316 1.053053 0.235582 0.162186 -0.753297 0.485645 -0.415316
-0.037860 0.986644 0.515935 -0.550346 -0.411157 0.008385 0.592179 -0.224900 0.637898 -0.597766 -0.368458 0.028379 -0.112586 -0.477043 0.689075
-0.760235 1.046923 0.446101 -0.452568 -0.389405 -0.487253 0.111474 0.440154 0.284764 0.448239 -0.280978 -0.199306 -1.155233 -0.765648 -0.779690
-0.282123 0.828935 -0.815739 -0.433445 0.219575 0.874121 0.231011 -0.642459 -0.318001 -0.290265 0.446716 1.225668 -0.125879 -0.167913 1.084162
0.130969 -0.048467 0.248052 1.253719 0.032384 -0.455273 -0.767642 -0.212025 -0.117416 0.265547 0.564444 -0.174677 -0.332423 -0.103373 -0.815437
0.367913 -0.288409 -0.227360 -0.500078 -1.816095 -0.638919 0.525526 -0.378290 -0.773848 1.584285 -0.040993 0.051002 0.269260 -0.162255 -1.141728
0.157395 -0.185490 -0.081974 0.062597 -0.699143 -0.458215 0.048302 -0.444779 -0.018221 1.070074 -0.123806 -0.184085 0.169007 -0.357962 -1.190451
0.571419 0.494335 -0.306685 -0.953001 -0.079950 0.320947 0.183863 0.643411 0.137154 0.435322 -0.172256 -0.417943 0.274935 0.090213 -0.320879
-0.392755 0.458778 0.061608 -0.871601 0.327235 0.639285 -0.962017 0.242624 -1.070283 -0.423495 0.774532 -0.613213 0.774814 0.603463 -0.083419
-2.006786 -0.449857 0.387520 -0.609527 0.794340 0.425189 0.145893 0.507733 0.765638 0.416409 0.977175 0.990832 1.538540 1.158207 -0.238044
0.265240 1.005074 -0.151903 -1.011708 0.531586 -0.880022 0.266216 0.825076 -0.309185 -0.744486 -0.079355 0.688439 -0.020128 0.792561 0.292462
0.760896 0.164642 0.228840 -0.896820 -1.470552 -0.449365 0.556265 0.390407 -0.222605 0.157376 0.250902 -0.159470 -0.194808 0.468432 -0.244122
0.134875 -0.781553 -0.283497 0.440703 -0.985417 -0.215018 -0.311101 -0.576556 -0.146695 1.411725 0.096829 -0.641906 -0.699148 -0.595911 -0.645017
0.508108 0.595016 0.252128 0.630948 -0.416838 -0.415066 -0.241485 0.421496 -0.016263 -0.931616 0.951956 -0.889041 -0.953201 0.387272 -0.213076
-0.315739 0.832760 -0.037311 0.984733 0.032348 1.466235 0.551710 -1.161347 0.571907 -0.599028 0.978331 -0.109608 -0.084549 0.886403 -0.240398
-0.761409 0.854991 -1.093219 -0.070487 0.636960 1.334227 0.178618 -0.255039 0.999431 0.025724 0.655378 0.870727 -0.394960 0.751858 0.534824
0.604589 0.168494 -1.348403 0.818147 0.027774 0.828198 -0.665630 -0.687696 0.066892 -0.650061 -0.495395 -0.662058 -0.792932 -0.212971 -0.272287
0.308083 0.168591 0.116157 -0.036177 -0.677570 0.678783 0.236024 -0.482451 -0.835457 0.526935 0.710362 -1.127831 -0.845243 -0.239055 -0.981872
0.748165 -0.355368 -0.331604 -0.122988 -1.090476 -1.163326 1.370078 -0.605276 0.201400 0.172440 0.662714 0.279564 0.227363 -0.886108 -0.195434
-0.174038 0.346535 0.536785 -0.339764 -0.396992 0.324662 0.098841 -0.686366 -0.042729 0.001579 -0.102363 0.619528 0.133005 -0.110320 -0.082158
-0.345178 -0.716474 -0.255332 -0.466346 0.532467 -0.191206 -0.848464 -0.564538 0.187309 0.206962 0.280551 -1.185935 0.453883 -0.040386 -0.189671
0.057067 0.512145 0.457044 -0.382854 0.584999 -0.024801 -0.713272 -0.707062 -0.975860 -0.436254 0.901468 0.564584 0.825107 1.317141 0.314287
-0.353636 0.788552 -0.089567 -0.696761 0.047492 0.606418 -0.191670 0.949500 -0.857337 -0.004039 0.271598 1.525779 0.689089 0.959351 -0.883557
0.108424 0.983363 -0.201187 0.310638 -0.992749 -0.374330 0.854417 -0.472131 -0.328638 -0.307652 0.908388 -0.328999 0.599468 0.270615 -0.390462
-0.861302 -0.666562 0.846273 0.614492 -0.445094 -0.431751 0.669803 -0.382277 -0.003436 0.090094 0.550985 -0.940721 0.164640 0.284535 -0.219755
-0.406682 -0.237596 -0.473678 0.358785 -0.695645 0.078036 0.461079 0.172805 0.144923 -0.541689 -0.255395 -0.211418 -0.763504 -0.078150 0.312213
0.634801 0.023684 0.190522 -0.978928 -0.728183 1.126315 -0.553980 -0.255783 0.802229 1.073806 -0.804852 0.385784 -0.010418 -0.618857 0.301473
0.021643 0.069126 0.631761 0.257928 -0.585610 0.320562 -0.827178 0.615755 -0.156511 0.898181 0.391585 1.232048 -0.603843 0.352885 0.138020
0.833781 0.751541 -1.169700 -0.600717 0.282486 0.674236 -0.492673 0.487111 0.212823 -0.256932 0.425484 0.384419 -0.878827 0.183110 0.943192
-0.040149 1.014773 -0.254020 -0.555557 0.869541 -0.248254 0.558808 0.284304 0.223776 -0.392251 -0.021161 0.593222 -1.010017 -0.019486 0.256579
-0.725318 -0.750820 -0.094450 -0.045238 -1.133320 0.456298 1.631397 -0.806482 0.408698 -0.009837 0.635976 0.714071 -1.316256 -0.292269 -0.599455
-0.148366 0.718955 -0.265800 0.817871 -1.181572 -0.561655 1.506882 0.036159 0.191535 0.209092 0.588942 -0.563105 -0.474591 -1.051636 0.152471
0.563788 -0.568360 0.037052 0.503748 0.063220 1.233060 -1.092547 -0.037977 -0.693956 0.529582 -0.423729 -0.779234 -1.133420 0.313954 -0.369117
-0.308065 0.104462 0.927438 0.153046 -0.754088 -0.848196 -1.864209 -0.556143 0.043353 0.153951 0.388208 0.338833 -0.498275 1.405240 -0.344389
-1.881718 -0.108398 0.126983 0.399987 0.174298 0.791599 -0.442106 0.993009 -0.622663 -0.089735 0.201804 0.758026 0.235250 0.974887 -1.495368
-1.388659 -0.586714 -0.103468 1.009044 -0.320193 0.372696 -0.723347 -1.046785 0.981946 0.330074 0.661207 0.761467 0.705888 0.592550 -2.230876
0.092228 -0.026334 -1.109335 0.488496 0.721224 0.682332 -0.801172 -0.291149 -0.829646 0.139388 0.332472 0.513509 0.118463 1.135079 -1.005380
-0.598714 0.566070 -0.991839 0.687971 -0.516849 1.335539 0.538668 0.655777 0.637600 0.456368 0.221134 0.451481 -0.948609 -0.085274 -0.098477
-0.389810 -0.401725 0.071215 -0.654803 -0.310885 0.230491 -0.592505 0.359822 1.000551 0.373284 -0.824424 -0.370144 0.511942 0.777646 0.738922
0.907598 0.951078 0.523209 0.651706 0.813505 0.762278 0.468119 0.859525 0.630059 0.963503 -0.899118 0.765987 0.795963 -0.671300 -0.436179
0.029558 0.467078 0.180623 0.278099 0.017898 0.958287 0.210126 0.177083 0.044879 -0.519802 0.546662 0.080430 -0.182081 -0.668270 -0.351839
0.944764 0.743115 -0.075908 0.884299 0.028852 0.906853 0.657108 -0.752431 0.308134 0.073846 -0.064284 -1.223548 -0.106611 -0.406989 -0.617889
1.038767 0.144148 0.003893 0.297110 0.811560 0.299623 1.836242 0.840378 0.022247 0.882388 0.511871 0.066202 -0.579779 -0.207786 -0.158415
0.569777 -0.261263 -0.231072 0.278071 0.236537 0.296643 0.254144 0.729830 0.850611 0.631116 -0.469790 0.423118 0.322242 -0.892340 0.906959
0.950189 -0.604827 -0.466389 0.585628 -0.857663 1.085118 -0.028974 -0.383028 0.305130 0.764105 -0.676459 2.192722 0.014812 -0.634370 0.231179
0.232868 0.434401 -0.535927 0.602302 0.578612 0.447387 -0.290206 0.951280 -0.010873 -0.769271 0.027434 0.285943 0.779776 -0.962439 0.433106
0.374174 -1.009015 0.640744 0.995642 -0.161017 0.312003 -0.374844 0.401424 -0.436300 0.167180 -0.328838 0.603907 1.050492 -0.116220 -0.805924
-1.640501 0.219781 0.255557 1.127129 0.404455 -1.107687 0.094507 0.231523 0.985064 0.205293 0.255745 0.056553 0.668865 -0.082953 -1.877691
-0.409872 -0.109292 -0.252563 -0.693297 -1.032880 0.173527 0.319156 -0.642767 0.251654 -0.612984 0.701203 0.126428 0.949753 0.093753 -1.648220
0.867240 -0.753578 0.151809 -0.269196 -0.728064 0.127735 -0.544884 0.185679 -0.610561 -0.847844 -0.901535 -0.491060 0.263941 0.378463 -0.949026
-0.198451 1.344975 0.473454 0.439572 -0.796722 0.014352 -0.265071 0.639416 0.898881 1.110538 0.421950 0.294950 -0.206680 -0.727103 0.013642
0.455836 -0.196709 -0.205697 -0.083961 1.018295 -0.262232 0.583771 0.202055 0.477098 -0.316132 -0.572492 0.347970 -0.621247 -0.332388 0.019118
-0.536992 -0.687234 -1.019635 0.648161 1.205978 -0.149034 0.701201 0.406694 0.227144 -0.716780 0.555131 0.123332 -0.681283 -0.199636 1.068227
0.015653 0.324088 -0.227473 -0.350343 1.407649 -0.449686 1.168684 -0.459147 0.822350 -0.652924 -0.031534 -0.158841 0.512653 0.470507 0.245102
1.417631 -0.390871 0.960390 0.011828 1.738386 0.244659 1.152868 0.105137 -0.059759 -0.319221 -0.568629 -0.994221 0.802756 -0.289851 -0.529045
1.538475 0.147615 0.163173 -0.152442 0.069350 0.303316 0.740536 0.208003 -0.657506 0.332739 -0.853622 0.630439 -0.173924 -0.775110 -0.764498
0.165978 0.336822 -0.698692 0.489795 -0.882482 -0.447250 -0.079874 -0.041619 0.059509 0.433897 -0.674581 1.668426 0.607302 -0.186070 0.179290
-0.329126 -0.407084 0.562063 -0.446853 0.223192 0.459836 0.783197 0.511457 -0.245350 -1.107204 0.024568 1.167708 0.669331 -1.350701 0.635815
0.334946 -0.744005 0.528528 0.739737 0.273022 -0.167018 -0.017173 -0.893710 0.497664 0.038569 -0.174894 -0.886104 0.826344 -2.124515 0.352408
-0.173703 0.042649 -1.238666 0.758474 -0.113266 -0.664321 -0.044133 0.241004 0.525107 -0.893437 0.245364 -0.754285 0.992753 0.046312 -0.626278
-0.576029 0.446975 -1.848230 0.190460 0.151836 -0.114690 -0.651231 -1.002932 -0.835983 -1.099741 -0.039113 1.087994 0.723359 0.809780 -1.431698
0.013029 -0.048623 -0.802904 0.781161 -0.596351 0.195080 0.672554 -0.547326 1.096304 -0.303241 0.289405 0.131331 0.885784 0.071685 -0.019454
-0.399481 0.792275 1.114873 0.542668 -0.288564 0.266039 0.787421 -0.863081 -0.185624 0.741510 0.116954 -0.904363 0.308111 -0.355764 1.114141
-0.941588 1.058499 0.230321 0.764705 -0.690534 -0.889697 0.667490 -0.805468 0.005707 0.034184 0.475221 0.435726 0.414428 0.274614 0.826616
-0.286871 -0.020094 -0.359986 -0.464779 -0.268056 -0.249995 -0.244454 0.149875 0.031815 -1.255251 -0.344457 -0.484148 0.021602 0.218485 0.336469
-0.473727 0.180714 -0.272893 -0.132362 0.871031 -0.391969 -0.416692 0.778788 -0.196608 -1.041294 -0.415966 0.067294 0.010423 -0.400147 0.301183
-0.318831 -0.337437 0.663598 0.425788 1.465215 -0.043731 -0.776574 0.487325 -0.017686 -0.361137 -0.764526 -1.020481 1.480948 0.400718 1.324872
-0.027056 -0.544915 0.748683 0.785905 -0.186509 0.484298 -0.056383 -0.329768 0.100499 -0.914719 -0.639680 -0.024627 1.494654 -0.103211 -0.124042
0.241781 0.540442 -0.222736 -0.257575 -1.037735 0.379478 -0.085747 -0.676020 -0.054263 -0.380845 0.044105 -0.475058 -0.006852 0.317208 -0.304963
0.044329 0.592153 1.277564 0.684792 -0.562234 -0.573737 -0.320088 -0.376766 -1.028633 -0.322129 -0.210160 0.082417 -0.884777 -0.972844 -0.085559
-0.930130 -0.311707 0.060324 0.777326 -0.449818 1.472357 -0.045483 -0.008235 -0.835733 -0.929105 -0.342322 -0.525669 -0.909093 -0.987198 0.616752
-1.065778 -0.089487 -0.818881 0.972729 0.262372 0.770515 -0.138135 -0.047505 0.696776 -0.374628 -0.618120 -1.025937 -1.143009 -1.449488 -1.450404
0.274970 -0.483958 -1.983708 0.025227 -0.245083 0.490556 -0.196307 0.344425 -0.745310 -0.740650 0.446361 -0.400645 -0.398831 -0.202747 -0.271497
0.061877 -0.672473 0.539448 -0.776049 -0.758153 -0.002166 -0.176505 -0.271527 0.327666 -0.266649 0.875461 -0.003136 -0.112030 -0.363749 -0.586939
0.748961 -0.458574 0.134015 -0.314296 0.539047 0.729396 0.591707 0.353417 1.314205 -0.581277 0.069320 -0.682815 0.263936 -0.208183 0.161797
-0.121786 0.298362 -0.078819 0.647363 0.032722 0.318942 0.421348 -0.036741 0.051965 -0.474098 0.870370 -0.449231 1.060718 -0.260226 -0.537536
-0.467856 -0.209237 0.194957 -0.301097 0.600153 -0.042214 0.433654 0.512074 -0.357485 -0.769017 -0.234190 -0.369351 -0.443083 -0.024450 0.698201
-0.545745 -0.340386 -0.149327 0.468533 0.113710 -0.347262 -0.428700 0.593360 0.980165 -0.958482 0.105102 0.226806 -0.294230 0.082008 0.646092
-0.836688 0.769976 0.339044 -0.802923 0.096528 0.243372 0.148536 0.108289 -0.085057 -0.164159 -1.011149 0.039923 -0.044110 -0.008447 0.712427
0.068283 -0.499603 1.654570 -0.346483 -0.562121 0.143762 -0.133254 -0.403754 -0.065649 -1.073703 -0.251324 -0.760462 -0.243926 1.014911 0.757912
1.222502 0.663327 0.597052 -0.408112 -0.424567 -0.370777 -1.078950 -0.364164 -0.426277 -0.790428 0.871280 -0.642781 -1.468289 0.626515 -0.219669
-0.394881 -0.204619 1.320605 0.175534 -0.215271 -0.214662 -0.332166 -1.550724 0.910321 0.210183 0.017551 0.665210 -1.606722 1.660925 -0.271570
-1.390594 -0.940472 0.253361 0.195711 0.590020 0.091478 -0.563861 -1.246222 -0.056606 0.020653 -1.209662 1.068575 -0.571826 0.427037 0.342391
-1.504039 0.085209 -0.787185 0.477524 0.838345 0.818877 0.177540 0.017686 0.407533 -0.849803 -0.173450 -0.157243 -0.049380 -0.858887 0.406342
-0.291678 0.366458 -0.619683 -0.046307 0.047355 -0.056322 0.045539 0.761839 0.708398 0.198789 0.167699 1.592932 -0.567848 0.011335 -0.617397
0.804490 0.013716 0.667644 -0.172802 -0.370801 0.064603 -0.562384 0.131998 0.165633 1.042739 -0.319951 -0.362081 0.312221 0.931240 0.145862
0.459517 -0.308486 1.663247 -0.717426 0.321137 0.536697 -0.385053 0.427859 0.135690 -0.448028 0.456332 -0.045173 1.279942 0.663765 -0.342546
0.885894 1.122813 -0.299713 0.574708 -1.365043 0.334845 -0.884293 0.681712 0.750999 -0.336048 -0.959633 -0.519367 -0.032815 0.347227 0.557245
-0.464014 0.452953 0.341045 0.212983 0.077579 -0.814187 -0.766383 -0.164706 -0.618497 0.200035 -1.057622 -0.041999 0.770140 0.284166 1.244750
-0.714999 0.301249 0.654822 0.660895 0.344594 -0.446248 -0.786129 0.586366 0.241106 0.246996 -0.714172 0.441512 1.029911 0.049244 0.849859
-0.455521 0.186644 -0.184519 -0.968911 1.843859 1.145894 0.438502 1.217654 -0.048015 0.839610 -0.292929 1.144884 -0.012840 -0.324051 0.789895
0.179544 -0.395588 -1.692855 -0.547577 0.314551 0.391002 0.304761 -0.215122 0.202984 0.178489 0.021320 -0.398526 -0.384890 -0.303766 0.338155
0.461409 0.504197 -1.601016 -0.417826 0.915294 1.040651 0.052901 -0.380671 0.790401 0.422153 0.474404 0.334353 -0.536268 -0.059208 0.455566
0.621937 -0.188604 -0.748480 -0.033541 0.071501 0.131847 0.467060 0.474781 -0.646096 0.292408 -1.220639 -0.226031 -0.884845 0.741840 0.622416
-0.044917 -0.692228 -0.391877 0.336149 0.415355 0.456898 0.383141 -0.136340 0.066575 0.261200 -1.870805 0.954110 -0.238468 0.242407 0.090737
-0.337932 -0.240708 -0.057043 1.051576 -0.212933 -0.785944 0.966504 0.283360 -0.202061 0.246553 -0.667853 -0.002806 -0.477505 0.235801 0.728152
0.576194 0.772727 0.991538 1.359612 0.316347 -0.045233 -0.088397 1.029353 0.879838 -1.036469 -0.592411 -0.839477 0.063210 -0.425555 0.764395
1.432521 0.396269 1.112630 0.107730 -0.092288 -0.317601 -0.408102 -0.495634 -0.191927 -0.482292 0.326093 -1.095343 0.177577 -0.640126 0.018403
-0.342519 -0.144656 0.072741 0.747486 -0.450049 -0.402874 0.135704 -0.959418 0.136129 -0.552689 -0.622059 0.662102 1.291535 -0.431048 0.033191
0.571506 0.945958 1.644304 0.937666 -0.923365 -0.719099 -0.063199 -0.070700 0.784645 -0.710784 0.660540 -0.458413 0.867609 -0.379225 0.759136
-0.428712 0.538417 0.399628 0.647326 -0.326202 -0.570655 0.625709 0.166836 0.036885 0.462720 -0.143013 -0.372945 0.721089 -0.349517 0.799582
-0.226327 -0.687902 0.656294 0.672372 0.253499 -0.159126 -0.921645 -0.020091 -0.481660 0.363292 -0.483464 -0.639236 0.438516 -0.311274 1.218312
-0.092339 0.893136 0.248165 0.108877 1.208827 0.930920 0.359863 -0.078778 0.944363 0.964998 -0.711144 1.002384 0.692571 -0.207238 0.555442
-0.232413 0.990332 -0.664681 -0.434654 -0.597452 0.068727 0.186363 0.105918 -0.503329 1.187858 1.144940 0.873220 -0.134109 0.094909 0.476547
0.126843 -0.244941 -0.505333 -0.481129 0.200974 0.397891 0.070377 -0.796870 0.610253 0.868593 1.551051 -0.814049 -0.575924 0.259884 -0.075531
0.678325 0.011162 -1.655032 -1.247698 0.403929 0.383200 -0.534041 -0.245894 1.126827 -0.980998 -0.325775 -0.547731 -1.102126 -0.086805 0.999210
0.011897 -0.158762 -1.312804 -0.221941 0.635100 0.449576 -0.376693 -0.767510 1.312882 -0.717703 -3.538072 1.373107 -0.112798 0.757586 -0.232845
0.156420 0.242532 -0.231681 0.449967 0.125774 -0.033055 0.002144 -0.962022 -0.206581 1.120381 -2.574426 0.833719 0.514843 0.434764 1.111150
1.233469 0.800794 0.510736 -0.063098 0.242237 -0.094340 0.303191 -0.287032 -0.890648 -0.590403 -0.626362 0.091730 -0.980117 0.385563 0.145968
0.918049 1.057796 -0.217196 0.054082 0.384139 -0.230979 -0.528744 -0.457373 0.595047 -0.846218 -0.494499 -1.142717 -0.304623 -0.560727 0.561887
-0.676300 0.491067 0.757650 0.434810 0.398881 0.856595 -0.640337 -0.645237 1.319869 -0.204951 -0.291175 0.627784 0.253442 -0.372396 -0.743322

Bias v0 (Oculta):
0.424411
0.894378
0.891061
0.275157
0.670685
0.742988
-0.971990
-0.419606
-0.018687
1.037586
0.941448
0.859466
1.231902
0.507090
0.188931

Pesos w (Oculta -> Saﻥda):
-0.294284 1.766868 0.610234 1.590426 -3.040752 -2.726645 1.024004 -0.458524 -3.132821 2.113961 -3.644797 -2.779671 -1.503454 0.385857 1.344219 1.438536 -0.029211 2.357171 1.246547 -2.605315 0.612776 -1.255874 0.368282 0.202233 -2.093906 0.231050
-1.457746 -1.118827 -0.684286 -1.456880 -1.940879 -0.977308 -2.517225 -0.332082 -0.967841 -0.547187 -0.065012 -1.672938 -1.838040 -1.160464 -0.674438 -1.609704 -1.962338 -1.550291 -1.731237 -1.248902 -2.558070 -0.940798 -1.197351 -0.408657 -0.382087 -0.859696
-4.491215 1.879500 1.361130 2.198345 2.993357 -2.194160 1.044474 1.191296 2.147248 -3.045935 -3.179083 0.672205 1.024278 0.412267 0.870116 -3.122986 -0.058790 -4.504054 1.965175 0.471668 1.288676 -4.948362 1.851394 -2.668788 1.599785 2.376751
-1.151967 1.907286 -0.134007 0.354277 0.344417 0.784183 1.436462 -4.378350 0.157182 0.322592 -0.386814 -0.333226 -3.745187 -3.872392 -0.272755 0.440485 1.216299 0.637477 0.336341 -0.173349 0.951865 -0.989907 -2.725497 -0.188300 1.115431 0.137151
-0.972709 -0.571918 -0.560669 -1.088285 -0.684118 0.016617 -1.276617 -1.927775 -2.766345 -1.642050 -2.707016 -1.023044 0.664891 1.098603 -1.467624 -0.343447 -1.636469 -2.596624 -0.886318 2.592374 -2.722536 0.038369 -0.808081 5.603410 3.036589 -0.509399
0.433294 -3.512932 0.391961 -1.245107 0.353834 -0.077611 -1.122574 -0.880358 -0.959611 -0.293415 0.337803 -1.774484 -0.227854 -0.647814 -0.194137 -0.958199 -1.731257 -0.297370 -0.302147 -0.473728 -1.631728 -1.183069 -3.178359 -1.645680 -1.743827 -0.143441
2.927099 -1.125467 -3.919254 -0.548208 -2.014107 -0.824864 -2.770411 -1.786405 3.365639 3.106771 -1.978053 -0.204843 -1.485997 -0.792304 -2.163694 -0.831736 -0.292039 -1.436083 -1.716856 2.960520 -1.782142 -1.151665 1.970248 -0.096695 -2.154882 1.693750
-0.360927 -1.102862 -1.087466 -0.030084 0.709725 -0.064840 -0.895022 -0.432672 -0.170835 -0.153315 -0.219894 -0.030939 -0.746838 0.759260 -1.992091 -0.875042 4.001277 1.093852 0.144202 1.282974 -0.669743 0.898027 -0.049311 -1.119010 -1.048770 -1.082264
-1.407045 -2.397122 -0.225149 -0.144507 -0.846134 0.254586 -2.322857 0.032846 -1.081334 -0.093799 -1.031852 -1.651821 -0.338090 -2.426523 -1.786404 -0.471938 -1.711982 -1.112298 -0.597930 -1.618386 -2.652622 0.053484 -0.669878 -0.553808 -1.140289 -0.613506
2.043777 -1.247659 -1.342529 -2.314136 -1.307684 -0.001451 3.501674 -0.580903 -0.862089 -1.385553 -0.323561 -2.026241 2.651619 -2.183793 1.918693 -0.743680 1.457964 -1.097804 -2.079131 -1.509393 -2.039489 -1.623350 2.694138 -0.552492 -1.033596 -0.988659
1.253350 1.505570 -1.377401 -2.136843 1.071856 -3.485522 0.187417 1.926735 -2.060775 -3.066308 3.164288 2.192643 -2.500275 1.978592 -2.564804 -4.002454 1.592027 3.439374 -1.745010 -1.473800 -1.523559 -3.015675 -0.789481 1.289811 -2.518568 1.448932
1.131247 -1.581015 2.568612 1.367854 -1.591878 1.254648 1.564978 1.201181 0.592025 -2.425831 -1.259732 2.853182 0.633213 -1.118669 -1.481610 -0.939947 0.541656 -1.553309 -2.960713 1.225718 2.016525 1.348254 -1.353751 -1.148898 -3.825455 -1.790105
-1.162939 -2.678109 0.993023 -2.694356 -3.498632 -2.880978 -0.520317 -3.264735 1.376675 0.922896 1.929584 1.281782 0.722379 2.805410 1.042109 -3.365840 0.863180 -2.413041 2.123435 -1.880255 2.492811 2.667606 1.090455 -0.180936 -0.104502 -3.776546
1.614423 1.549030 -4.021263 -2.181131 1.555924 2.425110 1.153643 0.302574 -1.304518 -1.264847 -1.482673 1.677071 0.762432 0.512671 -3.441287 1.134494 -2.683567 -1.516390 1.921129 -2.716523 1.923323 -0.265097 0.337508 -1.657744 0.276662 -3.828197
-1.598623 0.861496 -3.995368 1.762578 -2.961601 -3.016433 -2.606858 2.016090 -3.010329 -0.820176 -1.112442 -1.854160 1.761837 1.506263 2.238992 2.895465 1.591965 0.679198 -2.965103 2.002809 2.413272 2.338547 -1.989123 -2.509075 1.714146 -1.888693

Bias w0 (Saﻥda):
-1.841513
-1.970917
-1.601222
-1.764461
-1.049115
0.156042
-1.488081
-2.003456
-1.688151
-1.723734
-0.484038
-1.400902
-1.652102
-1.931827
-1.798986
-0.114054
-2.299620
-0.947644
-2.516579
-1.372467
-3.194873
-0.976799
-0.337339
-0.177523
-1.421299
-1.167143
