Pesos v (Entrada -> Oculta):
-0.535155 0.143507 0.891093 0.621383 0.451570 0.319836 0.364801 0.356588 -0.752309 0.616708 0.822101 0.312177 -0.577466 0.731372 0.420910 -0.373903 -0.510792 -0.344538 0.462230 0.586817 -0.780606 0.989680 0.276355 -0.605542 0.676783 0.234972 0.902019 -0.800048 0.786065 -0.963503
0.575413 0.684237 0.519616 0.898191 -0.686425 0.196177 0.879029 0.767430 0.683921 -0.715317 0.242863 -0.970592 0.343980 -0.536698 0.740833 0.580547 -1.019633 0.993401 0.378052 -0.908485 0.677583 0.237965 1.047554 1.059061 -0.724203 -0.128944 0.371613 0.637428 0.830895 -0.269474
-0.028907 0.564277 -0.973802 0.456552 0.540775 -0.172068 -0.359950 0.494394 0.680487 0.284045 -0.303557 0.435822 -0.540136 -0.749322 0.681943 -0.321478 -0.364070 -0.100189 -0.605619 0.798380 -0.080388 0.522667 0.325340 0.411526 0.640052 0.754868 0.384400 -0.803768 0.799579 1.006947
0.304350 -0.026848 0.313111 0.438017 0.183803 -0.101304 0.755489 -0.642603 -0.211685 -0.487679 0.980224 0.091386 0.857458 0.315081 0.334547 0.005495 0.991364 -0.575238 -0.497099 0.894999 -0.074165 -0.399499 0.485477 -0.753010 0.038732 0.489699 0.544469 0.303218 0.437495 -0.148555
-0.721909 -0.421530 0.471775 -0.341785 -0.413728 0.033608 0.416754 -0.071665 0.279070 0.726240 0.285405 -0.486003 0.323262 -0.716534 0.559377 -1.010560 0.194855 0.760225 0.871777 1.109928 -0.285477 -0.717976 0.201744 -0.797399 0.281025 -0.285167 0.188710 0.091621 -0.515006 -1.010911
0.805007 0.153766 -0.223306 -0.203735 -0.044568 -0.988613 0.667722 -0.200820 -1.100889 0.046698 0.156295 0.307949 0.900290 0.100604 -0.409284 -0.451236 0.602350 0.091594 0.887314 -0.679748 0.185143 0.888433 0.105404 0.457702 0.231831 -0.584843 -0.448561 0.073306 -0.258615 -0.443334
-0.667950 0.875925 1.090128 0.215524 -0.772339 -0.697650 -0.596460 -0.070808 0.576031 -0.517819 0.864117 0.933303 -0.640699 0.981118 -0.017136 -0.788235 0.504318 0.693526 0.995761 0.831462 -0.530532 -0.896498 0.304556 -0.232350 0.147672 0.080845 -0.503091 -0.406009 -0.171052 -0.298719
-0.632210 -0.407589 0.782862 0.569786 0.745419 -0.621886 -0.759521 -0.928891 0.230132 0.961618 -1.011634 0.769174 1.056089 0.404562 0.036980 0.714794 -0.210465 0.778907 -0.296260 -0.046913 0.244797 0.585292 -0.042854 -0.582219 0.607146 -0.938506 1.191917 -0.211550 -0.740906 0.303112
0.056253 0.383265 1.072079 -0.240415 0.218924 0.553205 0.529035 0.671427 -0.461106 -0.631357 0.762660 -0.713185 0.810487 -0.947125 -0.945522 0.112104 0.045157 -0.229203 -0.859121 0.071339 -0.082458 -0.680502 -0.290942 -0.200879 -0.258018 0.065528 0.360804 -0.575801 0.099298 0.443716
0.259683 -0.202097 0.610125 -0.931534 0.398489 0.433740 -0.095019 0.955631 0.750709 -0.197952 -0.888389 -0.127796 -0.991897 0.537605 -0.507848 0.672297 0.476619 1.019286 -0.479583 -0.007890 -0.972984 0.812361 0.661052 -0.306049 -0.933783 -0.366105 -1.161392 0.665845 -0.894714 -0.793411
-0.029916 -0.378757 0.472177 -0.340503 0.928576 -0.880536 -0.036608 0.005424 0.328103 -0.965538 -0.123151 -0.972967 0.334377 0.199596 0.213070 -0.848313 -0.672106 -0.452458 -0.948268 -0.133858 0.820576 -0.776573 0.019411 -0.272895 -0.724551 1.040587 -0.497386 -0.847153 0.120954 -0.586420
-0.246606 0.840055 -0.043224 -0.465447 -0.261509 -0.622643 -0.563001 0.426428 0.199630 -0.551046 -0.129055 0.753642 0.174932 -0.937546 -0.040329 0.374959 0.163159 -0.884064 0.332821 0.750733 -0.103955 0.586124 0.220099 0.966145 -0.688892 -0.701422 0.580806 -0.932399 0.713734 0.191629
-0.101167 -0.473410 -0.423518 0.190947 0.995521 -0.196431 0.565099 -0.506940 -0.943504 0.311339 -0.081327 -0.579595 -1.014725 0.089015 0.856325 0.219347 0.273096 -0.541649 0.268017 -0.055466 0.718654 -0.947887 0.741882 -0.315505 0.778373 0.632917 -0.447359 -0.670470 0.927695 -0.946512
-0.230603 0.804007 0.558132 0.256554 0.852547 0.532151 -0.741847 -0.846988 0.029471 -0.178389 0.434495 -0.767878 0.567543 -0.841660 -0.176274 0.615757 -0.376100 1.022518 0.827039 0.438126 0.661397 0.347593 0.945657 0.235258 0.030502 0.461573 0.375372 0.713400 -0.529105 0.958316
-0.216980 -0.424684 0.453094 -0.659814 -0.360898 0.472144 -0.414254 -0.008362 0.773587 -0.305518 0.139166 0.338157 -0.774306 0.712769 -0.268029 1.065289 0.077095 -0.660054 0.687329 -1.081281 0.733964 -0.090417 0.620997 -0.748953 -0.002617 -0.346995 -0.040938 0.200950 -0.167288 0.829471
-0.320266 -0.792777 0.569521 0.914224 -0.470480 -0.087421 -0.441837 0.432574 -0.434171 0.227484 0.928988 0.245715 -0.819778 -0.540208 -0.181875 0.319929 -0.686119 -0.847993 -0.884112 -0.872289 -0.867397 -0.628903 0.976083 0.080967 0.110408 0.065540 0.647231 -0.317688 0.355470 0.848274
0.548232 -0.935942 -0.928035 -0.376019 -0.347191 0.958877 -0.260109 0.617539 0.007834 0.126579 -0.201622 0.250117 0.006866 -0.664137 -0.625104 -0.111205 0.462351 -0.353274 0.143888 -0.713955 -0.835816 -0.543377 -0.950956 0.235963 -0.030345 -0.872652 0.243923 0.646442 -0.706736 -0.843388
0.980606 0.727331 0.479132 -0.412891 1.245666 -0.603676 -1.130614 0.036895 -1.086157 0.110331 0.457174 -0.314123 0.918612 -0.198592 -0.376877 0.830092 -0.403442 -0.623929 0.192509 -0.686777 0.166007 -0.890331 0.467404 0.170857 0.795359 -0.379613 0.372432 -0.351880 -0.986332 0.553140
0.256054 0.070374 -0.089723 0.623118 0.964810 0.188206 -0.678819 -0.307483 0.152224 0.914520 0.151293 -0.226308 1.032904 0.100048 0.526130 -0.965171 -0.155506 -0.527406 -0.005651 0.891294 -0.030165 -0.975675 -1.066847 -0.296630 0.424602 0.109885 0.552912 -0.425388 -0.781766 0.535426
-0.892262 -0.601589 0.845729 -0.188666 0.176965 0.385358 -0.365592 -0.998569 0.113065 -0.832141 -0.452075 -0.754556 0.393751 0.157895 -0.188309 -0.047242 -0.200633 -0.908468 0.891776 1.113447 -0.459029 0.219975 0.010177 -0.764642 0.745562 -0.399206 1.038866 0.768457 0.230536 0.847859
-0.975447 -0.579083 0.307796 -0.747769 -0.894068 1.012809 0.086915 0.350011 -0.178800 -0.185428 0.831739 0.273585 -1.223772 -0.633306 0.235129 0.583019 0.661264 -0.583748 -0.327228 -0.776952 -0.363032 -0.737457 -0.538997 0.439524 -0.700037 1.044013 -0.472002 0.020530 -0.892287 -0.034251
-0.449415 -0.174759 0.268175 -1.039142 -0.789145 -0.711079 -0.753731 0.715941 -0.042787 -0.708671 -0.482788 -0.685242 0.859253 -0.631406 0.116702 -0.754446 0.666354 -0.105045 -0.502037 0.731682 0.805829 0.086821 1.152854 0.968611 0.521298 0.761813 -0.404989 -0.485564 0.555273 0.867587
-0.574507 -0.000549 0.108922 -0.815028 0.888778 0.894102 0.054965 -0.182609 0.479352 0.080969 -0.941364 -0.708771 0.689851 0.233684 0.219258 0.907690 -0.078376 1.082883 0.425898 -0.683922 0.306063 0.313540 1.101509 -0.492047 0.320621 0.087625 -0.519987 -0.881604 0.096979 -0.917469
0.137401 0.019353 -0.108198 0.646674 0.085913 -0.007087 -0.271419 -0.767789 0.862058 -0.991523 0.478199 0.699335 -0.683966 0.654622 0.884041 0.030029 -0.041708 0.928978 0.642545 0.407673 0.384968 0.150063 -0.668062 -0.069216 -0.805539 -0.285992 0.194301 -0.400862 -0.300426 -0.946012
-0.240654 0.209653 -0.775061 -0.513305 0.216569 0.074083 0.410118 0.184389 0.108509 0.007932 0.067174 0.791856 -0.778607 -0.426136 -0.576105 -0.739760 -0.914972 0.519247 0.821484 0.311904 0.803844 0.723813 -0.063563 0.067349 0.063661 0.695534 0.385485 0.856321 -0.059369 -0.950916
-0.088579 -0.423793 0.070976 -0.281497 -0.679899 0.502805 -0.728805 -0.162480 0.024924 -0.413859 -0.812062 -1.078401 0.853595 -0.841874 0.028499 -0.618190 0.839292 -0.544953 -0.059387 0.781362 0.127138 -0.013417 0.634604 1.173529 -0.256774 -0.253709 -0.482616 -0.452644 -0.318102 0.926622
-0.255386 0.388089 -0.616648 0.646966 0.474593 0.478695 0.070737 0.744875 -0.859240 -0.756370 0.688279 0.147040 -0.154869 -0.382854 -0.753523 -0.188245 -0.471080 0.744408 -0.705991 0.201987 0.314343 0.346784 -0.373830 -0.537685 0.610652 -0.661599 0.355387 0.014512 0.734338 -0.723130
0.929626 0.348944 -0.274487 0.528184 -0.804779 0.967591 -0.420782 0.508890 -0.914508 -0.910433 1.032586 0.636228 -0.729691 0.636303 0.705431 0.809313 0.566044 -0.607058 -0.669955 -0.803527 -0.714457 0.375695 0.719662 0.301063 0.775080 0.313431 -1.059423 0.909119 -0.534081 -0.828840
0.083483 0.264921 0.732144 -0.517176 1.017265 -0.716417 -0.071754 0.503996 0.652925 -0.007540 -0.267742 0.940620 0.843172 0.034451 0.259917 -0.372632 0.564220 -0.805023 0.021277 -0.601656 -0.190568 0.780964 -0.100764 0.358811 -0.645670 0.141485 -0.327304 1.083886 -0.210418 0.646643
0.523337 0.479802 0.709958 0.343836 0.618793 0.900198 0.505679 0.037960 -0.544294 -0.498111 -0.858482 -0.582177 -0.625785 0.351144 0.568482 0.541465 -0.052113 -0.683596 -0.122786 0.893693 0.654901 0.424507 -0.552296 -0.654403 0.977475 0.217849 0.291544 0.761766 -0.514874 0.079281
-0.197082 -0.757981 -0.023870 -0.693522 -0.802707 0.014855 0.533753 0.051841 0.038861 -0.766283 -0.009404 0.875382 0.585566 -0.234491 -0.675050 0.112531 0.644649 -0.382638 -0.550798 -0.046829 -0.222279 0.124239 -0.446272 -0.446651 -0.344569 0.730813 0.054067 -0.127150 0.058326 0.382572
0.695335 0.634191 -0.170213 -0.747568 0.960645 0.295927 0.559675 0.460908 0.787953 -0.600508 0.380751 0.245076 0.556353 0.683590 0.356082 -0.463467 -0.639007 -0.296251 -0.117018 1.129744 0.628505 -0.444827 0.371338 -0.419470 0.276493 0.078732 -0.451897 0.379715 0.693184 -0.178698
-0.528333 0.916406 -0.756254 0.897027 -0.250828 -1.044435 0.683858 -0.642508 -0.794322 -0.326820 0.884932 -0.307546 -0.445893 -0.619988 -0.046865 -0.595264 -0.446287 0.144749 -0.232897 -0.502566 0.628984 -0.738072 -0.871118 -0.220125 0.322922 -0.700236 -0.168000 0.757009 1.004455 0.715471
0.773893 -0.622923 0.020474 0.146082 -0.090075 -0.692688 -0.901318 -0.288230 0.679210 -0.718967 -0.774836 -0.239082 0.151032 -0.693075 -0.497649 -0.058356 -0.356813 0.382025 0.820056 -0.743363 0.401785 0.948995 -0.980190 0.275757 -0.420199 0.738240 0.836937 0.257773 -1.042274 0.796124
-0.593799 -0.805257 0.784096 -0.526532 0.245415 -0.972951 -0.832562 -0.687822 0.638571 -0.190173 0.962700 -0.687527 -0.109578 0.812546 -0.304971 0.599926 0.200327 -0.576726 -0.167850 0.302933 -0.258835 0.030168 0.628728 0.888442 -0.801799 0.101445 -0.983152 -0.801774 0.709780 0.233504
0.079293 0.807118 0.804595 0.331670 -0.758348 -0.813703 -1.030149 0.272214 -0.171003 -0.291061 0.558513 -0.254620 0.753966 -0.515821 -0.666618 0.820587 -0.866492 0.161763 0.450242 0.381212 0.655575 0.031731 0.208255 0.247814 -0.298951 -0.791043 0.497630 0.317253 0.744090 0.350028
-0.536343 -0.135989 0.357499 0.671194 0.736877 -0.418096 -0.734414 -0.582462 -0.515866 -0.196927 0.976359 0.781107 0.563779 0.852209 -0.834160 0.878602 0.572256 -0.821834 -0.913331 -0.760403 0.434000 0.646712 0.653084 -0.369212 -1.027731 -0.126830 0.333756 -0.776740 0.834416 0.897609
-0.328170 -0.312272 -0.439013 0.617230 0.429263 0.427289 -0.552563 -0.805758 0.647744 -0.046691 0.329663 -0.605700 -0.396841 -0.772945 -0.266171 -0.026510 -0.159179 -0.893043 -0.411619 -0.603968 -0.084224 0.876948 -0.930098 0.039206 0.239694 -0.397322 -0.739842 -0.036829 0.889095 0.019075
0.205334 -0.135611 0.030815 -0.435165 -0.032892 -0.773788 -0.535181 -0.287810 0.676754 0.584816 -0.496090 -0.808531 -0.646201 0.229399 -0.554369 0.348635 -0.556627 0.089761 0.412722 -0.543270 -0.054017 -0.340172 0.402974 -0.454751 -0.806274 0.548537 -0.946156 0.563038 -0.721159 -0.469957
-0.161429 0.977766 0.893812 0.853179 -0.060099 -0.956258 0.416335 0.298856 -0.370820 0.741031 0.618250 1.010253 0.340833 -0.074933 -0.946744 0.748558 0.587192 0.663192 -0.158576 -0.076529 -0.357020 -0.249182 -0.097362 0.270078 0.260749 -0.256748 -0.190007 -0.063969 -0.855483 -0.016436
0.520405 0.290346 0.684506 -0.997440 0.652652 0.511937 0.696995 -0.843565 0.000059 -0.189018 -0.645825 -1.087203 0.720437 0.185834 0.249144 0.504723 -0.431452 0.698054 0.619916 -0.064900 -0.216379 -0.670402 0.823406 0.861610 0.757012 0.257736 -0.423868 -0.668085 0.759748 -0.962556
-0.980689 -0.287966 -0.878819 0.839877 0.683633 -0.650393 0.779663 0.045879 0.898866 0.886156 1.043188 -0.437741 0.554425 -0.141975 0.191929 0.579289 0.374980 -0.663379 -0.084174 -1.113191 0.949846 0.245547 0.609321 0.954912 -0.143935 0.740663 -0.767843 -0.145295 0.582024 0.717969
-0.530155 -0.651348 0.450939 -0.211183 -0.543609 0.677428 -0.435223 0.241686 0.737313 -0.760374 0.168306 -0.004092 0.440906 0.408166 -0.995692 0.409824 0.822384 -0.357111 0.692099 -0.570238 0.138357 -0.637865 -0.424190 -0.517156 0.245891 0.028961 -0.787581 0.662106 -0.604805 0.887822
-0.328759 0.818587 0.215458 -0.971124 0.266193 -0.033899 -1.114640 -0.456302 0.344016 -0.593798 0.490302 0.263362 -0.343198 -0.689037 0.092758 0.870115 0.175435 0.198351 0.785145 -0.231065 -1.004966 -0.058584 -0.760257 -0.978318 0.555438 0.994211 0.882482 0.289455 0.269462 0.556379
-0.516171 0.248529 -0.644989 -0.423522 0.876994 0.520712 -0.997072 -0.988449 -0.305879 1.023225 -0.706165 0.387411 -0.049374 -0.647212 0.987480 -0.151781 0.219532 0.675678 -0.674037 1.194677 -0.441072 -0.908181 -0.465964 -0.943296 0.352961 0.602278 -0.026906 0.959031 0.545590 -0.764296
-0.546124 0.606405 0.317868 0.146924 0.683416 0.653836 -0.518765 -0.113041 -0.076492 -0.388517 0.123242 -0.391059 -0.181815 0.565768 0.577949 0.665369 0.230578 -0.810608 0.341939 -0.714106 0.654081 0.841441 -0.256037 -0.372950 -0.092526 -0.371565 -0.405167 0.622733 -0.515505 -0.229207
0.418429 0.356405 0.301427 0.082497 -0.126714 -0.824412 0.461277 0.103754 0.353779 0.916761 0.630808 0.592746 0.172227 -0.338175 0.098419 0.481133 -0.272755 -0.485160 0.579351 -0.340615 -0.918424 -0.548757 0.304636 0.262329 0.764986 0.262918 0.957110 1.005409 -0.656574 -0.578213
0.129681 -0.331280 -0.627159 0.685271 -0.544355 0.789796 -0.104953 -0.668403 -0.293973 0.465997 0.099188 -0.521824 -0.208556 0.757739 -0.746194 -0.237077 0.809787 -0.608406 -0.800472 -0.501035 -0.603707 -0.252097 0.330270 0.154337 0.051742 0.181080 -0.616295 0.142785 -0.874786 0.902403
0.184162 0.523235 0.711259 0.058861 -0.855529 0.418580 -0.826283 0.048783 -0.640676 0.770997 -0.536110 -0.082323 0.494137 0.455332 -0.682312 -0.197514 0.392200 0.429502 -0.906380 0.925377 -0.723174 0.049623 0.251393 -0.123199 -0.412909 0.484697 -0.220277 -0.582053 -0.245029 -0.531530
-0.075878 -0.454022 -0.536459 0.561210 0.182045 0.094231 0.644683 0.099540 0.247978 -0.447164 -0.045663 -0.370394 0.493164 0.486838 0.618580 -0.758500 0.247986 0.478854 0.576314 0.263470 0.369348 0.337195 0.089167 -0.564444 -0.004467 -0.897828 0.018619 0.570420 0.524921 -0.620611
-0.772520 -0.299415 0.007354 -0.764960 -0.327834 -0.650075 -0.702619 -0.687509 -0.717694 0.281140 -0.221787 0.042569 0.470251 0.737084 0.069638 0.836002 0.753328 0.864775 0.373656 0.250045 -0.242698 -1.030085 -0.385984 -0.474686 0.182329 -0.100226 0.582773 -0.345946 0.368382 0.021736
0.483146 -0.401184 0.892293 0.759867 0.979831 0.388040 0.703871 0.460299 -0.007346 -0.096413 0.241174 0.473938 0.946924 0.047409 0.600895 0.464952 -0.833499 0.590759 -0.660393 0.591697 -0.044043 0.528810 0.506560 0.301569 -0.017770 -0.917888 0.600191 -0.665090 -0.504101 -0.088787
0.678598 0.536429 -0.094883 0.158931 -0.066928 0.201160 -0.104796 -0.632774 -0.697011 -0.940981 0.018629 -0.298678 -0.315565 0.780593 -0.049290 0.070071 -0.599807 1.093028 0.205567 0.595925 0.040256 -0.310104 0.300888 0.488141 -1.198690 -0.250772 -0.989235 -0.796679 -0.679182 -0.600700
0.439188 -1.168711 0.153720 -0.097944 0.558557 -0.663917 -0.058172 -0.929458 0.973865 -0.045012 -0.086183 -0.375177 -0.321151 -0.050219 -1.057565 0.393264 -0.965461 -0.305961 0.522533 0.542337 0.018605 0.168349 -0.059900 0.775335 -0.048878 0.827202 -0.675062 -0.420789 0.191170 -0.829380
-0.450831 0.212108 -0.021204 0.090547 -0.250224 0.912446 0.808572 0.571832 -0.773250 -0.503283 -0.769329 0.559531 0.521591 -0.820990 -0.415797 -0.656765 -0.518869 -0.121863 -0.951480 -0.450760 0.169547 -0.650634 -0.638389 0.062250 -1.301029 0.700771 -0.172954 0.691009 -0.557008 1.010642
-0.204889 0.964105 -0.497858 0.236447 0.561608 0.656468 -0.126174 0.795720 -1.118270 -0.397119 0.987788 -0.720103 -0.104774 0.346477 -0.586634 0.814970 -1.010427 0.795748 0.596168 0.730459 0.253931 0.593486 -0.879471 0.912892 -0.348702 -0.050623 0.492441 0.441877 -0.085896 -0.595770
0.936160 -0.938680 -0.165428 0.291399 -0.182136 0.878016 -1.029499 0.672181 -0.157117 -0.318786 -0.468609 0.908173 0.515513 0.304394 -0.667467 -0.452502 -0.613070 -0.386376 -0.936561 0.422007 0.710317 -0.914521 -0.565659 0.619191 -0.281263 -0.071316 0.663148 1.091629 0.978931 0.634454
-0.501373 0.254017 0.662548 -0.910611 -0.366782 -0.613877 -0.770016 0.190496 -1.154947 0.264402 0.787929 0.616798 -0.274704 -0.859827 -0.527252 -0.177355 -0.416976 -0.258864 0.642903 0.815802 -0.892305 -0.682292 -0.743277 0.148527 1.041525 0.763230 -0.766639 0.228914 -0.009311 -0.010419
-0.836741 0.431241 0.499711 0.271289 -0.905520 0.286286 0.694365 -0.261224 0.309412 -0.045299 0.197116 0.736314 -0.809360 0.110467 -0.308597 0.197421 0.343349 -0.123914 -0.353202 -0.728630 0.838200 0.220233 -0.244418 0.020604 0.175255 0.635600 -0.087666 -0.288385 0.752245 -0.194887
-0.893671 -0.681213 -0.635077 0.692129 0.988598 -0.186663 -0.092194 -1.036486 0.680794 0.317520 0.660576 0.740725 0.595377 -0.529648 0.117849 0.583604 -0.960233 -0.465287 -0.787243 -0.416269 0.206683 0.475291 0.828813 -0.755514 0.757897 0.249838 0.046987 -0.218647 -0.385795 -0.377919
-0.165752 -0.057071 -0.111203 -0.365061 0.775685 0.255252 0.603123 0.091068 0.819019 0.253434 0.478123 0.844253 -0.179443 -0.182971 -0.314306 1.018476 -0.309460 -0.901441 0.868614 0.897345 -0.389265 -0.272450 -0.319225 0.249316 0.644956 0.585453 -0.720309 0.919678 -0.229088 0.836576
0.467317 -0.268203 0.194527 -0.006323 -0.235540 -0.998624 -0.651342 0.800896 -0.759763 -0.043641 -0.424607 0.235743 -0.540521 0.372920 -0.592193 -0.318472 -0.225638 0.733389 0.698670 0.257565 -0.385073 0.871161 0.493800 0.295931 -0.553788 -0.632676 0.497089 -0.111393 -0.915987 0.896704
-0.647299 0.372255 -0.512157 -0.289092 0.736441 -0.053961 -0.726804 0.308248 -0.334914 0.422348 -0.656242 0.249663 0.600042 0.098485 0.106211 -0.298844 -0.908523 0.344266 -0.268315 0.899474 -0.944383 -0.563196 0.577871 0.901859 -0.315345 0.338331 0.822222 -0.205679 0.618606 0.442420
-0.169130 -0.862741 -0.605953 0.959534 -0.305586 -0.354805 -0.653419 -0.980226 0.245912 -0.060506 -0.447654 0.822398 0.155589 0.397771 0.663978 0.972161 0.499104 0.446888 0.928138 -0.363847 -0.219768 -0.086096 0.035374 0.302898 -0.381738 -0.300228 -0.406201 -0.306616 0.739774 -0.895008
0.455081 0.460899 -0.994139 -0.197062 0.433714 0.991192 0.184344 -0.324125 0.810909 0.064460 -0.192521 -0.269774 -0.299948 0.288956 0.063955 -0.095900 -0.703929 -0.188133 -0.169755 0.097596 -0.477262 0.257853 0.436681 0.688594 -1.092428 -0.298175 -0.883323 -0.609056 0.192496 -0.372554
0.858367 -1.148031 0.724307 -0.418549 0.768804 0.723071 0.811552 0.639362 -0.428057 -0.825350 0.562078 0.418210 -0.762152 0.302692 -0.373031 1.458707 0.690497 -0.692830 -0.153705 -1.225311 0.583995 -0.156788 -0.313228 -0.214821 -0.132760 0.143238 -0.891139 -0.080796 0.655479 -0.729377
-1.021783 0.306406 0.728514 0.741432 -0.831369 -0.988937 0.622402 -0.928503 0.255954 -0.404350 0.733572 -0.832909 -0.402769 -0.382901 -0.050029 -0.138565 0.468017 0.347631 -0.382077 0.626365 -0.007488 -0.554408 0.789152 -0.140169 0.377694 0.319401 0.863870 0.425979 -0.714759 0.695851
-0.439043 0.638698 0.436589 0.476593 -0.177574 0.887015 -0.815733 -0.272838 -0.425940 -0.332889 0.215690 0.331901 0.488020 -0.841848 0.528993 -0.828505 0.895593 -0.315366 0.130764 -0.596845 0.214100 0.854174 0.769794 -0.207607 -0.186965 -0.729170 -0.267975 0.531946 0.077832 0.085270
-0.674029 -0.565729 0.912058 -0.627261 -0.075382 -0.217323 0.673762 0.459789 0.365371 0.565277 -0.452817 0.463345 0.768863 -0.662629 -1.095504 -0.379043 -0.443547 0.529227 0.442714 -0.658813 -0.940409 0.205472 -0.367423 0.635747 0.415596 -0.133529 -0.221416 -0.461674 0.647869 -0.654364
-0.339609 0.403728 1.048124 -0.558319 0.238719 -0.409541 -0.048586 -0.048259 -0.279665 -0.227469 0.953514 0.882491 -0.814410 -0.384175 0.503881 -0.602349 -0.836566 -0.707641 -0.522916 0.475230 0.448042 0.563406 -0.136245 0.571683 0.032035 0.297386 0.819318 -0.214487 0.655905 -0.836401
-0.441661 -0.547347 -0.727446 0.562087 0.996203 -0.038576 0.845124 -0.654795 0.515548 0.085830 0.625799 -0.924901 -0.550801 0.411079 0.607052 -0.667606 0.927819 -0.736437 -0.347193 0.805477 -0.380330 -0.589318 -0.730676 -0.140808 -0.563203 0.272186 -0.704080 0.134957 0.086364 -0.897176
0.746352 -0.982478 0.645647 -0.666206 0.824965 0.628905 0.722890 -0.525278 0.393973 -0.623559 0.180183 0.871709 -0.409165 0.249287 -0.095097 -0.918946 -0.566055 0.536884 0.634622 0.658289 0.623458 -0.646229 -0.605293 -0.577205 0.042503 0.587120 -0.080007 0.566621 0.839354 -0.557442
0.641453 -0.991538 -0.642861 -0.078075 0.050516 -0.202739 -0.930814 0.063055 -0.014298 -0.244130 -0.543659 0.414619 -0.783082 -0.667577 -0.932758 -0.383053 0.690995 -0.219347 -0.235533 -0.155098 0.179224 -0.277423 -0.475358 0.053134 0.747682 -0.760515 0.021104 0.902917 -0.957707 0.517438
0.633584 -0.910018 0.784698 0.713841 -0.009594 0.638999 0.368860 0.583477 -0.811567 0.228083 0.769870 -0.974710 -0.746386 -0.880378 0.606355 -0.630854 0.566878 0.658292 0.756799 -0.897790 -0.787518 -0.854083 0.843368 0.432042 0.174786 0.336912 -0.400190 -0.171649 0.170886 -0.260817
-0.359779 0.018402 0.871621 -0.804618 -0.778253 -0.557292 -0.674099 -0.095722 0.780136 -0.903966 0.012553 -0.386707 0.222864 0.103084 0.289281 0.433815 -0.357505 0.819587 -0.388683 -0.083164 0.744317 -0.658905 -0.990900 0.530137 0.570598 -0.210840 0.966082 -0.461856 -0.460015 0.156436
0.787307 0.706476 0.589349 -0.621833 1.008527 -0.692700 0.715856 -0.955719 0.573559 -0.683653 -0.646655 -0.729289 -0.680068 -0.769775 -0.148349 0.440626 -0.484515 -0.265436 -0.022950 0.435931 -0.337163 0.140976 0.213444 -0.840193 -0.248539 0.309941 0.436947 -0.746952 0.670459 -0.776192
0.900521 -0.356583 -0.097821 -0.743943 -0.857852 0.494621 0.338761 0.370872 0.697456 -1.167861 -0.221619 0.066718 0.381655 0.461091 -0.991354 1.087495 -0.944700 0.446439 -0.764445 -0.574252 -0.754104 0.286683 -0.152072 1.194496 0.331641 -0.264329 0.524849 -1.061494 0.922305 0.945524
-0.175863 -0.979136 -0.061757 -0.407955 0.117493 -0.674929 -0.567815 0.881358 0.176178 0.258211 0.617798 -1.144432 -0.162175 0.548376 0.662792 -0.478539 0.440020 -0.596741 0.873783 0.905632 -0.727961 -0.244166 0.191792 -0.402116 -0.351431 0.271877 -1.087233 -0.945437 0.532448 0.604548
0.564412 0.459817 -0.725429 -0.837885 0.852377 -0.308872 0.536140 -0.459523 -0.378434 0.611673 -0.149726 -0.959824 -0.263555 -0.378808 0.233092 0.095488 0.741443 0.510912 -0.115688 -0.464661 -1.060879 -0.173910 -0.037567 0.827026 -0.093135 -0.645268 0.355313 -0.092685 -1.041124 0.646443
0.589482 -0.431188 0.970560 -0.829790 0.436700 -0.469353 0.506903 0.391903 0.593454 -0.806639 -0.249719 0.677823 0.720847 -0.380448 0.033795 -0.217365 -0.768154 -0.698204 0.789991 0.383111 -0.427903 -0.934030 -0.806204 -0.786547 0.107503 0.102797 -0.145387 -0.412811 0.620282 -0.600939
-0.112002 -0.842114 -0.170595 0.544383 -0.902215 0.172700 0.722366 0.413480 0.474897 -0.925045 0.992188 -0.744093 0.006811 -0.489824 -0.656828 -0.552474 -0.187250 0.389270 0.724127 0.277616 -0.723207 0.635770 0.376678 -0.646896 0.621946 0.502351 0.607772 0.286130 0.122523 0.230769
-0.246845 0.410723 0.071369 -0.219645 -0.240966 0.819484 0.307037 -0.645692 -0.202489 -0.537654 -0.642621 -0.391551 -0.902236 -0.667257 0.566011 -0.402138 -0.352169 0.568855 0.910114 -0.088053 -0.230370 -0.264626 -0.992409 -0.167065 -0.260458 0.360007 0.518935 0.611724 -0.249675 -0.154545
-0.494961 -0.377325 0.209509 0.430730 -0.705938 0.943952 -0.793376 0.284321 0.513638 0.700382 0.303630 -0.398286 -0.900625 0.756358 0.042482 1.006184 0.483526 0.099627 0.831167 -0.063646 -0.026116 0.330083 -0.013701 1.003664 0.570818 -0.397237 -0.079436 -0.899150 -0.494550 0.957956
0.628546 -0.815047 0.490211 -0.290262 0.974817 -0.413626 -0.173086 0.092931 -1.027136 -0.296802 -0.780265 0.135491 0.037189 0.541185 0.408909 -0.329156 -0.504285 0.895001 -0.473494 -0.409340 -0.954095 0.609227 -0.231839 -0.491413 -0.395811 -0.626430 -0.215455 0.237063 0.216493 -0.516502
-0.872272 0.753804 0.256061 -0.129136 -0.273783 0.059196 -0.554835 -0.274664 -0.478033 -0.345971 -0.649779 0.330448 0.006958 0.430735 -0.502319 0.434563 -0.004973 0.934308 0.310661 0.340070 -0.913689 -0.409644 -0.879406 0.488485 0.700533 -0.008469 0.095436 -0.283547 -0.053775 -0.459693
0.579198 0.656577 0.564941 -0.555518 0.661293 -0.484395 0.521871 -0.341205 -0.831968 0.015997 -0.163720 0.332967 0.185938 -0.447962 0.159032 -0.451730 0.366331 0.312095 0.189243 -0.991816 -1.016342 0.851046 0.813261 0.224780 -0.718723 -0.460290 0.706250 -0.731067 -0.193949 0.044306
-0.010297 -0.189438 -0.191764 -0.104137 0.651156 0.512856 0.712999 -0.779835 0.077359 0.152653 0.216826 -0.540299 0.895281 0.820234 -0.611643 -0.582273 0.789859 -0.025835 -0.962152 -0.566152 -0.116682 0.601675 -0.690084 0.715787 -0.509260 -0.088626 0.616150 0.421941 -0.797491 0.642290
-0.178029 -0.442713 -0.386777 -0.470139 0.755626 0.191010 -0.896745 -0.114669 0.710673 -0.796392 0.565722 0.318249 0.737554 -0.968449 -0.807213 -0.382530 0.492538 -0.096057 -0.746471 0.546971 0.797038 -0.085577 0.640843 0.409565 0.124234 -0.455256 -0.160340 0.430538 -0.016492 0.768702
-0.799050 -0.336692 0.258245 -1.020072 0.454461 0.376280 0.389022 -0.776089 -0.884552 -0.303188 0.152310 0.059852 0.048310 0.392403 0.797356 0.291088 0.672199 -0.383087 0.843986 -0.121996 -0.169613 -0.863443 -0.293062 -0.221976 -0.849628 0.539724 -0.825495 -0.606040 -0.395982 0.920772
0.608070 0.181236 0.653081 0.641052 -0.512715 -0.260002 0.292829 0.370254 0.805535 -0.067287 0.408445 0.367666 0.258166 -0.189275 -0.583837 0.136206 -0.568506 -0.639805 0.966308 0.007693 -0.241019 0.284719 1.035726 0.096899 0.282728 0.490471 0.607845 -1.167651 0.882817 0.955799
0.477543 -0.656173 0.481756 0.051961 0.475177 -0.068443 0.970287 -0.123781 -0.110403 0.824896 -0.769527 0.140751 0.331469 -0.869030 0.445430 0.439911 0.953725 -0.508381 0.356077 -0.881877 -1.064184 0.962175 -0.603341 0.354642 0.613375 0.184545 -0.071895 0.823641 -0.844275 0.156010
-0.160416 -0.829833 -0.832021 0.009048 -0.747830 0.249612 -1.142188 0.882868 -0.415094 -0.808724 0.154840 -0.025004 0.798947 0.721332 -0.716425 -0.907838 0.871807 0.576324 0.230834 -0.274318 -0.897078 -0.774144 0.419469 -0.193166 0.598538 0.481511 -0.233629 0.755375 -0.371067 0.743456
0.000205 0.866619 0.862257 0.700010 0.745527 0.313063 -0.478925 0.173699 0.565002 0.090670 0.658815 0.606544 0.381460 0.102775 -0.212439 0.131225 -0.524921 -0.181172 -0.597438 0.994573 -0.845543 0.490702 -0.428573 -0.112231 -0.435066 -0.247044 -0.642336 1.143251 0.797219 0.607031
-0.045364 -0.354326 0.463034 0.879162 -0.585461 0.451853 -0.438926 -0.629146 0.386146 0.011001 0.068102 0.140641 -0.568185 0.196966 -0.412701 -0.834753 0.976455 -0.562423 0.386453 0.804019 -0.370072 0.953540 0.140513 0.956363 0.715289 -0.739929 0.032772 0.217190 -0.488117 0.646183
-0.033077 0.438001 -0.978103 -0.524886 -0.973091 -0.781122 0.448898 -0.515397 0.588708 0.046236 -0.126454 -1.077266 -0.848992 -0.465606 -0.296779 -0.670747 0.309305 -0.888504 -0.187198 -0.661579 -0.141111 0.635491 -0.244207 -0.250192 0.250138 0.986240 0.793109 0.358483 -0.610789 0.920592
-0.591697 0.659938 0.382754 -0.745775 -0.899551 -0.423330 0.069099 -0.405073 -0.568767 -0.586542 0.023458 -0.339073 -0.596152 -0.363629 0.874147 0.434341 -0.507188 0.475628 -0.614795 -0.625486 0.469216 -0.998883 -0.029272 -0.715608 -0.726317 -0.368178 0.146269 0.455068 -0.680085 -0.575307
-0.966242 0.591517 0.802284 -0.323803 1.001859 -0.468223 0.687994 -0.765832 0.125824 -0.368139 -0.867514 -0.854508 0.030820 0.133529 -0.070419 -0.297751 -0.150304 -0.931402 -0.354008 -0.385676 0.792563 0.665556 0.388916 -0.414284 0.038225 0.398091 -0.870800 -0.747748 0.381997 0.707335
0.348529 0.797089 -0.300730 -0.071102 -0.672899 -0.878937 -0.791040 -0.019073 0.962232 -0.245445 -0.303466 0.526391 0.785264 -0.607260 -0.431560 -0.327316 0.423182 0.781321 0.422125 -0.798629 1.026335 -0.130865 0.893068 0.228599 -1.186304 -0.727549 -0.789064 -0.468594 -0.749527 1.071475
-0.619108 0.738595 -0.349728 -0.306902 0.382761 0.833825 0.053537 -0.582241 1.067159 0.746094 -0.572109 -0.833017 -0.541873 0.870919 -0.928344 0.552200 0.223790 -0.787910 -0.273648 -0.298408 0.479283 -0.762641 -0.124869 0.783474 -0.468808 0.799507 -0.673508 0.437851 -0.651957 0.164551
-0.519001 -0.889556 0.410573 0.026456 0.248303 -0.115168 -0.181454 0.656156 -0.420401 -0.648084 0.647125 -0.011478 -0.075029 0.106226 -0.050270 -0.706775 -0.687215 -0.343310 0.220853 0.980908 -1.108252 0.015692 0.387088 0.148704 1.091288 -0.321101 0.040344 0.271969 0.790015 0.202096
-0.888197 0.833255 -0.826274 0.644671 0.653544 -0.881466 -0.010076 0.799479 -0.629020 0.387380 -0.585447 0.335266 0.222805 -0.463124 0.123647 -0.262584 -0.599357 0.531190 0.891858 -0.133125 0.577985 0.310033 -0.756403 0.444167 -0.087973 0.049065 0.086517 0.036905 -0.043587 -0.268441
-0.593962 0.289948 0.841064 -0.677933 0.499046 -0.183338 0.160790 -0.893988 -0.871212 0.162632 0.268294 0.350151 0.288159 -0.692287 0.684288 -0.501950 -0.385833 0.488436 -0.423393 0.017404 -0.635851 -0.216888 0.710059 0.405124 0.137996 0.402356 -0.829001 -0.429292 -0.434501 0.600458
0.304791 0.277754 -0.118312 -0.238330 0.109634 -0.899674 0.480457 -0.073314 -0.682238 -0.483945 -0.592098 0.249391 -0.755606 0.174636 0.517592 -0.689961 0.561949 0.933413 0.864805 0.046293 -0.272017 0.826104 -0.132533 0.380008 -0.330803 -0.662663 0.519592 -0.225039 0.236507 0.377403
0.929268 0.497396 -0.904352 0.205892 -0.501403 0.102094 -0.667729 -0.596942 0.559471 0.061769 -0.638512 -0.081140 -0.580385 0.544618 0.243103 -0.493357 -0.710634 -0.300203 -0.679101 -0.503013 -0.730410 -0.076483 0.369836 -0.118317 0.750272 -0.504060 -0.307309 0.436370 0.039285 0.077159
-0.111955 0.847729 -0.544239 -0.098626 -0.554358 -0.775754 -0.798610 0.395678 0.010518 0.495433 0.636806 0.492515 0.430581 -0.443395 -1.092580 0.636707 0.319126 1.001071 -0.812023 -0.603087 -0.399552 -0.677888 -0.333214 0.141953 0.335276 0.870532 0.035971 0.344342 -0.988740 0.607053
0.579119 0.029881 -0.408473 -0.797067 0.836429 -0.845354 -0.101872 -0.524413 -0.936424 -0.699650 -0.803160 -1.016547 -0.807717 0.122780 -0.327243 -0.177819 -0.817388 0.197911 0.717078 0.271158 0.175788 0.350059 0.940211 -0.662729 -0.287158 0.489158 -0.404276 0.626155 0.287985 -0.607905
-0.260610 -0.260998 -0.742848 0.945670 0.777583 0.750345 -0.364189 0.884637 0.371117 0.864035 -0.226783 0.634716 -0.399365 0.227591 0.828101 0.637457 -0.445851 0.154385 -0.336751 -0.349715 -1.040270 0.049074 -0.782845 -0.830788 0.001367 -0.956978 0.948089 0.285449 -0.868907 0.671084
0.384300 0.032435 0.056515 -0.882411 0.894596 0.494853 0.810153 0.001804 -0.108846 0.941993 -0.918119 -0.746087 0.929098 0.481384 0.164718 -0.611076 -0.034990 0.741452 0.989633 0.528378 0.055203 -0.984140 -0.183160 1.017390 -0.126995 0.776646 0.851983 0.495809 -0.599712 0.251853
0.150968 -0.324296 -0.806046 0.826364 -0.958496 0.754205 0.843326 0.193963 0.260840 0.505446 0.474607 -0.204027 0.600257 -0.565039 -0.353157 -0.769000 0.273595 0.554546 0.566776 -0.161440 -0.892090 -0.409414 0.561765 0.897972 0.559654 -0.728244 0.055584 0.705493 -0.380717 -0.926512
0.662598 0.527223 0.760702 0.828129 -0.424631 0.403923 -0.622371 0.248922 -0.132399 -0.689334 0.822724 -0.258853 -0.926003 -0.485613 0.130298 0.825431 0.304521 -0.139547 0.130125 0.324292 0.364352 -0.775268 -0.014037 0.205943 -0.113442 -0.665797 -0.413184 -0.558852 -0.923554 0.734523
-0.493719 -0.587454 -0.601704 -0.872249 0.386876 -0.343857 -0.812983 -0.151505 -0.636593 0.372332 -0.090584 -1.132991 -0.778446 -0.630924 -0.262159 -0.380308 0.399084 0.242226 0.580114 -0.768222 -0.660611 -0.885450 0.225830 0.992747 -0.485877 -0.676463 -0.411651 0.603723 -0.588445 0.594305
-0.509310 0.344658 0.667056 -0.751480 -0.597491 0.605412 -0.199523 0.426923 -0.318876 -0.927120 -1.050219 1.106849 0.816648 -0.163470 0.223312 -0.042571 -0.871651 0.405501 -0.983341 -0.673631 0.351096 -0.433585 -0.073383 -0.401813 1.133371 -0.503319 0.719932 -0.446862 0.152180 -0.596611
0.659726 0.286477 0.372258 0.763534 -0.363407 0.400212 -0.421100 -0.661934 -0.944813 -0.004971 0.720878 0.844401 0.327967 -0.230437 1.095190 -0.717086 -0.382340 -1.064166 0.230762 -0.063792 -0.891331 0.571756 -0.598419 -0.313498 -0.551932 -0.789281 0.161542 -0.524308 0.750815 0.057239
1.027657 -0.292755 -0.898821 -0.698834 0.368248 -0.500868 -0.154448 -0.554910 -0.553972 0.027941 0.147832 1.092183 -0.137726 0.736693 -0.359086 -0.785993 -0.135114 -0.968146 -0.531637 -0.431098 -0.173490 0.632541 0.545892 0.165234 -0.114078 -0.278417 0.205739 -0.609877 -0.576746 0.550895
-0.611173 0.229279 0.018905 -0.192093 -0.746179 -0.312337 0.356751 -0.836753 -0.007130 -0.897107 0.125212 -0.029561 -0.165587 -0.977402 0.644259 -0.836159 0.661827 -0.867404 -0.316014 0.929801 0.074438 -0.281003 -0.595009 -0.606381 -0.544188 0.182367 -0.282618 0.719873 0.155239 -0.520240
0.130102 -0.142099 0.924483 0.093012 -0.490229 0.860221 0.658126 0.226932 -0.288437 -0.176970 0.401279 0.518170 -0.515297 0.887291 0.653518 -0.254322 -0.569936 0.096766 0.829821 -0.025189 -0.302865 0.549759 0.396082 0.148695 -0.370066 -0.403767 0.228600 0.073629 0.256387 -0.215537
-0.615942 -0.426002 -0.200738 0.307597 -0.042344 0.465291 -0.958269 0.184701 0.410066 -1.248683 0.507621 0.034297 -0.282166 0.831589 -0.461744 0.710952 -0.900741 -0.061535 -0.335721 0.000760 -0.232915 0.023378 0.230915 0.477075 -1.043259 -0.024160 0.383218 -0.581365 0.342601 0.882226
0.539346 0.016247 0.266958 -0.341659 -0.928713 0.685647 -0.544352 -0.787858 -0.257475 -0.559689 -0.861583 0.424742 -0.154828 -0.329062 0.195066 -0.350480 0.461912 0.648256 0.687987 0.797735 0.723925 0.142630 -0.689218 0.494342 -0.129798 -0.313266 -0.420988 -0.400993 -0.668454 0.182674
0.251968 -0.777746 -0.507322 0.395745 -0.111282 0.419570 0.604905 0.467003 0.829145 0.662888 -0.668280 -0.563128 -0.038446 0.864122 -0.681865 -0.618459 -0.671585 0.737441 0.525467 0.668737 -1.005222 -0.309734 0.715557 0.606237 -0.129001 -0.222674 -0.545098 -0.372181 -0.883882 -0.337297
0.696436 -0.520112 -0.163067 -0.972348 0.829207 -0.325451 0.249153 -0.571334 -0.305541 0.915340 -0.666640 -0.063608 0.554158 -0.058807 0.227352 -0.362542 0.841205 -0.324915 -0.649098 -0.713122 -0.354974 -0.672306 -0.803206 0.089941 0.260238 -0.479520 0.752001 -0.383972 -0.217653 0.259851

Bias v0 (Oculta):
0.241765
0.435965
0.382343
-0.583484
-0.579926
0.237120
0.232212
0.133986
0.217963
-0.101180
0.170718
0.057772
-0.705390
0.389095
-0.275970
-0.108117
-0.679358
0.882654
-0.713185
0.136554
0.692989
-0.496251
-0.755808
-0.738169
0.607216
-0.544208
-0.842676
0.549527
0.798096
-0.288752

Pesos w (Oculta -> Saída):
-0.137007 -0.081847
0.736086 -0.174763
0.715087 -0.363595
0.154736 -0.187750
0.905341 -0.673480
-0.447327 0.714898
-0.734073 0.545217
0.370712 0.576434
-0.971586 1.254669
0.740312 -0.724089
-0.310868 0.463916
0.819589 -0.621107
1.206928 -0.985999
0.155964 0.023610
1.137471 -0.735483
-1.154472 1.422425
0.488861 -0.347722
-0.248908 0.851171
-0.070516 -0.053912
0.744590 -0.946386
-0.720177 0.705216
0.083913 0.263092
-1.350699 0.521091
-1.167396 0.874589
1.526106 -1.188401
-0.233257 0.553505
0.836002 -1.328589
1.014790 -1.548599
-0.786204 0.459794
-0.145963 0.521822

Bias w0 (Saída):
-0.133593
-0.919369
