Pesos v (Entrada -> Oculta):
-0.511266 0.169759 0.946946 0.645545 0.435311 0.369735 0.408933 0.392760 -0.657124 0.685270 0.810169 0.409602 -0.517063 0.732185 0.490239 -0.475348 -0.511589 -0.370886 0.460366 0.576062 -0.734465 0.988744 0.211281 -0.775558 0.870992 0.190332 0.947191 -0.856788 0.820106 -0.994840
0.602916 0.697619 0.583352 0.930718 -0.647627 0.226152 0.900955 0.812860 0.750444 -0.676932 0.161684 -0.835133 0.405901 -0.540343 0.798454 0.530192 -0.990360 0.958268 0.377168 -0.898160 0.722997 0.230813 0.993754 0.831316 -0.505264 -0.222922 0.468107 0.565293 0.849130 -0.301609
0.007034 0.577931 -0.919971 0.478880 0.565793 -0.114224 -0.386218 0.541796 0.757886 0.254154 -0.388758 0.625486 -0.502559 -0.743833 0.727274 -0.384274 -0.330310 -0.166220 -0.607397 0.860036 -0.026127 0.518061 0.215192 0.221716 0.857895 0.639782 0.428404 -0.957007 0.787750 0.968991
0.329361 -0.027078 0.321472 0.441712 0.209165 -0.016574 0.845832 -0.596398 -0.031948 -0.552488 0.946299 0.203765 0.796433 0.318112 0.315581 -0.069098 0.985937 -0.614319 -0.504716 0.927457 0.071128 -0.404316 0.380464 -0.893924 0.181708 0.441870 0.528377 0.069698 0.430489 -0.157408
-0.712801 -0.459731 0.403766 -0.371089 -0.417777 0.159032 0.550584 0.000525 0.552408 0.593885 0.308648 -0.473034 0.175104 -0.708101 0.428073 -0.970380 0.145319 0.847171 0.855510 0.942966 -0.055556 -0.694810 0.273654 -0.779848 0.181006 -0.182594 0.025584 -0.310370 -0.476591 -0.993621
0.817291 0.058234 -0.330432 -0.252968 -0.080986 -0.881710 0.807494 -0.147834 -0.779081 -0.099798 0.230716 0.279202 0.664530 0.110493 -0.631874 -0.465479 0.541053 0.215164 0.874930 -0.810962 0.454337 0.926470 0.373713 0.566656 0.082808 -0.367934 -0.739879 -0.292790 -0.135128 -0.430558
-0.668030 0.786072 0.987199 0.151434 -0.803129 -0.580063 -0.368639 -0.006495 0.870612 -0.674505 0.966667 0.875851 -0.919288 0.994652 -0.256442 -0.804011 0.415192 0.834221 0.984165 0.655968 -0.236072 -0.840695 0.596665 -0.086282 0.012793 0.304918 -0.821453 -0.831246 -0.040225 -0.281751
-0.623728 -0.478689 0.648679 0.496860 0.693170 -0.512902 -0.493823 -0.854433 0.539135 0.824204 -0.918187 0.729163 0.810953 0.428508 -0.190576 0.880459 -0.303803 0.952807 -0.312642 -0.280817 0.561217 0.639896 0.164097 -0.439459 0.435508 -0.721252 0.900609 -0.673069 -0.638686 0.320122
0.087313 0.407437 0.991023 -0.258960 0.242068 0.557450 0.645105 0.699388 -0.405044 -0.605367 0.756022 -0.622995 0.802095 -0.925717 -0.945897 0.174654 0.034023 -0.152439 -0.860247 0.073632 -0.001681 -0.669747 -0.361527 -0.288500 -0.142539 0.093769 0.325443 -0.851441 0.158205 0.424872
0.289061 -0.132530 0.703630 -0.893364 0.442095 0.425871 -0.132664 0.973954 0.746218 -0.095517 -0.958205 0.068486 -0.929978 0.531729 -0.375117 0.628994 0.487458 0.975690 -0.484161 0.063971 -0.971435 0.783467 0.530702 -0.521248 -0.688772 -0.474065 -0.949258 0.684045 -0.895205 -0.850601
-0.004658 -0.324160 0.571957 -0.298025 0.942521 -0.850722 -0.012829 0.031371 0.413192 -0.889143 -0.170155 -0.830457 0.379787 0.196595 0.295418 -0.964731 -0.667210 -0.510166 -0.949818 -0.091022 0.821110 -0.789802 -0.045086 -0.490385 -0.554354 0.986848 -0.396820 -0.869450 0.140103 -0.628984
-0.222738 0.868297 -0.004928 -0.442878 -0.279525 -0.566413 -0.507751 0.473057 0.318642 -0.505240 -0.135428 0.845276 0.235102 -0.937026 0.005363 0.286175 0.167583 -0.909931 0.330368 0.738187 -0.024593 0.593062 0.164306 0.795216 -0.529335 -0.728833 0.614728 -0.994617 0.745698 0.167158
-0.069840 -0.446769 -0.383437 0.223428 0.993773 -0.145973 0.613729 -0.483054 -0.843255 0.376957 -0.111045 -0.475404 -0.933064 0.085571 0.917019 0.110119 0.281615 -0.590989 0.268811 -0.063222 0.786186 -0.952636 0.677712 -0.493278 0.953144 0.605881 -0.373963 -0.699628 0.956186 -0.984108
-0.186598 0.847159 0.612644 0.321285 0.952014 0.525315 -0.830398 -0.877436 0.003543 -0.006179 0.346135 -0.613403 0.734611 -0.842690 -0.070796 0.394959 -0.330871 0.891316 0.837361 0.597107 0.617828 0.302740 0.766823 0.013166 0.325992 0.322340 0.639772 0.841573 -0.536916 0.862567
-0.159284 -0.428748 0.440075 -0.612187 -0.251541 0.407534 -0.539937 -0.088171 0.734582 -0.263903 -0.059623 0.592474 -0.526375 0.711966 -0.270295 0.905627 0.128114 -0.828514 0.689532 -0.940408 0.634728 -0.178877 0.341503 -0.969259 0.358849 -0.619551 0.366785 0.493061 -0.285889 0.761598
-0.291948 -0.736665 0.581853 0.900737 -0.462490 -0.165236 -0.514156 0.420794 -0.249753 0.235289 0.793643 0.380541 -0.612907 -0.543543 -0.261783 0.348743 -0.629005 -0.825810 -0.891982 -0.676819 -0.950066 -0.726038 0.846756 -0.045957 0.451908 0.004233 0.981784 -0.273084 0.153430 0.811471
0.539738 -0.907300 -0.832185 -0.416095 -0.446000 0.955717 -0.189692 0.643643 0.309827 -0.000814 -0.155903 0.373872 0.054985 -0.674779 -0.852551 -0.163178 0.449974 -0.146315 0.130559 -0.702601 -0.874021 -0.556598 -0.795075 0.383153 0.021789 -0.772985 0.163883 0.728223 -0.808103 -0.856107
0.944007 0.673756 0.510656 -0.462431 0.989866 -0.512057 -0.964093 0.083703 -0.901118 -0.099022 0.549431 -0.554922 0.792202 -0.218952 -0.561633 0.823873 -0.485093 -0.404261 0.194143 -0.795394 0.227045 -0.847809 0.759999 0.441481 0.685337 -0.163740 0.104185 -0.289123 -0.909885 0.643177
0.217297 -0.025938 -0.048502 0.574788 0.744685 0.314131 -0.499819 -0.261600 0.362678 0.763581 0.269503 -0.585316 0.820933 0.089873 0.352620 -0.980894 -0.223297 -0.350670 -0.009648 0.714871 0.060526 -0.963409 -0.723331 -0.036462 0.220098 0.354041 0.167592 -0.367734 -0.759274 0.638300
-0.920349 -0.602852 0.820306 -0.244131 0.013175 0.495546 -0.175572 -0.911436 0.257413 -0.940591 -0.334584 -0.997560 0.421932 0.159085 -0.218636 0.166974 -0.298818 -0.785365 0.878679 0.909729 -0.324810 0.245123 0.256935 -0.496713 0.752307 -0.240620 0.829693 0.786104 0.179817 0.868383
-0.953240 -0.521102 0.270457 -0.726658 -0.863686 0.942709 -0.002833 0.392375 -0.101484 0.102958 0.782196 0.405717 -0.910080 -0.609789 0.300054 0.729635 0.671238 -0.594966 -0.347283 -0.806429 -0.447063 -0.753245 -0.706507 0.354120 -0.455074 0.964460 -0.207624 0.084838 -0.998660 -0.079616
-0.439810 -0.089502 0.242002 -0.978646 -0.698061 -0.776741 -0.905847 0.707410 -0.083942 -0.563624 -0.558879 -0.463199 0.977574 -0.621517 0.175496 -0.875852 0.702491 -0.219057 -0.503132 0.790573 0.725481 0.073806 0.991182 0.778278 0.920785 0.667696 -0.020064 -0.432327 0.514704 0.754537
-0.541500 0.048925 0.168862 -0.776597 0.931612 0.916470 0.054568 -0.176251 0.541212 0.148776 -0.980479 -0.591310 0.750792 0.227479 0.266046 0.802927 -0.041241 0.991864 0.429841 -0.653077 0.330609 0.312127 0.984324 -0.708637 0.528027 0.067306 -0.340098 -0.887433 0.123697 -0.963469
0.162031 0.046525 -0.089420 0.679159 0.081896 0.043683 -0.203378 -0.731112 0.956162 -0.938556 0.459128 0.782226 -0.604905 0.656704 0.932581 -0.098567 -0.039735 0.870640 0.641051 0.430798 0.465721 0.148404 -0.730760 -0.207592 -0.607422 -0.335238 0.252416 -0.457201 -0.279148 -0.973799
-0.211773 0.236188 -0.743502 -0.483822 0.204462 0.130290 0.460533 0.215248 0.209753 0.064471 0.045553 0.882488 -0.712830 -0.429675 -0.524419 -0.837096 -0.907626 0.480102 0.822199 0.299663 0.887726 0.724781 -0.125901 -0.099519 0.235084 0.669088 0.446726 0.800703 -0.030760 -0.988052
-0.060288 -0.403345 0.100263 -0.234778 -0.653165 0.534439 -0.733707 -0.196115 0.050338 -0.301876 -0.881118 -0.953916 0.957570 -0.841927 0.078602 -0.854269 0.847719 -0.677001 -0.055131 0.845117 0.162377 -0.033359 0.598205 0.983687 -0.061386 -0.358649 -0.281135 -0.388032 -0.291693 0.867515
-0.233330 0.300728 -0.699074 0.637189 0.651631 0.490462 0.025270 0.661198 -0.871023 -0.669926 0.530282 0.234012 -0.043134 -0.369881 -0.820705 -0.283090 -0.458476 0.669088 -0.707396 0.353864 0.335909 0.332382 -0.547632 -0.586533 0.797804 -0.843280 0.545533 0.096450 0.743449 -0.731424
0.903806 0.426506 -0.261994 0.471575 -0.776343 0.915753 -0.464754 0.552103 -0.785863 -0.976683 0.978522 0.674492 -0.592210 0.662921 0.624179 0.848283 0.559738 -0.551271 -0.685702 -0.895422 -0.762311 0.396733 0.625726 0.254325 0.910899 0.363779 -0.979010 0.672730 -0.622432 -0.789765
0.052710 0.355382 0.813258 -0.521829 0.732638 -0.651208 0.164109 0.595987 0.871474 -0.220037 -0.137585 0.874534 0.638898 0.057102 0.270713 -0.337840 0.503034 -0.712701 0.010539 -0.913741 -0.045164 0.837120 -0.076316 0.562319 -0.829827 0.430617 -0.795747 0.648576 -0.286910 0.713372
0.523002 0.491367 0.722289 0.363806 0.554968 0.966824 0.608825 0.103162 -0.628117 -0.612836 -0.813282 -0.696315 -0.801633 0.340501 0.719352 0.368762 -0.055487 -0.556483 -0.103364 0.777521 0.767873 0.424586 -0.562375 -0.615796 0.888588 0.213459 0.104043 0.520887 -0.413062 0.094448
-0.183517 -0.885742 0.018213 -0.711855 -0.921936 0.188228 0.664557 0.047256 0.113569 -0.960077 0.132779 0.760440 0.186560 -0.234825 -0.726336 0.159518 0.613542 -0.264747 -0.551610 -0.316986 -0.002076 0.156332 -0.223775 -0.355044 -0.628263 0.896360 -0.268067 -0.509890 0.191432 0.414456
0.702730 0.522700 -0.143766 -0.802798 0.836665 0.537636 0.852325 0.494268 0.980554 -0.691145 0.485775 0.153977 0.402818 0.690755 0.370499 -0.322167 -0.707081 -0.189728 -0.119176 0.894068 0.867387 -0.390555 0.753878 -0.011374 -0.044404 0.093921 -0.879805 0.006793 0.760203 -0.172486
-0.537165 0.923658 -0.784460 0.888644 -0.379569 -0.951687 0.864303 -0.614783 -0.757146 -0.242494 0.890108 -0.437183 -0.185587 -0.596536 -0.052411 -0.591487 -0.521465 0.100408 -0.245413 -0.796341 0.778937 -0.681616 -0.785250 -0.067019 0.122949 -0.896164 -0.173021 0.554401 0.949627 0.682857
0.763658 -0.603964 -0.095047 0.137742 -0.096497 -0.675204 -0.799389 -0.247426 0.838535 -0.728878 -0.753065 -0.166260 0.106137 -0.652363 -0.669276 -0.162649 -0.410834 0.340027 0.809534 -0.922925 0.549706 0.981909 -0.894303 0.241781 -0.355782 0.765782 0.863687 -0.083280 -0.980224 0.757081
-0.566231 -0.793888 0.789221 -0.529459 0.234660 -0.930330 -0.796870 -0.655975 0.747686 -0.137469 0.945442 -0.647706 -0.068903 0.815824 -0.293585 0.541077 0.204005 -0.601606 -0.165460 0.265713 -0.183141 0.047256 0.625147 0.715871 -0.690129 0.122748 -0.926081 -0.989498 0.750322 0.205051
0.101302 0.832160 0.814980 0.356578 -0.778278 -0.753690 -0.954315 0.323550 -0.060298 -0.241311 0.544937 -0.180410 0.813054 -0.511148 -0.635810 0.723146 -0.866390 0.121621 0.448571 0.380757 0.753813 0.034825 0.157626 0.114091 -0.123541 -0.828145 0.533315 0.240529 0.771271 0.324521
-0.507643 -0.110448 0.358336 0.697425 0.706066 -0.355014 -0.649557 -0.550891 -0.396707 -0.175135 0.964330 0.847614 0.611908 0.849809 -0.801462 0.803902 0.560959 -0.849547 -0.913733 -0.779058 0.557701 0.652733 0.623027 -0.484419 -0.890978 -0.147852 0.361272 -0.857174 0.870620 0.862174
-0.302948 -0.313835 -0.437578 0.636123 0.434861 0.469402 -0.489486 -0.815255 0.720654 0.020730 0.286125 -0.589897 -0.386446 -0.780702 -0.251488 -0.195705 -0.162699 -0.948544 -0.409521 -0.604493 0.020732 0.868689 -0.914095 -0.076047 0.388934 -0.455093 -0.606585 -0.095484 0.930914 -0.032687
0.201267 -0.273560 -0.046685 -0.464086 0.069661 -0.752254 -0.506789 -0.352800 0.772347 0.560162 -0.587510 -0.708817 -0.607616 0.246410 -0.757964 0.426787 -0.620602 0.005266 0.405080 -0.559993 0.018662 -0.302009 0.376936 -0.478324 -0.724372 0.501005 -0.975396 0.548682 -0.670971 -0.454052
-0.184435 0.994094 0.888588 0.825079 -0.282252 -0.934942 0.412008 0.394025 -0.197576 0.644793 0.637289 0.945663 0.310524 -0.047484 -0.959039 0.954526 0.541107 0.803134 -0.167280 -0.169152 -0.363384 -0.218894 -0.114826 0.432486 0.152125 -0.101709 -0.426087 -0.178090 -0.859296 0.083412
0.528422 0.403514 0.743667 -0.937625 0.459581 0.500131 0.850199 -0.817203 -0.050590 -0.303201 -0.667209 -0.996246 0.653553 0.172309 0.480698 0.515040 -0.418959 0.621594 0.626241 -0.091642 -0.203281 -0.673153 0.846163 0.881393 0.826851 0.319619 -0.428212 -0.895946 0.631514 -0.979910
-0.933457 -0.145079 -0.825634 0.926258 0.894844 -0.711274 0.676656 0.029620 0.684497 0.998522 0.899144 -0.153108 0.758823 -0.166645 0.369449 0.204543 0.436040 -0.788104 -0.063135 -0.911624 0.882993 0.183593 0.340516 0.642244 0.238954 0.516094 -0.394392 -0.017662 0.554198 0.596246
-0.491338 -0.656392 0.522242 -0.168790 -0.456317 0.643464 -0.563518 0.249218 0.685032 -0.525795 0.150765 0.145125 0.445485 0.407652 -0.804530 0.190743 0.902999 -0.380620 0.690833 -0.402176 0.108742 -0.637357 -0.505930 -0.707828 0.467943 -0.062328 -0.730898 0.727569 -0.549189 0.831625
-0.314565 0.739996 0.290276 -0.977582 0.165976 0.073776 -0.939519 -0.408266 0.507931 -0.659680 0.564897 0.245489 -0.438189 -0.689673 0.170290 0.915163 0.194206 0.283871 0.785832 -0.320247 -0.932428 -0.014434 -0.639771 -0.860946 0.439955 0.955475 0.514740 0.335367 0.287168 0.582183
-0.524787 0.194281 -0.606158 -0.455497 0.696520 0.677167 -0.730640 -0.975005 -0.210268 0.906745 -0.657394 0.344573 -0.147250 -0.654839 0.952124 -0.076230 0.162896 0.550591 -0.674365 0.972285 -0.289075 -0.891081 -0.280421 -0.811977 -0.003297 0.516396 -0.006196 0.561108 0.529929 -0.826880
-0.550210 0.592137 0.221991 0.134680 0.643770 0.752612 -0.330187 -0.096800 0.155555 -0.525663 0.143520 -0.365246 -0.304160 0.589443 0.430150 0.673438 0.169508 -0.787925 0.334737 -0.994667 0.867788 0.872641 -0.151449 -0.287373 -0.120537 -0.273096 -0.447085 0.288081 -0.446945 -0.262000
0.447099 0.374013 0.292364 0.092853 -0.123828 -0.788378 0.507856 0.139732 0.463691 0.995901 0.595715 0.645309 0.210992 -0.335800 0.081942 0.413441 -0.271072 -0.527406 0.579820 -0.351996 -0.851105 -0.529610 0.312753 0.096442 0.910133 0.267580 0.984111 0.857723 -0.605438 -0.594769
0.151000 -0.305217 -0.617708 0.708605 -0.568307 0.856506 -0.014654 -0.611484 -0.154118 0.482977 0.090053 -0.448175 -0.167299 0.763223 -0.738486 -0.300503 0.808964 -0.627818 -0.802773 -0.523672 -0.489434 -0.242725 0.287900 0.030867 0.195744 0.160828 -0.613697 0.026397 -0.845434 0.878101
0.208572 0.542854 0.705584 0.079535 -0.887780 0.493496 -0.706680 0.088106 -0.517454 0.788963 -0.544107 -0.028927 0.535886 0.458595 -0.656785 -0.264201 0.373834 0.420021 -0.909657 0.900899 -0.582638 0.055649 0.240629 -0.227888 -0.293839 0.481269 -0.206747 -0.666585 -0.210550 -0.558028
-0.052619 -0.475228 -0.536440 0.555855 0.176633 0.139803 0.721818 0.085076 0.321711 -0.400582 -0.066271 -0.375467 0.443328 0.481955 0.574257 -0.839912 0.232178 0.445694 0.575355 0.195442 0.505724 0.336173 0.147962 -0.625631 0.048874 -0.915444 0.118442 0.466555 0.586893 -0.664767
-0.791364 -0.432021 -0.024639 -0.812489 -0.294095 -0.662770 -0.697189 -0.701199 -0.608355 0.300322 -0.275948 0.117985 0.505140 0.759176 -0.070170 0.910135 0.689906 0.834776 0.364093 0.128077 -0.179419 -0.964899 -0.443989 -0.488137 0.270659 -0.135194 0.469576 -0.503772 0.408769 0.039066
0.485684 -0.406733 0.985154 0.738923 0.830761 0.416640 0.726587 0.510051 0.133726 -0.227392 0.257821 0.378825 0.790907 0.052651 0.706152 0.528126 -0.882479 0.682614 -0.659732 0.491742 -0.122042 0.534789 0.498200 0.417637 -0.153223 -0.790301 0.443401 -0.702304 -0.504324 -0.024671
0.734370 0.729960 0.039286 0.240897 -0.060203 0.030362 -0.099166 -0.673666 -0.773892 -0.885630 -0.164856 -0.021301 -0.158248 0.764342 0.290639 -0.265843 -0.524281 0.827224 0.210383 0.774355 -0.249238 -0.363697 0.133095 0.232133 -0.721625 -0.454920 -0.670692 -0.570712 -0.894239 -0.681486
0.514301 -0.930084 0.240037 0.008877 0.890189 -0.875765 -0.361777 -0.949543 0.636352 0.256740 -0.291279 0.118021 0.015439 -0.087992 -0.590688 0.012849 -0.825397 -0.567898 0.536155 0.886535 -0.247534 0.079211 -0.442283 0.371392 0.717831 0.389177 -0.002292 -0.107170 0.031375 -0.998313
-0.407926 0.253765 0.091946 0.156855 -0.228613 0.805120 0.675137 0.586932 -0.755406 -0.236480 -0.822353 0.773843 0.495024 -0.825920 -0.136799 -0.846456 -0.431513 -0.258448 -0.954903 -0.286997 -0.066638 -0.675052 -0.781670 -0.186105 -0.990478 0.581783 0.134303 0.993318 -0.613897 0.945977
-0.191182 0.928631 -0.397558 0.262571 0.579687 0.662865 -0.023029 0.812177 -0.928979 -0.521036 0.978320 -0.669005 -0.155395 0.343386 -0.423993 0.571917 -0.979378 0.736397 0.597668 0.820155 0.119344 0.607846 -0.951545 0.909287 -0.347375 -0.130346 0.493986 0.767046 -0.178573 -0.586228
0.964259 -0.993760 -0.144011 0.276469 -0.276233 0.886664 -0.880097 0.627485 -0.271280 -0.312779 -0.463095 0.971364 0.585169 0.303309 -0.517165 -0.561625 -0.676997 -0.544175 -0.934578 0.357177 0.810707 -0.921071 -0.516591 0.658317 -0.443090 -0.237975 0.720636 0.817352 0.938162 0.556412
-0.496566 0.226924 0.606010 -0.915031 -0.415056 -0.529128 -0.639950 0.196685 -0.981384 0.205552 0.772270 0.645697 -0.419302 -0.852875 -0.642819 -0.244890 -0.477646 -0.260917 0.637676 0.596731 -0.692771 -0.658055 -0.617076 0.261858 0.975776 0.868746 -0.804677 -0.019780 0.062527 -0.018702
-0.813410 0.440112 0.454355 0.279356 -0.908040 0.332715 0.796323 -0.208310 0.431055 -0.006673 0.166499 0.774538 -0.778105 0.119821 -0.352412 0.154790 0.307229 -0.157542 -0.354263 -0.777942 0.937624 0.241574 -0.233248 -0.069390 0.288497 0.647710 -0.098169 -0.449119 0.806209 -0.201662
-0.872528 -0.654638 -0.625782 0.708702 0.957822 -0.118986 0.004104 -0.978046 0.823228 0.314945 0.658735 0.814270 0.630838 -0.525022 0.122177 0.553488 -0.967613 -0.469885 -0.789800 -0.454859 0.333800 0.488924 0.786591 -0.877507 0.876165 0.234818 0.042270 -0.336393 -0.350062 -0.402110
-0.144752 -0.037447 -0.109103 -0.349091 0.738904 0.333957 0.722268 0.131472 0.950940 0.277600 0.471140 0.893160 -0.147043 -0.178246 -0.287280 0.951833 -0.313334 -0.900959 0.865443 0.890630 -0.245261 -0.263360 -0.339074 0.109601 0.766694 0.581479 -0.685492 0.832095 -0.194269 0.808837
0.489653 -0.294835 0.150532 -0.012989 -0.275802 -0.945916 -0.565685 0.788133 -0.708311 -0.028359 -0.456460 0.212976 -0.590769 0.374428 -0.626595 -0.393319 -0.248970 0.732055 0.698847 0.226002 -0.225782 0.877507 0.544294 0.300116 -0.528695 -0.633593 0.513095 -0.211870 -0.866447 0.863077
-0.681924 0.225393 -0.519196 -0.349184 0.676925 -0.085359 -0.681717 0.324152 -0.166360 0.463931 -0.695399 0.214722 0.580740 0.129345 -0.010458 -0.259595 -0.989114 0.370719 -0.282835 0.678980 -0.809820 -0.496042 0.614736 0.936406 -0.217574 0.426010 0.610049 -0.533257 0.663276 0.467964
-0.157679 -0.843528 -0.523351 0.972296 -0.338969 -0.389652 -0.636297 -0.993305 0.298475 -0.162269 -0.468321 0.830659 0.099131 0.397870 0.811234 0.910256 0.507282 0.448888 0.933264 -0.288662 -0.322164 -0.124847 -0.114190 0.423913 -0.466054 -0.248695 -0.503641 -0.205378 0.714622 -0.867301
0.503539 0.596018 -0.848800 -0.118728 0.451983 0.833559 0.095804 -0.430174 0.821729 0.122224 -0.336113 0.006409 -0.021763 0.256334 0.195329 -0.638223 -0.604707 -0.435780 -0.161337 0.677859 -0.749766 0.133496 0.070397 0.457136 -0.867543 -0.530944 -0.604609 -0.303569 -0.040349 -0.436445
0.923644 -0.976640 0.786095 -0.317154 0.839013 0.632822 0.589622 0.566258 -0.501271 -0.623587 0.393744 0.704938 -0.539062 0.260493 -0.135099 0.935135 0.797930 -0.881620 -0.140132 -0.691053 0.336774 -0.290727 -0.498576 -0.527978 0.200276 -0.151490 -0.521293 0.141801 0.494522 -0.830459
-0.999292 0.317224 0.809896 0.790617 -0.921141 -0.941398 0.539861 -0.996752 0.351964 -0.306902 0.702332 -0.909775 -0.457529 -0.400053 0.094941 -0.214532 0.514133 0.214373 -0.378384 0.816776 -0.094029 -0.619050 0.811602 -0.278101 0.222082 0.297519 0.979078 0.582992 -0.770817 0.643304
-0.444614 0.715512 0.527513 0.503987 -0.129852 0.831407 -0.848356 -0.310965 -0.481634 -0.345449 0.172992 0.362827 0.910951 -0.828039 0.767594 -0.986993 0.922739 -0.422546 0.126498 -0.430230 -0.002037 0.858597 0.757423 -0.402679 0.022289 -0.756691 0.004352 0.762853 0.000183 0.058936
-0.673858 -0.538612 0.907775 -0.640065 -0.161705 -0.147748 0.740378 0.453848 0.281780 0.541476 -0.436562 0.513876 0.751067 -0.656944 -0.980281 -0.213157 -0.496061 0.493552 0.437604 -0.798673 -0.820810 0.237864 -0.322646 0.701233 0.354151 -0.105778 -0.083544 -0.806476 0.658522 -0.721733
-0.339224 0.384059 0.993094 -0.565783 0.219833 -0.334783 0.053014 -0.045234 -0.168658 -0.283150 0.916730 0.908420 -0.979987 -0.389580 0.308882 -0.609574 -0.885548 -0.732920 -0.529259 0.303750 0.610468 0.581178 -0.008161 0.643232 -0.023915 0.408790 0.840982 -0.399315 0.727155 -0.854465
-0.417138 -0.519577 -0.755807 0.573457 0.985070 0.010880 0.946729 -0.596443 0.655469 0.084462 0.609129 -0.863882 -0.539259 0.419052 0.557394 -0.679043 0.915142 -0.761092 -0.349322 0.732772 -0.269133 -0.562182 -0.761566 -0.227901 -0.471726 0.291016 -0.726163 -0.016911 0.128708 -0.909859
0.767463 -0.955874 0.654904 -0.649773 0.793372 0.696731 0.819328 -0.466837 0.538987 -0.626149 0.178342 0.945253 -0.374827 0.253919 -0.090876 -0.946166 -0.573586 0.532290 0.632062 0.619689 0.750585 -0.632596 -0.647510 -0.699194 0.158682 0.575052 -0.087060 0.448854 0.875065 -0.581577
0.662424 -0.964933 -0.624830 -0.059800 0.022094 -0.137602 -0.841761 0.106111 0.118587 -0.217931 -0.549439 0.492891 -0.733047 -0.663534 -0.902028 -0.446698 0.697851 -0.233153 -0.237634 -0.154741 0.291973 -0.267940 -0.525213 -0.112907 0.894758 -0.778744 0.058702 0.827581 -0.924060 0.490814
0.655343 -0.940237 0.745402 0.723895 -0.078795 0.692701 0.425303 0.587197 -0.791739 0.296777 0.712860 -0.983590 -0.736727 -0.877176 0.679171 -0.766293 0.547502 0.667029 0.759822 -0.873271 -0.685693 -0.839609 0.833037 0.390522 0.254364 0.310382 -0.323942 -0.206951 0.211034 -0.283542
-0.402191 -0.119598 0.862324 -0.863785 -0.886079 -0.566188 -0.664410 -0.082855 0.908450 -0.907547 0.010005 -0.496272 0.154501 0.135309 0.189431 0.507962 -0.452842 0.864531 -0.401085 -0.363675 0.912878 -0.590102 -0.957124 0.559988 0.665676 -0.063632 0.761147 -0.786747 -0.432405 0.172384
0.807924 0.706655 0.683535 -0.615474 0.977362 -0.678930 0.741381 -0.977829 0.611578 -0.779968 -0.627966 -0.782206 -0.728864 -0.786049 -0.058107 0.390045 -0.488620 -0.230414 -0.021065 0.481523 -0.400945 0.123595 0.161713 -0.751333 -0.388341 0.432579 0.267255 -0.681049 0.702034 -0.741247
0.977459 -0.210506 -0.012011 -0.650261 -0.706938 0.351408 0.252187 0.334877 0.643003 -0.945550 -0.371245 0.395908 0.774579 0.436004 -0.736464 0.447924 -0.770933 0.463950 -0.752669 -0.164987 -0.998909 0.221399 -0.455464 0.946565 0.808746 -0.602092 0.922266 -0.783162 0.759447 0.911182
-0.129694 -0.928102 -0.054512 -0.358411 0.139586 -0.668534 -0.635649 0.900793 0.240972 0.343976 0.594281 -0.920061 -0.060970 0.536296 0.788765 -0.836952 0.496763 -0.473225 0.887429 0.966878 -0.671982 -0.275311 0.070934 -0.536080 -0.075031 0.031274 -0.986416 -0.936889 0.560509 0.581235
0.591608 0.322425 -0.722589 -0.825668 0.951871 -0.205677 0.425480 -0.480428 -0.324731 0.561494 -0.116654 -0.977724 -0.497725 -0.380477 0.369296 0.148567 0.797125 0.498786 -0.107890 -0.692448 -0.945403 -0.172936 0.053151 0.749694 -0.220382 -0.702052 0.460008 -0.233755 -0.994363 0.631825
0.599637 -0.400848 0.960127 -0.804550 0.453166 -0.413495 0.534209 0.444723 0.342246 -0.841915 -0.216174 0.686526 0.704744 -0.361925 0.270711 0.049349 -0.758526 -0.814601 0.784094 0.289555 -0.469706 -0.868945 -0.800258 -0.811828 0.185232 0.116039 -0.085305 -0.532272 0.651873 -0.630308
-0.141836 -0.838847 -0.219581 0.520988 -0.964183 0.252513 0.936304 0.434157 0.254941 -0.946770 0.969700 -0.762172 -0.155385 -0.483680 -0.608334 -0.225834 -0.284401 0.337952 0.713638 0.110658 -0.618379 0.714650 0.503701 -0.544323 0.598341 0.639803 0.524100 0.005152 0.257075 0.196771
-0.251293 0.393085 0.013914 -0.235924 -0.267195 0.885672 0.445971 -0.627366 -0.086035 -0.615700 -0.695690 -0.388359 -0.999018 -0.662757 0.379950 -0.335081 -0.412186 0.546142 0.896333 -0.261950 -0.068574 -0.258699 -0.903883 -0.065737 -0.271936 0.460614 0.531223 0.412565 -0.195467 -0.159104
-0.473228 -0.349801 0.210223 0.446192 -0.727716 0.998006 -0.714460 0.349513 0.636308 0.709486 0.283305 -0.308495 -0.866635 0.762288 0.027640 0.981669 0.469373 0.076650 0.829489 -0.111328 0.092387 0.347618 -0.070531 0.884773 0.665981 -0.389008 -0.047631 -0.980413 -0.460616 0.942357
0.649657 -0.788443 0.499468 -0.273829 0.943224 -0.345799 -0.076648 0.151373 -0.882121 -0.299392 -0.782107 0.209035 0.071526 0.545816 0.413130 -0.356376 -0.511815 0.890407 -0.476054 -0.447939 -0.826967 0.622861 -0.274055 -0.613403 -0.279632 -0.638498 -0.222507 0.119296 0.252203 -0.540636
-0.851301 0.780408 0.274092 -0.110860 -0.302205 0.124333 -0.465783 -0.231608 -0.345148 -0.319772 -0.655559 0.408721 0.056993 0.434777 -0.471589 0.370918 0.001884 0.920502 0.308560 0.340427 -0.800940 -0.400162 -0.929261 0.322444 0.847609 -0.026698 0.133034 -0.358882 -0.020128 -0.486316
0.602335 0.646537 0.591865 -0.514129 0.639926 -0.498785 0.533550 -0.342452 -0.840754 0.123443 -0.232590 0.441462 0.285358 -0.451013 0.337757 -0.729841 0.371876 0.234109 0.191998 -0.902835 -0.989701 0.850640 0.718596 0.094384 -0.489120 -0.571387 0.919697 -0.588676 -0.181522 -0.004367
-0.045471 -0.285524 -0.196387 -0.141471 0.619916 0.528559 0.657337 -0.803120 0.079379 0.184368 0.229321 -0.594070 0.818440 0.845429 -0.731650 -0.618344 0.709563 -0.057482 -0.969813 -0.802975 0.016328 0.668109 -0.636181 0.767691 -0.392810 -0.014809 0.536604 0.281878 -0.799203 0.614910
-0.210864 -0.518158 -0.397326 -0.531230 0.570673 0.343151 -0.709051 -0.086619 0.822552 -0.916400 0.674119 0.000516 0.520122 -0.971341 -0.855623 0.008069 0.435630 0.091337 -0.763331 0.316472 0.965596 -0.037825 0.825454 0.741606 -0.353890 -0.121775 -0.558495 0.015341 0.014442 0.896881
-0.759391 -0.168963 0.272334 -0.978410 0.498972 0.215864 0.295722 -0.732923 -0.822043 -0.035263 0.049186 0.341323 0.469401 0.401512 0.913614 -0.125736 0.819489 -0.375230 0.838927 0.159206 -0.354648 -0.874197 -0.573392 -0.461282 -0.606664 0.287266 -0.561830 -0.505344 -0.467536 0.920334
0.641802 0.235519 0.636609 0.683912 -0.319993 -0.321028 0.210960 0.352916 0.932655 0.046834 0.328635 0.625970 0.445151 -0.198372 -0.641913 -0.235610 -0.519424 -0.654070 0.983189 0.230403 -0.271511 0.224687 0.830122 -0.103170 0.522162 0.245992 0.903227 -0.934001 0.942585 0.897383
0.472597 -0.782020 0.414929 0.060393 0.467483 -0.041607 0.908081 -0.144389 0.095138 0.884716 -0.735673 0.089695 0.213204 -0.868261 0.425910 0.488496 0.985267 -0.480895 0.355633 -0.983941 -0.906572 0.990725 -0.400156 0.330127 0.664847 0.148612 -0.079305 0.745960 -0.722985 0.145541
-0.162243 -0.924040 -0.920009 -0.042214 -0.869180 0.347347 -0.995121 0.927151 -0.502674 -0.971455 0.244279 -0.166435 0.483735 0.748852 -0.644913 -0.578933 0.782488 0.632041 0.222120 -0.672009 -0.770027 -0.666240 0.712925 0.019137 0.483702 0.690765 -0.522944 0.391291 -0.239727 0.776884
-0.021833 0.919433 0.833016 0.687440 0.792331 0.353577 -0.407076 0.202346 0.305391 0.203910 0.540803 0.679700 0.508200 0.130640 -0.098247 0.444149 -0.582265 -0.303915 -0.608108 0.857266 -0.813497 0.545785 -0.466882 -0.123994 -0.407460 -0.191757 -0.624579 0.870465 0.849519 0.558006
-0.041368 -0.319009 0.446987 0.893139 -0.598957 0.498330 -0.350338 -0.603013 0.481801 -0.009777 -0.008639 0.250645 -0.592628 0.205798 -0.485257 -0.826964 0.940600 -0.604492 0.377937 0.726029 -0.235922 0.950957 0.161782 0.942972 0.741048 -0.689715 0.114525 0.119268 -0.477780 0.618696
-0.011047 0.464918 -0.967378 -0.507278 -0.998426 -0.732239 0.526483 -0.464083 0.702737 0.053854 -0.142875 -0.979819 -0.811681 -0.462017 -0.291861 -0.729507 0.302376 -0.917759 -0.186633 -0.677646 -0.048047 0.648965 -0.309287 -0.380422 0.374413 0.969335 0.829975 0.302823 -0.577100 0.895004
-0.570586 0.686541 0.392010 -0.729342 -0.931144 -0.355504 0.165537 -0.346632 -0.423753 -0.589131 0.021617 -0.265529 -0.561815 -0.358997 0.878368 0.407121 -0.514719 0.471034 -0.617355 -0.664086 0.596344 -0.985249 -0.071488 -0.837598 -0.610138 -0.380245 0.139216 0.337302 -0.644374 -0.599441
-0.945163 0.619335 0.842013 -0.304008 0.974311 -0.414393 0.763096 -0.724494 0.238996 -0.312288 -0.893888 -0.751070 0.093770 0.137913 0.017918 -0.372755 -0.141973 -0.948056 -0.355160 -0.384778 0.870269 0.671105 0.307206 -0.600207 0.239054 0.356454 -0.808950 -0.789894 0.411557 0.674693
0.383133 0.851366 -0.233886 -0.022976 -0.620087 -0.972019 -0.866346 0.011341 0.870971 -0.076567 -0.431343 0.747216 0.983819 -0.609477 -0.183006 -0.633740 0.469671 0.671745 0.426853 -0.698091 0.920468 -0.145119 0.625463 -0.021775 -0.729956 -0.906488 -0.623142 -0.233547 -0.812602 0.990929
-0.577139 0.705616 -0.295291 -0.268049 0.343786 0.908500 -0.140682 -0.635309 0.989912 0.828869 -0.599703 -0.713750 -0.671855 0.876021 -0.811572 0.427378 0.256789 -0.963224 -0.273449 -0.351223 0.425950 -0.754767 -0.232310 0.773077 -0.292495 0.737829 -0.679721 0.462521 -0.677253 0.078021
-0.576792 -0.958545 0.357960 -0.058113 0.069916 0.090219 -0.056072 0.680835 -0.385944 -0.854464 0.803942 -0.289216 -0.291018 0.107020 -0.235255 -0.242648 -0.754562 -0.149173 0.197461 0.751226 -0.914286 0.105132 0.658873 0.441449 0.866661 0.023586 -0.294000 -0.081888 0.740907 0.294419
-0.906392 0.929465 -0.888817 0.629986 0.661549 -0.962744 0.132321 0.864947 -0.595775 0.358740 -0.629222 0.396032 0.488148 -0.440034 0.135610 -0.251351 -0.567325 0.692139 0.870670 -0.149374 0.706045 0.333119 -0.747583 0.535889 0.077237 -0.014772 0.028641 -0.052617 -0.159354 -0.243426
-0.594086 0.267160 0.742016 -0.701662 0.550794 -0.187876 0.128858 -0.867299 -0.731731 0.093106 0.257564 0.393051 0.446667 -0.698197 0.660944 -0.490453 -0.369263 0.539369 -0.421516 0.075003 -0.542186 -0.189250 0.746851 0.485158 0.120001 0.397871 -0.821492 -0.308724 -0.381953 0.626902
0.293334 0.189027 -0.211426 -0.268969 0.122504 -0.883052 0.569975 -0.061240 -0.710298 -0.529150 -0.583025 0.179178 -0.836531 0.182204 0.585911 -0.588686 0.514566 0.995512 0.860383 -0.059753 -0.182583 0.905976 -0.054746 0.495193 -0.168298 -0.538611 0.336579 -0.239458 0.270843 0.353782
0.894347 0.423314 -0.971087 0.150163 -0.492296 0.202442 -0.508513 -0.548930 0.412937 -0.147546 -0.651821 -0.232442 -0.965891 0.553675 0.321086 -0.203064 -0.806439 -0.239178 -0.688770 -0.900742 -0.642634 0.030482 0.477875 0.084641 0.586697 -0.269167 -0.685075 0.099010 0.140875 0.155378
-0.135153 0.939263 -0.553036 -0.093552 -0.468408 -0.826901 -0.829991 0.421271 -0.301971 0.564199 0.484563 0.533209 0.526098 -0.417314 -0.836131 0.690324 0.286530 0.935925 -0.816780 -0.646569 -0.426581 -0.637667 -0.545918 0.042926 0.556067 0.889319 0.100302 0.101045 -0.980495 0.610583
0.611089 0.042137 -0.365245 -0.758320 0.864876 -0.867742 -0.040021 -0.540836 -0.970225 -0.570024 -0.911647 -0.852321 -0.706490 0.126935 -0.272002 -0.327230 -0.805562 0.088950 0.714019 0.308001 0.148771 0.314224 0.833510 -0.818849 0.013388 0.397634 -0.216926 0.611721 0.264780 -0.681619
-0.240060 -0.228206 -0.712185 0.963752 0.762775 0.797720 -0.293398 0.944736 0.475114 0.899108 -0.244430 0.734708 -0.356324 0.232066 0.869167 0.579296 -0.453038 0.124626 -0.336989 -0.357698 -0.976489 0.062146 -0.856312 -0.964303 0.169186 -0.986722 0.987704 0.234309 -0.837628 0.640858
0.405435 0.059038 0.065844 -0.865696 0.863019 0.561900 0.905798 0.060358 0.035764 0.939538 -0.919974 -0.672543 0.963436 0.486025 0.168950 -0.638396 -0.042510 0.736874 0.987206 0.489780 0.182278 -0.970506 -0.225377 0.895398 -0.007389 0.764575 0.845371 0.380118 -0.564339 0.227779
0.174545 -0.299070 -0.784419 0.845640 -0.986032 0.805879 0.901311 0.221576 0.382725 0.567388 0.439733 -0.096976 0.661098 -0.562080 -0.294236 -0.854674 0.282728 0.538785 0.565107 -0.153950 -0.784437 -0.412467 0.483135 0.717840 0.723591 -0.751159 0.137540 0.669358 -0.346539 -0.955593
0.699666 0.567646 0.822835 0.880728 -0.457423 0.382041 -0.708477 0.270296 -0.071424 -0.503840 0.704808 -0.071313 -0.739811 -0.476785 0.344356 0.571535 0.337265 -0.238657 0.135735 0.419721 0.359654 -0.797847 -0.247369 0.033281 0.074271 -0.805528 -0.243642 -0.354526 -0.930760 0.700960
-0.419341 -0.585420 -0.533652 -0.802779 0.243309 -0.363233 -0.900096 -0.236315 -0.581602 0.585015 -0.211580 -0.958238 -0.499245 -0.632297 -0.087949 -0.557257 0.512123 0.130812 0.582573 -0.637893 -0.681584 -0.914113 0.204634 0.838629 -0.324156 -0.811803 -0.421124 0.611412 -0.640107 0.566143
-0.495609 0.362239 0.756757 -0.771536 -0.670164 0.715972 -0.272933 0.387582 -0.211956 -0.902719 -0.997560 0.940816 0.683375 -0.162850 0.172112 0.093629 -0.787990 0.498590 -0.990094 -0.704255 0.384091 -0.435274 -0.100179 -0.479580 0.995008 -0.376183 0.675524 -0.613711 0.151210 -0.544830
0.618629 0.337457 0.433666 0.723241 -0.349743 0.512817 -0.401405 -0.653464 -0.783207 -0.062775 0.784148 0.626015 0.401499 -0.212869 0.865836 -0.517436 -0.361336 -0.917618 0.227410 -0.171968 -0.795065 0.634703 -0.586368 -0.404690 -0.714718 -0.670693 0.000292 -0.438418 0.745456 0.094044
0.980812 -0.290214 -0.901864 -0.727940 0.327300 -0.395389 -0.135931 -0.547471 -0.382365 -0.041716 0.190927 0.987053 -0.093867 0.743262 -0.621204 -0.787394 -0.163495 -0.860217 -0.523003 -0.498820 -0.025099 0.694428 0.652024 0.220988 -0.325647 -0.103660 0.050818 -0.305748 -0.548101 0.604332
-0.655894 0.220333 -0.014769 -0.217929 -0.875701 -0.219386 0.463932 -0.838457 0.147435 -0.967203 0.167117 -0.115607 -0.032939 -0.976365 0.410070 -0.954619 0.579559 -0.773635 -0.311489 0.839910 0.185425 -0.208823 -0.463604 -0.557763 -0.603508 0.380663 -0.404708 0.930680 0.198073 -0.484960
0.126045 -0.132132 0.907023 0.087485 -0.669311 0.815139 0.619886 0.222788 -0.167503 0.065869 0.377764 0.556651 -0.322942 0.889317 0.604194 -0.458936 -0.586115 0.251414 0.826377 0.072371 -0.302537 0.543492 0.538578 0.056036 -0.332783 -0.382046 0.203906 0.106589 0.340320 -0.186466
-0.545748 -0.401721 -0.188444 0.375654 -0.179540 0.388266 -0.989715 0.104856 0.377641 -0.961361 0.373707 0.114618 -0.057301 0.826541 -0.244866 0.397268 -0.817900 -0.095416 -0.339260 0.280307 -0.293216 -0.011730 0.217035 0.275160 -0.804566 -0.204090 0.566865 -0.607841 0.380809 0.867412
0.591664 0.049943 0.298376 -0.288617 -0.973851 0.659123 -0.544570 -0.826406 -0.210212 -0.443265 -0.976269 0.593159 -0.057347 -0.325937 0.244497 -0.636241 0.491238 0.511230 0.688106 0.813466 0.744630 0.105366 -0.746597 0.384113 0.056379 -0.395466 -0.259942 -0.341254 -0.705429 0.113531
0.274809 -0.757005 -0.507269 0.412110 -0.137232 0.470844 0.678493 0.512829 0.971077 0.646404 -0.681812 -0.473003 -0.005618 0.870333 -0.690185 -0.681788 -0.680362 0.708338 0.525399 0.611225 -0.911932 -0.303112 0.666042 0.489692 -0.033819 -0.229903 -0.537505 -0.454338 -0.856188 -0.362993
0.717547 -0.493509 -0.153811 -0.955915 0.797614 -0.257625 0.345591 -0.512893 -0.160526 0.912750 -0.668481 0.009936 0.588496 -0.054175 0.231573 -0.389762 0.833675 -0.329509 -0.651658 -0.751722 -0.227846 -0.658672 -0.845423 -0.032048 0.376417 -0.491588 0.744948 -0.501739 -0.181942 0.235717

Bias v0 (Oculta):
0.262876
0.462568
0.391599
-0.567051
-0.611519
0.304946
0.328650
0.192427
0.362978
-0.103770
0.168877
0.131316
-0.671053
0.393727
-0.271749
-0.135337
-0.686888
0.878061
-0.715745
0.097954
0.820116
-0.482617
-0.798024
-0.860159
0.723395
-0.556276
-0.849728
0.431760
0.833807
-0.312887

Pesos w (Oculta -> Saída):
0.501176 -0.721678
0.862705 0.824518
0.654948 0.041461
0.054747 -0.216011
0.755528 -0.358036
-0.299543 0.345667
-0.543120 0.374835
0.726625 0.944761
-0.616130 0.897421
0.707162 -0.644787
-0.464492 0.765782
0.799455 0.050236
0.757785 -0.068610
0.250419 0.390686
0.936945 -0.317406
-0.314448 0.833972
0.744676 -0.198906
0.247555 0.838687
0.108138 -0.212132
0.162272 -0.813383
-0.721247 0.247602
0.121396 0.731554
-0.945479 -0.396874
-0.461159 0.384893
0.824400 -0.283931
-0.040154 0.936726
-0.232076 -0.771348
0.102794 -0.908260
-0.762349 -0.286035
0.423831 0.606362

Bias w0 (Saída):
-0.120755
-0.789804
