Pesos v (Entrada -> Oculta):
-0.376290 -0.455196 -0.034857 -0.107089 -0.250332 -0.475066 -0.763998 0.697197 0.267580 -0.262356 -0.990174 0.834134 0.606623 0.665886 0.040402 -0.893876 0.121215 -0.110630 0.178310 -0.129688 0.436056 0.492263 0.423982 -0.218857 -0.882689 0.936878 -0.879160 -0.145498 -0.249433 -0.285106
0.827559 -0.893012 -0.780031 0.425838 0.612176 -0.342785 -0.667635 0.923167 -0.791260 0.070443 -0.519389 -0.536227 -0.983861 -0.324234 0.880932 0.494372 0.237869 -0.137238 -0.097734 0.454526 -0.107156 0.540528 -0.035255 0.961565 0.945901 0.863824 -0.899682 -0.064461 -0.554644 -0.780393
0.471786 -0.353844 -0.494975 -0.149231 -0.769365 0.073756 -0.026284 0.665893 0.802247 0.337653 -0.262548 0.791746 0.350899 0.494106 0.577396 -0.574279 -0.341888 0.054720 0.297883 0.613562 0.535269 -0.997645 0.576710 0.035811 -0.453915 0.498364 -0.298720 0.409057 0.531679 -0.034061
-0.853565 0.087349 0.510449 -0.617181 -0.671950 -0.903431 -0.515686 -0.068654 0.573247 -0.485658 0.460772 0.944987 -0.873482 -0.809034 -0.885892 -0.942831 0.922969 -0.639093 -0.392616 0.352252 0.937913 0.086585 0.337907 -0.684181 0.714540 0.845908 0.744555 -0.282145 0.728942 0.765022
-0.700780 0.563541 -0.959913 -0.428991 -0.165100 -0.048117 0.953010 0.232465 -0.121848 -0.613492 0.475808 -0.013880 -0.997443 -0.682991 -0.699990 0.160125 -0.971460 -0.124347 0.997411 0.769138 0.404999 0.988533 -0.601037 0.430093 -0.812113 -0.810467 -0.294898 0.792041 -0.319287 0.493259
0.781632 0.918867 -0.837855 -0.456981 0.368059 0.416595 0.601518 0.998550 -0.126970 -0.433150 -0.014665 0.927487 -0.452097 -0.672147 -0.937102 -0.444028 0.401253 -0.276767 0.940930 0.782182 -0.693774 -0.103140 0.926125 0.847721 -0.448091 0.556528 0.069916 -0.334861 -0.366120 -0.663138
0.265829 0.647773 0.489393 0.365456 -0.188473 0.202968 -0.581333 0.625407 -0.588045 0.363599 -0.640265 0.807930 0.766544 0.650988 -0.350357 0.504497 0.553462 -0.780268 0.912430 -0.680406 0.166806 0.953773 -0.780800 0.162679 -0.703068 -0.033736 -0.697910 0.858614 -0.726502 0.738522
0.697606 -0.793955 0.764843 0.518813 -0.190732 0.483262 0.910048 0.560971 -0.348635 0.037368 0.884259 -0.283730 0.667480 -0.915623 0.931598 0.352622 0.383795 0.252790 -0.498512 0.032049 -0.484294 -0.099476 -0.527625 0.282250 -0.202370 0.238920 0.413586 -0.179778 -0.564343 -0.383414
-0.296046 -0.603499 -0.156727 -0.099535 -0.248979 -0.928584 0.899179 0.572608 0.914177 -0.492739 0.353146 0.307246 0.814116 0.558560 0.408189 0.198702 -0.693731 -0.730867 0.208381 -0.055676 -0.970335 -0.278341 -0.159738 0.658072 -0.793278 0.649707 0.526249 0.927043 0.740008 0.138721
0.432291 0.321408 -0.396835 -0.009120 0.601252 0.264145 -0.906004 0.268082 0.948469 -0.308450 -0.103786 0.629179 -0.055820 0.207665 -0.125325 0.686123 -0.835945 -0.165710 0.702050 -0.565122 -0.321436 0.627935 -0.083949 0.926707 0.941191 -0.787498 -0.074176 -0.866599 -0.708065 0.414054
0.857589 0.708206 0.081775 0.283721 0.478710 0.035373 -0.790112 0.061820 -0.074029 -0.037255 0.864756 -0.243153 -0.405488 0.531080 -0.606137 -0.154081 0.773736 0.779286 -0.726055 -0.627267 -0.116470 0.389335 -0.507795 -0.315561 -0.097003 -0.354004 -0.644995 0.235478 -0.455569 -0.586037
0.046427 0.649226 0.462550 -0.561129 0.176981 0.473646 -0.135539 0.980362 0.571767 -0.672212 0.167597 0.766745 -0.546163 -0.904695 0.011937 0.496289 0.830485 0.634853 0.639702 0.234925 0.164853 -0.968984 -0.515927 -0.943009 0.357595 0.765066 0.067560 -0.867214 -0.006943 0.072058
0.038061 0.691046 0.823539 0.361553 -0.916310 -0.401642 0.416260 -0.708130 0.869521 -0.372960 -0.625329 0.013568 -0.573867 -0.187400 -0.130012 0.221623 -0.180899 -0.800041 0.046176 -0.231450 -0.924632 -0.009783 -0.241521 -0.003281 0.070179 -0.582238 -0.692249 -0.750612 -0.871224 0.404607
0.935223 -0.443327 -0.919720 -0.386069 0.320472 -0.857042 -0.548904 0.465628 -0.899352 0.639244 -0.767615 0.140530 0.862442 0.753524 0.034158 0.019939 -0.881545 -0.050599 0.789149 0.073880 -0.113646 0.590928 -0.698432 -0.886167 -0.606418 0.134468 -0.886914 0.903222 0.446003 -0.578732
0.194834 -0.399011 0.575068 -0.273310 -0.302421 -0.599392 0.978113 0.197527 -0.924909 -0.003399 0.251375 -0.199023 0.058022 0.421420 -0.255881 -0.308469 -0.372692 0.495863 0.251414 -0.595205 0.767033 -0.290221 -0.490320 -0.255734 0.014778 -0.335051 0.178704 -0.215354 -0.107929 0.790086
0.293385 0.203981 0.977653 -0.883901 -0.441809 0.495293 0.634845 -0.207110 -0.673281 -0.184263 0.361334 -0.092859 0.448216 0.002193 -0.016197 -0.244495 -0.527703 -0.147034 0.410711 -0.686432 0.680099 0.588859 -0.554170 -0.233473 0.494432 0.761635 -0.501400 -0.088108 -0.751157 -0.371275
0.866600 0.101716 -0.389731 0.119293 -0.262400 -0.708483 -0.522214 -0.342755 -0.624576 0.284393 0.969345 -0.861532 0.546845 0.466243 0.395890 0.245202 -0.424016 0.264440 -0.381472 0.940756 -0.295607 -0.651738 0.468078 -0.463526 -0.866156 -0.172028 -0.203363 -0.466984 0.246644 0.139611
-0.654712 -0.315970 -0.373866 0.036907 -0.934005 0.082159 0.217862 0.090181 0.008764 0.638259 0.084981 -0.148662 -0.629651 -0.609868 0.881620 -0.626449 -0.465231 0.041371 0.248869 0.591327 0.235228 -0.795671 -0.307251 -0.812132 -0.776580 -0.244140 -0.004719 -0.228197 0.538072 -0.362426
0.170805 0.016379 0.807575 0.715603 -0.677132 0.378145 -0.032145 0.263436 0.050274 -0.966924 0.550911 0.247528 -0.609762 -0.148632 -0.674729 -0.234072 -0.038103 0.925210 0.726294 -0.871369 -0.274672 -0.978738 -0.009105 0.525212 -0.676884 -0.990732 -0.517410 0.351412 -0.091739 -0.922163
0.600897 -0.488513 -0.106518 -0.434940 -0.150194 0.515959 0.237737 0.279312 0.604707 0.069804 0.389422 0.944598 0.593056 0.693320 -0.061322 0.619412 -0.302319 0.324004 -0.149880 -0.895256 0.631415 0.423480 0.554217 -0.459508 -0.735705 0.271956 -0.126963 0.213400 0.214877 0.918358
0.468407 0.864641 -0.995199 0.271107 0.434770 0.812737 -0.162641 0.876863 0.850913 0.581370 0.375789 0.298390 -0.487471 -0.776317 0.503109 0.625852 -0.778994 0.905642 0.623362 -0.413431 -0.030359 0.238537 -0.451636 0.362953 -0.755096 -0.824830 -0.754178 -0.362203 0.809448 -0.443676
0.007806 -0.439148 0.665375 0.488375 -0.951764 0.849447 -0.317032 -0.676484 0.309205 -0.022995 -0.122218 -0.636122 0.750186 0.412690 -0.819306 0.479800 0.481737 0.087534 0.589453 0.422300 0.434838 0.240725 -0.750329 -0.429421 0.225873 -0.534577 -0.386672 -0.640019 -0.512814 -0.556357
-0.077075 -0.485256 0.550481 -0.960172 0.161731 0.204969 0.046814 0.174804 0.451495 -0.108555 0.480171 0.188562 -0.970621 0.104202 -0.893895 0.938553 0.184477 0.610556 -0.186040 0.492261 -0.444744 0.318297 0.524150 -0.391563 0.298365 0.140990 -0.359070 0.322690 -0.965909 -0.045665
-0.518980 -0.508877 0.740208 0.252096 0.729078 -0.271644 -0.742786 -0.601186 -0.838217 -0.181873 0.682486 -0.655619 0.973917 -0.541115 -0.964243 -0.369793 -0.736623 -0.936483 0.516772 -0.813996 -0.735291 0.009426 0.025540 0.654219 -0.765774 0.999680 0.792523 -0.580209 0.898116 -0.946835
0.494904 -0.776515 0.495358 -0.761490 0.641850 0.111600 -0.063622 -0.753674 -0.309074 -0.466731 0.545833 -0.425013 -0.678471 -0.068115 0.293919 0.451338 -0.738913 -0.880137 0.384310 0.793981 0.159999 0.516925 -0.946043 0.733041 -0.897235 -0.654827 -0.072651 -0.582718 -0.980747 0.768934
0.401472 0.604215 -0.031102 -0.229293 -0.080556 0.559594 0.306486 0.705172 0.481887 -0.781123 0.951728 -0.968199 -0.689521 -0.610142 0.102992 0.383128 -0.938123 -0.767382 0.824236 0.722793 -0.304573 -0.532453 -0.958184 -0.174238 0.311014 -0.217590 0.155833 0.956276 -0.295225 0.536884
-0.498111 0.509858 -0.237830 -0.577622 0.822332 0.735270 0.684825 0.855230 0.917573 -0.780914 0.707378 -0.314454 0.846922 -0.410247 -0.967074 -0.915827 -0.222729 -0.541675 0.764232 -0.421597 0.602534 -0.052496 -0.289685 0.137085 0.346372 0.386903 0.606151 -0.255075 0.309240 0.879316
0.017608 -0.170899 0.018048 -0.449114 0.825619 0.142123 0.214041 -0.222804 -0.733608 0.058179 -0.455740 0.176983 0.697584 -0.441017 0.889195 0.606788 0.165411 -0.353911 -0.218352 -0.962556 0.083827 -0.565580 -0.958082 0.562574 0.850700 -0.890064 0.446566 0.157679 0.956963 -0.579749
-0.213339 0.095409 -0.279171 0.767932 0.965818 0.203301 0.549924 0.708402 -0.935653 0.643034 -0.870341 0.044924 -0.464556 -0.249713 -0.515249 -0.884980 0.841723 -0.450172 -0.501287 -0.440720 -0.495820 -0.187325 -0.419126 0.017732 0.361854 -0.051974 0.995775 0.898449 0.886969 -0.675380
0.140361 0.159162 0.281185 0.680113 0.960136 0.333398 0.885127 0.633688 -0.680978 -0.726704 0.383894 0.578246 0.239318 -0.831130 -0.876060 0.211046 0.350879 -0.592483 -0.743780 -0.016212 0.821211 0.218046 0.810673 0.400537 -0.386757 -0.942793 -0.993088 -0.697996 -0.910173 -0.108135
0.169465 0.645329 -0.005442 0.808004 0.418467 -0.947893 -0.183352 -0.756852 0.932824 0.257590 -0.087406 -0.390501 0.697308 0.147608 -0.118176 -0.090552 -0.229142 -0.193522 0.186004 0.138599 -0.145512 -0.696699 0.338108 -0.777880 -0.899478 -0.771309 0.084310 -0.045186 0.491870 -0.341255
0.716526 0.282342 -0.378857 -0.736311 0.116033 -0.888122 0.609079 0.856820 -0.463764 -0.907741 -0.840348 -0.342814 0.002525 -0.091752 0.695914 0.635219 -0.661151 -0.284678 0.693128 -0.152651 -0.286125 0.788540 -0.318919 0.060167 -0.630458 0.563824 -0.329511 0.974694 0.976914 -0.274761
0.747295 -0.508751 0.184709 0.149567 0.989668 -0.842616 -0.324945 0.509362 0.505502 0.282745 -0.736126 0.211278 0.561051 -0.710957 -0.188449 -0.208934 0.148565 0.801507 -0.364527 0.571289 -0.540419 0.261834 -0.776768 0.504545 0.884532 -0.121981 0.190102 0.082623 -0.891306 -0.774779
0.935507 0.635140 -0.698043 -0.290884 0.146400 -0.189994 -0.122977 -0.280291 -0.006957 0.845660 0.679717 0.200954 -0.728630 0.464278 0.185742 -0.873484 -0.953925 -0.965206 0.010256 -0.698370 0.697487 -0.583141 -0.322634 -0.682444 0.548056 0.080457 -0.502801 -0.943058 0.134533 0.811852
-0.026223 0.055529 0.595189 0.195496 -0.840149 -0.509087 -0.313415 -0.897540 0.404950 0.010355 -0.329105 -0.448544 0.987173 0.872126 0.515997 0.356181 -0.893003 -0.989617 0.007938 0.637178 0.139599 -0.957766 0.735309 -0.510673 0.404903 -0.874050 0.257750 -0.667088 -0.233688 -0.313320
-0.137994 0.787980 -0.148636 -0.480682 0.517912 0.818861 -0.266237 -0.509226 0.581067 0.984613 0.995635 -0.608314 -0.312484 -0.837410 0.179093 -0.132045 0.794416 -0.151281 0.754313 -0.694744 0.989564 -0.083317 -0.036566 0.514240 0.634351 0.543872 0.067982 -0.843022 0.853527 -0.724249
-0.420565 0.836816 0.448673 -0.782143 0.356482 0.640614 0.728621 -0.375825 -0.462404 0.090086 -0.045575 0.962285 0.228669 0.422320 0.956772 0.054584 0.144910 -0.360106 -0.976408 -0.656738 -0.201341 0.948393 -0.868334 0.349624 -0.835243 -0.872812 -0.393427 -0.161257 0.716458 0.406353
-0.986789 0.526927 0.982344 -0.369776 0.235206 -0.835479 -0.561791 0.994235 -0.816872 -0.941968 0.968074 0.612937 0.854997 -0.468690 0.607492 -0.901245 -0.209557 -0.522404 -0.845393 0.946003 0.127430 -0.833390 0.582029 0.417390 0.659571 -0.361857 -0.483723 0.608144 0.464901 -0.884463
0.873858 0.022289 0.807012 0.176785 0.572241 0.117532 0.529298 -0.422663 -0.756328 0.411730 0.670704 0.831693 0.673743 0.665604 -0.462873 0.158558 0.959104 0.212781 -0.780124 0.134821 -0.447395 0.825158 0.598547 -0.853491 -0.422514 -0.679320 0.387379 -0.912971 -0.886722 -0.746027
-0.345780 -0.177929 -0.109952 -0.861865 0.271409 0.758366 0.186445 -0.560845 -0.040976 0.812830 0.810855 0.740639 0.688962 0.380494 -0.381773 -0.953635 -0.762812 -0.271933 0.388328 -0.718931 -0.905163 0.861306 -0.975280 -0.119754 -0.669711 -0.324156 0.515168 0.897238 0.992219 0.191743
0.081892 0.659191 -0.213479 0.330376 0.910492 -0.608813 -0.998472 0.588296 0.441390 0.201972 -0.773683 0.480367 0.940294 -0.118937 0.919435 -0.399223 0.773890 0.668983 -0.728989 0.002594 -0.590997 0.164763 0.246415 0.839931 -0.734464 -0.460591 0.553662 0.164759 -0.655212 0.644788
0.077801 0.103771 -0.588160 0.311112 0.358017 -0.512282 -0.871325 0.601587 0.978835 0.376828 0.103128 -0.804038 -0.008371 0.271937 0.171222 -0.343123 0.450485 -0.686388 -0.038703 -0.833067 0.300371 0.201671 0.721649 0.849176 0.356159 0.263304 -0.643853 -0.312700 0.425163 0.471549
-0.107388 -0.188816 0.635431 -0.158866 -0.632284 -0.580494 0.611557 0.296777 0.310541 0.788719 -0.797620 0.163013 -0.295991 0.650780 -0.979141 0.939640 0.098525 0.710621 0.011779 0.264946 -0.840425 -0.061194 -0.923620 -0.166476 0.531686 -0.590138 0.405894 -0.241991 0.625473 -0.717114
-0.897679 0.683195 0.087956 0.135564 -0.873094 -0.071089 0.681336 0.671408 -0.271613 -0.146923 -0.064810 -0.977084 -0.935915 0.270760 -0.283251 0.777900 -0.008984 0.476240 0.839429 -0.291830 0.723561 0.929348 0.990116 0.309651 -0.501199 -0.748895 -0.189981 0.975752 -0.474651 0.433902
0.422424 -0.513999 0.876361 -0.754314 -0.062813 -0.264265 0.683268 0.363548 0.057436 -0.908496 0.279011 0.643091 0.277654 0.105015 -0.018842 0.064318 0.645773 -0.945763 0.858223 0.407204 0.103759 -0.741627 0.712727 0.110383 0.444359 0.717367 0.111882 0.641452 -0.785607 0.855777
-0.913504 -0.273316 0.129469 0.713660 -0.233497 0.038994 -0.138231 -0.065705 -0.214754 -0.843037 0.964423 0.034145 0.673569 0.650110 -0.784488 0.207326 -0.404213 -0.274494 -0.645898 0.253792 0.287663 -0.637086 0.662506 -0.003534 -0.191856 0.977842 0.902662 -0.684768 -0.866778 0.247811
0.906075 -0.001944 -0.242825 -0.586438 -0.095604 -0.736853 -0.402884 -0.044643 0.245554 -0.412369 0.158514 -0.979357 0.671554 0.761362 -0.316340 0.374018 -0.514332 -0.446801 -0.145172 0.607976 -0.115487 0.999240 0.413577 0.570481 0.130367 0.344414 -0.503208 0.438694 0.029880 0.839156
-0.546960 0.473415 0.181986 -0.029329 -0.313982 -0.184969 0.935439 -0.217917 -0.128993 -0.673670 -0.622163 -0.599518 -0.051945 0.894081 0.794337 0.504834 0.542521 0.666772 -0.828441 -0.633052 -0.803708 0.246475 0.884022 0.244212 0.951054 -0.479337 0.354316 -0.399304 0.974515 -0.649519
0.863766 -0.346665 0.275000 0.714434 -0.350377 -0.217197 0.743337 -0.382157 -0.634376 -0.940453 0.333256 -0.499517 0.140131 -0.916751 0.360210 -0.113712 0.582754 -0.258630 0.731746 0.222347 -0.895444 -0.393180 0.860954 -0.555736 0.029901 -0.052596 -0.388003 0.352041 0.547159 -0.631643
0.311866 0.815330 0.512406 0.915777 0.681612 -0.509300 -0.702666 -0.719287 0.052854 -0.786691 -0.633216 0.666895 -0.978568 0.732345 0.718465 0.387198 -0.072011 0.312422 0.555842 0.246833 0.306646 0.397040 -0.174975 0.544819 0.695543 0.819243 0.397325 -0.470590 0.042997 0.361449
-0.769774 0.836137 -0.092366 -0.636716 -0.966446 -0.738840 -0.325924 0.788371 -0.488755 -0.318934 0.208120 -0.986814 0.141907 0.617961 0.637158 0.700285 0.502308 -0.883220 0.536676 0.201287 0.422980 0.215058 0.335046 -0.115701 0.530874 0.979709 -0.617659 -0.974469 -0.962418 -0.935459
0.851559 -0.534072 0.448144 -0.867273 -0.549245 0.412221 -0.622554 -0.188769 -0.619937 0.114571 -0.606899 0.978347 -0.055700 0.197576 -0.472294 -0.570171 -0.752053 -0.406080 -0.231395 0.611889 -0.016262 -0.981389 0.692673 0.478013 -0.298014 0.535657 0.043653 0.907818 0.742464 -0.285245
0.174466 0.841374 0.386989 -0.539549 -0.269363 0.919970 -0.013120 -0.351571 -0.099778 0.961988 -0.990460 0.053438 0.784853 0.448814 -0.629368 0.476362 -0.055341 -0.789030 -0.565857 0.826381 0.450640 0.739213 -0.084062 0.178589 0.317928 0.645863 -0.423645 -0.174603 -0.916871 -0.348138
0.040023 -0.472370 0.742870 -0.110106 -0.588441 -0.840818 0.778401 0.012026 0.943625 -0.849449 -0.901792 -0.469168 0.420539 0.518207 0.991319 -0.423019 -0.622871 -0.731987 -0.007952 -0.699783 -0.755150 0.187991 -0.123855 0.527377 0.081317 -0.406270 0.351099 0.272468 0.916888 0.638829
-0.869456 -0.314456 0.157805 -0.918572 0.222569 -0.330991 0.716137 -0.482797 0.113347 0.937202 -0.083016 0.273654 0.682257 0.114952 0.010100 0.692746 -0.918429 -0.760099 0.938398 0.136554 -0.744689 -0.745845 -0.238700 0.046130 0.935296 -0.956850 0.523034 0.074303 0.909678 -0.430685
0.437215 0.926341 0.924568 -0.984619 0.657123 0.368672 -0.699607 0.665970 0.102369 0.503351 0.722902 0.238957 -0.958837 0.948836 0.645059 0.819001 -0.969099 0.315176 0.823106 -0.151659 -0.707334 -0.706279 -0.245447 0.667204 -0.930455 -0.215779 0.682590 -0.072746 0.517308 -0.507957
0.263127 -0.978418 -0.954953 0.720858 0.969487 0.213202 -0.445014 -0.010708 -0.470684 -0.785990 0.398038 0.048968 -0.873948 -0.977589 -0.522676 -0.858495 -0.050638 -0.285367 0.768626 0.792525 -0.325473 -0.775453 -0.458909 -0.708627 -0.211211 0.226867 0.383359 0.272459 -0.328595 -0.302635
-0.118782 -0.355066 0.448946 -0.087933 -0.708570 -0.324823 -0.781991 0.974968 -0.611573 -0.080712 -0.154834 0.453571 0.101918 0.603037 0.818517 0.014851 0.615232 -0.971428 0.201558 -0.492841 0.032228 -0.275486 -0.807574 -0.981956 0.637164 0.490795 -0.770565 -0.518095 0.166700 -0.443810
-0.262521 0.363191 0.573656 0.619614 0.152417 -0.093618 -0.774206 -0.245949 0.910708 0.629252 0.430006 -0.396276 0.193273 -0.718919 -0.460555 -0.754951 0.757246 0.863202 0.121194 -0.367136 0.726575 0.250641 -0.386782 -0.585928 -0.115265 0.036957 -0.586271 0.258349 0.442001 -0.449028
0.686239 0.207535 0.732825 0.477087 0.480235 0.886788 0.174937 -0.033774 -0.382218 -0.692961 -0.601586 -0.961759 -0.893402 -0.101062 -0.231020 -0.841149 0.494042 -0.288632 -0.803664 0.287672 -0.418260 0.865586 0.370148 0.801785 0.509108 -0.060907 0.374129 0.349527 -0.589832 -0.636408
0.832120 0.253508 0.151162 0.125058 0.640281 -0.426390 -0.607959 -0.035057 0.561609 -0.157915 0.556404 0.474744 0.438553 -0.835231 0.421278 -0.780832 -0.463439 -0.932900 -0.770890 0.332561 -0.304346 -0.854876 0.333891 -0.660245 -0.620876 0.898586 0.927556 0.097034 0.826764 0.881612
0.915735 0.826660 0.495787 -0.963700 -0.017264 -0.058317 -0.368179 0.276342 0.233286 0.309372 0.534295 -0.571895 0.882863 -0.788592 -0.930736 -0.645276 0.905231 -0.511012 0.084070 -0.855558 0.041622 0.568412 0.179802 -0.368168 -0.163851 -0.024420 0.080905 -0.318097 -0.307578 -0.070653
-0.831563 0.903957 0.724399 -0.046357 0.865971 0.242623 -0.121871 0.235963 0.448104 -0.844455 0.342068 0.781652 -0.221583 -0.461592 0.089181 -0.732482 -0.897255 0.348521 0.007034 0.990751 -0.642417 -0.797231 0.259622 0.043989 -0.878052 0.935015 -0.399386 0.131045 0.307149 -0.763851
0.969875 0.478415 -0.937804 0.654123 0.999894 -0.146934 -0.175032 -0.371362 0.918400 -0.790735 0.018898 0.776330 0.075387 -0.207249 -0.771815 -0.257738 0.663599 -0.669156 0.984476 0.025907 -0.735323 -0.125149 -0.691210 0.094318 0.617507 0.568112 -0.898378 -0.115378 -0.437878 -0.717485
-0.901264 0.356213 0.056819 -0.222611 -0.739175 -0.755874 0.262112 0.697563 -0.525262 0.782041 0.059322 -0.983962 0.187870 -0.229882 -0.489933 0.377065 0.734024 -0.441443 0.859567 -0.141248 -0.318080 0.842416 -0.485582 -0.956627 -0.055006 0.717460 0.659405 -0.431912 -0.782027 -0.364645
-0.444783 -0.979580 -0.845380 -0.000598 0.061842 0.960690 -0.149464 -0.742576 -0.197036 0.484427 -0.118826 0.635552 -0.066753 -0.027821 0.736114 -0.117228 -0.877481 -0.203680 0.300038 0.130837 0.625722 0.423031 0.479606 -0.486365 0.300195 0.043665 -0.978250 0.938601 -0.270309 0.895032
-0.044401 0.792572 -0.720632 0.826475 0.391764 0.707390 0.320984 0.151077 0.222984 -0.700736 0.306144 -0.476298 0.154739 -0.092490 -0.752318 0.639861 0.213095 -0.994978 0.739451 -0.196891 0.381769 -0.376307 0.506197 0.002642 -0.000433 -0.172542 -0.665826 -0.996690 -0.413758 0.076623
0.072779 0.353295 -0.982707 0.893037 0.752487 -0.423514 0.820012 -0.229266 -0.521629 -0.904580 -0.394882 0.316787 -0.846245 -0.417026 0.316500 -0.340205 -0.734405 0.883522 -0.003000 0.296300 0.915840 -0.509672 0.243903 0.398112 0.646820 -0.808038 -0.418385 0.578331 0.139710 0.208671
0.301882 -0.538579 0.659608 -0.468118 0.390190 -0.869567 0.401163 -0.101370 -0.579104 0.124891 0.249942 -0.420056 0.735734 0.536091 -0.949702 -0.797403 0.741308 0.186920 -0.939149 0.496305 -0.141102 -0.578843 0.800079 0.339482 0.543510 -0.274988 -0.715972 0.297256 -0.963942 -0.091607
-0.630543 0.076237 -0.924460 -0.509775 0.990929 -0.368505 -0.804208 0.681706 -0.053056 -0.565339 0.877699 -0.342122 -0.091707 0.162530 -0.009887 -0.268639 -0.959535 0.122674 0.119012 -0.167461 -0.501830 -0.198196 0.706774 -0.717237 0.023223 -0.607401 -0.647349 -0.035800 0.630429 0.456203
0.003516 0.534932 0.979554 -0.367050 -0.995750 -0.491117 -0.951916 -0.876514 0.136706 0.770869 0.087147 0.356079 -0.032267 0.703097 0.503587 -0.084828 0.150719 -0.033934 0.546792 0.212595 -0.174530 0.790175 -0.282814 -0.974599 0.526845 -0.229492 0.481194 0.331884 -0.227201 0.425355
-0.247967 -0.295083 -0.245225 -0.040631 0.158681 0.442681 -0.130736 0.468501 0.777706 -0.609306 -0.367787 0.538903 -0.127000 0.607112 -0.663742 -0.563043 -0.202497 -0.003426 -0.184493 -0.652160 0.918097 0.265832 0.769877 -0.410059 0.133923 0.279332 0.980756 -0.101245 0.971736 0.955870
-0.904756 -0.351652 -0.641080 0.936241 -0.126066 -0.819061 0.345075 0.021787 -0.757443 0.359527 0.146576 -0.300616 0.436858 -0.521362 -0.893848 -0.776239 -0.480212 0.917743 0.885611 -0.515981 0.192917 -0.019729 0.034261 0.274715 -0.891860 -0.549707 0.386879 -0.791346 0.330718 0.304094
-0.664363 0.866520 0.337732 -0.080466 -0.519612 -0.627630 0.973389 -0.338829 -0.783859 -0.295093 0.164785 -0.395048 0.884053 0.313689 -0.204236 -0.051926 0.440549 0.679576 0.292608 -0.688382 -0.112961 -0.332534 0.208333 0.862240 -0.133594 0.906234 -0.007565 0.431209 -0.423168 -0.022239
-0.858175 -0.896128 0.700794 -0.822356 0.040403 -0.519702 -0.628947 0.139012 -0.151443 -0.142171 -0.094622 -0.365392 -0.035192 0.870287 -0.978457 -0.017760 0.301301 -0.227490 0.931025 -0.144933 0.996508 0.670053 -0.962071 -0.081592 0.573166 0.543991 -0.106951 0.732006 0.797767 0.702980
-0.080945 0.890391 -0.394770 0.709741 0.778507 0.178192 0.117679 -0.718813 -0.652222 0.354982 0.984826 -0.050307 -0.835685 -0.305617 0.617822 0.414011 0.288217 0.050322 0.635661 -0.296972 -0.766508 0.667280 0.717262 -0.034461 0.293866 0.917337 0.935989 0.359143 -0.056261 -0.704089
-0.140228 0.264291 -0.223114 0.658726 -0.702058 0.257100 -0.830574 0.770840 0.928515 -0.243850 -0.145302 -0.469475 -0.156496 0.841626 -0.794870 -0.378362 0.455726 -0.439545 0.953781 -0.677502 -0.077622 -0.313316 -0.584621 -0.531459 0.357940 0.827851 0.742059 0.583875 -0.102874 -0.043248
-0.415714 -0.968522 -0.977200 -0.995322 -0.855230 -0.200975 0.412305 -0.347368 0.567134 0.027244 0.633649 -0.689368 0.780788 -0.095898 -0.800519 -0.082281 -0.628210 0.093544 -0.432419 0.560973 -0.437122 -0.206712 0.564001 -0.408722 0.551601 -0.898613 -0.320631 -0.269855 -0.907240 -0.475120
0.147129 -0.200062 -0.421507 -0.979956 0.393708 0.526115 0.931115 0.377174 -0.727090 0.333166 -0.780563 -0.590417 0.205154 0.718407 0.305987 0.705870 0.249116 -0.015711 -0.258724 -0.448320 0.420964 -0.988151 0.768337 -0.948534 -0.725029 -0.424957 -0.723149 0.884788 0.547144 0.545407
-0.418739 -0.649839 0.714449 0.743147 0.298514 -0.685529 0.319973 -0.635851 0.897755 -0.632463 -0.845225 0.230367 -0.190110 0.216237 0.119143 0.042571 -0.326300 -0.161940 0.589948 -0.016303 -0.555927 0.684323 -0.225554 -0.526085 -0.338637 -0.989410 -0.970497 0.029195 -0.326928 -0.605039
-0.494039 0.231278 -0.508913 -0.116542 0.080173 -0.729531 -0.877746 0.755422 0.357115 -0.387460 -0.419001 -0.452912 0.273499 -0.872838 0.484761 -0.221830 -0.732475 -0.381128 0.404736 0.386280 -0.977508 0.191519 -0.980399 -0.626941 0.786795 0.467816 0.130308 -0.530772 -0.451437 0.646438
0.176222 0.687586 0.461130 0.031935 0.189357 0.172080 -0.251004 0.022210 0.305977 -0.257366 0.395905 -0.850640 -0.394782 -0.336143 0.938775 -0.018554 0.050847 -0.268346 0.895825 -0.157035 0.171654 -0.777999 0.407142 -0.050460 -0.781921 -0.941789 0.479954 -0.415950 -0.193985 0.543133
0.016765 0.449960 0.116342 0.271407 -0.006552 0.248220 -0.002302 -0.503881 -0.603903 0.326930 -0.230699 0.139969 0.348429 0.117972 0.333782 0.790995 0.509162 0.716944 -0.375281 0.896594 -0.961675 0.532570 0.353019 -0.153789 -0.614898 0.899394 0.790738 0.960541 0.635267 0.835300
0.617483 0.079294 -0.045690 -0.474104 -0.497953 0.584626 0.314180 -0.874306 0.193479 0.233567 -0.501914 0.630658 0.989698 0.107817 0.491803 0.680767 0.870800 0.366404 0.273457 -0.063912 0.937430 -0.833412 -0.005300 -0.643245 0.019516 -0.758522 0.999981 0.569012 0.771035 0.231666
0.699873 -0.239909 -0.658660 0.374984 0.986237 0.477317 -0.085536 -0.872284 -0.987821 -0.684863 -0.437465 -0.253868 -0.046202 -0.967276 -0.929252 -0.021651 -0.525543 0.903810 0.400708 -0.507297 -0.552998 0.836571 -0.294575 0.677235 0.822376 0.755316 -0.140973 -0.572771 -0.693347 -0.536521
-0.667789 -0.751394 0.103387 0.401612 0.443874 -0.946718 -0.708419 0.414936 -0.668790 0.158396 -0.160696 -0.173861 -0.020262 0.911087 0.528161 -0.743130 0.791196 0.606029 -0.544374 0.660918 -0.812864 0.637822 0.125790 0.810557 -0.375088 -0.845489 0.396603 -0.308933 0.452376 0.069111
0.216059 -0.781119 0.043895 0.345256 -0.414436 -0.932888 0.110239 0.271624 0.614359 0.848875 -0.946011 0.376005 -0.826741 0.001017 -0.478617 -0.193640 -0.114166 -0.283585 0.760172 -0.933883 0.802578 0.915809 -0.802983 -0.463254 0.820398 0.983756 -0.386222 0.787751 -0.752222 -0.533047
0.443840 -0.417593 0.262130 0.223414 0.365244 -0.128488 0.554777 -0.585469 -0.638550 -0.061647 -0.835256 -0.323742 -0.919235 -0.317826 0.005665 0.286304 0.825716 -0.578288 -0.316445 -0.250666 0.491428 0.397956 -0.538741 0.157908 -0.442219 -0.943224 -0.125398 -0.456429 0.478242 0.153268
-0.691703 -0.656661 -0.194629 0.833033 -0.612320 -0.242765 0.249402 -0.637304 -0.434331 0.209005 0.494067 0.633189 -0.360129 -0.460066 0.167322 0.706495 0.899802 -0.040070 0.048341 0.457439 0.166695 0.220591 0.132907 0.437847 0.792220 0.214653 -0.956460 0.454114 0.121484 -0.406890
0.069213 0.436634 0.023437 0.421132 -0.504731 -0.041172 0.849047 0.961947 0.217256 0.786824 -0.937284 -0.332393 0.495709 -0.517996 -0.661136 -0.639286 0.520276 0.890936 0.772761 -0.289492 -0.726132 0.125581 -0.455704 0.761472 0.536748 -0.753590 -0.742500 0.289252 0.805005 -0.994812
-0.661353 0.101604 -0.182661 -0.505499 0.521326 -0.776889 -0.537383 0.725606 0.055697 0.056237 -0.823782 0.765857 0.990775 0.056966 -0.562306 -0.630595 -0.214577 -0.222939 -0.516927 -0.993961 0.331600 -0.428735 0.872475 -0.909386 0.225886 0.204032 0.120353 0.353851 0.316580 0.340122
-0.444767 -0.295901 -0.354515 -0.630185 0.546218 -0.267360 0.539590 -0.269243 -0.239950 0.750453 -0.739840 0.833161 0.003527 0.409911 0.122548 -0.036689 -0.619331 0.893632 -0.843055 -0.312130 0.254408 0.424433 -0.527036 -0.534772 0.638344 0.596846 0.662032 0.079213 -0.567224 0.312124
-0.729242 0.782640 -0.437689 -0.784289 0.482848 -0.717840 0.754025 0.132591 -0.562836 0.495871 -0.395243 -0.596373 0.206382 -0.249395 0.038885 0.898943 -0.061703 -0.671717 -0.215850 -0.460987 -0.990609 0.916844 0.136054 -0.138353 0.096699 0.885846 -0.186413 -0.723149 0.051265 -0.016668
0.438699 0.557312 0.423761 -0.894596 -0.075952 -0.112541 0.823889 -0.971952 0.912459 0.477927 0.955548 0.227579 -0.656172 -0.311989 0.471039 0.721782 -0.241306 0.219932 0.990021 -0.251170 0.711818 -0.671747 0.704401 -0.459232 -0.734529 -0.919987 -0.737134 -0.242302 0.975922 -0.326594
0.703058 0.869458 0.075515 0.287411 0.145730 -0.451215 -0.278864 -0.655290 0.260909 0.970880 0.727567 0.907647 -0.280652 0.033056 0.779050 0.192183 -0.329868 -0.114033 0.078046 -0.924374 -0.484830 -0.355869 -0.081711 -0.853239 -0.531336 0.255500 -0.039262 -0.077410 -0.050666 -0.158944
-0.815477 0.892808 -0.218880 0.262658 -0.924438 -0.671921 -0.647694 0.599730 0.422316 0.338682 -0.842307 -0.214336 0.302565 -0.302458 0.533771 -0.322097 -0.593379 -0.420463 -0.793231 0.529651 0.318667 -0.783343 0.545227 0.669030 -0.668339 -0.563793 -0.673579 0.626758 -0.317981 -0.397758
0.369989 -0.988586 0.070892 0.888512 -0.289555 -0.926400 -0.115377 0.442571 0.322481 -0.063737 0.024964 0.978515 -0.623030 0.144433 -0.528265 0.591059 0.809848 0.207334 -0.141400 0.389151 0.177444 -0.089776 -0.712983 -0.945970 -0.551967 -0.343316 0.252804 -0.248857 0.080929 0.027805
0.537988 0.035720 0.966364 0.715548 0.085792 0.621297 -0.962998 0.996905 0.607824 -0.449438 -0.907774 -0.395523 0.780565 -0.835770 -0.115827 0.449568 -0.760521 0.275225 -0.412493 -0.767741 -0.853658 -0.410282 -0.482099 -0.940011 0.760465 0.685932 0.875910 -0.520595 0.417801 0.392256
0.117981 0.256646 -0.548514 -0.265068 -0.108199 -0.770165 0.604736 0.449173 -0.972776 0.118029 0.912164 -0.742213 -0.718356 -0.089940 0.020642 -0.921659 -0.372101 0.290947 0.632015 -0.043841 0.652356 -0.770671 -0.154839 0.036823 0.845286 -0.939261 -0.249989 0.169680 0.224859 0.628399
0.814099 -0.197795 -0.583693 0.484407 -0.105591 0.464957 0.337225 0.864746 -0.890310 -0.169462 -0.115857 0.287068 0.543533 -0.198089 -0.350913 -0.236648 -0.878820 0.576519 0.272837 0.307747 -0.423377 -0.145394 -0.097804 -0.506328 -0.977380 -0.814583 0.921965 0.484900 -0.505519 0.094439
-0.587852 -0.259134 -0.816113 0.328830 -0.699247 -0.053039 0.289793 0.387446 0.104870 0.090655 -0.267731 -0.842953 0.001917 -0.433712 -0.325112 -0.567637 0.095000 0.998153 0.188852 0.116667 0.648802 -0.091768 0.057692 0.717580 -0.403178 -0.375742 -0.345471 0.509489 -0.190183 -0.106735
-0.794523 -0.417278 -0.633720 -0.748421 0.308338 0.307240 0.595692 -0.040626 -0.153488 0.305665 0.530763 -0.394761 0.561045 -0.874640 0.485643 0.093159 0.606310 -0.537863 -0.133138 -0.823406 -0.774226 -0.874682 0.891579 0.877695 0.778332 0.220830 -0.668520 -0.401064 -0.509818 -0.335561
-0.792650 -0.642889 -0.345577 -0.283885 -0.710794 -0.995014 0.646313 0.200838 0.656555 -0.206745 -0.472546 -0.563867 0.364776 -0.661193 -0.801344 -0.828657 -0.100471 -0.494388 -0.165161 -0.419343 -0.701213 0.251993 0.413251 0.269927 0.265823 0.042416 0.571423 0.629745 0.369592 -0.896745
0.739993 0.607254 0.110766 -0.571475 0.375793 0.370303 -0.805098 -0.378069 0.927682 0.635139 -0.269613 -0.276421 0.981287 -0.664679 0.145151 -0.464163 -0.823702 0.075411 -0.010795 0.210260 -0.200135 0.020482 0.753113 -0.480495 -0.746337 -0.855299 -0.539046 -0.023226 0.637105 0.483700
-0.031789 0.026881 0.287808 -0.356850 0.018247 0.643005 -0.444279 0.993688 -0.149651 -0.683961 0.480942 -0.156087 0.733452 0.025645 0.503972 0.682599 -0.796771 -0.474005 -0.886401 0.279924 0.813465 -0.467146 -0.165829 0.820733 -0.246359 -0.113774 -0.858985 0.515768 -0.526127 0.318443
0.624674 -0.515965 -0.424253 -0.128796 -0.509752 0.756419 0.128009 -0.690521 -0.733497 0.822512 -0.688705 -0.696976 -0.538825 0.516750 0.158713 -0.419742 0.335161 -0.215273 0.891071 -0.700944 0.437275 0.703564 -0.935695 0.004327 -0.163275 -0.718913 0.923440 -0.514327 -0.941609 -0.402175
0.636820 0.838933 0.183370 -0.752128 0.879132 0.296433 0.829715 -0.306674 0.753869 0.523779 0.415964 0.647986 -0.170985 0.685865 -0.526986 -0.967791 -0.653942 0.593472 0.929851 0.513497 0.559157 0.798127 0.585003 0.928270 -0.830743 0.857528 -0.009145 -0.761132 0.206471 -0.491508
0.226731 0.746238 0.404583 -0.062154 -0.046316 -0.734073 -0.967303 0.999200 0.973333 -0.759826 -0.524859 -0.082111 -0.882706 -0.280802 -0.685202 -0.302421 -0.287453 -0.335238 -0.166799 0.369095 0.686465 -0.738547 -0.340009 0.737032 -0.571312 -0.526482 0.929748 -0.259528 0.183618 -0.082463
0.329579 0.669866 -0.671011 -0.402851 0.005687 0.981603 0.745352 0.715637 -0.974981 -0.929458 0.958413 -0.128521 0.573398 0.639578 0.387120 0.631693 -0.991230 -0.499281 0.077649 0.735996 -0.921567 0.195178 0.330161 -0.396209 0.040102 -0.985827 -0.273314 0.326767 0.633693 -0.416788
-0.837290 0.084065 -0.824483 -0.101020 -0.609443 0.106374 0.989278 0.920896 -0.041256 -0.124773 -0.686558 0.295407 -0.029411 -0.562572 -0.650317 -0.500211 0.771437 -0.278756 -0.147659 -0.685660 0.225292 0.199011 -0.432887 0.624193 0.108747 0.654581 -0.758710 0.547719 -0.228423 -0.089173
-0.638540 0.057327 0.507395 0.983311 -0.736797 0.129428 -0.615281 0.748678 -0.580106 0.627042 0.114586 0.874323 0.797319 -0.666219 0.900253 0.180386 -0.895300 0.672236 0.390908 0.485150 0.294106 -0.834786 0.296504 -0.720811 0.292093 0.835593 -0.799540 0.739039 0.683998 0.159174
0.267227 -0.489289 0.498080 0.680528 -0.133025 0.493380 0.475974 -0.666627 0.070972 0.208320 -0.010779 -0.251339 0.637697 0.686839 -0.549730 0.328289 -0.524190 0.340275 -0.561408 -0.263202 0.508994 -0.053125 0.170753 0.759075 -0.962640 -0.729229 0.074244 0.470910 -0.494415 -0.885321
0.479145 0.681190 -0.854135 -0.309979 0.032575 -0.152036 -0.689382 0.212529 0.249842 0.308634 -0.765127 -0.639498 -0.392645 0.320608 -0.746417 -0.339831 0.002166 -0.254016 0.930976 0.078832 0.527207 -0.487856 0.300823 -0.828256 0.266764 -0.648059 -0.224915 -0.401693 0.373088 0.709628
-0.900709 -0.409424 0.263045 0.322455 -0.544404 -0.891906 -0.035926 0.647986 0.856014 -0.020204 -0.225962 0.077582 0.802601 0.178700 0.415144 -0.468083 0.749000 -0.322036 0.258086 -0.861902 -0.301516 0.453729 -0.928137 -0.951205 -0.011910 0.269697 -0.351115 -0.292025 -0.675049 0.535654
0.989957 -0.426897 0.980221 0.777595 0.467337 0.021208 0.633680 -0.560789 -0.556871 0.934078 -0.820340 0.598920 -0.553308 0.100381 -0.516308 0.348054 -0.690583 0.616751 0.984636 -0.128660 -0.329039 0.410711 0.359132 -0.508038 -0.791498 -0.718746 0.899050 0.656512 -0.417578 0.715063
0.308999 -0.833509 0.270839 -0.398657 -0.890766 0.313525 0.866107 0.816275 0.947546 -0.865602 0.017124 0.368235 -0.746081 -0.439270 -0.044908 0.731889 0.801511 0.729108 0.581848 -0.043736 -0.412460 0.129317 0.178895 0.153022 0.430212 -0.094445 -0.411316 -0.637644 0.546207 -0.072138
0.028115 0.110464 0.422292 0.055473 -0.646877 -0.087013 0.798042 -0.191788 0.445869 -0.188146 -0.241598 0.873718 0.737614 0.232053 0.363246 -0.667951 0.835347 -0.324134 -0.764848 -0.912237 -0.254405 0.847800 -0.065222 -0.169343 0.507353 -0.895550 0.985495 -0.627360 0.566208 -0.492377
0.444057 0.487198 0.114462 -0.112500 -0.154228 -0.316429 0.981127 -0.278905 0.493663 -0.112679 -0.337921 -0.542977 0.656880 -0.196493 -0.400755 0.704569 -0.868332 -0.380263 -0.488623 0.186803 -0.326591 -0.319633 0.651118 0.077583 -0.495696 -0.750162 0.068891 0.642576 -0.227676 0.411492
-0.058551 0.214850 0.537845 0.322378 0.737204 0.786110 0.761750 0.695579 0.571672 0.949273 0.488273 -0.520914 -0.990207 0.646349 0.371053 -0.600357 0.835287 -0.831784 -0.096121 -0.748632 0.235200 0.421412 0.779359 0.946527 0.193852 -0.194719 0.381696 0.744415 0.320814 -0.319096
0.154954 0.056382 -0.330101 -0.009844 0.118914 0.590495 -0.916251 0.663314 -0.992908 0.763257 0.692513 0.614087 -0.987642 -0.431154 0.435339 -0.858174 0.005549 0.268106 0.448334 0.739427 0.500066 -0.939276 -0.664580 -0.537854 0.913646 0.028281 0.193751 -0.171580 -0.178181 0.068495

Bias v0 (Oculta):
-0.914345
-0.655268
0.747073
-0.727603
-0.049383
-0.303052
-0.151069
0.669694
-0.348128
-0.712726
0.096177
0.534730
0.663393
0.366279
-0.168474
-0.631198
0.247106
-0.721646
0.201031
-0.159733
-0.401623
-0.538752
0.448864
-0.740201
-0.583315
-0.129971
0.558953
0.444248
0.070150
-0.439382

Pesos w (Oculta -> Saída):
-0.140834 0.026646 -0.190767 0.873899 0.494857 -0.303156 0.278674 -0.043907 0.077352 -0.035206 -0.200708 -0.186664 0.940386 -0.112861 -0.333225 0.280750 -0.169530 -0.137736 -0.324119 0.830026 -0.467500 -0.372326 0.821124 0.656883 -0.500054 0.581170
0.833474 -0.132304 -0.964617 0.815640 0.924422 -0.826702 0.232317 0.430263 0.800033 -0.634517 -0.710061 -0.535935 -0.062891 0.977155 -0.799603 0.410104 0.833802 0.745362 -0.302210 -0.576003 0.198883 0.996323 0.674008 -0.416921 -0.111070 0.957290
0.008668 -0.805123 -0.186313 0.646201 0.626556 0.582008 -0.156864 -0.153618 -0.953878 -0.041672 -0.128060 -0.397289 -0.754803 -0.419902 -0.952804 -0.004265 0.603145 0.839292 -0.790543 0.326043 -0.086799 0.172727 -0.510798 0.602862 0.401190 0.249690
-0.444568 -0.422070 0.129813 0.550636 -0.940703 -0.745614 0.419699 -0.187992 -0.370510 0.616026 -0.842241 -0.298503 -0.420140 0.071689 0.248129 -0.367568 -0.855209 -0.557211 -0.426623 0.562694 -0.496566 -0.938142 -0.653428 -0.985052 0.642847 -0.718287
-0.408534 0.845818 -0.698692 -0.568713 -0.657269 0.470653 -0.788193 0.206454 0.197773 0.834336 0.958085 0.534697 0.586079 -0.033176 0.266607 0.245461 0.685879 -0.906852 0.838676 0.668294 -0.848044 -0.979836 0.739758 0.907192 -0.646055 -0.575611
0.285006 0.245878 0.727659 0.559388 -0.037768 -0.673910 0.011337 0.803767 -0.492740 0.475630 0.356700 0.812419 0.921206 -0.732037 0.916134 0.336388 -0.003048 0.476064 0.161829 0.070180 -0.463731 0.831516 0.104617 -0.726194 -0.765565 0.039265
-0.585696 -0.712692 -0.539892 -0.313757 -0.463797 0.218036 0.209612 0.946986 0.842798 -0.781308 0.431117 -0.255904 0.903472 -0.873818 0.260433 0.949184 -0.057059 -0.757154 -0.683332 0.039426 -0.914679 -0.280573 0.943431 0.939202 0.723943 0.651803
0.224310 0.334795 0.001552 0.786354 -0.900170 0.348870 0.481358 0.267726 0.983653 0.631304 0.944731 -0.451418 -0.389896 0.717374 -0.952671 -0.093281 -0.976084 -0.926929 0.716280 -0.253849 0.844260 0.728616 0.053428 0.703848 0.875919 -0.226350
-0.414076 0.126064 -0.123802 -0.566109 0.835917 -0.685050 -0.555256 0.769985 -0.963324 0.727981 0.963336 -0.429723 0.723222 0.337597 -0.717257 0.549813 0.340945 -0.758127 -0.033368 0.080263 0.558181 -0.542319 0.877284 -0.182102 0.272018 0.535910
0.416953 0.861823 0.123650 -0.523674 0.816622 -0.799133 -0.342559 0.705515 0.786249 0.997738 0.939589 -0.070006 0.745634 -0.323245 0.024970 0.535518 -0.106563 -0.250277 0.038057 0.721881 -0.197820 -0.376724 0.319702 -0.357534 -0.755983 -0.559962
0.456724 -0.371584 -0.576506 -0.845031 0.883535 0.746440 -0.198395 0.611298 0.378560 0.071548 0.855224 -0.674412 -0.634628 0.539020 0.172003 0.101027 0.896724 -0.794756 -0.053121 0.809032 0.887824 -0.442920 -0.266606 -0.871511 0.589650 0.523960
0.184699 -0.885986 0.245350 0.214843 -0.663579 -0.151404 -0.624785 -0.399136 -0.537362 0.414468 -0.957890 -0.355443 -0.490052 0.237591 0.155146 0.771371 -0.249036 0.031053 0.605711 0.335934 -0.748465 0.867901 -0.399210 -0.230601 -0.474373 0.894881
0.743297 0.971437 -0.866993 0.942970 -0.972207 0.512380 0.844581 0.558193 -0.563836 0.491079 -0.975605 0.040203 -0.693709 -0.728483 -0.196271 -0.821452 0.969885 -0.259366 -0.077351 -0.329666 -0.040619 -0.339722 -0.462320 0.162131 0.838433 -0.897045
-0.495791 0.324579 -0.490108 -0.088598 -0.370369 -0.678470 0.419344 -0.238983 -0.650393 -0.017705 0.595552 -0.836574 -0.720948 -0.111456 -0.728910 0.553439 -0.280254 0.514535 0.524045 0.270234 0.886251 -0.801886 -0.799485 -0.189611 0.307278 0.115562
0.713941 -0.743948 -0.573145 -0.080941 -0.747262 -0.752432 -0.571915 -0.551325 0.669740 0.392031 -0.047601 0.596407 -0.931819 -0.843166 0.839609 0.585874 -0.541077 -0.457744 0.887011 -0.691273 -0.527576 0.458005 -0.114929 -0.027210 0.395318 -0.270163
0.402546 -0.696278 0.530129 -0.902282 -0.589720 0.182214 0.407546 -0.977277 0.060659 -0.502095 -0.700730 -0.664477 0.307926 0.067498 -0.294820 0.932380 -0.873708 -0.397759 0.428407 0.101174 -0.391682 -0.413277 0.065283 -0.310643 -0.819703 -0.153069
0.851787 0.935917 0.506239 -0.030119 0.364978 0.969913 0.644474 0.877960 -0.377220 -0.408787 -0.473247 -0.154485 -0.438332 -0.825380 -0.760709 -0.411494 -0.030784 0.014588 -0.101899 -0.294666 -0.433454 -0.361894 -0.647325 -0.981890 0.507831 -0.424801
-0.230020 0.624579 0.340952 0.700825 0.801842 -0.203738 0.870161 0.650847 -0.079449 0.144694 0.006086 0.654449 0.875123 -0.935787 0.365103 -0.924632 -0.095442 -0.973360 0.277983 0.781931 0.943698 -0.001068 0.670991 0.829188 0.793288 -0.501675
-0.475574 -0.943356 -0.279137 -0.653937 -0.301513 -0.815390 0.137604 0.080950 0.946255 0.226512 -0.912673 0.050789 0.359919 0.584348 0.287217 0.015891 0.817336 -0.128380 0.681806 -0.243311 0.454535 0.674808 -0.094927 0.770370 -0.535879 0.405920
0.437659 -0.174233 -0.949098 0.368969 0.202420 -0.230225 -0.129371 0.329966 0.823258 -0.808211 -0.796888 -0.005259 -0.423575 -0.066624 0.590755 0.977802 -0.642124 0.401924 0.457837 -0.659436 0.273403 0.261370 0.091801 0.495464 0.373761 0.237090
0.746240 -0.042396 0.068909 0.429878 -0.569830 0.999892 -0.316494 -0.033740 0.948515 -0.387436 0.370519 -0.014926 -0.662052 -0.653778 -0.608082 -0.157054 0.615988 0.093614 -0.694531 0.797237 0.259931 -0.396872 0.844950 0.330359 -0.415216 -0.582781
-0.250904 -0.650740 0.360495 -0.874936 0.552853 0.912283 0.072353 -0.967297 0.098318 -0.477280 -0.863001 -0.134567 0.692419 0.515985 -0.269679 -0.828967 0.162273 0.523870 -0.680228 -0.624545 0.746616 0.930907 -0.700796 -0.171866 -0.904916 0.647736
0.460171 -0.476145 0.906735 -0.851140 0.549848 -0.044092 -0.862339 -0.960076 0.041299 -0.851250 0.781936 -0.940467 -0.510327 0.347426 -0.780788 0.241043 -0.362598 0.125895 -0.714771 -0.424269 -0.162458 0.645553 0.010301 0.057558 0.416764 -0.964886
0.858459 0.196861 -0.461486 0.266393 -0.791644 0.070203 -0.455179 -0.009930 0.810300 -0.134491 0.983778 0.381929 -0.402120 0.805742 -0.903940 -0.741914 -0.636119 0.858957 0.843641 -0.009693 -0.838910 0.693617 0.489073 -0.346383 -0.628754 -0.597722
-0.677977 -0.600825 0.753718 -0.909683 0.300006 -0.579372 -0.525836 -0.438524 0.959861 0.160962 -0.757763 -0.353085 -0.824635 0.013682 0.944740 -0.710079 -0.351746 0.915527 -0.026375 -0.948248 -0.172970 -0.865534 -0.457414 0.856561 -0.153890 0.871081
0.769088 0.846206 -0.619139 0.355936 0.009090 -0.440100 -0.970283 0.256261 0.567775 0.229325 0.661339 -0.237009 0.831631 -0.844086 -0.555200 0.163264 -0.725017 -0.364015 0.402517 0.570976 0.325664 -0.085995 0.014821 0.841218 0.303240 -0.458196
-0.406647 0.052941 0.811658 -0.356341 -0.252349 0.414740 -0.878880 0.888806 0.582639 -0.876633 -0.266111 -0.030971 -0.383368 0.894225 0.413924 -0.558668 -0.699768 -0.976378 0.450097 -0.979980 0.814043 -0.486917 -0.023341 0.585624 0.915263 -0.010434
-0.949736 -0.637774 0.196872 -0.387329 -0.866222 -0.303457 -0.697259 -0.381221 -0.617174 -0.915382 0.161283 0.021678 0.263420 0.285067 -0.644867 0.925580 -0.550015 0.595786 0.632573 -0.326439 0.243766 -0.039872 -0.151396 -0.905116 -0.778995 -0.083662
-0.593994 -0.080873 0.791996 -0.562571 0.732637 0.381773 -0.366322 0.428916 0.206923 0.302877 -0.719064 -0.303895 -0.365525 0.936999 -0.290637 0.763232 0.649101 -0.536807 -0.966379 -0.725038 0.023509 -0.966426 0.948265 -0.912726 -0.138557 -0.315269
-0.673627 -0.294664 0.201542 0.470344 0.338037 -0.924317 0.102656 -0.251435 0.179774 -0.034810 0.732491 -0.377349 0.356854 0.429390 -0.808307 -0.750397 -0.616832 0.435638 -0.640829 0.656105 0.308331 -0.919728 0.754485 0.455607 0.046938 0.306752

Bias w0 (Saída):
0.003632
-0.485630
0.261897
-0.010233
-0.407938
0.447284
0.299734
0.252874
-0.405625
-0.090919
-0.355081
-0.023713
0.581938
-0.351066
0.122407
-0.661063
-0.617502
-0.148808
-0.789222
0.464085
0.030710
0.731452
0.551661
-0.998695
0.504297
-0.647252
