Pesos v (Entrada -> Oculta):
-0.359402 -0.270943 -0.158549 -0.979444 -0.238616 -0.754743 0.129405 -0.342601 0.557117 0.670998 0.512505 -0.020557 0.823288 -0.381438 0.648680 -0.397062 -0.562633 0.633500 0.949868 -0.780804 -0.030319 0.225885 0.204415 0.088258 -0.187803 0.523269 0.397028 0.821824 0.248418 -0.803080 -0.612022 0.036176 0.027807 0.450457 0.790283 -0.397483 -0.205633 0.897072 -0.722138 0.643993 -0.900425 -0.096843 0.731632 -0.773311 -0.986466 -0.416264 0.526516 -0.984717 -0.626877 0.092610
0.237145 -0.491101 0.181823 0.852105 0.972230 0.415470 0.539150 0.929409 -0.204286 -0.224545 0.841365 -0.901136 0.472061 0.553272 -0.941337 -0.236222 -0.986525 -0.242420 -0.511615 0.901945 -0.486701 -0.365436 0.847263 0.841666 -0.054992 0.393654 0.988339 0.495814 0.620385 -0.278389 0.981234 -0.226859 -0.475911 -0.581967 -0.466019 -0.284863 0.842561 0.544932 -0.046211 0.042560 0.338283 0.973373 0.982061 -0.337947 -0.919181 -0.072221 0.241402 0.714509 0.456353 0.663231
0.785733 -0.269147 0.109427 0.191620 -0.376670 -0.889306 -0.382168 -0.199856 -0.970197 0.826249 0.461811 -0.358518 -0.457130 0.172209 0.587067 0.261581 0.346566 -0.401150 -0.912304 -0.178395 -0.515851 0.433869 0.890863 0.318822 -0.064768 -0.515604 0.178523 -0.102844 -0.567687 0.078453 -0.641488 0.039814 -0.251671 -0.404330 0.128798 -0.438987 0.740552 -0.929185 0.972399 0.446569 0.615276 -0.825132 0.387614 -0.646081 -0.699303 -0.256330 -0.039252 0.107696 -0.231925 0.889723
-0.648034 -0.350623 -0.293141 0.097192 -0.568062 0.252009 0.501839 -0.376519 0.492780 -0.146417 -0.546063 0.072817 0.250467 -0.356208 -0.096802 0.323373 -0.852937 -0.215551 -0.787127 -0.410130 -0.040655 -0.893651 0.192418 -0.727509 -0.544360 -0.377072 0.637000 -0.525540 -0.238394 -0.213370 -0.426499 0.597798 0.068935 0.512150 -0.065235 0.573392 0.962800 -0.807668 -0.880619 -0.227057 0.721395 -0.815306 0.982879 0.111121 0.985065 -0.075298 -0.260158 -0.647055 0.771050 0.798680
0.992479 -0.067208 -0.947767 -0.438446 -0.124661 -0.636234 0.602352 -0.665033 0.801065 -0.166092 0.423902 -0.369275 -0.508554 -0.377247 0.311077 -0.752174 0.785322 -0.514285 0.743092 -0.819010 -0.629692 -0.306323 -0.562250 -0.642572 -0.997443 -0.800647 -0.818039 0.236708 -0.308407 0.706690 -0.222684 -0.272347 -0.245877 -0.854080 -0.655478 0.967835 0.388490 -0.690950 -0.532482 0.195534 0.308490 0.807938 -0.739142 0.405093 0.455269 -0.201204 -0.672876 0.544385 0.573375 0.876794
0.580282 0.824620 0.728540 -0.362696 0.572993 0.469492 -0.226699 -0.922465 -0.569048 -0.662033 -0.233053 0.601708 0.890675 0.349026 -0.623070 -0.791746 -0.059331 -0.017877 0.633154 0.828480 0.408152 0.817960 -0.195869 -0.937568 0.705488 -0.300406 -0.201676 -0.032391 -0.412538 0.546241 0.687572 0.846382 0.951083 0.466627 0.575672 0.839483 -0.063901 -0.911805 0.729144 -0.426719 -0.479391 -0.139880 0.255038 0.111360 0.582651 -0.914014 -0.425580 -0.350370 0.877460 0.713190
-0.350182 0.053499 -0.306038 -0.092983 0.505786 0.409368 -0.265484 0.071463 0.783289 0.774212 -0.061414 -0.641688 -0.289859 -0.321502 0.606720 0.947357 0.524245 0.076973 0.435962 -0.822421 -0.126600 -0.331021 -0.773729 -0.988555 0.567841 0.495074 0.457626 0.387854 -0.737243 -0.292485 0.625213 0.518761 0.324351 -0.198002 0.100638 0.435109 -0.034304 -0.095208 -0.854908 0.986185 0.333990 -0.287265 -0.392378 0.834623 0.223997 -0.158913 -0.768340 -0.140869 0.130279 0.868520
0.353323 0.789823 0.098115 -0.752288 -0.048684 -0.408480 -0.366072 -0.119224 -0.773306 -0.843005 0.162672 -0.917266 0.303820 0.232299 0.750822 0.948821 0.432674 0.832214 0.621906 0.174333 -0.375209 -0.970995 -0.342260 0.168728 -0.192654 0.404699 0.700047 -0.255943 -0.593676 -0.395001 0.030776 0.681670 0.774773 -0.667386 -0.045268 -0.906111 -0.802831 0.636695 -0.744576 0.809317 -0.267711 0.813078 0.139245 -0.830493 -0.145117 -0.640036 0.586100 0.992529 0.798778 0.806807
-0.298274 -0.926629 -0.008891 0.779127 0.891391 0.888234 -0.444039 0.818852 -0.648011 -0.494272 0.837416 -0.480079 -0.098541 -0.055191 0.629018 -0.072605 0.150185 0.099847 -0.636833 -0.287569 0.149126 0.372798 -0.243167 0.038140 0.448133 0.115512 0.005315 0.440589 0.985075 0.813958 0.389207 0.433186 -0.295453 0.217957 0.565478 0.072378 0.998958 -0.809084 0.307452 0.859159 0.117485 0.802919 0.762624 -0.173163 -0.603849 0.769349 -0.849912 0.124929 0.484554 0.540366
0.290353 -0.144230 -0.387801 -0.791421 -0.549522 -0.090038 -0.098913 -0.894663 0.783666 -0.372103 -0.739469 -0.728515 0.252635 0.931280 -0.944115 -0.298679 -0.183109 -0.643975 0.804170 -0.024529 -0.153637 -0.834399 0.810542 0.937826 -0.895428 0.207239 0.073972 -0.175912 0.505292 0.795723 -0.083486 -0.622135 -0.258881 -0.332428 0.384399 -0.382095 0.083419 -0.687202 -0.192646 0.920723 0.979078 0.334323 0.755164 -0.051495 0.704244 0.925983 -0.564676 0.692231 0.567460 0.247115
-0.430867 -0.530553 -0.552587 -0.203048 0.013082 0.052188 -0.903301 0.855369 -0.586720 0.137111 -0.788051 0.309336 -0.150493 -0.379532 0.425640 -0.235179 0.621034 0.452839 -0.178180 -0.087923 0.670225 -0.762011 -0.497010 -0.509636 0.365165 -0.809020 0.692980 -0.829559 0.832100 -0.310662 -0.691283 0.669610 -0.681497 -0.087276 -0.694953 0.096307 0.632886 0.007356 -0.650098 -0.474292 0.085791 -0.814093 0.478287 0.077937 0.910246 0.127309 0.153725 0.763049 -0.010851 -0.525435
0.419341 0.511436 0.226808 -0.700577 0.609079 -0.241831 -0.570004 -0.701721 0.764191 -0.347700 -0.726112 0.592137 0.343819 0.859060 0.971765 0.249080 0.219417 -0.587389 0.803245 0.887566 0.924187 0.667564 -0.475565 0.826916 -0.208026 0.918890 0.458500 -0.385213 0.593141 -0.705309 -0.195827 0.056692 -0.985918 -0.711322 -0.945967 -0.697654 0.168090 0.273152 0.469872 -0.052451 -0.600447 0.716343 -0.612253 0.340085 -0.134883 -0.744939 -0.153970 -0.138400 0.573925 -0.351013
-0.806744 -0.217798 0.124710 -0.255975 0.888510 0.840620 -0.737174 -0.506164 0.310811 -0.458841 -0.419082 0.442298 -0.590320 -0.551322 0.817936 -0.171759 -0.789956 -0.138779 0.519845 0.418599 0.706572 -0.844800 -0.045801 0.916970 0.558543 -0.467557 -0.266061 0.056155 -0.063603 -0.853197 0.763507 0.477552 0.565701 -0.689199 -0.150009 -0.820065 -0.545863 -0.785202 -0.937002 -0.275239 0.545770 -0.691741 -0.906779 0.538211 -0.909118 -0.179773 0.597306 0.693180 -0.869104 -0.887128
0.400091 -0.185675 0.990315 -0.528249 0.707190 0.239881 0.472182 -0.700689 -0.307609 -0.640885 0.287202 -0.073134 -0.008324 -0.547269 -0.184820 0.010630 -0.528725 -0.437885 0.236982 -0.533075 -0.075974 -0.577075 -0.008765 -0.302384 -0.529498 -0.153318 0.337083 0.015437 -0.232053 -0.293450 -0.734830 0.124949 0.340798 0.885185 -0.988110 -0.588062 -0.968182 -0.866269 0.102833 0.244312 0.624883 -0.997112 0.502309 0.790733 0.727083 -0.938617 -0.642440 0.819787 0.862862 -0.781599
-0.854226 -0.484840 -0.064674 -0.410801 0.882761 -0.136023 -0.427751 -0.356711 -0.551401 0.493330 0.470047 -0.664440 0.842448 -0.286357 0.855301 0.243836 -0.150059 0.448126 -0.322078 0.781666 0.699246 -0.669231 0.138822 0.520979 0.285353 -0.328381 -0.673560 -0.100119 0.166501 -0.204367 0.657750 -0.201142 0.787818 0.638738 -0.267705 -0.284564 -0.945182 0.490375 -0.629031 -0.609453 0.523358 -0.074591 -0.024109 -0.116376 0.855862 -0.992650 -0.496683 0.689540 0.772093 0.728088
-0.885036 -0.340314 0.826678 -0.130590 0.458130 -0.109861 0.226187 0.337422 0.481599 -0.184473 0.563486 0.836419 -0.937394 -0.195250 0.705561 -0.236844 -0.268083 0.576581 0.914280 0.090174 -0.059034 -0.998472 -0.005567 -0.059534 -0.843632 0.177135 0.458832 -0.890270 -0.947907 -0.758523 0.639184 -0.523186 0.508632 -0.700440 0.068998 0.564448 0.048402 -0.407774 -0.231323 -0.325478 0.880555 0.773281 0.105587 -0.807365 -0.717124 -0.633537 -0.198911 -0.564627 -0.065785 -0.593448
-0.531019 -0.319201 -0.929023 -0.902575 -0.456017 -0.739294 -0.920641 -0.238604 -0.511043 0.823265 -0.288599 0.898867 -0.273884 -0.378251 -0.514287 -0.130050 0.346137 -0.434184 0.562207 -0.520831 0.874944 0.716094 -0.596868 -0.282673 0.409483 0.824045 -0.735536 0.055335 -0.845221 0.189982 -0.781764 -0.474157 0.088122 0.496428 -0.733309 -0.180240 -0.584939 -0.936385 0.347323 0.472324 0.386134 0.055948 -0.987559 -0.941208 0.432681 -0.872202 -0.108215 0.028774 0.777038 0.535707
0.324443 -0.732720 -0.637047 0.248508 0.911884 -0.423871 0.404511 -0.882036 -0.987881 0.533295 -0.869447 0.940066 0.023786 -0.418096 0.109389 0.998460 -0.202004 0.104319 -0.347620 -0.669299 0.387827 0.142371 0.470915 0.579876 0.005565 0.313346 -0.330008 0.166834 0.419576 0.534632 0.776302 -0.703689 0.837166 -0.105625 -0.121697 0.457728 0.441757 0.521416 0.292998 -0.327997 0.860623 0.403518 -0.973266 0.621559 -0.565924 -0.726045 -0.784092 0.800785 -0.398608 0.004905
-0.513182 -0.869099 -0.322585 -0.809282 0.212723 0.003882 -0.687073 -0.091861 -0.772194 -0.728571 -0.322859 0.193956 0.054200 -0.842878 -0.628249 -0.489105 0.118346 -0.822140 0.665013 -0.212528 0.129864 -0.853575 -0.421513 -0.020078 0.616474 -0.097265 -0.312896 0.836524 -0.049093 -0.379494 -0.529793 0.792302 -0.817685 0.722989 -0.851134 -0.701384 -0.363714 0.852897 -0.517199 -0.380325 0.608234 0.794832 0.891905 -0.777658 0.494132 -0.760813 -0.416159 -0.913986 -0.821403 -0.319554
0.402227 0.336186 0.915583 -0.737603 -0.564431 0.506560 0.591775 0.714096 -0.337280 0.379162 0.382735 0.232336 0.766571 0.025983 -0.308248 0.722425 -0.820058 -0.049511 -0.350452 0.954186 -0.906726 -0.062326 -0.414087 -0.827575 -0.984997 -0.905110 -0.191085 -0.110410 0.666537 0.796919 -0.326949 -0.469063 0.428593 -0.317969 0.233944 -0.880119 0.341308 -0.884847 -0.295927 -0.495611 -0.561151 0.181358 0.065095 0.648402 -0.611671 0.632871 -0.055465 -0.159041 -0.264769 -0.943678
0.255496 0.983411 0.589736 0.855266 -0.851576 -0.656074 -0.670404 -0.920231 -0.115463 -0.963185 -0.169712 0.142314 -0.941685 -0.904219 -0.235172 -0.221201 -0.575510 -0.397573 0.559795 -0.540777 0.701962 -0.065421 0.338583 -0.369872 0.198400 -0.803200 -0.978595 -0.417119 0.681411 -0.202883 0.045847 0.483480 -0.745462 0.356179 0.527274 0.891535 0.335684 -0.415777 0.934445 -0.488168 0.077779 0.153351 0.881862 0.003825 -0.696022 -0.983018 -0.594588 -0.292691 0.409010 -0.077155
-0.631643 0.261559 -0.398993 0.831862 0.604229 -0.619858 -0.334474 -0.778218 -0.274806 -0.811729 -0.433169 -0.419851 -0.391662 0.169095 -0.993675 0.663070 0.962126 -0.492663 -0.595890 -0.026283 0.420033 0.631695 0.041823 0.496512 -0.548558 0.000750 -0.356505 -0.202707 -0.219594 -0.770146 -0.686170 -0.666038 -0.588618 -0.381777 0.092980 0.633694 0.026160 -0.059449 0.541121 -0.559391 0.214872 -0.957579 0.895508 -0.805305 0.238840 0.226982 -0.846129 -0.783484 -0.516397 0.591158
0.484399 0.565792 0.664756 0.884551 0.489760 0.263336 0.775802 0.911276 0.707864 0.900356 0.134250 0.556551 -0.778199 0.461807 0.484133 0.055191 -0.152114 0.493203 0.609833 -0.234714 0.392278 0.894035 -0.146990 -0.866231 0.659857 0.064679 0.341259 0.670136 -0.857994 0.516299 -0.070103 -0.654925 -0.128632 0.771057 -0.578845 -0.074177 -0.752898 0.483618 -0.137488 -0.131648 -0.781335 -0.233611 0.325205 0.861781 0.495924 0.214150 -0.274378 0.775666 -0.794652 0.152073
0.748283 0.143868 0.847403 -0.339521 -0.869762 -0.151102 0.766870 0.671902 0.901535 0.067863 0.180508 -0.528146 0.069509 0.531934 -0.164905 -0.644662 -0.661198 -0.193433 0.351791 -0.671165 0.544515 -0.988319 -0.534034 -0.526872 0.135577 -0.082221 0.766647 0.003493 -0.686692 0.839600 0.594368 0.964319 -0.521271 0.288044 0.355945 -0.479110 0.371199 0.600337 -0.520700 0.377670 0.899701 -0.072114 -0.550510 -0.899165 -0.174597 -0.656729 -0.965603 -0.125575 -0.370852 0.838113
-0.976933 0.986822 0.745771 0.975636 -0.373126 -0.510537 -0.237478 -0.858348 0.555069 0.087162 0.512460 -0.501657 -0.139378 0.274780 -0.489113 0.893068 0.150180 -0.539423 0.675273 0.801482 -0.340529 0.355504 -0.178992 -0.112606 -0.018844 0.210829 0.108465 0.934049 -0.500182 0.562979 -0.188868 -0.987259 -0.926575 -0.448851 0.281133 0.527396 -0.203831 -0.084474 0.038564 -0.339066 0.407238 -0.610849 -0.078322 -0.340049 0.129061 -0.937830 0.530636 -0.571136 -0.150647 0.884907
-0.083600 0.737932 0.593559 -0.191154 -0.714262 -0.247165 -0.886646 -0.367834 -0.899037 -0.935845 0.634922 0.502609 -0.328488 0.210474 -0.225546 0.404079 0.417362 -0.496992 -0.801465 0.234946 -0.498331 -0.260863 0.926216 0.172400 -0.238010 0.828996 -0.544136 -0.273001 0.170551 -0.260047 0.115242 -0.777408 -0.771289 -0.221001 -0.178750 -0.778812 -0.807144 0.936917 -0.979811 0.972774 -0.291046 0.391028 -0.899716 0.512060 0.801094 0.707656 0.223016 -0.481505 -0.693082 -0.899675
-0.963944 0.670165 -0.932381 -0.438351 0.351260 -0.829253 0.591617 -0.973108 0.324414 0.335684 0.618371 0.420476 -0.743250 -0.430380 0.946377 -0.258950 -0.131209 -0.592137 -0.070158 0.614292 -0.382189 -0.378899 0.132472 0.973954 0.054980 -0.194221 0.720115 -0.668095 -0.810630 0.270230 0.502714 -0.338875 -0.275791 -0.172807 0.185373 0.423632 -0.500801 -0.453180 -0.486627 0.471663 -0.335356 -0.239222 0.206933 -0.803447 0.013113 -0.467857 -0.870173 0.543172 0.570143 0.256317
-0.854481 -0.475741 0.104041 -0.442582 -0.812818 0.116469 -0.396183 0.375169 0.742287 0.281786 -0.140668 -0.060460 -0.944814 -0.805546 -0.923317 0.636879 -0.821144 0.621459 0.791894 0.210304 0.841247 0.159029 -0.420532 -0.638400 -0.486912 0.415108 -0.921027 0.349370 0.282930 -0.748620 -0.090210 0.970806 -0.892900 -0.734240 0.291946 0.127404 0.084548 0.998156 -0.225122 0.013374 -0.814826 0.271539 0.702750 0.584461 0.153019 -0.070856 -0.360388 -0.115633 -0.967986 -0.452895
-0.865608 -0.331503 -0.719943 0.713638 0.266676 -0.637840 -0.095733 -0.605453 0.591260 -0.086076 -0.568455 -0.212701 0.381328 0.556654 0.705444 -0.759992 -0.812611 -0.742538 -0.045418 -0.500224 -0.583970 -0.576932 -0.116450 0.466871 0.906093 0.768997 0.431603 0.489651 0.790691 -0.072904 0.507980 0.452990 0.912160 0.724037 -0.658021 -0.920137 0.229601 0.723630 0.203123 0.584859 -0.656586 -0.676183 -0.140888 -0.952830 0.342543 -0.410110 0.203222 0.973887 -0.299811 0.916969
0.560328 -0.701043 0.604330 -0.070472 0.191203 0.178104 0.726199 -0.095335 -0.446477 0.166089 -0.523715 -0.146606 -0.722679 -0.455354 -0.106041 0.585734 0.292583 0.764228 -0.245884 0.358364 0.036896 -0.062308 0.775247 -0.431477 -0.809142 -0.270322 0.468453 0.959063 0.076086 0.917771 0.793310 0.259612 0.606640 -0.743474 0.886716 0.382352 -0.046971 0.212601 0.294152 0.417032 -0.322078 0.743956 0.950020 0.131709 0.147610 -0.820954 -0.536468 0.518130 -0.043862 -0.825132
-0.099002 -0.421415 -0.653457 0.488466 -0.428812 0.745859 0.811511 0.170159 -0.348876 0.289257 -0.724624 0.042625 -0.687860 -0.497660 0.646117 -0.910834 0.604900 -0.313555 0.154061 -0.976281 -0.069595 -0.639825 0.605295 -0.806803 0.938816 0.777812 -0.640871 -0.957304 -0.964759 0.111020 -0.120546 -0.559806 -0.333784 -0.644766 0.044539 -0.374130 0.990068 0.315137 -0.245573 0.827461 0.825222 0.623137 0.606749 -0.004339 -0.069708 -0.859133 0.521665 -0.283453 0.543134 0.763529
-0.544001 0.029931 -0.991747 -0.246836 -0.820544 -0.523879 0.257630 0.968252 0.317995 0.495783 -0.772534 -0.327998 0.762224 -0.419890 0.579692 0.325749 0.292057 0.439439 -0.758193 -0.867882 -0.292653 -0.230412 -0.667696 0.060618 -0.716987 -0.375620 0.983571 0.044468 0.052498 0.328671 -0.202338 0.352888 -0.886923 -0.121721 -0.783213 -0.709711 0.669816 0.203903 0.069417 -0.915916 -0.659282 0.981159 0.854805 -0.276455 0.977381 -0.537819 0.560104 -0.234613 -0.021998 0.435581
-0.281558 -0.553166 0.314898 -0.453830 -0.027627 0.105043 0.439055 -0.922538 -0.763299 -0.139389 -0.850267 0.741580 -0.042271 -0.179206 0.390454 -0.574709 -0.962022 -0.835862 -0.828069 -0.158954 0.160635 -0.654797 0.969312 -0.907454 -0.234332 -0.824348 -0.497403 -0.237474 0.129082 0.366909 0.680952 0.392373 0.004181 -0.613213 0.732113 0.012322 -0.275243 -0.672990 -0.129483 -0.680578 -0.224195 0.727002 0.860696 -0.733605 0.357290 -0.769682 -0.517975 -0.235253 0.104149 -0.239549
-0.416970 0.130814 -0.635256 0.942659 0.751071 0.638144 -0.862751 0.211817 -0.067753 0.740335 0.103608 0.040159 0.808941 -0.200566 -0.407373 0.517383 0.021652 -0.498520 -0.751273 0.873518 0.258141 -0.538602 -0.534565 0.018576 0.117103 -0.915308 -0.906533 0.204446 -0.604737 0.719347 -0.447737 0.825128 -0.559945 -0.360081 0.384245 0.631675 0.514154 -0.837709 0.309765 0.634195 0.513378 0.342117 0.245208 -0.452132 0.583275 -0.691901 0.024194 0.546316 -0.310417 -0.687953
-0.819017 -0.770696 0.242341 0.319625 -0.220340 -0.563924 -0.454573 0.328846 -0.995209 -0.353706 0.218677 -0.593153 -0.719280 -0.745784 -0.849160 0.813531 -0.852109 -0.244889 0.049173 -0.614146 0.060500 -0.998079 -0.151440 -0.569690 0.434097 -0.978963 0.697718 0.382205 0.374682 0.729963 0.550825 0.146593 0.779080 -0.962067 0.904635 0.577158 0.846932 0.579657 0.280197 -0.916442 0.629673 -0.732777 -0.145898 0.740136 0.591764 0.304162 -0.846246 -0.544906 -0.115985 0.451508
0.265069 0.681516 -0.658328 -0.190884 0.348463 -0.610553 0.790579 0.004243 0.317474 0.516013 0.284805 -0.359239 -0.367169 -0.116008 -0.773252 0.025457 -0.195941 0.127065 -0.488637 0.291922 0.201598 -0.254795 -0.760873 -0.142925 0.156538 -0.545543 -0.301681 -0.786490 -0.493962 0.219885 0.513037 -0.934934 -0.039308 -0.491432 0.901621 -0.218335 0.050151 -0.015274 0.960371 -0.256118 -0.408458 -0.925659 0.369338 -0.200697 0.638060 0.882694 0.040834 -0.696482 -0.417611 0.574183
0.321833 0.996952 0.583545 -0.537672 -0.908607 -0.560824 -0.821636 -0.903604 0.194657 0.755561 -0.351156 -0.831159 0.053240 0.443001 0.551462 -0.549884 0.617407 0.529136 -0.798715 0.067405 0.881644 0.284497 0.306650 -0.040736 0.039544 -0.264458 0.546394 0.986324 0.466081 0.805835 -0.826735 0.859296 0.714616 0.120785 0.449731 -0.582852 0.864020 0.873791 -0.457749 -0.066116 -0.514914 -0.304600 0.183265 0.418761 0.248261 0.727807 -0.393741 0.393191 -0.281929 -0.402633
-0.207499 -0.020418 0.503619 0.115834 -0.042751 0.408393 -0.081612 -0.592237 0.516446 -0.977772 -0.787053 -0.689333 -0.895457 -0.596625 -0.778295 -0.416170 0.843769 -0.947033 -0.451298 0.670773 -0.699115 -0.254403 -0.061329 -0.232434 0.417068 -0.247700 -0.933870 -0.871874 -0.362851 -0.861484 -0.563496 0.686541 -0.031712 0.301313 0.886181 0.394284 -0.835294 -0.706750 -0.349030 -0.357551 0.363717 -0.685575 -0.084463 -0.961657 0.475732 -0.510481 0.082158 0.680357 -0.317905 0.808255
0.613056 -0.197161 -0.773786 -0.376961 0.955139 0.586327 -0.937961 0.955805 0.121785 -0.869697 -0.836205 -0.486270 0.074794 0.240229 -0.526973 -0.436835 -0.874611 0.743090 -0.986472 -0.784029 -0.663418 -0.608085 0.110967 0.521394 -0.989916 0.051750 0.060374 -0.957331 -0.954808 -0.532768 0.408081 0.003848 -0.501054 -0.107613 -0.500627 -0.650843 -0.712995 0.213925 -0.989283 -0.455557 0.942556 -0.466073 -0.004693 -0.842571 -0.387020 0.011991 -0.437964 -0.851642 0.118856 0.653562
-0.275579 0.927413 -0.264137 0.819473 -0.451077 -0.196141 0.202977 -0.362218 0.118497 -0.578655 -0.500636 -0.150874 0.344471 0.942408 0.883613 -0.890290 -0.119789 0.647276 -0.611623 -0.535235 0.059949 0.549270 -0.509285 -0.408320 -0.409014 -0.869997 -0.662051 -0.403518 0.304678 0.947960 0.710895 0.819334 -0.858220 -0.072200 0.496382 -0.914802 0.592371 0.985582 0.229182 0.248773 0.669034 0.795006 0.320830 -0.069564 -0.362922 0.519300 0.625079 -0.671440 0.650422 -0.399825
-0.147098 -0.541777 -0.503246 -0.617045 -0.171620 0.732421 0.768043 -0.593126 0.923946 0.379288 -0.052111 -0.152071 -0.603253 -0.741058 -0.020608 -0.226693 -0.656250 -0.359347 -0.131008 0.498089 0.914789 0.342635 -0.700352 0.032905 -0.887394 -0.475227 0.455748 -0.464206 -0.460272 0.493365 -0.509799 -0.141035 -0.982433 0.097211 0.795772 0.084535 0.739354 -0.916233 0.890169 0.572518 0.719237 0.266958 0.767559 -0.985205 0.316999 0.233018 0.609991 -0.104432 -0.550360 -0.743445
0.613156 -0.669770 -0.839547 0.475606 -0.370436 0.929150 -0.607363 -0.483805 -0.564241 -0.761192 -0.804855 -0.730086 0.730976 0.900289 0.153208 -0.478701 0.858394 -0.630638 0.819580 0.318426 0.463844 0.471869 -0.442119 0.614089 -0.235324 -0.838089 -0.489611 0.464152 -0.134509 0.392320 0.412740 0.870274 -0.247021 -0.615301 -0.784406 0.200882 0.732665 0.957952 -0.054148 -0.800289 0.767363 -0.523897 -0.899963 -0.417668 -0.307609 -0.302169 0.740722 -0.010784 0.875658 -0.448907
-0.835818 -0.100163 0.703281 0.376603 -0.069793 -0.036435 -0.791059 -0.309999 0.960120 -0.736567 -0.238381 -0.820517 0.609985 -0.321461 -0.611259 0.509127 -0.195476 0.192769 0.148890 0.484168 0.128076 -0.750137 0.475827 0.902658 -0.875525 0.829328 -0.929822 -0.797152 -0.323807 -0.824245 -0.082844 0.263518 0.505273 -0.905370 0.131293 0.242644 -0.522493 -0.333173 -0.592406 0.431994 0.671991 -0.521189 -0.775725 -0.072441 -0.863534 -0.575392 -0.958082 -0.756756 0.647079 0.218088
0.919694 0.029349 0.784996 0.527641 0.235842 -0.920283 -0.272714 -0.857625 0.420615 0.968177 -0.357951 0.584771 -0.570520 0.622600 -0.740665 -0.151221 0.594284 -0.797327 0.114682 -0.337012 0.707660 0.113030 0.589317 -0.278341 0.792812 0.501248 0.170612 -0.935973 0.260845 0.279809 0.112176 0.657017 -0.925411 0.343722 -0.900458 -0.764720 -0.209903 0.840937 0.513238 0.025981 0.792179 0.438784 -0.316728 -0.022877 0.332836 -0.978028 -0.739001 -0.952372 0.361039 0.458871
-0.074748 -0.560090 -0.378753 0.247587 -0.513549 -0.879797 -0.335326 0.550176 0.337079 0.774586 -0.332018 0.035835 0.464148 -0.762686 0.957984 0.828355 0.729014 0.895127 0.560360 -0.251349 -0.136024 0.855620 -0.083706 -0.648689 -0.686032 0.558410 0.210533 -0.869696 0.442694 0.240361 0.736863 0.290695 -0.040613 0.324010 0.285884 -0.060089 -0.610710 -0.280094 0.429098 -0.199165 0.601544 -0.447975 0.362116 -0.962890 -0.001562 0.371285 0.586193 -0.681087 0.178971 -0.256697
0.862281 -0.500502 -0.318734 -0.573773 0.491955 0.288799 -0.164125 0.089438 0.330727 -0.710121 -0.106678 -0.218286 0.489659 0.220682 -0.931940 0.912309 -0.948824 0.799104 -0.031479 0.482937 -0.915753 -0.557649 0.137635 -0.651749 -0.056800 -0.934847 0.001988 0.544492 -0.793721 0.392872 0.832255 0.452638 -0.668952 0.260990 -0.131674 -0.307490 0.156831 -0.683994 -0.584749 0.848382 0.037726 0.251934 0.573075 -0.376621 -0.138951 -0.767879 0.563921 0.017744 0.659153 0.218398
-0.748769 -0.778250 -0.062863 0.658115 -0.969619 0.742048 -0.190520 -0.667412 -0.839961 0.856095 -0.190576 0.427535 0.778539 -0.636541 0.479506 0.292988 -0.003156 0.014376 0.811276 -0.791614 0.494431 0.459006 -0.032043 -0.019217 0.332893 0.228557 -0.339168 -0.096898 0.331434 -0.466953 0.348379 0.477823 -0.045983 0.327061 0.924404 -0.829883 0.564037 0.942717 -0.399529 -0.651602 0.532422 -0.279732 -0.649139 0.366540 0.306262 0.796568 0.774146 0.228000 -0.043240 -0.556467
0.733462 0.270739 -0.915570 0.281378 -0.148597 -0.416832 0.896033 0.259566 -0.223644 0.868180 0.658246 0.433225 -0.827497 -0.842678 0.206990 -0.295682 -0.481092 -0.307806 0.445028 0.551915 0.874818 -0.983385 -0.416106 0.809723 0.238572 -0.345554 0.547328 0.572978 -0.754772 -0.561942 -0.685631 -0.919676 -0.712736 0.349786 0.082405 0.515360 0.935869 -0.376277 -0.479065 0.623874 0.106048 0.833415 0.582767 0.023572 -0.519674 -0.523211 0.201731 -0.213494 -0.638540 0.357456
0.686994 0.792871 0.116826 -0.167588 0.506009 0.209159 -0.393224 -0.822696 -0.191325 0.385737 0.526143 -0.109594 -0.358357 -0.290334 -0.665885 -0.841671 0.155316 -0.216707 -0.474435 -0.125697 -0.951314 -0.856017 -0.860335 0.862645 0.048074 -0.021665 -0.733817 -0.841445 -0.175282 -0.226885 -0.828867 0.952372 -0.979041 -0.608641 -0.531662 0.068681 -0.881653 0.884242 0.680115 0.159912 -0.780939 0.306903 0.508606 -0.525365 0.260911 0.295172 0.920492 -0.084726 -0.748283 0.759902
0.316440 0.276217 -0.786423 0.370940 0.230901 0.816545 0.912667 -0.945760 0.084655 0.302890 0.437324 0.281771 0.480403 0.369987 0.494536 0.292364 -0.405930 0.008200 0.404367 -0.825103 0.594069 0.206377 -0.192579 -0.233293 -0.043654 0.928749 0.428346 -0.614561 0.950827 -0.827934 -0.217867 -0.975149 0.047846 -0.847189 0.039867 -0.000456 -0.499781 0.368600 0.114827 0.046929 -0.336552 0.513859 -0.974447 0.765282 0.706618 0.471984 0.442778 -0.904508 -0.754456 -0.718077
-0.262078 -0.274519 -0.453037 0.173376 -0.471833 0.006204 0.418681 -0.151596 0.362553 -0.266812 -0.428483 0.692773 0.166577 -0.942026 -0.786121 -0.100725 0.080674 -0.014772 -0.101194 0.475503 0.800775 -0.828057 0.187817 0.625670 0.511312 0.940431 -0.249734 -0.133403 0.012688 -0.753519 -0.813309 0.465471 0.358079 0.502707 0.607313 0.070592 0.780607 -0.282245 0.348810 0.058871 0.818393 0.917584 -0.121811 0.039662 -0.093296 -0.142394 0.616617 -0.460047 -0.951456 -0.239514
0.756797 -0.162141 0.604465 0.485939 -0.095036 0.369833 -0.430035 -0.817417 -0.966523 0.440611 0.401784 -0.577505 0.850098 0.462109 -0.484406 -0.439752 -0.040277 0.213452 -0.487016 -0.241677 0.320650 0.529966 0.675766 0.831101 -0.150675 0.665507 0.107316 0.583139 -0.484847 -0.731681 0.309909 0.551842 0.856363 0.149427 0.418187 0.722231 -0.036199 -0.752492 0.095165 0.011188 0.570165 0.298779 0.956945 -0.947820 0.987297 0.175318 0.693939 -0.739055 0.655598 -0.761683
-0.557991 0.600111 0.738515 0.940114 0.000699 0.784068 -0.795569 0.392241 -0.632798 0.212854 -0.659506 0.206422 -0.988533 -0.248556 -0.585247 -0.504743 0.088018 0.546230 -0.374314 0.833775 -0.195518 -0.970303 0.902975 -0.753507 0.983493 0.708741 0.826116 0.128455 0.246199 -0.298626 -0.863893 0.058228 -0.952684 -0.599235 -0.279342 -0.263296 0.510783 0.327751 -0.188271 0.527916 -0.863031 0.597204 -0.726664 -0.729563 -0.994148 0.560230 0.172831 -0.884598 0.004235 0.366517
0.432518 0.307889 -0.639598 0.915310 -0.154102 0.163147 -0.595866 0.712959 -0.255413 -0.776832 0.152217 -0.410905 -0.486530 0.494231 -0.208059 -0.344227 -0.296594 0.156505 -0.934705 0.306593 0.853311 -0.307394 -0.412037 0.962183 -0.914846 0.525979 0.351756 0.338215 -0.965427 0.382599 -0.162578 -0.198198 0.241625 -0.952631 -0.903511 -0.950883 -0.068588 -0.901877 0.806319 -0.583487 -0.636502 0.957847 -0.508329 0.949037 0.033032 -0.254005 0.024832 0.314073 0.732743 -0.735595
0.776116 0.289382 0.435098 0.538396 0.112050 0.874469 -0.618309 -0.102833 -0.613128 -0.717222 0.957137 -0.272560 0.182644 -0.374274 0.127149 0.155333 -0.772718 0.367117 0.251435 -0.323909 -0.634184 0.746318 -0.739387 -0.802400 0.779184 0.618189 -0.203998 0.139209 -0.486486 -0.781274 -0.722756 0.317338 0.335444 -0.221228 -0.809708 -0.820458 -0.806906 0.895603 0.853569 0.117816 -0.945103 0.856679 0.783626 -0.801170 0.012138 0.593936 0.265153 -0.023353 0.670834 0.852909
0.116647 0.577177 -0.828318 0.736795 0.321256 -0.437565 -0.935156 0.433862 0.273489 -0.605750 -0.500636 0.268348 -0.362956 -0.715532 -0.531149 -0.879426 0.441567 -0.530988 -0.338710 -0.442213 0.816606 -0.347230 0.709126 0.079765 0.642349 0.038152 0.545656 -0.194769 0.889794 -0.568207 0.761101 0.930918 0.934553 -0.689209 0.696346 -0.840083 -0.134619 -0.087296 0.591752 0.746595 -0.805456 0.049618 0.106887 0.798034 -0.519817 0.878355 0.495570 0.136014 -0.048824 -0.937849
0.977809 -0.088312 -0.151968 0.170994 0.598634 -0.771039 0.862914 -0.461576 -0.596320 -0.444723 0.251481 -0.548138 0.445191 0.256796 -0.379936 0.584268 -0.883339 -0.602638 0.362536 -0.808364 0.325068 -0.176387 0.483004 0.568834 0.524970 0.682981 0.252464 -0.752874 -0.232341 -0.566770 -0.636963 0.612053 -0.765114 -0.053478 -0.931328 0.474297 -0.458918 0.666816 0.321858 0.375608 0.899208 0.931613 0.661714 -0.373676 0.028831 -0.835917 0.711983 0.050892 -0.423099 -0.989594
-0.342266 0.145898 0.796922 0.879367 0.354438 0.393681 -0.273769 0.904805 -0.159381 -0.514217 -0.254336 -0.781809 -0.905758 0.618052 -0.403570 -0.829489 -0.244248 0.067823 0.811459 -0.623147 0.206697 -0.226598 0.772106 0.214379 0.656379 0.583510 0.344701 -0.925143 0.290997 -0.932950 -0.101323 0.034463 0.891492 -0.933946 0.397871 0.432719 0.953902 0.640260 -0.414541 -0.069656 0.267690 -0.233127 0.172216 0.964964 0.246267 0.480437 0.835929 0.788993 -0.398431 0.479692
0.292868 0.531025 0.719367 -0.219646 0.230123 0.742422 0.746091 -0.051371 0.495797 -0.983530 0.878094 0.394164 -0.701545 -0.372526 -0.103369 -0.812609 0.371315 0.070162 0.570288 0.521250 0.543024 -0.155837 -0.609962 -0.792770 0.003230 0.949962 0.974036 0.363456 -0.874875 0.744030 -0.820510 -0.242995 -0.736188 -0.531496 0.183789 0.127759 -0.340410 -0.684958 0.322384 0.735743 0.127567 -0.646317 0.032354 -0.674660 -0.882357 -0.377758 0.726739 -0.623344 -0.233692 0.105917
0.190419 0.936624 0.996105 0.277099 -0.185037 0.231963 -0.057229 -0.349355 0.276552 0.919886 -0.728900 0.037478 0.199985 -0.198744 0.765118 0.828678 -0.833457 -0.927339 -0.752101 -0.193576 0.490956 -0.320441 0.822791 -0.154895 0.235233 -0.894356 0.804827 0.398772 -0.774108 -0.746690 0.881122 -0.033709 0.859294 -0.055557 -0.985792 -0.881913 -0.530990 -0.278267 0.391310 0.118847 0.508117 -0.467645 0.889321 -0.342286 0.559155 0.137827 -0.565800 0.466901 0.593739 -0.229670
0.241729 0.861598 -0.719917 0.946222 -0.937079 0.636286 -0.980599 0.598561 0.742686 -0.982326 0.245758 -0.030981 -0.509453 -0.235659 -0.235110 -0.633045 -0.992958 0.469564 -0.610312 -0.218792 0.849975 0.404246 0.103688 0.665569 -0.248491 -0.469150 -0.969265 -0.732635 -0.347008 -0.162789 -0.231224 0.831898 0.257126 -0.130914 0.941849 -0.314412 0.832166 0.555140 -0.317371 0.285219 -0.512192 -0.919010 0.511188 0.192720 -0.246578 0.577208 0.424818 0.867022 0.495034 0.648293
-0.727680 0.861228 -0.410797 0.643245 -0.943290 0.083966 -0.259259 -0.654981 -0.419094 -0.849573 0.651520 0.709052 -0.983070 -0.063318 0.633188 0.002421 -0.409282 0.807684 0.183895 0.872977 -0.902913 -0.497741 -0.729806 -0.534608 -0.768156 -0.661257 0.927106 -0.378474 -0.004804 0.973870 -0.760792 -0.732994 0.527174 -0.138502 -0.453871 -0.641546 -0.745848 -0.510518 0.922289 0.915148 -0.023726 -0.508496 0.692654 0.508348 0.776910 0.900842 0.423288 0.752638 -0.189346 0.498675
-0.171746 0.976581 -0.783323 0.893360 0.377305 -0.754824 0.041206 -0.989905 0.225971 0.225805 0.920451 -0.894030 -0.610966 0.225496 -0.761545 0.194134 -0.560625 -0.796284 0.104528 -0.691799 0.500501 -0.942772 -0.194389 0.027509 0.437358 0.199689 0.876611 -0.411738 0.561333 0.484456 0.480922 -0.725952 -0.118308 -0.810056 0.470870 -0.070101 0.609450 0.965794 0.848601 0.765528 0.366844 -0.352749 -0.865891 -0.035633 0.139140 -0.361898 0.547453 -0.045310 0.148742 -0.212940
-0.259096 -0.892844 -0.343466 -0.445411 -0.874764 -0.958338 -0.388952 0.553359 0.014037 -0.637429 0.488169 -0.319378 -0.432456 -0.762530 0.485733 0.541245 -0.258686 0.954844 0.205889 -0.017684 -0.269237 -0.751714 0.504216 -0.078010 0.215797 0.812227 0.835743 -0.726978 0.693463 -0.657787 -0.045884 -0.152807 -0.121370 -0.593525 0.679260 -0.098711 -0.072772 -0.326657 -0.828913 -0.257539 -0.482068 -0.873654 0.595809 0.125449 -0.683400 0.851317 0.065992 -0.062969 -0.318798 0.888720
0.114627 -0.757972 -0.109044 0.514385 -0.447077 -0.360967 0.935978 0.170687 0.987567 -0.593162 -0.040801 -0.699264 0.624860 -0.935270 0.003188 0.557065 -0.877100 0.159151 0.254181 -0.446448 0.191534 -0.714938 0.781298 -0.367710 0.047720 0.276803 -0.371785 0.605996 -0.481342 0.490520 -0.687949 -0.160497 0.553703 0.361947 -0.486099 -0.457603 -0.685427 -0.210023 -0.202723 0.201289 0.096045 0.266788 -0.418541 -0.240616 0.495824 -0.124392 0.336347 -0.230986 0.738625 0.840641
0.089280 0.847132 0.577465 -0.103333 -0.214279 -0.257626 0.393700 0.265035 -0.915252 0.201998 0.529975 -0.133962 -0.399514 -0.853802 -0.561844 0.555427 0.008717 -0.288388 0.947799 0.291384 0.708194 0.281970 -0.000190 -0.644456 0.021267 0.484440 0.290190 -0.289199 -0.239170 -0.350253 -0.615245 0.578760 0.697038 0.181758 -0.025350 -0.644959 -0.628585 0.286074 -0.540862 -0.704953 0.239763 -0.314018 -0.189686 -0.462152 -0.971495 -0.432794 0.861704 -0.942655 0.419935 0.033411
-0.141126 -0.957224 -0.026182 0.519238 0.759270 0.011379 -0.436060 -0.891750 -0.383007 -0.658458 0.492492 -0.724949 -0.586744 -0.060506 -0.891961 -0.124422 0.932284 0.264042 -0.393512 0.801476 -0.339520 0.343047 -0.037857 0.912602 0.879928 0.034164 0.647699 0.257796 -0.423117 -0.231841 -0.483094 0.368197 -0.528451 -0.170882 -0.250347 0.479927 -0.996133 0.083354 0.541090 0.047028 -0.670676 0.195871 0.286346 -0.323245 0.238935 0.377086 -0.556289 0.633064 -0.036069 0.211486
-0.197176 -0.491262 -0.483456 -0.431656 -0.004087 0.540378 -0.095646 0.081318 0.329251 -0.424361 -0.236496 0.929993 -0.936690 0.310146 -0.516290 -0.844127 -0.932346 -0.610211 0.895459 0.773358 -0.339348 -0.230994 -0.175780 0.542639 0.162295 0.201777 0.665764 0.417815 0.683863 -0.563151 -0.902741 0.194386 -0.650410 0.434103 0.098258 0.592454 -0.933618 0.620539 -0.616635 0.995994 -0.034329 -0.499283 -0.675064 -0.758089 0.897780 -0.887013 -0.005968 -0.228831 0.627782 0.942182
0.193751 -0.154157 0.508296 0.953327 0.779680 -0.862256 -0.055919 -0.820419 -0.555782 -0.418379 -0.053482 -0.894213 0.855616 -0.990186 -0.364319 0.191172 0.417266 0.243578 -0.717189 0.169926 0.705575 -0.878005 0.569148 -0.338969 0.533649 0.691268 0.926791 0.565517 -0.210879 -0.797403 -0.287081 0.846015 -0.384175 0.384427 0.700903 -0.969423 0.156635 -0.466122 0.586020 0.086772 -0.110971 0.116306 0.893624 -0.017308 -0.695894 -0.735549 -0.674370 0.528099 0.103834 -0.023090
0.399740 -0.330775 -0.057239 0.248129 0.086598 0.777702 -0.854039 -0.144476 -0.414676 -0.303619 -0.469476 -0.777192 -0.586099 0.333636 -0.989029 0.254313 -0.872294 -0.856577 -0.090590 0.281099 -0.478656 -0.252160 0.169705 0.070351 -0.275781 0.674887 -0.494420 0.897920 -0.348353 0.264416 -0.865369 -0.349296 -0.114150 -0.825064 0.684008 -0.583776 0.047992 0.819635 -0.365750 0.898127 -0.703541 0.737746 0.661196 0.312705 0.151064 0.407140 0.026495 -0.385514 -0.930498 -0.263321
-0.042691 -0.698042 0.917884 0.492419 0.707922 -0.947661 -0.074191 0.242983 -0.136498 0.631562 -0.815362 -0.195783 -0.323429 0.870028 0.033688 -0.398183 -0.253434 0.392867 0.938769 0.622626 0.308829 0.265843 0.548614 -0.552784 -0.769183 0.281730 0.312894 -0.591892 -0.257674 -0.965295 0.386229 -0.056458 -0.937362 -0.406542 0.493462 0.846893 -0.872729 -0.410180 -0.066467 -0.198470 0.961401 0.034433 -0.031029 -0.826414 0.015190 0.904538 0.998129 0.511951 0.490912 0.805681
-0.941227 -0.878958 -0.461187 -0.317230 0.271929 0.085429 -0.529483 0.947139 -0.493419 -0.448924 -0.669425 -0.529983 0.697282 0.013454 -0.912187 0.380865 -0.597997 -0.857873 -0.110907 0.142061 0.626001 -0.407897 -0.766907 -0.326487 -0.545492 0.785377 -0.901172 -0.283026 -0.050479 0.157662 -0.471389 0.812896 -0.278815 0.227967 0.333011 0.561431 0.089532 0.163351 0.418718 0.333571 0.214245 -0.834276 -0.647504 -0.016621 -0.693093 0.178899 -0.045399 -0.758448 -0.593693 -0.086718
0.285584 -0.810006 -0.620563 -0.769886 0.966613 -0.385401 -0.568639 0.597645 -0.225942 0.045780 0.383782 -0.779157 -0.536247 -0.504940 -0.238460 -0.906637 0.069827 0.076131 0.782782 0.814607 -0.217805 0.415209 0.261395 0.180923 -0.044202 0.931872 0.248523 0.716191 -0.281176 0.053717 -0.380452 -0.263176 0.863156 0.207839 -0.880863 -0.008573 0.968990 0.297084 0.522769 -0.692726 0.797847 -0.492792 -0.721943 0.532863 0.326030 0.013317 0.088458 0.745172 -0.204746 0.401729
-0.554164 -0.635020 -0.784808 -0.034747 0.068335 0.887634 0.750271 0.657661 0.230626 -0.515309 -0.953563 -0.094702 -0.624184 0.032829 0.009485 -0.902293 0.746812 0.735599 -0.008686 0.759531 -0.494114 -0.930299 0.131727 0.918382 -0.008050 0.630453 -0.260279 -0.277495 -0.092769 -0.407776 -0.369022 0.142951 -0.729118 -0.479298 -0.479957 -0.553237 -0.935745 -0.483904 -0.729693 -0.558142 0.227930 -0.958684 0.766493 0.517214 0.624169 0.601609 -0.866095 0.873498 0.259435 0.896941
-0.741663 0.939657 -0.576630 -0.391356 -0.712906 0.301995 -0.896663 -0.668572 -0.889407 -0.527906 0.177564 0.103665 -0.349696 -0.323646 -0.768780 0.037425 -0.473953 -0.572182 -0.641991 0.992357 0.881247 -0.814162 0.130112 0.288611 0.895727 -0.713982 0.931834 0.682855 -0.633103 -0.473652 -0.093885 -0.627260 -0.550312 0.501743 0.470682 0.756215 -0.092014 0.888075 0.203160 -0.501434 0.394862 0.371695 -0.393821 -0.030901 0.025741 -0.523586 -0.852071 0.216269 0.299183 0.044992
0.559896 0.647129 0.940669 -0.274654 -0.345554 -0.067305 -0.299654 0.470869 0.644902 -0.372145 -0.854569 -0.651783 0.605248 -0.612472 0.917336 -0.879650 -0.007009 0.441596 -0.253208 -0.533935 -0.612988 0.857528 -0.462109 0.659097 0.986170 0.726255 0.521848 0.134911 -0.026814 -0.702403 0.725203 -0.810905 -0.894958 0.418565 -0.271489 -0.039742 -0.570839 0.658039 0.272136 -0.595103 0.522912 -0.047270 -0.303553 0.701325 0.580253 0.857039 -0.685142 0.237864 -0.161551 -0.520159
0.339535 -0.020178 -0.558160 -0.142085 0.254991 -0.379139 -0.771425 -0.219546 0.287512 -0.944014 0.091012 -0.432422 -0.937470 0.128239 0.666381 0.405923 -0.680133 -0.671928 -0.566350 -0.531538 -0.899128 0.713713 0.754564 0.186528 0.393072 -0.397162 -0.494784 0.780497 0.987241 -0.134164 0.353300 -0.041733 -0.340768 -0.971221 -0.900944 0.551328 0.993641 0.831415 0.213122 -0.580727 -0.596280 0.598198 0.983247 -0.213558 0.716111 0.285403 -0.093116 0.012586 0.876811 -0.434531
-0.063320 -0.985862 0.209198 -0.734910 -0.741870 0.844236 -0.192435 0.178635 -0.486077 -0.999138 0.648311 -0.234658 -0.460383 0.764208 0.226061 -0.896952 0.880083 -0.227418 0.656011 0.766951 0.573801 -0.899468 0.894964 -0.761162 0.585576 0.985041 -0.531781 0.943649 -0.258172 0.830747 -0.323926 0.429152 0.905861 0.087868 -0.056495 -0.755854 -0.393120 -0.227349 -0.383101 -0.780896 0.198388 0.775522 -0.487140 0.436671 -0.525786 0.068855 0.857926 0.570053 -0.571839 0.370644
-0.532233 0.370229 0.211138 -0.599402 0.740116 -0.990011 -0.240665 -0.935449 -0.889460 -0.860467 -0.355926 0.906393 0.895691 -0.289217 -0.503085 -0.652818 -0.376706 -0.010478 -0.060575 -0.494122 0.705407 -0.804811 0.646246 0.351984 0.811093 0.505154 0.056058 0.864943 -0.763231 0.793480 0.523415 0.822506 0.359420 -0.918600 -0.891799 -0.692169 -0.314277 -0.628852 0.602402 0.993905 -0.358916 -0.815182 0.418921 -0.705271 0.027160 0.687829 0.734345 0.908925 -0.832745 0.646633
0.673157 -0.586746 -0.203873 0.573966 0.209064 0.905102 0.008867 0.975642 -0.494250 -0.539591 -0.916682 -0.961444 -0.865209 0.313966 -0.624676 0.104434 0.413250 0.080697 -0.856465 0.558588 0.664757 -0.868199 -0.741933 -0.865406 0.256826 -0.759239 -0.586514 -0.342231 0.004850 0.869811 0.037192 -0.670811 -0.407290 -0.289197 0.742140 -0.057071 0.506038 -0.843393 0.304056 -0.297017 -0.246775 0.465111 -0.988271 0.413480 0.475212 0.825602 0.155120 0.208509 0.090997 -0.724739
0.899611 0.136146 -0.092929 0.920230 -0.406688 0.404204 0.474402 0.794960 0.197199 -0.665450 0.755606 -0.545623 0.834815 0.445322 -0.533977 0.116080 0.762410 0.165880 0.513923 -0.357247 0.784300 -0.046851 -0.328313 0.098053 0.801556 -0.490009 -0.072911 -0.249288 -0.207170 0.556089 0.735960 -0.960205 -0.367029 -0.198155 -0.419321 -0.397007 -0.667382 0.575225 -0.872133 -0.608045 0.695284 0.354622 0.316666 -0.973208 0.258281 0.974346 -0.680950 -0.171813 -0.317245 -0.048984
-0.153736 -0.701960 0.161975 -0.073112 0.037881 -0.919263 0.586067 0.289381 -0.819626 -0.816024 -0.107239 0.863651 0.229629 -0.776749 0.136715 -0.023514 0.470204 0.708382 0.094997 0.874285 -0.200833 -0.950435 -0.518114 0.476154 0.310256 -0.337703 0.922374 0.893879 0.668650 0.805532 -0.194821 0.300978 0.167701 -0.009498 -0.749410 -0.253645 0.365073 -0.367616 0.766650 0.057187 -0.999190 0.194967 -0.602579 0.457698 -0.054009 0.357441 0.715712 -0.135761 -0.990078 -0.790248
-0.985409 0.534649 -0.960323 -0.781161 0.681325 -0.271055 0.810966 -0.672082 0.609467 0.489528 -0.311186 -0.025914 -0.136039 0.308610 -0.610214 0.131329 0.085488 0.432384 -0.016504 -0.360950 0.821231 -0.282240 0.776802 0.776055 0.057388 0.723038 0.589901 -0.055814 -0.649084 0.399474 -0.587691 -0.433153 0.011015 -0.073345 -0.488219 -0.604568 -0.990146 -0.164882 -0.514943 0.148770 0.837129 -0.053440 0.787438 -0.921381 -0.338647 0.667084 0.357763 0.902954 -0.797498 0.151378
-0.507155 0.431164 0.458914 0.715861 0.677606 0.697433 -0.469079 -0.748019 -0.203111 -0.138593 -0.005813 -0.979901 0.388454 0.525220 0.739286 0.893261 -0.515087 -0.665314 -0.655908 0.198907 -0.783169 -0.092572 0.725300 -0.237029 -0.582181 -0.888124 -0.600349 -0.989664 -0.709509 -0.622488 0.733400 -0.654270 -0.057308 0.980801 -0.920989 -0.590925 -0.275289 0.742358 0.550555 0.566776 -0.271669 -0.711954 0.794091 0.011922 -0.151385 0.023002 0.189848 0.501046 -0.796882 -0.849156
-0.185063 -0.382296 0.310858 0.043153 0.544373 -0.868257 0.742811 0.032126 -0.365709 -0.252301 0.998645 -0.884689 0.596741 -0.275722 0.959865 -0.375556 -0.343924 0.872176 0.571414 -0.038732 0.559616 -0.853927 0.191035 0.208570 0.614169 0.321040 -0.970760 0.083985 0.237959 -0.003112 0.679015 0.517366 -0.397122 -0.018518 0.878234 -0.211221 -0.095921 0.527349 0.161748 -0.843373 -0.111462 0.292092 0.736732 0.835915 -0.239872 0.467984 0.503289 -0.356623 -0.749513 -0.177308
-0.781031 -0.155974 -0.979389 -0.835479 0.667897 0.636992 -0.801162 0.370782 0.042344 -0.927488 -0.519336 0.792175 0.630210 -0.111540 0.009299 0.274828 -0.621699 0.556542 -0.392570 -0.524145 0.713744 0.174408 0.158081 0.738384 -0.485071 -0.272862 -0.759621 0.344713 0.557241 -0.290420 -0.105163 -0.168489 -0.978765 -0.203365 -0.067811 -0.550838 0.366785 0.728403 -0.284952 0.147158 -0.374747 0.643886 -0.166835 0.152962 -0.256414 -0.035822 0.428144 -0.834187 0.972029 -0.977610
-0.116815 0.065192 -0.405405 0.782186 -0.779581 0.900703 -0.117438 -0.962198 -0.236545 -0.382709 -0.227729 0.318946 -0.959940 -0.468736 -0.801596 -0.134524 -0.852904 -0.876840 -0.314325 0.348981 0.037748 -0.356593 0.138702 -0.332150 0.257649 -0.325670 0.476403 0.915479 0.267366 0.326447 0.428812 -0.226060 -0.404656 -0.637015 -0.890737 0.615342 0.661704 0.767526 -0.676421 0.301217 0.554245 -0.598110 0.211367 -0.658705 -0.026013 -0.158864 0.705264 -0.334459 0.164954 -0.889556
-0.412633 -0.566119 0.578187 0.110859 -0.561237 0.614987 -0.232969 -0.603551 0.301269 0.019274 0.944314 0.694073 0.536375 0.268383 0.984045 0.731246 0.867591 -0.938716 0.251991 -0.534403 -0.343357 -0.206327 0.670220 0.804598 0.316720 -0.643800 0.297203 0.241898 0.583946 -0.482974 -0.511858 0.238514 0.389368 0.241298 0.334331 0.100463 -0.767739 0.695126 0.884644 0.296220 0.822899 0.597077 -0.257233 -0.029072 0.661058 0.430488 0.217424 -0.621926 -0.728335 0.880283
-0.848297 -0.432782 0.036877 -0.581718 0.154130 0.919174 -0.762735 -0.445394 0.511139 -0.113157 0.570660 0.371114 0.142581 -0.788080 0.742832 -0.950226 0.964184 0.179184 -0.061624 -0.447543 -0.880047 0.156122 0.646718 -0.498574 0.010710 -0.544651 -0.291793 0.115138 -0.797992 -0.324970 -0.203604 0.149338 0.827215 0.654358 -0.302434 -0.641357 0.406661 0.392674 0.608385 0.602100 -0.650888 -0.056281 0.653551 0.106473 -0.528171 -0.449216 0.688589 -0.665647 -0.000511 -0.500265
0.361587 0.282034 -0.063644 -0.518026 -0.311564 0.941241 -0.116141 -0.961527 0.139495 0.972468 -0.621917 -0.302994 0.904561 -0.178166 0.586496 0.684981 0.627677 -0.758340 -0.494569 0.785328 0.745920 0.115501 -0.877570 0.017131 0.895388 -0.591493 -0.280733 -0.363200 0.982041 0.554430 0.653390 -0.905126 -0.315162 -0.484026 0.312498 -0.708660 0.670971 -0.250556 0.722218 0.591218 0.585574 0.203138 0.746475 -0.665363 0.887308 0.057738 -0.576216 0.981167 -0.210641 0.015025
-0.306970 0.408550 0.312953 0.724808 -0.275890 0.257246 -0.645001 -0.440776 -0.781223 -0.326637 -0.583515 0.139623 0.768660 -0.225340 0.465829 0.808365 -0.778553 -0.929250 -0.951899 0.264739 0.284097 -0.029749 -0.355991 0.236537 0.997666 -0.343018 -0.510931 0.109972 -0.081906 -0.762364 0.675489 0.540437 0.730160 0.202461 0.766929 0.526479 -0.128439 0.227365 -0.954283 -0.281319 0.174590 -0.232070 0.497139 0.117379 0.809485 -0.524774 -0.901446 -0.100284 0.872336 0.336427
0.111182 0.646307 0.330853 0.610840 0.803627 -0.217638 0.962093 0.496617 0.196941 0.359349 0.950502 0.105156 -0.908511 -0.399130 -0.025035 -0.509879 -0.471921 -0.991665 0.269368 0.043588 0.214685 0.822312 0.070726 -0.572454 -0.599484 0.726544 0.071596 0.210008 0.032731 -0.428466 0.106712 0.524394 -0.065782 0.517713 -0.935490 0.006868 -0.481265 -0.125799 0.303204 0.871222 0.249465 0.446082 -0.605288 0.641430 -0.572440 -0.385635 -0.056939 -0.891552 -0.635724 0.216083
-0.334997 -0.466925 -0.314642 0.139953 0.449447 0.118113 0.834821 0.017732 -0.973591 0.079222 0.523399 0.925806 0.341773 -0.508705 -0.079163 -0.136315 0.711210 -0.084977 -0.321938 -0.546127 0.890448 -0.571417 -0.438387 -0.822327 -0.635026 -0.841847 -0.027231 0.858276 -0.337001 0.888791 0.010564 0.874327 0.126751 0.922752 -0.493948 0.221681 0.199474 0.830569 -0.138542 0.009284 0.393310 0.406656 -0.861434 0.208707 0.256631 -0.233029 0.554370 0.901127 -0.112423 0.019120
-0.841975 0.378049 0.224840 -0.094994 -0.038335 -0.971477 -0.830382 -0.858485 -0.476959 -0.566121 -0.375072 0.889291 -0.067142 0.327994 0.208190 -0.222662 0.064428 -0.598415 0.738798 0.511259 -0.182981 -0.904174 0.088938 -0.644827 -0.629241 0.022971 -0.313896 0.695678 -0.536622 0.145307 -0.861525 -0.254987 -0.722219 -0.393547 0.396211 0.678442 0.064245 0.495715 0.699497 -0.826296 0.339817 0.657636 0.680399 -0.516731 0.434403 0.963799 0.864486 -0.879441 -0.378560 0.021812
-0.418190 -0.566569 0.377888 -0.818813 -0.095934 0.901699 0.657539 0.987436 -0.046779 -0.405962 0.566969 -0.683824 -0.320883 -0.970419 -0.509346 0.065623 0.938201 0.663607 -0.285553 -0.942691 -0.282891 -0.213083 -0.361265 -0.758627 0.374754 0.934787 0.017958 0.769619 -0.179955 -0.580901 -0.011808 -0.610812 0.633708 0.695973 0.002324 0.770701 0.265779 -0.295869 0.009389 0.957753 -0.982688 0.419084 -0.356715 0.494550 0.244380 -0.297617 -0.307458 -0.426755 0.027755 0.214469
-0.129031 -0.950451 -0.121800 0.555223 -0.512186 0.031703 0.940111 0.532040 0.135444 -0.303969 -0.102202 -0.459441 -0.924126 0.166457 -0.304260 0.800258 -0.133850 0.844137 -0.852529 -0.263723 0.179103 0.669735 0.537370 0.599838 0.490459 0.670161 0.111307 0.015032 -0.834967 -0.585935 0.763631 -0.364048 0.810095 0.745892 -0.592760 0.816602 -0.790229 -0.767333 0.669701 0.046499 -0.726497 0.923074 0.310733 -0.789593 -0.657257 0.830132 0.573952 -0.863390 0.741615 -0.979323
-0.664811 -0.500918 -0.715896 0.666683 0.962738 0.995087 -0.423167 0.488438 -0.821278 -0.233522 -0.806008 -0.468241 0.141018 -0.940282 -0.490061 0.598712 0.118333 0.541403 0.384080 -0.709846 -0.649988 0.998324 -0.036019 -0.366370 0.773244 -0.608031 0.847855 0.955548 0.203212 -0.567635 0.065103 -0.919646 0.345411 0.994194 0.424242 -0.880131 0.222136 -0.916215 -0.259236 -0.500197 -0.724255 0.073535 0.820113 -0.355756 0.754698 -0.336538 -0.078687 0.227963 0.346634 0.026539
0.776116 0.521899 -0.727483 -0.827391 0.989118 -0.791614 -0.572677 0.096230 -0.928119 0.535621 0.216888 -0.634954 -0.396044 -0.191315 0.591937 -0.423822 0.870827 -0.778688 0.279942 -0.706393 -0.117973 0.409439 -0.004648 0.150882 0.740188 0.515428 0.469089 0.127712 0.546085 -0.800298 -0.293378 -0.109245 0.271732 -0.880186 -0.143793 -0.569344 -0.254865 0.038121 0.554870 -0.676440 -0.747834 -0.053519 0.755165 0.136742 -0.236012 -0.540468 -0.678268 0.737050 0.066531 -0.539711
0.256420 -0.555695 0.420869 0.907391 0.141992 0.704395 0.631109 -0.124821 -0.659741 0.006412 0.282981 0.936155 0.430433 0.556648 0.569282 0.413456 -0.865686 -0.713862 0.987372 0.052195 -0.214659 -0.477245 -0.287336 0.238821 -0.459347 0.891521 0.114740 0.358005 0.335665 0.690037 0.984397 -0.589611 -0.590418 0.905811 -0.436876 0.222692 0.168522 -0.521963 -0.663978 0.882153 -0.776607 0.633670 0.489923 -0.910601 -0.129755 -0.032349 -0.870151 0.694035 -0.708314 0.336070
0.768066 -0.694465 0.228921 -0.212345 -0.705443 -0.019762 0.736457 -0.648590 0.124077 -0.023022 -0.649396 -0.726063 0.159006 -0.189973 0.506218 -0.843094 -0.611355 -0.326137 0.138451 -0.504678 0.579162 0.747232 0.689487 0.918807 -0.989994 0.122612 0.096231 -0.668870 0.977593 0.146444 0.194219 -0.527891 -0.624687 0.457484 -0.037962 0.751909 -0.436237 -0.410741 0.889174 -0.054224 -0.485167 0.190267 -0.578596 0.978360 -0.314033 -0.586725 0.052276 0.390458 0.140645 0.628835
0.030146 -0.118324 -0.866874 -0.890550 -0.322097 -0.791376 0.316287 -0.272880 0.631988 -0.387385 -0.927821 0.284745 -0.654298 0.024226 0.516134 0.310202 0.947203 0.403808 0.842126 0.044242 0.301125 0.569628 0.257891 0.666195 0.218893 -0.216308 -0.795562 0.374494 0.727328 0.951374 0.659709 0.778753 0.131448 0.257198 -0.271920 -0.744963 -0.335100 -0.021700 0.674788 0.117426 -0.127272 0.831464 -0.134602 0.288832 0.804803 -0.409362 0.432053 0.566739 -0.987889 -0.576553
-0.920793 -0.221868 0.438253 -0.548090 -0.274209 0.921098 0.989579 0.821829 0.514882 0.714269 -0.095498 -0.859075 0.431888 -0.083796 0.695509 -0.094643 -0.555680 0.197496 0.256670 -0.291046 0.786443 0.717398 -0.162604 -0.815490 0.663165 0.867270 -0.120319 0.502729 0.248382 0.310363 0.548707 -0.609368 0.698010 0.133796 0.272896 -0.253659 0.087936 0.891537 -0.125128 0.375686 -0.966337 0.081397 0.867004 0.394667 0.632025 0.316691 -0.537668 0.834120 -0.298634 0.566619
-0.534027 -0.062372 -0.980513 0.425622 0.995417 0.883122 -0.333150 0.276880 0.408117 0.918148 -0.773805 0.851469 0.093142 -0.372434 -0.369657 -0.033601 0.346659 -0.546661 -0.767358 -0.040531 0.057469 -0.371501 -0.634921 0.070426 -0.353573 0.156614 -0.222686 0.290970 -0.295625 -0.499722 -0.615778 -0.556839 -0.019359 -0.532219 0.534648 0.197065 -0.130954 0.480299 0.512140 0.569410 0.506224 0.018606 -0.685155 -0.049205 -0.802683 -0.523302 -0.507085 -0.449527 0.973310 -0.688561
0.409257 0.369746 0.992545 -0.427600 -0.088863 -0.895750 0.499008 0.781282 -0.253236 -0.433176 -0.354837 0.498965 -0.318810 -0.888350 0.929536 0.370765 0.121093 -0.290850 0.279399 0.831665 -0.774166 -0.770544 -0.666958 0.668878 -0.166395 0.263131 0.264473 -0.045577 -0.280731 -0.466330 -0.877372 0.969177 -0.829440 -0.917160 0.934780 0.601845 -0.553641 -0.281375 -0.572966 0.022204 0.123841 0.746533 0.928555 -0.291585 0.611454 0.556431 0.111167 0.932859 -0.317760 0.402833
0.462260 -0.624666 -0.015081 0.953619 0.800753 -0.274498 -0.492596 -0.270725 0.364386 -0.251207 -0.409254 0.579756 -0.069110 -0.782833 -0.750998 -0.500460 -0.119538 0.751839 0.469470 0.060654 0.141604 0.550631 -0.144927 0.682254 0.338897 -0.184060 -0.858880 -0.274644 -0.030827 0.723709 0.768123 0.273587 -0.692993 -0.530729 0.312478 0.715004 0.910451 -0.362699 0.236155 -0.471272 0.464357 0.711079 0.394556 -0.568654 0.924547 0.207481 -0.802012 -0.712328 -0.313732 -0.596966
0.187272 -0.191701 -0.394540 -0.138410 0.043131 -0.319270 0.770889 -0.544838 -0.317250 -0.559566 0.885432 0.092774 0.493864 -0.431989 0.016366 -0.681582 0.228781 -0.552640 -0.497757 0.008631 0.589712 0.763620 0.515009 -0.500146 -0.601343 0.771952 0.797362 0.395864 -0.805627 0.776763 0.157471 -0.278314 -0.017114 0.739700 -0.036970 -0.353868 -0.794414 -0.973202 -0.864502 0.458858 -0.260715 0.768105 0.666213 -0.186189 -0.665932 0.440476 -0.945499 0.550742 0.656382 0.966308
0.638474 0.544875 0.520370 -0.254720 -0.155910 -0.835937 0.544468 -0.058604 0.293069 0.539326 -0.078394 0.543001 -0.470201 -0.073123 0.337216 -0.177206 0.083567 0.925770 0.793262 0.603668 0.996748 0.942341 0.490638 -0.995198 0.404389 -0.129300 0.222061 -0.283682 0.747878 0.902334 0.585549 0.481355 -0.674870 -0.499342 0.148601 0.547567 -0.237046 0.794731 0.892721 0.869041 -0.127759 0.690926 0.564376 -0.582009 -0.526594 0.581485 -0.196532 0.549004 -0.109369 0.155367
-0.030467 0.959950 -0.647092 -0.208722 0.350236 0.125856 -0.611110 -0.127016 0.938864 -0.380228 -0.291766 0.204076 -0.761699 -0.474520 0.891282 -0.067346 0.115812 -0.934053 -0.422083 0.880795 0.295266 -0.625919 -0.984496 0.281177 0.505772 -0.482705 0.911842 -0.176587 -0.521947 -0.744859 -0.322334 -0.252055 0.229059 -0.871293 -0.763826 0.521844 -0.311397 0.767236 -0.988348 -0.311713 0.702754 -0.708446 -0.728080 -0.025392 0.246428 0.752012 -0.026368 0.698181 -0.856021 0.607489
0.410156 -0.336740 0.429308 0.063466 -0.213351 -0.373128 0.485861 0.837133 -0.213712 -0.396070 -0.746000 -0.259267 -0.214878 0.664143 -0.845965 -0.262601 -0.151122 0.607460 0.243951 0.397138 -0.884626 0.536834 0.527115 -0.319793 0.384422 -0.230382 0.040822 0.996816 0.946749 0.881265 -0.998189 -0.873247 0.285055 -0.796450 -0.051046 0.243295 0.915364 -0.000040 0.970499 0.802229 0.881379 0.234500 0.590077 -0.810868 -0.887083 0.376921 0.167291 -0.670660 0.137980 0.083209
-0.523609 0.168864 -0.305645 0.896464 0.863251 -0.935582 0.164524 -0.146736 0.770633 0.590740 -0.353302 -0.973750 -0.265910 0.841271 0.570711 0.463191 0.760057 0.151244 0.598766 0.569714 -0.839333 -0.572005 0.458344 0.081373 0.866332 -0.752072 -0.150206 0.223619 0.820334 -0.209357 0.819432 -0.933642 -0.928957 0.761736 -0.905439 -0.998030 0.605216 -0.595929 -0.182360 0.805486 0.623744 0.357080 -0.896573 0.882885 0.200889 0.002733 -0.697527 0.895971 -0.208106 0.175501
-0.310592 0.248788 0.046355 0.554047 -0.707075 -0.089760 -0.860113 0.546398 0.603361 -0.514241 -0.076597 -0.738411 0.511736 -0.925642 0.799789 -0.762010 -0.824065 0.252048 0.577908 0.167664 0.651273 -0.059085 -0.704887 0.030367 0.247814 -0.012560 0.001172 -0.815909 -0.797572 -0.151166 0.961724 -0.907521 0.565251 0.581569 -0.692563 0.516168 0.419232 -0.270439 0.802448 0.869599 0.128558 -0.889854 0.620665 0.328186 0.350629 0.416441 -0.339107 -0.352394 -0.602782 0.277330
0.130124 0.972848 0.122792 0.579951 -0.521173 -0.434408 -0.955638 -0.125361 0.673006 -0.650611 0.092533 -0.291654 0.552746 0.139972 -0.167745 -0.352731 -0.605308 -0.814108 -0.561175 0.928766 0.178889 -0.123300 -0.007175 -0.861057 0.906819 0.675944 -0.852613 -0.091060 -0.369312 -0.870369 -0.977964 -0.291479 0.744079 0.582489 -0.867649 -0.150039 -0.166694 0.773247 -0.391727 -0.576067 -0.228494 0.672841 0.777106 -0.870896 -0.568263 -0.670116 0.658368 0.316060 0.264647 0.605825
-0.315926 0.254335 -0.035687 -0.905997 -0.362950 0.886451 0.303343 0.639793 0.979933 -0.890893 0.429623 0.703235 0.902964 0.038790 0.317388 0.837762 0.131769 -0.032599 0.872697 -0.724131 -0.760647 -0.164760 -0.314189 -0.369070 -0.324434 0.244074 -0.774297 -0.669855 0.206856 -0.657319 0.005012 -0.743313 0.536039 0.102386 0.379091 -0.718127 0.501590 0.676118 -0.363739 -0.852234 0.208056 0.753370 -0.114429 0.160170 -0.261664 -0.211148 0.190532 0.114467 0.852302 -0.889354
0.447974 0.088197 0.867336 -0.429555 0.398010 0.019313 0.662758 0.144496 0.988826 -0.103985 -0.170286 0.894798 0.513395 0.118556 0.509714 0.898034 0.115613 -0.685605 -0.363712 0.230205 -0.778622 0.434611 0.601489 0.784363 0.422899 -0.716969 0.406489 -0.854103 0.780454 -0.261035 -0.626127 0.776695 0.115926 -0.047666 0.582917 -0.770303 0.299532 0.793980 0.365995 0.787774 0.379707 -0.928939 -0.802489 0.577347 -0.617288 0.290234 -0.816535 0.601048 0.615434 -0.623673
0.873313 0.230821 0.376877 -0.807584 -0.976656 -0.734448 -0.691525 -0.307104 -0.495798 -0.891805 0.963333 -0.703555 0.312032 -0.790493 0.746320 0.549809 -0.731114 -0.550150 0.021103 -0.323588 -0.258526 0.253239 -0.594923 -0.307658 0.641254 -0.413651 0.341642 0.396128 0.730951 0.602484 -0.717000 -0.057661 -0.075430 0.496905 0.757988 0.229141 0.125860 -0.904945 0.028637 0.403934 -0.869865 -0.750973 -0.158773 0.443142 -0.820198 0.031930 0.459440 -0.287917 0.591184 -0.212338
0.507647 0.774656 0.596003 -0.229880 -0.035319 0.225385 -0.784352 -0.683029 0.951168 -0.520388 -0.869196 0.511386 -0.466244 -0.522668 0.653272 0.761145 0.654591 0.794623 0.192497 -0.988503 0.098922 -0.701986 -0.222807 -0.936573 -0.029808 0.670282 -0.902016 -0.711425 0.189829 -0.348756 0.964021 -0.782864 -0.328195 0.165237 0.765176 -0.158260 0.516831 0.517461 0.129247 0.536362 -0.498790 -0.543121 0.575890 0.444052 -0.832720 -0.570809 -0.345647 0.585072 0.146790 -0.173740
0.845175 -0.718754 0.096619 -0.234380 -0.512107 -0.476673 -0.472782 0.262843 0.065246 -0.929592 0.980645 0.794407 -0.231661 -0.672537 -0.579192 -0.942794 -0.152612 -0.172151 0.783842 -0.720956 -0.097852 0.637006 -0.669793 0.685492 -0.362718 0.258007 0.825978 -0.291560 -0.975403 0.417779 0.391358 -0.980894 -0.889440 -0.757786 -0.591589 0.391691 0.868143 -0.824706 -0.608947 0.991958 -0.050968 0.432650 0.974573 0.194545 -0.294926 0.497353 0.797280 0.789537 -0.028388 -0.317162
-0.851164 -0.903578 0.383937 0.326968 -0.987035 -0.418642 0.187893 0.639433 0.330200 0.026484 0.879081 0.756275 -0.043460 0.013139 -0.900610 0.250218 -0.905191 -0.851316 -0.780533 0.031866 0.278996 0.006823 0.677850 0.187736 -0.644722 -0.846390 0.927756 -0.346569 0.478707 0.322214 -0.589694 0.933514 -0.643725 -0.699955 -0.798389 -0.212994 -0.311455 0.488264 -0.724694 0.076173 0.285190 -0.159124 0.174802 -0.308474 -0.541671 0.706510 -0.126848 -0.701368 0.074571 -0.333020
0.287671 -0.197177 -0.813051 0.319827 -0.164227 0.654091 0.202989 -0.808193 -0.361097 -0.773523 -0.685218 0.428039 0.871787 0.656250 -0.652295 0.001198 0.262726 0.151394 -0.666962 -0.077578 -0.608479 0.579127 -0.911736 -0.868213 0.129485 0.280887 0.973390 0.096333 -0.351045 0.696711 -0.223597 0.035320 -0.480868 -0.200826 0.575966 -0.565051 0.606502 0.813181 -0.835816 -0.078306 0.732578 0.918133 -0.147876 0.500928 0.060491 -0.502155 0.361627 -0.682851 0.701355 -0.326268
0.629364 0.932553 -0.714787 0.620679 -0.776750 0.102522 -0.912408 0.100989 -0.823000 0.791119 0.576497 0.956225 -0.008622 -0.119800 -0.120305 0.647544 0.755285 0.205550 0.920514 0.799148 -0.167099 0.485401 -0.355571 0.183725 -0.675258 0.123724 -0.806819 -0.144690 -0.399465 0.933605 -0.240923 -0.146347 0.269619 -0.516731 0.987069 0.927804 0.806288 0.985913 -0.075762 0.282926 0.614773 -0.082227 -0.141329 0.894080 0.944971 -0.923643 -0.683904 0.575399 -0.770784 0.406270

Bias v0 (Oculta):
0.937328
-0.692152
-0.097857
0.464932
0.821353
0.071630
0.510391
0.911048
0.555468
-0.826440
0.312190
0.402243
-0.444083
-0.674085
-0.435917
0.170463
-0.443724
0.309645
-0.972741
0.883542
-0.236917
0.229230
0.802844
-0.220920
0.656206
0.912856
0.263288
0.032268
-0.528150
-0.251813
-0.959770
-0.611350
-0.842275
-0.634072
-0.910470
0.047799
0.684459
-0.564631
-0.136879
-0.696245
0.341819
0.638431
-0.163182
-0.492086
0.265974
-0.714100
0.066652
-0.978129
0.467906
-0.297554

Pesos w (Oculta -> Sa獮a):
-0.006229 0.041377
-0.398087 -0.818953
-0.240656 -0.675481
0.295425 -0.821071
-0.534125 -0.457538
0.511000 -0.634574
0.083280 -0.986740
0.594960 -0.617885
-0.482924 -0.282425
0.393186 -0.453983
-0.694332 -0.798934
0.818470 -0.986635
0.114169 -0.235978
-0.864641 0.653112
-0.121926 0.058823
0.083401 0.965832
-0.132480 -0.855684
-0.799407 -0.289782
0.014327 -0.536231
-0.016303 0.673156
0.695082 0.798330
0.926856 -0.673810
0.619438 -0.149399
0.650037 0.079790
0.862667 -0.009362
0.651170 -0.939611
0.003637 -0.408697
-0.419434 0.622220
0.049397 -0.848526
-0.713212 0.196217
-0.737373 -0.917206
0.729107 -0.576261
-0.169839 0.966058
-0.340730 -0.503011
-0.056329 0.228430
0.284616 0.164254
0.146349 0.134343
0.730550 -0.074704
0.831374 -0.130039
-0.324539 -0.467743
0.172305 -0.815135
0.566183 -0.480477
0.439039 0.431939
0.686001 -0.432876
-0.799084 0.637122
-0.576902 0.004616
0.648770 0.585802
0.567725 -0.569850
0.028232 0.869482
-0.926842 -0.968166

Bias w0 (Sa獮a):
0.558556
-0.263471
