Pesos v (Entrada -> Oculta):
0.337216 0.024676 -0.063387 -0.067755 0.971990 -0.920843 -0.768795 -0.691935 -0.481101 0.620539 -0.554516 -0.349213 -0.651192 -0.299962 -0.478145 -0.666728 -0.793764 0.821125 0.919607 -0.975571 0.960465 0.258514 -0.798503 -0.975623 -0.295550 0.933262 -0.054385 0.662752 -0.483079 0.113599
-0.453570 -0.586511 0.858232 -0.347553 0.424779 -0.321162 -0.191668 -0.952888 -0.631864 -0.486399 -0.824103 -0.315033 -0.918967 -0.744089 0.073261 0.788268 -0.086852 -0.180892 -0.204190 0.541035 0.669850 -0.598789 0.488657 -0.791164 -0.727107 -0.912202 0.516742 -0.800853 0.131931 -0.135198
-0.233441 0.052079 0.549385 -0.357971 -0.372999 0.425817 0.446934 -0.282180 0.504428 0.065169 -0.289253 0.463378 0.555955 0.836926 -0.983518 0.593358 0.928631 -0.928379 -0.037271 -0.914496 -0.408912 -0.120648 -0.828955 -0.888850 0.272555 0.838252 -0.351606 -0.708917 -0.161722 0.694237
-0.151046 -0.710511 -0.639846 0.352792 -0.869012 0.937684 0.179649 0.311179 -0.581113 0.027319 -0.187277 -0.863073 -0.551005 -0.060891 0.453745 -0.757583 -0.084988 0.544345 0.358872 0.835044 0.225773 -0.850016 0.382653 -0.662127 0.584109 -0.319558 -0.408928 -0.838932 -0.064283 -0.786446
-0.221875 0.731778 0.851148 -0.419262 0.856056 0.156947 0.788499 0.875796 0.138654 -0.691525 -0.110238 0.771886 -0.290629 -0.949024 -0.568233 -0.141934 -0.527753 -0.778247 0.419638 0.006695 -0.760864 -0.552364 0.541231 -0.236593 0.976854 -0.319866 -0.906552 -0.840075 -0.096150 -0.371849
-0.741266 -0.277062 0.113263 0.904300 -0.265493 0.979625 -0.963083 0.958985 -0.590884 0.228200 -0.760773 0.719077 -0.602099 -0.538620 -0.965997 0.484929 0.752271 -0.207958 0.986262 -0.708248 -0.842739 -0.041951 -0.947764 0.380955 -0.203203 0.873854 -0.965750 0.376796 -0.363522 0.015563
0.970295 -0.458353 -0.752671 0.115886 0.836296 0.459933 0.545636 0.702107 -0.045719 0.121706 0.563204 -0.883844 -0.701618 -0.814250 -0.129165 0.623875 0.248983 0.889879 -0.533913 -0.686784 -0.803707 -0.788731 -0.494157 -0.135464 0.072499 0.149127 -0.412757 0.891104 0.222376 -0.970211
0.986514 0.002649 -0.443206 0.716643 -0.909646 0.881096 0.946304 0.163495 -0.092918 0.477688 0.306355 0.072300 0.314273 0.106544 -0.871089 -0.294812 -0.501279 0.828947 -0.378256 0.469907 -0.628374 0.583883 -0.765193 -0.348528 0.418158 0.498085 0.363651 0.889794 0.913757 -0.604612
-0.477698 0.349148 -0.173254 0.167086 0.986704 0.117306 -0.856545 -0.213234 -0.649269 -0.327287 -0.853973 0.261226 0.619197 0.042567 0.877874 0.606800 -0.383813 -0.584526 0.995161 0.012168 0.930223 -0.580259 0.439010 -0.478603 -0.343568 0.325251 -0.326426 -0.710549 -0.717336 -0.897412
-0.167240 -0.277213 0.764072 0.637523 0.785773 -0.889241 0.371855 0.100773 0.567978 0.547777 0.205458 -0.290983 -0.245506 0.739391 0.744487 -0.129797 -0.847171 0.255829 0.422069 0.905109 -0.556336 -0.310257 -0.893071 -0.625316 0.046597 0.252531 -0.080409 0.797609 0.599183 -0.693144
0.519431 0.063227 0.846221 -0.704979 0.068490 -0.951890 -0.718305 0.737026 0.163896 -0.502708 0.622328 0.227640 -0.492192 -0.140183 -0.212526 -0.192946 -0.793976 0.953425 0.355711 0.954297 -0.883067 0.545902 0.404934 0.878023 0.083626 0.930637 0.702433 -0.935579 0.961768 0.979290
0.470030 -0.250509 0.003090 -0.074742 -0.082628 0.864820 -0.098273 0.042616 0.979920 -0.891892 -0.601371 0.246943 0.857993 -0.555692 -0.673827 -0.375669 0.792644 0.389504 -0.001055 0.685643 0.743508 0.556040 0.365633 0.679777 0.004445 0.263993 -0.539090 -0.535254 -0.287645 -0.936616
-0.168581 -0.510417 -0.073161 0.585903 0.348623 0.812539 0.612808 0.311680 0.289538 -0.587793 0.303594 0.354957 -0.227181 0.554514 0.558900 0.934249 -0.284545 0.414939 0.964184 0.782002 -0.694494 -0.646077 -0.731377 0.586526 -0.918361 -0.317376 0.727625 -0.946530 0.588611 -0.007118
-0.200460 -0.966593 0.263476 -0.984899 -0.022542 -0.602686 0.431216 0.919494 0.156467 -0.404954 -0.043262 -0.235040 -0.076249 0.871111 -0.572235 -0.936144 0.023026 -0.830020 0.991308 0.195267 -0.086698 0.932155 0.326415 0.950149 -0.520563 0.044494 0.806808 0.956078 0.819437 0.076020
0.345335 0.510700 -0.826102 -0.098125 -0.485356 0.050495 0.061213 -0.764731 -0.336448 -0.633357 -0.147095 0.232413 0.299995 0.431083 -0.906089 0.975661 0.147273 -0.179182 -0.283837 -0.322697 -0.716687 -0.514568 0.081016 -0.225071 -0.432437 0.540989 -0.918564 0.489519 -0.920030 0.630128
0.851894 -0.774544 -0.578016 -0.967093 -0.744815 0.525582 0.727257 0.832987 -0.215181 -0.561560 -0.483324 -0.479339 0.649840 0.542090 -0.360154 -0.796860 -0.764555 0.615324 -0.060912 -0.684169 -0.417964 -0.153623 -0.131575 -0.216845 0.545442 0.640545 0.425494 0.048315 0.312423 -0.806108
0.605151 -0.877618 -0.039560 0.376200 0.676237 -0.485395 0.752226 -0.592953 -0.950308 0.273301 0.798319 0.258745 0.919687 0.714868 0.073887 -0.073743 0.617139 -0.008168 0.817229 -0.934177 0.956062 -0.312893 0.431763 -0.242529 -0.929237 -0.721579 0.238866 -0.913664 -0.126093 0.840459
0.157849 -0.599806 -0.637999 0.364965 0.997657 0.293226 0.546263 0.354842 0.187082 0.400809 0.700921 -0.492999 0.397892 -0.191684 -0.384570 -0.805750 0.653431 -0.890987 -0.262320 0.812318 0.187317 -0.155742 0.113032 0.115714 0.777063 -0.281697 -0.050363 -0.691534 -0.701179 0.785908
-0.359879 -0.694882 -0.686691 -0.518270 0.054081 -0.299061 0.085543 0.646350 -0.282802 0.767909 -0.538504 -0.282262 0.174518 0.650254 0.713764 -0.174135 -0.190499 0.274387 0.220166 -0.885095 0.980019 -0.725453 -0.796038 -0.950650 -0.415119 -0.114494 0.206507 -0.397559 0.263814 0.840862
-0.574903 0.525712 -0.548573 -0.360618 0.650472 0.553471 0.136107 -0.014149 -0.356407 -0.359849 -0.741366 -0.751461 0.315241 -0.692757 0.433672 -0.773783 -0.551676 -0.336553 0.134368 -0.370025 0.125599 -0.141152 0.145674 -0.683375 0.435291 -0.605785 -0.784936 0.877907 -0.476423 -0.396972
0.030859 0.207238 -0.581495 -0.649245 0.155778 0.442629 0.847504 0.460466 0.408334 -0.449825 -0.052693 -0.283234 -0.440842 0.592637 -0.074417 -0.388662 0.352445 0.573090 -0.464625 0.570935 0.138421 0.746930 0.806002 -0.161229 -0.469163 0.890302 -0.264106 -0.215997 0.449966 -0.450279
-0.667235 0.820303 0.009476 -0.046324 -0.617857 -0.218700 0.637868 -0.459631 -0.473418 0.637353 0.914570 0.288701 -0.445393 0.683583 0.029563 0.986755 0.349553 -0.683788 -0.703714 0.933350 0.794779 -0.074246 0.465940 -0.986360 0.092068 -0.515171 0.800553 0.296960 -0.904729 -0.180181
-0.896814 -0.766079 0.795663 0.349655 0.987984 0.283076 -0.236933 -0.649424 -0.461745 0.082433 0.992171 -0.821939 0.956136 0.550766 -0.104260 0.785768 0.810642 0.397721 -0.036231 0.441935 0.843165 -0.246852 0.926322 -0.524908 0.735089 0.691584 0.150412 0.860852 -0.480543 0.041641
0.962681 0.578906 -0.023343 0.768387 -0.566271 0.242717 0.559818 -0.083077 0.329886 0.031432 0.001907 0.771947 0.425468 -0.860768 0.980789 -0.371140 -0.662310 0.519113 -0.337820 0.619482 0.872478 0.555566 0.770472 -0.607685 0.703654 0.614253 0.039263 -0.553712 0.370606 -0.424514
0.665357 0.721016 0.077137 0.148315 0.047334 -0.056489 0.575692 -0.586826 -0.898189 0.901287 -0.466864 0.424835 -0.378551 -0.296063 -0.655833 -0.097096 -0.057190 -0.840321 0.155887 0.402517 -0.056694 0.174660 -0.084696 0.815782 -0.389329 -0.737846 0.439942 -0.224926 0.802052 0.476033
-0.001023 0.898945 0.705127 0.657012 -0.217225 -0.657877 0.395402 0.271531 -0.104776 -0.779919 -0.006361 0.613867 -0.579679 -0.966059 -0.651474 -0.529919 -0.403554 -0.391194 -0.561572 -0.024522 0.971968 0.403314 0.445028 -0.685274 0.987788 -0.687578 0.645351 -0.461674 0.359503 -0.743179
-0.049868 -0.949299 0.890950 -0.767492 0.504590 0.282415 -0.132495 0.506189 0.663060 -0.653926 0.188136 0.421469 -0.322097 0.150301 -0.531034 0.325847 -0.077042 0.911956 -0.654835 -0.809567 0.023889 0.951796 -0.234531 0.573688 -0.583732 0.799179 0.177551 -0.967482 -0.052714 0.738907
0.522068 -0.278929 0.997750 -0.476862 0.753378 -0.432823 -0.561960 -0.064113 -0.496454 0.627000 -0.317054 -0.364077 0.823861 0.012230 -0.508529 -0.549298 -0.665541 0.827296 -0.885632 -0.422570 0.406527 0.590162 -0.410996 0.650031 0.287320 -0.756021 0.393729 -0.563645 0.443441 -0.488165
-0.668984 -0.891931 -0.502138 -0.604670 0.623676 0.466957 0.760984 -0.189837 0.579791 -0.732547 -0.744608 -0.404260 0.272464 0.855679 0.242476 -0.912190 0.228920 0.033865 -0.911673 0.110846 0.153193 -0.089008 -0.772447 0.415101 -0.281067 0.094865 0.171436 -0.626459 0.962344 -0.449650
-0.333864 -0.516544 0.766539 -0.127167 -0.053317 -0.059919 -0.300748 -0.940355 0.403038 0.616216 -0.030725 -0.234161 -0.976012 0.779561 -0.454439 -0.972098 -0.215024 -0.639685 -0.929507 0.019423 0.655711 -0.543759 -0.338079 -0.812896 -0.852122 -0.317703 0.144094 0.567405 0.373940 0.157450
0.645057 -0.150841 0.561392 -0.549256 -0.404467 0.955298 0.403757 -0.187204 0.533948 0.641420 -0.461820 -0.566785 -0.387128 -0.178491 -0.424089 -0.577623 -0.481371 -0.608031 0.273002 0.352218 -0.241175 0.325739 -0.667635 0.503227 0.403981 -0.338031 0.581122 0.749418 0.563034 0.361923
-0.450656 0.980751 -0.946144 -0.375246 0.916642 -0.186753 -0.171925 0.629910 0.010198 0.646477 0.818992 -0.064847 -0.259555 0.254393 -0.400659 0.303290 -0.097351 -0.997970 -0.459935 -0.405662 -0.072681 -0.765542 0.443231 -0.909932 -0.537111 0.289684 0.766927 -0.104405 0.992477 0.510235
-0.800260 0.472506 -0.374298 0.059730 0.360828 -0.546194 0.039899 0.061104 0.418619 -0.545856 -0.768571 -0.212686 -0.995981 0.732226 0.845774 -0.702322 0.931588 -0.046110 0.862028 -0.182625 0.710724 -0.317392 -0.022414 -0.642982 -0.373229 -0.521534 -0.791651 -0.400812 -0.510502 -0.135769
0.056026 0.874276 -0.835545 -0.727926 -0.297361 0.582122 -0.829845 -0.432179 -0.560901 0.738148 -0.417334 0.083651 0.997694 0.986265 -0.954320 -0.279303 -0.868491 -0.983233 -0.158712 -0.600166 -0.962028 0.528870 0.078258 -0.423189 0.029546 -0.435619 0.579221 -0.874110 -0.378193 -0.582091
-0.777801 0.411758 0.533389 0.085999 -0.837592 0.205958 0.470568 0.367450 -0.284492 0.190444 0.006811 0.949592 -0.914141 -0.758950 -0.364428 -0.864974 -0.586208 0.663190 -0.799595 -0.692557 -0.890930 -0.008559 0.617123 0.158788 0.357039 -0.739368 -0.907835 0.697825 0.780537 0.056663
0.173645 -0.959334 -0.867284 -0.195994 -0.629706 -0.593686 0.953114 0.356126 0.910169 0.507451 -0.699784 0.044075 -0.122009 0.282799 0.057129 -0.120568 -0.967196 0.642623 0.709826 0.968532 0.588637 0.296205 -0.568674 0.410143 0.752546 -0.444801 0.107857 0.882901 0.019320 -0.895810
-0.259131 0.250011 -0.375683 0.151148 0.544842 0.574275 -0.400786 0.975719 -0.236669 0.878452 0.327763 -0.080012 0.660585 -0.588206 -0.364628 -0.055111 -0.549821 0.003314 -0.885317 0.098591 0.826696 -0.445063 -0.748989 0.538028 0.405411 -0.135976 -0.027776 -0.506300 -0.342386 0.935006
0.430233 -0.735620 0.803774 -0.808057 -0.228860 -0.370882 -0.807276 0.894625 0.555749 0.536832 0.645009 -0.709029 -0.120540 -0.996648 -0.228871 -0.940479 -0.681174 0.305421 0.666782 0.718199 -0.068026 -0.398418 0.894537 0.201952 0.066139 -0.211636 0.758256 0.039649 0.364929 0.113039
-0.837504 0.340776 0.400549 0.252113 0.099546 0.448796 -0.232647 -0.248032 0.230235 0.590946 0.101117 -0.313942 0.454644 -0.471174 -0.264947 0.258029 -0.422073 -0.651656 0.790799 0.607487 0.593192 0.693326 0.570557 -0.126401 -0.873380 -0.127767 -0.727353 -0.872906 -0.018185 0.843189
0.638934 0.604456 0.099224 0.282728 0.026543 0.844584 -0.660417 0.836331 0.501027 -0.105750 -0.142828 0.205646 0.650971 -0.422415 -0.165664 -0.243308 0.221611 -0.057644 -0.586145 -0.739527 0.947964 -0.563122 -0.870404 -0.846355 -0.036108 -0.893024 0.499507 0.895582 0.575922 0.007939
-0.022378 0.521996 0.074493 0.246002 -0.243047 -0.093018 -0.752493 -0.885617 0.176374 -0.759883 0.447261 -0.823710 -0.435035 -0.843780 0.050299 0.577331 0.721852 -0.465986 -0.581792 0.656363 0.496685 0.327837 0.502668 -0.922976 -0.232621 0.918836 0.394229 -0.022875 0.119485 0.734660
-0.190736 -0.315381 0.887716 -0.420949 0.972435 0.666763 -0.190185 -0.527508 -0.844965 0.478132 -0.275788 -0.578864 -0.130862 0.074588 0.141459 0.236404 -0.622041 0.714690 -0.082647 0.694165 -0.037395 -0.982900 0.129952 0.787941 -0.592367 0.038204 0.650601 0.462537 0.000002 -0.192145
0.064994 0.612343 -0.590343 -0.756286 -0.428464 -0.172669 -0.791566 -0.177882 -0.583529 0.223053 0.819956 0.711915 0.717394 0.385151 -0.801308 0.743470 -0.452846 0.919699 0.473398 0.363030 -0.570595 0.288577 0.222773 0.097327 0.645532 -0.570465 0.498969 -0.038828 0.940522 -0.351674
0.443076 -0.644760 -0.312236 -0.733391 0.743915 0.707122 -0.773499 0.197473 -0.826457 -0.536415 -0.414458 0.576990 0.046223 0.403426 0.701275 -0.982970 0.812816 -0.022863 -0.682722 -0.863537 -0.800950 0.658044 -0.257494 -0.801604 0.174428 -0.491163 -0.941381 -0.953283 -0.384982 -0.703724
-0.073057 0.329833 -0.637027 -0.017833 -0.727962 -0.818283 0.741939 0.590831 -0.126963 0.747267 -0.014345 -0.542070 -0.163296 0.418836 0.579064 0.501622 0.780803 -0.099714 -0.044866 -0.461911 0.895466 -0.461908 -0.596281 -0.520410 0.573109 -0.454763 0.658992 0.673269 0.098175 -0.669559
0.847010 -0.366307 -0.538226 -0.482829 0.934942 -0.380834 0.077554 0.409841 0.188401 -0.072547 0.125109 0.501959 -0.245319 0.467189 0.850073 -0.131519 0.615295 0.500261 -0.637238 0.561386 0.293564 -0.362316 0.742451 -0.169167 0.040702 -0.945889 -0.861473 -0.956201 -0.341332 -0.022071
0.439059 -0.455373 0.729011 -0.327454 -0.517952 0.324989 0.240613 0.052903 0.312013 -0.734677 -0.177016 -0.875363 -0.160260 -0.243560 0.107592 -0.321186 -0.892600 0.112606 -0.681313 -0.078764 -0.592033 -0.943705 0.716824 0.158880 -0.693809 0.660669 0.307392 0.141105 -0.162807 0.830570
0.546785 0.242238 -0.969513 0.934596 0.209354 -0.075262 -0.168672 0.331500 -0.305274 -0.267836 -0.120343 0.817053 0.071032 -0.339109 0.513310 0.290771 0.201028 -0.243074 -0.744637 -0.749204 -0.630129 0.642198 0.769286 -0.166572 -0.653052 0.399617 0.312992 0.636357 -0.529865 -0.880693
-0.578665 -0.848088 -0.837006 0.480670 0.317805 -0.944434 0.341371 -0.512316 -0.661839 -0.903688 0.348006 0.094039 0.224754 0.143770 0.545254 0.432253 -0.040659 0.506986 -0.701808 0.137378 -0.418743 0.855791 0.717197 -0.518099 0.606170 -0.935745 0.986540 0.566122 0.339217 0.109387
-0.368968 0.044852 0.493899 -0.359518 -0.394630 0.225097 0.554217 -0.020814 -0.742657 -0.101360 -0.757369 0.852238 -0.663281 0.681880 -0.164663 -0.719265 -0.600012 -0.558617 -0.109466 0.762914 0.516266 -0.298040 0.209073 -0.271024 0.137487 0.643188 0.229125 -0.726628 -0.578847 0.391735
-0.977459 0.238022 -0.771240 -0.389238 0.896786 -0.833743 0.411016 0.551301 0.277337 0.733972 -0.979792 0.512092 -0.349095 0.829055 0.398782 -0.380400 -0.230894 0.277568 0.299946 -0.811393 0.683889 -0.301599 0.227981 0.936608 -0.279353 0.000953 0.765319 0.933028 -0.523295 -0.438634
0.222788 0.963048 0.598182 -0.232454 0.287882 -0.160371 -0.683791 0.857935 0.013033 0.696580 -0.837515 0.934679 0.428411 -0.275024 -0.305018 -0.905224 -0.704918 0.186333 -0.663571 0.195873 0.529562 -0.697390 -0.045703 0.310675 -0.650858 0.119133 -0.476703 -0.057125 -0.178256 -0.758323
0.743343 -0.433954 -0.562113 0.968481 -0.513807 -0.396991 0.026942 0.296686 0.131586 0.054550 0.288702 -0.775586 0.563046 -0.757097 0.057697 0.098067 -0.591111 -0.147719 -0.630887 0.984625 0.973365 0.188812 -0.869495 0.448350 -0.903486 0.784199 0.210141 0.604611 -0.340148 0.747086
-0.881710 -0.183773 -0.089687 -0.219877 0.668937 0.500572 -0.715867 -0.326721 0.604454 -0.432765 0.364725 0.621058 -0.045603 -0.795418 0.479641 0.626945 0.360225 0.485179 -0.583920 -0.255004 -0.214876 0.291897 -0.422497 0.203158 0.739505 0.111815 -0.900716 0.914364 -0.452723 -0.033304
0.968023 -0.404537 0.003918 -0.270702 0.257582 0.733979 0.082438 0.588018 -0.381627 0.234801 0.140569 -0.742049 0.807721 0.628595 -0.582982 0.507434 0.952772 -0.484843 0.370180 -0.892924 0.398659 -0.260639 0.633054 -0.304537 -0.740802 -0.518158 -0.991764 0.058253 0.898883 0.556404
-0.493967 0.887596 0.872124 -0.833545 0.540902 -0.398738 0.236698 0.239115 -0.753903 -0.859326 -0.516187 -0.919450 -0.760717 0.734078 -0.714679 0.444608 -0.980561 0.485807 0.874784 -0.772394 -0.745135 -0.981077 -0.330324 0.548296 -0.911063 0.885646 -0.396283 0.521946 -0.943014 0.044925
-0.271171 -0.080437 0.215280 -0.370913 0.682056 -0.899315 -0.732208 -0.374103 -0.840585 -0.564565 -0.451220 -0.636943 0.541987 -0.812794 -0.147009 -0.066379 -0.192378 0.078158 -0.853806 0.088433 0.819910 -0.677933 -0.417691 0.042580 -0.920479 -0.171734 -0.361098 0.790625 0.049236 -0.912451
0.945324 -0.798188 0.945400 -0.573080 -0.343035 -0.928442 -0.001872 0.655252 -0.300496 -0.625083 -0.755738 -0.656777 -0.255686 0.080190 -0.248228 -0.105847 -0.365899 -0.800555 -0.326553 -0.130085 0.049079 0.896715 -0.332203 -0.889895 0.250995 -0.239252 0.900733 0.117910 -0.079935 -0.653112
-0.753804 -0.810851 -0.872125 0.991305 0.348868 -0.414978 -0.600832 -0.419774 -0.440844 0.445174 -0.576532 0.085641 0.379608 -0.238136 -0.603380 0.233347 -0.496310 -0.621346 -0.527473 -0.866524 0.694657 0.341345 0.745630 0.252366 -0.424726 0.245235 -0.955812 -0.850419 0.124223 0.257088
0.466383 -0.588703 -0.600004 0.863989 -0.162060 -0.247483 0.798934 0.693884 -0.350304 -0.865662 -0.226734 -0.439506 -0.817167 -0.588041 -0.243081 0.154088 0.554199 -0.159020 0.567613 0.310718 -0.375271 -0.801548 0.763944 0.809379 -0.276136 -0.402096 0.869033 -0.691608 -0.795737 -0.885505
-0.529264 -0.304862 0.873026 0.726348 -0.275735 -0.217445 -0.907019 0.992196 0.657484 0.925569 -0.451823 -0.072621 -0.838374 0.556025 -0.203936 0.142167 0.666569 0.936828 0.097195 0.784750 0.662594 -0.227595 0.939512 0.474548 0.575002 0.736257 0.316381 0.423009 -0.191862 0.937288
-0.824556 0.642135 -0.635731 -0.807418 0.326842 0.779344 0.662590 0.372134 -0.911862 -0.058445 -0.297766 0.565053 -0.738726 -0.709027 -0.600711 -0.122813 0.400421 0.791151 0.303323 -0.516143 0.681308 -0.067451 0.169374 0.152744 0.934334 0.195909 -0.769529 0.981034 -0.998852 -0.850860
0.372647 0.913411 0.461702 0.304125 0.801795 -0.209639 -0.195992 -0.921059 -0.735728 -0.658152 0.185203 -0.662895 -0.402121 -0.819744 -0.812975 -0.458894 -0.948837 -0.096714 0.033018 -0.646410 0.409997 -0.568431 -0.443794 0.071578 -0.407396 0.486122 0.211501 -0.061453 -0.785642 0.883409
0.276073 0.805648 0.453159 0.992867 -0.048474 -0.305849 -0.768561 0.748450 -0.648512 -0.292718 -0.247505 -0.423979 -0.842735 0.487900 0.205317 0.188097 -0.638095 0.586091 0.478320 -0.252017 0.470922 -0.186119 0.749248 0.013557 -0.096485 -0.888074 0.421118 0.896422 -0.693891 -0.420780
-0.537074 -0.733469 0.637351 -0.200921 -0.949636 -0.130757 0.435448 -0.908356 0.170301 -0.700193 0.826707 -0.787182 0.372189 -0.097623 -0.390186 -0.116024 -0.721197 -0.106572 0.152479 0.726814 0.277681 -0.329565 0.978162 0.438218 -0.280546 0.363041 -0.182529 -0.340462 -0.336379 0.390599
0.740416 -0.461909 -0.582245 -0.964125 -0.401476 -0.828116 0.725735 0.750185 -0.214769 -0.336816 -0.001678 -0.277874 0.606960 -0.023377 0.569854 -0.250490 -0.258057 -0.502481 0.523696 -0.096846 0.905043 0.613317 -0.592659 0.866910 -0.276317 0.659470 -0.796122 -0.170967 -0.195172 -0.210438
0.277883 0.268661 0.775054 -0.611532 0.529253 -0.361770 0.477111 -0.401438 -0.459143 0.481114 0.313115 0.270716 -0.442568 -0.643536 0.077743 -0.134321 0.255483 -0.123666 -0.229156 -0.312118 0.714626 -0.936192 0.529416 -0.070334 0.381850 -0.947848 -0.607867 -0.003377 0.975128 -0.702911
0.614741 -0.168755 -0.269590 0.417558 -0.983467 0.060888 0.856455 -0.390722 -0.922398 -0.581617 0.357486 -0.786555 0.621652 -0.007428 0.559318 -0.344188 -0.938825 -0.420188 0.086816 -0.904194 0.977060 0.245172 -0.070418 0.792770 -0.405927 0.863242 0.109268 -0.605158 -0.170116 -0.524658
-0.287771 0.178810 -0.682142 -0.315095 0.231588 -0.048326 0.976765 -0.880278 -0.068168 0.135717 0.063716 0.350587 -0.093947 -0.142159 0.343514 -0.347276 0.360333 -0.625274 -0.374741 0.045973 -0.118222 0.591163 -0.894885 -0.149101 0.007786 0.397202 0.203840 -0.136788 0.361292 -0.752330
-0.023514 0.586446 -0.313224 -0.760725 -0.802076 0.716229 0.702396 -0.928465 0.250027 -0.564604 0.661242 -0.351464 -0.808645 -0.523294 0.479588 -0.650701 -0.427919 -0.737122 -0.329021 -0.860792 0.517851 0.850928 -0.820919 0.707684 0.908691 -0.625154 -0.096825 -0.213199 -0.009417 0.724977
0.472602 0.079872 0.437865 -0.630870 -0.485161 0.676866 0.121396 -0.958576 -0.630970 0.329608 -0.482047 -0.879595 0.154291 -0.217424 -0.592173 0.034280 0.691644 -0.383479 0.928536 0.120312 0.602974 -0.378018 -0.480709 -0.801813 -0.128578 0.371942 0.593905 0.385239 -0.507996 -0.737381
-0.517748 0.874686 0.623815 -0.892632 0.454156 -0.436833 -0.222954 0.866010 0.697354 -0.325167 0.992678 0.596023 0.854155 -0.683062 0.560261 0.524680 0.499596 0.638195 -0.916764 -0.862191 -0.540774 -0.158578 -0.140331 -0.814843 0.974094 -0.612194 0.181582 -0.391344 -0.645097 -0.863862
0.497155 0.565758 -0.995076 -0.079876 0.899439 0.080184 0.626578 -0.151643 -0.947407 0.666701 -0.133978 0.185469 0.701005 0.738339 0.906760 -0.100463 -0.224446 0.071003 -0.400473 0.538787 0.229017 -0.975018 -0.579939 0.287714 0.152673 -0.197598 0.545527 0.655405 -0.706480 0.555671
-0.700079 0.498798 0.434382 0.590835 -0.435158 0.344505 -0.247555 -0.583092 0.354703 -0.300707 -0.987565 0.377094 0.739391 0.268230 0.004201 -0.782599 0.339573 -0.218127 -0.223048 0.292735 0.774073 0.133752 0.614444 0.434644 -0.929294 0.199759 0.191632 0.544231 0.919239 0.918071
-0.366489 -0.606408 0.446410 0.326987 0.500410 0.909919 -0.299485 -0.663987 -0.502748 0.737453 -0.173919 -0.421646 0.641887 -0.904480 0.655116 -0.803942 -0.566085 -0.699251 0.672437 -0.310582 0.974448 0.542567 -0.765488 -0.623835 -0.519665 0.264427 0.274866 0.664124 0.835712 -0.919092
0.512335 -0.610781 0.282904 0.556555 -0.044916 -0.863451 -0.663858 -0.309202 0.087989 -0.053822 0.151018 -0.787413 0.331553 -0.577618 0.905610 -0.724464 0.030359 0.516020 -0.653181 -0.437708 -0.754181 -0.582827 0.440035 -0.648079 -0.375727 0.373241 -0.485450 0.801707 0.194795 0.801603
0.976070 -0.259263 -0.300925 -0.017260 -0.458580 0.767994 -0.295141 -0.905407 -0.784427 0.013885 0.395653 -0.879380 -0.315537 -0.593192 -0.138004 0.428143 0.230374 0.723493 -0.322670 -0.813432 0.038756 -0.609059 0.775024 -0.590298 -0.112852 0.630270 0.348748 0.543378 0.698871 0.887594
0.390156 -0.895074 0.500722 0.592561 0.561124 -0.028729 0.484732 -0.454341 0.178803 -0.837399 -0.165343 0.331999 -0.939420 0.494749 -0.185821 -0.170528 -0.216958 -0.402718 0.319446 -0.039729 0.867546 0.326938 -0.540512 0.178867 0.401707 0.387390 -0.926301 -0.615951 0.447745 -0.763769
-0.639690 -0.395288 -0.346841 -0.339299 -0.347203 0.437634 0.023996 0.181761 -0.471895 -0.125672 0.359194 0.286921 -0.812199 -0.745165 -0.063590 0.039149 0.102830 0.104849 -0.863570 -0.822659 -0.386128 -0.592543 -0.210978 -0.342060 -0.865895 0.115628 0.836320 -0.861715 0.821326 -0.949572
-0.481358 -0.035672 0.091154 0.244204 -0.030816 0.311623 0.134680 0.924310 -0.092652 -0.050636 0.774780 -0.760052 0.688251 -0.087231 -0.304780 0.938939 0.735372 0.988369 -0.142532 -0.473214 -0.813329 0.232376 0.901382 -0.049216 0.541009 -0.112183 -0.617910 -0.607439 0.690330 0.958172
0.574507 0.455328 -0.024502 -0.428602 -0.842500 0.229435 0.992749 -0.943446 -0.829261 -0.638108 0.221520 0.762959 -0.902805 -0.801439 -0.788159 0.510227 -0.960277 -0.152688 -0.656612 -0.550241 0.762901 -0.183447 -0.453686 0.147842 0.390268 0.351173 0.769477 0.886526 -0.191557 0.767469
0.705851 0.414206 -0.303366 0.934891 -0.521576 -0.077174 0.041868 0.807001 -0.953503 -0.895105 -0.494410 0.354804 -0.477654 -0.462321 -0.262460 0.330447 0.812329 0.332518 0.552052 0.158270 -0.637380 0.116467 -0.999792 -0.776290 0.942577 -0.416064 -0.913070 0.187343 0.813981 0.129238
0.007771 -0.764368 0.146407 -0.698151 -0.143499 -0.468572 -0.653094 0.131806 0.260182 0.734091 0.869227 -0.673673 0.343735 0.206971 0.985656 -0.789415 -0.104364 0.868095 0.951239 0.583066 0.279369 0.697287 0.206140 0.778723 0.917003 0.037328 -0.338367 -0.034234 0.715196 0.163658
-0.464260 -0.113693 0.032832 -0.061994 0.694424 -0.504834 0.369299 0.630102 0.693945 0.894965 0.882179 0.404843 -0.804094 -0.433733 0.418974 -0.979789 0.121543 -0.025318 -0.981774 0.503109 -0.814110 0.397803 -0.898264 0.987310 0.872442 -0.646014 -0.858580 -0.557148 0.826781 -0.662664
-0.369315 -0.279285 -0.059959 0.335976 -0.332853 -0.515443 -0.909073 -0.423723 -0.784196 -0.214472 0.349716 0.970027 -0.807061 0.117068 0.680302 0.263698 -0.369460 0.230044 0.063621 0.750045 -0.071332 0.872919 -0.868854 0.144927 -0.817189 0.815063 0.171886 -0.073874 -0.102818 -0.726680
-0.681992 0.469471 0.334589 0.311996 -0.215634 -0.184851 -0.219644 0.561478 0.543803 -0.030871 0.407161 -0.324873 0.690656 0.457020 -0.344484 0.268706 -0.843256 0.182771 0.311030 -0.601376 0.915032 -0.363886 0.108090 0.301666 0.861844 -0.240894 0.043738 0.232079 0.881686 0.800298
-0.622936 0.735066 0.421936 -0.805965 0.558399 -0.421527 0.174219 -0.477457 0.249893 -0.218957 -0.171307 -0.498699 0.308010 0.198931 0.719755 0.345307 0.536236 0.442240 0.175639 -0.787792 -0.037460 0.488897 -0.459130 0.293428 0.937700 -0.809285 0.605199 -0.849414 0.209696 -0.897206
0.809131 0.620069 -0.211661 0.959846 0.377071 0.094942 -0.931517 0.441307 -0.045863 -0.711206 -0.810097 -0.923177 -0.766767 0.995922 -0.172613 -0.540386 -0.545076 -0.722639 -0.921395 -0.622322 -0.724394 0.886610 -0.144200 0.748993 -0.427072 -0.003684 0.452206 0.833754 0.764004 -0.302681
-0.595890 -0.780481 0.739371 0.243996 0.054131 -0.985348 0.116386 0.119889 -0.156933 0.914124 -0.358342 0.546567 0.251075 0.707930 0.582241 -0.528553 -0.975272 -0.296927 -0.627854 0.809150 0.215846 -0.750868 -0.211443 -0.812071 0.923311 0.314266 -0.046765 -0.258383 0.228376 -0.920049
-0.524249 -0.918260 -0.107422 -0.928684 -0.993856 -0.440898 0.856654 0.694313 -0.789929 -0.508705 -0.423285 -0.236713 0.226284 0.106045 0.060494 -0.363243 0.137547 0.880858 0.219670 -0.195470 -0.599615 0.365213 -0.827007 -0.900791 -0.908941 -0.310682 -0.088420 0.737776 0.223873 0.102179
-0.621027 -0.505120 -0.208131 -0.357931 -0.144920 0.546667 0.683825 -0.325495 -0.150721 0.210119 -0.779933 -0.142668 0.484110 0.510649 -0.822640 -0.527956 -0.320737 0.895902 -0.976129 0.317920 -0.426423 0.964385 0.150015 0.456793 0.448027 -0.130693 0.722130 0.311811 -0.350635 -0.940109
-0.069308 -0.535947 -0.565937 0.439869 -0.927668 -0.641424 -0.540679 0.506820 -0.708660 0.813519 0.324704 -0.787300 0.983765 0.139258 0.202590 0.810941 -0.425672 -0.122010 0.741701 0.512860 -0.162429 -0.483447 -0.451850 0.895858 -0.027745 -0.510995 0.967547 0.923205 -0.829214 -0.282212
-0.561272 -0.937470 0.836662 -0.047315 -0.219284 0.980371 -0.351864 -0.224062 0.146933 0.970044 -0.510085 0.051131 -0.805680 -0.087261 0.647196 0.995883 0.765335 0.058125 0.736734 -0.239009 -0.276390 -0.249282 0.099290 0.608467 0.288963 -0.758541 0.622877 -0.605330 -0.592396 -0.096039
-0.128561 0.054926 0.850104 -0.432706 0.329646 -0.815412 -0.785540 0.553777 -0.093163 0.979566 -0.329341 0.319188 -0.706038 -0.632345 0.325103 0.208829 -0.280396 -0.143652 0.970053 -0.101185 -0.368814 -0.755344 0.772105 0.414036 -0.618169 -0.498358 -0.474611 0.213860 0.187214 0.544780
0.166621 0.730173 0.115755 0.278564 -0.256415 -0.088267 0.297954 -0.333871 -0.257920 -0.037468 0.021424 -0.302766 -0.483000 0.961984 -0.201971 -0.469453 -0.251386 0.449286 -0.834634 -0.707745 0.510815 0.590253 -0.160595 -0.456309 0.535146 -0.827900 0.734129 0.177723 -0.298385 0.583981
0.169628 0.751190 -0.531706 -0.008426 0.063226 0.277917 0.144272 -0.267724 0.343818 -0.309641 -0.585998 0.762719 -0.618495 0.808803 -0.133888 -0.275463 -0.103349 0.948792 0.454337 -0.011226 -0.175911 0.447553 0.776512 0.574613 -0.761557 -0.069123 0.523524 0.185134 0.345916 0.413079
-0.452702 0.585306 0.568804 -0.494669 0.900527 0.621766 -0.170145 -0.584694 -0.148600 0.338789 0.977730 0.848830 -0.217410 0.206105 0.691074 -0.837979 -0.707100 0.479930 -0.332378 -0.695403 0.026833 -0.457984 0.823073 0.982159 0.969481 0.879826 -0.446875 0.301886 0.322989 0.693153
0.059000 -0.994343 0.125149 -0.953716 -0.245261 -0.298009 -0.924040 0.389084 0.702341 0.393005 -0.080641 -0.562508 0.797994 0.298841 0.126174 -0.851465 0.790008 -0.745187 0.102124 -0.604276 -0.464590 -0.156459 -0.138001 -0.262624 -0.373276 0.665487 0.741324 0.379743 0.056598 0.098769
0.466064 -0.421761 0.899231 0.286572 0.720721 -0.747041 -0.052343 -0.701035 -0.532775 0.154658 -0.641818 0.705529 -0.291217 -0.723259 -0.711943 -0.228339 -0.481223 -0.019176 -0.269838 -0.865011 0.084648 0.084829 0.641290 0.914284 -0.903952 -0.458744 -0.675723 0.977907 0.339231 -0.532777
-0.877535 -0.167840 0.076389 -0.951970 -0.662023 -0.713789 0.723965 -0.471167 -0.727872 -0.103114 0.892930 -0.145694 -0.371760 -0.769618 0.025945 -0.123774 -0.749177 0.573526 0.742454 0.875742 -0.980240 0.223091 -0.920373 -0.268184 -0.721431 0.959924 0.406965 0.260512 0.497558 -0.798213
-0.738966 -0.700003 -0.465092 0.172195 0.583388 -0.450370 0.754834 0.540256 -0.744712 0.427830 -0.753993 -0.702859 0.568647 0.216508 0.780363 0.596961 0.286210 -0.155008 0.859785 0.146223 -0.466145 -0.120106 0.808347 0.572808 -0.173672 0.411418 0.049607 -0.852970 0.633955 -0.090948
0.916884 0.373797 0.128844 -0.414106 -0.657983 -0.379741 -0.161138 -0.345341 0.661233 -0.687162 -0.740008 0.783309 0.580819 0.001310 0.106544 -0.307301 0.056270 -0.525834 -0.158778 0.761239 0.116425 0.240203 0.359062 0.285456 -0.801603 -0.842461 -0.305494 -0.376067 0.210336 -0.423061
-0.045964 -0.761172 -0.616914 0.526587 -0.303060 0.167352 -0.274440 0.643922 0.034452 0.381595 0.977338 -0.951273 0.827955 0.036674 -0.420679 -0.816614 -0.404579 -0.185770 -0.415124 0.944294 0.622543 -0.207053 0.604978 -0.890246 -0.912256 -0.857655 -0.074340 0.344620 0.751188 -0.150749
-0.935702 0.676664 -0.917087 0.843970 0.516177 0.703963 -0.564004 0.771338 0.653203 -0.318751 -0.176827 -0.661269 0.598624 0.807305 -0.669442 0.445703 -0.484217 0.965154 -0.741565 0.669640 -0.378550 -0.420116 -0.551793 0.262933 0.039604 -0.168318 -0.435219 0.509420 -0.800075 0.094811
-0.231884 -0.868883 -0.259922 0.578974 -0.808080 0.746440 -0.992322 0.626577 -0.023588 -0.631221 -0.356634 0.669980 -0.515535 0.986318 -0.352766 -0.188340 -0.404981 0.591905 0.511105 0.692967 -0.760339 -0.644801 0.472812 0.318920 0.551218 0.750323 -0.841872 0.970495 0.970503 -0.577882
0.772841 -0.450085 0.469193 0.607160 0.116195 -0.544156 0.430059 -0.463429 0.429624 0.603133 -0.554357 -0.847997 0.931289 0.046192 0.326135 -0.216165 -0.469742 -0.820358 -0.251159 -0.359552 -0.658940 -0.330998 -0.447315 -0.341751 0.489623 0.631219 0.204301 0.719766 0.313102 -0.228520
0.935771 0.408940 0.304395 0.761234 -0.478722 -0.971422 0.139588 0.880949 -0.476030 0.488405 0.600556 -0.624690 0.504411 -0.366744 -0.321445 0.376596 -0.634962 -0.052885 -0.650774 0.769272 0.815379 0.854299 -0.830534 -0.640772 -0.583069 0.493926 0.399828 -0.384945 -0.633186 -0.984342
-0.072218 -0.473726 0.600846 0.848294 -0.347760 0.540118 0.594114 0.939195 0.639705 0.657647 0.897926 0.491863 0.751065 -0.292313 -0.561987 0.422421 0.091866 0.180308 0.276418 -0.754834 0.363111 0.900181 -0.986378 -0.664452 -0.048869 -0.031951 0.452635 0.506733 -0.542130 0.859517
-0.245261 -0.646308 0.242071 -0.955624 -0.328248 -0.264412 0.653775 0.511147 -0.403972 0.315346 0.242347 -0.462129 -0.795592 -0.889810 -0.453697 -0.497202 0.651176 0.754711 0.806558 0.147805 -0.807171 -0.429747 -0.422535 0.631808 -0.763104 -0.366154 0.600996 0.061552 -0.794332 -0.972280
-0.449013 0.440148 0.091475 -0.784764 -0.093556 -0.834938 0.411677 0.435254 0.861700 0.201763 0.247791 -0.373579 -0.703530 -0.203158 0.206002 0.284630 -0.299067 0.516194 -0.937491 0.674658 0.081878 0.400780 0.447067 -0.681399 0.659625 -0.397005 -0.855544 0.254041 0.710967 0.902330
-0.114745 -0.052497 0.711773 -0.318020 0.002602 0.978218 0.601264 0.764358 0.606794 -0.780844 -0.131148 0.335679 -0.837625 0.308617 -0.398041 -0.347550 -0.556965 -0.112035 0.582056 -0.155082 -0.413603 0.705428 -0.305068 0.757723 -0.433964 0.876116 -0.470911 -0.860743 0.706809 0.520807
-0.658099 0.959765 -0.669512 -0.222443 -0.866750 0.722262 0.820334 -0.065457 -0.708992 -0.036207 0.625577 -0.798690 -0.012279 -0.695762 -0.819245 -0.976353 0.638956 0.897860 0.032914 0.900417 0.919673 -0.753110 0.517392 0.800912 0.349324 -0.210105 0.690511 -0.003689 0.967995 0.237971
-0.891654 0.620828 0.962343 -0.445988 0.885556 0.541737 0.109884 0.779184 -0.042792 -0.670516 0.546394 0.627085 0.993669 -0.384828 0.372571 -0.138712 0.170700 0.193560 -0.000735 0.166340 0.396296 0.990081 0.857304 0.143201 -0.016739 -0.037395 0.320757 -0.774784 -0.505273 0.932601
0.544804 -0.107931 0.322010 -0.944288 -0.098005 0.122067 0.255078 0.902242 0.047597 -0.474125 -0.120905 -0.340873 0.655877 0.520348 0.061729 0.682671 -0.999359 -0.199531 0.346974 -0.137281 0.807943 -0.933080 0.419880 0.355257 -0.524776 0.268694 0.298465 0.730801 -0.695906 0.890397
-0.388167 0.586780 -0.833901 0.934803 -0.357672 0.527305 0.180756 -0.656150 -0.554194 -0.429337 0.235523 -0.634976 -0.159880 0.918347 0.331551 0.105905 0.745276 -0.994533 0.672423 0.737655 -0.525813 0.516572 0.867770 -0.819481 -0.099511 -0.126147 -0.718047 0.079823 -0.599845 -0.481640
-0.223479 0.598287 -0.623725 0.952212 0.027892 -0.211629 0.754047 -0.895084 0.740304 -0.359819 -0.902156 -0.360241 0.282252 -0.541708 -0.801611 0.577385 -0.335140 0.076639 0.762252 -0.921291 0.407671 0.994175 0.058578 0.973463 0.434391 -0.530457 -0.782225 -0.686259 0.876105 -0.684087
-0.828691 -0.392347 -0.443579 -0.598409 0.707679 -0.803186 0.101584 0.093521 0.515839 0.780514 0.626010 0.419473 -0.491469 0.708856 -0.318626 -0.222071 -0.011911 -0.905368 -0.932286 0.186586 0.142173 0.559273 -0.597838 -0.805349 -0.367385 -0.128443 -0.640652 -0.794741 -0.664205 -0.162429
0.134277 0.890310 0.974887 0.601716 -0.585913 0.434618 0.000515 0.795021 -0.859359 0.881395 -0.142694 -0.223228 -0.558061 -0.339971 -0.166375 -0.725363 0.933792 0.828624 -0.815243 0.711771 0.247306 -0.758169 -0.479286 0.754125 0.237378 0.892200 -0.717814 -0.397374 0.899779 -0.780520
-0.427693 -0.798722 0.822272 0.927440 -0.030161 -0.646690 0.514119 -0.962097 -0.159810 0.567635 0.040053 -0.871857 -0.653003 -0.086994 0.841609 -0.038928 -0.699892 -0.038966 -0.418148 -0.180386 -0.342041 0.988787 0.890766 -0.499675 -0.911125 -0.179862 0.507755 0.430468 -0.777559 0.972326
-0.216779 -0.801522 -0.226395 -0.030942 -0.972554 0.256411 -0.433465 0.019977 0.230547 -0.111411 0.117619 0.061684 -0.633460 -0.266419 -0.732539 0.159154 -0.421448 0.374794 -0.867766 0.799031 -0.132411 0.925173 0.354264 0.084595 -0.972352 0.122494 -0.093043 0.229468 -0.721152 0.951042

Bias v0 (Oculta):
0.107031
-0.021429
0.123451
0.781599
0.164184
0.883721
0.765762
-0.926486
0.773291
0.047395
0.521381
-0.054174
-0.627712
-0.219192
-0.976155
0.327744
-0.683127
-0.127219
0.464229
0.600945
0.292692
0.255121
0.383231
0.344865
-0.583982
-0.120579
-0.455070
-0.487214
-0.362488
-0.459710

Pesos w (Oculta -> Saída):
0.106713 -0.415989 0.287607 0.899998 0.614236 0.004812 -0.641122 -0.825527 -0.984014 -0.223215 0.289647 0.070345 -0.177218 -0.527241 0.670232 -0.845154 0.263355 0.714047 0.342930 -0.720595 -0.985246 -0.690635 -0.824008 -0.221734 0.587740 -0.794386
0.649282 -0.565382 0.658609 -0.766643 -0.798922 -0.956776 0.392807 0.596382 -0.729227 -0.769461 0.155132 0.197116 -0.687641 -0.608212 0.326813 -0.227649 -0.627787 -0.411812 0.240008 0.857220 0.140056 0.340728 0.857413 -0.079774 0.624063 0.486785
-0.245697 0.640450 0.186194 -0.335609 0.177598 0.364503 -0.317903 -0.650674 -0.217107 0.979603 0.823072 -0.035472 0.000525 0.830779 0.503324 0.108905 -0.671461 -0.843041 -0.263668 0.063616 0.712165 -0.322334 0.966441 0.800960 0.208236 0.702693
0.606749 0.081998 0.186038 -0.548692 -0.689820 -0.235468 0.116866 0.654747 -0.023071 -0.044037 0.834420 -0.047213 0.813678 0.544766 0.479655 -0.373535 0.819546 0.640541 -0.044487 0.587497 -0.257819 -0.611387 0.410216 -0.596504 -0.743214 -0.679055
0.204236 -0.923450 0.481501 -0.450961 -0.712738 -0.160665 0.469946 -0.516090 -0.334821 -0.662481 0.150594 0.847367 -0.655181 -0.760962 0.516624 0.650837 0.066698 -0.002611 0.437750 -0.388044 -0.677039 -0.658013 -0.857444 0.780228 -0.323699 0.392626
-0.277497 0.056529 0.009745 0.412028 0.310979 0.011480 0.419603 0.938742 -0.876205 -0.167909 0.470696 -0.299928 0.608818 0.391507 -0.065667 0.146585 -0.168641 -0.738897 0.299736 -0.282678 -0.101070 0.229565 -0.796421 -0.345098 0.122077 0.398953
-0.286036 0.226125 -0.818632 0.623852 -0.943350 0.164880 -0.714787 -0.332904 -0.374183 0.180063 -0.426103 -0.762460 -0.317860 -0.046330 -0.817692 -0.879497 -0.838439 0.871675 -0.760636 0.127374 -0.724296 -0.855862 -0.194263 -0.464894 0.785435 -0.714860
0.313246 0.910684 0.847784 0.329615 -0.141092 0.357777 -0.196381 -0.932331 -0.379428 -0.618625 0.064143 -0.772608 -0.907822 -0.480483 0.941687 -0.190714 -0.529605 -0.905372 0.241100 -0.162080 0.315798 0.723954 0.699650 0.800616 -0.266622 0.282779
0.239802 -0.437163 0.506847 0.407291 -0.499534 -0.328015 0.236716 -0.727361 -0.395211 -0.506136 0.201225 0.830594 -0.638590 -0.589037 0.957166 0.139320 0.623490 -0.434094 0.172419 -0.504116 -0.084638 0.465733 0.707515 -0.155159 0.775675 -0.736912
-0.234227 0.611950 0.400422 0.905895 -0.686325 0.510938 0.624346 -0.003275 0.756022 0.491452 0.097665 0.061211 -0.463593 0.278458 -0.002482 0.426779 -0.686785 -0.698391 -0.511067 -0.101908 -0.355414 0.724535 -0.726365 -0.885185 0.047989 -0.167398
0.767894 -0.555856 0.053487 0.684537 0.848769 0.971163 0.149447 -0.285958 -0.287960 -0.269704 -0.882939 -0.277939 0.389659 -0.486130 0.811709 -0.994203 -0.329452 0.093148 0.759180 -0.533438 0.179419 0.717003 -0.556074 0.473129 -0.767761 -0.054306
0.848800 0.783007 0.152237 0.766894 0.572734 -0.092799 -0.665955 -0.276298 -0.239323 0.041516 -0.997524 0.204568 0.212879 -0.544723 -0.643636 -0.036416 -0.794037 -0.690318 -0.204260 -0.015498 -0.551431 -0.582157 0.383514 -0.550103 -0.138838 -0.291164
-0.219840 0.337995 0.715654 -0.843933 -0.229821 0.093870 -0.157564 -0.811348 -0.405174 0.561038 0.014601 -0.190345 -0.777203 0.259526 -0.658435 0.220587 0.514668 0.330018 0.450313 -0.104458 0.363884 -0.382428 0.239972 0.037763 0.028753 0.801279
0.962588 0.583679 0.453452 -0.184883 -0.666809 0.306888 -0.332763 -0.317112 -0.454458 -0.309867 0.271866 -0.457085 0.587353 -0.044636 0.214331 -0.462111 0.245118 0.460845 -0.032544 0.936047 0.130576 -0.205564 0.553011 0.422732 -0.993747 -0.211085
0.663620 -0.989666 0.370438 0.976665 0.610663 0.551756 -0.811222 0.554197 0.700919 -0.996085 0.927544 0.980338 0.942186 -0.117678 0.352387 -0.074081 -0.718781 0.540359 0.831579 -0.947389 0.832243 0.150826 0.631880 -0.301460 0.299511 0.281028
-0.842811 -0.738534 0.694297 0.295839 0.910119 0.126535 0.417055 -0.221077 0.771263 -0.631956 -0.268180 0.580016 0.084104 -0.751497 0.127922 -0.268316 0.236073 -0.194748 -0.383093 -0.815848 0.727604 -0.662333 -0.632368 -0.651852 0.655869 0.096883
0.934031 -0.884635 0.491316 -0.133998 -0.665926 -0.998782 0.240407 0.425495 0.635209 0.992249 0.562475 0.599761 0.939761 0.865464 -0.559276 0.702610 0.656230 -0.429389 -0.916771 0.077585 -0.338980 0.840326 -0.370453 0.310157 0.137147 -0.745009
-0.341532 0.744028 0.364866 -0.228076 0.895154 -0.270416 -0.402802 0.837624 0.161700 -0.650989 -0.001647 -0.883767 0.967333 -0.167588 0.603696 0.060483 -0.834303 0.590470 0.922274 0.391538 0.781287 -0.944801 0.329768 -0.531774 -0.129432 -0.891749
-0.101737 -0.293374 0.118059 -0.670237 0.086753 0.080578 0.750067 -0.090275 -0.910802 0.253191 -0.157924 0.075129 -0.269439 0.952759 0.260670 0.257921 0.992285 0.255182 0.792409 -0.601536 0.197750 0.844721 0.018434 0.697604 -0.283196 -0.277470
0.125911 0.689201 -0.920271 -0.296060 -0.208574 0.668550 0.269623 -0.054338 0.326720 0.231472 -0.973623 -0.761597 -0.987066 0.379205 -0.318353 0.617808 0.701702 0.185831 -0.033262 -0.371762 0.818207 -0.061948 -0.758833 -0.606301 0.670908 0.466452
-0.067322 -0.422384 -0.012298 0.185497 0.691515 -0.275685 0.645512 0.299245 0.943684 0.078483 -0.448134 0.788361 0.078384 -0.682604 -0.124195 -0.204896 -0.941835 0.089915 0.855470 -0.963998 0.596106 -0.740322 -0.226844 -0.961071 0.614668 0.578394
0.622942 -0.169190 0.269555 0.483925 -0.170821 -0.350797 0.676192 -0.626333 -0.171542 -0.629662 0.659184 0.968952 0.836244 0.069952 0.516861 0.280452 -0.747733 0.316607 -0.232511 -0.471805 -0.833433 0.707380 -0.947565 -0.384419 0.612897 0.529346
-0.555445 0.458257 0.669357 0.634497 -0.932502 -0.878965 -0.877889 -0.883553 0.266647 0.883433 -0.981660 -0.161964 -0.614753 0.639063 -0.090042 -0.724311 0.628667 0.294848 0.347850 0.317189 -0.680937 -0.162718 0.856030 0.346754 0.376440 -0.896009
-0.435542 -0.786846 0.394741 0.660265 0.086676 0.386190 0.299489 -0.690561 0.857781 0.830333 -0.252803 -0.039617 -0.445246 -0.179690 -0.556837 0.235505 -0.120755 0.416026 0.295039 -0.181881 -0.632015 0.563406 -0.455282 0.892414 0.125606 -0.006314
-0.412711 0.436550 -0.159812 0.493649 -0.814996 -0.684045 -0.326480 -0.167851 0.786195 0.506734 -0.113538 -0.266388 -0.484359 -0.874280 0.331550 -0.761950 0.920244 -0.669968 -0.483262 0.959605 -0.278640 -0.813778 0.444688 -0.782122 0.218313 -0.385523
0.394894 -0.377933 -0.559492 -0.521050 -0.785718 -0.322990 -0.628740 -0.625121 0.743570 0.796434 -0.504814 -0.916162 -0.234972 -0.426788 0.173996 -0.416503 0.091005 -0.382238 0.259283 -0.422877 0.047698 -0.360378 0.804229 0.686126 -0.991815 0.055439
0.387110 0.065769 -0.680409 0.466823 -0.698955 0.683057 -0.232153 0.553215 0.123880 0.201054 0.882338 0.752001 0.719667 -0.459619 0.394344 -0.751904 0.508590 -0.543547 0.653531 -0.721174 0.799871 -0.687257 0.983671 -0.830846 0.277633 -0.055124
0.455455 -0.784171 0.863419 -0.730262 0.337069 0.826202 0.197075 0.404423 0.713185 0.685767 0.861526 0.972703 -0.864964 -0.949906 0.414286 0.389875 0.774911 0.026574 -0.484059 0.729567 0.917610 0.264306 -0.240616 0.330271 0.540404 -0.354015
-0.241380 0.374157 0.993178 0.203600 0.249523 0.975705 -0.789015 -0.012153 0.783894 -0.574907 -0.216224 -0.518086 -0.379375 0.662534 0.557023 0.309960 0.429469 -0.788036 0.015804 -0.623476 0.387205 0.656155 0.290065 -0.064921 0.831246 0.616868
-0.954641 0.428259 -0.596432 0.861419 -0.716449 0.504052 -0.669226 -0.260361 -0.861525 -0.611860 0.987768 -0.990714 0.554867 -0.410535 0.716799 -0.756237 -0.291501 0.977303 -0.983476 -0.134753 -0.390101 -0.929084 0.063291 0.886534 -0.296043 0.240028

Bias w0 (Saída):
0.840805
-0.868227
-0.127619
-0.999748
0.427382
-0.860190
0.994008
0.930822
0.526469
-0.779653
0.308202
-0.702474
-0.411406
0.273966
0.587039
0.292734
-0.964522
-0.130163
-0.290287
-0.929071
0.253836
0.845182
0.234442
-0.761976
-0.192669
0.590764
