Pesos v (Entrada -> Oculta):
0.640655 0.643025 0.205657 0.181414 0.959862 0.048166 0.837674 0.724570 -0.131564 -0.809644 -0.477389 0.903546 0.430113 0.475449 -0.313283
-0.860943 -0.140347 0.917176 -0.620652 -0.932804 -0.097590 0.089349 0.590160 0.610576 0.509949 0.825495 -0.606867 -0.282823 -0.479851 0.935941
-0.690552 0.725314 0.215653 -0.231388 -0.150966 -0.676182 0.896222 0.992879 -0.994857 -0.862544 -0.870837 0.706102 -0.375253 -0.383419 -0.443720
0.591570 -0.952216 0.337562 0.574045 0.710016 0.522943 -0.949025 -0.207101 0.532330 0.154922 -0.026596 -0.332185 -0.021845 0.386822 -0.214474
-0.718230 0.280716 0.438871 -0.721206 0.472475 -0.824480 0.921595 0.400637 -0.308741 -0.245009 -0.164817 -0.043389 -0.298031 0.937491 0.148956
0.099070 0.960432 0.903967 -0.880617 -0.544155 -0.197888 0.476726 0.024916 -0.966924 0.743836 -0.416549 -0.918593 0.449306 0.986577 0.124596
0.374268 -0.404386 0.360476 -0.839735 0.670061 0.260149 -0.671464 -0.097268 -0.363827 0.425574 -0.808585 -0.078920 -0.920471 0.520889 0.500903
0.867544 -0.894171 -0.800389 -0.128969 0.734573 0.903905 -0.600063 -0.653638 0.799629 -0.317011 0.896753 -0.053328 -0.591378 0.989694 0.756033
-0.611156 0.256119 -0.775774 -0.529633 -0.493023 0.504068 -0.147765 -0.215296 0.385654 -0.617557 -0.420047 0.380969 0.305207 -0.432130 0.943881
0.652100 0.371144 0.084029 0.388853 -0.470239 0.533886 0.859870 -0.800031 -0.050048 -0.113213 -0.137762 0.141563 -0.661849 0.707904 0.761740
-0.042110 -0.764913 -0.195262 0.877820 -0.930582 -0.247032 -0.789071 0.274972 0.544766 -0.184722 0.577345 -0.742953 0.380336 0.665110 0.955807
-0.719883 -0.025058 0.876326 -0.409260 -0.896311 -0.907971 0.816882 -0.427963 -0.246494 0.878243 0.989591 0.518765 0.189759 -0.970292 -0.165723
-0.704548 -0.405207 0.374222 0.456128 -0.652615 0.128513 -0.508747 0.838933 0.502697 0.440198 0.696021 0.881440 -0.349380 -0.514851 0.905535
-0.836986 0.157596 -0.205673 -0.135468 -0.871859 -0.604688 0.484421 0.098428 0.616325 0.383365 0.996117 -0.337513 0.987112 -0.831123 -0.092386
-0.620475 -0.379461 -0.615949 -0.264097 -0.761453 -0.011816 -0.881413 -0.378996 -0.429340 0.394685 0.651990 0.828534 -0.207657 0.771511 0.233779
0.507902 0.893184 -0.796908 -0.133405 0.541612 -0.993860 0.903147 0.393340 0.415258 0.962184 0.689860 0.801027 0.209887 -0.592242 -0.044877
-0.528318 0.794652 0.499810 0.295797 0.445843 0.842833 -0.821470 0.529561 -0.719632 -0.425927 0.662352 -0.807511 0.663508 0.193864 0.019391
-0.810880 0.429030 -0.099632 0.315550 -0.860693 0.670724 0.407466 -0.780534 -0.975099 0.316948 0.329870 -0.432950 0.932350 0.678067 0.627463
0.368426 0.528461 0.857950 -0.670925 0.868138 0.947608 0.355095 0.226847 0.958732 -0.070172 -0.592444 0.080935 0.697906 -0.328895 -0.821794
0.657468 -0.362210 -0.265288 -0.165279 -0.988972 -0.898641 0.970840 0.833998 0.007671 -0.831149 0.890393 0.276457 -0.989255 -0.223826 -0.268982
0.796942 0.948387 0.937215 -0.803371 0.235699 0.837468 -0.318955 0.815792 -0.885702 0.144114 0.274235 0.433249 0.087569 0.587137 0.620201
-0.705368 -0.786452 -0.305216 0.637371 0.033216 -0.367825 -0.772568 0.331525 -0.877864 0.426585 -0.670978 -0.611533 -0.218463 0.679079 0.437982
0.891080 0.983812 -0.109863 -0.630633 0.212257 -0.788097 0.545626 0.372668 -0.347796 0.232545 -0.107819 0.921558 -0.450455 -0.548801 0.973115
-0.665093 -0.613597 0.442670 0.036825 0.655932 0.080315 0.464197 0.898735 0.779082 -0.511754 -0.220950 -0.949775 0.758247 0.228592 0.458737
-0.450253 -0.878532 -0.356514 0.711786 0.261630 0.243778 -0.970334 -0.917694 -0.338022 -0.796541 0.150621 0.140810 -0.743614 -0.622638 -0.777049
-0.574906 -0.778760 0.527439 0.211181 -0.937054 -0.864322 0.017922 0.118377 -0.212322 -0.552403 -0.477011 -0.290274 0.979780 0.568697 -0.466546
0.188004 -0.905343 0.377104 -0.686556 0.524673 -0.644774 -0.458967 -0.437611 0.569087 0.639247 0.471344 0.242301 0.220030 0.869984 0.299415
0.861225 -0.752794 -0.869079 0.819824 -0.514218 -0.320403 -0.769121 0.953126 -0.012266 -0.728506 -0.631390 0.439613 0.185098 -0.375193 0.935804
-0.290235 0.746277 -0.211746 -0.057130 0.697674 0.501165 -0.805541 0.589121 -0.877433 0.557449 -0.814362 -0.764005 -0.820350 0.362807 0.229982
0.081776 0.824448 0.897667 -0.649951 -0.469622 -0.340389 0.855717 0.828271 0.576051 0.690884 0.150875 0.412325 0.344961 -0.672733 0.167259
0.907482 0.403164 -0.746948 -0.265728 -0.504735 0.739259 0.472622 -0.666366 -0.406973 -0.918007 0.992921 -0.708788 0.219143 0.353003 0.297603
0.630429 -0.505080 0.666610 -0.564605 -0.277514 -0.680934 0.769837 -0.884958 -0.950672 -0.659863 0.464167 -0.783044 -0.101725 0.091009 0.909497
-0.386842 -0.406242 0.363004 -0.429231 -0.580365 -0.319787 0.741006 0.602840 0.637794 -0.315851 0.250290 0.578997 0.318009 0.288017 -0.831213
0.356529 -0.925575 -0.649152 0.868242 0.089760 -0.704331 0.294619 -0.557878 -0.777326 -0.411172 0.693559 0.297477 0.426162 0.549165 0.522433
0.864839 -0.938579 -0.963625 -0.779762 0.306184 -0.938165 0.020550 0.277011 -0.063838 -0.800970 -0.515666 -0.017761 0.028142 -0.305301 -0.355049
-0.511186 -0.528018 0.568892 -0.193055 0.513936 0.120853 -0.502011 -0.732758 -0.614871 -0.612230 -0.694146 0.548677 0.056103 0.119491 0.713093
0.303216 0.046730 0.786998 0.004758 0.852354 0.541430 -0.773220 0.562986 0.018714 -0.468682 -0.719569 -0.183085 -0.211290 -0.680145 0.271611
0.328696 0.211068 -0.369802 -0.901495 0.183334 -0.356432 0.271096 0.360327 -0.330217 -0.209795 0.957483 -0.483703 0.442742 -0.354049 -0.601540
0.513073 -0.288968 0.517381 0.354665 0.030618 -0.309966 -0.130231 -0.514388 -0.817813 -0.636903 0.968221 -0.165800 -0.167150 0.051700 -0.784791
0.407375 0.903027 -0.446679 0.262018 0.301420 -0.575787 -0.442315 0.049514 0.345836 0.260728 -0.882985 -0.665672 0.759483 -0.876368 -0.520120
0.275448 0.128768 0.388427 0.226754 0.394255 -0.479817 -0.954881 -0.243897 0.731531 -0.041942 -0.449492 0.514084 -0.479241 -0.549996 0.085783
0.417103 0.175431 0.810887 -0.465259 -0.022902 -0.825837 0.028395 0.766419 -0.976296 -0.193613 -0.445883 0.136380 -0.019423 -0.031851 0.945091
0.245011 0.379367 -0.248960 -0.152043 0.039807 -0.729058 0.298128 -0.159941 -0.160115 0.745708 0.906645 0.427541 0.435390 -0.679014 -0.889252
0.916199 -0.965352 -0.171000 0.668202 0.451178 0.111535 0.400884 -0.078455 0.774662 -0.837067 -0.729188 -0.598162 0.452622 -0.151230 -0.015852
0.388626 0.409530 -0.051085 0.422405 0.428175 0.082358 -0.465385 0.895695 -0.700446 0.227043 -0.268229 -0.139310 0.176024 0.916241 -0.313512
-0.794422 -0.708907 0.969577 0.024709 0.914383 0.399910 0.028470 -0.226517 0.536859 0.577484 0.243046 0.050698 -0.817788 -0.110994 0.245621
0.211768 -0.797372 0.649600 -0.386388 -0.251350 -0.153884 0.599624 0.869712 0.897685 -0.715845 -0.326668 -0.861773 0.410540 -0.852162 -0.046250
0.970867 -0.753358 0.589700 0.539628 0.513688 0.136771 -0.356404 0.229826 0.932137 0.594745 0.576423 0.406857 -0.514653 0.983563 -0.153934
-0.082691 -0.170539 0.245698 0.072410 -0.012859 0.062647 0.911572 0.305417 0.922909 0.927985 -0.878650 0.593084 0.998215 0.372032 0.938497
0.386627 0.878396 0.806977 -0.681808 0.257452 0.849703 0.217531 -0.899237 0.534754 0.539501 -0.248072 0.671863 0.725400 0.742019 -0.823101
-0.082752 -0.109467 0.189503 0.040846 -0.590935 -0.665872 -0.842447 0.346736 -0.001283 0.206009 -0.458675 0.182616 0.685892 -0.426609 -0.951382
-0.002701 -0.464415 0.386623 -0.136094 -0.174567 0.094539 0.337708 -0.257804 -0.718739 0.585287 0.227871 -0.087237 0.893974 0.331257 -0.843816
0.879849 0.436801 0.868461 0.929583 -0.121132 -0.801355 -0.245154 0.680562 0.341351 0.913011 -0.221414 -0.546107 -0.565838 -0.073655 0.201932
-0.122582 0.102895 0.127585 0.333919 0.089085 -0.473678 -0.785562 0.001870 -0.968853 0.730925 -0.367880 0.367244 0.864113 -0.365646 -0.498298
0.020609 -0.110370 -0.724662 0.422507 -0.827775 0.119764 0.922261 -0.245378 0.707649 0.621388 0.186771 0.919248 0.045244 -0.799116 -0.332865
0.697175 -0.961019 0.120348 0.897791 0.189709 -0.335592 -0.479791 0.157617 0.835994 0.699751 -0.367841 0.412714 -0.162957 -0.897403 -0.224279
-0.845239 -0.578085 -0.464202 -0.535112 0.463248 -0.359224 0.768115 -0.157360 -0.947918 0.155462 0.859054 -0.058920 -0.132858 -0.937652 -0.033292
0.359958 -0.998047 0.659674 -0.202968 0.391143 -0.301621 0.289388 0.568804 -0.553583 -0.092596 -0.810900 -0.671789 -0.059094 -0.611965 0.049792
-0.242137 -0.252363 0.470223 -0.454066 0.081841 0.273713 -0.082140 0.927294 0.814940 -0.954982 0.902840 -0.832608 -0.127356 -0.682764 0.787565
-0.185245 0.031572 -0.028562 0.075499 -0.335644 0.944193 0.624614 -0.134677 -0.337249 -0.753057 0.207608 0.659589 0.334873 0.824165 -0.862489
-0.912190 0.607171 -0.984648 0.031930 0.444107 -0.636843 0.479420 0.196617 -0.124536 0.316402 -0.636363 -0.904331 -0.670113 0.336300 0.021851
0.311244 0.066280 -0.993831 0.636935 0.743194 -0.203154 -0.976779 -0.920581 -0.129063 -0.040597 0.860439 0.397426 -0.555071 -0.881890 0.930017
-0.451379 -0.359201 0.136557 -0.198250 0.340080 0.470096 0.589425 -0.757127 -0.911889 -0.110407 0.933158 -0.161873 0.815681 -0.987371 -0.252197
-0.993817 -0.258327 -0.777239 -0.890935 -0.770481 0.585515 0.146806 -0.406738 -0.054286 -0.946125 0.102624 -0.681187 -0.977701 -0.848642 0.277339
0.595918 -0.052726 0.208343 -0.516426 -0.360428 -0.045271 0.468716 0.670182 0.175571 0.564342 -0.247002 0.104317 -0.722082 -0.841003 0.125713
-0.600853 -0.720743 -0.755752 -0.811911 0.293465 -0.265035 -0.510282 0.208600 0.625429 0.904077 -0.811024 -0.455654 -0.449259 -0.110571 -0.816929
0.998166 -0.556194 -0.143547 -0.603212 -0.270388 -0.933184 0.916273 -0.182769 0.349680 0.909893 0.945257 0.428370 -0.783162 -0.440788 0.791091
0.717803 -0.933695 -0.706034 0.849145 -0.806441 -0.332544 -0.592226 0.313533 0.286768 0.276184 0.484438 -0.749663 -0.803837 -0.781023 -0.924652
-0.186380 0.458857 -0.703025 -0.358060 -0.577462 0.591438 -0.014736 0.906408 -0.440634 0.759561 -0.608885 -0.847293 0.213203 0.009659 -0.910383
0.874912 0.438459 -0.929415 -0.486882 -0.772543 -0.529028 -0.236866 -0.953580 -0.222384 0.572595 0.015209 0.643694 0.278376 -0.047941 -0.697831
-0.949904 0.943849 0.669374 0.334444 0.239481 -0.417393 -0.196242 -0.904646 0.736448 0.579535 0.066060 -0.861700 0.246023 -0.941737 0.095232
0.740195 -0.160268 -0.285468 -0.998827 0.654333 -0.913375 -0.708703 -0.158684 -0.275430 -0.990638 0.322315 0.014961 -0.798815 -0.302039 0.443409
-0.544932 0.291456 0.003210 0.389023 0.972615 0.360928 -0.413435 -0.472328 0.200167 0.753006 -0.957040 0.396428 0.676234 0.300808 0.267866
0.135192 -0.734497 -0.010276 0.476961 0.049836 -0.726918 0.996805 0.691637 -0.562872 0.980584 0.572779 0.008292 -0.677183 0.056036 -0.533307
-0.887051 -0.905317 0.937683 0.013519 0.848191 -0.669228 -0.504448 0.265662 0.961173 0.053642 0.519768 -0.130853 0.574020 -0.220886 0.439714
0.793691 0.788695 -0.962688 0.669265 0.285379 -0.025538 0.420305 -0.738839 -0.380790 -0.235558 -0.865873 0.034293 0.749582 -0.603236 -0.206865
0.990008 -0.252451 0.580398 0.872299 -0.702301 -0.305824 0.045839 -0.058450 0.474574 0.394804 -0.257939 0.893658 -0.769082 0.235581 -0.241501
0.513498 -0.004462 -0.229128 0.579318 -0.767241 -0.640495 -0.474644 -0.490529 0.156020 -0.389055 0.539384 0.714186 0.310730 -0.007666 0.199637
-0.575618 -0.150466 0.000196 0.689349 0.753018 -0.346710 0.572862 -0.315597 -0.841812 0.206916 0.336971 -0.600319 -0.299778 0.979940 -0.895967
-0.931107 -0.173641 -0.856311 0.892589 0.525932 -0.463846 -0.033936 0.722675 0.506272 0.189991 -0.769231 -0.800346 -0.950007 0.305912 -0.626971
-0.052973 -0.215276 0.784278 -0.633941 -0.385933 0.514238 -0.740273 0.059855 -0.716668 0.295415 0.835526 -0.216671 0.943706 -0.719011 0.799623
0.498159 0.895166 -0.429147 0.755440 -0.915479 -0.800757 -0.730684 -0.237944 0.832047 0.067131 -0.147679 0.125573 0.097941 -0.363315 0.587255
0.040063 -0.500153 0.959574 -0.815179 0.802143 0.850289 -0.791245 -0.793411 -0.781638 0.843154 0.623009 -0.113520 0.190245 -0.335711 -0.772569
-0.190181 -0.247206 0.737172 0.028346 -0.581856 -0.078302 -0.698826 -0.968759 -0.790335 0.395138 -0.372955 -0.789108 0.921857 -0.119441 -0.297164
-0.723299 0.981648 0.436644 -0.445582 -0.782461 0.830224 0.163824 -0.500799 -0.014180 0.577161 -0.081472 -0.322744 0.017899 -0.116787 -0.891572
0.279806 0.720882 0.387912 0.774296 -0.208400 -0.044006 0.388131 -0.705477 -0.758736 -0.010465 0.271948 -0.132986 -0.791914 0.300632 -0.480466
0.009189 0.816572 -0.131906 -0.005150 -0.378555 -0.148758 0.893393 0.491180 0.964687 0.631824 -0.281778 -0.720178 -0.742101 -0.939838 -0.501495
-0.869245 0.089884 -0.338738 -0.699133 -0.205808 -0.029417 0.798494 0.064448 0.935788 0.041309 0.859226 -0.477405 -0.961385 0.673273 -0.160317
-0.687449 0.659759 0.244504 0.748123 0.652847 0.239895 -0.927035 -0.606353 -0.565858 0.079404 -0.497471 0.536710 -0.154761 0.676904 0.669250
-0.116000 0.879836 -0.402820 -0.628971 -0.783438 0.102350 0.613376 0.568813 0.439973 0.478570 -0.164717 -0.588930 0.377713 0.798505 -0.993397
-0.528705 0.471272 -0.901443 0.908742 -0.676766 -0.518327 -0.193542 -0.244336 -0.638295 -0.375788 0.958714 -0.043097 0.564765 -0.275359 0.627177
0.799824 -0.413261 -0.240756 -0.291125 -0.021210 0.106614 0.366487 0.938421 -0.158573 -0.813301 0.709914 0.103437 -0.947667 -0.685177 0.824483
-0.615758 0.831838 -0.697371 -0.428611 0.966581 0.126923 0.514537 -0.931582 0.288383 -0.000936 0.584939 0.686419 0.637359 0.521197 -0.315852
-0.712080 -0.736823 -0.662804 -0.574212 -0.214149 0.988693 0.619523 0.924640 -0.211051 0.345517 -0.509158 0.682268 -0.903618 -0.907285 -0.731253
-0.980487 -0.025040 0.925604 0.449810 -0.482666 0.433453 -0.621052 -0.634061 -0.424974 -0.772320 -0.424056 0.969040 0.705528 -0.228615 0.048194
0.428712 0.960479 -0.141882 -0.452282 0.260537 0.292540 -0.692309 0.038853 -0.552445 0.776329 -0.203548 0.261124 0.977280 -0.343709 -0.082763
-0.253075 -0.322549 -0.694484 -0.011589 -0.174613 0.205158 -0.249528 -0.898400 0.267116 0.987296 -0.757789 0.465974 -0.628186 -0.586336 -0.634524
-0.231567 -0.083664 0.059719 0.021574 -0.468977 0.983715 0.599493 -0.492233 0.850513 0.228805 -0.097198 0.477086 -0.347928 -0.131398 0.752847
-0.462994 0.042416 0.963418 0.999655 0.685338 -0.049431 -0.134882 0.833789 -0.031940 0.935482 -0.840415 0.673964 -0.412753 0.159459 0.046343
-0.168584 0.434292 0.845093 -0.190877 -0.484375 -0.733360 0.255737 -0.466223 -0.512866 0.818498 0.585807 0.781231 0.637665 -0.282559 -0.642268
-0.216202 0.760907 -0.657764 -0.445194 -0.998811 -0.980449 -0.445153 -0.512535 -0.487440 0.086189 0.804154 0.385568 -0.627008 -0.618231 0.313840
0.473232 -0.609288 -0.157302 0.810511 -0.116906 -0.497072 -0.087517 0.298869 0.031905 -0.913473 -0.835612 -0.208451 0.815994 0.647689 0.551682
0.002850 -0.708958 0.942193 0.048147 0.010152 0.445444 -0.578197 -0.337775 -0.240110 0.516737 0.432030 0.991868 -0.570058 0.139643 0.630587
-0.369905 0.528950 -0.619741 0.401454 0.861080 0.620887 -0.057395 -0.131829 0.580707 0.478069 0.538635 0.433787 0.711632 0.254377 0.565361
0.802761 0.736005 0.855701 0.641933 -0.777296 0.116459 -0.042384 -0.053209 0.769462 -0.538909 -0.960840 -0.482544 0.861507 -0.867234 0.832140
0.545583 -0.497977 -0.137882 0.067081 -0.445370 0.104676 0.771855 0.441037 -0.244262 -0.159605 -0.079125 -0.447019 -0.011850 -0.746447 -0.780502
0.221697 -0.338556 -0.854148 -0.443778 0.751162 0.894223 -0.226631 -0.661798 -0.362137 0.566590 0.946088 0.644696 0.911107 0.603216 -0.829061
-0.496264 -0.598090 -0.187204 0.282551 -0.870581 0.303644 0.880444 -0.099813 0.511053 -0.808653 -0.761517 -0.871887 0.927871 -0.821406 -0.960897
-0.495746 0.563112 0.719685 0.218864 -0.976479 -0.166126 0.440588 -0.484329 -0.952506 -0.921814 0.784571 -0.356509 -0.498930 0.536631 0.716838
-0.143321 -0.268129 0.891893 -0.267068 0.301208 -0.140833 0.485507 0.142510 -0.054301 -0.014199 0.155800 -0.294835 -0.835037 -0.819387 -0.545133
0.806049 -0.804022 -0.987534 0.128843 -0.590663 -0.936239 -0.053511 0.044854 -0.208453 -0.955969 -0.661084 0.908721 -0.442858 0.200469 0.888285
-0.461767 -0.922455 -0.601499 -0.398365 -0.366684 0.956885 -0.643009 -0.488888 0.474378 0.924165 -0.789551 -0.732801 -0.510670 -0.217206 0.348849
-0.611715 0.210248 -0.516196 -0.195929 -0.148779 0.875339 -0.496181 -0.378714 0.017976 -0.262947 -0.105094 -0.358609 0.092511 0.635018 0.079077
-0.835624 0.245199 0.105945 -0.007570 0.133165 0.660278 -0.378877 0.594383 0.366300 -0.330300 0.872521 0.441378 0.505448 0.936374 0.441490
0.902759 -0.050057 -0.822005 -0.078533 -0.008939 0.101052 -0.792433 0.024024 -0.946611 0.290287 0.293726 -0.889812 -0.964462 0.896965 -0.534472
-0.807079 -0.036390 -0.301083 -0.703959 0.421671 0.451326 -0.123674 0.772062 0.318292 0.446295 -0.996994 -0.324473 0.580350 -0.456555 0.491472
0.605131 0.785242 0.987802 0.769892 -0.965872 0.415848 -0.161036 -0.519560 0.175777 0.028182 0.061075 0.622068 0.115534 -0.447176 -0.167633
0.713059 -0.214844 0.493992 -0.722647 0.878927 0.880927 -0.605915 0.740151 0.403439 -0.380868 0.158346 -0.235502 -0.482852 0.430702 -0.494757
0.784643 0.755170 -0.975975 0.079341 -0.192593 -0.139061 0.100471 0.190818 -0.373198 -0.534514 0.110693 0.083901 0.671408 0.125591 0.535230
-0.952834 -0.378249 -0.320299 -0.942011 -0.127733 -0.923388 0.920962 -0.198245 -0.158785 0.658905 0.090161 -0.825511 0.030194 -0.107479 0.687812

Bias v0 (Oculta):
0.686461
0.970084
0.107573
-0.155154
-0.886327
-0.480085
-0.510016
-0.293578
-0.378957
0.306393
-0.078285
-0.860496
0.146153
-0.587686
-0.876571

Pesos w (Oculta -> Saída):
-0.955498 -0.778571
-0.724980 -0.240181
-0.146681 0.641454
0.094173 -0.032528
-0.373613 0.448898
-0.192620 0.069850
-0.472597 0.381113
-0.813226 -0.469650
-0.723798 0.484866
-0.084939 -0.109368
-0.057332 0.144636
0.156404 -0.255301
-0.101357 0.012728
0.279202 -0.446733
-0.877295 -0.566537

Bias w0 (Saída):
0.617023
-0.202229
