Pesos v (Entrada -> Oculta):
0.739143 -0.170150 0.849196 -0.870827 0.513330 0.966416 0.239925 0.404593 -0.220249 -0.130328 -0.368247 -0.158531 0.305255 0.341116 -0.855988
0.639381 0.784403 -0.764677 0.245040 -0.665284 -0.243460 0.799046 -0.130108 -0.650905 -0.505094 -0.612770 -0.180438 -0.759301 -0.058238 -0.299415
0.442929 -0.686469 0.536046 0.091738 0.091830 0.450640 0.776038 -0.528626 -0.146561 0.263908 -0.418037 0.507512 0.651701 0.202588 0.504856
-0.679455 -0.535475 0.435119 -0.034415 0.834830 0.643080 0.592288 0.682439 -0.548296 0.431435 -0.717059 -0.648204 -0.012597 -0.473293 -0.468531
-0.746366 0.113215 -0.956896 -0.174487 0.157716 0.046790 -0.191936 -0.370576 -0.701560 -0.556891 0.508899 0.611598 0.804176 0.664786 0.508046
-0.768983 -0.443252 -0.922323 -0.532862 -0.106219 -0.731702 0.567310 -0.021505 -0.019371 0.090667 0.099477 -0.586652 -0.299771 -0.416424 0.502057
-0.026198 -0.703493 -0.653472 0.206628 0.991573 0.873408 0.258202 0.109978 0.843829 0.017526 -0.397313 -0.231484 -0.455849 -0.531367 -0.045804
0.963606 0.879887 0.821455 0.655354 0.669403 0.391897 0.164986 -0.645635 0.547026 -0.352844 0.228906 -0.244730 0.765961 0.074799 -0.827532
0.874641 -0.082857 0.269545 0.682593 0.399939 -0.569331 -0.428484 -0.811314 0.589196 -0.646397 0.152661 -0.481964 0.770224 -0.935602 0.607686
0.749477 0.391958 -0.755825 -0.408921 0.533798 -0.366016 -0.174432 -0.441497 -0.104362 0.051828 -0.548635 -0.906985 0.044082 0.245101 -0.481191
0.078914 -0.931848 0.216541 -0.975306 0.313391 -0.349029 0.658458 0.834268 -0.916665 -0.398084 0.233955 -0.253813 -0.454649 0.904860 0.270953
0.809904 -0.726530 0.921963 0.788273 -0.594465 -0.852765 -0.983347 -0.837261 -0.403809 0.216903 -0.121370 0.238464 -0.158450 -0.933086 -0.518066
0.735493 0.210959 0.097711 0.806697 0.035156 0.898285 -0.055636 -0.399065 0.989871 -0.672241 0.200285 -0.063518 -0.677079 -0.153811 0.745171
0.655705 0.702589 0.268093 -0.031337 0.361551 0.846689 0.736640 0.348296 -0.230194 0.495379 -0.695702 0.694688 0.021251 0.611540 0.975483
-0.916198 -0.047532 -0.400489 -0.123897 0.500641 0.303761 0.523548 -0.363825 -0.659765 0.042668 -0.581720 -0.040203 -0.810466 -0.405551 0.760421
0.595207 -0.467081 -0.152371 0.377191 0.056966 0.868828 -0.089524 -0.365933 -0.606150 -0.859462 0.245191 0.758151 -0.656599 -0.238704 -0.250110
0.311888 0.268988 0.763323 -0.846750 -0.498501 -0.042340 0.562368 -0.039968 -0.538784 0.748427 -0.107491 -0.677963 -0.026528 0.106176 0.629214
0.998880 0.053952 -0.371769 -0.382207 0.833451 0.712778 0.316597 -0.118641 0.342195 0.456913 -0.656772 -0.491666 -0.488004 -0.039748 -0.881509
0.158891 0.559231 -0.705765 -0.641657 0.157907 -0.023116 0.120814 0.494216 -0.532563 0.929612 -0.843924 -0.521874 0.780234 -0.761899 -0.630885
-0.802847 0.644492 -0.327801 -0.215765 0.574374 0.358359 -0.504238 -0.737414 0.139921 0.393419 0.772668 -0.422411 0.560387 -0.538824 -0.789239
-0.458791 0.455317 -0.179427 0.274278 0.543995 -0.434408 0.990440 0.316249 0.353919 0.324339 -0.690388 -0.821166 0.120130 0.071530 -0.139636
-0.906103 0.894374 0.893341 0.874891 0.554077 -0.349574 0.002636 0.930047 -0.280473 -0.611200 0.575334 -0.516830 -0.335651 -0.086288 -0.720631
0.313061 -0.613864 -0.315230 -0.164089 -0.996649 -0.039129 0.313740 -0.369079 0.681928 0.274366 -0.698965 0.265270 -0.280492 0.855641 -0.403991
0.561758 0.299469 0.973188 0.190517 -0.493402 0.013346 0.541577 -0.898707 0.404213 0.084645 -0.489879 -0.341183 0.531167 0.404167 -0.995317
-0.363368 0.532942 0.097216 -0.166488 0.059602 -0.456583 -0.528615 0.800613 0.374363 -0.991338 -0.825171 -0.435932 -0.703528 -0.343014 -0.709648
0.818040 0.660019 0.524813 0.218474 -0.571028 0.944568 0.807868 0.510581 0.666841 0.533127 0.180917 0.169804 -0.931387 0.212319 0.442045
0.680783 -0.501573 0.881278 0.216170 0.731789 -0.946164 0.867273 0.116248 0.374612 0.266350 0.092424 -0.114258 -0.685273 0.116821 -0.815130
-0.418766 0.617489 -0.654052 -0.688813 -0.392220 0.387605 0.459997 -0.957506 0.077460 0.493252 -0.674534 -0.563317 0.063333 -0.799383 -0.612170
-0.518665 -0.412964 -0.869011 -0.651379 -0.583357 0.012305 0.293689 0.091984 0.282046 -0.963946 0.118032 -0.144682 -0.993742 0.035944 0.871012
-0.287172 0.032011 0.091338 0.603826 0.241128 0.446162 -0.276433 -0.225769 -0.041595 -0.789362 -0.671651 0.430501 -0.940217 -0.899820 0.415475
0.940550 -0.855645 0.019348 -0.973685 -0.709515 -0.381695 -0.527202 0.838373 -0.645324 0.664023 -0.294133 -0.533520 -0.349948 0.204998 0.058856
0.472965 -0.545310 0.816191 -0.290356 0.781182 -0.100704 -0.995843 -0.526740 -0.617454 0.413308 0.715569 0.096157 -0.784449 0.672307 -0.761129
-0.193139 0.440469 0.174279 -0.175413 0.971374 0.877531 0.470590 0.647598 -0.647431 0.981309 0.229641 -0.402989 -0.635849 -0.835125 0.282662
-0.402987 -0.697419 0.311035 0.053666 0.366455 0.561795 -0.506437 -0.540450 0.471016 -0.407189 0.795667 0.776561 -0.445292 0.015334 -0.976164
-0.676081 -0.221220 0.019249 0.277880 -0.747231 -0.565528 -0.763922 0.593234 0.565925 0.432369 0.734088 0.893095 -0.709413 -0.686761 -0.443231
0.848280 0.154783 0.747852 -0.018541 -0.496897 -0.944361 -0.359814 -0.974303 -0.802657 -0.800734 -0.504014 -0.332373 -0.286215 0.122014 0.686989
-0.155335 -0.747912 0.927145 -0.042283 0.038413 0.105397 0.476885 0.910292 -0.689448 -0.423258 -0.532395 0.255934 0.994886 -0.152988 0.983498
0.194929 -0.678844 0.966057 -0.699791 -0.919901 0.262753 0.645794 0.644144 -0.454802 0.578122 0.747923 0.674271 0.981721 -0.877702 0.320217
0.151160 -0.664130 0.533943 -0.655422 -0.945975 0.341295 0.636902 -0.793019 0.857233 -0.257654 0.082179 0.499599 0.338127 0.196419 0.830558
0.226756 0.436773 -0.743987 -0.664738 0.080714 0.982254 0.817102 0.544698 -0.281991 -0.506915 0.918326 -0.428777 0.540353 -0.788455 0.292349
-0.209253 -0.598902 0.542521 -0.193281 0.798564 -0.664563 0.518830 -0.076687 0.407195 -0.236246 -0.233761 0.015667 -0.181324 0.163065 0.814091
0.345257 0.325262 0.533544 -0.500059 0.489717 -0.437468 -0.394693 -0.997094 -0.652926 -0.820887 0.171535 -0.443522 0.734318 -0.060926 -0.149086
-0.185213 -0.406159 0.530674 0.566885 -0.060638 0.351394 -0.586615 -0.469848 -0.720921 -0.373726 0.292730 -0.602026 -0.266709 -0.015253 -0.690715
0.487000 -0.989434 0.936363 -0.452041 -0.508452 -0.153608 -0.172359 0.438820 0.027349 -0.436596 0.301738 -0.004793 -0.947829 0.232728 -0.076559
0.210845 -0.589121 0.370146 0.771158 -0.500042 0.222910 -0.612231 0.303866 0.744555 -0.709607 0.954723 0.666789 -0.766040 -0.744178 0.122987
-0.600563 0.449389 0.772559 0.079599 -0.428142 0.511900 0.690335 -0.229859 0.909351 0.505522 0.130476 -0.973591 -0.541211 0.811993 0.081601
-0.039488 -0.660984 -0.059917 -0.811602 -0.526704 0.041877 0.530056 0.855715 -0.302922 -0.615932 -0.749228 -0.757586 0.851040 -0.583946 -0.492050
-0.521284 -0.442672 -0.824958 0.771040 -0.809105 0.323354 0.211624 0.951255 -0.740310 0.856783 0.792216 -0.139738 0.238213 0.708909 -0.539706
0.562648 -0.658812 0.174584 0.556457 -0.428399 0.764549 0.006155 -0.686361 -0.175167 0.519254 0.002023 0.680641 0.541796 0.422811 0.301231
-0.301059 0.355235 -0.392719 -0.363796 0.956682 0.356234 -0.689896 -0.886617 0.524238 0.281461 0.919921 0.445552 0.535144 0.859274 -0.058420
-0.744039 0.533437 0.062357 -0.038405 0.970409 0.690924 0.516931 0.606781 -0.284890 -0.909700 0.613616 0.947678 0.202916 0.050475 -0.520397
-0.025793 0.760606 -0.808853 -0.576470 -0.324160 -0.335589 0.872869 -0.733230 -0.679235 0.136166 -0.474255 -0.315364 0.015275 0.696003 0.572240
-0.965479 -0.323585 0.877259 -0.215517 -0.241451 0.032310 0.386171 -0.159898 -0.546663 0.276475 -0.725886 -0.589880 0.863587 0.650527 -0.464948
-0.014450 0.809816 0.679245 0.297509 0.585276 0.925376 0.615855 -0.114222 0.207628 -0.461581 0.018934 0.526534 -0.113362 -0.637538 -0.170352
0.032853 -0.003019 0.460509 0.145897 0.877755 0.961599 0.461019 -0.019713 0.909602 -0.072294 -0.434911 0.776307 0.728842 0.316411 -0.221398
-0.006576 0.312719 -0.656553 -0.675174 0.422691 0.193334 -0.382520 0.571824 -0.210900 -0.855902 -0.192417 -0.667824 -0.448397 0.097089 -0.281972
-0.082439 0.668527 -0.127150 -0.540105 0.052376 0.988801 -0.649162 0.723180 -0.664129 -0.687314 -0.218647 0.317854 0.562827 -0.206953 0.808341
0.693099 -0.199939 0.875734 -0.246507 0.453134 -0.414208 0.880478 -0.779563 -0.041827 0.337430 -0.582957 0.934646 -0.310315 -0.863260 0.728453
0.533593 -0.674913 0.216723 -0.565991 -0.104405 -0.521118 0.991688 0.324056 -0.425685 -0.596725 -0.744905 -0.025840 -0.992056 -0.912843 0.904965
-0.194010 -0.862197 -0.485618 -0.510031 -0.632446 -0.155086 -0.897142 0.982504 0.886060 -0.245635 -0.581837 -0.038855 -0.669358 0.247626 -0.546217
-0.318937 0.278890 0.771994 -0.065508 -0.498398 -0.810454 -0.591332 -0.565779 -0.980459 0.254537 -0.231101 0.464587 -0.261519 0.565830 0.941800
-0.475831 0.527390 -0.762667 -0.895935 -0.275811 0.868741 -0.471954 -0.084296 0.508488 0.278355 0.211275 0.024075 0.988621 0.043740 0.365813
0.879725 0.199638 -0.398539 0.661267 0.268858 0.312888 -0.351932 -0.590603 0.643857 0.661525 -0.964679 -0.573810 0.492779 0.239105 0.295406
-0.663807 0.936244 0.867756 -0.687012 0.174847 0.983535 0.208839 0.678092 -0.743208 0.077892 0.118724 -0.745917 0.938377 -0.074748 0.323925
-0.298721 -0.977092 -0.893335 0.980891 0.601663 0.931753 -0.454185 0.715486 -0.570370 0.440393 -0.950718 -0.391025 -0.449574 0.722894 0.898072
0.273892 -0.264057 -0.296036 -0.269585 0.019120 0.150800 0.963230 -0.215560 0.564960 -0.342887 -0.281851 -0.138869 -0.394454 0.568589 0.370351
0.389117 -0.671065 -0.472400 0.788719 -0.682955 -0.279455 0.021753 -0.083299 -0.053233 0.092710 -0.231742 -0.373605 -0.830178 -0.619407 0.296115
-0.822000 0.951894 -0.143609 -0.867307 0.079018 0.715516 0.366555 -0.970909 -0.111928 -0.744639 -0.370078 0.301980 -0.530252 0.551572 0.827132
-0.644857 0.005935 0.255358 0.880910 0.599182 -0.826116 0.984731 0.582482 -0.615858 -0.536536 0.254596 0.799423 -0.034273 -0.713093 -0.255148
-0.925371 0.673244 -0.450048 0.480700 -0.496383 -0.222596 0.723905 -0.213025 0.536466 0.427097 0.461502 0.237108 -0.055460 0.866610 -0.020699
-0.472029 0.244241 -0.890317 -0.967907 -0.562450 0.075891 0.042513 0.863530 -0.689866 0.851185 0.281613 0.798347 0.941729 0.231071 0.728788
0.989778 -0.317970 0.986461 -0.302233 0.425760 0.492754 0.437896 -0.449358 -0.967761 0.137084 -0.548282 0.920621 0.268460 0.149378 0.275700
0.556458 0.178915 0.027528 -0.202924 -0.792166 -0.303510 -0.832056 0.363089 0.585904 -0.065590 0.111006 0.957788 -0.088889 -0.260619 0.468786
-0.130477 -0.053364 0.154916 -0.284603 -0.204802 0.087537 -0.674094 0.359703 -0.530364 0.394065 0.675518 0.448150 -0.433292 0.406825 0.618528
0.567719 -0.411286 0.995536 0.820138 0.292904 0.401178 -0.810206 -0.017029 0.742470 0.720659 0.995373 0.395540 -0.471129 -0.069695 0.879457
-0.812073 0.086256 -0.286323 -0.871900 0.363258 -0.335141 0.594082 -0.081107 0.250680 -0.364013 0.266802 -0.335581 -0.914584 0.961097 -0.061450
0.388294 0.051375 -0.898482 -0.119016 0.939099 0.805329 0.285921 -0.704914 -0.639768 -0.870438 -0.516436 0.508786 0.035979 -0.161122 0.395271
0.702242 -0.014116 -0.244267 0.500983 -0.075795 -0.591550 -0.759121 0.169713 -0.254341 0.678342 0.447426 0.948275 0.725577 0.863828 0.940800
-0.242530 0.544489 0.963077 -0.210587 -0.030869 -0.765816 0.168511 0.816229 -0.776374 -0.697612 0.934077 0.418872 -0.987266 0.975672 0.731167
-0.208871 -0.051223 -0.781228 -0.593496 0.767171 0.798845 0.690659 -0.782077 0.561058 0.729749 0.972959 0.939569 0.007900 0.501690 -0.636438
-0.959299 -0.444846 -0.236968 0.601531 -0.666878 -0.077383 -0.205364 -0.852031 0.150945 -0.034904 0.922412 0.752046 0.770158 -0.522190 0.748712
0.264242 0.476887 0.183427 0.515445 0.863858 0.861715 0.378043 -0.321343 0.691729 0.804699 -0.890459 -0.422641 -0.525488 -0.267348 0.777241
-0.990156 -0.618176 0.457518 0.520390 -0.655727 -0.444075 -0.950854 -0.730593 -0.818323 0.326730 -0.188141 -0.455552 0.524359 0.568301 -0.882420
0.537695 -0.772113 -0.508062 0.709856 -0.942305 -0.252432 0.455152 -0.542674 -0.475458 -0.197662 -0.243658 0.830072 -0.780466 0.813244 -0.272064
-0.751486 0.054238 -0.737783 0.807498 0.379708 0.705272 0.192166 0.516172 -0.315329 -0.913717 0.655259 -0.325024 -0.442819 -0.749159 -0.232095
-0.767916 0.178790 0.300423 0.560654 0.166993 0.994413 -0.228782 -0.963152 -0.959266 -0.331711 0.267005 0.885390 -0.914668 0.789741 0.884881
-0.853878 -0.419915 0.493438 0.949460 0.632777 0.473207 0.901542 0.908639 -0.387957 0.011916 -0.312310 -0.042378 -0.016690 -0.762310 0.977648
0.405661 0.094893 0.178533 0.335606 0.150852 -0.660668 -0.493627 0.816850 -0.819240 0.589257 -0.824527 0.167722 -0.935329 0.005190 -0.445551
0.900785 -0.915901 -0.795903 -0.805175 0.798549 0.416889 -0.901183 0.925202 -0.774150 0.882376 -0.011203 0.169019 0.478711 0.757798 0.657838
0.887991 0.916191 0.880015 0.498200 0.817381 -0.434966 0.221916 -0.185818 -0.807342 -0.464198 0.082447 -0.622923 0.489489 0.748128 0.393214
0.539437 0.804756 0.182409 0.800588 0.683690 -0.357980 0.954132 -0.717739 -0.514346 -0.131123 0.245318 0.326873 -0.604649 0.911653 0.289150
0.015310 -0.778117 -0.036268 0.006228 0.542619 0.811958 0.388545 0.250401 0.869854 0.910394 0.516952 0.710591 0.049913 -0.343147 0.279185
0.476665 0.662789 -0.165684 0.848332 0.390089 -0.900578 -0.838627 -0.953508 0.570345 0.323869 -0.439193 -0.409368 -0.221794 0.608761 0.479657
0.061465 -0.083610 -0.590073 -0.536976 0.030259 0.993041 0.374470 -0.743852 -0.611492 0.433955 0.127539 -0.092399 -0.962321 0.088073 -0.794746
-0.809582 0.404282 -0.790784 0.071324 0.380048 -0.978605 -0.054542 0.268835 -0.408658 -0.162416 -0.306188 -0.858951 0.155775 0.957624 0.320166
0.208684 -0.046865 -0.620304 0.302792 -0.473303 0.198568 -0.101165 0.389018 -0.392127 -0.328804 0.589357 -0.404077 -0.484888 0.985656 -0.382835
-0.690257 0.774907 -0.264768 -0.996551 0.911339 -0.065549 0.179473 0.469395 0.998295 -0.698022 0.141069 -0.260291 0.182754 0.281014 0.141704
-0.648377 0.108940 0.868969 -0.450893 -0.775453 0.573471 -0.872644 -0.560993 0.415624 0.851647 -0.062596 -0.759345 -0.338454 -0.837871 0.448844
-0.427096 0.524896 0.081855 0.413265 0.450211 -0.179844 -0.722797 0.377535 -0.553274 0.419231 0.869304 0.290206 0.668783 0.719704 -0.570360
0.313339 0.694005 0.372773 0.814361 -0.976125 -0.260398 -0.029075 -0.434292 0.210718 0.816977 0.749917 0.277554 0.552945 0.464853 -0.600499
-0.053058 -0.537250 0.960951 0.406219 -0.379359 -0.184031 -0.671140 -0.974550 0.172144 -0.532118 0.743385 -0.713130 -0.191444 -0.302907 -0.793902
-0.504107 0.346070 -0.289313 0.721263 -0.321987 -0.891044 0.639497 -0.011480 0.134259 -0.227760 0.488713 0.497548 -0.258591 -0.492843 0.847081
-0.352363 -0.858812 0.055505 -0.409187 -0.614060 0.082713 0.785303 0.918388 -0.658700 -0.471813 0.459724 -0.183556 0.871438 0.545389 -0.832293
-0.941708 0.908153 -0.951330 0.259395 0.493944 -0.071311 0.412889 0.755973 -0.592448 -0.584737 0.653219 -0.277837 0.375769 -0.802631 -0.464229
-0.922943 0.566685 -0.702936 0.046169 -0.547672 0.683932 -0.634106 -0.603954 0.385763 -0.093134 -0.338417 -0.226469 -0.207040 -0.099943 -0.065867
-0.162089 -0.740033 0.465708 0.566094 0.417015 -0.198146 0.354716 0.710038 -0.901349 -0.376999 0.246323 0.521038 -0.173761 -0.037889 0.749371
-0.251496 0.337364 0.157572 0.992613 0.068065 -0.007839 0.194371 -0.855873 0.818129 0.864860 -0.815285 -0.072107 -0.792245 0.325848 -0.006737
-0.154421 -0.681182 0.605640 0.971016 0.374803 -0.162178 -0.464740 -0.140557 -0.813690 0.113095 0.541726 0.371107 0.222118 -0.958679 -0.168740
0.347253 0.343309 0.696624 -0.041845 -0.691449 -0.488321 0.598246 -0.064541 0.598801 -0.129759 -0.770512 0.759960 -0.390158 -0.681091 0.667246
0.467246 -0.860939 0.240674 -0.303584 0.934063 0.241753 0.058093 0.841759 0.015653 0.168433 -0.784961 -0.508781 0.501934 -0.993698 0.559847
0.691307 -0.676370 -0.933558 -0.715708 -0.203071 0.587299 -0.113562 -0.384658 -0.530339 -0.826925 -0.384446 -0.394528 -0.451782 0.051880 -0.402533
0.945260 0.043337 0.139492 -0.987870 0.242022 -0.657372 -0.605607 0.007159 0.571459 0.074875 0.686085 0.650831 -0.877830 -0.228008 -0.878987
-0.251010 -0.604630 -0.574125 0.057538 -0.401178 -0.424627 0.467474 0.606766 0.043877 0.631234 -0.764912 0.051539 -0.531546 -0.884767 -0.328135
-0.313417 0.622671 -0.285535 -0.528066 -0.336001 -0.899160 -0.263237 -0.667508 0.252710 -0.817824 -0.884627 0.411933 -0.076304 -0.731012 -0.033841
-0.039967 0.328453 -0.114390 -0.979451 -0.565855 -0.870358 0.352178 0.290176 0.229411 -0.697059 -0.642052 0.765805 -0.653308 0.276782 -0.808340
0.888005 0.497090 0.584006 -0.125170 0.010912 -0.843128 0.965071 0.059593 0.168072 -0.498930 0.315579 0.295110 0.857165 -0.649848 -0.383787
0.027871 -0.735385 0.162567 -0.300213 -0.754714 0.805004 -0.289699 -0.724682 -0.113570 0.246542 0.952701 0.938501 -0.322120 -0.831534 -0.518420
0.885526 0.141081 -0.958778 0.701016 0.657826 -0.769853 -0.487559 0.396175 -0.661871 0.005231 -0.072402 0.061865 0.522406 0.118884 -0.394931
0.039018 -0.939098 0.510573 0.608363 0.577349 -0.323348 0.673793 -0.580014 -0.742495 -0.227874 -0.738568 0.018835 0.835553 -0.460927 -0.487691
0.014527 0.952489 0.955619 -0.689358 0.760469 0.261045 0.751012 -0.909028 -0.634732 0.112380 -0.883322 -0.971339 -0.314461 0.536598 -0.032101

Bias v0 (Oculta):
-0.878196
-0.166853
0.854362
0.956316
0.031942
0.645641
-0.455457
0.380142
0.071873
0.661268
0.608759
-0.079328
-0.108000
0.639836
0.062514

Pesos w (Oculta -> Saída):
-0.243314 -0.920513
0.338283 -0.230010
-0.437018 -0.680405
0.200740 -0.624062
0.131755 -0.239388
0.594075 -0.658516
-0.337028 -0.132647
-0.558439 -0.765796
0.221104 -0.360774
0.939057 0.703919
0.863913 -0.898259
-0.404522 0.481824
0.330649 -0.316461
0.789519 -0.241735
0.613132 -0.225309

Bias w0 (Saída):
0.207743
0.871335
