Pesos v (Entrada -> Oculta):
0.035572 1.123181 -0.162044 0.081792 0.974867 -0.450729 -0.373080 0.504259 -0.902170 0.344829 0.498901 0.224840 0.449236 -0.003070 0.105363
0.968323 0.806141 0.112357 -0.283238 0.217815 -0.085381 0.418879 -0.863778 -0.131389 -0.747253 0.768551 0.245569 -0.072558 0.400246 0.291277
0.516996 -0.444111 -0.494903 -0.761583 0.109705 -0.877168 -0.930973 -0.026778 0.568589 0.507394 0.121644 0.564232 0.704581 -0.116674 0.446107
-0.344254 -0.040756 -0.700554 0.973911 -0.840120 0.644316 0.487836 0.324208 0.390512 0.499155 -0.784647 -0.896063 0.647040 -0.745763 -0.681921
0.341752 -0.757545 -0.755881 0.080151 0.216098 1.139305 -0.051365 1.028859 0.464542 1.040468 -0.978043 0.657838 -1.057911 0.938654 -0.833906
-0.257098 0.018532 0.116234 0.922668 0.483616 1.221304 -0.160265 -0.655943 -0.585005 -0.389189 0.728968 -0.914266 -1.170983 1.104035 -0.294402
0.110359 0.079742 -0.873176 0.156931 0.811693 0.566507 0.342741 1.011500 0.336801 1.444511 0.066134 0.701392 0.115935 0.803453 0.400197
0.809645 -0.015519 0.353884 0.682822 -0.287982 -0.172842 0.396933 -0.000076 -0.902766 -0.047995 0.134000 -0.823929 0.484474 0.410777 0.094847
-0.710466 1.110683 -0.777341 0.745654 0.332480 0.155837 0.860553 0.448696 0.912749 0.575805 0.625199 0.064809 -0.211620 0.212023 -0.868419
0.166979 0.458356 -0.734343 1.030565 0.817906 0.534424 -0.151359 -0.746076 0.159646 -0.885365 -0.260954 -0.749167 0.347866 -0.459435 -1.079822
-0.071408 -0.081714 -0.959584 0.670485 0.252646 -0.761080 -0.046607 -0.166221 0.710659 -0.482808 0.492093 0.296507 0.532053 0.269101 -0.416462
0.687871 -0.121691 -0.094198 0.983597 0.404614 -0.608494 -1.020867 0.547676 0.592701 -0.868490 -0.631786 0.295976 0.105701 -0.912316 -0.603722
0.003526 0.961129 0.306107 0.717587 0.001894 -0.815407 -0.085652 -0.332456 -0.924898 -1.186230 0.691853 0.454118 -0.085259 0.073714 -0.306302
-0.331536 0.098132 0.774691 -0.040569 -0.919560 0.777512 -0.140936 -0.345092 -0.462634 0.227156 -0.545265 -0.758016 -0.077748 -0.008314 -0.231492
-0.348555 0.635206 0.575703 0.829322 -0.811875 -0.275982 0.167921 -0.093485 0.127306 -0.842873 -0.564434 -0.110661 -0.625122 0.820389 -0.826446
-0.997385 -0.779292 0.082407 0.591769 0.553072 0.989934 -0.006967 0.487867 -0.633759 -0.402117 0.581816 -0.747311 -0.559015 0.488022 -0.817440
0.716753 0.407035 0.919600 -0.266044 0.885740 0.505130 0.497061 0.405654 -0.608675 0.004148 -0.140572 -0.776287 0.386236 0.659847 0.870182
0.674987 -1.504158 0.072723 0.810092 -0.441620 0.378964 0.251304 0.567609 -0.334505 1.121468 -1.110646 -0.423266 -0.382162 1.052072 -0.372857
-0.038296 0.316486 0.443949 0.746022 0.430947 0.861442 -0.368350 0.203234 -0.359330 0.430916 0.459299 -1.206472 -0.087975 -0.613744 -0.424286
0.573519 0.570120 0.952327 0.063727 0.241562 -0.012652 0.056188 0.200187 -0.267233 1.277039 -0.725812 -0.795023 0.386945 -0.293002 -0.296421
0.535892 0.970608 0.038674 0.266795 -0.326755 -0.910486 -0.860216 -0.961469 -0.906104 -0.197522 -0.630020 0.993145 0.024212 -0.291634 0.041887
-0.835309 -0.232124 0.322702 0.720435 0.796138 0.334872 -0.272101 -1.167965 0.636762 -0.869031 0.509074 0.821229 0.355726 -0.786504 -0.137273
0.437197 0.583038 0.057123 0.022457 1.041644 0.721780 -0.297578 -0.311983 -0.957916 -0.644413 -0.708023 -0.295531 0.698849 0.548857 -0.820692
-0.463263 -0.313129 -0.640117 0.292654 0.866255 -0.730932 -0.230588 -0.369752 -0.013579 0.706644 -0.751322 0.433698 0.616357 -0.884694 -0.277753
1.090548 -0.148311 0.285807 0.341903 0.074447 0.599074 -0.202831 0.556956 0.083371 0.122877 0.028018 -0.225604 -0.807714 -0.579552 -0.669827
-0.863195 -0.587630 0.656893 -0.782219 0.665611 0.275945 0.404522 0.691756 0.381461 -1.065986 0.303490 -0.035470 0.028633 0.596535 -0.815073
-0.696290 -0.199569 0.057315 0.277194 -0.357400 -0.808452 -0.130319 -0.370625 0.238301 -0.748522 0.112091 -0.955971 -0.930330 -0.301266 -0.424534
0.321273 0.262206 -0.200837 0.854634 -0.096884 0.719459 -0.633624 -0.021115 0.252016 0.082471 -0.204368 0.734964 0.028974 -0.523472 -0.365228
-0.012770 -0.872674 0.402011 -0.399105 0.651491 0.375371 0.729974 -0.127823 0.579721 -0.443616 -0.654265 -0.309877 0.813499 -0.063641 0.071240
0.419209 0.430797 0.265773 0.568479 0.306252 -0.344833 -0.284453 -0.508582 -0.352547 1.062615 -0.603294 0.083092 -0.833630 0.695299 1.097446
0.356014 0.624937 -0.627050 -0.089121 0.012729 -0.185393 -0.542155 0.712716 -0.406141 0.684807 0.196576 -1.048884 -0.499609 -0.199159 -0.740567
0.018204 -0.555123 0.497097 -0.224029 -0.765632 1.235931 0.423570 -0.388704 -0.356840 0.429442 0.496996 0.613520 0.300469 0.980754 -0.970953
0.352522 -0.242601 -0.652359 -0.205938 -0.952110 -0.211640 0.242290 -0.791455 0.792950 0.119601 -0.290186 -0.535973 -0.757169 -0.272809 0.091178
0.713326 0.382553 0.713414 -0.839017 0.377851 0.164161 0.533656 -1.068749 -0.932079 -0.112966 -0.715486 0.877521 -0.675146 -0.673936 0.774563
0.784430 0.289665 -1.027872 0.334907 0.543395 -0.662099 0.819818 0.510639 -0.627485 -0.593008 -0.376850 0.206623 -0.048663 -0.452697 0.822738
0.421865 -0.443919 0.946511 -0.738564 -0.036611 0.203410 -0.616340 -0.728116 -0.782305 -0.579350 -0.595600 0.313505 -0.577660 -0.746533 0.773807
0.572509 -0.298773 0.042111 -0.060432 -0.153285 -0.109755 -0.433628 0.362818 -0.155110 -0.729977 -0.584912 -0.727805 -0.782741 -0.837007 -0.437902
0.795615 0.021871 -0.525856 0.523513 0.916191 -0.859018 0.143592 -0.598326 -0.221307 -0.623860 0.875754 0.442181 0.584379 0.398888 0.818914
-0.191664 0.592586 -0.327127 -0.832288 -0.376296 0.128384 0.050842 -0.893929 0.478145 -0.571907 -0.148704 0.675663 -0.463676 0.212075 -0.379101
-0.929011 0.703643 -0.751205 0.692217 -0.795096 0.908013 -0.342726 -0.285323 0.473407 -0.941484 0.085861 0.731773 0.660408 0.971242 -0.853123
-0.324160 -0.110468 -0.848798 -0.615285 0.006543 0.513967 0.933563 -0.955919 -0.880120 0.145154 0.568326 0.121731 -0.830689 -1.054717 0.570828
-0.576482 0.126261 -0.861679 0.209694 0.065283 -0.861138 0.263244 0.618107 0.120568 0.604984 -0.247003 0.799946 -0.163981 -0.140468 0.229097
0.444645 0.141950 0.070496 0.287411 0.637941 -0.086374 0.258427 -0.969198 0.216789 0.382324 -0.738609 -0.441056 -0.322105 0.037664 0.981441
-0.224673 -0.777576 0.047212 0.714486 0.053295 0.496403 -0.239119 0.070858 0.090518 1.160698 -0.551346 0.088201 -0.594521 -0.810331 -0.493229
-0.623726 -0.732904 0.117387 -0.253240 0.593039 0.331135 0.633081 0.136528 0.420313 0.883523 -0.735810 -0.555986 0.099265 0.538412 -0.803104
-0.160408 -1.363957 -0.438529 0.166459 0.450974 0.549807 -0.858566 0.241266 0.255308 0.982788 0.518207 -0.686764 -0.431758 0.509009 0.239590
-0.600210 -0.535002 -0.769146 -0.650463 0.343519 -0.708586 -0.704344 0.952290 0.304618 -0.746680 0.391025 0.362925 -0.214013 -0.395949 0.737250
-0.107803 -0.299945 0.660350 -0.453621 -0.654857 -0.034931 0.988203 -0.272307 -0.757827 -0.819501 0.403503 -1.022434 0.290914 -0.006389 0.063718
-0.115340 0.342732 0.490389 -0.259011 0.138998 0.939842 -0.475966 0.566043 -0.902420 0.624306 0.321073 0.812978 0.570570 0.474512 0.873015
-0.009160 -0.680424 0.047039 -0.669334 -0.538553 0.079245 0.472566 0.200078 -0.943258 -1.029838 -0.717722 0.048899 0.510888 0.145987 -0.030776
-0.422109 0.308840 0.511034 -0.189169 0.246506 0.092557 -0.348600 -0.659116 0.766257 -0.540590 0.010091 0.255756 0.435950 0.421111 -0.414516
0.501797 -0.277320 0.801768 -0.547735 0.916503 -0.861470 0.560763 -0.115964 0.090453 0.501754 -0.764914 -0.271389 -0.653318 0.394339 -0.635959
0.317067 0.114752 -0.666510 -0.135157 0.754652 -0.968592 0.529660 -0.077055 -0.140020 -0.410251 -0.163424 0.643191 0.087833 -0.620111 0.806479
0.553427 0.329602 0.656883 0.440667 -0.347897 0.333105 -0.460145 -0.533175 -0.390964 -1.443453 0.467957 0.024317 1.317509 0.430995 0.425265
-0.530261 0.719796 0.851308 0.186754 0.167849 0.484352 -0.182347 0.410818 -0.133096 -0.433378 -0.194486 0.266774 -0.715406 0.544601 0.129734
0.356940 -1.269534 -0.009841 -0.964259 0.825835 -0.507750 0.256941 0.927331 0.672893 0.341682 -0.042811 -0.719994 0.125547 -0.477085 0.960665
-0.311036 -0.283048 -0.872292 -0.733047 0.684086 -0.422920 1.002670 -0.251237 -0.426213 -0.281263 -1.166162 0.113203 -0.107507 -0.586213 -0.992665
-0.929509 -0.737984 0.858047 0.819314 0.647660 0.016705 0.257439 0.372178 0.400339 0.756487 -0.519254 -0.846762 -0.420898 -0.647392 0.977024
0.563667 -0.653096 -0.253976 0.019895 -0.980400 0.201025 -0.299375 -0.041377 0.338710 -0.443408 -1.035766 0.969221 -0.865221 0.019307 0.208575
0.695976 -0.366344 -0.712758 0.066523 -0.794761 0.143809 -0.225152 -0.366627 -0.489082 -0.421298 0.388898 0.779628 0.704066 0.703130 0.830674
-0.586557 0.152834 -0.679016 -0.858231 -0.175452 -0.720758 -0.039687 0.560862 0.453461 -0.102445 -0.935982 0.503788 0.934819 0.422033 0.823940
0.268169 -0.887026 -0.756940 -0.315023 -0.674396 0.544329 -0.450942 0.378926 0.169326 0.468584 0.929353 -0.828091 -0.323151 0.657355 0.144585
0.784018 -0.404215 0.591556 0.054956 0.128333 0.283358 -0.665562 0.998935 0.383010 0.584859 -0.455136 0.739436 0.163440 0.271269 0.718426
-0.367660 -0.525503 -0.124774 0.766430 0.218923 -0.001052 0.124898 0.553175 0.894965 -0.150650 -0.531131 -0.084093 -0.701766 -0.250262 -0.482327
0.043506 0.565474 -0.138265 0.705769 -0.392930 -0.449862 0.485417 0.254284 0.299274 -0.058990 -0.261857 -0.064574 -0.676812 -1.021630 -0.563618
-0.589424 0.540801 0.737830 0.465496 0.793810 -0.801817 0.653609 0.273857 -0.492534 0.437692 -0.002571 -0.932492 1.180757 0.212926 -0.304831
0.832071 -0.626841 -0.691218 0.501992 -0.299634 0.380778 -0.948889 -0.667241 0.003895 -0.867669 -0.493508 -0.256322 0.062565 -0.170385 -0.334632
-0.148695 -0.372014 0.068116 0.219561 -0.810728 -0.682339 -0.085847 -0.880262 -0.572724 -0.310374 -0.606758 -0.821876 0.242093 0.704166 0.742104
0.088381 -0.805479 -0.790230 0.008587 -0.304469 -0.348722 0.946283 -0.923910 0.848231 -0.751535 0.445028 -0.230985 0.665294 -0.848945 -0.187261
0.564252 -1.364626 -0.695054 -0.157020 -0.929149 0.404446 0.529754 -0.297272 -0.650644 -0.592649 -0.136397 0.226300 -0.595245 -0.785567 0.834472
-0.317197 0.346734 0.405420 -0.606454 0.806363 0.933886 0.183401 -0.101869 0.804505 -0.598271 -0.332924 0.557423 0.038469 0.469908 0.424184
0.875237 0.366813 0.122118 0.055379 0.836401 0.909373 -0.677030 -0.677508 -0.007559 0.502764 0.524016 -0.415038 -0.666471 1.098656 0.228081
-0.727717 -0.109865 -0.601129 -0.258038 -0.529424 0.560446 -0.148607 0.386636 -0.517989 0.109710 0.326318 -0.674177 0.346647 0.113029 -0.151544
0.945471 -0.205928 -0.185305 0.610960 0.628654 -0.240196 -0.478799 0.785812 -0.973842 0.321311 0.779965 -0.511102 0.140867 -0.137235 0.852274
-0.321815 0.440145 0.014415 -0.298897 -0.152017 0.248907 0.790607 -0.569718 -0.027600 0.121815 0.582653 0.879747 0.414964 0.088207 -0.890707
0.608461 0.234875 0.034584 -0.330484 -0.816382 0.437162 0.942623 0.528772 1.300482 0.489187 -0.748106 0.207952 -0.058132 -0.670032 -0.057177
0.792350 -0.364458 0.865111 0.590050 0.950352 0.089054 -0.273286 -0.035390 0.200627 0.422620 -1.118114 0.233490 0.595308 -0.972695 0.151674
0.540932 -0.361946 0.728588 -0.517894 -0.629509 -0.828542 0.617365 -0.475317 -0.245685 -0.026512 -0.151574 -0.718424 -0.253560 0.520778 0.187209
0.687970 0.357695 0.341803 -0.746102 -0.042275 -0.371555 0.989692 0.429591 -0.558337 0.424440 -0.944340 -0.504558 0.136008 -0.435612 0.721074
0.134477 -0.231709 -0.464896 0.598463 -0.647593 -0.054277 0.301845 0.689880 -0.227847 -0.114108 0.304001 -0.630427 0.015006 -0.975951 -0.513666
-0.990019 -0.124077 -0.353299 0.210800 0.552515 0.112793 0.149285 0.252992 0.853897 -0.331820 0.527454 0.670465 -0.102117 -0.751186 0.959361
-0.649724 0.189436 0.523768 -0.188333 0.154085 0.547584 -0.123167 -0.384230 -0.845119 0.838836 0.832065 0.910724 0.788109 1.006024 -0.664456
-0.563181 0.389135 -0.378618 -0.394701 -0.546364 0.460782 -0.631959 0.014851 0.344640 0.836805 -1.027530 0.759728 0.914808 0.245090 -0.854260
-0.307608 0.189673 -0.433124 0.849610 -0.557987 -0.298011 -0.808733 0.238186 0.524216 -0.276705 -0.942590 0.782781 -0.377420 -0.266650 0.711864
0.258023 1.012229 0.242692 0.891583 0.201302 -0.667181 0.963392 0.172422 -0.550022 0.922623 -0.860722 -0.577977 0.128286 -0.619096 0.223474
-0.303220 0.494720 -0.963382 -0.526220 0.253265 -0.010665 -1.069777 -0.036064 0.848560 -0.728970 0.036551 1.033337 -0.006493 0.823589 0.832545
0.766278 -0.238048 0.642950 -0.278974 0.746829 0.214835 0.292373 -0.663986 0.302410 0.090916 1.002301 -0.798231 -0.505334 0.807698 0.842533
-0.185308 -0.934720 0.732166 -0.854854 -0.153612 -0.748599 0.607767 -0.683995 1.001672 0.385982 0.317939 0.358964 0.111431 -0.188191 1.072348
0.364574 0.396944 0.929040 0.288583 0.650748 0.140696 0.752325 0.011675 -0.000622 -0.350633 0.410749 -0.738202 0.325404 -0.550511 -0.499009
-0.029675 0.311964 -0.097053 -0.164226 0.830546 0.131612 -0.791090 0.892169 -0.733379 0.011583 0.811442 -0.839948 -0.291659 -0.636444 -0.809238
0.289174 -0.672980 -0.132207 -0.707396 0.076655 -0.188032 -0.389432 0.625051 -0.579070 0.426177 0.589041 0.154168 -0.412323 -0.082743 -0.212934
-0.317502 -0.555561 -0.605648 -0.236211 -0.798546 1.068592 0.882658 -0.809482 -0.461727 0.631056 -0.147265 -0.307598 -0.198882 -0.784016 -0.237378
0.409685 -0.808697 -0.910367 -0.347263 0.086516 0.928927 0.853668 0.468900 0.094472 0.121243 -0.155536 0.786837 0.286162 0.146873 0.881105
0.689752 -0.052500 -0.331366 0.227830 -0.270099 -0.386049 0.807094 -0.693152 0.603961 0.505278 -0.765712 0.203170 -0.407002 0.872251 0.344277
-0.151708 0.638420 -0.096849 -0.711478 -0.219619 0.309316 0.397857 -0.126192 -0.633081 -0.558285 -0.279006 0.426230 -0.979275 0.659983 0.181502
-0.416041 0.132369 -0.744617 0.037234 -0.303162 0.187101 0.852826 0.328061 0.827660 -0.585322 0.553081 -0.183237 0.226751 0.620166 0.036023
0.483937 0.201511 -0.952115 -0.355746 -0.412489 -0.210041 0.048034 -0.799530 -0.439594 0.153724 -0.842132 0.118642 -0.466740 -0.077805 -0.350912
0.827989 -0.250113 0.515029 -0.261277 0.875197 -0.459734 0.279113 -1.024506 -1.023685 0.434335 -0.306491 -0.500558 -0.620177 -0.941990 -0.730838
0.073335 0.122406 0.794247 0.105862 0.478764 -0.585897 0.891912 -0.863625 -0.464233 0.307930 -0.597311 -1.029872 0.264573 0.244241 -0.198597
-0.570171 1.086712 0.502119 0.443745 0.265313 -0.032208 -0.518539 0.266802 -0.677286 0.305546 -0.962071 -0.753575 0.121674 0.402020 -0.346431
0.437818 0.850389 -0.202347 -0.576459 -0.151903 0.321702 -0.789301 -0.764716 0.509739 0.127147 0.783969 -0.476110 0.875010 -0.813319 -0.882367
-0.715150 -0.195455 -0.038302 0.387322 0.899282 -0.124945 0.034432 0.199382 -0.175416 0.506523 -0.637159 -0.183490 -0.725994 -0.556976 -0.507510
1.052698 0.676016 0.278988 -0.445364 0.957157 0.972774 -0.658648 -0.121384 -0.806476 -0.496167 -0.502685 -0.455561 0.621027 0.890983 -0.507287
0.227233 -0.599416 0.074234 -0.160050 -0.843793 0.692032 -0.565419 -0.493965 -0.030431 -0.303573 -0.104226 0.376269 -1.122276 0.984385 0.974836
-0.441215 -0.395371 0.095488 0.567873 -0.446826 0.486272 -0.623616 0.769014 0.782763 -0.640649 0.799616 1.032057 -0.637133 0.209434 -0.596295
0.379564 -0.150118 -0.184671 0.749141 0.223935 -0.082766 0.531893 0.681478 -0.807033 0.349290 0.580218 0.616480 0.141317 0.788769 0.766538
0.028118 0.932970 0.305105 -0.338342 0.151326 0.910611 0.527537 -0.254320 -0.339912 0.977462 0.472280 0.907003 0.156675 0.628993 0.507358
0.008314 -0.503075 0.304094 0.049100 -0.474940 -0.383725 -0.742198 -0.860234 -0.923781 0.955068 -1.034115 -0.357925 -0.140065 -0.467978 0.196163
0.851751 -0.737541 0.039745 0.081749 0.215354 0.366048 0.328257 -0.208748 0.929248 0.753966 0.105849 -0.451821 0.271721 0.811349 0.689875
-0.967636 0.851014 -0.494396 0.395855 0.727600 -0.201035 -0.178211 -0.507787 0.184380 0.859275 0.833257 -0.875505 0.480968 0.979877 -0.922115
-0.779526 -0.552120 -0.628483 -0.514597 0.854713 -0.293366 0.801091 -0.618985 0.003666 0.406081 -0.124923 -0.358156 0.153686 0.058293 0.017236
-0.578529 -0.621481 0.609692 -0.921679 -0.694612 -0.700195 0.292975 0.409296 -0.400303 -0.431224 -0.744377 -0.343010 -0.584069 -0.296240 0.404888
-0.623371 0.719167 -0.151272 0.312203 -0.484016 0.639029 -0.758430 -0.700115 0.448480 -0.438811 -0.697971 -0.913797 -0.416246 -0.707996 0.355036
1.155892 1.170003 -0.010345 0.901829 0.501831 0.109843 0.545783 0.210370 -0.945572 0.597144 -0.632352 -0.887973 0.623783 -0.452452 -0.904098
0.289731 0.636589 -0.013939 -0.346544 -0.952055 0.127154 -0.375739 0.170834 0.528355 0.207351 0.350976 0.112857 -0.862695 0.198311 -0.048811
0.397946 -0.232690 0.313917 0.596797 -0.976980 0.623318 0.078539 -0.911345 0.189972 -0.022702 0.876296 0.394662 -0.775848 -0.302273 -0.483480
0.504860 0.064978 -0.480021 0.394248 0.520260 -0.270374 -0.271857 -0.305069 -0.015460 -0.257991 -0.013845 -0.862460 0.327091 0.078347 -0.219736
-0.280047 0.145324 -0.239047 0.090075 0.984014 -0.389717 0.326024 -0.212771 -0.733809 0.464680 0.641327 0.723754 -0.062725 0.280243 -0.611370
0.569711 -0.332005 -0.571050 -0.024909 0.943588 0.815036 0.486686 -0.827353 0.370568 0.337135 -0.882945 -0.901677 -0.623154 -0.797142 -0.453179
-0.705429 0.796177 0.222326 0.995427 -0.674477 -0.389091 0.024665 -0.322304 0.419582 -0.753673 -0.199783 -0.548626 -0.562434 0.920083 0.774619

Bias v0 (Oculta):
-0.825400
0.918507
-0.401327
-0.428954
-0.272139
0.811557
-0.583922
-0.145761
0.234274
0.278260
0.344607
0.588699
-0.004631
0.018034
0.612927

Pesos w (Oculta -> Sa獮a):
-0.438884 0.628020
-2.301784 2.369221
0.190563 -0.622308
-0.285042 0.271691
-0.635904 0.184633
1.450560 -1.408043
0.770649 -0.585148
0.782083 -0.737649
1.137532 -1.296718
2.250647 -2.176073
-1.161569 0.953875
-1.018410 1.212483
-0.888284 0.862167
0.729154 -0.761167
0.512507 -0.668132

Bias w0 (Sa獮a):
0.591121
-0.419316
