Pesos v (Entrada -> Oculta):
0.028730 -0.513748 1.286473 0.456153 -0.873965 0.938889 -0.885200 -0.868589 -0.781837 0.624146 -0.938421 -0.565156 -0.367818 1.023267 -0.591124 -0.063394 -0.361672 -0.029181 0.136937 0.749738 -0.455186 0.489969 -0.778879 -0.633946 0.407261 -0.329479 0.835155 0.191133 0.012535 -0.626294
0.773482 0.439818 1.176613 0.920324 -0.107667 -0.936960 0.283159 0.634088 0.534832 -0.623245 -0.122605 -0.599010 -0.419670 0.263410 0.224561 -0.440000 0.598324 -0.661715 0.556290 0.119266 -0.470120 -0.697214 -0.742235 -0.045266 -0.427068 0.564151 -0.709873 0.006393 0.216890 1.122057
-0.462321 -0.290871 -0.285146 0.085264 -0.311388 -0.334023 -0.610794 -0.808747 0.429725 0.354187 -1.005222 0.046952 0.734700 0.309072 -0.307707 0.318167 0.649734 -0.044148 0.855485 0.185286 0.561038 0.696214 0.275606 1.315122 -0.425202 0.232642 -0.397256 0.304363 -1.250873 -0.137308
-0.070878 -0.259284 1.453339 -0.625698 -0.134533 0.384620 0.690187 0.169079 0.986940 -0.479351 0.659439 -0.283806 0.454979 -0.497078 -0.067702 -0.553655 1.476194 -0.399845 -1.210720 -0.012070 -0.483429 -0.162622 0.980236 1.161184 0.054913 -0.406211 -0.835857 -0.837624 0.132773 -0.353936
-0.838155 0.220358 0.194996 -0.040063 0.679346 0.553481 0.642418 0.689350 1.151269 0.353866 0.093029 0.559412 -0.716578 -0.163357 1.092015 0.995919 1.028818 -1.150296 -0.584380 0.424693 0.592650 0.149714 -0.281906 0.163543 0.302673 -0.395380 -0.608852 -0.709551 0.406278 -0.867966
0.883727 0.195565 0.375260 0.713929 -0.223584 0.491797 0.425448 1.043339 -0.654488 -0.342801 0.532669 -0.307088 0.154396 0.711364 1.485978 -1.323864 0.432495 0.093664 0.254643 -0.807526 0.043958 0.646711 0.802654 -0.663327 0.460266 0.038535 -0.520302 -0.226650 -0.041415 0.415084
0.058581 -0.672181 -0.050590 0.726814 0.159022 0.325644 0.208483 0.917588 -0.480663 -0.901893 0.294573 -0.223361 0.062434 -0.901699 1.430387 0.099996 0.649230 0.004733 -0.338443 0.126488 -0.145220 -0.103920 0.032455 -0.059740 0.334494 -0.370348 -0.393518 1.331884 1.124628 0.177988
-0.832205 0.462147 0.166691 -0.443036 0.644491 0.043079 -0.504116 0.997133 -0.297707 0.367394 0.704200 0.511654 1.120580 0.066799 0.352735 -0.155169 -0.286976 0.022635 0.678524 -0.767897 0.212625 -0.299426 -0.484577 0.948245 0.047468 -0.694854 -0.457541 -0.549565 -0.589274 -0.352436
-0.572537 0.936474 -0.272363 -0.097438 0.912342 0.006391 -0.708483 -0.641163 -0.703447 -0.040819 1.064756 0.326461 0.698642 0.340362 0.194351 0.330999 -0.772433 0.910336 -0.718512 0.094132 0.107901 0.765897 -0.100558 -0.042093 0.192883 -1.001276 0.667395 -0.581298 -0.018995 0.175844
0.559826 0.118319 -0.163630 0.874486 -0.450105 0.909258 -1.295827 -0.925622 -1.132974 0.852326 -0.137376 0.479672 -0.065346 -0.026490 -0.182607 0.002538 0.043278 1.112011 -0.022875 0.106615 -0.097806 -0.173330 0.304284 0.782238 -0.061308 0.607298 0.886456 -0.536771 -0.084129 -0.702252
-0.549354 0.599210 0.138897 -0.592091 0.339599 -0.038785 -0.775316 0.313923 -1.085575 1.061115 0.169343 -0.089217 0.090701 -0.424858 -0.582992 0.306751 0.322331 -0.499038 -0.855801 -0.539086 0.487736 0.688502 -0.828780 -0.043884 0.034904 0.864399 -0.069333 0.438261 -0.701788 -0.294602
0.471749 0.968109 -0.747632 1.075890 1.005749 0.558890 -0.623972 -0.247506 0.790081 -0.513653 -0.774086 0.911206 -0.043343 -0.734577 -0.256385 0.022025 0.170079 -0.318150 -0.184962 0.446720 0.165530 0.406704 -0.538838 0.992807 -0.431434 -0.280934 1.033045 -0.295395 -0.411885 -0.736838
-0.659031 -0.239481 0.670952 0.447279 -0.505956 -0.589582 0.226573 -0.508686 -1.174220 0.593051 0.086646 0.556441 0.672220 -0.553503 -0.409238 0.546386 0.720348 -0.782646 0.679020 1.024536 -0.130145 0.357727 -0.525311 -0.693179 0.427815 -0.564501 0.358195 0.832200 -0.296835 -0.638746
-0.272236 0.123280 -0.656288 0.999731 -0.250490 -1.211086 0.744010 -0.666926 -0.865253 -0.484662 -0.591056 0.681137 0.517837 -0.922414 0.232207 -1.398327 0.179870 0.344627 -0.868703 -0.692629 -0.431236 -0.916634 0.104572 -0.516036 0.053904 0.373965 -0.576015 -0.212330 0.134283 0.574207
0.346038 0.480500 0.460497 0.927237 0.492605 -1.822168 0.558568 -0.498101 -0.237738 0.348018 -0.194606 -0.562666 1.299894 -0.868024 0.518010 -0.558899 -0.044104 0.768612 -0.517715 -0.384512 0.462696 -0.764509 0.274568 0.748873 -0.075009 -0.155924 0.228327 -0.879733 -0.974987 -0.583793
-0.350446 0.128802 0.852557 -0.454124 0.678750 0.315860 -0.116447 -0.738756 0.938622 -0.317800 0.025832 0.311812 0.555622 -0.332076 -0.015543 -0.559225 0.275800 0.319619 -0.337895 -0.221084 -0.540375 -0.618112 -1.097549 0.695817 0.272360 0.431608 -0.381251 -1.255879 0.467930 -0.692724
0.009400 -0.279977 0.254839 0.060515 0.050462 -0.059743 -0.164143 -0.540876 0.310367 0.118249 0.476000 0.176684 -0.019856 -0.728440 0.115589 -0.284474 0.954022 -0.273862 -0.278258 -0.070841 -0.378645 0.650865 0.178411 0.070129 0.318141 -1.139536 0.223111 0.098438 -0.614116 -0.307759
0.459435 -0.533381 -0.906835 -0.118522 0.855093 0.198555 0.664490 0.550896 -0.047109 -0.755880 0.457067 -0.118194 -0.577680 0.660527 1.931982 -0.106560 0.388951 -1.604555 -0.971029 -0.455428 -0.570335 0.474020 0.157745 0.461543 0.066149 -0.699711 0.479772 -0.033969 -0.066931 -1.182685
0.549829 -0.906833 0.217736 -0.517234 -0.399379 0.806662 0.103948 1.595249 -0.890688 -0.832373 -0.108927 0.558915 -0.893326 0.718668 1.115752 0.119577 1.021612 -0.922975 0.289449 1.390390 1.111873 -0.125420 -0.436309 -0.827148 1.160400 -0.267675 -0.532804 0.442927 -0.599739 -0.688853
-0.098300 0.428478 0.203999 -0.529369 -0.189761 0.496021 0.271141 0.087720 -0.598437 0.601075 1.036688 0.087706 0.495965 0.026509 -0.227100 0.285766 1.173001 -0.150804 -0.053484 -0.049994 0.426757 -0.623941 -0.248943 -0.005038 1.151383 -0.902143 0.866926 -0.487978 -0.162625 -0.706283
-0.200783 0.248142 0.535845 -0.873896 0.067858 -0.144324 -0.295900 -0.341719 -0.967028 0.717671 0.647138 0.357788 -0.254982 -0.207465 -0.021126 -0.123434 -0.215637 0.205615 -0.408523 -0.214680 1.317650 -0.030524 -0.930366 -0.256115 0.176137 -0.760534 0.627168 -0.234047 -0.445910 -0.449579
-0.022767 0.719128 -0.051540 0.453868 0.526257 0.159508 -0.893990 -0.117924 -0.032458 1.067517 -0.275200 -0.326101 -0.110141 -0.827657 0.164342 -0.127861 0.458092 0.210905 -1.037466 0.616168 0.399340 0.288653 -0.377541 -0.253287 0.348678 0.007749 0.379415 -1.082421 0.430342 -0.110839
0.053214 0.381142 -0.760792 0.968730 0.983945 0.398618 0.206681 0.461943 -0.739810 -0.770552 -0.625202 0.984243 0.159083 0.510946 -0.415137 0.734872 0.677477 -0.990462 0.594127 0.959135 0.274793 -0.173380 0.363497 -0.899137 -1.088078 0.460040 0.168521 0.617052 0.816335 -0.524304
-0.028695 1.170899 0.295265 1.199451 -0.264008 0.630379 -0.428913 -1.018787 -0.053202 -0.204328 -0.147080 -0.012236 0.682842 0.902093 0.414562 -0.522863 0.447780 -0.870077 -0.220541 0.996168 -0.280616 0.212215 0.630956 -1.038000 -0.371863 0.540631 1.140985 -0.386017 -0.472086 -0.383516
-0.316903 0.567910 -0.999229 -0.137914 -0.190905 -1.092306 0.629069 -0.285552 -0.135005 0.245535 0.532336 -1.360294 0.263365 0.507352 -1.179902 -1.071242 -0.527480 0.514428 -0.865337 1.255018 1.108802 0.328972 -0.763239 -0.142210 -0.123719 -1.241873 -0.268405 0.557227 0.814636 -0.882945
-0.844065 0.545553 -1.006843 0.717638 0.117210 0.031033 0.640279 -0.159637 -0.047507 -0.825139 -0.072847 -0.476748 0.900872 -0.644960 -0.974721 0.302419 0.890621 0.451123 -0.392191 0.726927 -0.710620 0.709959 -0.810169 -0.489916 0.639737 -0.838475 0.634607 -1.312050 -0.305518 0.349260
-0.338225 0.404593 0.161365 -0.838445 -0.507627 -0.651769 -0.044349 -0.422403 0.467860 1.284699 -0.163387 0.911794 0.134905 -0.774252 0.161154 -0.918067 -0.121220 0.193999 0.494818 -0.000541 0.593278 -0.037199 0.023974 0.647174 0.002358 -0.619401 -0.495332 -0.617256 0.618827 0.266182
-0.132594 0.072295 0.312509 -0.664734 0.281556 -0.681008 -0.305580 1.271619 -0.468637 1.190738 0.646171 -0.595380 0.614499 0.496583 -0.667042 -0.410188 -0.039172 -0.004352 0.329319 -0.368822 -0.483948 0.425503 0.204521 -0.040311 -0.668978 -0.424656 -0.169908 -1.041209 -0.658233 -0.137690
-0.040880 -1.326089 0.549695 -0.116943 0.588707 -0.153308 0.200446 0.336531 0.394554 1.117440 1.465938 -0.065440 0.402133 -0.273354 -0.678961 0.203770 0.782169 0.547383 -0.496408 0.189374 -0.543832 0.901434 0.368635 -0.829921 0.562300 -0.707244 -0.538828 0.120895 -0.020132 -1.008908
0.609951 -0.185284 0.491305 -0.664144 0.065365 -1.177034 0.273012 -0.052476 0.643470 -0.623733 0.019816 0.911704 -0.338486 0.374595 1.134217 0.222559 0.867618 -1.607263 1.089867 0.644403 0.030200 -0.044911 0.926934 -0.135643 0.189599 -1.225359 0.123010 -0.225157 -0.146072 0.507297
0.408055 -0.149189 -0.132289 -0.050746 0.133232 1.169418 -0.804120 0.359622 -0.409083 0.096431 -0.259714 0.007213 -0.049267 0.904151 0.401950 -1.347856 1.531360 -0.667951 0.082058 0.529705 0.002715 0.685052 0.157675 -1.258188 0.627371 -0.571457 1.031991 0.087822 -0.791982 -0.230050
-0.809307 -0.087248 -0.116698 -0.627929 -0.137719 -0.493104 0.226393 0.418131 -0.223240 0.447283 0.405157 -0.387048 1.709953 0.379471 0.780512 0.412596 1.000881 0.715871 -0.601059 0.565075 0.915774 -0.362071 -0.890263 -0.360999 0.537760 -0.747893 0.166127 -1.515947 0.270402 1.693670
0.195336 -0.154584 0.178297 -0.550003 0.327607 0.424042 -0.459056 -0.525688 -0.354190 0.401140 -1.116060 -0.386149 0.867809 -0.128896 0.231081 -0.027486 1.187130 0.733908 -0.787069 -0.268469 -0.093537 -0.612255 0.070818 -0.111446 1.485149 -0.731964 0.471205 -0.282252 0.597011 -0.118408
-0.373730 0.167926 0.354298 0.514725 0.531242 -0.422037 0.210591 0.004711 -0.518133 0.508376 -0.753391 0.764093 0.053955 0.069078 0.751580 -0.082721 0.204495 -0.360461 -0.989606 -0.391115 0.303697 -0.901123 -0.832131 -0.896937 0.253481 -0.283090 -0.245494 -0.237583 -0.411692 1.100472
-0.482401 -0.096752 -0.772874 0.794710 0.348934 -1.065779 0.438026 -0.392178 -0.456309 0.820272 -0.426011 -0.217178 0.166331 -0.824798 0.134431 0.074196 1.130954 0.389246 -0.751875 -0.592227 0.808711 -0.105302 0.545921 0.158190 -0.105912 -1.041436 -0.742118 -0.885354 -0.364877 0.825157
0.908719 -0.244178 -0.222113 -0.030062 -0.822297 0.204461 0.608774 -0.527287 0.841013 0.167395 -0.144568 -0.401396 0.695321 0.071516 -0.735639 0.805204 0.620870 -0.008873 0.991760 -0.224159 -0.408871 0.655940 0.457584 0.765246 -1.040489 -0.536554 0.371546 -0.177830 -0.183303 0.973050
0.069279 0.857068 -0.882361 -0.297118 -0.023328 0.768055 0.907946 -0.525101 0.183142 0.691470 0.779381 -0.128388 -0.691186 -0.756046 -0.940043 -0.718691 -0.831781 -0.215201 0.324301 0.664491 -0.505382 -0.817474 0.612054 -0.022785 0.508031 -0.489806 -0.353499 0.246449 0.219180 0.382936
-0.103291 -0.766134 0.704824 0.555632 -0.436422 0.401397 -0.305145 -0.810645 -0.029553 0.441308 0.257813 0.510455 0.344775 -0.451683 0.684354 -0.239923 -1.110788 -0.478723 0.560187 0.352167 0.112281 -0.466221 -0.114129 -0.674021 0.926760 0.047063 0.162173 1.058721 0.645049 -0.669639
-0.486228 -0.121858 -0.419647 -0.803782 0.066391 0.654518 0.643375 -0.195813 -0.280683 1.019841 -0.434147 0.487913 -0.400935 0.151591 -1.296147 -0.034120 -0.154235 0.699818 0.279541 1.281935 -0.073882 -0.661075 -0.166651 0.913604 0.121386 0.430631 -0.160834 0.814155 0.585025 -0.200799
-0.963597 -0.533552 -0.023585 0.620011 0.355399 0.221955 -0.117479 -0.578747 0.178174 1.111344 -0.095543 -0.062905 0.062153 0.143297 0.352262 0.118589 -0.728641 0.643133 0.395725 0.218772 -1.134876 0.400172 -0.352084 0.383204 -0.113199 -0.557862 -1.009849 0.239089 0.988917 -0.305158
0.230337 -0.919827 0.427622 0.313052 0.631881 -0.876123 -0.077203 0.142224 0.712145 0.139250 1.159647 0.175588 -0.173223 1.039966 -0.294004 -1.115609 -2.046267 -0.252092 0.039616 -1.541096 -0.925685 0.514414 -0.667629 -0.400253 0.114817 -0.841031 0.216321 -0.128759 0.314947 0.122831
0.155946 -0.373352 -0.808328 0.461535 -0.238102 -0.402836 -0.029414 0.734141 0.446977 0.231388 0.798202 0.371759 0.863409 0.095894 -0.936597 0.770229 -0.560214 -1.403244 -0.849928 -0.711997 1.116321 0.344478 0.390429 0.062040 0.623012 -0.170733 -0.071565 -0.009741 -0.240753 0.549394
-0.353219 -0.510859 0.635001 -0.658500 -0.370121 -0.063475 0.113327 0.221227 0.989969 -0.480245 -0.582307 -1.075360 1.033500 0.101694 -0.755966 -0.580807 -0.142111 -1.085615 0.518645 -0.129266 1.137932 -0.614914 -0.845417 -0.060596 0.851315 0.229930 0.529505 0.392670 -0.507686 -0.141649
-1.495708 -0.617652 -0.729319 -0.389223 0.448831 0.041624 0.877168 -1.233831 0.294774 -0.410903 -0.064987 -1.647238 -0.088860 0.906245 -0.033635 -0.975966 0.189063 -0.183503 -0.931039 -0.009405 0.404762 -0.383083 -1.154442 -1.302447 0.800736 0.043583 0.401237 -0.234162 -0.538292 1.013013
-1.126021 0.278211 0.526675 0.388329 0.707011 -0.731394 1.902729 -1.561231 -0.443193 0.180812 -0.853181 -0.036554 0.394780 0.373885 1.074430 0.058650 -0.099689 0.462262 -2.052920 0.638283 0.769750 -0.009180 0.930419 0.442439 0.192212 -0.374887 0.486038 -0.849925 0.330218 1.727166
-0.512458 0.225102 0.064986 0.667428 0.662536 -0.912378 0.359646 -0.974690 -0.572984 -0.846681 0.052191 -1.100531 0.363164 0.253460 -0.290656 -0.769549 -0.068969 -0.286215 -0.178740 0.482174 0.285275 0.492736 0.382915 -1.629063 -0.113535 0.747877 -0.396923 -0.222620 1.057171 0.978359
-0.709918 0.204969 -0.614101 1.130710 -0.873445 0.161689 0.335282 0.351007 -1.165574 0.195792 -0.364127 -0.615410 -0.097685 0.492565 0.257212 -0.190414 -0.306837 0.190776 0.636881 -0.424792 -0.015874 0.516036 -0.017567 -0.609022 -0.690087 -0.570632 -0.504218 -0.603468 0.565980 0.300149
-0.712950 1.092308 -0.047158 1.076826 0.209954 -0.559907 0.464273 0.457817 0.685428 0.054979 0.153096 0.794386 0.713859 -0.514481 -0.571480 0.807434 0.227890 -0.420864 -0.433008 -0.152264 -0.575309 -0.096593 -0.107932 0.117730 -0.661204 -1.201152 1.077320 -0.928936 0.980778 0.148294
0.089610 -0.354054 -0.249703 0.162463 0.043775 0.361449 0.399207 -0.710820 -0.615652 -0.330984 -0.546458 0.009162 0.162888 0.675228 -0.838204 -0.203402 -0.157166 0.132522 -0.052051 0.154389 0.409370 0.092411 0.144178 -0.705090 -0.557717 -0.692040 1.074095 -0.489403 -0.369486 0.615135
0.165912 -0.855300 -0.857619 0.516881 1.212684 0.311341 -0.677921 0.019813 0.582812 0.052478 1.620934 -0.106859 0.390405 0.321212 -1.192751 -0.261321 -0.862330 -0.395666 0.353928 0.505415 -0.395410 0.377508 -0.099822 -0.409163 -0.439711 -0.376227 0.606833 0.054729 0.364640 -0.554269
-0.478322 -0.192510 -0.265622 -0.188127 0.582269 0.652101 0.293716 0.050443 0.534573 -0.116879 -0.334904 1.031121 -1.299195 -0.675591 -0.700624 0.041346 -1.262401 -0.578362 -1.315736 0.779000 -0.459242 0.880793 0.127272 -0.313124 -0.257953 -0.010259 -0.281945 -0.003436 1.094555 -0.074744
-0.051555 -0.597028 -0.814397 0.395819 -0.001199 1.084010 0.257988 -0.196422 -0.239157 -0.184559 -0.187371 0.767183 -1.104884 0.030826 -0.953068 1.016185 -1.396040 0.730333 0.175754 1.116597 -0.368066 -0.267764 0.307114 0.267675 -0.144316 -0.469507 -0.950700 0.737724 0.167867 -0.048441
1.036755 -0.464237 0.173645 -0.113379 0.110734 -0.702106 -0.769094 0.526382 -0.362652 0.243284 -0.000566 -0.042080 0.315315 -0.282352 -0.002689 -0.031715 -0.695435 0.450381 1.222284 1.047506 -0.026868 -0.518099 0.507874 0.136794 -0.552049 1.104667 0.181490 0.090159 -0.961617 0.658331
1.665454 -0.979752 -0.980461 0.047390 0.799549 -1.417225 0.365579 0.841561 -1.224136 1.342900 1.351088 -1.309545 -0.191532 -0.270670 -0.892426 -0.020137 -0.195499 0.395032 0.332132 0.935899 0.197517 0.195062 0.798888 0.691640 0.250593 0.911208 -0.127508 0.763705 0.253688 1.289974
1.142451 -0.055980 -0.120660 -0.241496 1.624952 -0.939609 -0.086776 -0.004061 -1.383817 0.366459 -0.483953 -0.600619 -0.589788 0.135871 0.711916 0.289735 -0.158444 -0.578017 1.190324 -0.544449 0.870735 0.440471 -1.516084 -1.251246 0.107833 0.000385 -0.064828 -0.470851 -0.217221 -0.612284
0.242958 0.104955 0.239931 -0.904672 1.613508 -0.076497 0.513154 -0.962741 -0.753841 -1.257543 -0.268907 -0.670468 -0.129448 0.774980 -0.346112 0.438256 1.208368 -0.711198 0.190989 -0.089250 1.282562 0.584399 0.391516 -0.710190 -0.188495 0.554435 0.119034 0.217143 -1.035128 0.194037
-1.384222 -0.843583 -0.447742 0.647178 -0.235333 -0.480830 0.183226 -1.698638 -0.558003 -0.475801 -1.216259 -1.508576 -0.369255 -0.022908 -0.100108 -0.644514 1.138401 0.305052 -0.686446 1.021738 -0.058211 0.873570 -0.897749 -0.677372 -0.782693 0.899129 0.485834 -0.517110 0.468502 1.176625
-0.858156 0.188725 -0.311547 0.518049 -0.770221 -0.270885 1.494650 0.290923 -0.710834 -0.977080 0.045218 -0.220953 -0.756922 0.774747 0.747140 -1.641331 0.669514 -0.002326 0.013692 0.467017 -1.186392 0.012195 0.130105 -0.166136 0.985928 0.697183 -0.313515 0.015645 0.539821 0.761065
-0.549467 -1.026991 0.818101 0.994899 -0.555948 0.675820 0.963126 -0.371099 -0.152943 0.598230 0.188527 0.173814 0.855874 0.578931 0.715817 -0.416763 0.717470 0.845594 -0.731845 0.265644 0.168361 0.340517 -0.516217 -0.698274 0.044255 1.033328 0.826839 0.700084 -0.102496 -0.543844
-0.854485 0.681292 0.412942 -0.171070 -0.538426 -0.403703 0.714394 -0.534592 0.153016 0.675413 0.627069 -0.165494 -0.174030 0.808449 0.413186 -0.169023 0.210504 0.274687 1.035091 0.365501 -0.366067 0.551375 -0.979250 0.290911 0.476322 -0.016139 1.173356 0.544471 0.331987 0.604305
-0.602348 0.093700 -0.512541 0.807601 1.107691 0.106560 -0.282794 0.702910 0.414267 0.092789 -1.136047 0.295914 0.341102 0.770149 -0.401231 1.067821 0.205758 -0.293100 -0.493795 -0.299689 -0.643906 0.126681 -0.612519 -0.671893 -0.750877 -0.451129 -0.190001 -0.499484 0.499120 0.604363
0.616823 -0.757406 0.149063 0.376606 0.232900 -0.814783 0.433666 -0.085598 -0.084464 -1.051004 1.091956 -0.376548 0.474448 -0.657794 -0.600995 0.821794 0.672238 -0.350810 0.675565 0.110082 -0.415903 -0.548726 -0.402421 -0.084332 0.527960 -0.015315 -0.667326 1.034298 0.821548 -1.224035
0.696154 0.107712 -0.064904 -0.094825 0.658535 0.343947 0.413245 0.660844 -1.040178 -0.955128 1.344774 0.523571 -1.003978 0.232563 -0.643571 0.318087 -0.957743 0.835681 0.237856 1.060379 -0.315612 -0.318045 0.620667 -0.719284 0.100540 0.044618 -0.530549 1.672358 0.467990 -0.586410
0.591793 -0.812265 0.484077 -0.833061 -0.100535 0.411303 0.841764 -1.057338 0.680190 0.269251 0.265882 0.354662 -0.996509 0.916711 -0.828094 0.303073 -0.782184 -0.225496 0.444065 0.783345 1.236763 0.438057 -0.482341 -0.667057 -0.190031 0.820585 -0.029602 0.668526 -1.362689 0.144245
0.592121 -0.142035 0.405172 0.501851 1.212205 0.101875 0.800332 -0.962695 0.421840 0.346781 -0.071380 -0.663589 0.203127 -0.385718 -0.631245 -0.493216 -0.083744 0.329566 0.941573 0.562376 -0.115992 -0.576818 0.353515 0.082977 -0.692017 1.116060 -0.225410 -0.574411 -1.111175 -0.550350
1.490459 -0.310900 -0.159565 -0.711955 0.609366 -1.454145 0.365032 0.380537 -0.529625 1.207467 0.243497 -1.192603 0.568976 -0.638941 0.192291 -0.085424 -0.459267 -0.933972 0.285352 0.398520 0.696475 0.722454 0.080208 -0.582366 0.034512 2.045979 -0.560793 0.147460 0.692426 0.692906
0.117943 -1.337704 -0.584697 0.013323 1.214475 0.100018 -0.435051 -0.738863 -1.164866 -0.429273 -0.018757 -0.717541 -0.328124 0.148238 -0.300792 0.039343 0.774674 -0.071317 0.167572 -0.783034 0.063774 0.065237 0.790629 0.663399 -0.079193 -0.069531 0.265325 -1.135170 -1.077949 -0.120225
-0.554955 -0.827224 -0.302263 0.837978 1.874052 0.987512 -0.408531 -1.341930 -0.584528 -0.450389 0.245589 -0.374095 -0.947579 0.533474 -0.868137 -0.436333 0.301309 -1.163612 0.932479 -0.957431 -0.385130 0.817852 0.682343 -0.132946 -0.273036 -0.250096 -0.392425 0.697451 -0.519047 -0.080539
0.737772 -0.400912 0.607139 -0.020589 -0.571243 0.544715 0.154939 0.398481 -0.409177 -0.801501 -0.728175 -0.985759 -0.815742 0.510463 -0.992445 -0.349278 1.377784 0.181082 -0.235402 -0.784534 -1.530382 0.012092 -0.650384 0.205353 -0.061281 0.068210 0.634722 0.083930 -0.306306 -0.603458
-0.255533 -1.137839 -0.519829 -0.023320 0.396924 -1.006021 1.262565 -0.497440 -0.778464 -0.739507 -1.379751 -0.093732 -0.229014 0.647495 0.124444 0.354220 -0.144076 -0.271347 -1.072684 -0.038738 -0.322629 -0.386122 -0.682358 -0.486048 0.789735 0.483127 -0.206502 0.506581 0.377104 -0.213306
0.810767 -0.213565 0.083586 -0.661630 -0.344238 0.518615 -0.148679 0.881618 -0.534297 -0.819875 -0.979892 -0.251683 0.540879 -0.460544 -0.598324 -0.462393 0.112479 0.356685 0.274616 -1.073334 -0.488000 0.975452 -0.483272 -0.103988 0.199697 -0.156145 1.000698 0.503418 -0.585309 -0.460194
0.512075 0.835478 -0.063306 0.904766 1.035335 -0.072378 -0.207245 -0.730078 1.123571 -0.337668 -0.265855 0.251673 1.039218 0.565619 -0.132193 1.311762 -0.235754 0.541610 0.689238 0.052772 0.533166 0.931464 0.166551 -0.289976 -0.233090 0.543353 0.550391 -1.085993 0.735582 -0.884915
0.960571 0.541153 0.296643 -0.685224 -0.649479 -0.946479 -0.828477 0.360607 0.902584 -0.736274 0.692631 -0.312119 0.451377 -0.244050 -0.317417 0.626765 -0.632971 0.786076 0.689262 -0.824189 -0.620261 0.303666 -0.357426 -0.652426 -1.014022 -1.203036 0.894342 -0.367496 -0.048277 -0.579524
-0.391590 -0.352589 -0.583534 -0.581213 -0.207819 -0.633559 0.856743 -0.812697 -0.839100 0.134792 0.423822 0.373909 0.568983 -0.390042 -0.012401 -0.116956 -1.496550 0.589478 -0.840311 1.364604 0.928639 0.570542 0.040630 -0.122911 -0.577712 -1.095855 -0.080878 -0.412497 -1.051760 -0.850568
0.318541 -0.084933 0.380424 0.300768 -0.376293 0.358599 -0.026252 -0.355530 -0.004098 0.007103 -0.186186 -0.917153 0.860706 0.815274 -0.085293 0.645406 -0.552833 0.441452 -0.527478 -0.627750 0.703770 0.083421 0.330272 -0.140891 0.157243 -1.119715 -0.521386 -0.473973 -0.521469 -0.846732
-0.160800 -0.493376 1.665027 0.206103 0.745626 -0.563754 -0.038406 0.459432 0.287156 -1.721031 -0.013446 0.590699 0.592958 0.593431 0.004547 -0.122260 -0.568024 -0.462413 -1.541239 0.125974 1.693299 -0.666737 1.270019 -0.087123 0.170894 0.126224 -0.672347 -0.812087 -1.125487 0.407106
0.406861 0.261291 0.017708 0.677464 -0.571813 -1.104319 -0.017164 0.601956 0.176706 -1.085958 0.029597 0.227868 0.467016 0.157966 0.407872 0.469037 -0.627733 0.482284 -0.227515 1.264462 1.051106 -0.911566 -0.976620 -0.621080 -0.776320 -0.419071 -0.926916 -1.187890 0.232517 0.407590
0.779774 -0.109411 -1.155401 -0.583982 -0.227268 -1.046948 -1.041183 -0.999248 1.284207 0.511020 -0.068012 -0.359068 0.987326 -0.405904 -0.478472 -0.656425 -0.288961 0.000214 -0.439896 -0.642093 -0.027629 0.709265 -0.154762 -0.214873 -0.145643 -0.023208 0.493033 -0.224262 -0.310237 0.721576
-0.128966 -0.733475 -0.345946 0.583404 -0.301378 -0.705665 0.392139 -1.314129 0.203430 -0.226896 1.119915 0.018284 -0.581168 0.023497 -0.013774 -1.010605 -1.078688 0.351176 1.251282 -0.885038 -0.501440 0.521215 1.216276 0.174951 1.128854 0.607002 0.780335 -0.337896 0.386932 -0.105079
0.710517 -0.511785 -1.410355 0.757288 -1.212164 -0.161585 0.443085 1.105156 -0.064196 -0.069579 0.343047 0.172780 -0.653811 1.039122 -0.986938 0.411606 0.475173 0.113807 0.565868 -1.537257 -0.281744 0.707781 -0.202982 0.262360 0.119133 -0.043357 0.184308 0.543265 -0.669631 0.754943
-0.164721 -0.932368 -1.144030 0.422321 -0.895203 -1.351167 0.603139 0.780800 0.012437 0.933848 -0.467629 0.059851 -0.882705 -0.094609 -1.393659 -0.360044 -0.809506 -0.023495 -1.140648 -1.971301 -0.850795 0.630870 -0.904755 0.866396 0.236796 -0.112089 -0.565218 0.873471 0.541595 0.158916
-1.014337 -0.786051 -1.115401 -0.306463 0.342921 -0.669494 -0.387645 0.021654 -0.490603 -0.040278 0.569708 0.391615 -0.679565 0.008351 -0.183698 -1.230137 0.175562 0.862153 0.041724 -0.502895 -0.612059 0.144669 -0.994110 -1.418344 -0.220093 -0.198550 -0.434214 0.362073 0.380289 -0.268079
-0.334757 0.408226 -0.360433 0.521950 1.060984 -1.027048 -0.228995 -0.731208 -0.081481 -0.628331 0.034284 -0.748726 -0.369592 0.596770 -0.276495 -0.927612 -0.530039 -0.457479 -0.112675 -0.206716 -0.870156 -0.005083 -0.363497 -0.419830 -0.033105 -0.304222 -0.287801 -0.375337 0.178631 -0.811815
0.776118 1.126290 0.514690 0.343364 0.838467 0.948840 -0.983075 -0.735563 1.033973 0.018182 -0.819802 0.517459 0.595385 1.034175 0.451428 0.790736 -0.627055 -0.735891 1.093478 -0.233020 0.329195 0.083911 -0.163518 0.531630 0.534887 0.173273 0.300363 -0.467233 1.063875 -0.900798
-0.667521 0.621888 0.061223 0.825640 -0.859082 -0.248107 0.998607 -0.353549 -0.381241 -0.022877 0.133448 -0.173654 -0.918797 0.860086 0.300363 -0.436068 0.872754 -0.170392 0.074097 -0.823365 -0.664259 0.064971 -0.676496 0.457698 -0.616027 -0.326191 0.459203 -0.634419 -0.408034 0.012352
-0.451375 -0.496561 -0.353302 0.581686 0.364785 -0.603818 0.099324 0.482443 0.352679 -0.145923 0.315366 0.587884 0.343346 -0.645040 -0.616625 0.181866 0.272083 0.267618 0.598741 0.606101 0.394370 -0.045127 -0.991939 -1.229525 0.397862 0.217935 0.453881 0.738659 -0.159911 -0.470531
-0.342067 0.431472 0.378019 0.864416 -0.723966 -1.219367 -0.418273 -0.200983 0.575044 -0.287395 0.138512 -1.004311 0.220149 -0.268182 -0.638014 -0.326189 0.114479 -0.355038 0.784353 -0.413113 0.790376 -0.293889 0.859761 -0.288727 0.705795 -0.187608 -0.639070 1.025024 0.173524 -0.463950
0.451765 0.552530 0.728607 0.086260 -0.348251 0.503228 0.140227 0.232252 0.116914 -0.977518 0.447632 -0.253113 -0.102869 -0.587531 -1.125699 -1.205302 -0.260560 0.751583 -0.466983 -1.053644 0.061655 -0.684337 0.766585 0.453559 0.426852 0.046211 -0.089236 0.745956 -0.410362 -0.497037
-0.079135 0.069504 -0.280682 -0.092104 -0.630499 -0.092047 0.043284 -0.006230 0.718703 -1.073717 0.361253 0.768745 -0.258390 -0.414854 0.699216 -0.474094 -0.288070 -0.123808 -0.422120 0.340491 0.743735 0.109312 -0.112744 -0.483044 -0.233641 0.317679 -0.216608 -0.153760 0.770198 -1.153896
-0.892290 0.798806 -1.083349 -1.272571 -1.289367 0.352982 0.027331 -0.100105 0.149896 0.043453 0.561655 2.143448 -0.333638 -0.350593 0.968266 -0.526074 -0.385964 -1.067722 0.223008 0.141844 0.374142 0.782412 0.028819 -0.158406 0.963430 1.245905 -0.275616 -0.179129 0.788890 0.249605
-0.257838 0.040446 -0.595155 -0.517689 -0.163209 -0.230116 0.091570 -0.018213 1.175660 0.447400 0.321653 -0.067779 -0.825075 -0.592997 0.552805 -1.356240 0.540194 -0.644484 -0.834948 -0.394648 0.747908 0.901283 1.401374 1.086874 1.464387 1.306728 0.837464 1.125058 1.701762 0.128723
0.701879 -0.088848 0.015588 -0.654424 -1.921355 -1.205840 1.438479 -0.625801 1.677733 0.763436 0.916427 -0.263094 -0.782653 -0.232438 -0.238643 0.026563 -0.769685 -0.406426 0.790087 -1.183567 -0.142748 -0.722238 1.133579 0.220555 0.332932 0.744989 -0.116384 0.920450 0.763308 0.924971
0.685389 -0.749919 -0.204707 0.880074 -0.084591 0.310552 0.496682 0.192681 -0.402468 0.188325 0.036271 -0.401277 -0.364759 1.173406 -0.500162 0.608061 -0.262472 -0.232402 0.653781 -0.988644 -0.647137 0.172972 -0.213624 -0.708872 0.015008 0.072909 0.412076 0.587038 0.052685 0.568527
0.616668 -1.608147 -1.414275 -0.827678 0.319152 -0.037341 0.474592 -0.889964 0.307594 0.822096 -0.392689 -0.922119 -0.709954 -0.427230 -0.987261 0.474656 1.090245 -0.492215 -0.268229 -0.792559 -0.653778 -0.497330 0.677763 0.005613 -0.619642 0.596743 0.690787 0.117102 0.243661 0.966722
0.776568 0.714397 -0.548061 -0.313375 0.560632 -0.267446 0.097188 -0.102162 0.187777 0.429991 0.091477 -0.418239 -0.004595 1.108631 -0.532574 -0.375307 -0.126305 -0.795671 1.112837 -0.059369 -0.925785 0.586650 0.033038 -0.410006 -1.049901 -0.088246 1.082213 0.690024 0.342334 0.056918
0.195613 -0.336482 -0.363922 0.061322 0.584843 0.157906 0.101425 -0.056616 -0.558854 0.890396 -0.180918 0.681032 -0.169191 1.239747 0.605738 0.313693 -0.824250 -0.379784 -0.232989 -1.124528 0.429271 -0.086794 0.884952 0.598126 -0.677536 -0.203529 -0.418905 0.039394 0.337909 -0.174900
-0.127480 -0.919683 -0.307937 0.819478 0.162982 0.573481 -1.083063 0.162779 -0.510600 -0.146692 -0.629582 -0.491005 -0.614347 0.736590 -0.316581 0.773323 0.299090 -0.176864 -0.805159 -0.774951 0.388710 0.198425 -0.794635 0.953777 0.127590 0.598829 0.174313 -0.571250 0.734287 0.519165
-0.182363 -1.177946 1.318560 -0.407347 0.041383 -0.411481 -1.079181 -0.063196 0.814407 0.132542 0.103470 0.456134 -0.778148 -0.159839 0.754812 0.975417 0.298279 -0.286459 0.031727 -0.754968 -0.745147 0.016763 0.396571 0.344261 0.202564 0.626460 0.652737 -0.820932 -0.393166 -0.651507
0.516962 -1.185803 1.372230 0.413742 -0.719054 1.026681 -0.608560 -0.346016 0.110284 -0.693526 -1.121276 -0.690933 -0.148171 0.122439 0.016328 -0.414507 0.522722 -0.505438 0.279921 -0.531504 -0.410234 -0.602805 -0.379486 -0.429832 -0.644284 1.669811 -0.186010 -0.046859 -0.382157 0.727459
0.174687 -0.085864 0.329495 -0.474331 -0.285313 1.521857 -0.509291 -0.245986 0.815202 -0.416547 -0.591839 -1.788273 0.619543 0.383184 -0.145871 0.508397 1.346773 1.277507 0.913076 -0.064486 -0.169183 -0.268216 -0.337026 -0.269874 0.743255 0.269018 0.850047 0.747776 0.019677 0.099154
0.484437 1.150395 -1.038751 -0.628122 0.325695 1.265501 -0.258132 0.034527 -1.165274 -1.070900 0.034702 -0.710324 -0.768897 0.564847 -0.998946 0.867999 -1.318500 0.514677 -0.317677 -0.093212 -0.271013 -0.688147 0.163912 0.298489 0.297846 0.774002 1.068159 -0.498191 0.001123 0.030515
-0.498078 1.400927 -0.792374 -0.615405 0.163419 0.764015 -0.175593 1.077083 -0.391596 -0.157500 -0.451019 -0.350250 -0.566000 0.729393 0.182111 1.134619 -1.567208 0.409751 -0.249192 -0.702527 -0.826036 0.120512 -0.306943 0.513018 -0.399704 0.562646 -0.786943 0.307699 0.591429 -0.518180
-1.048363 0.618088 0.251240 0.457157 0.107551 0.261222 0.363228 -0.030935 -0.338943 0.781629 0.024533 0.307650 -0.642053 0.056127 0.110577 0.998525 -0.572376 1.543999 -1.358028 -0.322419 -0.136469 0.014418 0.647612 0.961587 -0.105039 1.934027 0.278404 0.601421 -0.747783 0.045642
0.628440 -0.197487 0.273913 0.171179 -0.905303 0.329191 0.231024 0.357171 0.380542 -0.080363 0.910672 -0.352865 -0.905961 -0.346233 -0.809846 0.542255 -0.312911 0.555103 0.352182 -0.139126 0.273075 -0.661610 0.649178 -0.309646 -0.229431 0.216176 0.207137 1.204823 -0.102614 -0.461284
0.761305 0.256967 0.326348 1.195291 -1.453462 -1.251084 -0.019700 -0.191192 0.457998 -0.405687 0.234563 1.230787 -0.252298 -0.351507 0.437910 0.715263 0.459227 0.741511 0.203350 0.546040 0.891688 -0.245413 -0.703735 0.303943 -0.027778 0.344575 0.042915 0.330032 0.011331 0.589311
-0.120386 0.435906 -0.108654 -0.038990 -0.047815 -0.420110 -0.747558 0.070058 0.936250 0.222399 0.139459 0.675381 0.468453 -1.163863 0.229723 0.224493 -0.500565 -1.164613 0.291829 0.343040 -0.478928 0.319150 0.288240 0.149578 -0.369940 -0.261431 0.177394 0.836016 -0.629911 -0.466392
-0.288236 0.025734 -0.386477 0.278803 0.449250 -0.091821 0.361057 -0.206502 1.272024 0.222303 -0.586550 -0.204463 -0.079520 -0.473893 1.008766 -0.063503 -0.779080 -0.647899 0.381483 -0.199312 0.247112 0.729569 -0.911683 -0.763554 -0.651675 -0.103314 0.245130 -0.853175 0.955544 -0.612324
-0.553042 0.838635 -0.628467 -0.567734 0.495744 -0.408808 -0.235461 0.625704 1.131767 -0.658400 -0.216423 -0.394408 -0.299243 0.940315 0.005008 -0.327488 0.124525 0.509060 0.906107 0.685194 0.696831 1.104137 -0.905233 0.545457 -1.167386 -0.216144 -0.593370 0.018744 0.109733 -0.752918
-0.577362 0.477660 0.985287 -0.230079 0.833576 0.135051 -0.914326 0.216149 0.717635 0.298296 -0.571928 0.373213 0.570592 0.886212 0.874027 0.105869 -0.035228 -0.562671 -0.165869 0.140046 -0.143476 0.128795 -0.040394 -0.234453 0.589349 -0.358090 0.933038 0.507325 0.241973 -0.080770
0.301569 -0.955071 0.233048 -0.896436 -0.961772 0.044824 -0.258815 -0.228405 0.306689 0.102867 -0.787251 0.103748 -0.258193 0.472516 0.111238 0.484948 -0.546722 0.091127 0.227321 -0.905105 -0.005659 0.111998 -0.164733 -0.325542 -0.549891 0.630546 -0.609825 0.593757 -0.271789 0.531242
0.498220 -1.435037 0.496428 -0.527519 0.229916 -0.342596 -0.667856 0.476322 0.434658 0.666167 -0.142030 1.220258 0.365944 -0.589637 0.664726 -0.712578 -0.183726 -0.390642 0.425817 -0.447634 -0.955986 1.176221 0.546913 0.121927 0.502483 0.780423 -0.209596 -0.511266 -1.271523 0.333052
0.176427 -0.228103 0.119860 -0.456464 -0.078872 1.367085 0.290145 0.346807 -0.857965 -1.142092 -0.425638 0.042748 0.572011 -1.046762 0.747664 0.586503 0.563772 -0.388721 0.415911 -0.222763 -0.412523 0.224550 0.316673 1.093697 -0.606559 0.271898 -0.464996 0.230649 0.430147 0.530382
-0.601713 0.429089 -0.209030 -0.411733 0.730240 -0.285081 0.122452 -0.041336 -0.532253 0.298139 -0.371050 -0.036219 -0.853941 0.204962 -0.560883 0.411922 -0.048290 0.578326 0.621334 -0.787897 0.309519 0.983159 -0.228140 -0.335118 0.347346 -0.421860 0.395558 0.139414 -0.240015 -0.176212
-0.534702 0.661401 -0.570761 -0.256071 0.370456 0.986225 -0.981621 1.127046 0.072888 -0.875598 -0.573507 0.574485 -1.216470 -0.165333 0.297062 0.240329 0.192914 -0.332572 -0.405373 -0.816023 -0.592953 0.990761 0.376544 -0.665820 0.585372 0.312609 0.671686 -0.560355 -1.118867 -0.766701
0.014103 1.625646 -0.976802 0.963484 -0.061847 0.363742 0.326342 1.425107 -0.150545 0.183264 1.619514 -0.118842 -0.346257 -0.878251 -0.201771 1.487229 -2.107434 0.576280 -1.140632 0.266945 0.146722 -0.946349 -0.584729 0.445543 0.839159 2.077041 0.516852 0.467584 -0.177293 0.397618
0.457608 0.143848 0.531161 -0.040368 -0.480168 0.397412 1.077300 0.597185 -0.976563 -0.732311 0.972063 -1.170092 0.036442 -0.236532 -0.586370 1.417097 -0.508812 1.388715 -0.433672 0.155535 -0.145248 -0.204493 0.817930 0.572871 -1.200985 0.993481 -0.603498 0.691909 0.186148 0.460785
-0.021783 0.329814 2.018385 0.169425 -1.431461 1.021610 -0.157873 0.593634 0.771763 0.098016 1.389858 -1.005734 -1.030764 -1.038351 -0.755286 0.189063 0.757621 0.808719 0.574269 -0.357850 -0.411538 0.080518 -0.521076 1.116350 -0.615111 0.906364 -0.732507 -0.027491 0.655900 0.715474
0.621414 0.186156 0.975059 -0.593781 -0.511558 1.253875 -0.972642 0.414205 0.864737 0.377440 0.074305 0.408754 -0.547530 -0.285367 0.442074 -0.168515 -0.659084 0.531994 0.725484 -0.145953 0.259698 -0.321647 0.509883 -0.553274 -0.161020 0.522565 0.652319 0.665019 -0.172414 0.002342
0.819885 -1.181462 0.850623 -0.558664 -0.250328 -0.652196 0.808277 0.037011 0.169149 -0.107065 0.539703 -0.083194 -0.416714 0.075854 -0.650304 1.103822 0.047970 -0.754979 -0.484524 -0.716791 0.498932 -0.004116 -0.242040 0.032723 -1.057580 -0.643712 0.463888 0.684183 -0.567062 -0.280458
-0.461805 0.263311 1.301032 -0.260201 -0.104338 -0.226432 -0.790489 0.917055 0.961547 0.335314 -1.059220 0.789502 0.164360 0.327098 -0.918000 -0.154960 0.048562 0.518604 0.496720 0.320066 -0.565802 0.285680 -0.236565 0.194022 0.632022 -0.161391 0.044504 -0.745077 0.574285 -0.704696

Bias v0 (Oculta):
0.118905
0.826633
1.161686
0.155482
-0.289743
0.683903
-0.267110
0.868881
-0.327619
0.408359
-0.552791
0.724709
0.581367
0.622948
0.368495
1.365485
-0.849121
-0.659310
1.200750
-0.601123
-0.191732
0.949950
0.363758
0.859511
-0.953437
-0.428913
-0.459391
-1.082177
-0.471002
-0.823061

Pesos w (Oculta -> Sa獮a):
-0.471773 -1.514585 -0.564704 1.383233 -0.155770 -1.800522 -0.699306 -1.088186 -1.964748 1.276129 -1.337824 -0.249491 0.843504 -2.101019 1.428585 0.290413 2.316794 -0.564641 -2.010988 -1.196317 1.934792 2.071802 -2.314869 -1.109726 -0.254082 -2.339408
1.460838 1.624106 -2.894206 2.002522 -0.795504 1.159176 0.930601 1.033678 -2.671090 -1.423376 1.175048 -1.922655 2.812956 0.614152 0.082747 1.378970 -2.614658 1.093243 0.354851 -1.988956 -3.797689 -2.480360 0.789130 0.232250 -2.815948 -2.411769
-1.162470 0.258290 -1.983909 -2.526004 -2.612644 -0.974216 0.980920 -2.211933 1.714365 2.276442 -1.242568 0.048094 0.982638 -2.006781 1.495985 -1.341755 -0.222586 -1.564303 2.023272 1.493222 -1.995373 0.991075 1.924169 -2.458797 1.130002 -1.572817
0.810686 -0.070368 -0.422823 -1.321110 -0.065897 -0.048575 -1.136508 -1.681947 -0.833672 -0.424217 0.583636 -0.708157 0.346300 -1.525317 0.766925 -0.928624 -1.016441 -0.427765 0.316084 -0.918836 -1.392589 -0.353002 -3.272743 -0.999608 -0.703104 0.166183
0.640710 -4.385826 -0.099957 0.262489 -3.465062 -2.305405 -0.154137 1.207043 1.123099 -0.285959 0.249443 1.344530 -2.146730 -0.333954 0.935722 -1.941249 0.636237 0.057752 -0.189136 -0.748856 0.194497 -1.073259 0.659713 1.093344 -1.844693 1.115675
0.713906 -1.115221 -0.662232 -1.143224 -0.667661 -1.502900 -0.165760 -0.794269 -2.406265 -1.415613 -2.867951 -0.337880 1.560301 1.572509 -1.275728 -0.592349 -0.381562 -0.357285 -1.341923 0.824863 -1.447939 -1.732116 0.107030 3.023868 1.847291 -1.829568
0.201631 -2.671761 1.065346 -1.885310 0.725058 0.614554 -0.142568 -0.005971 0.758236 2.237498 1.132936 0.852832 -1.254732 -0.307151 -2.419169 0.144681 -2.549042 -2.087174 0.295916 -0.437148 -0.975885 1.143439 -2.184962 0.856685 -0.862158 1.115628
-0.690520 -1.923432 -0.285579 -1.950367 -1.147208 -1.890566 -0.536851 1.513749 -1.058283 -1.215246 -0.534475 -0.775231 1.610752 0.617870 -1.594796 2.257379 -1.197698 2.440612 -1.463179 -1.627107 0.651395 3.028931 0.175895 -1.701622 -1.001168 -0.933602
-2.874497 0.518462 0.350880 -1.611198 1.308188 0.126285 -0.763724 1.848763 0.547598 0.046585 -1.978000 -3.055094 -0.658703 -1.704804 -0.058964 -0.176004 -0.635014 -2.417048 0.670203 0.008253 0.454910 -0.909758 1.204751 -2.474381 2.338565 -0.367345
0.949565 0.409175 -0.899254 0.338271 0.605568 0.060868 0.964883 -2.497207 -1.422038 1.945232 -2.092469 1.577603 -1.001046 -2.549993 -0.182223 0.565013 1.271777 -0.052413 -2.993018 -0.610496 -0.735661 -0.133232 -0.378570 -2.642019 -2.044006 1.620626
-1.121258 -0.891623 -1.527420 3.365170 -0.439166 -0.824047 -1.607176 2.004091 -0.598199 2.669480 -0.445399 -0.346474 1.476643 -2.038584 -0.084957 0.435799 -3.220822 -1.935334 -0.528571 -1.544747 2.920561 0.099576 -0.850114 -0.550408 0.355980 -0.309611
-1.078597 1.098955 -2.634284 -1.592822 1.902023 -2.259201 -1.342818 0.307853 -1.311447 1.022603 -0.569921 -1.507889 -2.033966 -0.213729 0.737920 0.279594 -1.391302 0.725339 0.631828 -2.973787 0.417381 -3.190838 0.914299 0.185238 0.738610 1.085536
0.781699 0.309996 0.116310 0.269042 0.364001 -0.220119 -2.287161 0.528795 -0.088117 -0.953850 -1.540969 0.591028 0.104221 0.980015 -0.160984 -2.465424 -0.177555 2.320049 -0.242646 -2.043960 -0.548055 -0.283360 -0.375998 -2.560724 -2.348208 -2.232840
-2.255837 -1.492641 -0.266159 -1.908695 -1.274377 -0.486401 -1.098038 -0.449474 -0.506623 -0.780478 0.028055 0.016921 -1.167016 -0.956145 -3.108397 -1.831784 0.288340 0.399431 -0.560499 -0.263105 -0.450132 -0.812546 0.434657 -0.854591 -0.403079 -0.420900
-1.030211 0.165918 -1.896697 -1.567200 -1.029944 -1.068367 2.409331 1.248433 -0.495617 -0.794497 2.448200 0.454416 0.282345 1.231250 -0.367540 -0.302032 -1.699017 -2.918127 -1.603074 -0.577899 3.160284 -0.734097 0.959426 -1.508370 -0.954354 -1.271168
-1.038365 -1.258834 -2.180212 0.551258 -2.570233 1.840384 -2.277917 -1.270497 -1.716120 0.624875 -0.277423 -1.966482 -0.960302 0.954583 -1.414172 -0.859603 1.252242 0.075525 -1.640480 0.661236 -2.159506 0.358649 0.455398 0.042175 -0.568558 -1.703311
-0.036996 -0.647102 0.898842 -0.997558 0.884804 -0.276567 -0.274225 -2.367857 2.629491 -2.555262 2.387280 0.546632 0.418161 -0.471112 -1.652691 -1.871548 0.407830 -2.301377 -1.287807 -2.561312 1.794278 1.422941 0.669082 -0.094383 1.563473 -2.557721
3.205712 -1.292253 -0.997560 -1.470540 -0.547222 -0.620914 -0.704951 -0.828689 3.230166 0.868028 -1.131275 -1.101044 -0.769907 0.183520 -1.092952 -0.008313 -1.014210 -1.810381 -0.787911 2.045209 0.290962 -1.304148 0.745719 -0.207558 -1.868340 -1.091675
-2.435527 1.509218 0.734438 0.324725 -1.936001 -3.698100 0.414344 0.330675 0.029179 -2.074002 -0.578001 -0.913422 -0.091370 1.215924 1.224895 1.041449 0.729667 -2.058232 -2.709293 1.700583 -0.023058 0.989194 -0.345154 0.056926 -1.819440 0.801399
1.593506 1.729565 -1.512967 1.061703 -2.326034 -1.524834 3.398371 -0.412690 -1.133174 1.628510 -1.972145 -1.118957 -0.540138 1.643597 -1.777261 -1.877479 1.336622 -1.932263 0.568493 -0.970144 0.412309 -0.804401 -1.123733 1.468794 0.974258 0.221227
-1.052210 -2.039066 -1.056921 2.180892 0.132368 -0.289402 1.404115 -0.399478 -0.841242 -1.702525 -2.002847 1.161507 0.820141 2.701559 0.590556 -0.069860 0.307205 -1.399232 3.553665 -0.448457 -0.924003 -0.848958 -1.973057 -1.732068 -1.769915 -1.943601
-1.323358 0.466868 0.096713 -0.519407 -0.107145 -0.523572 -1.623564 -2.145974 0.401572 -2.359157 -1.036849 -1.068060 -1.937963 -0.291425 -1.326259 -1.909051 -0.613779 0.247788 -0.466587 -0.689576 -0.657642 -2.033845 -0.948295 -1.357959 -0.829718 0.003555
-1.044561 -0.496286 0.549044 0.618565 -0.721539 0.111622 0.506790 0.054536 -0.481114 -0.958167 -0.955682 0.180110 2.504103 -0.067244 -0.180787 -0.548043 -1.191921 0.321868 -0.669011 -0.664218 -0.118919 -0.478186 -0.421000 -1.659384 1.349800 1.581961
0.838518 -0.284046 0.725773 -0.639756 0.204295 -0.959236 -1.590647 -0.628250 -0.330832 -0.745369 -0.381238 -0.804528 1.962127 -1.062235 2.837884 -0.289977 -1.472123 -1.630820 -1.008052 -0.622636 0.415381 -1.117337 0.732553 0.070408 -0.647556 0.329086
-0.037947 0.007510 -0.784201 -1.916530 0.382540 0.476777 0.328486 3.437942 -1.151369 -0.575489 -1.037803 2.268510 -0.004248 -1.204917 -0.104621 -0.265420 -0.458363 0.163600 -0.778919 -0.597988 -0.873161 0.189002 -0.998668 0.418729 0.569957 -0.772752
-0.461472 -0.956970 3.243645 -1.209020 -3.504955 3.001946 2.226726 -0.938359 -2.576904 -0.382606 -0.880992 -2.580001 -0.609807 -0.231519 2.230199 2.738604 -2.099112 0.239194 -0.475983 0.660261 0.563147 -0.207351 0.148324 -0.877579 -0.514419 -1.603579
-0.376959 -0.705729 -0.357399 -1.336979 -0.084046 -1.413735 -0.911320 -1.503670 -0.907820 -2.214883 -1.199468 -0.807825 -1.114463 -0.766694 -0.476282 -0.603388 -0.427566 -0.503119 0.105140 -2.096716 -0.452979 -0.958762 -1.138433 -0.405927 -0.628599 -0.693866
-1.539390 -0.979509 -1.960234 -1.030246 -0.407681 1.297926 -1.612136 -0.401960 -0.914055 -1.973707 -1.934178 -0.535713 0.774167 -1.497447 -1.140922 2.023873 0.221477 -0.648753 -1.679821 2.334276 -0.764638 1.863319 -1.304428 1.857665 1.509211 0.875118
-0.848317 0.335821 -1.045446 1.699862 0.018363 0.044701 0.437544 0.878339 -1.864866 -0.327172 0.118707 0.540048 -1.310234 -2.370518 -2.110111 0.248404 -2.543505 0.361643 -0.027628 0.500501 -1.025476 0.086422 -0.949544 -0.211293 0.604364 -0.365987
0.316057 -2.470698 1.101300 -0.190306 2.173678 1.371663 2.836574 -1.596624 -2.010145 0.177337 -1.358375 0.384262 0.381169 -1.445222 0.394963 -1.885309 -0.728966 -1.124618 -1.592194 0.993987 -1.695084 -1.167976 0.336922 -0.356130 -0.436074 -0.702215

Bias w0 (Sa獮a):
-0.848879
-0.854981
-0.523646
-0.993079
-0.733554
-0.919660
-2.425752
-0.647864
-0.423817
-0.939740
0.460566
-1.509624
-1.431185
-0.561322
-0.963755
-0.279072
0.326079
-0.253063
-1.256711
0.054654
-1.178928
-2.000760
0.036044
-0.238754
-1.203987
-0.220900
