Pesos v (Entrada -> Oculta):
0.443282 -1.352549 -0.079965 0.555509 -0.506931 -0.587515 -0.843724 0.485455 0.455130 0.870358 -0.758157 0.036264 -0.897126 0.002464 0.413898
0.626469 -0.938959 -0.466221 0.901926 1.035020 -0.060686 -0.324758 0.328605 0.927676 -0.138835 -1.362238 -0.178419 0.634189 0.665262 0.857085
0.875959 -0.149527 -1.244608 0.883505 0.007129 -0.893354 0.158816 -1.043954 0.805080 0.164642 -0.936365 -0.281401 0.199217 0.309183 -0.078286
-0.480048 -0.332124 0.679717 -0.723815 0.332701 -0.426086 -1.098858 -0.252705 0.934064 -0.038425 -0.459798 -0.022328 -0.799082 -0.663346 -0.508952
1.221776 -0.512777 1.701721 -0.172572 -0.778213 -1.684050 -0.954464 -0.901280 -0.397921 0.492150 0.071481 -0.474921 0.600899 -0.770787 -0.795761
0.692771 -0.018530 2.649836 -0.732894 0.286580 1.466303 -0.091975 0.856595 -1.940095 0.547525 0.471774 -0.223095 -1.639800 -0.676088 -1.254767
1.823886 0.676585 -0.624367 -0.557284 0.435170 -0.977317 -0.732882 1.390523 -3.101993 -0.950147 0.311479 1.073066 0.436622 0.576735 -1.115545
-0.144340 0.301426 0.430231 -0.626985 -0.149429 -0.111272 -0.364216 0.452559 1.237855 0.256370 0.299783 0.129116 -0.456070 0.208578 -1.654299
-0.140383 -0.101029 1.044878 0.563238 1.365295 -0.090889 -1.030168 -0.696409 -0.357033 -0.035290 0.170970 -0.200542 -0.184767 -1.883558 -0.639910
-1.195270 0.442086 -0.014171 1.083223 0.259581 0.187143 -0.139478 0.064795 0.417079 0.746415 -0.258280 -0.399847 -1.050950 -0.417226 1.014813
-1.119785 0.095166 -1.403183 0.725513 1.242622 -0.821206 -1.047498 -0.654147 0.101401 -0.130495 -0.670195 -0.803344 0.590545 0.748492 0.753979
-0.356436 -0.470835 -0.456894 1.073898 -0.284455 0.674470 -0.973850 0.706183 1.401815 -0.671899 1.205758 0.010683 0.127335 0.501289 -0.310715
0.645583 0.933141 -0.785787 -0.437690 1.900259 -0.716755 1.065452 -0.880455 -0.146628 -0.480892 0.625052 -0.922251 0.238173 0.717705 -1.289136
0.597131 0.107434 -1.054100 0.633317 0.735751 0.530783 0.965772 -1.029971 -0.627800 0.320087 -0.363997 -0.916564 -0.765137 -0.508678 0.986190
-0.277393 1.118156 -0.938028 -0.048361 0.080803 -0.221540 -0.177124 0.827611 1.073462 -0.060880 -1.853460 -1.420868 -0.901548 -1.673801 -0.930013
0.102008 0.613458 0.388534 0.182904 0.310170 -1.083075 -0.210063 -0.007522 0.532238 0.014553 -1.124347 -0.036888 -0.608984 -0.653670 -0.050966
0.750776 0.251621 0.162844 -0.529274 0.586843 -1.151205 0.079684 0.269785 -0.370768 0.812451 -0.861670 0.708223 0.087428 -1.091287 0.126130
1.346465 0.235974 1.877317 -0.068870 0.169731 0.359041 0.290702 -1.048742 -1.017207 -0.477599 0.673526 0.950071 -0.385833 -1.263593 -2.221078
0.694996 0.079241 1.823196 -1.248383 0.035491 0.943933 -0.572216 -0.687612 -1.470302 -0.224653 -0.057454 0.120646 -0.375722 -0.044258 -1.813793
-0.786994 -0.383248 0.501575 -1.003042 0.592610 -0.494968 0.653326 0.564851 -0.674720 -0.217236 0.755423 -0.913625 0.517311 -0.294481 -0.465676
-1.264885 -0.122122 -0.235474 0.525179 1.596166 -2.056599 -0.604531 0.651824 0.509510 0.376454 0.413634 -0.104084 -0.545244 -0.442023 -0.987242
-0.683801 0.624515 -0.356068 1.194449 0.451143 -1.225502 0.222665 0.022958 -0.293793 -1.040542 -0.612056 0.983414 -0.200875 -0.359162 0.108184
-0.330073 0.879255 -1.641893 0.701140 0.869695 0.541713 0.538799 0.447676 0.236745 0.406889 0.703887 0.763944 -0.319772 -0.347493 -0.434636
0.808569 -0.669247 -1.484149 -0.121834 0.540279 0.975123 -0.098760 -0.512441 -0.268841 0.806185 0.186982 -0.509519 -0.944214 0.816395 -0.402352
0.442046 -0.162460 0.382076 -0.082298 0.811683 -0.581364 -0.573766 0.095874 -0.907429 0.017573 1.305426 -1.312959 0.043494 -0.102905 -1.692603
-0.198568 0.318309 -1.280186 -1.089359 0.297658 -0.912460 0.566567 0.545467 0.524376 -0.740016 1.071214 -0.772719 0.707897 -0.951202 -1.778829
-0.170254 0.854403 -0.062812 0.826632 -0.336166 -0.642468 -0.622967 0.202302 1.098683 0.490160 -0.314289 1.257281 0.479714 0.395671 -0.523750
1.282011 -0.504582 0.797609 -0.562901 1.675154 -1.435620 1.475407 -0.528297 0.911723 0.362726 -0.421050 -0.340971 -1.187062 -0.584705 1.203133
0.290469 -1.608233 1.103884 -0.712884 -0.064830 -1.377348 1.198370 0.279004 0.021240 -0.056729 -0.425327 0.173678 -0.542309 -0.846968 0.015163
2.301130 -0.021154 1.842437 -0.386151 1.351794 -0.358917 -0.809266 -0.558071 -1.339800 0.314210 -0.235063 0.136880 -0.722464 -1.316742 -0.111593
0.511450 0.337509 0.892427 -0.660346 1.832623 -0.397213 0.798394 -0.175967 -1.300158 0.163866 -0.139914 1.411372 -0.267272 -1.174897 -2.024154
0.437776 -0.649079 -0.444719 -0.898710 -0.098105 -0.268257 0.427510 0.812654 0.177008 0.829718 0.031230 -2.248176 -0.624380 0.011302 -0.008527
0.503540 0.061998 -0.514213 1.060040 0.603953 -0.948775 -0.128927 -0.229562 -0.626050 0.059326 0.600612 -0.395605 0.096625 -1.633044 -0.710660
-0.267269 0.070357 -0.848531 0.207938 -0.029334 0.159115 0.061162 0.352349 0.628518 -0.255218 0.046899 -0.198108 -0.597474 -1.127374 -0.139270
1.420989 0.354622 -2.505955 -0.726422 -1.259655 0.710795 0.296528 0.936525 0.154526 0.379388 0.368007 -1.232617 0.588869 -0.809695 -0.551937
1.024508 -0.875645 -0.332893 1.497176 0.024776 1.196971 -0.952267 0.993027 0.448603 0.066429 0.238676 -0.947270 0.411321 -0.013926 -0.806762
1.103697 -0.867372 0.562400 1.217094 1.790406 0.188182 1.105653 0.202682 -0.799245 -0.072794 -0.293514 -0.183468 -0.806005 -0.562609 -0.508958
0.357334 -0.120643 1.529710 -0.049957 1.127942 -1.251471 0.297538 0.454121 -0.424540 0.134264 0.451369 1.482094 1.264181 0.195065 0.739199
-0.408437 0.461254 0.346016 -0.602607 0.497063 0.033309 0.636523 0.404215 0.899871 -0.195776 -0.468046 0.152954 0.505493 -0.670447 1.253517
-1.169113 -1.199034 -0.721046 -0.010046 -0.083347 0.157119 1.223828 -0.199593 0.982588 -0.336927 0.356412 -0.170070 0.125053 -0.677959 -0.145055
-0.070409 -0.630873 1.973777 -1.629177 0.005570 1.166966 3.065627 -0.488329 1.191113 0.105154 0.012231 -0.237606 -0.764433 -0.391954 1.847792
0.994016 1.321522 0.872052 1.052406 -0.289485 -0.254846 1.599535 0.259720 -0.247022 0.203832 0.423090 -0.014532 0.696711 0.092542 0.362165
0.657932 1.467436 0.890840 2.329614 -2.097957 0.303536 0.331974 -0.134004 -1.649631 -0.181584 -1.388742 -1.466556 0.419044 -0.608946 0.307798
0.611706 -0.874398 -0.771102 0.620888 -3.606270 0.656000 0.818947 0.237989 0.292447 0.643063 0.507059 -1.601229 -0.381024 -0.415932 -0.523332
-0.336939 0.963831 -0.437688 -0.316457 -3.074065 -0.752988 1.291909 0.896683 0.481384 -0.822402 -0.115834 1.134313 -0.330371 -1.411074 -2.219105
0.288951 0.793014 -0.436772 -0.666257 -1.876845 -0.918188 1.313926 1.193022 0.778498 0.139814 -0.199998 0.698548 0.445065 -0.892096 -0.308638
1.735496 0.342528 -1.621078 0.371971 -0.156105 -0.174090 0.462802 0.831912 0.428189 0.852663 1.046121 -1.036373 0.642010 -0.525402 -1.284169
1.024410 -1.111764 -0.357944 0.050207 -0.028329 -0.278954 -0.670245 1.129182 0.216553 0.084897 -0.048782 0.302850 -0.220242 -0.907007 0.314156
-0.346360 -0.472757 -0.546870 0.687470 1.321278 1.030119 0.101259 0.021824 0.709504 -0.150069 0.311695 -0.664394 -1.074811 -0.346002 -0.230775
0.017356 -0.644347 -0.099236 -0.978689 1.620432 0.603259 0.608606 -0.595489 -1.324436 -0.868266 1.100119 -1.125105 0.417241 -0.797010 0.121204
-1.159078 0.452190 -0.358650 -0.430807 -0.007682 -1.595320 -0.804696 0.655220 0.115070 0.933271 0.695584 1.347199 0.506957 -1.180833 0.318851
-1.134709 -1.060662 0.609412 -0.751759 1.393722 0.097276 -1.132897 -0.094510 -0.530896 -0.657182 -0.269273 1.189770 1.329925 -0.319418 -0.292629
0.301800 -0.717970 -1.108223 -0.855032 0.701704 0.082273 -1.241384 0.025317 1.130450 0.479850 -1.876474 -0.995842 -0.717787 0.067129 1.515468
0.429417 0.502998 -0.864233 -1.937210 1.887917 -0.774475 2.022093 -0.818757 1.450170 -0.775194 -0.313082 0.627568 -1.228438 1.497643 1.196971
2.569641 1.084495 -2.587522 -0.654753 0.453493 0.347195 -0.713745 0.729758 1.049700 -0.135730 0.476102 -0.826527 -1.393787 -0.484477 -0.389504
1.115846 0.935315 -0.181903 0.478552 0.197302 -0.314091 1.579101 -0.441428 0.244742 -0.190095 -1.520934 0.139898 -1.027003 0.269777 0.095614
0.206843 -0.114125 0.111200 -0.161551 -1.180784 -1.226287 2.066812 -0.721077 1.158044 0.863209 -0.319009 0.366971 0.980625 -0.428591 -1.444411
0.513333 0.488920 0.519066 -0.540560 -1.557212 -0.474326 0.234730 0.386829 -1.104228 -0.007973 0.353196 -0.496375 2.290808 -0.448905 -1.444227
-0.155281 0.448126 -0.782495 -0.542171 0.164791 0.648164 0.386495 0.277419 -1.134749 0.929299 -0.161850 -0.844129 0.457284 -0.219170 0.283786
-0.549899 0.610748 0.347507 0.817391 0.252055 0.831890 -0.745615 1.382510 1.336289 0.062578 -0.576083 0.793249 -1.263848 -0.217663 0.919247
1.306521 -0.385700 1.076908 0.889614 0.987672 0.272838 0.801010 -0.930854 -0.796278 -0.178239 0.968258 -0.725463 -0.003214 -0.377197 0.022070
0.318822 -0.701399 0.320105 0.183174 0.441452 -0.422727 0.932071 -0.322136 -0.143322 -0.727423 0.900848 -0.431942 0.978627 -1.697901 0.386516
-1.386014 -2.060320 -0.382973 -0.552887 0.191699 -2.643756 1.404176 0.326291 0.697105 -0.753901 1.348105 0.141263 1.076242 -0.527661 -0.130369
-0.321689 -0.694158 -1.024821 0.005203 0.319509 -3.630852 -0.839939 0.531534 1.705438 1.076238 0.213582 -0.329430 0.608953 -0.261807 0.825499
-0.071240 -0.826688 -1.548429 -0.369846 -0.345641 -0.368717 -0.739079 -0.189522 2.001161 0.624315 -0.399752 -0.242052 -0.120107 -0.308185 1.056253
0.610676 0.915217 -0.275269 -1.059079 0.076633 -0.390929 1.133865 -0.877277 0.152453 0.094661 0.185636 -1.356750 -0.175697 0.835506 0.246392
0.713445 0.629784 -0.212056 -2.321541 0.971568 1.149397 0.209177 -0.627635 0.697759 -0.038237 0.153630 -1.173142 -0.166674 -0.181612 -0.266471
1.193110 -0.089368 -1.273947 -1.445230 0.434637 1.290658 -0.054877 -0.287314 1.347960 -0.612419 0.569973 1.966202 -0.295469 -1.050392 0.528115
0.530691 -0.447289 0.261220 -1.472665 0.635144 -0.795911 -0.114469 -0.011521 0.230898 -0.257847 0.202641 0.642295 1.956565 0.648103 1.377303
-1.089918 -0.106566 0.644771 -0.889628 1.230951 -0.776267 0.706192 -0.071763 -0.333479 -0.168994 0.574990 -0.679293 1.456909 -0.223933 -0.610023
-0.446246 0.591125 -0.346374 0.347932 0.161688 0.173227 0.008309 -0.061993 -0.388279 -0.477219 0.256744 0.937336 -0.121299 -0.837946 -0.496745
0.934428 0.295474 -0.206962 -0.173696 -0.319499 0.076266 -0.706419 0.023790 0.520663 -0.322056 0.375506 -0.344679 0.301706 -0.388951 -0.038353
0.784639 -0.393050 0.543225 0.183380 0.396679 -0.602365 -0.569995 0.975761 -0.981927 -0.041147 0.008567 -0.146695 -0.532997 0.054821 0.905366
-0.477845 -1.421541 -0.285393 -0.125025 0.383749 0.904254 -0.657257 0.458141 0.086430 -1.209344 0.296249 -0.204299 0.719658 0.169241 -0.403393
0.775704 -0.808416 -0.994209 -1.188734 -1.352800 0.175265 0.939900 -0.222124 0.235083 -0.016749 0.698305 -0.687606 0.213229 1.435718 -0.385630
0.354860 -0.293301 -0.130134 -0.659635 -0.725259 -0.538400 -0.823050 1.008389 0.095404 -0.162640 0.680821 -0.228877 0.132444 -0.042125 0.627628
-0.950869 0.457958 -0.812724 -0.384373 -0.332522 0.318851 -0.079853 0.140751 1.745499 -0.557600 0.606219 -1.565732 -0.276425 -0.303571 0.134845
1.150176 -0.025822 1.016522 -0.236084 -1.268552 -0.376291 -0.626109 0.208323 -0.653166 0.228841 -0.660572 -1.304178 0.291118 -0.561411 0.605223
-0.203195 1.964691 1.614065 -0.934091 1.096844 0.674313 0.299719 -0.410324 -0.153739 -0.097914 0.906656 1.505397 1.693302 0.277850 -0.592598
0.720513 -0.448886 -1.182393 -1.153335 1.026045 2.622214 -0.541033 -1.223091 -0.876875 -0.284267 0.919561 0.573884 0.629732 1.291337 0.109872
0.158118 0.413469 -1.783532 -0.842218 -0.230665 0.597797 0.527729 -0.319432 -1.297970 1.037397 -0.397885 1.675603 2.223242 0.307525 0.182689
0.523735 -0.664437 -0.469458 -1.829471 -1.074710 1.009249 0.175656 0.536808 -1.329356 0.909634 -0.476797 0.716989 -0.074459 0.402798 -0.752429
-0.717382 1.112139 0.210688 -0.237571 -0.136908 0.328706 1.437983 0.118121 0.509535 0.707104 -1.098746 -0.271477 -0.028563 0.128242 1.543751
0.137060 -1.140825 -0.165059 0.545818 0.002073 -0.483821 -0.302647 -0.006299 1.269798 0.904464 0.742813 0.001739 -0.965820 -0.243959 0.663005
-0.635391 0.527150 0.603193 -0.107774 -0.814998 1.082201 0.704875 0.254500 0.478851 0.941667 0.845344 -0.026228 -0.958021 0.356388 0.772113
-1.043412 0.417930 -0.575869 -0.189635 0.400603 -0.171281 0.667259 -1.295506 -0.562755 -0.621377 0.471476 -0.014334 0.322802 -0.537873 0.821917
-0.809967 -0.081911 0.816994 -0.003425 -0.130131 1.112752 -0.209591 -0.719732 0.303614 0.065119 1.082390 -1.121922 0.673711 1.817126 0.319839
-0.293740 -0.790032 0.309677 -0.591090 -0.685737 1.367169 -0.071448 0.400947 0.316157 0.003089 0.402894 -0.923403 -0.134831 0.671826 -0.423639
0.113622 0.836236 0.745629 0.451207 -0.652416 -0.249644 0.378274 1.089608 -1.551765 0.550461 1.490185 0.984845 -0.804986 0.874716 0.302592
0.493791 1.368742 -0.316314 0.622449 -1.262975 0.268738 0.181336 1.203147 -0.995283 -0.149142 -1.355246 0.200912 0.419185 -0.221916 -1.414173
-0.308383 1.158181 0.410384 -0.002983 -1.484505 2.223482 0.783951 1.419628 -0.605478 -0.673020 -0.540680 0.374875 1.026617 0.719226 -1.383020
0.029614 0.843890 -0.147320 -1.106262 -1.326864 1.869781 0.396276 -0.003837 -0.865378 -0.159099 -0.327876 0.232497 1.550782 1.987471 -0.308292
-0.885403 0.887398 0.158412 -0.951112 0.881739 -0.160532 0.530839 -0.929105 -1.488639 -0.348949 0.207357 1.070525 -0.031227 2.056420 -0.211951
-0.990072 -0.631926 -1.245677 -0.218193 -0.986499 -0.047562 1.612972 -1.430474 -0.609127 0.978186 -0.681344 0.577802 0.776709 0.057797 0.950448
-0.372719 -0.556965 -0.448240 -0.185423 -0.313981 0.396675 0.882370 -0.349855 0.419418 0.167984 0.662907 0.761435 -0.742215 -0.899544 0.558874
0.778506 -0.129890 0.257771 0.928799 0.525758 -0.513314 -0.727149 1.471696 1.620785 0.018139 1.219422 0.713069 -0.979450 0.023372 0.291751
0.214281 -0.173955 0.427919 -0.034681 -1.238924 0.075875 0.946847 -0.542972 0.368663 0.439505 -1.053122 -0.180341 -0.506810 0.090852 1.740685
-0.985263 0.871510 1.979137 -0.526851 -1.903138 1.485475 -0.347860 -0.509693 -1.271278 -0.527027 -1.080535 -0.983809 -0.383454 1.274925 1.428781
0.577338 0.208852 0.922011 -0.663515 -0.253762 1.196586 -0.363747 -0.539156 -0.454354 -0.037929 -1.713226 0.375565 -0.166456 1.170083 0.403359
-0.207477 -1.273349 1.877999 0.751865 -0.061925 2.671729 -0.271376 -0.968688 0.314278 -0.667629 -0.851425 0.272840 0.067751 1.009352 -0.629514
-1.214485 -0.576048 -0.779811 1.016050 0.764668 -0.030953 -0.091797 0.359251 -0.218490 -0.921935 0.422814 0.129162 -1.237118 0.666508 -0.710619
-0.811545 1.206652 -0.814611 1.623241 -0.484359 -2.239169 -0.618661 0.289163 -0.617957 0.091502 -0.731434 2.161576 -1.475691 1.142044 -0.749053
-0.883828 -0.449519 0.041969 0.058165 0.084654 -0.609090 -0.283921 0.604493 -0.314706 0.389054 0.787008 -0.268841 -0.048747 1.679031 -0.360596
-1.951272 -1.034013 -0.149556 0.363165 -0.900814 0.909953 0.093100 0.424630 1.005197 -0.502265 0.177451 -1.004002 0.949245 2.381583 -0.009697
-1.736156 0.301210 0.544005 0.489964 -1.109858 1.427046 0.743673 0.010963 -0.206080 0.300535 0.105839 -0.160912 -0.071143 1.131258 0.999632
-1.289797 -0.389907 0.719089 -0.027475 -0.067376 0.451822 0.029738 -0.526951 -0.202451 -0.530321 0.933232 0.450183 0.315168 0.339805 1.859275
-0.751510 -0.630642 0.177269 1.016818 -1.317551 -0.019684 0.741207 0.590265 -0.301496 0.272481 -0.959102 1.015820 0.234221 -0.626109 1.759470
0.099655 -1.136591 0.068673 -0.203370 0.813499 1.207675 -0.075136 0.129590 1.145958 1.381077 -0.102759 -0.126358 -0.146931 0.535629 0.683680
0.018838 0.149069 1.293949 0.395342 -0.661154 2.044658 0.379412 0.505330 0.414898 0.702592 0.682396 0.080339 0.175124 -1.144718 1.720274
0.971665 0.691105 -0.205843 -0.059403 1.089014 0.804422 -0.452732 -1.163097 -1.433403 -0.411833 -1.493440 -1.464028 -1.009040 -0.060786 1.677388
0.127629 -0.053176 1.268533 -1.229882 -0.228807 -0.045706 -0.026616 -0.775653 -1.176432 0.889598 -0.893987 -0.241433 -0.182614 -0.200503 0.846349
1.397452 -1.161985 -0.577417 0.485010 -1.201483 0.637183 -0.839490 0.289313 0.674635 1.100400 -0.093221 0.140293 -2.190915 1.049263 -0.050199
0.403273 -1.027001 -0.120697 1.344672 0.217647 1.015469 -0.274072 -0.691613 -0.289725 0.372540 0.144496 0.923120 -0.553449 0.328518 -0.751743
-1.095615 -0.192635 -0.820619 1.508690 0.278843 -0.303683 -0.032011 -0.259989 -1.335367 -0.405154 0.654590 0.427484 -1.930819 -0.041192 -0.309935
-0.847212 0.833826 -0.328860 -0.181421 -0.144534 -1.137761 -0.179206 0.376591 -0.396050 1.249602 0.211863 0.369894 -0.449561 1.187528 -1.268800
-1.921326 0.784093 0.580916 -0.982784 0.063189 0.524047 0.322248 0.307642 1.154049 -0.458725 0.827938 -0.124048 -0.106852 1.899695 0.174110
-2.600253 1.226270 1.192849 -0.497674 -0.684941 -0.519134 -1.714624 0.873681 0.562649 -0.780910 -0.183534 0.330881 2.324250 2.721778 0.539884
-0.992112 1.240087 -0.704735 -0.454400 0.587332 -0.405587 -1.280791 0.625741 1.025151 -0.391671 0.724990 -0.605225 2.071238 0.653743 -0.174074
-0.592246 -0.265693 -0.560760 -0.489027 -0.016304 -0.282016 1.034022 -0.291388 0.168992 0.370751 -1.510876 -1.095418 0.884670 0.132491 -0.203164
0.178217 -0.405409 0.195315 0.173015 0.193517 0.981192 0.903314 1.397335 0.687792 1.206064 0.558097 0.510947 0.116796 -0.839971 -0.128970

Bias v0 (Oculta):
-0.671142
-1.362793
0.956397
0.447464
0.872881
0.518808
0.440236
0.902757
0.506518
1.316388
0.461168
0.263995
0.026860
0.468577
-0.145205

Pesos w (Oculta -> Saﻥda):
-3.337597 -2.244131 2.149522 -0.978795 3.253046 -5.447481 3.149118 -0.231238 -5.360413 -1.133759 2.550140 0.798367 2.240732 1.441164 -1.741489 -4.571854 1.520228 -0.030384 1.744026 -2.715139 0.002179 1.972202 -2.900201 1.486107 -4.579693 2.497095
-0.828051 2.848146 3.343790 2.917045 -0.113241 1.455970 1.796411 0.398307 -3.268715 -1.249091 2.179593 0.615290 -0.128499 -0.897031 3.913987 3.684975 -3.865485 0.293173 0.121246 -2.108689 2.373142 -2.784226 -2.267230 -5.173379 -2.008276 -2.556385
-1.175614 3.977661 -2.815132 -3.318973 -1.456591 -1.684090 -1.897858 5.009876 -0.726672 0.321727 -2.724602 -3.284443 4.246729 -4.298392 -0.965689 -1.969063 -2.192039 -4.747293 -0.907322 -3.068260 3.718582 1.239265 3.138912 -3.283537 3.302963 -2.338637
0.808609 2.802755 -5.839234 -0.370763 1.275669 2.228326 0.822081 1.845076 -2.479066 -5.214011 -1.149159 -5.042334 -1.204367 1.345129 -1.086273 0.583763 1.843049 1.009632 2.003646 -3.631904 -5.646505 -3.618972 2.217653 -0.003577 -4.076670 -4.260470
2.209140 1.789073 -2.437239 1.477183 -6.042035 -6.716881 -5.076054 0.148771 0.879469 1.403666 -2.379244 2.531712 0.376099 0.225672 2.701443 5.774139 1.349802 0.803548 -5.114372 -3.920647 0.091695 0.816877 -2.182008 0.598106 -2.851229 1.145406
-3.042397 -0.980927 1.758757 2.079744 2.040392 0.022376 -3.524541 0.779557 6.262774 -7.694514 2.109791 0.365271 -0.624701 0.868774 2.731675 -0.104139 0.696440 -3.419979 -5.536988 1.696859 0.403432 0.035809 -2.532828 -2.716339 0.767997 0.524642
2.411998 -3.406054 -0.854692 0.652500 0.071578 0.393681 2.148463 3.266440 -1.273450 0.445657 2.287940 0.591034 -4.546587 -5.096986 -4.105886 -2.150188 0.003493 0.754327 -0.071995 -0.572848 0.434890 1.243192 -2.319132 -0.660087 -0.297592 -1.356169
-0.579424 -2.319463 -2.865834 0.383981 -0.945696 -1.612837 1.662716 -0.348422 -1.720479 -0.621021 -3.399800 -0.298085 -1.308187 0.383955 -0.673337 -1.871941 -6.519331 -2.496662 -1.167041 -1.499715 -0.246714 -3.350378 1.057024 -0.246850 1.736394 -1.153119
2.939903 -2.775015 2.837857 2.524418 -6.467936 -2.597446 2.279038 -2.459849 0.888611 1.845514 -1.929881 -1.456110 1.244425 -2.286110 2.014434 -2.511710 0.103347 -5.770288 2.508797 2.412048 -2.770846 -3.735427 -1.625228 -3.165197 -4.649133 3.057901
-2.307853 -3.607963 -2.239922 -7.016963 -1.453793 -0.648067 -1.457525 -2.810606 -2.238833 -1.161865 -2.075083 -1.081153 -2.376021 -1.079099 0.001423 -3.731338 -1.095366 -0.915249 -3.272416 -2.008339 -1.601135 -2.315811 0.995460 -2.295027 -1.046648 -3.758129
2.101267 0.492066 -3.415210 4.539416 -1.291634 0.459422 -4.359390 -1.647684 0.087666 -0.182484 0.304880 0.662521 0.920440 2.070334 -4.435610 -2.209676 -2.059739 2.383352 2.242045 -1.203030 -0.580917 -0.677334 -3.979204 -0.066301 0.326625 0.288279
-0.833152 -2.862120 -1.810408 -2.218835 -2.072094 -1.413283 -3.788024 -2.751319 -4.459118 -1.924103 5.205988 -5.445975 1.128877 -2.977173 -1.767485 -0.165975 -1.326677 1.254969 -3.328882 -0.894870 -1.044577 -4.525203 0.950893 2.748677 3.484766 4.948924
-2.893875 4.950754 2.937367 -4.082349 3.987214 1.217949 -6.114427 -2.921816 1.752394 2.827782 -4.387718 2.268733 -3.786235 -2.884504 -3.862880 0.099633 -2.334984 -3.780605 3.085833 -0.296592 -4.885880 3.479176 -3.203607 5.406889 1.457564 1.346430
-1.300258 -4.251498 -0.864804 -2.121202 -4.394602 3.415354 -1.426830 -2.231606 -6.207793 -0.678508 -2.472260 -2.865007 3.087058 -3.048802 -0.249026 5.162338 -0.809997 -2.707901 -1.888420 5.139699 -1.855754 3.378698 -1.142195 -2.125646 -0.823152 -2.929212
-5.519773 2.387433 1.624397 1.246165 0.438991 -3.220806 -1.239523 -6.677328 0.580886 1.536186 -5.036245 -5.440781 -3.345213 -3.323756 0.887209 0.965938 1.305951 6.424881 0.247647 1.935561 2.738050 0.849191 1.824886 -3.991543 -0.363804 2.222123

Bias w0 (Saﻥda):
-1.935844
-4.195315
-3.670854
-5.362370
-3.616806
-0.827739
-1.996432
-2.809952
-1.798225
-1.895702
-1.197902
-2.065792
-1.725871
-0.795717
-4.226415
-2.944435
-0.731668
-2.884847
-2.549294
-1.778300
-2.599081
-2.637305
0.337347
-1.682769
-1.976810
-4.658326
