Pesos v (Entrada -> Oculta):
-0.628500 0.556008 0.984016 0.086975 0.317329 0.422631 0.030839 0.124808 -0.770815 0.223392 -0.320229 -0.231337 0.949416 -0.899597 0.086288 -0.936559 0.593923 -0.671730 0.893704 0.751582 -0.891524 0.499496 0.875611 0.076679 0.368152 -0.198106 0.809900 0.679489 0.536488 0.451689
0.305544 -0.524541 -0.044989 0.035921 0.767438 0.355137 -0.867932 0.620580 -0.037863 -0.814183 0.683309 0.954883 -0.255736 0.941311 -0.611728 -0.622940 -0.817844 0.906387 -0.308656 0.809339 -0.051423 0.527081 0.227176 0.737885 -0.505335 -0.710700 0.200567 -0.131987 0.650987 -0.711295
0.056156 -0.224031 -0.217136 0.967700 0.658114 0.391721 -0.779024 0.417206 0.911435 0.751403 -0.789051 -0.723233 0.942761 -0.799082 -0.383816 0.148309 0.197426 -0.701716 0.456333 0.127239 0.495925 -0.093806 0.074997 0.316113 -0.561413 0.794696 0.205432 -0.695768 -0.565531 -0.144469
0.054624 -0.697953 -0.748786 -0.649117 -0.393501 0.662232 0.368806 0.967592 0.489354 -0.833761 0.951037 0.336155 -0.983944 0.194076 0.266714 -0.447241 0.295376 0.973532 -0.144979 0.058657 0.413602 0.305644 0.646098 0.554225 0.543736 -0.311191 0.315890 -0.071060 0.255158 0.779566
-0.917715 -0.601940 0.731191 -0.336981 0.138251 -0.184475 -0.594134 0.141050 -0.177095 0.702480 -0.146752 0.556057 0.151090 -0.098122 -0.904604 -0.385485 0.934411 -0.684017 -0.667520 -0.339847 -0.723747 0.197874 -0.962295 0.771347 0.080472 0.275728 -0.059633 -0.993377 -0.793647 -0.433577
-0.147071 -0.627868 -0.678574 0.008375 -0.694938 -0.310458 0.758072 -0.561657 0.944662 0.120310 0.953661 0.223729 0.872159 0.728662 0.988867 -0.034580 0.137100 -0.597534 0.136729 -0.737673 -0.659246 0.708085 0.827145 -0.936687 -0.153334 0.823754 0.830946 0.349389 -0.172152 -0.891734
-0.261523 -0.705784 -0.389817 0.786516 0.966748 0.814839 0.216682 0.534083 0.689266 -0.656456 0.277941 -0.543917 0.945739 -0.630515 0.306724 -0.092939 -0.312456 -0.232556 -0.532905 -0.407686 0.812286 0.036448 0.151919 -0.711808 -0.087526 0.462743 -0.311208 -0.317609 -0.911961 -0.344974
0.888607 0.433870 -0.795393 0.217970 -0.732734 0.590936 -0.127826 0.791952 0.771728 0.687975 -0.665201 0.114013 -0.379749 -0.912852 0.528295 0.696337 0.175435 0.302905 0.843082 0.528863 0.427740 -0.610992 0.675953 -0.604307 0.551914 0.961343 0.058076 -0.765979 -0.922320 0.252129
-0.650860 0.199814 0.831206 0.161470 -0.006902 0.321350 0.004885 0.114757 -0.615316 -0.670771 -0.921673 -0.365448 0.366711 -0.363966 0.759191 0.086257 -0.355397 0.058221 0.960905 0.091404 -0.474779 -0.377129 0.586913 0.457665 0.034988 0.636604 0.654303 -0.283384 0.467969 0.717027
-0.687370 -0.057729 0.909936 0.390061 0.530376 0.994912 0.642311 -0.512566 0.838659 0.531474 0.018042 0.513936 -0.853397 0.514524 -0.533057 -0.551300 -0.943933 0.783456 0.382670 -0.875025 -0.788507 0.699033 0.082803 0.089635 -0.902369 -0.567573 -0.863670 -0.544759 -0.006914 -0.964103
0.480050 0.146425 -0.227021 -0.737099 0.191013 -0.783664 -0.676777 0.972593 0.261411 0.351724 -0.249685 -0.249296 -0.255443 0.140111 0.405282 0.093984 0.803686 0.567323 0.641845 -0.613297 -0.229223 -0.609983 -0.210755 0.595476 -0.788864 -0.900625 0.619935 -0.836941 -0.512448 0.184081
0.975596 -0.845813 -0.617292 -0.046962 -0.985835 -0.699736 0.190108 0.003405 -0.987266 -0.000129 0.245837 -0.242444 -0.842955 -0.664001 0.655028 -0.797265 -0.273940 -0.324373 0.026266 0.030480 -0.038525 0.278400 0.096933 0.960665 -0.455657 0.281173 0.866741 -0.194626 0.706404 0.497381
0.513997 0.044578 -0.177199 -0.203714 -0.582803 0.025150 0.821602 -0.354742 0.177482 -0.040247 -0.768280 0.126966 -0.155433 0.566292 0.920052 -0.430407 0.542123 -0.194581 -0.105665 -0.924436 -0.952878 0.698104 -0.627434 -0.667271 0.382979 0.885301 -0.629265 0.728588 0.433188 0.272538
0.951923 -0.840247 -0.651588 -0.838422 0.667027 -0.310945 -0.108826 -0.346510 -0.727631 -0.116937 0.258828 0.292702 -0.238132 -0.273485 -0.247235 -0.659085 0.787430 0.127667 0.774763 0.898710 -0.835711 0.812740 0.179027 -0.977502 -0.741896 -0.885586 -0.465125 0.443284 0.935831 0.897464
-0.532161 -0.668520 0.737359 -0.235212 -0.099799 0.796727 0.158733 -0.779651 -0.805748 0.869367 -0.132081 0.287863 -0.002622 -0.580357 0.943421 -0.874259 -0.864881 -0.451301 -0.403663 -0.086716 0.780347 -0.012586 -0.524872 0.383403 -0.524309 0.750138 0.879440 0.672636 -0.700052 -0.672914
0.839775 0.291462 0.987754 0.334278 0.728299 0.641972 0.593442 -0.898268 0.241943 -0.747335 -0.592320 -0.005355 -0.919096 -0.827009 0.209158 -0.048885 -0.599889 -0.801081 0.335564 -0.253038 -0.064452 0.806648 0.749145 -0.243145 0.106644 0.153738 0.464962 -0.323670 0.775937 0.748269
-0.864031 -0.148773 -0.877186 -0.049094 0.858210 -0.266468 -0.165133 0.940213 0.901112 -0.398014 0.578953 -0.863956 0.574303 0.458963 0.255111 0.240689 -0.123984 -0.870382 0.480309 0.887128 0.419793 0.566009 0.739125 0.980660 -0.631517 0.412963 0.356216 -0.419760 0.764047 -0.008749
-0.586079 -0.007769 -0.230348 -0.966865 0.755068 0.000572 0.645832 0.510673 0.680332 -0.676646 -0.673881 0.892464 -0.284912 0.000358 0.661571 -0.594974 -0.752382 0.593622 0.268505 -0.150871 0.598434 0.643358 0.274698 0.842994 -0.763150 -0.958204 0.450506 0.588743 -0.100417 -0.111485
0.978929 -0.826690 -0.948097 0.360263 -0.548247 -0.078230 -0.319333 0.590471 0.480506 -0.803266 -0.167843 -0.893647 0.655284 0.178932 -0.689863 0.064472 -0.897439 0.712906 0.332103 -0.473414 0.946454 0.998753 0.775990 -0.509190 -0.373597 0.987402 -0.953024 0.802208 0.378591 0.763805
-0.773037 0.969370 -0.205211 -0.564817 -0.235838 0.002853 -0.329801 -0.406740 -0.656818 -0.883529 -0.296193 0.999618 0.268541 0.567624 -0.414526 0.412352 0.971316 0.279360 0.347042 0.436180 -0.919507 -0.416655 -0.207099 -0.256063 -0.680812 0.131749 0.199419 -0.581828 0.167479 -0.718826
0.586770 -0.427051 0.476121 -0.834332 0.486028 -0.885123 0.295887 0.017317 -0.940299 -0.701722 0.567162 0.134560 0.172015 -0.648012 -0.770899 -0.063558 -0.344563 0.907746 0.344674 -0.677950 0.830750 0.520907 -0.769742 0.362825 0.751341 0.971451 0.130346 -0.269066 0.436591 -0.455068
-0.305883 0.026080 0.370482 -0.328031 -0.148769 0.238387 0.464611 0.967533 -0.333221 0.956846 0.926558 0.177651 -0.601327 -0.892396 -0.489740 -0.882777 -0.821058 0.051864 0.955928 -0.510017 -0.939991 0.132593 0.609093 0.510051 0.212371 0.631809 -0.744489 -0.018199 0.294089 -0.907204
-0.161108 0.008235 -0.277040 -0.853044 -0.873826 0.498005 0.225671 -0.134361 0.580707 -0.318176 0.455698 0.400192 -0.917771 0.111885 -0.483870 -0.402445 -0.125481 -0.681520 -0.154049 0.060279 0.505876 -0.313019 0.807349 0.944983 -0.302920 -0.815439 0.827653 0.942084 -0.135645 -0.158685
-0.096729 0.274569 -0.837942 0.488311 -0.611527 -0.106615 -0.592489 -0.064422 0.517071 0.580321 0.168714 -0.831872 0.355405 -0.478498 0.734279 -0.367649 0.092440 0.161108 -0.024929 -0.555028 0.189467 -0.762379 -0.065428 -0.426100 -0.940589 -0.119004 -0.185750 -0.978346 -0.706864 0.380908
0.732692 0.599706 -0.987728 -0.740389 0.894560 0.392772 -0.285276 0.002354 0.222458 0.263323 0.143896 -0.118114 0.038581 0.810436 0.476133 0.266834 0.661797 -0.471058 0.734487 0.050500 0.182817 -0.193758 0.119912 0.378370 0.050220 -0.405119 -0.444793 -0.011174 -0.657433 -0.796131
-0.786225 0.914733 0.300658 -0.769259 -0.786437 0.117296 0.562348 -0.363052 0.626933 -0.776344 -0.230262 0.335443 -0.649003 -0.262199 -0.508869 -0.270593 -0.679162 -0.613494 -0.138664 -0.723802 0.026614 -0.352341 0.711060 0.965098 0.548602 -0.654440 -0.877919 -0.769909 -0.517882 -0.187541
-0.122506 0.265816 -0.307182 -0.359151 0.857893 -0.781662 0.750157 0.078696 -0.732478 -0.048629 0.809447 -0.155719 0.132012 0.111459 0.159274 0.109202 -0.796926 0.176019 0.174797 -0.494126 0.731258 0.831859 0.846937 -0.174826 0.550178 -0.348010 0.995988 -0.822484 0.957071 -0.215860
-0.612604 -0.524433 -0.040024 -0.943541 0.088895 -0.264074 0.056001 -0.423280 0.634820 0.356527 -0.305178 0.912634 0.991221 0.330954 0.104096 -0.254210 -0.652518 -0.058361 0.107812 -0.322146 -0.037868 -0.896523 0.158234 -0.075948 -0.192016 0.900750 -0.079812 0.662800 -0.626769 0.637515
-0.965758 0.487602 0.470018 -0.515414 0.530988 0.131343 0.955870 -0.643671 -0.788319 0.804025 0.887679 -0.702452 -0.173979 -0.432433 -0.338845 -0.171205 -0.101872 -0.061582 0.915484 0.090879 -0.551975 0.541255 -0.095521 0.282839 -0.908465 -0.337525 -0.014828 0.595493 -0.385832 -0.871592
-0.782061 0.517658 0.222214 -0.207025 0.930696 -0.088295 -0.615229 0.311101 -0.338913 0.914521 -0.315207 -0.910356 -0.034832 0.680433 0.327469 0.676164 0.209534 -0.967823 0.974390 -0.641573 -0.595249 0.353539 -0.151386 0.816073 -0.146595 0.996573 0.232516 -0.720651 -0.761083 -0.745174
-0.065814 0.403365 -0.267878 0.721611 -0.762579 -0.292534 0.487726 0.698362 -0.136441 -0.915624 0.995597 0.003862 0.247318 -0.893749 -0.148514 -0.793733 -0.667094 0.034950 -0.089338 -0.383474 0.911552 -0.163537 -0.587388 0.416670 -0.487289 0.186500 -0.268023 -0.063567 0.805700 -0.865308
0.715885 0.446487 -0.056092 -0.592247 -0.216613 -0.703520 0.886922 0.945097 0.104866 0.046476 -0.544219 0.149980 0.968810 -0.664605 0.452567 -0.918525 0.933766 -0.199485 0.309156 -0.427388 0.998332 0.424529 -0.506246 0.710235 -0.259848 -0.336425 0.021546 -0.174278 -0.489358 0.411094
-0.897437 -0.543013 -0.749099 0.260275 -0.717712 -0.956161 -0.257937 -0.792051 -0.822289 -0.270711 -0.818916 -0.717421 -0.754458 -0.847597 0.429345 0.347263 -0.554273 0.985222 -0.974499 -0.269836 -0.606018 0.853512 -0.306786 -0.230932 -0.946073 0.287116 -0.981339 0.657090 -0.361514 -0.363793
-0.836601 -0.828117 0.318514 -0.867933 0.685162 -0.656487 0.543892 0.266481 -0.287218 0.347818 0.825835 0.546246 -0.302098 0.169880 -0.708679 -0.437628 0.279447 -0.824769 0.505423 -0.755224 -0.845565 -0.732330 0.668628 0.848108 0.570970 0.594602 0.811189 0.187498 0.178808 0.234785
-0.405861 -0.160009 0.861459 0.238697 0.239612 0.988971 0.337504 0.325544 0.924410 -0.833947 0.116119 0.126638 -0.165203 0.907296 0.091470 0.950424 0.747208 -0.930996 0.358171 -0.517403 -0.049166 0.944142 0.959966 0.992647 0.839947 -0.874983 0.439119 -0.386184 -0.368764 0.645120
-0.738972 0.950915 0.020138 0.373477 -0.930758 -0.319011 -0.021452 0.865940 -0.364084 0.215780 -0.977114 0.867068 -0.685324 0.753795 -0.729145 0.881861 0.123638 0.232510 -0.844330 -0.093346 -0.118552 -0.402718 -0.676695 0.317537 0.072584 0.029848 0.284744 0.961029 -0.087905 -0.433978
-0.796640 0.667180 0.085222 0.869930 0.733857 -0.971241 0.883705 -0.975450 -0.031780 -0.227637 -0.958184 0.633627 -0.682984 0.379501 -0.441744 -0.219246 0.496177 -0.320618 -0.640874 -0.272299 -0.014952 -0.918799 -0.470788 -0.406548 0.476094 0.417794 -0.899957 -0.094173 -0.120663 -0.943074
-0.241150 0.243071 -0.640874 0.057829 -0.674445 -0.649648 0.577844 -0.669893 -0.664922 -0.944797 -0.340457 -0.522413 -0.309928 0.157249 0.822011 -0.557696 0.850482 -0.941989 0.155010 -0.207354 0.406358 0.313247 -0.118869 -0.560595 0.991951 -0.451021 0.892360 -0.633831 0.891454 -0.562566
0.831565 -0.846490 -0.706678 -0.399285 0.718538 0.392155 -0.506509 -0.482403 -0.921506 0.452391 -0.619250 0.010588 0.137700 -0.644905 0.785045 0.503507 0.600132 -0.686343 0.290689 -0.817615 0.981503 0.289613 -0.482086 0.514626 -0.303894 0.556464 0.477339 -0.894271 -0.908216 -0.343101
0.085014 0.190398 0.937790 -0.448272 -0.710422 0.768195 0.092823 0.592453 0.384532 0.899608 0.370300 -0.968139 -0.539822 -0.460968 -0.104001 0.334754 0.412143 -0.441712 -0.081413 0.818832 -0.158570 0.985452 0.879376 0.224236 -0.252857 0.073775 0.128852 -0.517099 -0.320221 -0.173798
0.752165 0.617984 -0.799038 0.156125 0.383562 -0.792949 -0.603380 -0.387853 -0.333389 -0.270449 0.638905 -0.067483 0.914034 0.032646 -0.423798 0.090469 0.270684 0.795504 -0.368994 -0.722098 -0.803539 0.819353 -0.740659 0.827424 0.782869 0.121465 -0.374379 -0.608481 0.692191 -0.674739
0.722068 0.147658 -0.348452 0.502045 -0.134005 0.950396 0.842087 0.116132 -0.743280 -0.469103 -0.778392 -0.172420 -0.620417 0.900605 -0.329376 -0.571149 -0.430878 -0.468699 0.908350 -0.699700 -0.426617 -0.800981 -0.325077 -0.373976 0.647133 -0.223295 0.345668 -0.739286 0.205398 -0.121535
0.154865 0.835620 -0.946052 0.243867 -0.664145 0.625546 -0.700245 0.314980 -0.874626 0.509737 0.781215 0.755144 -0.618464 0.209521 -0.847400 -0.740770 -0.392154 -0.412340 0.634166 0.037266 0.928205 0.167761 -0.988067 0.838547 0.183934 -0.359985 -0.298253 0.616967 -0.539924 -0.244532
-0.530627 -0.989858 0.779312 -0.763626 0.505910 0.458824 -0.020855 -0.197329 -0.040525 -0.911277 -0.532331 0.677963 0.103655 -0.559535 0.973921 -0.863972 0.140328 0.625692 -0.721210 -0.249906 -0.763553 0.756158 0.388345 -0.434845 0.204151 0.744447 0.682686 0.055673 -0.362080 -0.680468
0.465369 -0.359851 -0.608381 0.921873 0.070364 0.561182 -0.591166 0.902453 0.528864 0.528071 -0.800928 -0.331283 0.552947 0.512218 0.331477 0.297794 -0.028345 0.827895 -0.495168 -0.817649 -0.203057 0.697813 0.336314 0.586599 0.451250 0.248076 -0.796921 0.886626 -0.313217 0.108275
0.382215 -0.756974 -0.777877 0.635005 0.877660 0.181490 0.791301 -0.330541 0.219851 -0.426025 0.432688 -0.803898 0.479056 -0.152137 0.215182 0.381613 0.360264 0.365059 -0.895761 0.503219 0.709922 -0.924347 -0.089957 0.099677 0.141177 0.904764 -0.554279 0.968256 -0.054437 -0.422004
0.876390 0.039888 0.562884 0.682603 -0.594725 -0.920070 -0.103922 0.005337 0.063921 -0.904237 -0.404429 -0.186499 0.967466 -0.723157 0.979620 -0.341718 -0.705808 0.328454 0.691450 -0.345040 0.693812 -0.768914 0.152698 0.501107 -0.167700 -0.530825 -0.545947 0.653507 0.127717 0.335667
0.929236 -0.003394 0.987497 -0.000867 0.897570 0.877498 0.440887 -0.623025 -0.036646 -0.627127 -0.921928 0.691620 0.585569 -0.064608 -0.133166 0.931223 -0.714546 -0.504965 0.400538 0.440501 -0.283160 -0.988154 -0.852521 0.387429 0.876730 -0.378219 -0.862360 0.232279 0.569654 0.903123
0.988253 0.309126 0.562462 -0.725524 0.706768 0.977903 0.665185 0.614641 0.126674 0.148519 -0.171340 0.730596 -0.483842 0.546995 0.898378 -0.743683 -0.181850 0.446157 0.822571 0.205084 -0.555915 0.658005 0.742586 0.639590 0.869197 0.749892 0.479414 0.920304 -0.590292 -0.985022
0.012223 -0.655996 -0.482625 -0.987471 0.025193 -0.189896 -0.600603 0.669557 0.588285 0.090086 0.797705 -0.395688 0.825806 -0.705403 0.330386 -0.021677 0.298107 0.699502 -0.854298 0.488601 -0.122056 0.545377 0.853671 -0.461277 0.664243 -0.750389 -0.911174 -0.091652 -0.806372 -0.264901
-0.501923 -0.928795 0.799641 -0.988671 -0.665210 -0.088034 -0.068957 0.343087 0.337220 -0.423913 0.017648 0.847085 -0.541649 -0.096758 -0.781997 0.614967 -0.172252 0.687493 -0.123116 -0.091456 0.126454 0.228030 0.816547 -0.059489 0.229067 -0.230031 0.534509 -0.343552 -0.024895 0.577917
-0.082509 0.985144 0.256037 -0.947815 -0.771404 -0.599216 0.550286 0.017907 0.249877 -0.398869 -0.375011 -0.171385 -0.392563 0.486549 0.319596 0.246343 0.334804 0.836871 0.790855 -0.432965 0.352492 0.501355 -0.555349 0.473672 0.319537 0.898526 -0.923050 0.193666 0.294210 0.128800
0.992727 -0.299510 -0.653159 0.120530 -0.480363 0.149537 -0.838789 0.565861 0.531664 -0.787368 0.239605 0.673122 0.315801 -0.846748 -0.417283 0.011525 0.586490 0.963462 -0.018662 0.714986 -0.609394 0.053337 -0.022756 0.506910 0.136150 0.381941 -0.312448 0.041673 -0.278381 -0.434816
0.645454 0.980898 0.184246 -0.127330 0.127667 -0.554754 -0.248766 0.764176 0.750291 -0.680079 -0.935740 -0.609450 -0.397585 0.067091 -0.082807 0.825198 0.914669 -0.905398 -0.676118 -0.480869 -0.100751 0.695208 -0.137904 -0.628732 0.443886 -0.690073 -0.216224 0.723376 -0.166052 0.603085
0.510437 -0.629880 0.716880 0.588067 -0.404231 -0.919769 -0.302573 -0.853404 0.318130 0.014195 0.670925 0.401179 -0.020270 -0.733319 -0.155979 -0.816687 0.074670 -0.680193 -0.452121 -0.254261 0.692705 -0.071787 0.784028 -0.251872 0.923794 0.704019 -0.473404 -0.823893 -0.521598 -0.750701
0.118090 0.850739 0.854791 0.840651 0.280533 0.630760 0.360263 -0.770350 0.820356 0.399447 -0.402054 -0.075060 -0.178399 -0.617950 -0.242345 -0.657308 -0.400874 -0.858591 -0.999246 0.081956 0.313461 0.524858 0.681569 0.557192 0.055769 -0.770400 -0.006384 -0.095269 0.160944 0.550104
0.574475 -0.291800 -0.197261 0.346244 0.517163 -0.788211 0.679907 -0.343955 -0.227309 -0.909707 0.357436 -0.641484 -0.474898 -0.325642 0.255102 0.114143 -0.451651 0.110727 -0.617445 0.147901 -0.207724 0.765814 0.630450 0.654914 0.523148 -0.518368 -0.597346 0.567747 -0.986158 0.399102
0.938809 0.759946 0.592779 -0.816130 0.418647 0.633538 -0.892004 -0.628921 0.933337 -0.438153 0.187033 0.128588 -0.361027 -0.554424 -0.654555 0.958340 -0.561015 -0.768684 0.201525 0.806451 -0.542224 0.481753 0.297551 -0.950376 -0.191533 -0.540433 0.249694 -0.231741 0.361023 -0.908826
-0.715378 0.859004 0.283542 0.186011 -0.672211 -0.117517 -0.209570 0.459351 0.991456 0.739057 0.163038 0.367890 -0.328513 -0.535850 0.859851 0.431529 -0.542602 0.376341 -0.409226 -0.178595 0.957039 0.988091 -0.491277 -0.651870 0.581612 -0.125604 -0.700025 0.702815 0.175362 -0.994673
-0.209984 -0.818627 0.587746 -0.163796 -0.359990 0.328454 -0.328165 -0.991277 -0.017084 -0.665016 -0.044072 0.616975 0.720678 -0.229545 -0.544200 -0.653773 0.310510 0.878333 0.158908 -0.953681 -0.939840 -0.252263 0.741951 0.721422 0.435243 0.643203 -0.652425 0.637957 -0.343935 0.490617
-0.283925 -0.716172 0.776847 0.842887 0.529675 0.190706 -0.306573 -0.205590 0.074885 0.053533 -0.620735 0.990565 0.658743 -0.857016 0.421114 0.901937 0.439253 0.154927 -0.050507 0.137677 0.825544 -0.351739 -0.719995 -0.462233 -0.998109 -0.684604 -0.365857 0.561248 -0.822747 0.063587
0.420396 -0.089474 0.694516 -0.190679 -0.687209 0.603984 -0.974661 -0.063778 0.783395 -0.942443 -0.651422 0.805055 -0.006691 0.635730 -0.392157 0.366278 0.449371 -0.635947 -0.919760 -0.655059 -0.672100 -0.846883 -0.123850 0.121575 0.350312 0.228410 -0.368255 -0.006684 -0.766782 -0.952762
0.458586 0.231393 0.214981 0.565840 0.998590 -0.261279 -0.630678 -0.827389 0.669615 0.954507 0.904967 -0.134830 0.905803 -0.424008 -0.161135 -0.664421 -0.324419 -0.458642 0.435771 0.526769 -0.563581 0.153581 0.261760 -0.014915 -0.317024 0.029795 -0.238183 -0.151688 0.536551 -0.446056
0.207100 -0.384549 0.449088 0.668899 0.017890 -0.018793 -0.931141 0.180926 -0.024134 0.388591 -0.969918 -0.018974 -0.613714 -0.944127 0.551173 -0.157825 -0.776885 -0.380840 -0.222050 -0.907629 0.671137 -0.899599 0.541666 0.232703 -0.220756 -0.140413 -0.854853 0.029033 0.314029 -0.315087
-0.059778 -0.162940 -0.018027 -0.553798 0.471164 0.994364 -0.380744 -0.334251 0.909239 -0.047748 0.122323 -0.942010 0.118065 0.101126 0.772875 0.303299 -0.664670 0.088084 0.228069 -0.830205 -0.559668 -0.518353 0.522617 -0.440726 -0.675811 -0.858969 -0.049631 -0.818539 -0.843779 0.244259
0.807928 -0.844338 -0.539696 0.879282 0.447754 0.239706 -0.553271 0.051571 -0.073176 -0.148619 0.957992 0.538082 0.139037 0.740659 0.029206 0.755517 -0.860836 -0.237504 -0.495658 -0.908398 0.075196 -0.981159 0.069455 -0.564750 -0.342965 -0.011504 0.029427 -0.989234 -0.191218 -0.374930
-0.989442 0.433373 -0.306582 -0.738996 -0.336702 -0.685279 0.899651 0.159097 0.461941 0.209646 0.526756 0.458936 0.566623 0.415154 -0.201888 0.013923 -0.485151 -0.289864 -0.280291 0.993633 0.355338 0.109558 0.052627 0.758191 -0.168739 0.458732 -0.127925 -0.393208 -0.202761 0.672375
0.127748 -0.460622 0.621008 0.852605 -0.293849 0.852340 -0.337213 0.463590 -0.505901 -0.210063 -0.106846 -0.626847 -0.713006 -0.806779 0.075052 -0.713042 0.080226 -0.752024 0.536390 0.621260 0.428511 0.789298 -0.594431 -0.159427 -0.290869 -0.758630 0.651827 0.859441 -0.780417 0.819064
-0.182482 0.152125 -0.657469 0.201887 0.257505 0.829567 -0.997622 0.163266 0.095461 -0.999867 -0.767584 0.261131 0.088099 0.888869 -0.436240 0.396252 -0.656534 0.903874 -0.993030 0.938909 -0.353871 -0.348936 0.559065 0.948217 -0.777804 0.817016 -0.664288 0.748933 -0.638440 -0.984397
-0.757774 -0.220879 -0.582474 -0.737132 -0.321972 0.183524 -0.878572 0.521157 0.849540 -0.678500 -0.882255 -0.791855 0.296374 0.134797 0.810279 -0.380079 -0.236178 -0.925380 -0.436013 0.112043 -0.207927 0.366580 0.077323 0.162917 -0.454812 -0.525343 -0.272320 0.384326 -0.003816 0.439966
0.977155 -0.968734 0.465657 -0.117004 -0.932033 0.267343 0.767537 -0.985968 0.093832 0.786653 0.734022 0.525542 -0.334841 -0.096048 0.136153 0.777213 0.377103 0.374088 0.058438 0.899813 0.249605 -0.085458 0.250097 0.487628 0.401818 -0.825039 0.437717 0.034404 -0.421569 0.079816
-0.860481 -0.048617 -0.064867 0.425602 0.897648 0.478210 -0.091964 0.605313 -0.879898 -0.872663 0.820331 0.331910 0.494822 0.553517 0.269481 -0.236670 0.383619 0.070092 -0.930670 -0.129016 -0.305703 -0.838634 -0.846941 0.127293 0.770904 -0.978611 0.847771 -0.219945 -0.976911 -0.707867
-0.599268 0.438092 -0.508386 0.184084 0.624948 0.493917 0.125076 0.324236 0.714912 -0.175773 0.129151 -0.847812 0.728319 -0.803089 0.821343 0.897482 0.250045 0.361477 -0.258534 -0.215226 0.280748 0.843818 -0.657113 -0.519773 0.316776 -0.667603 0.489999 0.989056 0.502843 0.063304
-0.533195 -0.241284 -0.568793 0.931474 -0.391240 0.659735 0.486825 0.755718 0.760772 0.799621 -0.185604 0.553753 0.984406 -0.294697 0.175034 0.263558 -0.801831 0.915817 -0.101459 0.245566 -0.199938 -0.030327 -0.496340 0.179124 -0.195835 0.780927 -0.765290 0.213789 -0.647189 -0.279473
-0.652115 -0.765484 -0.670857 -0.930117 -0.051053 0.731015 0.814850 -0.122402 -0.790455 0.940163 -0.157395 0.153527 0.227351 0.033483 0.058573 0.014330 -0.289222 -0.553986 0.826297 0.745349 -0.151300 -0.822140 -0.530709 -0.975788 -0.230871 -0.782589 0.823287 0.599814 0.022239 0.870127
0.580762 -0.835938 -0.633329 0.326650 0.743185 0.922746 0.594415 -0.768044 0.535578 0.026761 -0.942697 -0.179263 -0.628434 -0.936803 -0.265101 0.347112 0.127327 -0.912475 -0.837985 0.294240 -0.985133 -0.728071 0.875881 0.072919 0.903233 -0.361531 -0.527077 0.983752 -0.146648 0.188220
-0.790143 -0.455740 0.869976 -0.146836 -0.466453 -0.984482 0.510101 -0.717700 0.675170 0.962569 -0.563342 0.501365 0.108308 -0.813568 0.880157 0.267192 0.649060 -0.687713 -0.569511 -0.784230 0.323420 -0.322168 -0.498230 -0.974643 -0.946773 -0.735504 -0.302145 -0.079597 -0.291784 -0.894952
0.059855 -0.300988 -0.125062 -0.384446 0.043988 -0.339460 0.214652 0.427386 -0.309121 -0.830207 0.817795 0.673622 0.023079 0.279640 -0.382309 0.931166 0.501049 0.080857 -0.414985 0.979780 0.741802 -0.660170 0.173284 0.045138 0.271099 -0.574233 -0.899134 0.575462 -0.806145 0.847258
-0.917013 0.580279 0.372422 0.850336 0.266423 0.315873 0.438811 -0.600906 -0.329566 -0.929346 -0.335082 0.068359 0.461106 0.546990 -0.222008 0.983061 -0.806974 0.877376 0.029422 0.661015 0.572768 0.269177 -0.360917 0.291146 0.595989 -0.182483 -0.710606 0.413203 -0.844730 -0.901321
-0.728138 0.319925 0.353735 -0.908025 -0.651009 0.418217 0.032044 0.151875 -0.692537 -0.785419 -0.319445 -0.581802 -0.584683 -0.319125 0.355135 0.187702 0.255580 0.606419 -0.055371 0.402616 0.580181 0.283601 -0.454777 -0.653883 0.910129 -0.727996 -0.735300 0.974180 0.222432 0.673973
0.136222 0.973543 0.797716 0.795648 0.393388 -0.616300 0.616893 0.117194 -0.615157 -0.672139 0.140212 0.244228 0.343839 0.878306 -0.733216 0.107895 -0.707952 -0.393889 -0.998287 -0.864934 -0.028920 -0.246491 -0.013178 -0.512873 -0.488979 0.257731 0.376307 -0.880039 0.784638 -0.318484
0.412204 -0.279777 0.765270 0.150912 -0.353385 -0.979445 -0.681447 0.354745 0.441845 -0.237078 -0.117850 -0.155830 0.693632 -0.344691 -0.299230 -0.144550 -0.596646 0.621110 -0.862875 -0.699299 0.643690 -0.770551 0.688203 -0.270909 0.777436 0.573914 -0.275359 0.063744 0.904490 -0.689423
-0.752583 -0.167117 0.510675 0.102689 -0.846926 -0.008153 0.141156 0.037000 0.424499 0.168700 -0.056111 -0.962139 -0.802329 -0.382294 0.003813 0.173097 -0.621413 0.712363 -0.321418 0.110701 0.844370 -0.480811 -0.544525 -0.539990 -0.962833 0.760845 -0.764143 0.949866 -0.680423 -0.978431
0.531414 -0.912404 -0.257125 -0.881426 -0.617363 -0.745911 -0.036529 -0.029095 0.336216 0.243438 0.553198 0.376050 -0.360839 0.411432 0.511665 -0.481713 -0.420831 0.088754 0.947866 -0.057411 -0.951540 -0.617824 0.346783 0.194320 -0.743942 0.857448 0.217367 0.742906 0.024962 0.842607
0.401348 -0.062164 0.252328 0.193706 -0.652496 0.908539 -0.129991 -0.517440 0.468026 0.130654 -0.479742 -0.432759 -0.073428 -0.775712 -0.094691 0.098828 0.162332 0.042583 -0.262260 -0.262956 0.301377 0.588873 0.895710 0.131452 0.944975 0.756166 -0.331623 0.099517 0.285483 0.631455
0.099319 0.755514 -0.313276 0.205576 0.404666 -0.836070 0.268122 -0.297677 0.708068 0.026105 0.893672 0.988641 0.099926 0.829726 -0.034259 0.248767 -0.006241 -0.254516 -0.304507 -0.235875 -0.393975 -0.846977 -0.967245 0.109975 -0.930436 0.813314 0.292107 0.745665 -0.724230 -0.126183
-0.733274 0.994746 0.118225 0.359707 0.249625 0.496711 -0.815873 -0.434752 0.137781 0.612872 0.844897 0.209467 0.034889 -0.918434 0.103180 0.027229 0.505033 0.919930 -0.201454 -0.949666 0.453576 0.099282 0.292203 0.287052 -0.279696 -0.646123 0.814466 0.188537 -0.585017 0.061397
-0.567055 -0.444790 -0.271384 -0.009306 -0.809418 0.866627 0.476588 0.695001 -0.606166 -0.744850 0.843127 0.144519 0.403556 -0.687208 -0.496960 -0.524589 0.690488 -0.438485 0.603931 0.383006 0.241463 -0.619793 0.313651 -0.258797 0.388191 0.221379 0.639228 -0.178516 0.708848 -0.066894
-0.463095 0.443585 0.926005 -0.224908 0.802704 0.418455 -0.985272 -0.573462 -0.972308 0.881964 0.817924 0.543261 -0.715989 0.545518 0.745459 -0.467193 0.384003 -0.443075 -0.629064 0.297694 0.971445 0.674941 -0.606535 -0.227506 -0.805600 0.372961 -0.188029 -0.972049 -0.721289 -0.403811
-0.635940 -0.058981 -0.839450 0.521670 -0.016868 -0.895852 0.020821 0.977171 -0.564481 -0.617459 -0.628799 0.746957 0.675637 -0.227781 -0.415992 0.014933 -0.301310 0.982859 -0.042492 -0.792005 0.716934 0.918265 0.551831 0.438812 -0.588645 0.722580 0.032352 0.925188 -0.257425 -0.437168
-0.424846 -0.201068 -0.091033 -0.003774 -0.598648 0.537287 0.150085 0.958238 -0.361446 0.671000 -0.259384 0.679083 0.856371 -0.141139 0.730704 0.947417 -0.623738 0.535516 -0.739299 -0.029595 -0.653624 0.079870 0.860572 -0.629768 0.185541 -0.327767 0.112232 -0.814016 -0.321507 0.195994
0.905644 -0.767159 -0.359088 -0.240343 0.269934 -0.251162 -0.837482 -0.506770 -0.084273 0.285640 0.775190 -0.624855 0.906633 0.325902 0.407033 0.212455 0.178229 -0.151737 0.801572 -0.890573 0.312395 0.736167 0.571071 -0.233259 0.566936 0.651804 0.474541 -0.733351 -0.589213 -0.607152
-0.858024 0.808664 -0.687889 0.241569 0.315346 0.498924 -0.985066 -0.014886 0.199082 -0.409002 0.138231 0.845500 -0.147417 0.332813 -0.225521 -0.546165 -0.859506 0.900322 -0.880396 0.263217 -0.829292 -0.588597 -0.355397 0.237276 0.094331 0.662124 0.021324 -0.575799 -0.239958 0.604561
0.836100 0.605297 0.953286 -0.139959 -0.348992 0.872558 0.825797 0.374069 -0.270866 -0.592643 0.939676 0.702633 0.212309 -0.799481 -0.251492 0.473640 -0.462388 -0.317405 0.303320 0.863167 0.354278 0.742949 -0.840787 -0.690272 0.161951 -0.440459 -0.649160 -0.399320 -0.884323 0.959532
0.054419 -0.201446 -0.067997 -0.036755 0.776598 -0.858201 0.747442 0.547688 -0.465920 0.835901 -0.467396 -0.240410 -0.825280 -0.731093 0.842589 -0.696362 0.889297 -0.392385 -0.112220 0.121109 -0.956221 -0.295272 0.513327 -0.642668 0.655510 -0.137667 0.988117 -0.184052 -0.598082 0.836071
0.358236 -0.254115 -0.007591 0.375447 -0.773933 0.964321 0.479357 -0.298770 0.498956 0.014255 0.458213 0.535622 0.279404 0.942242 0.129651 0.344062 -0.467274 0.152681 0.950445 -0.801715 0.431182 0.636263 0.447639 0.220502 0.368633 -0.754663 -0.039050 -0.250155 0.532911 0.982490
0.724021 -0.394061 -0.598786 -0.528430 0.953272 -0.504623 0.290571 0.799952 -0.061499 -0.477904 0.271965 0.692414 -0.106469 0.080639 -0.612876 -0.511644 0.680239 0.422842 0.543057 0.827383 0.800758 0.423700 -0.830062 0.946195 0.322867 -0.953984 0.353375 0.023289 0.186672 -0.987440
-0.420906 -0.347039 -0.248185 0.935723 0.920416 0.799590 0.309954 0.787135 -0.471135 -0.965512 0.708724 -0.977013 -0.104254 0.792937 0.400409 0.476926 -0.934417 -0.404717 -0.055238 0.460159 -0.737908 -0.641458 0.979166 -0.824254 0.292763 0.382095 0.577106 -0.080198 0.230363 -0.304977
-0.254355 0.277851 -0.310222 0.518218 0.051204 -0.350848 -0.693446 -0.770543 -0.117207 -0.050664 -0.720101 -0.802327 -0.447666 0.678025 -0.598705 -0.745130 0.856034 -0.768376 0.239994 0.211511 -0.477048 0.387716 -0.012641 -0.936777 -0.234808 0.759888 -0.521292 -0.436543 0.226572 0.488616
0.713298 0.932245 -0.814023 -0.097686 0.028663 0.281588 0.237708 -0.546350 -0.700471 -0.865915 0.285777 0.098160 -0.443302 0.012913 -0.744155 0.543681 -0.288061 -0.826909 -0.034160 -0.868064 0.288333 0.947791 0.476159 -0.379499 0.488565 0.665872 -0.305423 -0.781636 0.809542 0.018123
-0.799978 0.771031 -0.747877 0.689570 0.327954 0.918961 0.097739 -0.762191 0.648484 0.973947 -0.763062 0.810287 0.766435 -0.081495 -0.111689 0.008028 0.138702 -0.540429 -0.112323 -0.363028 -0.697673 0.562851 -0.445603 -0.087472 -0.625326 0.931571 0.322556 -0.625021 0.514032 0.626501
0.662949 0.456802 -0.077025 -0.881824 -0.603679 0.050289 -0.676742 0.711382 0.068969 0.323383 0.207871 -0.981493 -0.957032 -0.677191 -0.275475 0.091479 -0.181205 0.785948 0.596426 -0.345792 0.212116 -0.606753 -0.974469 -0.039533 0.334143 -0.354340 -0.864922 0.887154 -0.470768 0.518029
-0.588324 0.080336 0.196266 0.538521 -0.768601 -0.773570 -0.177323 -0.818735 -0.341186 0.708854 -0.606098 -0.429946 -0.122744 -0.410434 -0.236019 0.451528 0.604853 0.826460 -0.993861 -0.613562 -0.645816 0.089842 0.008283 0.362156 0.778402 0.215490 0.794921 0.535058 -0.325523 -0.612963
-0.325909 -0.709787 0.766536 -0.104070 -0.422955 -0.312192 -0.483657 -0.727579 0.232432 -0.335498 -0.033480 0.278831 0.174402 0.906662 0.139090 -0.834783 -0.477250 -0.673447 0.651759 -0.687881 -0.925348 0.472515 0.312334 0.538693 -0.047953 -0.414041 0.848945 0.645439 -0.632864 -0.596543
0.033859 -0.125754 -0.848037 -0.534686 0.507323 0.130368 0.057076 -0.597027 0.664566 0.601330 -0.270642 -0.441418 -0.134653 -0.716609 0.315428 -0.971748 -0.199622 0.536840 -0.255072 0.729750 -0.089414 0.196733 -0.743134 0.265438 0.457195 0.724493 -0.972541 -0.940854 -0.664420 -0.123306
0.972469 -0.741434 -0.522972 -0.551363 -0.380862 0.071898 -0.904815 -0.559503 0.021219 -0.486858 0.005451 -0.424371 0.281491 -0.457297 -0.408704 0.385429 -0.776564 -0.583192 0.766899 0.868227 0.564586 0.351635 0.767387 0.412073 -0.341866 -0.095118 -0.952415 0.408410 0.364711 -0.522530
0.374874 0.506650 0.252577 -0.682479 0.677950 0.786300 -0.975655 0.047277 -0.929995 -0.904381 0.355135 0.476572 0.367368 0.931396 0.048267 0.620507 -0.710292 0.825617 0.787368 0.690744 0.981797 0.779980 -0.697413 -0.468383 -0.414006 -0.362739 -0.426579 0.356504 -0.224803 0.019603
0.441904 0.397287 0.615637 -0.040264 -0.856387 -0.780163 -0.893955 -0.151447 0.305799 -0.692222 -0.275687 -0.909314 0.848008 0.254393 0.148610 0.811538 0.564303 0.818933 -0.870884 0.337944 0.006787 0.149396 -0.858367 -0.879266 -0.947782 0.455690 0.113963 -0.725293 0.732249 -0.721450
-0.029947 -0.403688 0.187756 -0.507328 -0.992695 -0.877188 -0.915653 0.171780 -0.534187 -0.169685 0.095557 -0.910418 -0.421164 -0.664867 -0.070511 0.842804 0.309321 0.561821 0.427997 -0.682990 -0.795925 0.647200 0.192584 0.712256 0.100503 0.393416 -0.174860 0.432273 0.828686 0.247359
0.029275 0.969469 -0.495318 -0.440363 -0.821367 0.592894 -0.918468 0.922503 -0.175525 0.219889 -0.163459 0.476359 0.416549 0.466823 0.611230 0.502151 -0.808230 -0.982556 -0.282477 0.610819 0.155626 0.090889 0.674826 -0.750037 0.299868 -0.349908 -0.990775 -0.747215 -0.279703 -0.083833
0.540997 0.551374 0.569959 -0.197799 -0.905204 0.575082 -0.941060 -0.190427 -0.171033 -0.435688 0.177394 0.822664 0.425873 -0.302694 -0.650863 0.077508 0.039967 -0.330512 0.632203 0.802384 0.443630 -0.680154 -0.874238 -0.926753 -0.422967 0.658434 -0.600709 0.950484 -0.182460 0.130764
0.317388 -0.630026 0.101401 -0.439285 -0.928354 0.628896 -0.109984 -0.615477 -0.924784 -0.162493 0.689621 0.175544 0.682625 0.985990 0.811415 0.706237 -0.967054 0.563805 0.205506 -0.741557 -0.638332 -0.200899 0.264128 -0.140156 0.728868 -0.850856 0.888518 -0.119413 -0.393424 0.117412
-0.519327 0.787860 0.122977 0.261809 -0.974353 0.297669 0.278561 -0.313935 0.709173 0.603349 -0.323042 0.483298 0.886826 -0.148028 -0.758707 0.193882 0.662203 -0.873581 0.590203 0.683017 0.322775 -0.791646 0.342914 0.312542 -0.171145 -0.828723 0.292349 -0.728375 0.392935 -0.679007
-0.091611 -0.712334 0.780124 0.955837 -0.665207 0.913690 -0.066909 -0.127197 0.900670 -0.435436 0.159620 -0.999429 0.794193 -0.307597 0.205204 0.809284 0.949727 0.579046 0.857869 -0.345888 0.544334 -0.683480 0.144833 -0.825190 -0.136900 0.600709 -0.103734 0.666483 -0.496626 -0.206820
0.281559 0.033238 -0.410584 -0.307070 0.719876 0.954653 0.103864 0.930331 0.882988 -0.269517 0.714637 0.146970 -0.540351 -0.900615 0.230906 -0.132792 -0.264160 0.310659 0.373394 -0.226554 0.594645 -0.179695 0.996594 -0.325830 -0.612643 0.842202 0.753495 0.722711 -0.439978 -0.741222
-0.773653 -0.588715 -0.880855 -0.151821 -0.699243 -0.649721 0.927851 0.723145 0.304077 0.273939 -0.622749 -0.951244 0.850249 0.438263 -0.447228 -0.000385 -0.255652 -0.924619 -0.257742 -0.352168 -0.139714 -0.810415 0.658164 0.394926 -0.279297 0.769513 0.659580 -0.886752 0.188940 -0.604961
0.790884 0.403479 0.374381 -0.616865 0.870016 -0.783729 0.234662 -0.358102 0.105420 0.028247 -0.493636 -0.582505 0.399284 -0.757583 0.264263 0.423805 0.918661 -0.504984 -0.634936 0.226519 -0.337872 0.142215 0.823006 0.539594 0.697442 0.940146 -0.959733 0.047365 -0.002461 -0.020834
-0.138731 -0.823547 -0.658668 -0.343609 -0.846913 -0.351582 0.260288 0.629800 0.779608 0.395698 -0.681339 0.107350 -0.962849 -0.837242 -0.298856 0.479361 0.485394 0.817979 -0.442581 -0.919737 -0.865941 0.424555 -0.497901 -0.842621 0.335571 -0.792899 -0.197326 -0.145669 0.386917 -0.195678
0.765818 0.845392 -0.680583 0.789938 0.200636 0.578160 0.673934 -0.047050 -0.380698 0.449525 0.133541 0.944641 -0.081093 0.170023 -0.977077 0.657701 0.525285 -0.965613 0.230484 0.646691 0.055432 0.411940 0.411845 0.238255 -0.858224 -0.177436 0.663480 -0.479864 0.326314 0.344798
-0.493732 -0.806897 0.105175 0.404383 -0.769471 -0.030042 0.179283 -0.611097 -0.336983 0.571315 -0.965055 -0.035753 -0.511329 -0.457288 0.157702 -0.167077 -0.172391 0.506118 0.110324 -0.878574 0.621779 0.589366 0.525527 0.615790 0.000265 0.270452 0.689919 -0.450812 0.238583 0.844369

Bias v0 (Oculta):
-0.482072
-0.402562
-0.512754
0.709016
0.859190
-0.772221
-0.287563
0.763423
0.461218
0.796707
0.055231
0.254767
0.047855
-0.437275
0.197438
0.047676
-0.848201
0.883529
-0.503624
0.540883
-0.983987
-0.163645
0.349827
-0.900631
-0.393289
0.842165
0.412602
0.700628
0.309902
-0.213629

Pesos w (Oculta -> Sa獮a):
0.535949 0.057390
0.941013 0.515908
0.593199 0.856309
-0.605976 0.110541
0.984728 -0.309595
0.907199 -0.405026
-0.915615 0.746989
0.319139 -0.170105
0.577620 0.814796
-0.018282 0.985670
0.963868 -0.899021
0.603401 0.109527
0.691382 0.376706
-0.654033 0.594164
-0.560984 -0.289833
0.656333 -0.756665
-0.279752 -0.754455
0.975362 -0.198498
-0.261325 0.395594
-0.799879 -0.509359
-0.263655 -0.500929
0.195618 -0.162731
-0.563443 -0.944050
0.946164 0.901086
0.917304 0.059213
0.912639 0.298788
-0.964467 -0.326275
0.717585 -0.026401
0.266493 0.398592
-0.631607 -0.798408

Bias w0 (Sa獮a):
-0.182711
0.136926
