Pesos v (Entrada -> Oculta):
0.941832 -0.126109 0.504722 0.760243 0.842326 0.500368 0.524365 -0.427424 0.404005 0.589311 0.749555 0.106882 -0.404097 0.374768 0.979749
-0.768925 -0.452219 -0.790314 -0.714740 0.726199 -0.633596 -0.685760 0.557962 -0.938313 -0.243214 -0.064333 -0.833752 0.954458 -0.885970 -0.161095
-0.191348 0.963603 0.439817 -0.599628 -0.925087 -0.305839 0.555826 -0.543543 0.341345 0.968045 0.329430 0.393431 0.783573 0.283763 0.560854
0.756562 -0.104084 0.946809 0.975347 -0.116368 -0.563454 -0.765944 -0.086572 -0.588279 -0.283964 0.717676 0.164810 -0.408634 -0.391007 0.409003
-0.046703 -0.534405 -0.567351 -0.831373 -0.420620 -0.133680 0.703179 0.687817 0.318442 0.553809 -0.274902 0.770980 0.846667 -0.211664 -0.926284
-0.327868 -0.175852 -0.038754 -0.494529 0.030545 0.951717 0.233549 0.041881 0.146324 0.827789 0.684167 0.678539 0.440344 -0.017207 0.126969
-0.189813 0.708490 -0.164393 -0.575504 0.552580 0.600147 -0.061939 0.248005 0.967239 0.141872 -0.589233 0.101568 -0.618298 0.104412 -0.091066
-0.924728 -0.625970 0.765324 -0.677671 0.987782 -0.888976 0.108453 -0.808448 -0.099177 0.178388 0.621746 -0.212819 0.305613 -0.918845 -0.725943
0.140923 0.594381 -0.110174 0.730324 -0.702060 0.810688 0.106796 0.886064 -0.022117 0.713635 0.207067 0.292998 0.303676 -0.401794 -0.852748
-0.698272 -0.559288 0.036639 -0.987039 -0.765204 -0.653973 -0.297367 0.826108 0.084734 0.074223 0.865143 0.906780 -0.699794 0.963823 0.203320
-0.823752 -0.534287 -0.211098 0.609955 -0.135719 0.902012 0.147227 -0.807958 0.885906 -0.464416 0.816584 0.645157 -0.162152 -0.114316 0.997436
0.023720 0.829172 0.955182 0.055745 -0.458669 -0.245778 0.518804 -0.848520 -0.275030 -0.678216 -0.240114 -0.656303 0.275405 -0.271744 0.950474
0.383805 0.022149 -0.700219 -0.719715 -0.601291 0.684039 -0.454841 -0.393485 0.621972 -0.514181 0.014970 -0.095357 -0.424414 -0.059266 -0.383043
-0.055921 -0.532347 -0.116019 -0.083461 -0.674588 0.867232 0.274152 -0.383094 -0.969151 0.508926 0.602778 -0.506355 0.628004 -0.557964 -0.706357
-0.144496 -0.464981 0.875638 -0.984547 0.060418 -0.836382 0.690396 -0.097662 0.654703 -0.407370 0.156508 -0.572835 -0.815874 0.403681 0.317026
-0.918361 -0.231348 -0.936157 0.062925 -0.383746 0.673187 -0.471713 -0.412770 0.982331 0.259929 0.264270 0.228697 -0.111045 -0.907539 0.588581
-0.415453 0.395918 -0.592229 0.781632 -0.556292 0.498962 0.078320 0.510262 0.603743 -0.605404 -0.778214 -0.553779 0.105332 -0.084632 0.767564
-0.092619 -0.178395 0.999149 0.081679 -0.842855 -0.954296 -0.785558 0.170530 0.597667 0.318909 0.083525 0.960795 -0.031222 -0.008872 0.990959
-0.378740 -0.817063 0.275474 0.564891 0.012537 0.089758 -0.506837 0.256097 0.299014 -0.524007 -0.142311 0.228904 -0.967132 0.547834 -0.190865
-0.284775 0.112682 0.506472 0.811662 0.657742 -0.433461 -0.024577 -0.482374 -0.100583 -0.304650 -0.147801 -0.877046 0.876528 -0.139865 -0.671949
0.807646 0.329894 -0.794487 0.511053 0.199003 0.156851 -0.295843 -0.727720 -0.377204 0.043263 0.410948 -0.612350 -0.512680 -0.698312 -0.980584
0.516422 0.825053 0.121158 0.222775 -0.157992 -0.351302 0.595684 0.660414 0.124256 0.018182 -0.784490 0.643934 0.669490 0.200085 0.267996
-0.459301 0.257714 -0.613537 0.926684 0.918571 0.130501 -0.323146 -0.293276 0.997447 -0.535736 -0.770971 0.946058 -0.555802 0.903638 0.882078
-0.074208 -0.243438 -0.009053 -0.089684 -0.847827 -0.623330 0.341706 -0.240897 -0.739985 -0.376000 0.375579 -0.457168 -0.251266 0.182607 -0.637327
0.614207 -0.330072 -0.950694 -0.489183 -0.111105 -0.272318 0.149007 -0.552176 -0.163901 -0.152652 -0.762962 -0.508067 0.670672 -0.171131 -0.836357
0.352031 -0.046840 0.918994 0.592779 -0.407173 -0.922875 0.615740 0.143828 -0.056003 0.099128 0.364445 0.504704 0.781079 -0.382620 0.145127
-0.360047 -0.774452 0.050126 -0.794859 0.873364 0.959774 -0.630684 -0.432058 0.716782 0.473948 0.992298 -0.303080 -0.447780 0.118049 0.862150
0.169210 -0.921091 0.072850 0.552922 -0.547828 -0.816402 -0.857803 -0.521165 0.132151 0.228341 -0.211361 -0.470468 -0.581916 0.725674 -0.172056
0.168642 0.853106 -0.925122 0.067879 -0.024884 -0.663889 -0.747645 0.211370 -0.210018 0.564886 0.590062 0.119310 0.452364 0.591815 0.179373
0.638472 -0.782357 -0.737898 -0.429116 0.547082 0.176255 -0.725208 0.452609 -0.905456 0.563678 -0.554118 -0.998617 -0.891645 0.061387 -0.630864
-0.270709 -0.940669 -0.775214 0.316017 -0.051923 0.292640 0.314264 -0.537595 0.691951 -0.547092 -0.386524 0.822740 0.823241 0.228352 -0.274351
0.835682 0.926127 -0.162693 0.738828 -0.980867 -0.804869 -0.868999 0.661956 -0.398829 -0.875547 -0.554710 -0.439726 0.936315 0.889317 0.723442
-0.667990 0.390512 0.305928 0.643372 0.325546 -0.785876 -0.971675 -0.639951 0.129567 -0.909939 0.007322 0.418139 0.889643 0.156148 0.003757
-0.146254 0.657870 0.181066 0.353438 0.465501 0.039681 -0.445440 0.071838 -0.267178 -0.514747 0.152556 -0.213450 -0.829112 0.177928 -0.443973
-0.901162 0.326090 0.642654 -0.781064 -0.120069 -0.088264 -0.999382 -0.992214 -0.569724 -0.872864 0.151684 -0.917200 -0.197633 -0.220050 0.077342
0.187927 0.690051 -0.012649 0.137233 0.660579 0.105699 0.404861 -0.764687 0.923715 -0.350131 0.512383 -0.212248 0.439457 0.114277 -0.052702
-0.643877 0.581087 -0.781410 -0.072911 -0.514045 0.249499 0.068798 -0.628381 0.184374 0.938567 -0.284239 -0.804513 0.355219 0.710250 -0.872674
0.529809 0.526630 0.374253 -0.785782 0.473352 0.827398 -0.435881 0.210932 -0.862423 -0.057491 0.626805 -0.224184 0.011246 0.216257 0.255114
0.179921 -0.687592 0.617096 -0.196568 0.546446 0.908581 0.535729 0.012910 0.412408 0.985596 -0.262622 -0.687235 -0.552934 -0.465112 -0.344768
0.239863 -0.755023 0.220043 -0.865562 -0.163314 -0.313104 0.126769 -0.737767 -0.852943 -0.549162 0.862575 0.559423 0.972039 -0.887020 -0.893735
-0.813030 -0.379237 0.787535 -0.198447 0.303936 0.186067 0.796185 0.883946 -0.269614 -0.195226 0.972333 0.062819 -0.530914 -0.798474 -0.263102
-0.384916 -0.703872 0.227046 0.027280 0.521532 -0.892931 -0.925661 -0.499213 -0.728145 0.015505 0.943166 -0.870003 0.967400 0.424089 -0.292079
-0.985105 -0.931576 -0.526765 0.386918 -0.797911 0.029438 -0.707885 0.160661 0.882355 -0.863621 0.345242 -0.924363 0.986537 0.361789 0.076177
-0.292846 -0.061947 0.764964 0.512669 -0.537514 0.022206 0.017702 0.140888 0.642447 0.707974 0.441043 -0.672912 -0.991235 -0.317515 0.942383
-0.401721 -0.522764 -0.618967 0.499425 0.686405 -0.994356 0.563684 -0.835640 -0.940683 -0.967347 0.948675 0.589433 -0.653004 0.018511 0.475474
0.438036 0.258450 -0.582010 -0.014228 -0.708259 0.563980 -0.334851 -0.336858 -0.444800 0.597964 0.626506 0.497859 -0.646057 0.860205 0.599595
-0.604072 -0.034371 0.756056 -0.283219 0.172167 0.048599 0.482979 -0.821969 0.653710 0.314035 -0.400326 0.996405 -0.579621 -0.551059 -0.137470
-0.052603 0.464432 0.701456 0.163924 -0.709693 -0.568940 -0.403396 -0.531888 0.142342 -0.140656 0.319007 -0.280294 -0.441905 0.583542 0.781350
-0.314579 0.675159 0.384707 0.733041 -0.243094 0.667552 -0.493004 0.406708 -0.106843 -0.578574 0.321806 0.919744 -0.475817 0.296031 -0.256535
-0.593327 -0.756371 -0.047364 0.185746 0.008620 0.550094 0.869666 0.095520 0.107816 0.728578 0.806854 0.049147 0.665867 -0.085975 -0.098997
0.605300 0.400415 -0.064831 0.500117 -0.481072 -0.949202 -0.127223 -0.138598 -0.955763 -0.956301 0.970974 -0.522686 0.669875 0.485011 0.085014
-0.388809 0.314799 0.104333 0.067021 0.117483 -0.672377 -0.895158 -0.050380 -0.326647 0.628444 -0.526709 -0.936039 -0.021127 -0.503229 0.020908
-0.380478 -0.507479 -0.239495 -0.809492 0.651076 0.861161 -0.706340 -0.629312 -0.997741 -0.778262 0.509207 0.539697 0.798742 -0.524102 -0.266489
-0.170788 -0.772511 0.505401 0.569944 -0.452489 -0.213406 -0.667691 0.136518 -0.216442 0.155599 0.561275 -0.427893 -0.833708 0.098799 0.648635
-0.936130 0.697570 -0.542743 0.450979 0.282367 -0.016147 0.725048 -0.832804 -0.719392 0.277373 0.386138 -0.300345 -0.143046 0.726417 -0.381020
0.771582 -0.866175 -0.057000 -0.186757 0.845758 0.073530 -0.317410 -0.638712 -0.295430 -0.968394 0.474932 0.548239 -0.288134 -0.339300 -0.740370
-0.919116 0.747613 0.537291 0.289502 -0.645710 -0.489348 -0.408736 -0.302554 0.298500 -0.878920 -0.934923 -0.510664 -0.022613 -0.691362 -0.620619
0.903481 -0.538820 -0.648041 0.081895 -0.690946 0.001781 0.533594 -0.935751 -0.121015 0.461525 0.630201 0.981059 0.966115 -0.204858 0.022186
-0.976014 -0.026190 -0.400588 0.875243 -0.118506 0.135621 -0.173490 -0.464565 0.028040 -0.417482 0.280316 0.951124 -0.803177 0.065401 -0.214339
0.127759 -0.265611 -0.503855 -0.856159 0.884647 -0.996042 0.041284 -0.060919 0.344134 -0.619676 0.163517 0.580973 0.940738 -0.302997 0.745759
0.192161 -0.592226 0.634745 -0.851121 0.633239 -0.620191 -0.414556 -0.016275 0.364791 0.167396 -0.514434 -0.430166 0.871351 0.103410 0.494640
0.185968 0.743248 0.480971 0.819493 -0.161148 -0.573649 -0.861724 -0.106063 -0.739691 0.842274 0.884980 0.464593 0.154951 -0.882508 0.143766
-0.100084 -0.520437 0.626595 0.848870 0.760206 -0.604164 0.361368 -0.800090 -0.846366 0.716315 0.510387 -0.386097 -0.067668 0.589435 -0.801194
0.370756 -0.680890 -0.694426 0.279730 0.658718 -0.165472 0.170094 -0.111974 0.022765 -0.616236 -0.515858 -0.261147 0.433253 0.311094 0.117442
0.694074 0.564252 -0.542649 0.002494 -0.260179 0.123133 -0.272748 -0.650215 0.548756 -0.826240 0.073233 0.021561 0.053904 0.295565 -0.220403
-0.851432 -0.810888 -0.654685 -0.525276 -0.409733 -0.907531 0.588727 -0.698630 0.762042 -0.708065 -0.430811 -0.726824 0.032468 -0.065292 -0.904023
-0.890305 0.877028 -0.539807 -0.558391 -0.586256 -0.230226 0.123542 -0.043500 0.672006 0.345568 -0.804764 0.010486 -0.342692 0.004408 -0.293785
-0.712493 -0.596732 -0.115624 0.850220 0.275231 -0.048109 0.323353 0.023716 0.366377 0.369720 -0.481324 -0.584391 -0.230596 0.584622 0.180673
-0.971003 -0.172750 -0.362921 -0.870288 0.997545 0.663573 0.561239 0.594006 0.572436 0.602892 0.544333 0.048078 -0.159566 0.673337 -0.048855
0.042347 0.870808 -0.922669 -0.985135 -0.318761 0.091149 0.893925 -0.194018 -0.047534 -0.019386 -0.485144 -0.142072 -0.562760 0.093264 -0.918528
-0.893653 0.732681 0.336897 0.286264 -0.584646 -0.574238 -0.311187 0.466152 0.724996 0.005360 -0.155330 0.804082 -0.973083 0.446176 -0.207094
-0.959935 0.373321 -0.304708 0.231770 -0.004173 0.045390 -0.828757 0.247788 0.195485 0.262246 0.702353 -0.940641 -0.709370 0.724432 0.913021
-0.952553 0.680118 0.418676 -0.042964 0.586687 -0.261693 -0.798044 -0.284868 -0.479778 -0.226982 -0.000673 0.235908 -0.670152 -0.845508 -0.960040
-0.980084 -0.932175 0.648981 -0.046316 0.590583 -0.453237 -0.136152 -0.262366 -0.078116 0.873110 -0.000411 -0.694474 0.993429 0.993040 -0.634103
0.748338 0.874363 0.812497 -0.987381 -0.921072 -0.813718 -0.204115 0.326989 0.147039 -0.141737 -0.436298 0.861443 -0.391269 -0.571251 -0.148243
-0.811619 -0.487115 -0.664644 0.234428 -0.036588 0.367925 0.243962 0.124270 -0.757363 -0.732058 0.108007 -0.892660 -0.921076 -0.852991 -0.552382
-0.387987 -0.322647 0.009868 0.455158 0.104392 -0.930789 0.428414 -0.643456 0.345117 -0.942269 -0.040436 -0.138338 -0.636967 0.330708 -0.363028
0.398175 -0.409925 -0.226766 -0.804200 -0.617914 0.495796 0.789157 0.041921 -0.921258 0.925234 -0.929195 -0.007371 0.571990 -0.179146 0.705508
-0.649975 0.806006 -0.693544 0.009838 -0.990640 0.323368 0.482799 0.780507 -0.753925 0.414226 -0.082451 -0.667677 0.196489 0.068498 0.551614
-0.736545 0.213028 0.578359 0.458935 0.599187 -0.944407 0.909646 -0.399597 -0.794931 -0.203047 -0.337909 -0.487153 0.023525 -0.097787 0.326667
-0.817498 -0.243610 0.085243 -0.519567 -0.048450 0.138861 0.148965 -0.493021 -0.165428 0.395353 -0.439166 -0.140275 0.933393 0.890171 -0.837464
-0.797484 0.784161 0.550142 0.817658 -0.051756 -0.094321 -0.499074 -0.482270 0.972392 0.827230 -0.151068 -0.183132 0.333069 0.478632 0.763193
-0.127438 0.421452 -0.743417 -0.944235 0.912662 -0.613720 -0.812408 -0.356014 0.217788 0.093820 -0.471988 -0.647555 0.777785 0.315698 -0.516262
0.494728 -0.686166 -0.294465 0.641062 -0.818035 -0.048995 0.087524 -0.628250 -0.846054 0.693727 0.302800 -0.115988 0.526595 -0.320817 -0.414703
-0.520562 -0.978006 -0.658550 -0.066477 0.990696 -0.221078 0.342681 -0.232705 0.482328 -0.187419 0.337571 -0.530858 0.579234 0.653759 -0.765148
0.486319 -0.638297 -0.784595 0.382097 0.925389 0.576143 -0.157488 0.651389 0.717177 0.869120 0.388729 0.137419 0.880253 0.379937 -0.469919
-0.461720 0.829399 0.503245 0.116783 -0.715729 -0.307974 -0.131191 0.668717 0.254480 -0.277306 -0.012988 0.909277 -0.365863 -0.676727 0.030808
0.695870 -0.218221 -0.820720 -0.686695 0.234139 -0.742828 -0.458049 -0.078156 0.215850 0.277737 -0.365750 -0.860739 0.219816 0.861314 0.774338
-0.162512 0.621411 0.092045 -0.560076 -0.436548 -0.796847 -0.558221 -0.107300 0.676289 -0.007985 -0.182776 0.959062 0.299685 0.382908 -0.611438
0.898266 0.569849 0.541134 0.066279 0.107864 -0.377474 -0.247732 0.197987 0.902262 -0.346420 0.384070 -0.762944 0.035348 -0.858538 -0.360812
-0.922408 0.052845 0.893400 -0.703521 0.181041 0.093146 -0.500594 -0.241061 0.855736 0.407725 0.045921 -0.840558 0.107237 0.512007 -0.245471
0.945357 0.539919 -0.516888 -0.994857 -0.992974 -0.581124 0.282795 0.546534 0.194613 0.120106 0.492965 0.039174 0.641796 -0.522444 0.458494
-0.301403 0.126183 0.924724 -0.721667 0.308071 0.559084 -0.016410 0.354260 0.407321 0.921188 0.892921 -0.691071 0.173336 0.745054 0.392607
-0.088357 -0.492639 -0.975797 -0.605684 0.347686 -0.435259 0.846553 -0.219767 0.843187 0.128571 -0.408129 -0.236137 -0.734392 -0.250328 0.337653
0.209745 0.647081 -0.950438 0.593023 -0.560182 -0.404961 0.339856 0.388434 -0.395065 0.515861 0.181670 0.265795 0.366629 0.477619 -0.925632
-0.538074 -0.647042 0.547803 -0.767203 0.798658 -0.891103 -0.529276 0.489224 0.286110 -0.825949 -0.699471 0.906732 -0.832412 -0.145782 -0.104664
0.887671 -0.779020 -0.611987 -0.413210 0.623843 0.223196 -0.655766 -0.826091 -0.170211 -0.251299 -0.551629 -0.198096 0.587853 -0.238343 -0.205557
-0.897786 -0.704430 -0.461747 -0.840364 -0.898374 -0.427221 -0.913892 0.929919 0.489590 0.965552 -0.388393 -0.364862 0.976387 -0.176988 0.186577
0.602032 -0.427882 -0.646895 0.198397 0.679182 -0.805270 -0.596682 -0.351757 0.884428 0.446689 -0.517759 -0.308326 0.415800 0.458661 0.224435
0.059649 0.021494 0.660052 0.123309 0.611652 -0.834508 0.670321 -0.209323 0.949814 0.137909 -0.001199 0.719443 0.377700 0.236755 0.639780
-0.410410 0.031876 -0.426897 -0.447217 0.602732 0.221507 0.835149 0.722091 -0.992905 0.607190 -0.580887 -0.814280 -0.611619 0.542520 -0.067358
0.903081 -0.718403 0.181187 0.537094 -0.104082 -0.189915 -0.691217 0.506207 0.214561 -0.990989 0.608684 -0.146331 -0.940022 0.288722 0.382277
0.727436 -0.189302 -0.673173 -0.182936 -0.122249 0.464273 -0.512136 -0.354622 0.851866 0.166960 -0.524441 -0.326436 -0.229728 -0.251063 0.583290
0.590079 -0.917464 0.584299 0.400494 -0.712662 -0.503444 -0.717673 -0.333447 0.122025 0.160002 -0.942672 -0.541675 -0.590124 -0.241766 0.206690
0.851357 -0.085420 -0.327513 -0.003208 0.405372 0.221007 -0.239688 0.995319 0.941506 -0.046603 0.451984 0.000632 -0.393555 0.996164 0.290427
-0.821281 -0.787877 -0.954749 -0.073550 -0.030986 -0.216633 0.826187 0.088332 0.032226 0.504259 0.204789 0.032103 0.635764 -0.276536 -0.901788
0.403027 -0.765530 -0.468018 -0.025021 -0.049153 0.875303 0.762285 -0.338461 -0.918505 0.333250 -0.720215 -0.977799 -0.530581 -0.557828 0.566241
-0.506240 -0.035585 -0.686729 -0.989763 -0.645593 -0.515860 0.938541 0.293867 -0.912853 -0.432173 0.889296 -0.446315 -0.445442 0.882504 -0.537474
-0.059421 0.405447 -0.465629 -0.179451 -0.715044 0.670546 -0.208082 -0.973651 -0.428575 0.790513 -0.744097 0.714586 -0.621000 0.446687 -0.032630
0.159641 -0.344901 -0.397998 -0.985525 0.343300 -0.821147 -0.279186 -0.918746 0.760444 -0.007902 0.032833 -0.709480 0.386232 -0.278691 -0.717997
0.374397 0.996252 -0.800582 -0.452192 -0.272047 -0.632087 0.092975 -0.182608 0.496254 -0.603714 -0.844080 0.913151 0.890477 0.989111 0.659260
0.390433 -0.095258 -0.108186 -0.628632 0.105641 -0.039790 0.052103 0.947870 0.449311 0.156400 -0.554205 0.308200 0.902824 -0.017516 -0.799936
0.575116 0.763512 0.463808 0.392902 0.999262 -0.314416 0.097326 0.358577 -0.024066 -0.188506 -0.509299 0.488871 0.440311 0.261790 0.636875
0.290480 -0.382199 0.008923 -0.416083 -0.821266 0.679720 -0.633017 0.998777 -0.445746 -0.120409 -0.955784 -0.021523 -0.498597 -0.512445 -0.393265
0.344535 0.136113 -0.041681 -0.180281 -0.788796 0.553119 -0.223932 0.666273 -0.877439 0.858699 0.732017 -0.187026 -0.343585 0.497809 -0.760826
0.663995 0.941821 0.889406 0.867144 -0.305225 0.242535 -0.943302 0.407948 -0.137598 0.135085 -0.406997 0.722315 0.894670 0.707017 -0.664449
-0.068358 0.316937 -0.231012 -0.481308 0.739894 -0.414997 -0.830476 -0.329846 -0.364828 0.317274 0.288896 0.803798 0.473152 0.569142 0.933089
0.179415 -0.604214 -0.510436 -0.201998 0.592378 0.355138 0.852020 0.488975 0.788138 0.969781 0.465879 -0.256854 0.770900 -0.684321 -0.963833
0.888277 -0.353448 0.202584 -0.176492 -0.226195 0.649401 -0.804212 -0.878700 -0.682502 -0.193667 0.310487 0.575624 0.906301 0.686867 0.479435
0.052751 0.735872 0.132724 -0.390606 0.173253 -0.915296 -0.320558 -0.335217 0.869808 -0.632837 0.895688 0.819560 -0.959677 -0.218643 0.268306

Bias v0 (Oculta):
0.224350
-0.758025
0.122298
-0.506940
-0.289917
0.094093
0.026314
-0.749599
0.116204
0.096697
0.217995
-0.799357
0.647836
0.094142
0.428624

Pesos w (Oculta -> Saﻥda):
0.398798 0.297902 -0.081977 -0.613691 0.564939 -0.179347 0.810107 0.396146 0.054619 -0.438887 0.495600 0.570285 0.972827 -0.178507 0.230257 0.490107 -0.768242 -0.589984 -0.301127 0.286802 -0.644234 0.334438 0.702799 -0.404145 -0.544410 -0.768425
-0.745084 -0.349556 -0.914429 -0.841851 -0.211215 -0.541654 0.648826 0.397005 -0.854748 -0.295940 -0.412406 -0.743103 -0.444089 0.991181 -0.236259 -0.258868 -0.761416 0.815589 0.721439 -0.434388 0.521810 -0.985109 -0.853671 -0.214705 0.442243 -0.275954
0.117199 0.580625 0.569077 0.654795 0.591336 -0.728774 0.451287 -0.792737 0.572580 -0.801382 0.785915 0.178763 -0.030394 -0.391233 0.738651 -0.097381 0.266749 -0.286775 0.271799 0.891088 0.009773 0.590183 -0.421275 0.003589 0.849678 -0.730461
-0.545534 0.119626 0.606777 -0.084065 0.765518 0.020086 0.656978 0.398331 0.230892 -0.761089 0.889290 -0.860499 -0.028259 -0.493676 -0.475973 -0.758055 0.990799 -0.581516 0.477171 -0.013029 0.509810 -0.597534 -0.098725 0.779161 -0.676006 0.045044
-0.555392 -0.718534 -0.456252 -0.044111 -0.796567 -0.680457 -0.150671 0.322341 -0.316007 0.946074 0.064910 -0.071770 0.255165 -0.799061 0.963008 -0.822957 -0.853322 -0.583389 0.790958 -0.498718 0.360477 -0.761552 -0.868077 0.493605 -0.454671 0.618115
0.888959 -0.145960 0.677914 0.132411 0.551456 0.383323 -0.468587 0.362885 0.586624 -0.938324 0.660746 0.068026 -0.740756 0.238613 -0.645442 0.894345 -0.500062 0.796730 -0.544127 -0.062068 -0.224609 0.589056 -0.977205 0.980803 -0.063168 0.040463
0.471233 0.280104 0.731589 0.302951 0.435418 -0.478765 -0.547411 -0.795007 -0.266157 -0.257471 0.751842 0.969530 0.748794 -0.663012 -0.951744 0.533206 -0.425529 0.042263 -0.182056 -0.455447 -0.339057 0.310386 0.072454 0.195730 0.917892 0.538245
-0.247558 -0.337923 -0.646369 -0.077454 0.990646 0.174191 0.720117 -0.203504 0.138104 0.657495 0.625290 0.641132 -0.812964 -0.272278 -0.264363 0.636467 -0.552486 0.658630 -0.523068 0.440181 0.640198 0.147930 0.047477 0.429135 0.119528 0.447396
0.528217 -0.833437 0.959063 -0.447125 -0.012892 -0.224477 -0.297307 0.660002 -0.698527 0.517697 -0.407059 0.038496 -0.866997 0.043491 0.813221 -0.603976 0.414645 -0.340663 -0.532213 -0.385083 0.267786 0.575394 0.876153 0.352143 0.608520 0.895005
-0.181093 -0.426514 -0.681449 -0.644810 0.404604 -0.913093 -0.363798 -0.344021 -0.240022 -0.180847 -0.711569 -0.946044 0.856122 0.834901 0.811664 -0.727250 0.048854 0.206911 0.435279 -0.589800 -0.721688 0.404316 0.804084 -0.367365 -0.990224 0.367455
0.342031 -0.407456 -0.131754 -0.220632 0.579473 -0.104298 -0.636145 -0.968702 -0.571968 0.838268 -0.955591 0.387607 -0.210856 0.587736 0.589840 -0.995685 -0.210203 -0.078842 0.998371 -0.067773 0.252671 0.575684 -0.182300 0.678179 -0.451096 0.268362
0.403643 0.017686 -0.614944 0.268531 0.115558 0.294875 -0.872273 0.099658 0.719329 -0.600586 0.204411 -0.232070 -0.409303 -0.568262 0.722333 -0.447357 0.006475 0.174115 0.035606 -0.402362 0.816873 0.626740 0.304246 0.437666 -0.683499 0.580321
0.055543 0.513202 -0.951507 0.334110 0.229707 0.753633 -0.893243 -0.629570 0.448636 0.449178 0.136097 0.974836 0.707303 -0.106246 0.019673 -0.636720 0.713668 -0.141289 0.886201 -0.539800 -0.762006 -0.326383 0.667516 -0.145270 -0.246790 0.876770
-0.264445 0.311251 0.031201 -0.779568 -0.727304 0.081117 -0.191436 0.131765 -0.381616 0.623966 -0.507238 0.773989 -0.446539 0.595071 -0.108561 0.744066 0.887476 0.174841 -0.444739 -0.576438 0.083355 -0.631498 0.496153 -0.443556 -0.922372 0.806794
0.413036 -0.629875 0.883449 -0.645117 0.343019 0.841259 0.251852 -0.660611 -0.813438 0.110134 0.685778 0.020321 0.773774 0.329509 0.089442 0.323242 -0.995233 0.486465 0.470759 0.528362 0.247371 -0.786919 -0.158157 -0.229086 -0.686882 -0.335452

Bias w0 (Saﻥda):
-0.340814
-0.240418
0.505613
0.480759
0.245094
0.509211
0.283733
-0.630139
0.300431
-0.754470
-0.736298
-0.257689
-0.043239
0.791080
-0.642938
-0.603627
-0.519072
0.444910
0.501657
-0.718864
0.302754
-0.705778
0.759475
0.667022
0.545861
0.060635
