Pesos v (Entrada -> Oculta):
0.675114 -0.401892 0.677247 -0.018801 -0.495849 -0.014306 -0.334541 -0.192425 0.628109 1.186149 0.796518 -0.885832 -1.115239 -0.646079 -0.485824
1.213463 0.892893 0.349759 0.188930 0.983060 -0.407116 -0.205377 -0.211291 -0.437197 -0.884880 -0.324655 -0.435085 0.137770 0.013823 0.596630
-0.070135 -0.612219 -0.332839 -0.588698 1.367037 -0.568281 1.145553 0.845006 0.696662 -0.520910 0.108144 -0.872463 0.052473 1.007866 -1.188008
0.483902 -0.615424 1.106666 -0.039258 -0.064236 -0.911436 0.372274 -0.213814 0.472969 -1.248775 0.471590 0.910735 1.066924 0.312238 0.518550
0.415041 0.246686 0.860584 -0.589474 0.262153 -0.219702 0.149903 -0.093203 -0.091389 0.133542 0.566681 1.093969 0.110704 0.755017 1.584655
-0.120320 -1.413250 0.385712 0.124320 1.004302 0.571898 -1.073231 -1.103256 -0.631467 0.587121 1.446681 1.178871 0.405268 -0.321493 0.751883
0.474385 -0.237021 -0.354570 0.949731 -0.252891 1.729618 -0.024836 -0.188595 0.699121 -0.758884 1.386612 1.676936 0.308069 0.917394 0.794301
0.344880 -0.393546 -0.218708 1.048587 0.367289 0.591030 -0.096308 0.860477 0.609585 -1.044842 0.172377 -0.662849 0.185923 0.431803 1.543903
-0.348381 -0.038128 -0.466532 -0.738990 -0.045318 1.663930 -1.374467 0.381738 -0.800458 -1.854199 0.182940 0.098104 -0.015409 0.372688 -1.580453
0.928381 0.506443 0.765145 -0.449726 -0.738394 -0.626776 -0.114881 -0.146947 -0.069274 0.087723 -1.134670 -0.495513 0.245922 -0.492256 -0.988212
0.292477 0.439562 -0.259157 0.411792 -1.117630 -0.264296 -0.308789 1.231302 -0.718293 -0.055757 -0.242914 0.728215 -0.276512 -0.612304 -1.386369
0.749798 -0.624128 0.283379 0.309792 -0.965748 0.793809 -1.281502 0.284119 -0.409070 -0.874168 0.616492 0.882377 0.874285 0.009941 -0.732233
0.617649 0.337194 0.830856 0.625463 0.455689 0.155367 -0.377153 0.295632 -1.207913 0.986113 1.019610 -0.097512 0.474476 -0.257805 -0.507530
0.347593 0.701239 0.224446 -0.258709 -0.747955 -0.257383 0.614362 -0.578866 0.938090 0.191854 -0.000693 -0.620989 0.112602 0.631495 -1.109047
-0.875047 -0.367540 0.581058 0.493719 1.175804 0.026674 0.284249 -0.110212 0.893551 -0.519716 0.740190 -1.072651 0.847385 0.682418 -1.301998
-0.591454 1.319370 0.550354 -0.174169 0.397770 -0.917750 -0.058022 0.349211 -0.359807 -0.685741 0.799454 0.783783 1.180512 -0.231323 -0.991795
0.590112 -0.562601 0.880204 0.403797 0.182287 -0.532832 0.729461 -0.089130 -0.488064 0.596017 1.145290 0.128415 0.751462 -0.009108 -0.004965
0.541847 -0.436688 -0.593567 0.755087 -0.201135 0.087365 -0.336556 -0.247236 -1.223600 -0.046981 1.569189 2.196185 -0.771259 -0.149537 1.189718
-0.775907 -0.434683 0.210616 0.773267 -0.227113 1.319578 0.386919 -0.128625 0.769723 -0.161967 1.430742 0.947453 -1.216799 0.989611 1.249001
0.732477 -0.340338 0.176303 -0.298048 0.395538 0.484442 -0.308112 0.398687 -0.526913 -1.852057 -2.009142 -0.346232 1.051027 0.322802 0.342909
0.242809 0.357670 -0.787312 1.392929 0.961360 0.618054 -1.517509 0.840729 -0.116007 -0.874362 -0.649389 -0.044728 -0.104186 0.482776 -1.103210
0.334500 1.161770 0.335123 0.124621 -0.179711 0.090204 -1.013508 0.589166 -0.509149 -0.437117 -0.771249 -0.176234 -0.078143 -0.397065 -2.143743
0.342098 0.707000 -0.048810 1.017566 -0.356097 -0.545909 -0.359983 -0.227023 0.646211 0.615176 -0.742214 0.821044 0.826630 -0.481754 -0.682765
-0.154434 0.514114 0.424956 -0.340815 -0.789408 0.481048 0.332539 -0.441864 -0.740729 -0.117766 -0.497593 0.508426 -0.290068 -1.656723 0.339985
-0.101655 0.776967 -0.437013 1.022826 -1.325368 -0.791131 0.160652 -0.293252 -0.025977 0.377199 -0.345258 -1.030122 0.019414 -1.084813 0.615622
-1.009303 0.768932 0.548092 0.735829 -0.058961 -0.520494 -1.082644 0.536530 0.061269 1.157526 -0.342494 0.764150 -0.499649 -0.706940 -1.867961
0.474212 1.140287 -0.141819 0.534243 -0.800045 -0.461746 -0.065860 0.194709 -0.487709 0.019034 0.062924 0.306103 0.374806 -0.140579 -0.652347
0.398686 -0.001371 -0.219615 0.315481 0.984948 -0.111334 -0.115976 0.238128 -0.012794 -0.915096 0.256952 -1.256299 0.167621 -0.277695 -0.959463
-0.560215 0.079971 0.576070 0.745103 0.238164 -0.128396 0.459967 -0.312249 -0.643402 -0.247488 0.180888 -0.591940 -0.754534 0.666561 1.181418
-0.340105 0.373659 -0.351925 1.136116 -0.693582 1.112940 -0.187898 -0.349680 -0.421035 -0.365057 1.823016 1.619031 -0.207460 -0.121056 -0.710368
0.054883 -1.596704 0.580824 -0.069199 -0.490428 -0.076785 -0.783814 0.858076 0.281220 -0.926615 2.076045 0.147662 -0.924033 -0.397398 1.794493
0.839615 -0.833262 0.797463 1.067752 1.268488 0.067454 1.512816 1.257907 0.702769 -0.145993 -0.465703 -0.369165 1.279170 0.008394 0.462211
-0.771901 -0.428233 0.179122 0.441459 0.575708 -0.037712 -0.019788 0.297112 0.736824 -0.744149 0.280619 -0.231715 0.207588 -0.425550 -1.260501
-0.285496 -0.689798 -0.447137 -0.473071 0.857240 0.195679 0.843037 0.504269 -0.136764 -0.500797 0.482196 -0.703431 -0.338592 0.196217 -1.706052
0.927125 0.112548 0.491002 0.020179 1.181369 -1.266875 0.912876 0.829312 -0.594485 -0.323064 -0.112378 -1.067290 1.369901 -0.806666 -0.189110
0.789543 0.498589 0.166197 0.731723 -0.612541 -1.059785 -0.673605 0.103818 -0.250425 0.444491 0.348140 -1.041310 0.984978 -0.022902 0.750819
0.399811 0.937236 -0.046438 -0.681878 -0.165637 0.548778 -0.838078 -0.464267 0.029764 1.118961 0.746038 -0.118994 -1.017380 -1.536268 1.306881
-0.133922 0.591900 0.206834 0.245619 0.169485 -1.291606 -0.118888 -0.450332 -1.513642 0.039378 0.315951 0.253200 -0.289198 -0.089778 0.172403
-0.678362 1.329861 -0.448615 -0.573590 0.579091 -0.947254 0.171398 -0.500967 -1.754310 -0.030418 -0.025169 -0.195004 -0.383506 -0.455054 -0.038423
0.290109 1.043538 -0.651148 -0.020573 1.114116 0.103617 0.189486 -0.510289 -0.808117 -0.476883 -0.712130 -2.115010 -1.167389 -0.969916 0.351907
0.033523 1.102729 -0.740212 0.637717 0.890750 -0.206500 -0.450077 -0.402913 -1.997284 1.452917 0.286061 -2.038113 -1.052944 -0.923212 0.208341
0.806104 0.038644 1.080378 0.788634 -0.989950 -0.855400 -0.610638 0.755322 1.244646 0.953879 0.885405 -1.078126 1.263582 -0.551596 -1.698957
0.609884 -1.900018 -0.263247 0.445320 -0.601137 -0.694149 -0.149177 0.804725 0.636994 0.051238 0.928427 -1.266521 0.032336 0.442195 -0.808152
-0.578301 0.190093 0.834548 -0.689429 0.453159 -1.783571 2.168165 -0.198099 0.994205 0.540525 -0.547652 -0.381751 0.307385 0.976568 1.192957
0.212950 0.475351 -0.280935 0.127348 0.756546 -1.385336 2.739992 1.125947 0.777738 -0.669609 -0.763877 -0.054582 -0.391720 0.745079 0.173872
0.327895 -0.015358 -0.214446 0.105959 0.935201 -2.147574 1.120717 0.078521 -0.034136 0.170465 0.308084 0.441098 0.140839 -1.038005 1.345631
-0.618969 0.299864 -0.602724 -0.049538 0.928752 -1.212708 0.285919 0.889769 1.194508 -0.262717 -0.552003 -0.149454 -0.068661 0.219652 1.131715
0.562588 -0.800873 -0.202267 1.053532 -0.003471 0.067605 -0.553855 -0.434545 -0.550593 0.513361 0.793061 -0.441476 -0.627758 -0.423387 0.090343
-0.286794 -0.337793 1.057472 -0.443345 -0.387783 -0.659081 -0.571911 -0.811982 0.280486 0.645746 -0.102646 -0.144596 0.089635 0.193784 -0.458814
0.789472 -0.329451 -0.179088 0.488228 0.482415 -0.349596 -0.047703 -1.462459 -1.502602 0.670073 -0.509544 -1.265191 -0.668448 -0.815184 0.622659
-0.665786 1.075312 -0.103630 0.975919 0.022318 -1.309634 -0.498903 -0.247451 -0.309398 0.447410 -0.594561 1.010650 0.219406 -0.173265 -0.676059
-0.347631 2.114095 0.549750 -0.315161 -0.450110 -1.311229 0.315209 0.735316 -0.855083 -0.568285 0.129014 -0.287029 -0.558450 0.742253 0.313320
0.074730 -0.033183 0.793929 -2.035358 0.185738 -0.299082 0.211931 -0.164992 0.433412 0.625861 1.231782 -1.094605 0.343647 -0.510229 0.809350
-0.387534 1.252693 -0.239906 -0.615158 0.734434 1.731295 0.012451 0.261482 1.889014 -1.545236 0.309439 -1.669789 -0.756903 -1.796178 -0.061555
-0.865769 -0.083882 0.351121 -1.921820 0.678461 1.801622 0.104371 0.161441 0.100602 0.845750 -0.116295 0.425536 -1.262743 0.761662 -0.280370
0.902292 -1.417868 -0.726805 -1.434796 -0.359055 0.740307 0.885647 -0.675055 -0.002229 0.386291 0.122620 1.239359 -0.464392 1.544446 0.021925
0.995976 0.261385 0.256358 0.439776 -0.257812 -2.485581 1.284529 0.499319 0.590307 -0.109577 0.462017 1.064538 -0.536373 -0.287126 0.133174
0.007748 -1.331948 -0.631344 0.547273 -0.305200 -2.443724 0.678162 -0.313640 0.762677 -0.060973 -0.593041 -0.214475 -0.886610 -0.452412 0.110722
0.163596 -0.794012 0.540132 0.474451 -0.284696 -1.521883 -0.092498 -0.836911 0.297760 0.352952 -0.291957 -1.194231 -0.429880 -0.902193 0.777181
-0.158449 0.762003 0.883266 -0.376615 -0.267202 1.385965 0.243380 0.729494 -0.283640 -0.504832 -0.999970 -0.346636 0.819276 0.149252 0.968355
-0.417127 -1.013199 0.411813 -0.783108 -0.603528 -0.335049 -0.070611 0.967609 -0.275811 0.154731 -0.200739 -0.211441 -0.031673 -0.812343 -0.296102
-0.681426 -0.051962 0.571182 0.763342 -0.387739 -0.220129 -0.286933 -0.082909 -1.052164 0.083185 -0.888285 -0.892843 -0.895605 0.372139 -0.144097
-0.002113 0.760132 0.470520 0.383307 -0.277538 -0.831918 0.199955 -0.353553 -0.588377 -0.476246 -0.646137 0.327648 -0.575286 0.717355 1.728984
0.025301 0.768084 0.178535 -0.947918 0.064142 -1.082708 0.721393 -0.203372 -0.477436 0.675708 0.864061 1.266562 -0.311006 1.151794 -0.096145
0.317168 -0.178221 -0.844428 -2.189543 -0.881868 -0.988144 0.991536 0.525596 0.075402 -0.106796 1.071132 -0.499677 0.234802 0.154705 -0.946253
0.816041 0.607559 -0.308168 0.700052 0.496674 1.256820 -0.363147 0.236946 1.524327 -0.569748 0.335357 -0.988188 -0.152047 -0.808948 0.409521
0.190971 -0.831481 0.585208 -2.688666 0.811036 0.462003 0.310485 -1.528531 0.668475 0.098898 -1.072833 -0.269788 -1.308388 -0.194188 0.059710
0.236283 -0.201451 -0.181979 -1.230086 -0.199717 0.862181 0.604460 -0.076435 -0.435674 -0.179898 -1.683431 0.579999 -2.829672 -0.230032 0.376845
0.766202 0.047742 0.642477 0.928031 0.518059 -0.321653 0.630808 -1.324270 0.666990 0.056814 -1.289537 0.908143 -0.047391 0.057300 -0.735938
-0.316362 1.664745 0.052783 1.520270 0.946072 -1.208700 -0.505737 -1.372369 0.381574 -0.471200 -1.537764 -0.663247 -0.395972 -0.424344 0.091117
0.481770 -0.553136 0.821840 -0.536609 -0.230832 -0.417813 -0.552054 0.515556 0.908298 1.217102 -0.400525 0.731965 0.991484 -0.343652 0.057335
0.255871 0.700855 0.286527 -0.467319 0.125335 1.227674 1.013178 1.022352 -0.305549 -0.804163 -0.202326 0.446062 -0.042311 0.751880 -0.671119
0.641772 -1.104258 0.190431 -0.813007 0.778596 0.720293 -0.315983 0.783645 0.367808 0.580177 -0.600273 -0.341600 -0.555014 0.465960 -0.500611
-0.032780 -0.398561 0.130948 0.228871 0.427149 0.037264 -0.532898 -0.397469 -0.803330 0.400076 -1.580180 -0.362105 0.134472 -0.337648 -0.456265
-0.061249 0.345990 0.427334 0.522123 0.557215 0.656785 -0.179227 0.136927 -0.583065 0.030993 0.565092 0.062242 -0.208477 1.134941 -0.566340
-0.279335 -1.559956 0.842418 0.266292 0.208329 -0.496994 0.025722 0.215996 -0.534612 -0.440526 0.332249 1.502798 -0.378442 1.579255 -0.620778
0.039962 -1.523506 -0.723918 -0.173899 0.649824 0.202535 0.010143 0.098927 0.400937 0.503116 -0.625561 0.105557 0.811844 0.989620 -1.268993
0.338143 -0.145732 1.116590 -0.762151 0.724083 1.280857 -0.007670 0.041188 -0.213545 0.670403 -0.097633 -0.650204 0.240807 0.666243 -1.155620
-0.339764 -0.461556 -0.802367 0.377517 -2.191446 -0.333724 -0.057871 -1.802960 0.055269 -0.834878 -1.348377 0.178687 -0.196849 -0.215079 -0.736658
0.357985 1.386169 0.659871 -0.467139 -1.056805 1.257340 0.121988 -0.964372 0.089765 0.574641 -2.188149 -0.753735 -0.397271 -1.305857 -0.968229
0.673786 2.018560 -0.034785 0.666098 0.359857 1.445117 0.884705 -0.955122 0.864317 0.141359 -1.585763 -0.650223 -1.566640 -0.532610 -1.511906
0.276180 0.261848 0.262269 0.305233 -0.013338 -0.068799 1.129874 0.025091 -0.184342 0.674742 -0.996457 -0.319856 -0.319414 -0.607987 1.339635
1.012978 -0.044375 0.365266 0.735858 0.277983 -0.676363 0.180627 -0.343706 0.221635 -0.749487 0.693173 -0.352794 -0.988146 -0.825654 1.181297
1.094895 -0.217854 0.077767 -0.425708 0.280671 0.830013 0.945028 0.036866 1.122907 0.591715 -0.425493 0.103812 -0.036605 -0.157531 -0.606863
0.074804 0.076909 -0.006850 -0.934632 0.162760 0.203914 0.805443 -0.527525 0.106528 -0.752916 0.472822 -0.199481 0.774335 -0.898793 0.377304
-0.858348 -0.102230 0.660076 -0.595788 -0.118013 -0.593135 -1.005790 -1.195555 -0.977862 1.125601 -0.276903 -0.443811 -0.365203 0.394718 1.019501
-0.698408 -1.485921 -1.053400 0.437937 0.613779 0.840418 -0.375018 0.280834 -0.322108 0.789352 -0.663111 -0.230801 -1.646786 -0.604711 -0.898045
-0.877947 -1.060973 -0.603581 -0.285847 -0.148817 0.735843 0.090768 -0.091930 -0.188509 -0.061966 -0.609083 -0.085064 0.097104 0.540191 0.535534
-0.052232 -1.803304 -0.006986 -0.499415 -1.161155 0.170880 -1.814328 -0.169218 -0.383481 0.561212 -0.176989 0.308381 -0.137392 1.258854 -0.069974
0.726429 0.430101 -0.160339 0.870625 -3.102851 0.534162 -0.911265 -0.517422 -0.782455 1.351351 -0.706255 0.084685 1.016023 0.574784 -0.800284
-0.118155 -1.801769 -0.722760 0.460419 -2.715465 -1.354849 -0.189417 -0.560150 -0.205741 -1.046101 -0.638792 -0.633518 1.163805 -0.781513 -0.854718
0.775020 0.238719 -0.078262 1.487029 -0.942081 -0.288435 0.188794 -1.611868 0.992402 -0.448072 -1.104195 -0.496275 0.073966 -1.330699 -1.440445
0.048485 0.590736 -0.763030 0.338286 0.782158 -0.179085 -0.409146 -0.370078 1.209738 -0.325339 -1.010121 0.078725 -0.463739 -0.565517 -0.998995
0.093650 1.048884 0.287120 -0.409654 0.832141 0.394522 1.225556 -0.733077 -0.024186 0.335786 -0.535840 -0.201283 -2.439714 -0.331532 0.093158
1.017199 -0.035742 0.721587 0.341868 0.040768 1.237871 0.422143 0.622185 0.274130 0.392790 0.062177 0.092235 0.928226 0.656402 -0.216745
0.359045 -1.078363 0.508273 -0.305569 -0.031779 0.012031 -0.045089 0.234708 0.179160 0.275901 -0.229513 0.597019 0.986670 0.347939 0.436904
-0.027665 -0.174609 -0.402425 -0.142784 -0.626964 1.350938 -0.201331 0.663004 -0.680768 0.188038 -0.478167 0.769307 0.392955 0.856725 -0.286759
-0.501156 -3.613760 -0.690425 -0.816902 0.342988 0.462630 0.194095 -1.116831 -0.248723 0.639487 1.299848 0.416582 0.044351 0.849850 0.774225
0.743136 -1.255354 0.536958 -2.078351 -1.557749 -0.316934 0.199567 -0.543540 1.691709 0.089806 2.216081 -0.194160 -0.153512 0.023164 0.445284
-0.543190 -2.147397 0.605429 -1.035153 0.737050 -0.613754 0.144514 0.020983 0.334009 -0.202539 0.466311 0.366079 0.201672 -1.172953 1.545826
-0.584612 2.941917 1.024697 0.933774 0.630548 0.255748 0.033101 0.250085 -0.284428 -0.153038 -0.703784 0.537400 0.614971 0.183324 -0.127935
0.813228 2.612978 0.721325 -0.729533 -0.340500 0.358932 -0.922652 2.556433 0.337285 0.591240 -0.555154 0.568134 -0.262142 0.597938 0.864640
0.914862 0.728657 -0.963375 0.631194 0.430545 0.197725 0.058838 0.929705 0.890654 -1.068351 1.212371 -0.750528 1.513585 -0.275189 0.099478
0.559586 0.943852 0.546964 0.527934 -0.025491 -0.779719 0.272114 -1.087817 0.108084 -0.054980 -1.248390 -0.379728 0.667138 -0.326657 0.441538
0.241274 -0.086907 -0.732493 -0.536729 -0.327623 0.592953 0.349827 -0.546730 0.581620 0.754742 -0.753020 -0.412476 -0.356838 -0.093347 -0.591939
0.167464 0.377574 0.287350 -0.076387 0.371849 0.654405 0.863729 -1.130708 -0.601217 0.297935 0.377805 -0.198721 -0.030970 0.288924 -0.920569
-0.354394 -0.228271 1.240372 -0.644718 0.077995 -0.174749 1.426587 0.789406 -0.266512 0.478090 -0.083913 -0.308395 -0.744715 0.042732 1.184455
0.306326 -0.650545 0.120092 0.113410 -0.985853 1.222249 -0.008782 0.183190 -0.273159 -0.359902 -0.756691 -0.561887 0.186809 0.442249 0.632838
0.053144 -0.452003 0.668062 -0.742856 -0.546952 0.324462 1.104128 -0.194730 -1.286984 -0.508695 -0.599155 -0.874043 0.477595 0.063535 -0.152675
0.852424 -1.698553 -0.092651 -1.094544 0.547565 0.734105 0.917704 -0.671661 -0.312036 0.049547 0.336631 0.000427 0.045960 0.464340 0.243597
-0.223384 -0.497395 0.482050 -0.489395 0.092622 0.130921 0.467428 0.258883 0.080513 -0.064585 0.990771 0.488548 0.011912 -0.491429 0.956922
0.015322 -1.120336 -0.581733 0.005528 -0.454419 0.186845 -0.235545 1.007818 0.904122 0.102826 0.427887 -0.649455 -0.042333 -0.510840 1.471525
-0.469650 0.340066 -0.286298 -0.508511 0.205073 0.729296 -0.163679 1.617551 -0.226397 -0.422755 0.309006 -0.474149 -0.798683 -0.963476 -1.165576
-0.084915 1.991293 -0.550713 -1.044324 1.370570 1.385580 -0.775177 0.083562 -0.240591 0.117969 0.110063 1.305929 -0.203897 0.902277 0.315564
-0.678999 2.091428 0.461258 1.757340 -1.087000 0.010081 -0.280700 1.532878 -0.562857 -0.027260 -0.897156 -0.520883 1.481983 -0.497781 1.172249
0.695145 1.100986 0.610286 0.567961 -0.238892 -0.637220 -1.149665 -0.139005 0.667728 -0.259051 -0.413408 0.594128 1.205986 0.100623 0.288116
0.611412 -0.612193 -0.501088 -0.211276 -0.940924 -0.565200 0.134210 -2.506114 -0.411597 -1.497156 0.440879 0.573137 1.950244 0.573517 -0.671406
-0.481902 -0.156298 -0.162995 -0.823354 0.153960 0.068518 -0.067462 -1.483499 -0.135032 0.538978 0.796850 -0.048345 1.514484 0.669894 -0.709282
1.212898 -0.592606 1.051094 0.315927 0.434331 0.558620 -0.285553 -0.757221 -0.343218 -0.480885 -0.414972 0.037662 0.645750 -0.000071 -0.369494
1.006129 -0.642070 0.969386 -0.321708 -0.098005 1.115910 0.491167 0.949524 -0.422103 0.684260 0.457645 -0.181309 0.755495 -0.896216 1.119385

Bias v0 (Oculta):
0.970388
-0.129782
1.128721
0.714324
0.118405
-0.438713
0.704610
0.650477
1.216251
0.337437
0.022468
-0.180391
0.202299
-0.531838
0.861002

Pesos w (Oculta -> Saída):
-1.409591 -0.270020 -1.329449 -0.349466 -1.839607 -2.881512 -2.279364 -1.929502 0.103144 -3.119584 -1.531696 -1.071753 -1.037505 -3.468228 -2.990082 -1.348449 -0.811923 -2.874501 -1.881286 -1.368580 -2.113476 -2.923509 -2.111568 -1.643175 -1.078337 -0.678430
2.248797 -3.028925 -1.442384 -2.774066 -4.666627 4.645941 -1.301615 -3.189442 -2.415465 3.586659 1.290284 -2.214865 -1.108187 -1.758216 -1.445627 4.140934 -1.945022 3.058965 -3.258433 -1.803783 -0.673529 -1.978979 1.444178 4.794895 -4.497935 3.867962
-1.268134 0.083644 -1.754837 -0.828604 -3.003120 -3.493478 -1.229958 -1.895194 -0.604681 -3.417712 -2.399783 -0.275261 -1.430923 -2.135884 -2.703725 -1.282279 -1.432695 -3.152957 -2.229796 -0.244653 -2.429303 -3.291023 -2.104149 -2.707161 -1.081629 -0.247935
0.516936 3.032103 -5.633217 -4.107402 4.176170 0.995419 -3.166354 1.888096 -2.595821 1.343016 -0.170275 2.316912 0.218255 -3.184148 -2.643504 1.589919 -4.471112 -0.546403 0.996815 -2.907410 -2.995654 3.526757 -1.508887 -0.433848 0.579789 -0.251086
1.692570 -0.836011 -2.026480 -1.392025 -3.576539 -3.297114 -1.088279 -3.478983 5.049224 3.656054 0.678912 -0.089437 -1.862939 -0.777406 -2.384042 -2.040038 1.101386 0.420520 0.443580 -0.746918 -2.731816 2.527791 2.433824 -0.441447 -3.581342 -4.468094
-3.561487 -2.793762 -1.415208 3.540898 -3.897799 -2.363364 -4.499777 -0.492626 -2.281625 -2.153655 5.094940 1.982051 1.047003 0.100425 3.573003 1.511834 3.548845 1.352953 -2.743640 -2.539478 1.287916 0.521594 1.930648 -4.882175 -2.323231 -2.586708
-1.627150 -4.608721 1.083588 -1.145908 3.385004 2.834330 1.133408 -3.596739 0.566216 0.710252 0.388868 1.117022 -3.348286 -1.985646 -0.642712 -4.537303 0.859009 -1.354060 0.990784 0.402951 -0.577295 0.664111 0.317477 -0.505267 0.853370 1.484486
2.739929 -2.214686 -2.187410 0.252467 0.046239 -2.271742 2.839170 3.098026 -0.818235 -3.249069 -0.476370 -1.808817 1.174775 2.136253 -0.868382 -4.406184 1.523582 5.248200 -0.914545 -1.497961 -4.613583 -3.933628 0.672461 0.750520 -2.119365 -1.435579
0.244244 -2.611434 4.790977 -2.786066 0.342365 1.731473 1.288162 -3.096868 -3.104446 -2.553329 -0.966877 3.161946 1.907838 -1.129545 1.087866 0.654007 0.866080 -0.900268 -1.685023 -2.922467 -1.003497 1.376227 -0.606422 -1.518735 -1.783015 -2.264152
-3.151375 -0.112808 0.319791 -0.258180 1.745125 -1.322808 -0.638897 1.643507 -1.279383 -0.528290 -0.963308 -2.864270 -5.094396 2.725488 -0.755642 -0.666201 -0.609411 2.904448 1.135692 1.200694 -0.389545 0.225981 -3.303392 -0.163797 -1.362315 0.111471
-0.706553 1.205280 -4.076668 -4.120782 -2.439640 -1.412886 4.107696 -0.556997 -1.714534 1.861336 -2.460876 -2.630875 1.659709 0.572126 4.129721 -1.384429 2.562609 -0.913947 -1.112386 -1.945998 1.978821 2.452262 -1.508354 0.561779 -0.391636 -0.715849
-3.048601 -1.355220 -0.669534 -1.068585 -2.344075 0.141067 -2.108160 -2.945520 -0.850377 -2.134956 4.034905 -1.455144 1.734003 3.644819 -0.707989 -1.504049 -1.509407 -2.293105 1.668219 -2.881714 -2.580636 -1.190312 0.383295 3.792256 5.039322 -2.511884
0.662488 1.364030 0.500495 1.998301 0.269590 3.208780 1.349446 -0.563421 -0.350600 2.445665 -4.060701 -3.915362 0.076200 0.438839 3.368808 0.522263 -5.145149 -0.391441 1.159459 -2.662588 1.406051 -0.801608 0.306503 -2.553726 -1.346316 -4.162445
-2.543792 -1.172400 -0.526340 -1.628906 -2.683876 -0.396243 -1.216846 -1.837989 -1.418216 0.046888 -1.611787 -0.356410 -1.936171 2.218753 1.539078 0.124695 -0.893626 -1.733057 5.205345 -0.366506 0.397120 -1.713606 4.432938 1.033278 -2.089544 -1.043781
1.785477 -3.146224 -0.652968 -1.590602 -2.119659 -1.347131 -0.256627 3.617504 -5.012057 -2.340293 -0.201015 -2.160268 1.306972 2.103041 -5.160278 -0.957415 -1.087446 -2.457852 -2.594543 3.743202 5.095653 3.363706 -1.184073 1.841242 1.133118 -1.898401

Bias w0 (Saída):
-1.634441
-1.251154
-0.464161
-0.275324
-2.892762
-3.510701
-2.007934
-1.954404
-0.670724
-2.390581
-3.069875
-1.707056
-0.814024
-3.201952
-3.351203
-1.708061
-1.669367
-2.417054
-2.294298
-0.176309
-1.482397
-3.559774
-1.771185
-2.609009
-0.872333
-1.608288
