Pesos v (Entrada -> Oculta):
0.981150 0.770303 -0.889403 0.838927 0.519427 0.940624 -0.365104 0.722458 -0.374125 0.167841 0.437539 0.405915 0.356482 0.663056 0.105753 -0.379387 -0.030469 -0.903715 -0.667738 0.483144 -0.880387 0.286261 -0.573705 -0.455111 0.244749 0.807951 -0.550202 0.238165 -0.567872 -0.827402 0.341535 -0.506577 0.022601 -0.722791 -0.671186 0.122150 -0.962015 -0.312676 0.525907 -0.907645 -0.914368 -0.522071 -0.222542 0.735275 -0.439369 -0.641587 -0.298043 -0.494499 0.131082 -0.083509
-0.972117 -0.710743 0.483276 -0.540614 -0.169937 0.160643 0.431028 0.676293 -0.322190 0.492360 0.637453 0.454171 -0.171955 -0.291057 0.825572 0.766326 -0.485862 0.281609 0.521225 0.729690 -0.219457 -0.329879 -0.590639 -0.614744 0.405958 -0.980015 -0.375234 0.187047 0.599250 -0.952337 0.278797 0.273479 -0.799068 0.590556 -0.758766 -0.083824 0.569973 -0.483582 0.669053 0.765555 0.832446 -0.716643 -0.262051 0.655235 -0.782212 -0.353879 0.911516 0.611586 -0.665583 0.055673
-0.068196 0.488563 0.878717 -0.285149 -0.140310 -0.633403 -0.495310 -0.096195 0.125407 0.844108 0.136485 0.206090 -0.363803 -0.499100 -0.707176 0.144240 0.973549 0.520050 -0.036576 -0.445477 -0.683821 0.013963 0.436049 -0.455004 -0.576461 -0.230817 -0.094036 0.279772 0.750886 -0.999304 0.461696 0.178779 0.608391 0.331114 -0.937469 -0.059092 0.980677 -0.968622 0.367056 0.322840 0.887764 -0.646178 -0.218568 0.975097 -0.611613 -0.918451 -0.006566 0.382934 0.075220 0.637883
0.659740 -0.102132 0.809812 0.059301 -0.000701 0.814864 -0.561393 -0.314678 -0.079982 -0.254366 -0.086788 0.922852 -0.922108 0.625194 -0.426594 -0.318211 -0.439488 -0.055006 -0.865894 -0.783374 -0.301246 0.515719 -0.870901 -0.979318 -0.970301 -0.457249 0.272560 0.726413 0.944551 -0.719173 0.474286 -0.495485 0.373214 0.778650 0.795822 -0.319066 0.617205 -0.909877 -0.511814 -0.897522 0.826061 0.074640 -0.613718 0.827144 -0.044605 0.633458 0.602369 -0.037398 0.451167 0.757215
-0.459837 -0.513464 0.707031 -0.433924 0.028019 0.402911 0.064081 -0.642835 -0.507637 -0.595238 -0.204476 0.688258 -0.915516 -0.122391 0.810653 -0.613435 0.770552 -0.771124 0.915426 -0.453093 -0.537292 0.864786 0.655147 -0.635046 -0.765076 0.719905 0.059041 0.234551 0.197383 0.663530 0.205052 0.536572 0.644105 0.905750 0.420419 -0.119390 0.181239 -0.107478 0.073327 -0.351170 0.019194 -0.214381 0.011907 0.495873 0.443004 0.984126 0.159143 -0.581496 -0.625604 0.088021
0.391201 0.176684 -0.118282 -0.870156 0.128452 0.965313 0.751665 -0.687734 0.540782 -0.533417 0.155926 -0.084263 0.301111 0.712659 -0.912138 0.212482 0.153713 0.513040 0.290528 -0.843853 -0.951664 -0.843694 0.906228 -0.239053 -0.616795 0.667363 0.581032 0.051118 -0.892579 -0.399115 -0.633931 -0.003648 -0.288195 0.359957 0.407269 -0.183718 -0.635992 0.887968 -0.701411 0.663099 -0.444875 0.696373 0.033910 -0.807644 -0.114713 0.096690 -0.975669 0.411297 0.560048 -0.224918
-0.979367 0.169676 -0.752041 -0.063477 0.825917 -0.812224 0.225861 0.818932 -0.454675 0.373471 -0.588648 -0.416026 0.075056 0.533948 -0.136658 -0.517400 -0.641359 0.693622 -0.713420 -0.379086 0.207144 -0.340020 0.229839 0.234000 0.844505 0.131939 -0.037749 -0.711579 -0.362633 -0.454701 0.078256 0.364529 -0.319488 -0.063164 -0.386717 0.736567 0.018566 0.178960 -0.993097 -0.780019 0.022277 0.356982 0.049141 -0.832459 -0.291607 -0.985865 -0.154067 -0.436169 0.159149 -0.046300
-0.750490 -0.171760 0.746494 -0.792469 0.519149 -0.467480 -0.563351 0.830586 -0.184235 0.103611 0.956647 -0.061001 -0.800961 0.828351 -0.740916 -0.855480 0.694307 -0.005719 0.161650 0.216588 -0.225401 0.004459 -0.271169 0.830793 -0.172370 -0.176320 -0.176914 -0.679908 -0.268852 0.051593 0.187810 0.676453 -0.229686 -0.609509 -0.261328 -0.612363 0.157830 0.442795 -0.372842 0.596491 0.753216 0.331263 0.370681 -0.477040 0.872196 -0.221311 0.302981 -0.170349 -0.510143 -0.024269
0.173706 0.494110 -0.373644 0.097798 -0.508956 0.595922 0.024150 0.816938 -0.671608 0.567063 0.957304 0.185351 0.347676 0.871192 -0.154313 0.452845 0.970471 -0.135542 0.443640 -0.960558 -0.196169 0.236401 0.151130 -0.660109 -0.580814 0.381537 -0.643815 -0.787123 -0.856953 -0.050106 -0.688531 0.526601 0.806418 -0.637077 0.971778 -0.671793 0.194455 -0.201783 0.974826 0.346493 -0.157512 -0.505030 0.025953 0.551605 0.148418 0.927622 -0.680525 -0.710269 0.115841 0.927692
0.083989 0.733198 0.230095 0.263957 -0.151430 0.968631 -0.346517 -0.885045 0.780647 -0.143263 0.536446 0.069561 -0.884061 0.391054 0.828476 -0.051620 -0.994524 -0.388446 -0.107366 -0.760080 0.937251 -0.452580 0.311213 -0.263679 0.703198 0.929943 -0.007057 0.619306 0.909999 0.465349 0.024744 0.097498 0.898470 -0.247519 0.297772 0.313835 -0.641042 0.276266 0.125774 0.664175 0.779689 0.014130 0.374517 -0.810232 -0.300137 -0.882889 -0.076111 0.597638 -0.149568 -0.591702
-0.468108 0.267959 -0.832849 -0.966072 -0.618472 0.097042 -0.003953 -0.635616 -0.861247 -0.295072 -0.818190 -0.741812 -0.739167 0.384646 -0.718843 0.542338 -0.045036 0.959728 -0.806042 0.111867 -0.756759 0.604803 0.853691 0.256755 -0.176992 0.121778 -0.982744 0.575456 0.897821 0.652192 -0.231900 -0.580022 0.576301 -0.145008 0.035845 -0.626299 -0.177216 0.318617 0.399927 -0.892759 -0.563617 0.025681 -0.678619 -0.651361 -0.742868 -0.735117 -0.812176 -0.877315 -0.146952 -0.603260
-0.451370 -0.251797 0.780382 0.565982 0.091599 -0.234817 0.469708 -0.362091 -0.357782 -0.918213 0.907003 -0.139315 0.948037 -0.782697 0.374701 0.999189 -0.912116 -0.863952 0.654318 -0.130462 0.484773 0.497644 0.846751 -0.308070 0.418290 0.562980 -0.233647 -0.189819 -0.032317 -0.624386 0.295873 0.032883 0.825920 -0.649877 0.651550 0.735617 -0.564095 -0.017994 0.297069 -0.241851 -0.068539 0.555245 0.476472 -0.090082 0.287574 0.853486 0.654193 -0.511721 0.686875 -0.343358
-0.546345 0.549406 -0.545410 0.795959 0.139952 -0.858440 -0.577299 -0.154987 0.584543 0.622912 -0.264661 -0.248353 0.908957 -0.299176 -0.455372 0.480009 0.478230 0.365627 -0.023378 -0.655833 0.415291 -0.113694 -0.597282 0.619470 0.712937 0.122784 0.992941 -0.902911 -0.062516 -0.838441 -0.387453 -0.132205 -0.958453 0.634974 -0.925689 0.281715 -0.818909 0.385426 -0.015587 -0.304957 0.221938 -0.447507 0.762624 0.522772 -0.385960 -0.524667 -0.136953 -0.366719 0.459674 0.166484
0.561499 0.085990 -0.559184 -0.019045 0.840202 0.656687 -0.829260 0.844314 0.944826 0.908723 0.482221 -0.995523 -0.066569 -0.309337 -0.363533 -0.551041 -0.386021 0.620985 -0.143174 -0.226871 0.687570 0.703456 -0.640729 -0.070604 -0.467644 -0.157987 -0.549195 -0.008204 0.488093 -0.994269 -0.332593 0.503022 0.141448 -0.703857 -0.383581 -0.546465 0.848682 -0.995357 0.150609 -0.340413 0.423689 -0.343102 0.878842 0.118049 -0.809262 0.292880 -0.204134 -0.565087 0.845874 0.343913
0.797871 0.990324 -0.857972 -0.957329 0.452987 0.130662 0.199816 0.579625 -0.297509 0.690405 0.766527 -0.579166 0.846382 0.109644 0.962867 -0.636234 -0.439959 0.995682 0.566089 -0.604892 -0.966939 0.698314 -0.942894 -0.087254 0.413879 -0.464873 0.848387 -0.638067 -0.164950 -0.188163 -0.577014 -0.680583 -0.305904 0.548273 -0.866266 -0.999587 0.484343 -0.753752 0.798886 -0.511606 0.187713 0.849406 0.754102 0.500882 -0.986947 -0.255727 -0.190960 -0.423091 0.528620 -0.124774
-0.326069 0.052665 -0.551828 0.036178 0.357484 -0.820859 -0.512943 -0.807537 -0.763186 -0.705844 0.066942 0.825805 0.153915 -0.668763 -0.847412 0.870824 0.969996 -0.317961 0.171204 -0.122762 -0.329640 0.936684 -0.993946 0.486731 -0.297746 -0.188932 -0.899854 -0.146727 0.697111 0.377458 -0.551045 0.796734 0.018275 0.464024 -0.856741 -0.464099 0.712443 0.073431 0.383480 -0.767957 0.677682 -0.854024 -0.335394 -0.755258 0.432669 -0.498914 -0.197488 -0.320641 -0.005094 0.107204
-0.610879 0.759287 -0.967359 0.336475 -0.577393 0.290663 0.112900 -0.257918 -0.167943 -0.242069 -0.127150 -0.154819 -0.450261 0.522957 0.005233 0.395336 0.476892 -0.546001 -0.925599 -0.857102 0.128018 0.334168 0.436321 -0.623177 -0.042892 0.148595 0.059790 -0.742978 -0.161416 0.612259 -0.469860 0.771203 0.285570 -0.852295 0.311042 -0.148509 0.694522 0.612751 -0.550216 -0.646778 0.168260 0.037234 0.370984 0.180633 -0.643893 0.542952 0.575164 0.695862 0.764250 0.006916
-0.278975 -0.370403 -0.793367 0.851288 0.657731 0.687862 -0.596989 -0.633952 0.924681 -0.441573 -0.504864 -0.778149 0.289206 -0.884918 0.015707 0.367426 0.658721 -0.659598 0.348582 0.759470 0.285081 -0.888662 0.713511 0.305338 -0.747948 0.933321 0.793095 0.740691 0.046019 0.216566 -0.767711 0.239706 0.194656 0.943754 -0.959277 -0.537032 0.774043 -0.636818 0.908749 -0.023038 0.628429 -0.218557 0.292343 0.543007 0.599467 0.734157 -0.875212 0.459502 -0.120394 -0.079930
-0.473955 0.116147 -0.101960 0.897425 -0.686206 -0.023692 0.444890 -0.509542 0.563718 -0.983956 -0.880724 0.237156 0.253542 0.294526 0.970823 0.156576 0.569165 -0.544224 -0.793521 0.277203 -0.749241 -0.603641 0.742933 -0.421816 0.527717 0.904024 -0.919936 0.127840 -0.190869 -0.855210 0.980267 0.737037 0.348632 -0.795854 0.536152 0.022960 -0.302107 -0.867102 0.313176 -0.287714 0.732710 -0.750833 0.163975 0.645599 0.692078 0.615944 0.881782 0.430719 0.040851 -0.682576
0.107930 0.758680 0.503529 0.766661 0.233851 -0.202386 -0.624304 -0.132980 0.448592 -0.826676 -0.816012 0.025972 -0.124776 -0.788416 0.349587 0.068923 0.845197 -0.193766 0.296061 0.758662 -0.472888 0.076962 0.757279 0.616089 0.790816 0.555963 -0.777657 -0.116001 0.521380 -0.469919 0.468760 -0.251333 0.686537 -0.609669 0.874663 -0.999260 0.309258 0.765248 -0.202823 0.438925 0.468404 0.136035 0.275695 -0.096508 0.152450 -0.850238 0.710167 -0.318660 -0.646004 0.050458
-0.712412 -0.303516 -0.571689 -0.684659 0.211499 -0.452373 0.942183 0.925827 -0.200112 -0.786011 -0.623938 0.817811 0.083998 -0.109553 0.566394 0.787345 0.658225 0.118907 0.068685 -0.395657 -0.526861 0.480823 0.874117 0.010289 0.593409 0.703979 0.377339 0.977818 0.846866 -0.291158 -0.608840 0.427976 0.694412 -0.353552 -0.102482 0.765970 0.037641 -0.781211 -0.717771 0.027440 0.408424 0.302555 -0.239476 0.090712 0.708744 0.540942 0.024160 0.170450 -0.913410 0.080027
-0.156034 0.483694 -0.376515 0.476828 0.113037 0.489666 -0.392136 -0.090586 -0.150640 0.518776 0.709189 -0.263847 -0.455471 0.370886 -0.242803 0.154418 -0.138694 0.663347 -0.504540 -0.467166 0.052210 0.617840 0.044254 -0.960471 0.088427 -0.358659 -0.078423 0.720278 -0.813163 -0.554691 0.557780 -0.093521 -0.625195 -0.321441 -0.488213 -0.082364 -0.502166 -0.232325 0.808738 -0.612080 0.296019 -0.532854 -0.757399 0.646670 -0.455799 0.156049 -0.298597 0.692621 0.266607 -0.774929
-0.792926 -0.420425 -0.142706 -0.473488 0.000811 -0.087272 -0.857854 -0.349916 0.148690 -0.583714 -0.555971 -0.617669 -0.166660 -0.152456 0.215607 -0.813361 0.286887 -0.341006 0.403682 0.985500 -0.214379 -0.503514 -0.180268 0.956044 -0.885313 0.584995 -0.718478 -0.738226 -0.095475 0.018992 0.696238 0.994443 0.432047 -0.831933 0.401733 0.009942 0.269380 -0.161405 0.318229 -0.265893 0.358332 0.303317 -0.911144 0.302910 -0.179922 0.472297 0.188192 -0.665524 0.998126 -0.694195
0.542754 0.371430 0.926639 0.233627 -0.318175 0.209150 -0.920571 0.968546 -0.536046 0.440812 0.350397 -0.387249 0.312554 -0.299377 -0.150742 0.383730 0.421039 0.439136 -0.201947 0.476913 -0.361920 0.721105 -0.427437 -0.037044 -0.877206 0.175992 -0.237730 0.313316 -0.645815 0.069302 0.658339 0.689492 0.887481 0.803806 -0.404952 0.752257 0.467627 -0.625918 -0.366053 -0.205974 -0.741725 -0.057744 0.769065 0.888931 0.128399 0.064661 -0.822444 -0.956638 0.729434 -0.205305
-0.800500 -0.931686 -0.756525 0.272409 0.845429 -0.606939 -0.092290 -0.490432 0.130245 -0.290652 0.691181 0.801588 -0.257915 0.308977 -0.405850 0.126535 -0.987968 0.724685 -0.511371 0.911393 -0.424583 0.995706 -0.832007 -0.805014 0.552671 0.596610 0.306122 0.635754 -0.997122 0.909472 -0.217824 -0.654457 0.530790 -0.983929 -0.074292 -0.113746 -0.661898 0.729444 0.795933 0.855019 -0.535603 -0.944707 0.544458 0.089009 0.486720 -0.255292 0.943009 0.819713 0.162647 -0.893894
-0.775304 0.310374 -0.313012 0.997721 -0.788378 0.561479 -0.836456 0.587246 0.468778 -0.698271 -0.060814 0.387276 0.938471 0.803387 -0.150289 0.710420 0.166424 -0.670368 0.513088 -0.492958 -0.875240 0.904125 0.331399 -0.966947 0.641548 -0.227010 0.771153 0.505105 0.403098 0.921535 0.352325 -0.327427 -0.498870 -0.639107 -0.659605 -0.977031 -0.512795 -0.415591 -0.469071 0.087084 0.179823 -0.276053 0.167779 -0.912275 -0.746823 -0.868102 -0.352532 0.383152 -0.727972 -0.849935
0.093755 -0.437452 0.418617 0.423736 -0.120631 -0.091792 -0.675761 0.092549 0.694344 -0.090061 0.349767 0.645540 -0.870284 -0.298629 0.163463 -0.980721 0.508881 -0.124769 0.826151 -0.540369 -0.399988 0.213223 0.801854 -0.678766 0.697835 0.647905 -0.397254 -0.234924 -0.798722 0.511759 0.755928 -0.511256 0.208356 -0.123719 -0.316326 -0.106456 -0.453783 -0.403002 0.529585 -0.815754 -0.161913 -0.820200 0.781931 0.168716 0.960361 0.505122 0.878239 -0.328398 0.206166 -0.497748
-0.285839 0.543246 0.574814 0.619499 0.549747 0.179178 -0.783270 -0.102099 -0.404252 0.591947 0.583705 -0.898172 0.189886 0.989392 0.579192 0.519062 -0.373802 0.518919 -0.861749 0.730846 -0.190041 0.906344 -0.972106 0.644696 0.369028 -0.122998 0.396551 -0.212592 -0.010271 0.235084 0.131548 0.496827 0.190407 0.347661 0.290710 0.168874 -0.903439 0.565348 0.445958 -0.567258 -0.304661 0.482204 -0.539231 -0.908374 -0.330127 0.485351 -0.759100 -0.268956 0.163152 0.403898
-0.083612 -0.291228 -0.927447 0.556729 0.416940 -0.495762 0.949316 -0.338766 0.109521 0.588332 0.592690 -0.114132 -0.294252 -0.494887 0.949268 -0.923283 0.243977 0.955167 0.304872 0.583001 -0.496808 0.093215 0.953534 -0.773840 0.744528 -0.559654 0.201678 -0.504186 0.109777 -0.750526 0.547515 0.997228 -0.562335 0.330090 -0.783296 0.403618 0.301660 -0.759177 -0.341749 0.433165 0.907202 0.170884 0.491366 0.415230 0.060951 0.200709 0.877493 -0.645739 0.804155 0.458860
0.895093 0.152804 0.764916 -0.083801 -0.658199 -0.173325 0.247067 0.058919 -0.575570 0.049690 0.827801 0.662592 -0.386733 -0.157103 0.443142 -0.932486 -0.843548 -0.063906 0.111546 0.165686 -0.044798 -0.008093 0.584743 0.939963 0.625831 -0.360762 0.330530 0.387630 -0.130848 0.235678 0.434554 0.185545 0.585013 -0.004727 -0.669437 0.566239 0.804405 -0.998029 0.632079 -0.912487 -0.685865 -0.236258 -0.326694 -0.931153 0.683800 0.295914 0.183141 0.541982 -0.836482 -0.666123
-0.633769 0.768253 -0.113515 0.028161 -0.659475 0.979687 0.881325 0.703748 -0.971229 -0.598870 -0.555374 0.265552 -0.148697 0.578088 -0.256244 -0.418402 -0.344941 -0.957763 0.242503 0.908816 -0.838152 -0.768182 -0.229869 -0.847515 0.408254 -0.982348 -0.704723 0.266888 -0.525826 0.706618 -0.470557 0.766758 -0.939254 -0.861694 -0.615819 -0.668268 -0.664360 0.081644 -0.875440 -0.239288 -0.495843 0.171323 -0.806795 -0.673523 0.093209 -0.598308 0.622846 -0.909883 -0.151442 -0.190090
0.428826 0.961109 -0.297295 -0.316083 0.648800 -0.037193 -0.536257 -0.532416 0.948322 0.897951 0.975393 -0.293548 -0.782780 0.455986 0.495205 0.174828 -0.775044 -0.189609 -0.758844 0.378267 0.673096 0.066664 0.667901 -0.207799 0.945012 0.148135 -0.102707 0.415794 -0.972667 0.661017 -0.692058 -0.241145 -0.652414 -0.566361 0.398853 0.926888 -0.465163 -0.415827 0.909946 0.721397 0.827921 -0.230308 0.196162 -0.097509 0.205912 -0.536369 0.699599 -0.299424 -0.331951 -0.970819
0.625957 -0.576109 -0.758143 0.105888 -0.366804 0.324532 -0.980811 -0.841613 0.855996 -0.316450 0.790102 -0.247850 -0.729371 0.939530 0.327659 -0.701494 0.131724 0.884656 -0.840769 -0.414372 0.894808 0.232068 -0.023855 -0.970192 0.210509 -0.485750 0.420010 -0.324731 0.671923 -0.176262 -0.433411 -0.677151 -0.097411 -0.590425 0.958318 0.970928 0.077695 -0.502295 -0.607451 0.194075 -0.599182 -0.618290 -0.489164 -0.811250 -0.713381 -0.731845 -0.909495 -0.309809 0.705239 0.207520
-0.642225 0.885000 -0.184590 0.369161 0.653016 0.908737 0.824220 0.511071 -0.643965 -0.767474 0.000751 0.413806 0.755002 -0.334529 -0.520253 -0.190767 -0.723777 -0.661680 -0.755575 -0.730743 0.328912 -0.670949 -0.802201 0.948066 -0.508376 0.412577 0.285059 -0.162023 -0.049546 0.714396 0.562554 0.636792 0.063432 0.491082 0.739133 -0.668672 0.740904 -0.538835 0.558073 0.419913 -0.675685 0.426733 0.541536 0.317338 0.333308 -0.674574 -0.144294 0.187027 0.851224 0.913059
-0.549832 -0.346058 0.137032 0.841182 -0.924906 0.295902 -0.092169 -0.594848 -0.491055 -0.213676 -0.407560 0.646916 -0.600969 0.354150 -0.691618 0.952845 -0.629058 -0.854231 -0.854420 -0.966750 -0.365272 0.706218 0.338433 -0.712250 0.563584 0.400977 -0.239180 0.770409 0.850199 -0.373438 0.484549 -0.566114 -0.175066 0.898035 0.729605 0.641145 -0.857293 0.991442 -0.414054 -0.066426 -0.883062 -0.138334 -0.723865 -0.842752 0.179308 -0.560909 -0.018714 0.800775 0.529923 -0.327002
0.712051 -0.918767 0.521706 0.983217 -0.169467 -0.219070 -0.442021 -0.928392 0.017917 -0.760319 -0.004206 -0.469912 -0.095407 -0.166624 -0.825388 0.182017 0.051974 -0.969935 -0.814743 0.936604 0.712449 -0.813192 0.694699 -0.675982 -0.733951 -0.089285 0.416263 0.484004 -0.775164 0.092353 0.039915 0.936324 0.209293 0.591879 -0.041109 0.117904 -0.516236 -0.650001 0.722219 -0.600417 -0.867269 -0.497797 -0.678688 0.333431 -0.543826 0.458618 -0.314873 0.200170 -0.581172 0.420070
-0.087947 -0.044856 -0.035099 0.198504 0.846821 0.132002 0.191062 0.713477 -0.877843 -0.165804 0.157897 -0.618699 -0.937948 -0.506153 -0.820113 -0.491088 -0.499373 -0.245647 0.959574 -0.143853 -0.114763 -0.445147 0.627590 0.723028 -0.263669 -0.897779 0.524775 -0.795236 -0.465182 0.917838 0.943399 -0.162127 0.789817 0.559541 -0.715003 -0.272695 0.909600 -0.203112 -0.264049 0.131318 0.026178 0.537665 0.199078 0.066821 0.800787 0.380064 0.498030 0.201743 0.950144 0.603666
0.582047 0.172081 -0.360966 0.017491 -0.353712 -0.861181 -0.207885 0.660293 0.961925 -0.108539 -0.979274 -0.511891 0.445123 0.390326 0.336596 -0.106781 0.555729 -0.519351 0.763200 -0.945476 -0.435999 -0.871719 0.379867 -0.981236 0.609407 -0.374369 -0.021060 0.630461 0.277642 0.244868 0.650307 -0.869803 -0.886101 -0.321984 -0.392192 -0.478870 -0.708621 0.860041 -0.418709 -0.742833 -0.103649 0.535923 0.716833 0.066800 -0.290219 0.619742 0.201551 -0.234005 0.412986 -0.208169
-0.558828 0.141642 0.745290 -0.776556 0.934254 -0.225595 0.496513 0.576897 0.554994 0.400099 0.721374 -0.817159 0.190741 0.039138 0.779221 -0.912532 0.580295 -0.677842 -0.691626 0.869312 0.275919 0.479069 0.167614 -0.707168 -0.052312 -0.503555 -0.873654 -0.755581 0.059066 0.689848 0.902214 -0.861984 -0.562641 -0.018699 0.652983 -0.074176 0.831665 -0.806906 0.707672 0.298420 0.015156 0.097174 -0.553644 -0.048835 -0.825129 -0.571761 -0.549597 -0.311489 -0.729567 -0.711791
-0.353503 0.588883 0.294759 0.210156 -0.621671 -0.191224 -0.064199 0.390389 0.958321 -0.057954 0.027141 -0.683110 -0.599749 -0.053392 0.233816 0.105131 -0.237509 -0.309431 -0.190492 0.486232 -0.350338 -0.186246 0.739823 0.590798 -0.420634 -0.517193 -0.670108 -0.143544 0.051313 0.915098 -0.547481 0.205508 -0.317870 -0.810680 0.091061 -0.751292 0.340644 -0.743039 -0.456237 0.085895 -0.818405 0.213007 0.107934 -0.417668 0.560741 0.826652 -0.980406 -0.207484 -0.591967 0.213819
0.646009 0.336253 0.804305 -0.837683 0.813776 -0.157197 0.287015 -0.128261 0.579158 0.485582 0.209472 -0.739489 0.928291 -0.883778 0.445252 0.840110 0.897604 0.349799 -0.669447 0.003704 0.581259 -0.654162 -0.795534 -0.802188 -0.144994 -0.868471 0.051131 0.026439 0.340841 0.482001 -0.642398 -0.122157 0.435904 -0.647803 0.965154 0.176387 -0.400923 -0.345369 0.727179 -0.286808 0.651284 0.909673 -0.339831 -0.806171 0.476259 0.110819 0.671050 0.757270 0.022966 -0.383674
-0.334595 0.185437 0.441135 -0.611020 -0.435375 -0.116098 0.115775 -0.907989 0.825291 -0.450061 -0.225825 0.500864 0.224727 -0.027040 0.939381 0.756572 0.552476 -0.784739 -0.945725 -0.172434 -0.243052 0.048443 0.105852 -0.586254 -0.105965 -0.911964 0.493787 0.733058 0.724835 -0.681955 0.737528 0.051209 0.157254 0.959327 0.930071 0.567588 -0.415195 -0.020469 0.041142 -0.704596 0.429041 0.554904 0.889290 -0.877755 -0.143864 0.540702 -0.208731 -0.825172 -0.767908 -0.431644
0.384334 -0.742817 0.033804 -0.742920 0.444590 0.702864 -0.642483 -0.777449 -0.779651 0.122152 -0.436727 -0.954237 -0.732609 0.112776 -0.409715 -0.732449 -0.846605 -0.455093 0.543303 0.564536 -0.643169 0.997952 0.259457 0.800958 0.361337 0.258274 0.629437 -0.448462 0.133347 -0.055806 -0.770016 -0.662091 0.890041 0.877107 0.805538 0.226801 -0.775362 -0.783356 -0.282609 -0.799622 0.011772 0.126933 0.856697 -0.687600 -0.940990 0.572152 -0.979650 -0.132087 -0.119879 0.394862
-0.197912 -0.142755 -0.338248 0.700181 0.024872 -0.953859 -0.830552 0.027704 -0.009453 -0.822819 -0.530355 -0.880746 0.792490 -0.034181 -0.583727 0.497631 -0.116022 -0.133385 -0.171427 -0.074280 -0.189190 -0.423743 -0.107137 -0.485957 0.258282 0.777837 -0.448059 0.260235 0.990006 0.944054 -0.476123 -0.069359 -0.210185 0.601908 -0.007754 -0.562721 -0.137672 0.026535 0.663792 -0.349702 -0.258269 0.709393 -0.737670 -0.383606 -0.829376 -0.358748 0.898223 -0.127764 0.884633 -0.073327
0.007727 0.623450 -0.889555 0.647428 -0.605435 0.805725 -0.981803 -0.788519 0.444301 -0.573726 0.426140 -0.421956 -0.320999 0.100943 0.537938 0.161949 0.073636 0.916545 -0.668169 -0.692920 -0.716047 0.490147 0.137367 0.148739 -0.080750 0.534839 0.525583 0.583491 -0.652482 -0.146105 0.164373 0.748598 -0.520169 -0.325988 0.456073 -0.817890 -0.530743 0.458613 -0.851135 -0.657966 0.016662 0.619682 0.294651 -0.140319 0.321701 0.853424 -0.693390 0.002877 -0.535117 -0.021773
0.733934 -0.839776 0.837770 -0.323793 -0.106843 0.642904 0.143533 0.441011 -0.626244 0.851528 0.407845 -0.039520 0.973705 0.798246 0.201322 -0.997070 0.776291 0.294378 -0.058597 0.502081 0.983584 0.086757 0.767090 -0.821618 -0.018143 0.938318 -0.202869 -0.041400 -0.986085 -0.985774 0.880312 -0.008160 0.578005 0.018840 0.070224 -0.063165 -0.740725 0.248026 0.916075 -0.462587 0.773538 -0.000190 0.742915 -0.254082 -0.320200 0.326181 -0.553012 -0.312565 -0.502375 0.495976
0.913561 -0.559469 -0.869497 0.038386 0.620653 0.313707 0.556343 0.809355 -0.749472 0.378986 -0.291418 -0.785171 0.267818 -0.666703 -0.493687 -0.135923 0.272043 0.501684 -0.782749 0.741116 0.992241 -0.097667 0.067053 -0.793754 0.816256 0.834588 -0.834121 0.365643 0.803567 -0.376444 -0.258599 0.204463 -0.310117 -0.211367 0.309873 -0.093774 -0.593600 -0.372166 0.734104 -0.096488 0.725602 -0.279787 -0.500735 -0.810890 0.005375 -0.355789 0.117055 0.657760 -0.880614 0.453083
-0.181175 0.470432 -0.637861 -0.481029 -0.971302 0.189209 -0.784067 0.930736 0.975972 -0.818016 -0.758747 -0.195645 -0.137093 0.241347 0.062415 -0.140146 -0.611396 -0.913095 -0.004084 0.617925 -0.993942 -0.125022 0.506124 0.640623 -0.209597 0.919065 0.238474 -0.087336 -0.745173 -0.598827 -0.317302 0.319327 0.792395 0.734895 -0.578742 0.314329 0.508658 0.874772 0.846979 -0.726060 -0.592371 -0.991735 -0.760714 -0.155563 0.411825 -0.876562 -0.097637 -0.480689 -0.986325 0.085347
-0.013609 0.739876 0.833997 -0.350476 -0.539838 0.717737 -0.045353 0.616634 0.909691 -0.291226 0.727284 0.102795 -0.217701 0.968908 0.011733 0.559827 -0.663510 -0.844735 -0.375291 -0.071645 0.884571 -0.993041 0.341319 0.819052 0.565233 -0.743852 0.674794 -0.742685 0.149922 -0.758585 -0.812584 -0.166347 -0.016121 -0.489712 0.798796 0.379337 -0.753334 -0.494918 0.143903 0.335916 0.352174 -0.752350 -0.003986 0.914273 -0.651996 -0.358246 -0.826775 -0.526901 0.376436 -0.978746
-0.157710 -0.834767 0.018935 0.075366 0.953988 0.242660 0.113346 0.076396 0.114023 -0.941905 0.906896 0.273338 -0.400662 -0.684800 0.768031 -0.898491 0.089868 0.886594 0.532219 0.666048 -0.476679 -0.483367 0.323985 0.317850 -0.151036 -0.402095 0.993063 -0.151464 0.069929 0.973641 0.406656 0.828767 -0.900334 0.091152 0.232707 0.948631 0.961961 0.534590 0.054248 -0.604853 -0.196613 -0.993684 0.058077 -0.016155 0.848518 -0.738367 -0.143930 0.208206 0.384178 0.959928
-0.413878 -0.726345 -0.488812 -0.720470 0.005207 -0.520824 -0.417709 -0.693854 0.230214 -0.667637 -0.144375 -0.568259 0.451262 0.429630 0.248782 -0.819922 -0.834907 0.370662 -0.908479 0.706797 -0.290709 0.427414 0.837866 0.796855 -0.851668 -0.780677 -0.033420 -0.018393 0.501176 -0.218463 -0.984222 -0.465640 -0.202745 -0.722941 -0.026159 0.177525 0.917313 0.941438 0.984344 -0.777810 0.486916 -0.179376 0.207093 -0.236927 0.623955 -0.503440 -0.991374 0.555689 0.096481 0.979331
-0.969015 0.406312 -0.333785 -0.303864 -0.376937 -0.087563 -0.970179 0.847160 0.617763 -0.503049 -0.323345 -0.609937 0.408521 0.927047 -0.549641 -0.430416 0.845873 0.554209 0.076712 0.454632 -0.541996 0.654376 0.145982 -0.678936 -0.748345 0.685885 -0.929140 0.168965 -0.162686 0.050368 -0.622425 0.083269 0.585068 0.739375 -0.018553 -0.202926 0.549694 -0.646272 -0.904228 0.498377 -0.126659 0.522463 -0.586585 0.121184 0.651332 0.567879 -0.617062 0.952096 -0.115253 -0.912004
0.902457 -0.001992 0.515459 -0.195277 0.177422 -0.306184 -0.321516 -0.468358 0.483033 -0.014473 -0.094095 -0.618811 0.074098 0.099647 0.693863 0.481473 -0.094778 -0.906625 0.820362 -0.585168 0.116445 0.591460 -0.393219 -0.601091 0.818944 -0.959157 -0.678233 -0.363968 0.284668 0.744026 -0.705083 -0.455095 -0.155966 -0.073807 0.478180 -0.767015 -0.086562 0.793906 0.622973 0.846822 0.483290 0.782923 0.035619 -0.195049 -0.638085 -0.390830 -0.492449 -0.219265 0.675150 -0.693027
0.752058 0.094862 -0.400241 -0.274774 -0.016350 -0.504253 0.876051 0.585457 -0.502331 -0.126896 0.741286 -0.080296 -0.518575 -0.405535 0.086113 -0.507086 0.715343 0.122280 0.628196 0.353118 0.834318 -0.406235 0.744876 0.023864 0.979567 0.296684 -0.410487 -0.012922 -0.435502 0.783626 0.184487 0.595026 0.592954 -0.169978 0.340237 -0.660392 -0.154898 0.275493 0.086692 0.696001 -0.908324 -0.779565 0.111754 0.147651 0.095021 -0.176535 0.354881 -0.664143 -0.431077 -0.120287
-0.387344 -0.494528 0.976338 0.336616 0.400451 0.028659 -0.513811 0.004508 -0.137725 0.310077 0.676265 -0.395145 -0.602296 0.553900 0.007323 0.612262 -0.476698 0.780600 -0.863026 -0.661929 0.682475 -0.518829 -0.018508 -0.453580 0.550173 0.635950 -0.738635 0.667052 0.776470 -0.411894 -0.150700 0.152620 -0.857260 -0.859849 -0.256298 0.466037 0.684219 0.067847 -0.404860 -0.213330 0.703142 -0.947845 0.637871 0.754471 -0.714881 -0.871282 -0.078473 0.485050 0.531569 -0.419158
-0.466162 0.572725 -0.234679 0.144008 0.117907 -0.626576 -0.671610 0.875658 0.651799 -0.431042 0.876933 -0.130424 -0.314540 -0.763014 -0.967018 -0.680371 -0.344840 -0.353307 -0.288965 0.275357 0.432456 -0.158020 0.293992 0.130004 0.392548 0.401504 -0.884135 -0.524952 -0.911505 -0.670272 -0.881268 0.770681 -0.343375 0.461748 -0.779862 0.613696 0.835115 0.327006 -0.786900 -0.617386 0.203297 0.059784 0.852218 -0.483916 0.805625 0.462005 0.650680 -0.471700 0.456506 0.750228
-0.823317 -0.866749 0.732541 -0.875237 0.087385 0.946894 0.765258 0.416174 -0.748686 0.166993 0.917644 0.569595 0.946841 -0.986382 0.423775 0.255931 0.810450 0.696650 -0.610068 -0.772377 0.992141 -0.913512 0.788771 -0.022656 -0.041191 -0.905099 -0.036117 -0.816763 0.487667 0.805331 -0.748714 -0.713558 -0.571260 -0.786377 -0.307828 -0.362861 0.142367 0.798516 0.160241 0.973296 0.629118 -0.053657 -0.570113 -0.032688 -0.788897 0.733834 0.758688 0.541070 -0.733904 0.187337
0.343398 0.620171 -0.498985 0.375681 -0.137721 0.901850 -0.294999 0.231355 0.224801 -0.735078 0.689465 0.695216 -0.535863 0.597184 0.162058 0.723031 0.118786 -0.943654 -0.636024 0.013257 -0.234269 -0.227618 -0.859775 0.744604 -0.327884 -0.307353 0.831624 -0.131448 -0.407861 -0.614680 0.193576 -0.970513 -0.568752 0.586255 0.937972 0.671666 0.022513 0.847161 -0.990368 -0.707441 0.164810 0.839702 0.619817 0.163574 -0.413907 0.139195 0.699781 -0.299137 0.438312 -0.767162
-0.961347 -0.017152 -0.508653 0.673425 0.191890 -0.473651 -0.817377 -0.214211 -0.373646 0.993943 -0.520874 0.277388 -0.397883 0.388088 -0.228903 -0.318154 -0.373856 -0.105205 -0.182308 0.478488 -0.718430 0.053207 0.509788 -0.909609 -0.398267 -0.906520 0.851721 0.405986 -0.962817 0.137738 -0.905856 -0.259757 -0.364743 -0.862958 0.483821 0.544739 0.771602 -0.653608 0.836846 0.380800 0.879051 -0.831049 0.592762 0.622742 0.390238 0.255224 0.697383 -0.452793 -0.216986 -0.003746
-0.226080 -0.201188 -0.825843 0.875710 -0.004130 -0.877127 0.300850 0.155040 0.990282 0.862551 -0.835982 -0.212764 0.603100 -0.667481 0.969867 -0.977184 0.101740 0.184541 0.621014 -0.894017 0.694628 -0.429435 0.513705 -0.145652 -0.935271 -0.646066 0.477519 0.974777 -0.575510 0.272234 0.311411 -0.386472 0.983595 0.102747 -0.914301 0.998117 -0.362805 -0.517366 0.488092 -0.662167 -0.164352 -0.393856 -0.817489 0.299320 0.011436 -0.254438 0.775942 -0.945885 0.968482 -0.882151
0.224792 -0.702004 -0.472832 -0.015996 0.373625 0.216207 -0.069889 -0.739587 0.077287 -0.668323 0.320432 -0.903714 -0.549982 -0.076916 -0.422889 0.386553 0.617166 -0.809922 -0.873640 0.405847 0.220551 0.824553 -0.975021 -0.369581 0.412846 0.343456 -0.636155 0.049057 0.829715 -0.938104 -0.242728 -0.648509 -0.950936 0.170443 0.605085 -0.864356 0.509560 0.719918 0.914029 0.657091 0.060118 0.463867 0.291897 0.602363 0.426486 0.435547 -0.193007 -0.828797 0.213156 0.752773
-0.897105 0.213552 -0.126678 0.471082 0.460889 0.939986 0.328522 -0.455415 -0.062309 -0.683973 -0.079825 0.592411 0.966847 0.530490 0.153168 0.939470 0.240245 0.279104 -0.998427 0.122892 0.712093 0.804691 0.959199 -0.108962 0.884150 0.522662 0.487543 0.745437 0.913861 -0.678970 0.902321 -0.833680 -0.132176 0.396417 -0.734701 0.658043 -0.068698 -0.572809 -0.421326 -0.661835 0.223059 -0.861706 -0.827569 0.121070 0.858502 -0.639640 0.778364 0.343787 0.334245 0.871023
-0.967675 -0.898843 0.327996 0.266278 -0.993898 0.852774 -0.893386 0.801608 0.504430 -0.128404 -0.787022 0.802347 -0.238005 -0.118322 -0.700316 0.058453 -0.908237 0.038186 -0.219020 0.485749 0.867605 -0.609986 -0.107402 0.598365 0.702389 -0.328625 0.078658 0.155802 0.108192 -0.935509 -0.502044 -0.478017 -0.415412 0.227579 -0.980174 0.193807 0.088214 -0.565028 -0.319286 -0.729451 -0.456508 0.394229 -0.877003 -0.721240 0.494441 -0.814241 0.302546 -0.556685 -0.027439 0.076571
-0.884700 -0.969033 -0.715885 0.930656 -0.210265 0.500689 -0.189585 -0.236030 0.747350 0.689241 0.980908 -0.979238 0.753753 0.096682 0.124273 -0.283678 0.628267 0.934618 -0.142374 -0.316219 0.303929 -0.145037 0.801271 -0.552531 -0.334408 -0.645356 0.305234 0.291095 -0.217596 -0.629980 0.546241 0.582815 0.707367 0.814244 0.712806 -0.131030 0.249820 0.108145 -0.784211 0.359723 -0.083329 -0.494253 -0.937469 0.959921 0.115554 -0.424099 -0.234469 -0.536324 0.374288 -0.263740
-0.004227 0.258168 -0.909754 -0.258335 0.585297 0.967106 0.044723 -0.605019 -0.385820 -0.561209 -0.325909 0.075855 0.120887 -0.631403 -0.539904 -0.598091 -0.756000 0.841581 -0.445222 0.417350 0.131939 -0.895605 0.036857 -0.813308 0.173467 -0.773441 -0.191448 -0.315637 0.806912 0.920790 -0.008905 0.679386 -0.270868 -0.336375 -0.824902 -0.514550 0.473438 -0.313544 0.886354 -0.165002 -0.876287 0.863605 -0.740992 0.467498 -0.338653 -0.443039 -0.851479 -0.001726 0.631813 -0.902372
-0.942533 -0.843558 0.052873 -0.620428 -0.259906 0.210237 0.540621 0.522128 0.168391 0.140355 -0.655440 0.184037 0.662334 -0.374879 0.030570 0.924444 -0.575887 -0.025870 0.424547 0.704227 0.038887 -0.527315 -0.793130 0.880728 -0.235225 0.491221 -0.297405 -0.169007 0.353844 0.839393 -0.979827 -0.453144 -0.477702 -0.028290 -0.343399 -0.742695 0.263013 0.820160 -0.751709 0.161718 0.786384 0.804375 -0.661384 0.042058 0.897020 0.611374 0.442379 -0.820295 -0.485464 -0.899187
0.989619 0.167011 0.637266 0.277088 0.145267 0.417819 0.784123 -0.766647 0.455103 0.433310 0.865212 0.718232 -0.248349 0.385651 -0.341426 -0.196263 0.212374 -0.215867 -0.063329 -0.267677 -0.853743 0.526359 -0.986067 -0.416361 -0.898231 0.137715 0.568724 -0.420583 -0.434748 -0.292490 0.045801 -0.494560 -0.455577 -0.984576 0.706388 -0.075823 0.211466 0.892488 -0.843123 -0.495645 -0.683979 -0.243530 0.374820 0.692170 0.117544 -0.783300 -0.297417 -0.923353 0.483383 -0.210147
0.606981 -0.731297 0.300056 0.822335 -0.323390 0.151397 0.163881 -0.549187 -0.112973 0.548141 -0.556292 -0.729095 -0.780586 0.356642 -0.398637 0.962530 -0.831467 -0.729453 -0.282760 0.456352 0.853638 -0.319476 -0.591364 0.048566 -0.579923 -0.260713 -0.038601 0.786741 0.622622 0.371710 -0.749859 -0.721006 -0.366590 -0.349581 -0.199673 0.272147 -0.236099 0.504869 0.358661 -0.699332 0.841285 0.750714 -0.837187 -0.168828 -0.596746 0.909309 0.931854 -0.319602 0.825748 0.853583
-0.438122 -0.017479 0.337820 0.826600 0.518507 0.533583 -0.250575 0.505041 -0.876229 -0.363852 -0.906934 0.765994 0.840117 0.700163 0.614109 0.816513 -0.897283 -0.773488 0.235918 -0.348039 0.917096 -0.364984 -0.333009 -0.070439 0.716394 -0.402195 -0.795316 -0.135051 -0.332216 0.571958 0.761943 -0.032609 0.521129 -0.397674 -0.909327 0.073266 -0.131636 0.289593 0.529034 -0.261658 -0.650176 0.898653 -0.363512 -0.065540 -0.253417 0.993290 -0.604905 -0.001507 -0.442881 0.869678
-0.941962 0.976335 0.174418 0.813128 -0.385156 -0.145067 0.017422 -0.883265 -0.802356 -0.200892 0.063232 -0.810709 -0.516903 0.435902 0.921358 0.631154 0.891791 -0.656660 -0.215305 0.750806 -0.819125 -0.985784 0.653757 0.464130 -0.139561 0.760330 -0.264381 0.102522 0.179218 -0.326893 0.546745 -0.264138 -0.435950 -0.284107 -0.932403 0.913672 -0.779038 0.578969 -0.657296 0.125985 0.581841 -0.989527 -0.788580 -0.922705 -0.665020 -0.324478 0.330286 -0.741519 -0.815566 -0.103812
-0.008157 0.270969 -0.848465 0.931285 -0.068887 -0.161402 0.737980 0.264120 0.562302 -0.582333 0.125243 0.293321 -0.512429 -0.566254 -0.975047 0.917772 -0.012249 0.578847 -0.802548 0.156660 0.668063 0.129385 0.915538 0.300054 -0.422555 -0.227325 0.897070 0.191587 0.259219 -0.732703 0.997855 -0.566500 -0.611065 0.158527 0.011396 -0.383632 0.657480 0.765498 0.821501 0.323508 -0.594586 -0.688592 0.864529 0.263986 -0.540567 0.041344 -0.231433 0.477550 -0.788764 -0.160856
0.325595 -0.476628 0.551778 -0.593048 -0.117476 -0.912552 -0.894324 0.242826 -0.304279 -0.266476 0.431074 0.655459 0.928582 0.076400 -0.662935 0.096766 -0.907639 -0.065843 -0.916310 -0.476171 -0.434943 -0.693989 0.624397 -0.668301 -0.783384 -0.739832 0.699093 -0.016179 0.867757 0.699378 0.803523 0.071851 -0.463134 0.928473 0.351755 -0.096640 -0.037965 0.345320 0.924060 0.950065 -0.069739 0.130342 0.978212 0.839979 -0.394611 -0.348990 -0.770635 0.135485 0.240996 0.516414
-0.520726 -0.729526 -0.838392 0.695829 -0.289604 -0.224002 0.550228 0.791485 -0.694211 -0.905175 -0.333037 0.343302 -0.146726 0.372304 -0.250780 -0.504841 -0.948789 -0.190872 -0.882333 0.703079 0.553711 -0.335525 0.678835 -0.749016 0.009989 -0.853509 -0.589838 0.926693 0.389229 0.436485 0.559938 0.951594 -0.341925 0.083006 -0.656277 -0.104563 -0.953264 -0.334003 -0.638646 -0.423659 -0.951749 -0.086777 0.354477 0.876645 -0.768322 0.239182 0.612366 0.530798 -0.368228 -0.357288
0.693459 -0.849894 0.860827 0.442619 0.946327 0.760588 0.981102 -0.135975 -0.999722 -0.790749 -0.006163 -0.822332 0.035725 0.106697 0.918165 0.047226 0.645447 0.186743 -0.062268 -0.643064 0.729939 0.859924 0.836752 -0.377829 -0.602750 0.798441 -0.824693 -0.710334 -0.101923 0.670268 0.703804 -0.757725 0.734075 -0.597496 0.327731 0.077061 0.448220 -0.321967 -0.114660 0.269950 -0.341111 -0.037115 -0.170161 0.916260 -0.174591 -0.877397 0.226365 -0.405158 -0.620532 -0.510601
0.218895 0.773475 -0.087528 -0.499592 -0.500307 0.405583 -0.434310 -0.253179 0.756874 0.123188 0.641001 0.227611 0.386080 -0.445787 -0.307756 0.800272 -0.011790 -0.814782 0.267977 -0.350553 -0.705816 0.779420 -0.092729 0.380701 0.165892 -0.016963 0.609374 -0.645019 0.165801 -0.213803 -0.259050 -0.587456 0.886384 -0.529351 0.631359 -0.769817 0.301049 0.906895 0.772913 -0.724891 -0.591440 0.739915 0.348625 -0.264034 -0.770098 -0.149614 0.625096 -0.788161 -0.455891 -0.114359
-0.000183 0.840820 0.088493 -0.770771 -0.745137 -0.564022 -0.495231 0.202661 -0.610541 0.043193 -0.053354 0.283837 -0.149873 0.639765 0.655382 -0.648185 -0.535466 0.038882 -0.781135 -0.514000 -0.762304 0.557005 -0.190286 -0.204850 0.026157 -0.588412 -0.751450 0.143037 0.220073 0.179569 -0.575916 0.798758 0.785457 0.026428 -0.973477 -0.370762 0.843205 -0.236012 -0.655346 -0.083178 -0.560604 0.974156 -0.300364 0.663875 -0.488826 -0.782072 -0.501490 -0.974333 -0.507620 -0.674272
-0.898134 -0.795739 0.805481 0.242809 -0.985757 -0.354089 -0.258961 -0.823364 0.137449 0.579259 -0.339273 -0.800457 0.397229 0.606203 -0.857306 0.445928 -0.682506 0.956266 -0.846605 0.226033 -0.695941 0.432155 0.127795 -0.540021 -0.666197 0.443167 -0.087148 0.854232 -0.844682 0.764784 -0.885699 0.481573 -0.140726 0.705924 -0.072136 -0.726475 0.464661 -0.990179 -0.174771 -0.868682 -0.730456 0.256698 0.797036 -0.655309 0.492302 0.451429 -0.345607 0.271391 -0.924997 -0.487393
-0.823945 -0.966010 -0.935131 0.653917 -0.694820 -0.850595 -0.117344 0.674184 0.328836 -0.884067 -0.043047 0.453541 0.824100 0.423546 -0.148466 -0.803982 0.263047 -0.344609 -0.847547 0.527615 0.945204 -0.745197 -0.768785 0.374442 0.415967 0.076315 -0.236454 -0.335213 0.116632 0.705356 0.143346 0.375634 0.830510 0.115503 -0.457900 0.113135 0.529188 0.792171 0.000394 -0.339393 -0.427066 -0.500834 -0.570050 -0.535815 -0.846093 0.414569 -0.579242 -0.296081 -0.816706 -0.504235
-0.679825 -0.188464 -0.808777 -0.427262 0.151212 -0.237401 0.098983 -0.052119 0.542163 -0.205193 0.073580 0.472205 0.012883 0.378457 0.501842 0.921336 0.092399 -0.782346 0.434883 -0.502857 -0.490843 -0.678335 -0.142993 -0.164740 -0.843949 -0.410672 -0.436548 -0.559366 0.373465 0.252872 0.578928 -0.561056 0.011652 -0.027784 -0.665190 0.384312 0.500362 0.796173 0.009794 -0.275675 -0.198076 -0.959234 0.219321 0.838783 -0.583393 -0.339401 -0.180680 0.747745 0.576972 -0.774525
-0.904214 -0.148289 0.154608 -0.044964 0.463728 0.903284 0.611052 0.221357 -0.181475 -0.716822 -0.988582 -0.079193 -0.439444 -0.095180 0.919332 -0.043686 0.137578 -0.593556 0.779660 0.530749 -0.656561 -0.830026 0.841200 -0.341416 -0.986439 0.918710 0.668161 -0.117078 -0.618260 -0.149733 0.044714 -0.427182 0.838780 0.444831 -0.186212 -0.376666 0.137515 -0.234492 0.767785 -0.902568 -0.217181 -0.018021 -0.999522 -0.403289 -0.354760 0.811912 0.582848 0.412405 0.841485 -0.198703
0.305509 -0.119522 0.514277 0.406965 0.207384 0.434294 0.444584 0.785856 -0.591366 -0.585196 0.581759 -0.661767 0.865638 0.745795 -0.837143 0.390923 0.342542 -0.089292 0.891232 0.477302 0.611398 0.214899 0.320844 0.009765 -0.162641 -0.737930 0.710388 -0.267433 -0.978869 -0.856717 0.572190 0.570646 0.485919 -0.648753 -0.895729 0.884180 0.331369 -0.060105 0.271580 -0.440857 0.051845 0.349567 0.755010 0.684711 0.386555 0.456807 0.867090 -0.130345 0.861424 -0.900330
-0.955040 -0.506313 -0.852066 -0.660634 -0.513205 0.374659 0.058799 -0.103769 0.080361 0.420683 -0.731854 -0.240841 0.978357 -0.250651 -0.419502 -0.903820 0.666006 0.581858 -0.936629 0.775981 -0.783990 -0.449380 -0.570283 -0.337461 0.698236 -0.298197 0.514695 0.789134 0.082600 -0.829221 -0.637253 0.108619 0.870919 0.572617 -0.182099 -0.813858 -0.205565 -0.676408 -0.839157 -0.980715 0.307114 0.897952 0.001884 -0.250425 -0.974276 -0.370856 -0.156881 0.822656 0.704851 0.145728
-0.647298 0.570398 -0.000633 0.901965 0.046795 -0.608488 -0.976642 0.909131 -0.785477 -0.653286 -0.721130 -0.042599 0.475431 0.255489 0.523670 0.417148 -0.061831 0.742199 0.991521 -0.575288 -0.053192 0.267217 -0.190257 -0.154698 0.170881 -0.270463 -0.863588 -0.679595 0.591005 0.570215 0.478247 0.047639 -0.584632 -0.068431 0.182510 -0.082456 -0.292224 -0.697561 0.509576 -0.171717 0.671665 -0.383324 -0.707993 -0.448896 0.544006 -0.023198 0.703842 -0.317345 0.086843 -0.200265
-0.705279 0.497684 -0.572124 0.243513 -0.520667 0.250184 0.219838 -0.361230 -0.967842 -0.038643 0.338268 -0.143206 0.396881 -0.287909 -0.618432 0.474055 0.530163 -0.022420 -0.013568 -0.276196 0.246114 0.058548 0.444341 0.137436 -0.737150 -0.089572 -0.509424 -0.126449 0.588932 0.844269 0.620114 -0.773808 -0.701365 -0.089055 0.628973 0.844402 0.709110 -0.728277 0.112782 0.202093 -0.313310 0.380216 0.056157 -0.095171 0.945585 -0.934905 0.446740 -0.654754 0.321526 0.421625
-0.287955 0.173201 0.713265 -0.396298 -0.305800 0.035788 0.632666 0.191093 0.791000 0.579433 -0.618224 -0.313199 0.331900 0.185833 0.839167 0.660030 0.563731 -0.158861 -0.876195 0.860104 0.104739 0.341192 -0.740863 0.570615 0.202280 -0.609318 -0.064595 -0.056487 -0.306896 -0.053487 -0.731060 -0.479447 0.881751 -0.727033 -0.500181 -0.848048 -0.194275 0.066399 0.143627 0.658833 0.745222 -0.281886 -0.081705 -0.120798 0.091289 0.076324 -0.055546 0.630753 -0.937029 -0.496436
-0.074884 -0.102413 0.659049 -0.595728 0.438214 -0.199544 -0.901264 -0.541597 0.161385 0.240222 -0.627046 0.421431 -0.575973 -0.388300 0.173875 0.042581 0.368054 0.375198 0.259985 -0.357927 -0.380235 0.343135 0.464689 0.047054 0.358158 0.097239 -0.622947 0.472049 0.972900 -0.885498 0.910993 -0.128552 0.310926 0.041006 -0.043616 0.176641 -0.306195 -0.845451 -0.465794 -0.586803 0.031954 -0.669177 -0.310583 -0.904100 0.217813 0.557536 0.253892 0.567150 0.255046 -0.153430
0.174769 -0.630471 -0.643778 -0.212742 -0.809820 -0.059743 0.422055 -0.114763 -0.171700 -0.611331 0.143315 0.567556 0.790296 -0.298819 -0.776753 0.462542 -0.927790 0.623431 0.851703 -0.982529 -0.359124 -0.062251 -0.047496 -0.688638 -0.548031 -0.914662 0.798292 0.789414 0.520869 0.748401 0.296843 -0.496756 -0.444689 -0.034676 -0.394203 0.233704 0.398289 -0.509503 0.779717 -0.247072 -0.775888 0.705447 -0.841586 -0.913823 0.321242 0.242796 -0.213805 0.243159 -0.517852 -0.101409
0.272346 0.339945 -0.816279 0.481843 0.115887 0.869057 -0.538576 -0.682775 0.050366 -0.095195 -0.801783 -0.141848 -0.353306 0.953381 -0.543763 0.694889 -0.654786 0.747296 -0.564439 0.201693 -0.696207 0.241143 0.605350 -0.931320 0.127793 0.632982 0.561038 0.704621 -0.864269 -0.308665 0.601817 0.761308 0.304103 0.370896 -0.684332 0.336490 0.149152 0.951521 -0.592728 -0.644050 0.461218 -0.933552 -0.011751 -0.063704 -0.329455 -0.340567 0.119705 -0.378553 -0.563329 0.054335
0.062577 -0.426108 -0.828685 -0.222323 -0.556528 0.289430 0.493757 0.067909 0.223513 -0.587777 -0.926130 -0.253581 0.910024 0.643953 0.458044 0.477860 0.563364 -0.900431 -0.817204 -0.750990 0.218830 0.563259 0.003501 -0.820379 -0.632018 -0.706792 -0.636460 0.177530 -0.809836 -0.292910 0.143434 -0.076700 0.323728 0.166897 -0.830645 0.426769 -0.948291 0.211216 0.064549 -0.289880 -0.717930 0.949654 0.475752 0.503405 0.566238 0.867883 -0.614465 -0.477298 -0.772616 0.946610
0.357939 0.324555 -0.801665 -0.871413 -0.597523 -0.471900 -0.983705 -0.813580 -0.562164 0.980435 -0.914009 -0.738500 -0.330318 -0.312061 -0.130740 -0.209223 -0.892906 -0.034189 0.996820 -0.672221 -0.964171 0.163685 0.037810 -0.280818 -0.610761 0.084037 -0.742564 0.559108 -0.045113 0.306931 -0.922507 0.759689 -0.623071 -0.723221 -0.531323 0.554255 -0.846761 -0.341006 0.383307 0.790927 -0.471944 -0.040304 0.930287 0.082257 0.670881 -0.176213 0.288060 -0.777147 0.934402 -0.279946
0.064429 -0.647887 -0.980174 -0.938436 0.061956 0.079986 0.255746 0.567836 -0.599744 -0.546889 -0.643642 0.292794 -0.599718 0.568581 -0.173806 0.720948 0.197556 -0.127595 -0.904150 0.042768 -0.898081 0.672722 0.162544 0.720437 -0.063541 0.458701 0.636918 0.761548 0.054914 0.103374 -0.638186 0.520847 -0.266510 -0.074910 -0.078599 0.890325 0.816277 -0.976064 -0.825895 -0.124766 -0.858686 -0.369238 0.742365 0.733162 -0.878979 -0.707926 -0.275509 -0.161166 0.593913 -0.930424
-0.301887 0.831442 0.907675 -0.718367 0.210123 0.382260 -0.998570 -0.778328 -0.279859 -0.594030 0.541292 0.688486 -0.202237 -0.445136 -0.798420 0.784368 -0.985895 0.482227 0.958035 -0.806429 -0.576652 -0.796904 0.420063 0.030388 0.195316 0.342702 -0.515558 -0.071880 -0.853101 0.943320 -0.393390 -0.071691 0.419711 -0.721987 -0.810533 -0.781781 0.031541 0.469856 0.036705 0.495044 -0.441040 -0.497756 0.292468 -0.496710 0.942452 -0.855609 0.681871 -0.633800 0.080469 0.925831
-0.249001 0.635046 -0.793676 0.038895 -0.928882 0.654346 -0.927376 0.414171 -0.382724 0.817888 0.761300 -0.318977 -0.925962 0.700812 -0.769785 -0.590490 -0.300773 -0.065442 -0.476375 0.329086 -0.030308 0.821211 -0.715061 -0.794819 0.165523 0.502168 -0.296139 0.124312 0.967088 0.845736 -0.215301 0.708918 -0.955227 -0.453030 0.013287 -0.457483 -0.645891 0.236956 -0.774878 -0.667014 -0.124424 0.293132 0.368914 -0.666407 0.409277 0.323270 0.275592 -0.184590 -0.146094 -0.255772
-0.487620 0.664344 -0.139661 -0.601828 0.370350 0.367501 0.212423 0.916540 0.812652 -0.486103 -0.586849 -0.732860 0.455928 0.565899 -0.781378 0.558006 -0.841995 -0.087826 -0.711867 -0.680804 0.937772 0.657179 0.353386 0.044840 -0.790736 0.821092 0.973543 -0.588294 -0.927892 -0.703197 0.043269 -0.835806 0.762798 0.211685 0.799941 0.260966 0.355310 0.374235 0.469013 -0.253585 0.300700 -0.628844 0.861079 0.269707 0.502294 0.624203 0.559078 0.062914 -0.099938 0.585129
0.702921 -0.984683 0.596846 0.071130 0.903246 -0.780946 -0.633033 -0.807809 0.016540 0.281342 0.168589 0.334509 -0.405272 -0.899752 -0.728249 0.970172 0.266573 0.891473 -0.728235 -0.834615 -0.902668 -0.075268 -0.306966 -0.835674 0.334999 -0.701125 -0.328667 0.991193 0.761580 -0.449932 -0.248336 0.821991 -0.699569 -0.630923 -0.949046 -0.049981 -0.265557 0.316388 0.583580 0.420303 -0.081216 -0.713755 -0.413548 -0.124612 0.358065 -0.966640 0.506114 0.912851 0.216805 -0.815276
-0.669514 -0.188876 -0.982379 -0.336033 0.845731 0.745310 -0.243453 -0.895502 0.966037 -0.728002 -0.944448 -0.245587 0.524840 0.462702 -0.878765 0.761573 -0.109039 -0.623272 0.916116 -0.379441 -0.098466 0.256157 0.048681 0.785660 0.337893 -0.224418 -0.710260 0.403118 0.742124 -0.588831 0.959790 0.900313 0.915956 0.730582 -0.750671 -0.136199 0.533944 0.401955 0.410484 0.706077 -0.928303 -0.584644 -0.365022 -0.245827 0.298102 0.845581 -0.247167 0.619109 -0.054270 0.540031
0.478665 -0.278999 0.591949 0.765377 -0.500985 0.698535 -0.833254 0.036996 -0.535353 0.209194 0.216521 0.758369 0.468793 -0.722604 -0.570938 0.964036 -0.890458 -0.136461 0.856124 0.293705 -0.596875 -0.318023 0.941122 -0.710765 0.928062 -0.642357 0.774553 -0.921172 -0.800134 -0.845952 0.900266 0.554630 0.348424 0.126429 -0.738772 -0.658576 -0.930736 0.259247 -0.110067 0.261755 0.031896 -0.911420 0.284966 0.306549 0.478094 -0.970178 -0.933681 0.912570 -0.246491 0.024494
-0.658595 -0.968604 0.358500 -0.806236 0.537717 0.986940 0.154516 -0.499570 -0.404435 -0.374822 -0.974275 0.482474 -0.242254 -0.696137 -0.740016 -0.589296 0.519495 -0.248240 -0.002388 -0.607596 -0.637785 0.240231 0.766482 0.662934 -0.974003 -0.151856 -0.010091 -0.280640 -0.579130 -0.622952 0.516762 -0.415016 0.829510 -0.638409 0.076818 0.664171 -0.656279 0.492085 -0.891307 -0.774109 -0.403502 0.191597 -0.785193 -0.640151 -0.332078 -0.884377 -0.453026 -0.548101 0.088331 -0.557196
0.942949 0.480384 -0.831988 -0.182558 -0.850205 0.136627 -0.772000 -0.821347 -0.242729 0.551863 0.295134 -0.149818 -0.082386 0.777812 0.733993 -0.193838 0.080222 -0.934151 -0.810454 -0.864342 0.088784 0.688772 0.886184 0.738874 0.355145 -0.871899 -0.307013 -0.072247 0.684960 -0.509164 0.733513 -0.580854 0.818974 0.769742 0.805938 -0.086723 0.414135 -0.884661 -0.136645 0.519247 -0.279622 -0.141194 0.902918 0.976833 0.099266 -0.667494 0.854783 0.342928 0.169535 -0.203376
0.829334 -0.850070 0.006167 -0.282815 0.527648 -0.699378 0.446318 0.555481 -0.348251 0.388969 0.743599 -0.325201 -0.774404 -0.833144 0.692946 0.114042 -0.277675 0.316119 0.059783 -0.789754 0.830580 0.299683 0.171838 0.717104 -0.424296 0.947635 -0.619580 0.533985 -0.602137 -0.670569 0.093603 0.047712 -0.367802 -0.369603 0.236859 -0.376662 0.797177 0.493060 -0.289589 0.370387 -0.114877 -0.306053 -0.188588 -0.319627 0.277994 0.094340 0.686208 -0.232130 0.126359 -0.208493
-0.385512 -0.853550 -0.662331 0.404878 -0.239013 0.433397 -0.644356 0.639385 0.205696 -0.950493 0.162337 -0.035245 -0.410058 -0.892739 0.567613 -0.001657 0.129298 -0.270123 -0.448185 -0.661174 -0.470407 -0.100046 0.964728 -0.392513 0.128095 0.285116 -0.209772 -0.151583 -0.403737 0.465453 0.871366 -0.397889 0.843296 -0.374402 -0.415893 0.458026 0.261363 0.795790 -0.467493 0.054273 -0.718619 0.753339 -0.521186 -0.154149 0.831115 0.681122 0.730678 0.820861 0.973680 -0.062902
-0.366907 0.535487 0.182264 -0.061962 0.388383 0.873051 -0.718898 -0.363364 0.112282 -0.884038 0.891857 0.928852 -0.231421 -0.913902 0.476896 0.489492 -0.153391 -0.340979 -0.153839 -0.413430 0.926690 0.839403 0.619018 -0.825225 -0.187778 -0.883538 -0.020683 -0.151026 -0.738251 -0.734504 -0.453602 0.420119 -0.966841 -0.333833 -0.538029 -0.605975 -0.646789 -0.980659 -0.550138 -0.156995 0.084335 0.519329 -0.207778 0.898103 -0.385665 -0.444964 0.263532 -0.554216 -0.963387 -0.107298
0.991361 -0.945300 0.380223 0.147725 -0.801378 0.771772 0.367361 0.528828 0.155063 0.913893 0.479786 -0.878836 0.082286 0.033384 0.899185 0.105369 0.742496 -0.522566 0.084618 0.080177 -0.267201 -0.287317 -0.261243 -0.798843 0.948433 0.111665 -0.175657 0.466548 -0.318965 -0.480601 -0.847112 -0.663086 -0.525698 -0.383955 0.020994 -0.902318 -0.149456 -0.833469 0.092738 -0.105500 -0.417785 -0.148471 -0.082115 -0.038957 -0.989554 0.282071 0.571439 0.776928 0.951905 0.586542
0.117345 0.330703 0.836866 -0.516125 0.140966 -0.181010 -0.474724 0.643769 0.326214 -0.536724 -0.013928 -0.981107 -0.320444 0.526451 -0.436163 0.784865 0.322713 -0.715661 -0.657397 -0.916970 0.955579 0.595276 -0.814561 -0.764181 -0.124516 -0.941947 0.013995 0.770204 0.678145 0.549001 -0.709394 0.300188 0.049921 -0.343221 -0.051333 -0.256514 0.525531 -0.191726 -0.864255 -0.467008 -0.129090 0.535852 -0.346276 0.200296 0.165493 0.302561 -0.572681 0.775405 -0.336812 0.033425
0.888075 -0.286446 0.730169 -0.586272 -0.209669 -0.055606 -0.828624 -0.328946 0.857736 -0.283364 -0.272826 -0.985893 0.376261 0.683097 -0.370816 -0.621021 -0.447539 -0.044862 0.881039 -0.675302 -0.607245 0.098732 -0.752638 0.443040 0.270660 0.381917 -0.351771 0.085945 -0.668465 0.794323 0.233932 0.435869 -0.061536 0.030730 0.047689 -0.644711 -0.113733 -0.614024 -0.005724 0.197613 0.481895 -0.905085 0.693353 -0.862341 -0.181052 -0.097046 0.248002 -0.760940 -0.389590 0.043067
-0.978939 -0.198412 0.035484 0.547700 -0.010922 0.729384 -0.909431 0.611668 0.145966 0.494375 0.371156 -0.214936 0.878191 -0.614936 0.841488 0.845029 0.414383 -0.480770 -0.420680 0.684879 -0.963706 -0.390827 -0.858306 0.610754 0.586662 0.503270 0.354123 0.823515 0.847978 -0.036722 -0.632594 -0.243780 0.823345 0.916194 0.030580 -0.664015 0.904615 0.315969 -0.382002 0.998691 -0.004341 -0.215747 0.974280 0.908133 0.237547 -0.360006 -0.124874 -0.297786 0.437538 0.070746
0.674059 -0.381538 0.358235 -0.513833 0.622379 -0.448579 -0.251724 0.423011 -0.704481 0.549998 -0.185287 0.454932 0.468670 0.902158 0.116972 0.261277 0.335773 -0.690832 0.439623 -0.839364 0.634725 0.319968 -0.511083 -0.718878 0.100850 0.837885 -0.330599 -0.662590 -0.354254 -0.044604 -0.960634 0.406020 -0.565534 0.723730 0.516685 -0.020099 0.399142 0.202930 0.073788 0.171923 -0.970911 -0.405744 0.104253 -0.178414 -0.041842 -0.264703 -0.071545 0.712730 0.712294 0.365692
-0.308454 -0.107932 -0.881574 -0.053108 0.837377 0.628723 0.144986 -0.321673 -0.992689 0.578937 0.031057 -0.458566 0.949803 -0.106929 0.309927 0.436651 0.888677 0.267979 -0.567920 -0.812719 -0.593462 0.082221 0.634411 0.857306 0.655435 0.695848 0.894629 -0.627939 0.834638 -0.580406 -0.122134 -0.171531 0.632641 0.506686 0.697311 -0.419907 0.057050 -0.944863 0.354980 0.867870 0.795832 -0.497716 -0.911748 0.075834 -0.101904 -0.793092 0.933778 0.258673 -0.291855 -0.968506
-0.874983 -0.485988 0.178389 -0.027093 0.197948 -0.754539 0.987880 -0.273976 0.441727 0.377190 0.236258 -0.619000 -0.376781 0.675251 -0.821983 0.680895 -0.527446 -0.387643 -0.290082 0.607594 -0.547575 -0.098913 0.034161 -0.004163 -0.735919 -0.048150 -0.980840 0.085970 -0.028702 0.638794 0.942449 -0.223872 -0.937545 -0.089423 0.598020 0.756915 0.281911 -0.513577 0.702490 -0.341629 0.511655 0.483625 0.638590 0.068073 0.288873 0.076318 -0.939351 -0.739398 0.381315 -0.872606
-0.473335 -0.258010 0.444147 0.914100 0.528227 0.765870 0.996996 -0.110454 -0.240623 -0.081736 0.479637 -0.386785 0.235382 0.325441 -0.738263 -0.021925 0.611127 -0.472174 0.297723 -0.368824 0.222396 -0.647454 -0.980731 0.173747 0.774561 -0.139681 0.282560 0.153096 0.809883 0.368062 -0.578577 -0.734882 -0.151713 0.145753 0.818156 -0.217977 0.176820 0.007257 0.879262 -0.551200 0.565530 -0.075411 -0.797858 0.888311 0.954120 0.225328 0.530648 -0.235117 0.776220 0.653844
0.690860 0.767265 0.945487 0.290258 0.001947 0.996751 0.156689 0.658173 -0.864793 -0.588857 -0.473989 -0.665486 -0.247246 -0.675199 -0.172300 0.488144 -0.713240 -0.094405 0.263013 0.196263 0.948047 -0.885344 0.055224 -0.589131 0.066933 0.937095 0.549854 0.664246 0.798387 -0.433661 -0.010918 0.655535 0.781739 -0.951168 0.609659 0.303848 0.418476 -0.065613 0.023214 -0.317995 0.279972 -0.540372 -0.944795 0.074115 -0.625550 -0.158352 0.162201 -0.282369 0.369668 0.506883
0.395639 0.334192 0.298582 -0.355093 0.830144 -0.764328 -0.405479 -0.888212 -0.932120 0.328841 0.820646 -0.385305 -0.514441 0.359721 -0.542877 -0.147360 0.628842 -0.089924 0.871326 -0.448382 0.367768 0.526033 -0.225065 0.041159 0.056702 0.263488 0.546763 0.149408 -0.013567 -0.388016 0.542361 0.382463 0.041353 0.391682 -0.563878 0.112995 0.524869 0.288856 -0.610328 -0.701727 0.759169 -0.253281 -0.379004 0.329391 -0.557570 -0.359326 0.089293 0.478416 -0.248885 -0.886943
0.729259 -0.155016 0.803442 -0.866081 -0.985315 -0.878030 -0.422660 0.026254 0.474742 0.856041 0.666130 0.309526 0.627991 -0.761257 -0.371980 0.445088 -0.358360 -0.207561 0.984306 -0.980499 0.724017 0.445511 0.959979 -0.625000 0.371163 0.557012 -0.578142 0.670616 0.933491 0.448075 -0.120356 0.710590 0.811340 -0.553842 0.433623 -0.600978 -0.259109 0.177942 -0.715129 0.447423 0.210751 -0.270821 -0.309164 0.606963 0.087806 0.922444 0.554548 -0.043769 -0.704021 -0.688346
0.054590 -0.480301 0.573544 -0.256344 0.357724 0.672542 0.319883 -0.278280 0.588744 0.863967 0.691884 -0.099792 0.981348 -0.152821 -0.703864 -0.026711 0.015380 -0.855302 -0.358443 -0.140606 0.294807 0.045330 -0.412479 -0.005323 -0.653889 0.486111 0.916611 0.477834 -0.537712 0.331424 0.731389 -0.998136 0.770970 0.108661 0.864957 -0.141031 0.039141 -0.847630 0.035149 0.679985 0.501913 -0.639565 -0.433962 -0.652963 -0.764513 -0.256673 -0.120720 -0.227662 -0.337960 -0.207697
0.558802 -0.701538 -0.510411 0.153761 0.511205 0.765037 -0.682657 0.778366 -0.465019 0.529078 -0.557952 -0.576495 -0.801125 -0.941074 0.850222 -0.226793 -0.037755 -0.155029 0.575290 0.664596 -0.628929 0.233448 -0.743602 -0.486371 0.743958 -0.922309 0.651873 0.390604 0.626234 0.890023 0.355065 -0.734734 -0.847911 0.821635 -0.324358 -0.874720 -0.831049 0.212636 -0.634036 -0.233508 -0.704547 0.093461 -0.950161 0.700590 -0.257956 -0.137764 0.266732 0.137301 -0.534103 -0.191010
-0.131303 0.305125 0.071633 0.272819 -0.000696 0.926047 0.475336 -0.203115 0.588544 -0.596478 0.987066 0.940549 0.328379 -0.902001 -0.351373 -0.906599 0.760318 0.922472 -0.149157 -0.492438 0.425545 -0.133838 0.279485 0.171886 -0.011664 0.558282 0.990453 0.537354 0.835875 0.227552 -0.449844 -0.144536 0.724548 -0.644160 -0.344932 -0.811806 0.372576 -0.977860 0.931088 -0.582919 0.057114 0.398743 0.431222 0.652649 -0.587089 -0.244522 -0.851670 0.107580 0.574244 -0.768298
-0.150235 0.497982 -0.168794 -0.490170 -0.577886 -0.862598 -0.481975 -0.023084 0.181637 -0.633934 -0.050523 0.722905 -0.807034 -0.458214 -0.685396 -0.220503 0.204732 -0.991068 -0.078370 0.148054 -0.865095 0.298406 -0.248023 0.400732 0.971271 0.976437 -0.518123 -0.607672 0.302784 0.794573 0.439054 -0.606540 0.152600 -0.928244 0.128846 0.505893 0.311897 0.728467 -0.189174 -0.711446 -0.042127 0.143080 -0.082399 -0.879776 0.883905 -0.409486 0.448226 -0.886724 0.561765 -0.884303
-0.436644 0.782445 0.498219 -0.305520 0.494899 -0.011104 0.809669 -0.668525 0.356699 -0.927922 0.451225 -0.372084 0.231929 -0.083399 -0.203959 0.042753 -0.362642 0.630575 0.226695 0.846033 -0.536235 0.490136 0.534957 -0.064877 0.452940 0.904401 -0.313421 0.983376 0.870636 -0.379585 0.310915 -0.900343 -0.527500 -0.250884 -0.873857 0.220805 0.610744 0.001018 0.202876 0.392200 0.670072 -0.760120 -0.278514 0.460004 0.809015 -0.663732 0.146429 -0.382739 -0.485006 0.614626
-0.118519 -0.295115 -0.155816 -0.307662 0.338854 0.228516 0.100446 -0.441404 -0.262101 -0.275252 -0.103445 -0.627404 0.358400 -0.822339 -0.432342 0.286569 0.131421 -0.957096 -0.775887 -0.634638 0.726006 0.940149 0.891247 0.098333 -0.375952 0.184661 -0.104910 -0.493744 0.601817 -0.262353 -0.532943 0.463244 -0.369742 -0.140601 0.519155 0.315978 -0.888839 -0.652690 0.841435 0.082363 -0.671523 0.966209 0.387372 -0.798342 -0.051006 0.532333 0.247940 -0.172937 -0.821817 -0.408004
-0.079908 0.093404 0.110760 0.341154 0.095668 0.154793 0.811687 0.008802 -0.386219 -0.783349 -0.583128 -0.963263 -0.076888 -0.592522 0.211666 -0.071215 -0.554709 -0.998717 0.682030 0.739730 -0.573345 0.875075 0.749159 0.912291 -0.507305 0.961147 0.917943 0.796757 0.351521 0.700208 -0.171310 0.401230 -0.166116 -0.742897 -0.932664 0.855771 0.565496 -0.566662 -0.550148 0.262062 -0.989014 0.225671 -0.425058 -0.264031 0.922761 -0.103783 0.748992 -0.420586 -0.013784 0.303289

Bias v0 (Oculta):
-0.200216
-0.778388
0.655626
-0.395768
0.010645
0.867048
-0.625684
-0.483395
0.919393
-0.852181
-0.867360
-0.130144
0.717998
0.298397
0.821537
-0.359103
-0.680999
0.109466
0.001395
0.996760
-0.151174
-0.356564
-0.172378
-0.397247
0.437506
-0.517305
0.168971
-0.682281
-0.053127
-0.612280
-0.061636
-0.593051
0.310680
-0.061871
0.147637
0.076434
0.475429
-0.485720
-0.374086
-0.339198
-0.619229
0.779820
0.304751
-0.937284
0.159986
0.912904
-0.877008
-0.822478
0.776838
0.359203

Pesos w (Oculta -> Saída):
0.392866 -0.614297 0.910543 0.815277 0.300085 0.134928 0.890874 0.057901 -0.209661 0.568621 0.629331 -0.150101 -0.372849 0.645587 -0.268493 -0.451755 0.641908 -0.987490 0.982507 0.719897 0.236837 0.556594 0.734086 0.327965 -0.940059 -0.914676
0.108308 0.697839 -0.842947 0.092690 -0.885788 -0.166986 0.966115 0.234560 0.044580 -0.294746 0.449425 0.923066 -0.122697 -0.598025 0.037772 -0.599974 0.395376 0.038889 -0.738920 0.304225 -0.997463 0.184226 -0.796484 0.320291 -0.670581 -0.446487
0.194651 -0.044594 0.727634 0.511495 0.121197 0.394044 -0.686843 0.828086 0.618179 -0.274296 -0.553738 -0.137554 0.170576 0.102253 0.000987 0.455157 -0.064431 0.515910 -0.786564 0.093048 -0.060094 0.482878 -0.115035 0.543503 0.882815 0.087936
-0.692665 -0.560252 -0.505958 -0.894595 -0.755772 0.765639 0.584350 0.526299 0.717399 -0.697532 -0.973975 -0.385755 0.586465 0.373649 -0.776612 0.314120 0.843064 -0.061477 0.837708 0.449677 -0.696408 0.340913 -0.795339 -0.405566 -0.241878 0.367987
0.474508 -0.993030 0.673419 0.939512 0.572069 -0.398096 -0.268576 0.312317 -0.741006 0.122433 0.117425 0.271713 -0.155887 0.233905 -0.442154 0.321364 0.181247 0.537035 0.343425 0.394442 -0.747115 -0.015142 0.971016 -0.848700 0.760881 0.273163
-0.048454 -0.609940 -0.706011 0.530005 -0.195121 0.073689 -0.568665 0.882288 -0.987838 0.348597 -0.799540 0.618460 -0.755131 -0.215857 0.126319 0.747531 0.892197 0.298532 -0.979656 0.667632 0.476518 -0.483690 0.985408 -0.655019 -0.881269 -0.821790
0.785404 -0.067620 0.762635 -0.954918 0.913589 -0.148361 -0.327838 0.025395 0.161965 0.404453 -0.721002 -0.294745 -0.216048 -0.275397 0.116285 0.539421 0.739605 -0.331937 -0.560601 -0.344786 -0.562415 -0.112493 -0.578974 0.157641 0.199161 0.998561
-0.894142 -0.928668 -0.486521 0.678940 -0.379990 0.277309 -0.190740 0.860497 -0.900607 0.899446 0.137169 -0.068172 -0.051852 -0.286922 0.858608 -0.673940 0.520279 0.459609 -0.185250 0.432954 -0.717361 -0.175775 -0.101680 0.530922 0.542870 0.055177
-0.330727 -0.947973 -0.944208 0.320388 -0.723557 -0.097173 0.488501 0.992295 0.699271 -0.119611 -0.046318 0.862915 -0.431641 -0.393786 -0.444828 0.041342 0.697425 0.721483 0.252344 0.204338 0.625660 0.042641 0.014797 -0.853274 -0.636712 -0.947251
-0.150994 -0.090058 0.354298 -0.975617 0.193862 0.995780 0.549235 0.683434 -0.150977 -0.109798 -0.458445 0.539916 -0.715407 -0.448470 -0.278619 -0.224865 -0.802559 -0.433351 0.531319 -0.122774 -0.556976 0.385128 -0.450774 -0.964066 0.908416 -0.886432
-0.947463 0.727003 0.812410 -0.663639 -0.103924 -0.849493 -0.026549 0.400061 -0.999396 -0.560813 -0.835563 0.039215 -0.674220 -0.801488 0.847539 -0.857363 -0.111994 -0.146465 0.432780 -0.858054 -0.551832 0.822551 0.041804 0.872964 -0.569992 -0.159525
-0.180138 0.617045 -0.633130 -0.928617 -0.033244 0.458350 0.364204 -0.340234 -0.328328 -0.755858 0.901693 0.845612 -0.476875 0.331277 0.814070 0.356419 0.597622 -0.901899 -0.642723 0.740342 0.504008 0.088615 -0.031327 -0.208447 -0.655627 -0.123607
0.051835 -0.239317 0.896419 -0.265340 -0.298218 -0.949708 0.131816 -0.879580 0.597277 0.499938 -0.336824 -0.526966 0.789477 -0.567687 0.801954 0.367622 0.630535 0.172728 0.378676 0.503135 -0.628760 0.682954 -0.502009 0.100611 0.846077 0.353481
-0.722668 -0.452510 -0.607126 -0.235033 0.700056 0.358170 -0.507602 0.432174 0.569510 0.354270 -0.347914 0.730523 0.232501 -0.786301 -0.347714 0.301521 -0.590732 0.376383 -0.063024 -0.938482 0.929129 0.987670 0.290587 0.988307 -0.098177 0.542647
0.619614 -0.082519 0.021560 -0.720544 0.342678 -0.293015 -0.089324 -0.043298 0.010539 0.541475 0.408225 0.460693 -0.983785 0.341903 0.036676 0.775022 0.681682 0.921127 -0.180198 -0.576273 0.237627 -0.261425 -0.734344 -0.923937 -0.299059 0.154409
0.773500 -0.625455 0.283662 0.278311 0.447088 0.712855 -0.932217 -0.832521 0.121308 0.044057 0.064522 -0.280144 0.831666 0.282487 0.511842 -0.168198 -0.368030 -0.432704 0.531327 0.450014 0.375573 0.276743 0.206256 0.901251 0.948419 -0.453708
0.043897 -0.439550 -0.355145 -0.721900 -0.705839 -0.049115 -0.931290 -0.702220 0.902136 0.587717 -0.554927 0.765814 -0.795816 0.078216 -0.996878 0.424257 -0.391322 0.758003 -0.517219 -0.602085 -0.430487 0.715201 -0.142184 0.416493 0.834709 0.370450
-0.808889 -0.621086 -0.295274 -0.577829 -0.399210 -0.058158 -0.516529 0.341314 0.634427 -0.485265 -0.458937 0.570428 -0.845755 -0.099253 -0.553628 0.575045 0.356265 -0.363499 -0.020540 0.193641 -0.152549 -0.833851 -0.346782 0.712739 0.199591 0.909039
0.071927 -0.738439 0.901180 -0.330082 -0.859440 -0.708279 0.288041 0.365602 -0.748501 -0.428783 0.630467 -0.862873 0.257275 -0.516101 0.801026 -0.811512 0.601472 0.575355 0.244155 0.002693 0.673995 -0.109424 -0.356862 -0.789829 0.458221 -0.330629
-0.726404 0.425902 -0.378339 -0.871056 0.826078 -0.075510 0.589173 -0.929981 0.957568 -0.573280 0.274678 -0.079805 -0.692589 -0.016894 -0.449188 0.150044 -0.838238 0.739395 0.516913 0.428472 -0.996376 0.420752 0.216836 -0.674507 0.123312 -0.092363
-0.016704 0.310220 0.051662 -0.032061 -0.119819 0.236647 -0.575797 -0.730135 -0.955059 0.368235 0.914563 0.599251 0.464959 0.286929 0.554109 -0.361814 -0.614211 -0.264790 0.812546 -0.758562 -0.754834 0.266425 -0.254842 -0.470129 -0.384713 0.280198
0.319897 0.208020 0.596081 0.451252 -0.278720 -0.098037 -0.386451 -0.558566 -0.188146 -0.758134 0.902817 -0.861670 0.351749 0.913975 -0.349057 -0.475720 0.296237 0.261252 -0.506295 -0.510317 0.361681 0.615702 0.959046 0.121585 0.553118 -0.644718
0.907378 -0.876196 0.469249 0.847039 0.782053 -0.418844 0.243525 -0.412272 0.887408 0.188954 0.606297 0.063970 0.930755 0.479046 0.220369 -0.943028 0.119238 0.952365 0.954514 0.496289 0.436962 -0.341145 0.525501 0.947421 -0.369919 -0.373730
0.189536 -0.342009 -0.325610 0.098103 0.991555 -0.216368 0.173038 0.036531 -0.928216 -0.555769 0.431057 0.097361 -0.166854 0.175396 0.303429 0.440582 -0.518153 -0.208094 -0.288099 -0.737115 -0.966184 -0.750293 -0.730778 0.290000 -0.320621 -0.691199
0.180656 0.337501 -0.469763 -0.499522 -0.518315 -0.337136 -0.167094 0.271162 0.935577 -0.258892 -0.406097 0.079781 -0.047156 0.940676 -0.441351 0.700312 -0.459976 -0.974387 -0.263105 -0.766511 -0.104932 0.001299 0.082802 0.899571 0.517648 0.368190
0.738563 -0.967991 -0.757057 -0.237959 0.560302 -0.870055 -0.659726 -0.992878 0.257247 -0.288296 0.197753 -0.758201 0.107698 -0.076409 0.122953 0.809737 -0.015950 0.804299 -0.450120 -0.538191 0.996611 -0.682800 0.446664 0.063226 -0.442851 -0.052376
0.836178 0.539914 -0.012012 0.089398 0.662594 -0.633210 -0.989303 -0.173453 0.598479 0.718219 -0.952907 0.774860 -0.056375 0.236989 0.215196 0.819960 0.536371 -0.676448 0.832135 0.322442 0.088479 0.864217 -0.517300 0.004293 0.557371 0.630165
0.997719 -0.095225 -0.717739 0.218995 -0.986353 0.549048 -0.217544 -0.309034 -0.744978 0.186978 0.833298 -0.242238 0.083581 -0.595444 0.579744 -0.696253 -0.444195 0.522481 0.619591 0.656075 0.084083 0.600583 0.140091 -0.042486 0.245822 0.580078
0.727530 -0.905552 0.994119 0.383022 -0.683971 0.926392 -0.063815 0.689591 -0.598902 0.094813 0.649556 0.897403 -0.577622 0.577555 0.615871 -0.703592 -0.365624 0.849126 -0.210177 -0.719975 -0.708684 -0.161562 0.855567 0.932597 -0.769824 -0.407063
-0.881458 0.384581 0.100681 0.899521 0.111224 -0.167424 0.139150 0.001302 0.465419 0.245792 -0.020930 0.249219 -0.353310 -0.017333 0.505432 0.946824 0.986914 0.245344 0.600723 -0.021297 -0.777279 -0.076010 0.290390 -0.769682 0.276301 -0.647604
-0.728397 0.850712 0.568080 -0.342133 0.293145 0.081219 0.482686 0.175689 -0.947064 0.288768 -0.700626 -0.859548 0.428502 0.790622 -0.623112 0.704355 -0.706894 -0.806537 -0.247903 0.542619 -0.829423 -0.623355 0.280004 -0.417750 -0.977336 -0.636337
0.021555 0.501730 0.780046 -0.418218 0.985612 -0.871105 0.027224 -0.296882 0.504529 -0.043894 0.474369 -0.741185 0.856656 0.499242 0.724433 0.857239 -0.775645 0.129483 -0.117500 0.111285 0.838637 -0.186808 0.494223 0.470190 -0.515006 0.855970
-0.008848 0.613902 0.710393 0.562986 -0.895031 -0.039314 -0.427971 0.648214 -0.059647 -0.462627 -0.748941 0.529543 0.262995 0.154224 -0.632322 0.025937 0.268547 0.229069 -0.045008 -0.928379 -0.244039 0.126505 -0.509796 -0.247686 0.977702 -0.933260
0.241038 0.839990 -0.569872 0.529095 -0.520363 0.932990 0.630819 0.809147 -0.563324 -0.247443 -0.302005 -0.421717 -0.892118 -0.254445 0.514175 -0.962522 -0.151813 0.761873 -0.019598 -0.962449 -0.149820 0.556979 -0.932759 -0.082918 -0.333548 -0.566879
0.675247 0.314587 -0.062806 -0.074000 0.475259 0.427043 -0.792071 -0.116180 0.624236 0.619664 -0.898377 0.060092 -0.508844 -0.616453 0.278528 0.887780 0.713278 0.578113 -0.263383 0.729321 0.738987 -0.552228 0.144253 -0.686348 -0.219231 -0.811643
0.318829 -0.586298 0.168779 -0.206410 -0.331362 0.757289 -0.390081 0.878741 0.015905 -0.477864 -0.138788 0.925722 0.968502 0.899257 -0.474882 -0.225757 -0.385079 -0.980420 -0.831637 0.693295 0.692885 0.000578 -0.260811 0.006861 0.205232 -0.455036
0.808418 -0.198589 -0.872718 0.805335 -0.863452 0.529710 0.480962 -0.644919 0.204481 -0.619776 -0.653814 -0.930975 -0.821152 -0.222205 -0.664044 0.554749 0.728022 -0.384286 -0.650690 0.165699 0.439193 -0.103611 -0.914511 -0.646196 0.414221 -0.500404
-0.702440 -0.566077 0.533405 -0.090360 -0.294349 0.211525 -0.574893 -0.159241 -0.443092 0.269116 -0.710536 0.995605 -0.282070 -0.519942 -0.279122 -0.746028 -0.499904 -0.470145 0.128624 -0.339637 0.323876 0.730024 0.202236 -0.351760 0.603034 -0.589799
0.631536 0.129282 -0.472972 0.613739 -0.290916 0.360747 -0.514706 -0.021085 -0.476443 0.967837 -0.592373 0.991307 -0.749979 -0.879673 0.413081 0.988846 0.230594 -0.101238 0.092250 -0.565136 -0.267282 0.840213 -0.788830 -0.854167 0.378461 -0.874608
-0.439420 0.219936 -0.676077 -0.111248 0.410050 0.312498 0.022450 -0.282170 0.005781 -0.048023 0.100610 -0.940705 0.398557 -0.839875 0.784432 -0.248495 0.589190 -0.342291 -0.972595 0.779248 -0.333928 -0.796492 0.255728 0.601256 -0.288937 -0.807358
-0.284434 -0.140208 -0.053199 0.329287 0.494365 -0.702254 0.523905 -0.566550 0.403626 -0.860826 -0.807928 -0.488604 -0.739132 -0.143034 0.287065 -0.953519 -0.240227 0.920839 0.616466 -0.163477 -0.641744 -0.194317 -0.054032 -0.951814 -0.822411 -0.575707
0.250060 -0.397585 -0.067708 0.741093 0.339228 0.189790 0.388917 0.925106 0.312663 0.476073 -0.282480 -0.697960 0.276411 0.080532 -0.803284 0.541831 -0.404537 -0.952847 -0.657215 0.321320 0.456407 -0.561017 -0.261262 -0.026234 0.412602 0.761371
0.176853 -0.889281 0.414980 0.514005 -0.246997 0.127947 0.753361 -0.293120 -0.854319 0.811703 -0.810976 0.017486 0.961023 0.142535 0.656643 -0.540457 -0.636765 0.995717 -0.725969 0.944040 -0.239128 0.760363 -0.080655 0.825233 -0.392689 0.175568
0.005666 0.395471 -0.610113 0.702751 -0.399878 -0.164200 -0.620383 0.046470 -0.044675 0.925049 -0.533003 0.026378 -0.629721 -0.515799 0.813303 0.919831 0.166990 0.598885 0.946586 -0.445490 0.332736 -0.136469 0.199054 0.488378 -0.492465 0.629565
0.302767 0.931771 -0.884895 0.098722 0.503702 0.048555 -0.415427 0.819812 0.749866 0.595012 0.182622 -0.972075 -0.154836 -0.343383 0.713897 0.138634 0.355211 0.940319 0.870004 -0.705286 0.012172 -0.120970 -0.107899 0.229522 0.182278 0.895436
0.084943 -0.221695 -0.332129 0.530223 -0.826265 -0.445035 -0.179262 -0.306954 -0.113941 0.971457 0.085349 0.970790 -0.328005 0.885917 0.551597 0.712110 -0.182867 -0.725764 0.029168 0.417289 -0.546354 -0.196598 -0.019903 -0.060983 -0.348139 -0.270409
0.661437 0.139633 0.638744 -0.322739 0.763624 0.500886 -0.468659 -0.586430 -0.462704 -0.653466 -0.265386 -0.196049 0.511381 0.920923 0.113129 0.020226 0.286519 0.054583 0.563937 0.800155 -0.283502 -0.862608 -0.207648 -0.983557 0.752794 -0.623703
0.993489 0.352412 0.769371 -0.465899 0.600433 -0.032604 0.377665 0.057305 0.745397 0.975202 -0.114999 0.642026 0.746773 0.479351 -0.415495 0.157357 -0.393092 -0.395363 0.614552 -0.747710 -0.213897 -0.096872 -0.100872 0.308311 0.712421 0.381534
0.010793 0.097970 0.899876 0.454002 -0.071423 -0.522026 0.341592 -0.677258 -0.578563 -0.502823 0.456054 0.236764 0.025711 0.484081 0.162027 0.540733 0.288121 -0.795488 0.983633 0.705253 0.816878 -0.131918 0.311953 0.169443 0.681763 -0.448093
0.162997 -0.249846 -0.833509 -0.764909 -0.353532 0.038581 -0.717651 0.549211 -0.850681 -0.044139 0.806154 0.688791 -0.676364 0.290261 0.143236 -0.881821 -0.549622 -0.231815 0.777190 0.182468 0.906061 -0.155485 0.764858 0.962257 -0.017621 -0.776288

Bias w0 (Saída):
0.137845
0.776370
0.276968
-0.184622
0.931433
0.261759
0.391696
-0.582359
0.241273
0.044159
-0.112358
-0.997070
-0.404129
0.024083
-0.217175
-0.613293
-0.165128
0.978407
-0.415272
-0.801001
-0.435547
0.549807
0.380188
-0.244674
-0.089464
-0.800496
