Pesos v (Entrada -> Oculta):
-0.370318 0.024969 -0.886432 -0.216476 0.742815 0.322736 -0.122985 -0.157126 0.367021 -0.555443 -0.367112 0.007182 0.002394 -0.528689 0.546590
0.343310 -0.912914 0.677549 0.519652 -0.675127 0.450048 0.060707 -0.529005 -0.541327 -0.468830 -0.804989 1.051165 -0.474531 -0.480764 0.748690
-0.573948 -0.011662 -0.698398 0.037028 0.705498 -0.285122 0.133265 0.164551 0.721010 0.335968 0.596536 0.205640 0.420206 -0.376500 0.786238
-0.875978 0.462301 -0.486201 -0.486685 -0.377311 -0.974754 -0.670647 -0.622606 -0.952944 -0.168778 -0.613533 -0.309780 0.253030 0.555946 -0.781467
-0.689561 0.419227 -0.410875 -0.261452 0.438235 -0.624317 0.770643 0.560245 -0.672630 -0.084400 -0.673919 -0.082816 0.975731 0.813682 0.736178
0.953341 0.039541 -0.217311 -0.313844 -0.353109 -1.257086 0.452005 -0.184122 0.070108 0.777975 -0.563949 -0.549545 -0.687758 0.535479 -0.350255
0.330973 0.436459 0.865460 -0.320451 0.948613 -1.097867 0.116590 0.637317 0.713427 -0.534667 0.768083 0.808491 -0.565615 0.910291 1.113885
-0.408648 0.260252 -0.447722 -1.268108 0.110245 -1.301883 -0.535659 0.406109 0.204182 1.117339 -0.545406 -0.641108 -0.457483 0.286346 0.740154
0.322084 0.024421 0.909615 -0.582296 -0.545128 -0.097251 0.423106 -0.486672 -0.326482 0.213643 -0.215931 0.284513 -0.442290 -0.313059 -0.186816
-0.311997 -0.182653 -0.323292 0.451056 -0.656000 -0.425890 0.900340 0.961019 -0.085712 -0.083923 0.016420 -0.977545 -0.205043 0.101775 -0.924316
0.102040 0.650954 -1.000937 -0.590441 -0.972577 0.341973 0.193328 -0.564684 -0.180480 -0.160172 -0.209599 0.028252 -0.640722 0.478723 -0.519139
0.792372 -0.934158 -0.331108 0.034249 -0.721952 -0.660245 0.568554 0.289762 0.019055 0.594675 0.249454 -0.396186 -0.720613 -0.735150 -0.070675
0.001357 0.398189 0.586850 -0.125998 0.551091 0.638494 0.826878 0.422036 0.803294 -0.836020 0.300200 -0.710032 0.089505 -0.107230 -0.377131
0.779151 -0.567921 0.220492 -0.117312 -0.036555 0.577999 1.074521 -0.353526 0.515565 0.650615 0.414924 0.436930 0.435999 -0.723741 -1.007022
-0.681373 0.131758 -0.893048 -0.986568 -0.104804 -0.378216 0.590876 -0.714884 -0.007856 -0.232830 -0.041132 0.730821 0.869447 -0.577834 -0.746705
-0.601806 0.346472 0.048058 -0.677628 0.308181 -0.037767 0.357174 -0.403748 -0.835392 -0.594868 0.831529 -0.932604 -0.936559 -0.332915 -0.709654
-0.584223 0.209442 0.977442 -0.565028 0.984505 -0.116640 0.176514 -0.900548 -0.580989 0.569171 -0.409424 0.057789 0.420937 -0.608603 -0.445660
0.638938 -0.062659 -0.220356 0.676717 -0.758793 -1.027942 -1.059819 0.792522 -0.365279 0.128215 0.075487 0.709780 0.350605 1.017967 0.484463
-0.693846 0.719382 -0.669953 -0.008896 0.874785 -1.458295 -1.419053 0.668902 -0.867886 1.479895 0.015177 0.149468 -0.604221 0.556217 -0.087891
-0.789186 0.640615 -0.970143 -0.044051 0.027037 0.445626 0.283470 0.114592 -0.181849 0.764942 -1.029335 0.470750 -0.073688 0.136280 -0.095692
-0.409269 -0.291073 -0.541614 0.171201 -0.450465 0.188691 -0.222121 -0.808854 -0.171408 -0.401825 -0.734753 -0.761811 0.048501 0.525220 -1.180443
-0.331934 -0.219194 0.208354 -0.618538 0.544034 0.478575 -0.178015 0.551865 0.040985 0.150269 -0.065154 -0.086375 0.426462 -0.803582 -0.310201
0.290110 0.504328 -0.886597 0.378485 -0.550571 0.687746 -0.097329 0.248821 -0.550085 -0.998575 0.430897 -0.653059 -0.920998 -0.547480 0.476224
-0.773544 -0.331385 -0.161029 0.059479 -0.008182 0.036032 0.803823 0.146331 0.500655 -0.449407 -0.438148 -0.090776 0.946251 -0.111530 -0.778439
-0.416510 0.095320 0.000131 0.223517 -0.080036 0.830383 -0.701587 0.597771 0.679390 0.608690 0.339423 -0.477731 0.980503 0.813310 0.278874
0.507230 -0.117428 0.380165 -0.540485 0.166993 0.721543 0.763267 -0.835277 -0.083342 0.289712 0.435451 -0.921167 -0.618010 -0.140330 -0.594886
-0.185624 -0.641829 0.817165 0.521193 0.955722 0.697904 -0.523942 0.652699 -0.520553 0.672035 -0.706390 0.029504 -0.004013 -0.476222 0.762058
-0.421175 0.447178 -0.623974 0.961865 -0.740866 -0.183683 -0.658918 -1.117843 0.097820 -0.197303 0.838387 -0.316965 0.097954 -0.379027 0.700331
-0.700701 0.972889 0.787879 -0.934249 -0.611854 -0.756280 0.846081 0.746036 0.644003 0.376485 -0.541956 0.730832 1.015410 0.074211 -0.088313
0.905677 0.383521 -0.545300 -0.127792 0.062179 -0.746719 0.378768 -0.648770 0.986770 0.517994 -0.900675 -0.450334 -0.656694 -0.459072 0.872099
0.077968 0.421049 0.236513 0.868567 -0.056958 -1.487560 -0.144572 0.538634 -0.161897 -0.095330 -0.382341 1.007836 -0.259890 0.513186 0.906316
0.492447 1.026582 0.902967 -0.343493 1.002219 0.732479 0.182010 0.117961 -0.035842 1.397557 0.443739 -0.159273 0.934137 -0.098347 -0.070733
1.093445 0.368407 0.135271 -0.642718 0.207465 0.102111 1.030367 -0.969264 0.461993 0.153489 -0.825621 0.283608 -0.075545 -0.126230 0.388943
1.026771 0.589712 -0.419162 0.987457 0.123324 -0.590496 0.603244 -0.285700 0.206136 -0.506850 -0.253150 -0.396116 -0.715429 -0.256491 0.299047
-0.227324 0.872695 0.004650 0.319994 -0.990633 0.795523 0.141191 0.379344 -0.711251 0.780782 0.103661 0.719558 0.943951 0.862473 -0.019071
-0.698284 -0.992994 -0.641205 -0.139008 0.410015 -0.327740 -0.435629 -0.514265 0.464861 -0.161622 -0.684271 -0.022121 0.460074 0.206240 0.368519
0.196327 -0.342209 -0.634608 0.497620 -0.296454 0.515659 0.298638 0.583995 0.795079 -0.669177 -0.423877 0.722489 0.377130 -0.118650 0.016321
-0.193072 -0.766618 0.825259 -0.146672 -0.146265 0.826854 -0.766791 0.307037 0.412128 -0.401584 -0.082248 0.607717 0.194737 -0.217569 -0.804744
0.789933 0.932204 0.540015 0.602276 0.883300 0.975519 0.067670 -0.126904 0.163484 -0.144742 -0.377944 -0.385283 0.064855 -0.543691 -0.256873
0.629205 0.706173 -0.659594 -0.806495 0.781309 0.803067 -0.921424 -0.709473 -0.233229 -0.053097 0.709127 0.630096 0.561121 1.152397 -0.153331
-0.177225 0.402446 -0.922187 -0.538857 0.358600 -0.188829 -0.032677 0.421691 0.190467 -0.341458 -0.384665 -0.512735 0.037126 0.427215 -0.088738
0.544535 -1.100924 -0.891146 1.114212 -0.876137 0.729131 0.377367 1.130355 -0.699657 -0.025344 -0.635280 -0.434992 0.502943 -0.385483 -0.759419
0.292333 -0.226949 -0.207428 -0.136377 0.129789 0.950714 -0.117135 0.504343 0.861241 0.557135 -0.273122 -0.774576 -0.924187 -0.707101 0.128140
0.387707 0.140030 -0.469433 -1.181368 0.116994 -0.848539 0.710030 0.376075 0.175686 0.404918 0.930843 0.073816 -0.320941 0.210616 0.047921
0.047406 -0.359633 0.777141 0.776958 1.924008 -0.510243 0.572868 -1.002980 0.705048 1.206734 -0.587193 0.659898 -0.758218 0.972392 0.386206
-0.763568 1.003706 0.100168 -0.655660 -0.063993 0.409261 -0.151228 -0.409105 -0.660427 1.075020 0.371945 -0.142612 0.937750 0.579620 -0.079842
-0.215313 -0.205073 -0.123110 -0.359189 0.457264 -0.577532 0.623803 0.851506 -0.399428 0.442638 -0.552274 0.806082 0.561939 -0.602472 -0.213020
-0.246687 0.572387 0.628670 0.101665 -0.255241 -0.086484 0.649462 0.343887 -0.736408 -0.411807 0.105286 -0.060366 -0.971915 0.312804 0.886034
-0.406446 0.664854 -0.584988 0.698280 -0.112420 0.702085 -0.730749 0.757273 -0.519667 0.303526 0.071766 0.328875 -0.896255 0.630132 -0.603692
0.711440 -0.837243 -0.714342 -0.871991 0.902793 -0.523453 -0.067482 0.624640 0.776843 -0.502770 -0.242529 -0.561010 0.888885 0.505394 -0.589432
0.856288 -0.648869 -0.022539 -0.201441 -0.062763 -0.385493 -0.491706 0.054283 0.279183 0.056643 -0.828178 0.612344 0.382067 -0.019436 0.609882
-0.016437 0.082986 0.477480 -1.120526 -0.586846 -0.405627 0.585314 -0.458457 -0.758864 0.121439 -0.042313 0.704476 -0.044257 0.654791 -0.774605
1.002840 -0.715051 -0.704371 0.261429 -1.337765 0.616927 0.505754 0.792236 0.407053 -0.498386 0.596011 -0.696519 -0.763784 -0.153439 -0.344555
-0.444774 -1.151068 -0.433517 0.248105 -0.931417 0.951316 1.356472 0.940548 0.901228 -0.742091 0.391552 0.008942 0.106538 -1.043680 -0.807600
-0.373122 -0.440500 0.510809 0.049068 0.383918 -0.073740 0.587952 -0.801298 0.578797 0.678544 0.923819 -0.354399 -0.853576 -0.075936 -0.577522
0.024818 0.402988 -0.620043 0.082023 0.914147 0.472914 0.439418 -0.547308 0.259870 -0.276706 -0.749110 -0.169581 0.022523 -0.462507 -0.507842
0.214763 0.668932 0.468408 0.315055 0.830074 -0.531638 0.668327 -0.909941 -0.027345 0.990173 0.088286 -0.597550 -0.244052 -0.293172 -0.772225
0.310976 0.484028 -0.872703 0.552954 1.024168 -0.232129 0.339559 0.872917 0.453064 -0.098999 0.384283 -0.508810 0.632630 1.220535 0.440176
-0.738961 -0.288211 -0.020760 0.533054 -0.225078 0.150408 -0.231987 -0.214414 0.983084 -0.771044 -0.280118 -0.235654 0.729658 -0.460339 0.609035
-0.230272 0.347919 0.108253 -0.968342 -0.339823 -0.610120 0.431871 -0.238422 0.768430 0.380863 -1.078975 0.893520 -0.151195 0.417539 0.280680
-0.274826 0.899951 0.738778 0.997711 0.496170 -0.110422 -0.122801 0.662642 0.560454 0.639461 -0.645540 0.976480 -0.360352 0.666405 -0.908467
0.953287 0.198694 0.576792 -0.401344 -0.323791 0.416647 0.550686 0.869659 -0.376201 -0.584689 0.311374 0.377649 -0.500143 0.164523 0.220176
-0.226076 0.524919 -0.600550 0.525376 -0.627611 0.597236 -0.772327 0.497089 0.208572 0.624595 0.864033 -0.710370 -0.346511 0.200975 0.860755
0.229678 -0.334335 0.600138 0.140954 0.812176 0.152368 -0.289991 0.149665 0.735138 -0.652966 0.809028 -0.065623 1.059719 -1.014585 0.430646
-0.215092 -0.287513 0.585108 -0.281396 0.112805 0.397351 -0.684346 0.421809 -0.050351 -0.876134 0.517179 -0.696184 0.671254 -0.549109 0.837016
-0.204041 -0.428894 0.371652 1.113752 -0.280858 -0.059005 0.154279 0.508013 0.650280 -0.341661 0.762291 0.577072 0.354334 -1.105470 -1.350762
-0.481389 -0.114528 -0.914189 0.996427 -0.930504 -0.507055 -0.939169 0.096597 0.742478 0.012894 0.428175 -0.506149 0.927652 -0.090488 0.837580
-0.155477 0.106594 0.972743 -0.396765 0.498702 0.046298 -0.802933 -0.981918 -0.712226 -0.805357 0.307571 -0.898755 -0.440181 -0.197288 -0.271695
-0.137271 -0.537031 -0.412516 0.103814 -0.239743 0.402871 -1.369583 0.709472 -0.755292 -0.183108 -0.895715 -0.045584 -0.991370 0.307772 0.114738
-0.246141 -0.146573 0.311191 -0.474564 -0.159462 -0.300256 0.606851 -0.654537 0.071430 -0.128495 -1.100977 0.974517 0.886170 -0.445766 -0.137724
-0.615824 0.562217 -0.528120 -0.260004 0.408711 0.263054 0.485483 0.729559 0.354957 0.050023 -0.806128 0.756609 -0.997725 -0.053744 -0.857859
-0.725033 0.634163 -0.006976 -0.487432 0.153208 -0.393909 -0.694348 0.482407 -0.636578 -0.662549 -0.767983 -0.865033 -0.916641 0.261870 0.939619
-1.024258 0.571164 0.858560 -0.107623 -0.817980 0.440129 -0.165101 -0.343995 -0.477149 -0.136641 0.739772 -0.193793 0.564553 0.007080 -0.139229
-0.992607 -0.605256 0.852789 1.005855 0.745957 -0.695542 0.233601 -0.861297 -0.116269 0.715510 0.705809 0.848151 0.459989 0.107647 -0.621336
0.180287 -0.468213 -0.324472 0.404949 0.312387 -0.943071 0.215330 -0.692995 -0.579288 -0.048838 -0.643083 0.641740 -0.299428 0.577860 -1.096702
0.569595 -1.123668 -0.604517 0.080801 0.291398 0.033407 0.637510 -0.749079 0.832508 -1.453477 0.099681 -0.611088 1.079023 -0.462396 0.845231
-0.841220 -0.167841 -0.382020 -0.034618 0.404348 0.869045 0.254461 0.450872 0.595896 -1.054814 -0.532529 0.423671 0.655404 -0.924820 -0.796019
-0.665614 -1.054654 -0.176984 -0.434583 -0.547539 -0.921931 0.616876 0.183056 0.067523 0.971935 0.363332 0.017685 0.529928 -0.644530 -0.710536
0.851266 0.513509 0.618378 -0.257089 0.585234 0.528750 0.703698 0.332074 0.461999 -0.015823 -0.705112 -0.090714 0.161451 0.216672 0.353386
0.798682 0.801463 -0.848510 0.451712 -0.196835 -0.050307 0.342202 0.318817 -0.244054 -0.402040 0.185546 -0.310473 0.526243 0.496539 -0.298121
1.313395 0.376792 0.833280 -0.840757 1.000912 -0.083679 0.609200 0.369271 0.780956 -0.498617 -0.376832 -0.578882 -0.911319 0.439027 0.134318
-0.764149 1.108588 -0.275791 -0.187805 0.913636 0.393389 -0.442495 -0.834858 -0.919102 0.877378 0.253222 0.053439 0.498703 0.163234 -0.471735
-0.934141 0.746218 -0.850620 -0.689134 0.109838 0.595558 -0.668008 0.038176 0.419065 0.296000 0.219977 -0.261635 -0.467590 -0.686451 -0.700350
0.300260 -0.273764 -0.689519 0.322815 -0.234981 0.056480 -1.075535 -0.293579 0.568579 -0.223646 -0.372934 -0.753735 -0.822779 0.927089 -0.189617
0.674133 0.783802 -0.554417 -0.746595 0.165847 -0.668607 -0.936030 0.390860 0.734508 -0.667677 0.860468 -0.339347 -0.451153 0.062203 -0.696135
0.450941 -0.684638 -0.123087 -0.691869 0.603538 0.932955 0.412721 0.223634 0.044086 -1.135558 0.017940 0.588142 -0.468819 0.523996 -0.495479
0.740734 -0.575238 -0.178436 0.819285 -0.388242 0.115957 0.662048 -0.305699 -0.781682 -1.442811 -0.169989 -0.083777 -0.683608 0.587682 0.229142
-0.632135 -0.294367 0.192085 -0.738484 0.474185 0.477600 -1.099850 -1.013378 -0.612641 0.027700 -1.033118 -0.583245 0.871226 0.241031 -0.842862
0.042928 -0.761275 0.892091 0.773666 0.462445 -0.424568 0.303088 1.023838 -0.330492 0.747122 -0.466876 -0.213608 -0.373446 -0.626865 -0.084966
-0.851407 -0.886727 -0.476209 -0.673895 -0.403646 0.249769 0.613105 0.231380 0.582958 -0.966556 0.829210 0.951335 -0.574184 -0.383770 0.460465
0.501622 0.546169 0.164600 -0.376013 0.835978 -0.594716 0.053755 -0.436407 0.531742 0.358567 0.709240 0.847556 -0.554650 0.267199 -0.501147
0.144460 -0.000747 -0.491576 -0.894056 -0.213526 -0.607088 0.296790 -0.470624 -0.692276 0.720669 0.738759 -0.830282 1.102976 0.564216 0.873091
0.208770 0.023480 -0.029369 -0.676915 -0.330023 0.795543 0.367782 -0.792674 0.983779 0.294220 0.350015 -0.630394 0.413761 0.447799 -0.566669
0.384726 0.434187 -0.955435 0.876184 1.263361 -0.056697 -0.549612 -0.034150 -0.023795 0.153104 0.322498 0.921769 -0.007491 0.792971 -0.294786
-0.875892 0.584158 -0.881986 -0.612374 0.462216 1.028758 -0.971368 0.957635 0.510023 0.502565 0.083212 -0.167725 -0.876649 -0.818193 -0.090808
-0.706698 -0.548674 -0.711299 -0.293883 0.576639 -0.386687 -1.050166 -0.413173 0.962035 0.242610 -0.116398 0.045535 0.934393 1.001182 0.085413
0.736260 -0.615662 0.068938 -0.177360 0.242038 -0.576321 0.404825 -0.749348 -0.258133 -0.349071 -0.771200 0.439055 0.193442 0.128198 0.639461
0.103822 0.069538 -0.682692 -0.189771 -0.131174 0.980477 0.629026 0.673958 0.486548 -0.371417 0.733772 0.859031 -0.063710 -0.513777 -0.212175
0.187349 0.140218 -0.295442 -0.620803 -0.510640 -0.484833 0.089821 1.010661 0.056050 0.242126 0.911763 -0.102248 -1.047446 -0.367339 -0.397487
-0.694795 -0.238264 -0.918783 -0.035443 -0.048637 0.355435 -0.770497 0.448661 -0.657829 0.922342 -0.404001 0.739024 0.272577 -0.569574 1.139904
0.300842 0.295826 0.082662 -0.507805 -0.265829 -0.671688 -0.369274 0.273096 -0.598998 0.355727 0.510285 0.197882 0.054476 -0.863583 0.756018
-0.549372 -0.484107 -0.488867 0.151787 -0.025557 0.312134 0.396240 0.719069 0.634190 -0.157358 -0.466585 -0.583864 0.259596 1.358192 -0.174257
-0.300881 0.478648 0.076915 0.112259 0.205874 0.242188 -0.198083 -0.147352 -0.583064 0.608604 0.712819 0.040304 1.015699 -0.999040 -0.516753
-0.072984 -0.263711 -0.195886 -0.922334 -0.248070 -0.827706 -0.278603 -0.475468 -0.633324 0.320281 -0.374193 0.267052 0.272902 -0.241867 0.296960
-0.423544 -0.492934 0.406332 0.837530 0.359765 0.060654 -0.258641 -0.570308 -0.501508 -0.472771 -0.344374 0.585109 -0.492869 -0.242442 -0.218049
-0.805813 -0.572954 -0.307303 0.671720 0.315990 0.539782 -0.096804 -0.410760 -0.939440 -1.073972 -0.080763 0.494548 0.449294 -0.752193 0.149983
0.341336 0.945807 0.137636 0.457861 -0.302794 -0.461530 -0.140067 0.301750 -0.709512 0.849624 -0.567400 -0.238323 -0.032886 -0.772870 0.286023
-0.511995 -0.392065 0.357127 0.555673 -0.600745 -0.500072 -0.392272 -0.600314 -0.080823 -0.329839 -1.032822 -0.099657 0.538083 0.165316 1.070878
-0.104127 0.461498 0.260557 0.177721 -1.126818 0.530444 0.186974 -0.129727 0.922293 0.396958 -0.674907 -0.384247 -0.820591 0.676528 0.914616
-0.514146 -0.831411 -0.736243 0.950192 -0.304143 0.342888 0.527133 0.849211 -0.089713 -0.468490 0.625095 0.538978 -0.496925 -0.341139 -0.710195
-0.593657 -0.682541 -0.124693 -0.520133 0.456608 0.277355 0.276915 0.605397 -0.069824 -0.351684 0.572132 0.768950 1.070838 -0.751284 0.737487
-0.683314 0.341224 0.014125 -0.355452 0.390783 0.466416 -0.912965 0.810452 0.721377 0.647850 0.150670 -0.057519 -0.565128 -0.034189 0.030654
-0.630505 -0.526646 -0.398172 0.852611 1.121111 -0.593588 -0.162784 0.310094 -0.826032 0.311595 0.222034 -1.034230 -0.094144 1.061216 -0.012985
-0.725704 -0.736078 -1.067816 -0.972463 0.238952 0.110225 0.077632 -0.884061 0.954261 0.046934 -0.425654 0.389550 0.599480 -0.027100 -0.255616
-0.874155 0.075260 0.311372 -0.571849 -0.566991 -1.070063 0.581836 -0.707072 0.627965 0.937440 0.075125 -1.271136 0.453791 -0.111237 0.590801
0.489053 0.655801 -0.947492 -0.823062 -0.973024 -0.362394 0.177304 0.225570 0.229962 -0.505958 -1.187489 -0.006620 -0.787626 -0.321994 -0.769319
-0.254371 -0.740200 0.439951 -0.518700 -0.583873 1.181645 1.249918 0.194749 -0.876379 0.765087 -0.167368 -0.241027 -0.164985 -0.573577 0.065867
-0.290866 -0.812846 0.691373 -0.470355 -0.408051 -0.599444 -0.610103 0.180258 -0.563251 -0.560215 -0.901399 -0.301586 -0.859709 -0.585817 -0.928928
-0.133401 0.246160 0.463939 0.677965 -0.424015 0.897573 -0.737235 -0.907094 -0.469554 -0.790380 0.782067 -0.649277 -0.961788 0.223838 -0.544000
0.147939 0.194575 -0.754477 0.472291 0.108591 -0.956152 -0.782852 -0.581390 0.776252 0.789271 -0.003141 0.016283 0.614086 0.672180 1.000311

Bias v0 (Oculta):
0.657284
-0.352645
-0.007375
-0.541836
-0.364897
0.295331
-0.761458
-0.297352
0.275428
-0.065654
0.723697
0.196535
-0.776144
-0.582078
-0.173036

Pesos w (Oculta -> Sa獮a):
1.223196 -1.584739
1.678459 -1.619635
0.117074 0.428391
-1.132332 1.095982
1.937768 -1.949310
-2.358872 2.462682
-2.556052 2.590277
-0.683228 0.566561
-0.300967 0.615166
2.311395 -2.369364
-0.980277 0.766035
0.888175 -0.749915
-0.804393 0.812623
2.467439 -2.433056
1.400361 -1.243184

Bias w0 (Sa獮a):
-0.566117
0.207293
