Pesos v (Entrada -> Oculta):
0.159230 -0.091600 0.142038 0.446930 -0.082850 -0.201076 -0.917790 -0.482081 -0.370299 -0.080331 -0.031309 -0.468958 -0.911184 -0.748008 -0.581700 0.480875 0.623984 0.261792 0.061186 -0.917307 0.855949 0.617726 0.062332 0.201694 0.405577 0.912442 0.226611 0.368151 -0.020875 -0.496244 -0.553833 -0.955449 -0.300079 0.969925 0.822399 -0.485705 -0.836997 0.305767 -0.670736 0.893279 0.637268 -0.248317 0.310182 -0.790508 -0.015612 -0.369345 -0.357412 -0.886711 -0.465088 -0.216273
0.386546 0.332268 -0.487318 0.841179 0.451673 -0.873737 -0.021693 -0.703370 0.240750 -0.411902 -0.274330 -0.997444 -0.174265 -0.113925 -0.123513 0.599970 -0.848041 -0.390844 0.273603 0.732890 0.199699 0.698118 -0.100231 0.352165 0.677130 0.139156 0.700585 -0.441857 -0.147062 -0.466080 0.965821 0.063050 -0.653994 -0.603728 0.454168 0.632308 -0.696818 -0.568209 -0.866266 0.062728 -0.542028 0.540624 -0.793760 -0.647537 0.942815 -0.917285 -0.101489 -0.508845 -0.098403 0.934534
-0.735007 0.435090 0.907475 0.701545 0.750771 0.607846 -0.538784 0.995756 0.973535 0.406324 0.000362 0.829809 -0.430409 -0.181853 0.727913 -0.148206 -0.362015 0.210032 0.302740 -0.213069 -0.582856 0.477298 -0.521120 -0.344880 0.799236 -0.866604 0.720883 -0.122431 0.264961 0.625110 -0.784877 -0.766918 0.857056 -0.548058 -0.434861 -0.170698 0.262340 -0.656174 0.904112 -0.548553 0.368208 -0.005726 -0.748982 0.547025 -0.142990 -0.573723 -0.658807 0.396708 0.664685 -0.643387
0.189619 -0.561399 0.180491 0.860385 0.645454 0.398031 0.528609 0.491539 -0.025081 0.923192 0.522506 0.964930 0.371994 0.110348 0.421709 0.966906 -0.513165 -0.016996 0.029725 0.131339 0.833813 -0.610414 -0.458099 -0.411354 0.819031 0.814101 0.215785 0.306610 0.367466 0.079629 0.835689 -0.210058 -0.945600 -0.801750 -0.485038 -0.402372 0.533557 0.045015 0.697033 -0.990097 0.861361 -0.280212 -0.110745 0.602902 -0.953674 -0.167766 0.923835 -0.833578 -0.259957 -0.587288
-0.780287 -0.630272 -0.848127 -0.238881 -0.811439 0.907122 0.927988 -0.831348 -0.858437 0.386545 -0.704124 -0.901210 0.196390 0.258660 -0.428400 0.428036 0.688161 0.589007 0.931811 -0.745957 -0.385900 0.980408 -0.777902 -0.585921 0.542586 0.981503 -0.764086 0.619183 0.697166 -0.679989 -0.957614 0.559324 -0.129167 -0.775341 0.021415 -0.369831 0.248898 -0.620350 0.740612 0.601154 -0.848579 0.674797 0.161781 0.053696 -0.129201 -0.846685 0.065511 0.413355 -0.970281 0.688941
0.047229 0.780143 -0.642916 0.390015 0.556573 -0.736063 0.726030 0.021908 -0.802759 0.486886 -0.701132 0.724019 0.726620 0.279428 0.442297 0.313649 -0.940061 0.036604 -0.062241 -0.091564 0.859940 0.203545 0.875341 0.037843 -0.417032 -0.600220 -0.821905 -0.110359 0.719470 0.090331 -0.420918 -0.835610 0.569016 -0.413800 0.227693 0.786819 0.900735 0.942477 0.200169 0.577852 -0.626385 -0.177374 0.508974 -0.455745 0.943309 0.362378 0.677452 -0.506100 -0.308579 0.510364
-0.574327 -0.872455 -0.867819 -0.143636 0.005742 0.745098 0.179471 0.295480 0.921836 -0.682440 0.636278 -0.988801 0.452401 -0.345421 -0.973998 -0.771088 0.672919 0.763431 0.574166 -0.438988 0.001248 -0.976730 0.557125 -0.547751 -0.631766 -0.170566 0.086635 0.576896 0.773924 0.904886 -0.133402 -0.668540 0.343778 0.196820 0.663967 0.285080 -0.441471 0.953694 0.131984 -0.126886 0.521886 -0.928425 -0.511032 0.428403 0.398376 -0.148578 0.925427 -0.574418 0.246431 -0.434008
0.297269 0.346156 0.236592 0.330297 -0.137016 -0.806683 0.859907 0.623804 0.895361 -0.518143 -0.561855 -0.747061 -0.503924 0.760977 0.916436 -0.590378 0.823493 -0.671560 -0.495617 -0.423078 -0.662164 0.385002 0.995124 0.201634 -0.561766 0.422776 0.381571 -0.830004 0.250431 0.489113 0.725931 -0.847525 -0.573561 -0.858250 0.865303 -0.283014 -0.988991 -0.174316 0.458427 -0.812325 0.584817 0.880707 -0.382554 -0.902446 -0.595484 -0.155638 -0.129629 -0.308050 0.464845 -0.189175
-0.496121 -0.176263 -0.463852 -0.421132 0.511295 -0.966858 0.669446 -0.324731 0.663212 0.929707 0.401352 0.133155 0.521193 -0.512023 -0.591930 -0.578997 -0.999084 -0.588572 0.858244 0.461384 -0.968826 -0.200282 -0.696537 -0.540177 -0.040452 -0.600108 0.875731 0.487044 0.330296 -0.890114 -0.525956 -0.310370 0.888941 0.698921 -0.527433 0.519181 0.516954 -0.932677 -0.290065 -0.337818 0.578572 0.613408 0.985976 0.820127 -0.382932 0.085565 0.004415 0.328395 -0.417121 -0.290801
-0.218661 0.707728 -0.891542 -0.926812 0.738075 0.745820 0.562385 0.625967 0.786396 -0.135885 -0.302501 0.175890 0.252367 0.819422 0.085404 -0.081871 -0.993483 -0.568704 0.632724 0.496266 -0.699491 0.405284 -0.098787 -0.414741 0.879677 0.867012 -0.783170 0.063061 0.203888 -0.125431 0.090246 0.159091 0.008851 -0.267270 0.370728 -0.225271 0.215857 0.557209 0.810362 0.241270 -0.345757 -0.468988 0.826820 0.311793 -0.593457 0.139893 -0.046500 0.659377 -0.137309 -0.985197
0.537984 -0.391594 -0.432919 -0.014370 -0.291093 -0.483903 -0.839563 -0.353758 -0.661364 -0.245319 -0.033395 0.495586 -0.430840 -0.129944 0.970258 0.327569 -0.535019 0.359200 -0.693061 -0.615399 0.437547 0.201586 0.423975 0.795374 0.177966 -0.496067 0.534718 0.553531 -0.431779 -0.421761 -0.681363 0.308548 0.971128 -0.688886 0.047602 0.070411 -0.451800 -0.079365 0.349384 -0.750396 -0.884261 -0.221934 0.945516 -0.860230 -0.689919 -0.439564 -0.729374 0.346873 -0.418218 0.841058
-0.398305 -0.104159 -0.324704 -0.796918 0.641405 -0.334452 -0.313408 0.880806 -0.316401 0.909580 0.787668 -0.316759 -0.283383 0.637929 0.331592 -0.348023 0.019648 -0.738225 -0.839463 -0.642235 -0.433585 -0.328431 -0.750134 -0.667400 0.283270 0.289703 0.286555 -0.692504 -0.299182 0.179720 -0.970106 -0.538462 -0.458728 -0.660448 -0.397523 0.492767 -0.542934 0.613486 -0.160031 -0.158436 0.502416 -0.089276 -0.296880 0.080958 -0.112946 0.524944 -0.407633 -0.069635 0.491059 0.270702
-0.698605 -0.149520 -0.483693 0.265395 0.455457 0.596136 -0.361631 -0.183386 0.560022 -0.931671 0.563725 -0.985668 -0.855137 -0.376253 -0.005790 -0.539297 0.829619 0.867592 0.428895 0.753340 -0.835458 0.603460 0.626028 0.255655 -0.577565 0.187035 -0.365244 -0.012023 0.398181 0.144882 0.703079 -0.413643 0.365806 0.009147 -0.479220 -0.092617 -0.715865 0.841453 0.131591 -0.036098 0.367386 0.569737 0.508056 -0.820072 -0.352165 0.585889 -0.241468 -0.016674 0.369755 0.310470
-0.462269 0.011540 -0.199083 -0.370839 -0.730975 0.524368 0.615293 -0.433101 -0.015388 0.122994 -0.791724 -0.234623 -0.365836 0.632225 -0.885731 -0.434184 0.679005 -0.215597 -0.254628 0.538152 -0.256186 -0.852332 -0.147324 -0.790175 -0.879925 0.314334 0.225574 0.698444 0.467539 -0.918954 -0.399922 -0.396602 0.013106 0.298645 0.286080 0.146443 0.463260 -0.334546 0.163549 -0.574815 0.620503 0.727328 0.873670 0.854821 0.832135 0.242072 -0.608936 0.184231 -0.379310 -0.054633
0.119588 0.462607 0.038086 0.197212 0.335519 -0.274980 -0.339349 -0.052763 0.633471 0.219731 0.181794 0.701090 0.700110 0.089829 0.321529 -0.664556 0.399655 0.072054 -0.034122 0.857788 0.009670 -0.960130 0.370237 0.677176 0.977589 -0.975481 -0.955640 0.780759 -0.423790 -0.590153 -0.276819 -0.947685 0.837998 0.570160 -0.222564 0.890961 -0.915177 -0.842584 -0.676158 0.081917 -0.573795 0.919538 -0.018779 -0.968498 -0.859681 0.999223 0.132485 -0.896919 -0.991511 -0.915283
-0.191509 -0.745539 -0.820249 0.008406 -0.438946 -0.767180 0.186916 0.552352 0.525416 0.983207 0.563148 -0.918296 0.162535 -0.366214 0.930882 0.583069 -0.323092 0.653865 0.534648 0.587499 -0.162728 -0.529840 0.133880 0.902410 -0.284304 0.659613 -0.407296 0.650006 0.893147 0.078283 -0.497492 -0.606303 -0.872791 0.292972 -0.022669 0.270077 0.546143 0.117035 0.547261 -0.603775 -0.886456 0.301836 0.033049 -0.281817 -0.170702 0.992936 -0.621527 -0.949735 0.873629 -0.589771
0.306640 -0.725056 -0.936080 0.413009 -0.815309 -0.535162 0.690126 -0.150900 -0.883144 -0.689041 -0.789218 0.218362 -0.368036 0.546015 0.348844 0.459679 -0.633280 -0.586886 0.663285 -0.126769 0.017765 0.184696 -0.211591 -0.968397 -0.439349 -0.146628 0.525171 0.409717 0.900056 -0.173865 0.786978 0.866601 0.449886 0.321149 -0.210265 -0.310655 -0.629419 0.314666 0.049270 0.224246 0.015028 0.001023 0.530012 0.711473 0.420034 -0.686988 0.028275 0.159557 0.096919 -0.888814
0.197444 0.367203 -0.637790 0.448598 -0.217545 -0.911456 0.752215 0.384248 0.045771 0.827082 -0.816885 0.015961 -0.630329 0.810184 0.650406 -0.508428 0.127729 0.390775 -0.795891 0.089822 -0.908047 -0.735215 0.169186 0.809390 -0.305343 -0.791613 0.454062 0.101860 0.574833 -0.748868 0.563265 0.028544 -0.739104 -0.547361 0.906272 -0.678544 0.587335 -0.554913 -0.825020 -0.127278 0.387820 0.795926 0.140828 0.183185 -0.331987 0.333976 -0.286498 0.957736 -0.672491 0.891537
0.282122 -0.736909 -0.514930 0.718568 -0.175705 0.627348 0.576970 0.388297 -0.136643 0.732520 0.874766 -0.988460 0.856831 -0.551941 -0.720004 0.287413 0.009242 -0.100179 0.254449 -0.779422 0.293420 0.807172 0.159386 -0.978669 0.139447 0.668240 -0.505249 -0.378454 0.942281 -0.158209 -0.942619 0.470046 -0.824140 0.903831 0.021533 -0.828631 0.312316 -0.317127 -0.360244 0.844436 0.608528 -0.557400 -0.458448 0.569992 -0.198812 0.359480 0.624982 -0.518045 0.573004 0.020129
0.855014 0.195208 -0.581055 -0.026321 -0.778913 -0.142877 -0.231848 0.317250 0.189242 0.857580 0.315666 0.504013 0.381409 0.497768 0.574145 -0.068455 0.827184 -0.912648 -0.330055 -0.195452 -0.350791 -0.382416 -0.398167 -0.681091 0.636588 0.331471 -0.333334 0.706688 -0.996342 0.812581 0.776112 -0.596266 -0.529370 0.090884 0.691267 -0.730699 0.211977 -0.899095 -0.119404 -0.841969 -0.727167 0.287545 0.313949 -0.152019 -0.357998 0.720887 0.298138 0.717472 -0.133886 -0.405081
-0.642011 -0.650963 -0.719802 -0.604219 -0.834159 -0.915362 -0.882431 0.846461 -0.275516 0.204986 0.329409 -0.787833 0.977870 0.295990 -0.157195 0.896589 -0.453460 0.554999 0.983698 0.639877 -0.066427 -0.199205 -0.270409 0.858709 -0.189602 0.229365 0.583644 0.904294 -0.810373 0.204475 0.050682 0.015071 -0.358645 0.143302 -0.854827 0.970598 0.393149 -0.532864 -0.896236 0.233942 -0.208174 -0.286395 0.561395 -0.438458 -0.769479 -0.372183 0.575842 -0.182276 0.898020 -0.545425
0.742447 0.319651 -0.337739 0.184664 -0.731755 0.307999 0.102218 0.991935 -0.712051 0.570948 -0.338674 0.130775 -0.027802 0.859412 -0.288014 -0.602844 0.290930 0.190100 0.549003 0.823395 0.120513 0.926204 -0.606162 -0.361969 -0.674200 -0.590980 0.636853 0.494305 0.592981 -0.878099 0.609682 -0.901244 -0.332371 -0.872809 -0.318944 0.991987 -0.635619 -0.021351 -0.360567 -0.400795 0.235943 -0.172031 -0.419200 0.378385 -0.054549 -0.683889 0.444861 0.015631 0.842128 0.455617
0.227992 0.144503 0.651771 0.707756 -0.522271 0.210863 0.956852 0.305429 0.645502 -0.045277 -0.544071 -0.602817 0.168607 -0.406884 -0.442289 0.033029 0.510391 0.762463 -0.176230 0.264625 0.695429 0.929250 -0.303938 0.438197 0.516938 -0.203435 -0.335860 -0.939531 0.666384 -0.028426 -0.580965 -0.724609 -0.042958 0.799502 0.229231 0.936518 -0.877331 0.598756 -0.897475 0.546089 -0.967252 0.535352 -0.422374 -0.135695 -0.949708 0.432858 0.874426 0.903572 -0.101984 -0.272931
0.591136 0.569684 0.335703 0.584036 -0.314207 -0.480761 -0.950222 0.331131 -0.039975 -0.078016 -0.780753 0.555549 0.830933 -0.060106 -0.279059 -0.431491 0.323892 0.058822 0.447498 0.151676 0.724764 0.320946 0.840334 0.860959 0.235425 -0.287299 0.810490 0.637916 -0.447767 0.647068 -0.346430 0.558258 -0.635469 0.988232 -0.785498 0.801219 0.832111 0.182753 -0.006247 0.096876 0.595150 0.974186 -0.582868 0.894050 -0.441806 -0.212885 -0.648567 0.368727 -0.123989 -0.054000
0.130734 -0.535712 -0.223813 -0.273011 0.529013 -0.911993 -0.522511 -0.282927 0.215829 0.039716 -0.545546 0.789015 0.510050 -0.876528 -0.627393 -0.690905 -0.853891 -0.825452 0.646632 -0.916680 0.242930 0.924377 0.310962 -0.329258 0.163597 0.081893 -0.602531 -0.104972 0.841006 0.343925 -0.252500 0.875728 -0.665207 0.619518 0.681807 0.264928 0.068133 0.424029 0.708867 -0.356245 -0.884440 -0.470303 0.329436 -0.528238 0.957815 0.145408 -0.793814 -0.214665 -0.977116 0.208114
-0.721251 -0.422985 0.191400 -0.109276 0.883454 0.574875 -0.425502 0.032862 -0.742433 0.773748 -0.867028 0.987682 0.210384 0.654723 0.942534 0.492270 0.051068 0.819389 -0.501419 -0.903495 -0.725657 -0.791475 0.184066 -0.251042 -0.625576 0.150705 -0.780123 -0.236950 0.793941 0.821891 -0.252154 0.079607 0.068226 0.200793 0.045717 -0.181630 -0.295249 0.806128 -0.204189 -0.477345 0.311850 0.282981 -0.705137 0.036061 -0.908411 -0.555328 0.410735 -0.503635 0.649135 -0.530472
0.810055 0.659179 0.164742 0.115117 -0.750733 0.281169 -0.468804 -0.915339 -0.570774 -0.837412 -0.959474 -0.365966 -0.120483 -0.603685 -0.143458 0.704721 -0.620557 -0.275372 -0.880868 -0.766445 0.342385 -0.845980 -0.673792 0.543961 0.442750 0.160968 -0.136922 0.078897 -0.021357 0.362243 0.280850 -0.272001 0.695247 -0.974280 0.358749 0.401910 0.013962 0.257606 -0.593626 0.194202 -0.590898 0.001621 0.684927 -0.238446 -0.793853 -0.923600 0.980585 0.924214 0.817420 -0.164140
-0.658133 0.956719 -0.280344 -0.228337 0.404976 0.092099 -0.063159 -0.966258 -0.677474 0.005483 0.272195 0.698686 0.215913 -0.150067 -0.102107 0.170894 -0.234281 0.540568 0.173609 -0.048511 0.436060 0.266635 -0.235252 0.405712 0.321479 0.225990 0.242749 0.349807 0.021038 -0.632827 0.124462 0.213703 -0.803137 0.062899 0.102892 -0.413677 -0.877938 0.629790 -0.399153 -0.943084 0.528050 -0.294705 -0.522218 0.574553 0.459356 -0.842778 -0.446328 -0.073377 -0.865191 -0.655517
-0.923888 -0.730112 0.202893 0.913594 0.946542 0.350331 -0.899560 -0.202487 -0.454957 -0.421777 0.597621 -0.951676 -0.869259 -0.420438 0.696414 0.555774 -0.337278 -0.559758 0.106650 0.904094 0.656042 0.368126 -0.221031 0.253559 0.279188 -0.436954 0.877523 0.330356 0.704029 -0.319684 -0.778474 0.349813 -0.528726 0.074061 -0.781110 -0.775134 -0.694538 0.844690 0.867961 0.865537 -0.634170 0.924111 -0.014673 -0.519100 -0.849800 -0.824659 -0.508589 0.814159 0.978073 0.614965
0.619829 -0.476326 0.777057 0.022151 0.800828 0.770963 0.743102 -0.705763 -0.847932 -0.174526 0.644787 0.316061 0.999539 0.528652 0.488815 -0.659567 -0.968563 -0.392753 -0.829255 0.362313 -0.276026 0.665119 -0.497175 -0.998461 -0.942544 -0.381586 0.196007 0.018399 -0.817269 0.890251 -0.630794 0.509384 -0.004616 -0.291597 -0.846849 -0.683078 0.386663 -0.306897 -0.022504 -0.275935 0.671479 -0.856465 -0.886589 0.981414 0.985090 -0.123007 -0.386497 -0.605911 -0.142824 -0.073656
-0.959749 -0.898950 -0.822389 -0.261681 0.206618 -0.759805 -0.944624 0.194564 -0.443666 0.905541 0.256391 0.656820 -0.900869 -0.314734 0.755403 -0.360563 -0.647791 -0.024886 0.172190 0.427657 -0.020652 0.156150 0.632159 -0.744860 -0.595497 -0.894545 0.129349 0.397282 0.540749 -0.423356 -0.391230 0.580005 0.426417 -0.825013 -0.727166 -0.012954 -0.088290 0.334248 -0.797397 -0.208031 0.486880 -0.133856 -0.914250 0.852214 0.768013 -0.559919 0.147315 0.509042 0.170851 0.795009
0.928921 -0.471381 0.237251 -0.460690 0.512483 0.494253 -0.286691 -0.410714 0.310378 -0.922431 -0.405721 0.166884 -0.251102 -0.193131 0.686811 -0.810838 -0.515972 -0.605189 0.495052 -0.391752 0.795359 0.125974 -0.549710 0.483111 0.715763 -0.169327 -0.825539 -0.230753 0.843905 0.103545 -0.582416 -0.915706 -0.671294 -0.290633 -0.129719 0.626091 -0.038483 0.579323 0.053816 0.814409 0.872275 -0.574783 0.477105 0.504171 -0.315619 0.493436 0.008264 -0.201292 0.335958 0.427884
-0.713865 0.090305 -0.356442 -0.894046 0.555107 -0.455043 0.028759 -0.041791 0.613641 -0.816315 -0.028042 -0.954844 0.697732 0.432442 0.904623 0.322851 0.496439 0.361694 0.300468 0.426890 -0.800498 0.419221 -0.441825 -0.335805 0.131049 0.090986 -0.676483 -0.210599 0.946138 0.198004 0.207874 -0.498525 0.018771 0.168679 0.303506 0.203152 0.850153 0.171870 0.992229 0.615633 -0.633603 -0.954605 -0.279298 0.549984 -0.787726 0.332075 -0.995067 0.745823 0.919034 0.126890
0.966369 -0.562678 0.153559 -0.460024 0.653180 0.441169 -0.851685 -0.934922 0.822894 -0.087400 -0.475955 -0.370308 0.069792 0.251160 -0.529374 -0.913352 -0.920573 -0.568935 0.229167 0.757874 0.197161 -0.858907 0.673025 -0.439810 0.514415 -0.578866 0.060056 0.015433 -0.937384 0.476778 0.138112 0.421453 -0.229271 -0.105290 -0.059798 0.541457 -0.004364 -0.676970 0.284157 0.062580 0.086626 -0.288102 -0.131827 -0.870625 0.416979 0.855400 -0.853600 -0.355467 -0.453590 -0.990545
-0.974481 0.685194 -0.745591 0.179706 0.040848 -0.067175 0.850695 -0.582150 -0.582686 -0.211895 -0.895763 -0.392517 -0.140769 0.988713 -0.220856 -0.839608 -0.174214 -0.684782 0.833518 0.896842 -0.863174 -0.085183 0.737757 0.928401 0.281966 -0.032708 -0.855819 0.859745 0.898154 0.403374 -0.373012 0.696824 -0.767497 0.239862 -0.379113 0.392386 -0.604455 0.798673 0.393537 0.382190 0.609069 -0.492700 0.161399 -0.534345 0.111415 0.707821 0.755306 -0.400581 0.577853 0.307647
0.839702 0.380231 0.113582 -0.050595 0.042340 0.817255 0.183984 -0.822304 0.104574 0.850021 -0.906572 -0.913115 -0.150747 -0.496096 -0.392201 0.966298 0.040289 0.820996 0.231630 -0.754653 0.291690 0.915983 -0.800800 0.443754 -0.245708 -0.993978 0.426864 -0.896962 -0.696882 0.795026 -0.648293 -0.239093 0.755204 -0.757410 0.411851 0.071005 -0.793134 -0.052735 0.910111 -0.911028 0.502931 0.515224 -0.162462 -0.418005 0.856482 0.910921 -0.506556 0.801224 0.266353 -0.250416
-0.210755 0.213553 0.329867 -0.831386 0.688903 -0.871887 0.965354 0.993613 -0.407579 0.708239 0.275266 0.774671 -0.941166 0.357075 0.796147 -0.080234 0.669740 -0.888270 0.715193 -0.471707 0.380437 0.625256 -0.679985 0.965758 -0.142765 0.481206 0.537293 0.203784 0.696739 -0.692814 -0.186321 -0.918419 0.111995 0.938721 -0.918279 0.369217 0.501032 0.606978 -0.683213 0.458066 0.363654 0.577792 0.113142 -0.363285 -0.453859 -0.761745 0.798973 -0.904785 0.773678 -0.074048
0.942831 -0.757437 0.130015 0.246270 0.001910 0.668796 0.165282 -0.773728 -0.247799 0.926048 0.608968 -0.150241 -0.000545 0.370940 -0.329339 0.316970 -0.835860 0.894610 -0.978119 -0.559787 0.583284 -0.206446 -0.478644 0.242570 -0.310738 -0.494127 -0.452694 -0.060522 0.127847 0.483018 0.634747 0.691186 0.028831 0.009281 -0.834092 -0.365071 0.102845 -0.426237 0.085618 0.193786 0.099879 0.776147 -0.044384 -0.587593 -0.910161 0.627183 0.932919 0.852891 -0.057098 -0.928135
-0.253932 -0.242881 0.151144 0.897941 -0.168748 -0.294871 0.229842 0.739087 -0.678191 -0.953995 -0.741467 -0.623161 -0.421224 0.536819 -0.988436 -0.730964 -0.562647 0.525560 -0.230892 -0.565402 0.896351 -0.827308 0.281139 -0.508268 -0.210862 0.428448 0.277898 -0.511809 -0.961911 0.786661 -0.961770 -0.454735 0.696804 -0.710212 -0.623473 -0.346700 -0.947322 -0.451610 -0.167503 0.486369 0.087892 -0.336111 -0.459848 0.459217 -0.552803 -0.765142 0.613884 -0.135542 0.556639 -0.767681
0.722828 -0.894696 -0.492407 -0.825898 -0.335093 0.123254 -0.643814 0.886549 -0.029889 -0.745466 0.841289 0.057162 -0.462907 0.714295 0.974959 -0.450563 -0.611417 -0.576122 0.514107 0.959131 0.538628 0.796890 -0.014594 -0.331278 0.245377 0.237881 0.296793 -0.021464 -0.491074 0.296212 0.134456 -0.445506 -0.900692 0.399080 0.661817 0.861640 0.571147 0.260371 -0.610031 0.291679 -0.247386 0.695322 0.969458 -0.402125 0.777325 -0.310053 -0.742773 -0.694849 0.376502 0.773827
-0.727150 0.497063 -0.669779 0.510930 0.283266 -0.824732 0.262059 -0.221854 0.871719 -0.402502 -0.294735 -0.271400 -0.124846 -0.649738 -0.855347 -0.089377 0.718021 0.234401 0.553312 -0.612822 -0.375758 -0.432355 -0.689386 0.042926 -0.648069 0.727649 -0.282197 -0.421678 0.509576 -0.934769 -0.841725 0.925394 0.863944 -0.541384 0.497486 0.768639 -0.384438 -0.618566 -0.618050 0.872564 0.793758 -0.609127 0.762865 -0.390269 -0.276434 -0.755970 -0.673937 0.837730 -0.219448 0.773206
-0.659728 -0.774473 -0.536242 0.397490 0.606802 0.745904 -0.896126 -0.945739 -0.709627 0.798381 0.126042 -0.529897 0.193280 -0.366469 0.311444 -0.601351 -0.249928 -0.437808 -0.082953 0.485514 0.523576 0.348872 0.992760 -0.513675 0.781194 0.978872 0.456043 -0.469394 -0.735222 0.313323 0.577986 0.293516 0.130198 0.375089 -0.127776 0.756700 -0.290499 -0.281942 -0.799998 0.354944 0.596671 -0.422422 0.974705 -0.951736 0.577743 -0.642912 -0.804147 -0.577483 -0.908753 -0.630801
-0.028950 -0.519606 -0.030219 -0.832451 0.862533 0.300259 -0.725522 -0.343961 -0.416661 -0.320297 0.136436 0.572051 -0.477195 -0.106500 -0.340559 0.765894 0.873734 0.888003 0.228264 -0.423191 0.088031 0.583451 0.752901 -0.669244 0.489672 0.527774 -0.364786 0.200053 -0.876289 0.292489 0.029302 -0.068641 -0.930944 0.706548 0.349222 0.337546 -0.401412 0.490141 0.772108 -0.167678 0.150795 -0.894458 -0.223043 0.170228 0.559704 -0.837071 -0.504656 0.213492 0.203553 -0.349653
0.513419 -0.946276 -0.741607 0.657127 -0.823733 0.053323 -0.272156 0.435379 0.365508 -0.985600 0.667284 -0.179528 0.363844 -0.374613 -0.916058 0.190743 -0.444017 -0.781572 0.251277 0.422167 -0.134390 0.900414 0.855259 0.725860 -0.137360 -0.893155 -0.925247 -0.961421 -0.342861 0.480905 0.240957 0.035457 0.147237 -0.655676 -0.729795 0.754588 0.046043 -0.187884 -0.098993 0.104344 0.849436 0.985927 -0.318666 0.063133 -0.387169 0.823341 -0.992711 0.053546 -0.191432 -0.143383
0.957693 -0.580829 0.315400 -0.015741 0.923808 -0.012467 -0.584715 -0.212639 -0.796653 -0.470165 -0.932277 0.915783 -0.859133 0.195602 -0.348326 0.951467 -0.127571 0.780164 0.866156 -0.302109 -0.231395 0.459695 0.603681 0.378569 0.898507 -0.968900 -0.028480 0.240191 -0.510149 0.404290 -0.150185 0.745954 -0.485246 0.927497 -0.694466 0.388990 0.478597 0.230327 -0.326689 0.886528 -0.279809 -0.957333 -0.026175 -0.168569 0.967456 0.307218 -0.725210 0.433358 -0.468124 -0.407094
-0.130158 0.153793 0.842136 -0.106704 -0.551365 -0.415987 -0.509134 -0.984387 -0.667633 0.440813 -0.258961 -0.257154 -0.631938 -0.951790 0.819428 -0.514753 -0.286563 0.665609 0.021142 -0.553206 -0.476907 -0.265443 0.728283 -0.372120 0.472167 -0.012914 -0.832225 0.635383 0.003645 0.524846 0.713743 0.521646 -0.711183 0.643447 -0.622394 -0.865120 0.554937 -0.372085 0.652211 0.401844 -0.700857 0.368576 0.498134 -0.172113 -0.679416 0.274432 -0.836139 -0.045299 -0.679007 0.010047
-0.175970 0.365595 -0.758819 0.837889 0.984803 0.138390 -0.013466 0.118234 -0.335228 -0.650883 -0.718010 0.910346 0.681221 -0.674277 0.575226 -0.479937 -0.977982 -0.084374 -0.474574 -0.216262 0.598526 0.938012 -0.696895 0.054089 0.109786 0.552971 0.355758 -0.463880 0.572334 -0.882114 -0.984039 0.681688 -0.697443 0.906716 -0.078436 0.119893 0.330558 -0.513743 0.947098 0.508755 0.347651 0.047685 0.635734 -0.174987 -0.729628 0.025589 -0.638248 -0.483131 -0.369103 -0.340003
-0.712368 0.907704 0.365553 -0.345598 -0.436866 -0.831892 -0.276931 0.633297 0.533212 0.443686 0.220897 -0.679362 0.731730 0.132281 -0.411620 0.302628 0.393631 -0.459699 0.438543 0.169162 -0.587822 -0.003250 0.837441 -0.949990 -0.060179 -0.835194 -0.196227 0.601689 0.778990 -0.935534 0.935207 -0.343719 0.116046 -0.026982 -0.704370 0.041420 0.834161 -0.795167 -0.299065 0.145752 -0.899356 0.456892 0.775189 0.685403 -0.108473 0.818032 -0.286085 0.517923 -0.620768 -0.277069
0.814793 0.788129 0.195828 0.944480 -0.134838 0.820846 -0.235383 -0.982432 0.340787 -0.924744 -0.309390 0.806087 0.828327 -0.124570 0.003714 -0.298091 -0.433731 0.430255 0.313953 0.003138 0.460101 0.199424 -0.023096 0.749140 -0.966015 0.823044 0.485393 -0.316394 0.108118 -0.523190 -0.976819 -0.638515 0.127477 0.644359 -0.586185 -0.325252 0.183654 0.770967 0.486070 0.601305 -0.781165 0.016960 -0.250912 0.991724 -0.772244 -0.762321 -0.092185 0.923797 0.002514 0.017523
0.156200 -0.661361 -0.322849 0.458047 -0.385904 -0.099494 0.445848 -0.270026 0.624391 0.704085 -0.522176 0.046023 -0.319644 -0.070150 0.968659 -0.508091 0.596756 0.834472 -0.732481 -0.504107 -0.313540 -0.294606 -0.638850 -0.491229 -0.637355 0.149215 -0.872537 -0.051954 0.128401 0.635261 -0.751807 -0.152741 -0.023527 -0.215803 -0.054889 -0.283264 -0.434926 -0.227255 -0.489515 0.065040 -0.375610 0.549797 0.745401 0.766048 -0.865765 0.976676 0.505144 -0.545593 -0.705501 0.982363
-0.090676 -0.351883 0.526859 -0.389261 -0.397257 -0.338045 0.587445 -0.479092 -0.895534 0.403186 -0.569541 -0.022132 0.186548 -0.471470 0.383148 -0.584933 -0.755474 -0.417077 0.799614 -0.102162 -0.397048 -0.283676 0.953040 -0.358829 -0.324518 0.856393 0.714069 0.596014 -0.185399 -0.762135 -0.352353 0.327683 0.609523 -0.686711 -0.920327 0.211172 0.065634 0.083993 0.133495 0.629904 0.842426 -0.741904 0.509877 -0.347593 0.525098 -0.128876 0.112158 -0.561256 0.009432 0.624055
0.744547 0.653120 0.655863 -0.411706 0.369611 0.516227 -0.938565 -0.450436 0.596535 0.997094 -0.438972 -0.843389 -0.740597 -0.730658 -0.434929 -0.332982 0.049235 0.080159 -0.836331 0.707515 -0.494142 0.778103 0.233158 -0.305525 -0.528585 0.772900 0.220066 -0.964033 -0.430016 0.689377 -0.148028 -0.744311 -0.195673 -0.205883 0.836552 -0.623920 0.843968 0.434038 0.700508 -0.791382 -0.143278 0.351392 -0.230191 0.261814 0.385628 0.486237 -0.396574 -0.993678 0.965722 -0.095941
-0.710396 -0.703373 -0.780403 0.779732 -0.475816 0.741375 0.752198 -0.777101 0.153234 -0.396663 -0.811928 -0.001429 0.512566 0.527426 -0.425197 0.115249 -0.320875 0.154430 0.377989 0.470300 0.881059 0.805119 -0.250648 -0.898575 0.168761 0.431427 0.468822 -0.809935 -0.351163 0.289960 -0.270888 -0.404161 -0.732355 -0.706490 0.017454 -0.063620 0.261734 0.038045 0.068405 0.509493 0.783577 -0.552597 -0.305613 -0.659235 -0.709172 0.760979 0.430167 0.109261 0.837161 0.854759
0.303444 -0.407068 0.629922 0.581110 -0.344964 0.145131 -0.027774 -0.555103 -0.892822 0.178231 0.426952 -0.098256 -0.301104 -0.735729 -0.062419 -0.647010 -0.563057 0.005548 -0.151558 0.161491 0.786667 -0.149894 -0.825871 -0.141791 0.751539 -0.742113 -0.931048 0.120345 0.307037 0.341542 0.498354 -0.239339 -0.780914 0.213861 0.374785 0.078202 0.913401 -0.855300 -0.694349 -0.194156 -0.921257 -0.072599 0.299361 -0.781897 -0.554842 -0.341472 0.765378 0.543055 -0.912263 0.155936
-0.908149 -0.036530 0.354319 -0.484575 -0.939858 -0.742970 0.808101 0.692046 -0.820503 -0.635096 0.869727 0.290136 0.197519 0.877109 0.107244 0.051918 -0.288415 0.137265 0.823760 0.370503 0.362542 0.982203 0.635194 0.292720 -0.345325 0.782583 0.075938 -0.274372 0.738833 0.994830 0.902230 0.254766 0.408835 0.065950 0.314304 0.793016 0.158304 0.918536 0.692369 -0.744160 -0.368554 -0.580635 0.274502 0.437373 0.000256 0.458704 -0.970121 -0.818344 0.590661 0.749889
-0.641374 -0.457419 -0.803333 0.740632 0.265024 -0.381725 0.176816 -0.208357 0.058402 -0.876799 0.144183 0.001644 -0.925242 -0.938735 0.069635 0.349588 0.732243 0.117914 0.899487 0.736465 -0.056970 0.615272 -0.716284 -0.145853 0.026997 0.054949 -0.803505 -0.628615 -0.335104 0.661051 0.338850 0.461764 -0.281856 0.784943 0.504340 0.480738 0.374249 -0.258156 0.935676 -0.783752 0.810386 -0.830305 0.364734 -0.953296 0.133180 -0.516922 -0.929390 -0.876396 -0.589944 -0.519877
0.770124 -0.670026 0.081067 0.640615 0.726708 -0.137083 -0.968174 -0.318957 0.276567 0.399937 -0.562911 -0.883732 -0.105027 -0.079078 -0.021033 0.207057 0.189275 0.287091 -0.991369 -0.907572 0.527712 0.938036 -0.009748 0.451563 0.831490 0.063882 -0.623612 0.855125 -0.459882 0.206496 -0.802308 -0.616684 0.064621 -0.996927 -0.212641 0.593071 -0.493022 0.588692 -0.506696 0.608230 -0.558377 0.368212 0.950399 0.304500 0.995555 -0.160582 0.592086 0.140198 0.649513 0.421356
0.639022 -0.690084 0.096429 -0.076687 0.073822 0.433738 -0.401626 -0.024300 0.898891 0.198605 0.806263 0.846091 0.894954 0.576679 0.343084 -0.463656 0.231430 0.472096 0.388081 0.494028 -0.335984 -0.215251 -0.531399 0.185070 0.177765 -0.665200 -0.268688 0.927960 -0.939664 0.995315 -0.240364 0.446154 -0.363907 0.532634 0.115200 -0.805224 0.315542 0.605513 0.688790 0.210768 0.189934 -0.139166 0.899744 0.909633 0.780860 0.541249 -0.621062 0.666291 -0.473854 0.381137
-0.083503 -0.449621 -0.568955 0.036239 0.150953 -0.134536 -0.642889 -0.345317 0.943561 -0.468879 0.450749 0.185564 -0.192306 0.209307 0.699629 0.576830 -0.314716 0.727689 -0.095424 -0.625931 -0.989009 -0.468170 0.522723 -0.042437 -0.605856 -0.173967 0.948869 -0.989994 -0.174850 -0.060279 0.668930 -0.461068 -0.199517 -0.153840 -0.023391 -0.069814 -0.824267 -0.620079 0.237297 0.008556 0.561052 -0.438061 -0.713305 0.056069 0.680796 0.440910 0.355619 0.680507 0.209495 -0.722840
-0.903982 -0.949967 -0.865739 -0.410509 0.602552 -0.154147 -0.012545 0.661207 -0.993282 -0.290255 -0.657081 -0.977728 -0.535162 0.219777 0.691654 -0.698789 0.608006 0.595320 0.529675 -0.395343 -0.639221 0.953032 0.496687 0.781300 -0.274975 -0.572435 -0.343537 -0.903281 -0.775956 -0.724012 -0.867606 -0.342448 0.429753 0.302136 -0.985902 0.652847 0.585024 -0.937151 0.272557 -0.156173 -0.188500 0.175013 0.015633 0.027053 0.649123 0.869393 0.457483 -0.128893 0.030157 0.476408
-0.320071 -0.939118 -0.232178 -0.775461 -0.800558 -0.672524 -0.570098 0.995216 0.210697 -0.748045 0.027036 0.011091 -0.937414 0.246341 -0.958124 -0.866597 0.750729 -0.698970 -0.586669 0.766407 0.404804 -0.771366 -0.777484 0.655554 0.008712 0.362699 0.624113 -0.131913 -0.277893 0.784410 0.641453 -0.734960 0.089448 -0.627505 -0.846930 -0.884305 -0.757163 -0.626796 0.659179 0.037576 0.303444 0.012041 -0.208263 -0.493282 -0.495599 -0.959699 -0.895987 0.356001 0.297688 0.648764
0.801607 0.208103 0.914097 -0.803787 -0.334295 -0.341682 0.521277 -0.544256 0.395120 0.185470 -0.206254 0.435375 0.888326 0.814077 -0.021842 0.749305 0.136660 -0.040000 -0.059161 0.998039 0.444020 0.843796 0.314293 0.741346 0.079092 0.255869 0.747241 0.783478 -0.518214 0.971779 -0.616008 -0.079930 0.483144 0.494200 0.481591 0.262122 -0.680023 -0.479325 -0.936823 -0.259978 0.838135 0.384803 0.692568 0.365996 0.667953 -0.125617 -0.885759 -0.232325 0.161835 -0.603279
-0.024672 -0.864022 -0.677142 0.627049 -0.998492 -0.110096 -0.801889 -0.865021 -0.414475 -0.737948 -0.999133 -0.509110 0.971772 0.316601 0.097025 0.130655 0.332119 0.434388 -0.943009 0.208981 -0.699258 -0.345264 -0.419469 -0.862505 -0.850353 0.482515 -0.763180 -0.061603 0.261438 -0.571100 -0.496084 0.590162 0.167063 -0.772343 -0.106854 0.975598 0.029222 0.456329 0.072532 -0.677149 -0.824249 -0.950898 0.741243 -0.096732 -0.868477 -0.619395 0.471736 0.976252 0.901828 0.921369
-0.521599 -0.314249 -0.520906 -0.878185 0.966104 -0.488925 -0.418360 0.566495 -0.881728 -0.834114 -0.410683 0.958380 -0.312908 -0.010098 0.965281 0.998966 0.384484 0.096964 -0.992303 0.064873 0.126541 -0.750092 0.866279 -0.759750 0.621357 0.245023 -0.560326 -0.843611 -0.537586 0.468720 -0.343363 0.766378 -0.405751 0.709387 0.363916 -0.730364 -0.400898 -0.692694 0.582483 0.695267 0.762368 -0.110737 -0.672190 -0.734009 0.179665 0.524847 0.082426 0.713652 0.087302 -0.346358
0.137887 -0.775031 0.202255 -0.953546 -0.786275 0.078645 -0.607943 -0.863249 -0.015214 0.941688 -0.003635 -0.706721 0.335223 -0.390992 0.738910 0.128715 -0.759810 -0.115144 -0.858727 -0.447069 -0.816831 -0.389809 0.789256 -0.240957 -0.443272 -0.853976 -0.545888 -0.898500 -0.607012 0.401238 -0.359199 0.580487 -0.340113 -0.683884 -0.629192 0.280530 0.550919 0.912932 -0.387044 -0.104541 0.622362 -0.922294 -0.268053 -0.684838 -0.796785 0.412332 -0.679493 0.646122 -0.360299 -0.006534
0.613233 -0.936500 0.567044 0.630837 -0.455027 0.325072 -0.689672 0.792928 -0.773368 0.833471 -0.944609 -0.303438 0.893417 -0.348881 0.276529 0.591164 -0.751703 0.734312 -0.173498 -0.511193 0.325534 0.501346 -0.160738 -0.061238 0.434631 -0.170606 0.588456 -0.580293 0.135676 0.278220 -0.184387 -0.271063 -0.387058 -0.866043 -0.357894 0.213260 -0.004040 -0.624669 0.196246 0.118670 -0.677759 -0.390330 -0.151172 -0.819924 -0.958776 0.113286 -0.436076 0.423408 -0.227106 -0.551178
0.296841 -0.003509 -0.567627 -0.270785 -0.791804 0.437068 0.278977 -0.518340 -0.994782 -0.812338 0.085015 -0.093460 0.009758 -0.289352 0.765185 -0.630404 0.212711 -0.987131 0.688103 -0.460561 0.734941 0.359544 -0.487557 0.475562 0.804616 -0.090381 -0.990049 0.520868 -0.433190 0.811049 0.916118 -0.182265 0.875815 -0.883309 0.233601 0.854395 0.001818 -0.915744 -0.604462 0.648133 -0.466912 0.059836 -0.027595 0.983197 -0.758208 -0.816057 0.358506 0.896236 -0.110538 0.324317
-0.411044 -0.537582 0.227094 -0.897145 -0.702540 0.634953 0.114793 -0.427566 -0.510776 -0.456943 0.655633 -0.513277 -0.867681 0.734836 -0.801249 0.551921 -0.068685 -0.637360 -0.682479 -0.975992 0.964146 0.048709 -0.215281 0.355333 -0.234903 0.623688 -0.284620 -0.864526 0.422125 -0.655537 -0.582319 -0.360678 -0.443256 0.068229 0.535838 0.213886 -0.965235 -0.672581 0.431843 -0.195788 -0.289545 -0.073793 -0.855304 -0.556774 -0.289844 -0.057065 0.962723 -0.287759 0.529701 0.749307
-0.441987 -0.280055 -0.670973 0.945056 -0.386364 0.689261 0.881714 0.776782 -0.590584 -0.905179 -0.408067 0.938859 -0.991005 0.767016 -0.139360 -0.636915 0.655667 -0.629854 0.196175 -0.556731 -0.566362 0.383206 -0.410915 0.559913 0.665729 -0.783773 0.991151 -0.871678 -0.294364 -0.329378 0.699219 -0.166673 0.328524 0.681508 -0.858089 0.740113 0.748796 -0.030569 0.903541 0.232822 -0.285142 0.074001 0.220110 0.847548 0.931274 0.608061 -0.813589 0.913098 -0.488099 -0.217974
0.693370 -0.582987 -0.789704 0.287105 0.213082 0.079910 -0.176756 -0.003858 0.133676 -0.214240 -0.233157 -0.758523 -0.894584 0.558244 0.597217 -0.747110 0.425117 0.659326 0.819760 -0.627231 -0.716507 0.162690 -0.597896 0.125976 -0.286222 0.386191 -0.362900 -0.231143 0.383059 -0.580692 -0.955877 -0.193479 0.705887 0.463747 -0.793285 -0.236901 0.216808 0.229354 -0.031235 0.667856 -0.087495 -0.523327 0.779512 0.830280 -0.562661 -0.911328 0.174831 -0.775371 0.320325 0.443409
0.212730 0.989837 -0.366720 0.721837 -0.344381 -0.711085 0.637372 0.186519 -0.020232 0.570321 -0.856329 -0.823486 0.878525 -0.106291 0.403855 0.033154 0.513625 -0.410067 0.206234 -0.105073 0.241168 -0.590668 0.022733 0.670407 0.748261 0.209009 -0.885954 0.432356 -0.092373 -0.672166 0.835560 -0.135146 -0.786689 0.801218 0.614596 -0.053555 -0.412050 0.954196 -0.686577 0.480671 0.713669 -0.900402 -0.408660 0.724367 0.035476 0.476422 -0.900060 0.338915 -0.332698 0.919136
0.619821 -0.796304 -0.687924 0.556124 0.129363 -0.456607 0.793412 -0.907147 0.505185 -0.970213 0.123644 -0.159677 0.489764 -0.899221 0.977545 0.663891 -0.287087 0.933548 0.826266 -0.342951 -0.478397 0.385157 -0.203207 -0.873324 0.956096 0.645272 0.952367 -0.713289 -0.016475 -0.479874 -0.234846 -0.025903 -0.094250 0.166806 -0.140221 -0.845189 -0.610173 0.389755 -0.847519 0.370938 -0.117669 0.871806 0.914178 0.993804 0.672324 -0.452765 -0.322919 -0.089982 0.415080 -0.288855
-0.612123 0.341492 0.203274 0.922039 -0.399191 0.726036 0.213148 -0.749391 -0.290600 0.174281 -0.097449 0.888880 0.574774 0.417030 -0.753823 -0.355285 0.555222 -0.447877 -0.803399 -0.109664 0.710163 -0.062455 -0.294612 0.834820 0.929557 0.550545 0.386351 -0.457780 -0.561849 0.225806 -0.528209 0.074438 -0.527295 0.820767 -0.421336 0.669270 0.195419 -0.987361 0.813960 -0.791815 0.859856 0.754258 0.727022 -0.613460 -0.846913 -0.349228 -0.927746 -0.624550 -0.865472 0.359863
-0.542485 -0.690774 0.608227 -0.728244 -0.281931 0.064390 0.223402 -0.597891 -0.503540 -0.707308 0.728217 -0.628341 -0.747034 0.886676 -0.257106 0.867349 -0.765574 -0.489297 0.843561 0.963297 0.346983 -0.738016 -0.075961 -0.033567 0.181831 0.556359 0.968901 -0.302426 -0.363068 -0.237575 0.581635 0.363840 0.304045 -0.360198 -0.792370 0.922049 0.805725 0.102650 0.705494 -0.570281 -0.055887 -0.893433 -0.602432 0.762277 0.379790 0.000072 0.589496 0.011809 -0.144733 0.425514
-0.499851 0.474072 -0.451597 -0.452603 0.271230 -0.836021 0.913038 -0.488337 -0.229262 -0.611391 -0.909275 -0.452904 0.654391 0.354489 0.569702 0.722792 0.201696 -0.443018 0.922249 0.155620 0.069950 0.175660 0.358501 -0.167897 0.243393 -0.705039 -0.363441 0.052130 -0.466871 0.462626 -0.383751 -0.569250 -0.931663 0.187247 0.336549 -0.672347 -0.905734 -0.729994 -0.839316 -0.772505 0.884380 0.486415 0.295891 0.570047 -0.062876 0.077173 0.835483 -0.282501 0.205387 -0.314993
0.114308 0.095259 -0.376445 0.988189 0.553564 0.999903 0.489118 0.866670 -0.249218 -0.543794 -0.598755 0.630453 -0.554768 0.654889 -0.411695 0.997986 -0.041276 0.077816 0.591125 -0.881442 -0.485518 0.133657 -0.525062 0.586560 0.034843 0.551351 -0.065240 -0.836922 -0.591796 -0.483617 -0.508085 -0.167291 -0.252164 0.303152 0.341756 0.432116 0.868102 0.222795 0.559603 0.914984 -0.926731 -0.794441 -0.390602 -0.506595 -0.654004 -0.648470 0.351925 -0.984251 -0.178962 -0.369808
0.176732 0.772631 -0.164444 0.039040 0.326771 -0.790017 -0.703591 -0.977410 0.806919 0.996636 0.613251 -0.295692 -0.517568 -0.461067 -0.421603 0.753743 -0.339860 -0.615504 0.649552 0.311690 0.881228 0.858143 -0.381855 0.556881 -0.285850 0.128069 -0.951461 0.097223 0.364939 -0.290246 0.646589 0.999577 -0.759252 -0.138886 0.402551 0.546098 -0.447891 -0.680675 -0.167380 0.746629 -0.075344 -0.336269 -0.813459 0.656780 0.279587 0.436762 0.386176 -0.057242 -0.145077 -0.558679
-0.015669 0.730140 -0.080778 -0.812729 -0.892624 0.735020 -0.443067 -0.042165 0.335499 -0.426753 -0.858286 -0.270701 0.525883 -0.289935 0.355731 -0.102646 0.725547 -0.035658 -0.914866 -0.416267 0.852847 0.879711 -0.627692 0.465621 0.425062 -0.415883 -0.038879 -0.858882 -0.157299 -0.083998 -0.435513 0.362330 -0.230734 0.986165 0.830538 -0.512821 -0.553426 0.806532 -0.919241 0.655450 -0.011436 -0.062107 0.785578 0.859093 0.800723 -0.198265 0.165215 0.181720 0.369489 0.223334
0.677707 -0.068109 -0.554753 -0.349538 -0.239428 0.239030 0.220085 0.637696 -0.085794 0.974934 0.256595 0.641610 -0.452143 0.258395 0.412809 0.231149 -0.902565 0.737083 -0.598680 -0.224290 0.229013 -0.486912 -0.858545 -0.376655 -0.492514 0.541965 -0.905956 -0.466321 -0.597271 -0.761910 -0.504919 -0.120286 0.998152 -0.360483 -0.005201 -0.207582 0.537641 0.588087 -0.586174 -0.402580 0.178948 0.464952 0.845838 0.750198 -0.099067 0.827124 0.969913 -0.718985 0.584750 0.888583
0.050556 -0.060491 -0.295468 -0.432744 0.958209 -0.518578 -0.569127 0.076494 0.675677 -0.499911 0.431209 -0.916615 -0.266777 0.507007 -0.517925 0.526552 -0.186271 -0.256779 -0.564739 -0.836859 0.593183 0.471356 0.532449 -0.110264 0.669603 0.310367 0.089378 0.295178 -0.375257 0.166416 -0.666255 0.891773 -0.248982 -0.002422 0.972449 0.075585 -0.175646 0.818606 -0.732628 -0.241498 -0.844333 -0.648593 -0.652646 -0.806481 0.668212 0.865144 0.260023 -0.913529 0.969161 0.365526
-0.742011 -0.522603 0.602369 0.673710 -0.019150 0.532514 -0.685222 -0.346394 -0.870704 0.051869 0.298707 -0.561075 -0.661739 0.097532 -0.720594 -0.557865 0.518657 -0.639585 -0.758255 -0.704823 -0.216972 0.351829 -0.216371 -0.676609 -0.384778 0.504410 0.036965 0.974900 -0.441933 -0.725641 -0.745963 -0.765321 0.272127 0.167679 0.088958 -0.067092 -0.042699 0.581531 0.415507 0.402979 -0.543361 0.718035 -0.593657 -0.591378 0.885114 -0.531388 -0.313061 -0.969650 0.065944 -0.342163
-0.729060 0.039748 0.635252 0.797821 0.243166 0.655123 -0.338804 0.486920 0.975186 0.549898 -0.020175 -0.411868 0.173982 0.127097 0.136963 -0.399842 0.551684 -0.357943 -0.371168 -0.378235 0.608943 0.106006 -0.730485 0.026709 -0.065423 -0.096688 0.254559 0.592453 -0.091336 -0.814772 0.558952 0.453729 -0.521303 -0.496204 -0.148539 -0.682883 -0.729002 0.549208 0.403264 0.339574 -0.687369 0.870773 -0.792076 -0.242292 -0.099082 0.834581 0.827064 -0.861452 0.841321 0.967163
0.873134 0.293546 -0.317241 -0.007639 0.223164 0.635897 0.179808 -0.427392 0.834841 -0.956289 0.606381 0.406708 -0.057649 0.266781 0.654474 -0.502828 0.298672 -0.992724 0.402917 0.615156 -0.012031 -0.240152 -0.801883 -0.609899 0.957411 -0.347824 -0.308859 0.457207 0.632418 -0.643944 -0.350283 0.900774 0.653337 -0.426753 -0.917017 0.694732 0.120759 -0.966764 -0.288402 -0.472276 0.556211 -0.174656 0.925674 0.701897 0.986559 0.363614 -0.966765 -0.526432 -0.761202 0.453469
0.343281 0.922248 -0.383134 -0.672910 -0.215181 0.042297 0.825335 -0.831603 0.127152 0.314499 0.522598 0.460943 -0.201392 0.263439 -0.115321 0.194631 0.327088 0.963733 -0.083832 -0.772974 0.965010 0.151228 -0.633352 0.108707 -0.934418 0.223947 0.252687 0.920781 0.123523 -0.299976 0.071071 0.252683 -0.787516 0.415095 -0.241818 -0.728192 0.583756 0.537128 0.399200 -0.107250 0.239403 0.201578 0.476418 -0.964844 0.172914 -0.293109 0.994059 0.680890 -0.139135 -0.887505
-0.078454 -0.646799 0.797837 -0.921809 0.764311 0.698542 -0.765796 -0.656856 0.626319 0.447361 0.667669 -0.344450 -0.767689 0.209888 -0.857941 -0.311822 0.121607 0.646513 0.177899 -0.046200 0.168436 -0.698682 0.287275 0.648228 0.437290 0.784035 -0.358112 -0.586644 0.731041 0.370651 -0.111994 0.840308 0.540384 0.068946 0.249056 0.385222 -0.946385 0.847960 0.700250 -0.379719 -0.376300 -0.677955 -0.401136 -0.426940 0.859031 0.589583 -0.702269 0.550165 0.972664 -0.083471
0.633347 0.601005 0.593821 0.050970 0.162766 0.353692 -0.086874 -0.738894 0.840033 0.468845 0.782753 -0.378182 -0.280329 -0.010150 0.473265 0.234028 0.524470 -0.109132 0.817415 -0.352268 0.672446 0.509091 -0.250676 -0.117191 0.010713 0.180095 0.238960 -0.900487 0.261256 -0.499778 -0.236220 0.580802 -0.587874 -0.018811 -0.445743 -0.033200 0.035056 -0.603593 0.923129 0.713501 -0.706721 -0.745592 0.244240 -0.396893 0.837140 0.735164 0.797384 -0.204639 -0.844368 -0.847197
0.663444 0.782288 -0.628183 0.303630 -0.591848 0.774018 0.686215 0.912522 0.928379 0.450036 -0.418532 0.223195 0.514409 0.668207 -0.278330 -0.387086 0.306547 -0.864070 -0.217711 -0.504235 -0.640343 0.326047 -0.723689 -0.339730 0.563113 -0.379018 -0.975020 0.700759 -0.356506 -0.862758 -0.587198 -0.038656 0.144470 0.564325 0.162042 0.322915 -0.168031 0.643952 0.589818 0.866914 0.011896 -0.535081 0.296407 0.789686 0.494043 -0.055940 0.328611 -0.494756 -0.182377 0.201812
-0.539204 0.210328 -0.195974 0.382879 -0.397743 0.214854 0.006854 0.319704 0.293470 -0.596204 -0.509077 -0.664264 0.254474 -0.721928 -0.583049 0.243522 0.240807 0.294343 0.190801 0.322249 -0.620620 0.590050 0.226714 0.923243 -0.973421 0.936856 -0.776471 -0.350196 -0.621532 0.844760 -0.464048 0.609166 -0.023165 0.345659 -0.688022 -0.322551 0.118302 -0.188275 0.688154 -0.999937 0.534987 0.636709 -0.004694 0.929821 -0.667012 0.203161 0.237330 0.414674 -0.648323 0.171980
-0.176399 -0.322816 -0.116430 -0.426867 0.611159 -0.268421 -0.610356 0.014241 -0.239062 0.778881 0.865912 -0.435614 0.792944 0.989989 0.149574 -0.323410 0.575561 0.841440 0.273664 0.216824 0.123109 0.944480 0.810702 -0.781518 -0.526978 0.136281 0.260530 0.300208 0.010093 -0.385115 0.729648 0.367187 -0.283558 -0.462510 0.120474 -0.588345 0.148381 0.617571 0.437615 0.113865 0.035066 0.553212 -0.269410 0.699219 0.555252 0.480046 0.090512 0.361262 -0.216066 -0.879940
0.089269 0.455722 -0.859635 0.599290 -0.909843 -0.215393 0.451288 0.192716 -0.249497 0.580700 -0.184320 -0.998925 0.544033 -0.258992 0.746115 -0.631810 -0.029234 -0.176659 0.929210 -0.401724 -0.083134 -0.253607 -0.385666 0.327960 0.261040 -0.271735 0.697714 -0.851731 -0.909065 0.524940 -0.347945 0.226433 -0.136639 0.481310 -0.032485 -0.239745 0.549698 -0.400694 -0.582508 0.630293 0.939770 -0.323098 -0.479254 0.260392 0.416012 -0.198124 -0.715213 -0.061001 -0.462590 0.156492
0.149392 -0.305889 -0.761528 -0.061706 0.078240 -0.329644 0.057323 0.389347 -0.535082 -0.732589 -0.588140 0.741327 0.582277 0.103483 0.085891 0.945553 0.722849 -0.217104 0.940372 0.749388 0.345347 -0.217506 0.481233 -0.755773 -0.189853 -0.666553 0.046072 0.707394 -0.865956 -0.841698 0.724954 0.867737 0.874588 0.614804 -0.212861 -0.128798 -0.418803 0.633983 -0.377151 0.386667 -0.857160 -0.113444 0.879710 0.532887 -0.169303 -0.236136 -0.472549 0.788689 -0.334761 0.116455
-0.829008 0.158978 0.486042 -0.452990 -0.722936 0.337887 -0.943364 -0.875250 0.975421 -0.494232 -0.066240 -0.999658 0.779588 -0.792264 -0.490284 0.535705 0.074628 0.881452 -0.768945 0.794126 0.858976 0.510882 -0.661828 -0.790805 0.167598 0.038782 0.927887 -0.976748 0.166260 0.406761 -0.538178 0.753191 0.268454 -0.541578 -0.718065 -0.768226 -0.517718 -0.020267 -0.193207 0.631030 0.138280 0.488799 -0.736536 0.533581 -0.022274 0.631637 0.993561 -0.086816 -0.901452 -0.092943
-0.436105 0.182622 0.084820 0.296820 0.154940 -0.212688 0.255997 0.841612 -0.329975 -0.962642 -0.060306 -0.360444 -0.056885 -0.667745 0.295840 0.040542 -0.006032 -0.644455 -0.484327 0.815958 0.123814 0.590293 -0.634952 0.813124 0.094593 0.539682 -0.183661 0.741797 -0.659334 -0.003093 -0.908455 -0.178101 0.437232 0.369711 0.021837 0.911951 0.914032 0.413028 0.633654 0.656156 -0.268132 -0.550957 -0.251216 -0.109319 0.341132 0.131541 0.658549 -0.691467 -0.597667 0.012987
-0.777044 -0.489295 0.685612 0.795901 0.162392 -0.018506 0.837856 -0.478002 0.661805 -0.297403 0.457723 0.385009 -0.716410 -0.569961 0.294441 -0.559648 -0.259655 0.530457 -0.899999 0.877744 0.826521 -0.284833 0.956576 0.875806 0.860866 0.431256 0.635391 0.668745 -0.156390 0.232699 -0.025112 0.497959 -0.859066 -0.070198 -0.405253 -0.373493 0.686710 -0.493482 0.396498 -0.428792 -0.661334 0.334095 -0.820631 -0.403240 0.901069 0.284281 -0.387944 -0.272773 0.334941 0.015844
-0.356365 -0.275959 -0.916041 -0.573452 0.002157 -0.461428 0.890310 -0.083885 -0.755737 -0.804028 0.214710 -0.326375 -0.517875 0.777613 0.932247 -0.989619 -0.038936 -0.411567 -0.482893 -0.910094 -0.554679 -0.524790 0.996173 0.432021 -0.411037 -0.851373 -0.127773 0.734380 -0.771527 0.114611 0.935826 -0.439410 0.251307 -0.283927 -0.080936 0.731106 -0.387134 -0.102892 -0.248757 -0.764111 0.240845 0.540560 0.892162 0.508285 -0.666091 0.946057 0.392712 0.402835 0.196101 0.314060
-0.157642 -0.962023 -0.162270 0.975352 0.163339 0.388764 -0.286201 0.049639 -0.639815 0.297920 -0.236214 0.526541 0.606688 0.323677 0.359703 0.011236 -0.519247 -0.657161 -0.327078 0.132683 -0.255946 -0.538432 0.053473 -0.447651 -0.433999 0.909248 -0.049101 -0.702607 0.202447 -0.244229 0.229151 -0.325318 -0.138651 0.819780 0.885413 -0.602696 -0.757307 -0.408893 -0.753195 -0.210291 -0.020389 0.328828 -0.664747 0.374768 -0.227551 -0.299541 0.602355 -0.219400 0.622751 0.171267
0.297341 0.303687 0.913637 0.759153 0.433860 -0.992742 -0.894598 0.489300 0.057598 -0.837154 0.833216 0.869909 0.935656 -0.505072 -0.481615 -0.221126 -0.471466 0.584151 -0.129148 0.410547 0.549869 0.333792 -0.635657 0.434030 0.161725 -0.201559 -0.963938 -0.469397 0.984240 0.108016 -0.093666 0.353570 0.369179 -0.097464 0.394004 0.958612 -0.490231 0.008732 -0.909005 -0.793986 -0.152942 -0.897350 -0.780607 -0.226421 -0.038137 0.268112 -0.386141 -0.013203 0.728413 -0.412243
-0.315739 -0.435010 0.422946 -0.152951 -0.850995 0.240962 -0.084765 -0.104473 -0.527214 0.021065 0.802506 0.056815 -0.848728 -0.507447 -0.391006 -0.681343 0.990460 0.160342 0.507013 -0.033868 -0.297061 -0.050167 -0.212546 -0.932716 0.021030 -0.688892 0.904534 -0.643486 -0.704048 -0.791546 0.155957 0.775063 -0.327984 0.196762 0.627650 -0.987422 -0.612292 0.205325 -0.110095 0.472449 -0.465128 0.676825 0.099484 0.890288 0.898846 0.997522 0.882266 -0.603965 0.369377 0.537531
-0.120471 -0.504544 -0.328269 -0.602129 0.154283 0.109640 0.325019 -0.439681 0.961029 -0.473344 0.266492 0.809670 -0.070349 -0.584331 0.774734 0.424026 0.116871 -0.675585 0.638601 -0.469500 0.464807 -0.788835 -0.066171 -0.605060 -0.536910 -0.346974 -0.782036 0.393314 0.943964 -0.282354 -0.096646 -0.010671 0.395454 -0.808381 -0.456610 0.508734 -0.388084 -0.277494 -0.226030 -0.687677 -0.405549 0.625358 0.072206 -0.895761 -0.225777 0.898643 -0.987367 0.501782 0.095667 0.937657
0.592528 0.629658 -0.250248 0.956731 -0.070210 0.265862 0.966931 0.586488 -0.195496 -0.116340 -0.244207 -0.242023 -0.250675 0.455647 -0.166232 0.726683 -0.608740 -0.515260 0.761230 0.596516 -0.569095 -0.885463 -0.496034 0.063875 -0.562036 -0.883706 -0.201320 0.859051 0.900056 0.238019 0.922664 0.589914 -0.798805 -0.324261 0.183992 -0.127640 0.398402 -0.090218 -0.231149 0.091012 -0.664390 -0.157783 0.798177 0.284326 -0.951245 0.417399 0.227512 0.075056 0.045575 -0.881693
-0.870474 -0.444785 -0.788617 0.847274 0.437343 -0.938376 0.049226 0.657826 0.795468 0.164581 0.180707 0.156799 -0.672781 -0.442173 0.679495 0.835348 -0.992165 0.327958 0.745888 0.019319 -0.935368 0.070940 0.474916 -0.643067 0.307088 0.387440 0.977206 0.392970 0.234677 0.891799 -0.150544 -0.108763 0.672819 0.526129 0.751921 -0.650777 -0.447157 -0.039049 0.715644 -0.561988 -0.965193 -0.974214 -0.959264 0.161191 0.995745 -0.479735 -0.774782 -0.669722 -0.557764 0.146927
0.607708 -0.862461 -0.562625 -0.812935 0.727587 0.190036 0.913549 -0.181856 -0.977214 0.849741 -0.631854 -0.532122 0.099185 0.544980 -0.073243 -0.412796 -0.252152 -0.697751 0.583729 0.321061 -0.558284 -0.394184 -0.781773 -0.834651 -0.535492 0.114812 -0.264075 -0.535912 0.474691 -0.122161 0.374337 0.621054 0.720667 -0.079280 0.488198 -0.890377 0.322367 0.573721 0.489413 0.530610 0.156719 0.933409 0.578277 -0.178217 0.013944 0.884932 -0.374844 -0.778160 -0.896548 0.920383
-0.795361 -0.038967 0.972033 -0.492972 0.935539 -0.388219 0.165393 0.218738 0.944954 -0.830750 -0.604694 -0.794144 -0.013414 0.808130 -0.182180 -0.132200 -0.774158 -0.902723 -0.558168 -0.508532 0.983182 0.121805 -0.610814 0.721627 0.334429 -0.684461 -0.455560 -0.309356 0.464079 -0.628837 0.011371 0.807046 -0.057627 0.393358 -0.140337 -0.297580 -0.269859 0.379780 -0.222694 -0.669637 0.775641 -0.952597 0.922357 -0.053630 0.375251 0.581610 0.491033 0.040669 0.611940 -0.724522
0.966696 -0.697270 0.365439 0.828466 -0.826897 0.348657 0.375291 -0.537645 -0.250193 0.715931 -0.153209 0.397614 0.888937 0.599336 0.070480 -0.753273 0.897086 -0.151218 0.479697 -0.656652 0.883514 -0.863737 0.641703 0.111612 0.881689 0.534864 0.498519 -0.915988 -0.652563 0.852378 -0.009066 0.606829 0.072108 0.560818 0.204835 0.173086 -0.002860 0.354558 -0.111892 0.618199 -0.452306 0.593532 0.512788 0.692981 0.991507 0.738545 0.686032 -0.803030 0.530186 0.880458
-0.926719 0.011569 0.060948 -0.747634 -0.077351 -0.303037 -0.510462 0.227222 0.608749 0.973175 -0.389708 -0.174774 -0.729820 0.069644 0.785567 -0.214241 -0.478623 0.313917 -0.096847 -0.685125 -0.792515 0.163970 0.354577 -0.528711 -0.206916 0.680647 0.969675 -0.889164 0.017696 -0.227291 -0.390452 -0.380517 -0.706997 -0.434531 -0.387615 0.197240 0.219520 0.468252 -0.334395 -0.034317 -0.661726 -0.146288 0.410520 -0.765016 0.539380 -0.608647 -0.152345 -0.443582 0.930850 0.889014
0.651361 0.602976 0.721575 0.831572 0.520499 0.883979 0.453302 -0.536421 -0.888805 -0.633925 0.134124 -0.128739 0.909592 0.734040 0.599526 0.049849 -0.992266 0.704610 0.203088 0.222707 0.005820 -0.036727 0.026339 -0.104392 -0.238580 -0.018708 -0.483459 -0.581185 -0.991950 -0.741758 0.232566 -0.302378 -0.078024 -0.406036 0.813705 0.369495 0.751142 0.943605 -0.988870 -0.495069 0.674160 -0.792624 0.278758 0.966226 0.227953 -0.564760 0.521172 -0.203871 0.793009 0.762418
-0.717463 0.019132 0.828008 -0.294874 -0.567271 -0.602661 -0.957582 -0.610800 -0.439178 -0.978501 -0.665920 0.517573 -0.936275 0.022646 -0.910433 -0.398253 -0.628074 -0.188953 -0.092693 0.946696 0.201973 0.458425 -0.725333 0.330760 -0.019499 -0.496844 0.405793 0.635056 -0.791985 0.331677 0.002676 0.927726 -0.999042 0.380134 0.196109 -0.209192 0.642303 0.140882 -0.266605 0.302918 0.543777 0.069736 0.617148 -0.591394 0.432406 -0.181983 -0.369065 -0.296362 -0.368103 -0.602438
-0.047313 -0.526977 0.918626 0.941041 0.893101 -0.748605 0.265608 0.090467 -0.642644 0.792987 -0.369714 0.929016 -0.278091 0.529690 0.270422 0.696110 0.300354 -0.315525 0.022628 0.727762 0.919031 0.478107 0.247435 -0.422787 0.694756 -0.684356 0.558533 0.093298 -0.821913 0.743645 -0.209095 -0.454586 -0.488048 0.076590 -0.465255 -0.343640 -0.507982 0.898811 0.719429 0.175704 0.474963 0.474076 -0.685026 -0.288648 0.294072 -0.679639 0.171256 -0.583125 -0.065307 0.427568
0.550199 -0.164019 -0.529754 0.888668 -0.511578 0.085406 0.310505 -0.734673 0.349584 0.952749 0.319862 0.216454 -0.325684 -0.647652 -0.318283 -0.192585 0.261166 -0.961634 0.048070 0.144972 0.368277 -0.208317 0.415921 -0.774039 0.985785 0.657499 0.974311 0.726123 -0.295585 0.214655 0.177717 0.209430 0.401509 0.056685 0.296435 0.317117 -0.440736 0.862196 0.571180 0.463203 -0.831287 0.682402 0.654507 0.852038 0.045220 0.459834 0.882206 0.356652 -0.115044 0.044461
0.210762 0.135364 0.189941 -0.544708 -0.951724 0.419574 0.244505 0.620641 0.377044 0.238087 -0.882568 0.937339 0.174256 0.810490 0.315745 0.691640 0.797497 -0.970518 0.155518 0.292124 -0.285655 0.120842 0.573551 0.328789 -0.649174 -0.405068 -0.305211 0.540800 0.229001 0.984652 -0.198512 -0.534208 0.232916 0.247573 0.416123 -0.339475 0.550403 -0.739113 -0.571043 -0.118427 -0.162561 -0.024482 -0.067708 -0.451490 -0.552572 0.048631 -0.702348 -0.944714 0.277754 -0.936863
0.525221 -0.463407 -0.266057 -0.536056 0.700159 -0.907481 -0.555819 -0.692658 0.291681 -0.664909 -0.513505 -0.234974 -0.558835 0.388107 0.397997 0.297940 -0.465136 0.744185 0.504937 0.028969 -0.319041 0.125297 0.126929 0.094499 -0.565780 0.192057 0.887168 0.959791 0.201197 0.298698 -0.249027 -0.107865 -0.810322 -0.143495 0.942977 0.267337 0.993522 -0.528533 -0.043290 -0.134391 -0.823344 -0.291166 -0.891438 0.320321 0.095935 -0.580368 -0.572825 0.468005 0.822440 0.387023
0.169818 -0.813042 0.278494 -0.490793 -0.878719 0.088542 -0.672207 -0.971911 0.286999 -0.477869 0.976102 0.146174 -0.013855 0.013406 0.738208 -0.655489 -0.022933 -0.448191 0.875065 0.744980 0.116830 -0.635357 -0.528813 -0.570266 0.255982 -0.753140 0.053482 0.071764 -0.895968 -0.405618 -0.943103 0.677972 0.502700 -0.177913 0.823486 0.846385 0.562155 0.901068 0.441262 -0.511728 -0.616355 -0.968590 -0.663219 -0.158571 0.913066 -0.327089 -0.271113 0.442513 -0.991049 0.421179
-0.720512 0.561872 -0.085058 0.870609 -0.739791 0.179065 0.843800 0.157030 -0.200972 -0.773093 -0.019945 -0.440072 0.638768 0.576342 -0.444536 0.684163 0.323085 -0.184531 0.186920 0.637007 0.437734 -0.688315 -0.431328 0.841718 0.812340 0.307849 -0.012110 -0.591264 -0.658793 -0.917211 -0.623463 0.000375 0.916821 -0.526256 -0.393269 0.145475 0.703766 0.001290 0.716885 -0.988367 -0.507695 0.828094 -0.334114 0.352463 0.242047 0.932593 -0.741250 0.288369 0.841393 0.614918
-0.093296 0.678592 0.367322 0.468903 -0.209330 0.108669 0.823214 0.006152 -0.337786 -0.316996 -0.498104 0.130512 0.023117 0.871198 0.235850 0.237223 0.657176 0.438321 0.419721 0.341500 0.635192 -0.026964 0.507204 0.771545 0.868331 0.206325 0.654872 0.253998 -0.627871 0.690336 0.953090 -0.619659 -0.496704 -0.701100 -0.696563 0.732246 -0.564975 0.234980 -0.386370 0.157678 -0.866940 0.125973 -0.683636 0.391710 -0.959929 0.954681 0.469547 -0.315376 0.654498 -0.693478
-0.034040 -0.409504 0.224338 0.284665 0.936404 -0.712169 0.712688 0.479104 0.999523 -0.895415 -0.828731 0.115594 -0.758252 -0.450565 -0.353765 0.907610 -0.268761 -0.151755 -0.621297 0.627737 0.845839 0.076259 -0.202747 -0.687086 0.477483 -0.172641 0.374015 -0.713693 0.760204 0.365922 -0.139469 0.252474 0.057720 -0.013428 -0.030002 0.195849 0.846514 -0.509156 -0.317466 -0.809736 -0.227187 0.393994 0.712317 -0.087468 0.473754 -0.233640 -0.812722 0.022001 -0.294726 -0.341938
-0.492777 0.575998 0.448635 0.400752 0.263549 0.110007 0.256051 0.517794 -0.477032 0.234524 0.477057 0.424355 0.559009 -0.551849 -0.348600 -0.298377 0.615130 0.555773 -0.510946 -0.835637 -0.727652 0.394411 0.603049 0.230582 0.980162 0.329773 -0.879789 -0.416856 -0.453306 -0.784068 -0.825359 0.071629 -0.035551 -0.335296 -0.520984 -0.261752 0.234697 0.623934 0.958145 -0.041808 0.811825 0.194342 0.726757 -0.443498 0.328850 0.625403 0.005129 -0.610828 -0.229848 0.048992
0.261828 0.127876 0.479691 -0.077830 -0.165654 -0.689040 -0.665342 -0.191225 0.669271 0.299918 -0.623187 -0.231089 0.767627 0.253779 0.794480 0.297287 -0.971242 0.029687 0.592344 0.720276 0.302012 -0.771288 0.717064 -0.615519 -0.239443 -0.273673 0.952248 -0.598822 -0.436745 -0.235274 -0.029525 -0.751221 0.546849 -0.144299 -0.084636 0.687443 0.195639 -0.980815 -0.279112 -0.734898 -0.524615 0.739082 0.278543 -0.843369 -0.765138 -0.840004 0.294446 -0.740121 -0.519546 -0.121759
0.415385 -0.359741 -0.607895 0.606260 0.033791 0.854342 0.566046 -0.818497 -0.778766 -0.700383 -0.152404 -0.156032 -0.887758 -0.356641 0.024135 0.131907 -0.320501 -0.611610 -0.288845 0.451790 -0.487006 -0.833989 -0.977247 -0.062841 -0.708909 -0.657493 0.267107 -0.976544 -0.494761 -0.577801 0.173077 0.102718 0.163510 0.277554 -0.008324 -0.951530 0.199708 0.138494 -0.745186 -0.541526 -0.660831 0.100212 0.544957 -0.064870 0.148935 0.022315 0.528939 -0.022114 0.150695 0.819901
-0.027948 0.052326 0.808823 0.384724 -0.735092 -0.002115 -0.680863 0.963099 -0.901017 -0.164637 -0.775357 0.519465 0.233965 -0.770613 -0.372950 -0.990831 0.548412 0.837419 -0.314158 -0.825109 -0.126716 -0.479673 -0.404931 -0.406765 0.764691 0.946444 -0.891573 -0.693209 0.731507 0.928068 -0.073529 -0.372125 -0.785813 -0.438555 0.176963 0.101263 0.938841 -0.750418 0.039821 -0.248471 -0.314249 -0.520844 -0.313790 0.054154 -0.960183 -0.246863 -0.806004 -0.805839 -0.563958 -0.311066
-0.934144 0.406523 -0.570817 -0.264140 0.099875 0.151521 -0.482448 0.813652 0.021571 0.316165 0.424801 -0.013631 -0.881463 0.744074 -0.302845 -0.384636 -0.160071 0.227782 0.018191 0.048560 -0.991870 0.105731 0.929914 -0.543204 -0.492904 -0.852131 0.588475 -0.939568 0.797695 -0.704052 0.714669 0.534442 -0.752488 -0.569087 0.477552 -0.224826 -0.466263 0.030112 -0.323360 0.514470 -0.875283 -0.030392 -0.697310 0.085349 -0.062665 0.117771 0.864967 0.705246 0.389712 0.783234

Bias v0 (Oculta):
0.502499
0.112895
-0.480315
-0.538457
-0.269168
0.520098
0.036879
0.432385
-0.897080
0.639395
0.442098
-0.580066
0.052738
-0.078728
-0.806295
0.867118
0.932602
0.930325
0.277538
-0.065662
-0.816272
0.552524
0.418512
0.830816
0.520844
-0.440090
0.821412
0.736402
-0.778843
0.487929
-0.222828
-0.824833
0.543496
0.151283
0.640691
0.567909
0.551532
0.746130
-0.011704
-0.498434
-0.231867
-0.121364
0.594582
0.566424
0.967833
-0.504732
-0.589569
-0.777924
0.925559
0.489750

Pesos w (Oculta -> Sa獮a):
0.753737 -0.340874
-0.231258 -0.621095
0.427660 -0.082315
0.556724 0.735695
-0.320640 -0.540536
-0.846527 0.371691
-0.024733 0.492256
-0.551481 -0.221752
-0.912003 -0.740957
-0.778103 0.027058
0.334094 0.832773
0.161904 0.258712
-0.816945 -0.655465
-0.357800 -0.140119
0.986985 -0.488394
0.246886 -0.889095
-0.818211 -0.299842
-0.416188 -0.081880
0.164206 -0.194565
0.239506 -0.365260
0.534085 0.210352
-0.403999 0.233439
0.091263 0.194369
-0.654915 0.770096
0.848635 0.104180
-0.209962 -0.500045
0.272457 0.715525
-0.305439 -0.763926
0.180909 -0.874321
0.195404 -0.893016
-0.998271 -0.611896
-0.555853 0.871217
0.991732 0.425104
-0.900026 -0.945268
-0.273523 0.676544
-0.232692 -0.369868
-0.464882 -0.975940
-0.887327 -0.963456
-0.920844 0.723099
-0.328481 0.432142
0.083720 0.330079
0.710015 -0.592004
-0.647538 0.476464
0.572232 -0.327861
-0.468634 0.806749
0.863792 -0.934837
-0.147637 -0.768553
-0.203077 0.034477
0.326973 0.106225
0.305250 0.436789

Bias w0 (Sa獮a):
-0.521961
-0.822963
