Pesos v (Entrada -> Oculta):
-0.185313 0.509844 0.549399 0.229331 0.747771 0.668563 -0.155154 1.002753 -0.520790 -0.887254 0.782250 0.849168 -0.275381 -0.289364 0.270846 -0.122017 0.575112 0.148802 0.750885 0.248001 -0.242713 0.968268 -0.966623 -0.027165 0.098263 0.298614 -0.779968 0.860885 -0.387642 0.235275 -0.293429 -0.155173 -0.136258 -0.127158 0.579609 0.891658 -0.709525 -0.522743 -0.938669 -0.251639 -0.173923 0.881915 -0.292931 0.083807 -0.446358 -0.250784 -0.636701 0.199619 0.897859 -0.427273
-0.597534 -0.282860 -0.644655 -0.385513 -0.812204 0.527730 -0.811034 -0.550942 -0.769394 0.407409 0.560222 -0.153694 -0.467262 -0.556132 -0.738127 -0.971280 0.474447 -0.787216 -0.384367 -0.346472 0.162789 0.170445 -0.385766 0.029764 0.080544 0.721757 0.183727 -0.797726 0.848749 -0.991570 -0.393047 -0.054508 -0.046155 -0.623340 0.016077 0.860780 -0.863592 -0.835718 -0.109034 0.274677 -0.940839 0.226200 0.752944 0.345566 -0.782814 -0.138707 0.150376 0.643547 -0.586569 -0.017858
-0.833610 -0.737212 -0.760152 0.117627 -0.114119 0.697414 0.663671 -0.320866 -0.068305 -0.646175 0.234965 -0.831692 -0.582821 -0.578672 0.604046 -0.396518 -0.369794 -0.454560 -0.001075 0.554211 0.573808 -0.772556 -0.066952 -0.837920 0.074230 0.691049 -0.606221 -0.849364 -0.169085 0.245389 0.462220 -0.365574 -0.742412 -0.154206 -0.682136 0.781264 -0.375885 0.140721 0.292932 0.703211 0.814086 0.713734 0.102989 -0.219971 -0.322533 -0.170737 0.243628 -0.306982 -0.805625 0.475916
-0.688421 -0.649128 0.933471 0.636270 -0.683266 -0.973587 -0.430315 -0.570389 0.531253 -0.095601 0.641205 -0.795270 0.201750 0.917789 -0.746171 0.673734 0.060388 0.173827 0.330419 0.803516 0.191037 -0.522516 0.789603 0.558517 -0.792479 -0.094318 -0.839701 0.050392 -0.870452 0.220330 0.890126 -0.073607 0.349345 0.792249 -0.882795 0.086839 -0.069831 0.770915 -0.779660 -0.682808 0.554192 0.256789 0.403109 -0.038301 0.864863 0.757161 0.604273 -0.693791 -0.942217 -0.779254
0.876809 -0.148838 0.012981 -0.749048 -0.822596 1.005550 -0.026652 0.662225 0.889561 -0.568884 0.043833 0.674820 0.526189 1.057198 0.374375 0.717307 0.526410 0.732777 0.870239 -0.147859 -0.463890 0.175966 -0.818529 0.609708 -0.508139 0.260563 0.719335 -0.983958 0.287494 -0.768039 -0.349071 -0.868774 0.113141 0.330387 0.985051 0.157729 0.854879 -0.963808 0.404289 -0.621639 0.910726 -0.114888 0.837904 0.659097 -0.029685 -0.259102 0.366633 0.562687 -0.621979 -0.517999
-0.690220 0.371763 -0.832103 0.314480 -0.186023 0.996487 -0.902998 0.603799 -0.050012 0.047031 0.852258 0.286195 0.000030 0.598827 0.672971 -0.764170 0.636682 0.356978 0.187554 0.694240 0.373666 0.028354 -0.718714 0.867847 0.869148 -0.355688 -0.672327 -0.079392 0.276673 0.850775 -0.452593 -0.374769 -0.720780 0.388487 -0.480119 -0.383158 -0.405087 -0.885244 -0.094581 -0.342075 -0.263070 0.226244 -0.431675 -0.864993 0.125767 0.003446 0.492962 -0.273490 0.527609 0.269577
0.447996 -0.987175 0.695801 -0.289148 0.873098 -0.548743 0.191460 -0.253296 0.637259 -0.400399 -0.302256 -0.595602 -0.653212 -0.227458 -0.329754 -0.023141 0.438079 0.925725 0.985336 0.557141 0.497102 -0.225699 -0.657755 -0.559886 -0.724912 -1.040819 -0.825660 -0.298273 0.832962 0.826422 -0.531829 -1.044206 -0.000070 -0.267903 0.899721 -0.367383 -0.257966 0.065457 -0.447409 0.306704 -0.116933 -0.707767 0.084008 0.173333 0.258203 -0.304680 -0.082933 -0.342243 -0.914282 0.183329
0.669033 -0.179238 -0.808577 -0.576437 0.536536 -0.154263 0.061433 -0.553025 0.807528 0.477126 0.743303 0.230954 0.827073 1.038927 -0.652904 0.879339 -0.239714 0.881822 0.769887 0.871185 -0.910171 0.786404 -0.277305 -0.429834 -0.075951 -0.189733 -0.433491 0.832916 -0.149268 0.255016 0.590476 -0.077477 0.384391 -0.920196 -0.853232 -0.399184 -0.417621 -0.845662 0.663517 0.583664 0.916990 -0.732519 -0.390944 0.455670 0.786063 0.168372 -0.640138 0.755405 -0.650532 0.456264
0.279896 -0.079739 -0.558704 0.451560 0.400920 0.258097 0.768387 0.349388 0.328529 -0.763076 -0.249906 -0.505288 -0.890100 -0.583643 0.693162 0.148310 -0.412725 0.234441 -0.032273 -0.281274 -0.587203 -0.921848 -0.089777 -0.214237 -0.575594 0.421195 0.402243 -0.359682 0.334359 0.411062 -1.004539 0.612316 -0.760022 -0.693211 0.588738 -0.724525 -0.948417 -0.590844 0.876130 0.673080 0.015553 0.525497 0.516925 -0.405963 -0.533386 -0.688292 0.746963 0.576009 0.655126 0.292990
-0.822201 0.840080 -0.485774 -0.233796 -0.622765 -0.474781 0.523686 -0.730754 -0.295376 0.867447 -0.879000 0.309109 0.293625 -0.746633 -0.023355 -0.754475 0.898574 0.812767 -1.068816 0.057162 0.251966 -0.308802 0.922999 -0.674534 -0.064920 0.403605 0.962668 0.417982 -0.273043 -0.409888 -0.710730 -0.198808 0.169096 0.360951 -0.630408 0.273867 0.236969 0.359308 -0.118105 -0.482114 0.533424 -0.252028 -0.674820 0.282512 0.915352 -0.140434 -0.093372 -0.910254 0.344631 0.733850
0.886943 0.680759 -0.321677 0.144733 0.968805 -0.409115 0.346445 -0.819470 0.139857 0.160043 -0.315871 -0.905618 -0.600645 0.305789 -0.853299 0.048884 0.918722 0.640871 -0.781950 0.329974 0.389280 -0.873673 0.490089 -0.527450 -0.477184 -0.993338 0.801694 0.072425 0.266365 0.566524 -0.968355 -0.259110 -0.946279 0.191633 0.219186 0.601205 0.045140 0.877819 -0.217842 -0.796287 -0.945725 0.603821 -0.894217 -0.471689 -0.888412 -0.050754 -0.519040 -0.273374 -0.170287 -0.081448
-0.203629 0.124562 -0.581419 0.855255 0.546073 0.667126 0.176307 -0.502795 0.570030 -0.127242 -0.874613 0.459786 -0.775041 -0.440419 0.207871 -0.511037 -0.987683 -0.003344 -0.341799 -0.440678 -0.141661 0.009404 0.369587 -0.061197 -0.296816 -0.621607 0.301116 0.591189 -0.249600 0.413596 -0.923186 0.377283 0.476143 0.406178 0.646072 0.866459 -0.196049 -0.982626 -0.925370 0.202305 -0.245573 -0.799248 0.729410 -0.597829 0.541998 -0.595750 -0.528841 0.975893 -0.932618 -0.527033
-0.339362 0.182169 0.775028 -0.577362 0.218417 0.722166 -0.150326 0.757515 0.006755 -0.844431 0.748823 -0.982322 -0.996831 0.815760 -0.485444 0.420538 0.882408 -0.153397 -0.352776 -0.281174 -0.568269 0.806846 -0.912515 -0.424277 -0.323391 -0.530623 0.668145 -0.372981 -0.353321 -0.792706 0.580013 -0.779773 -0.446641 0.510963 0.503051 -0.932701 0.505234 0.229156 0.415155 -0.167292 0.007932 0.265745 -0.707949 -0.089755 -0.180744 -0.574562 0.719887 0.154399 0.256247 -0.179571
-0.330777 0.911495 -0.762188 -0.476368 0.417394 0.367898 0.258889 -0.322827 0.590166 -0.968598 -0.131306 0.989594 -0.360932 0.207784 -1.000587 0.524623 0.735644 -0.724770 0.253352 0.915909 -0.229843 0.656952 -0.927392 0.651105 0.156723 -0.961293 0.938393 0.369721 0.074827 0.839602 -0.325821 -0.728781 -0.448778 -0.111629 0.908115 0.728020 0.073065 0.504519 -0.754275 0.335287 0.609128 -0.104191 0.150731 0.757714 0.585378 -0.228075 -0.663859 0.581539 0.373552 -0.434570
-0.799757 -0.479873 0.588089 -0.175268 -0.609084 -0.787288 -0.253063 0.509322 -0.749998 -0.684773 -0.368990 -0.369526 -0.849657 0.675856 -0.729228 -0.107476 0.523152 0.349107 0.104418 0.815225 0.409280 -0.086133 -0.846213 -0.863769 -0.231584 -0.658377 0.719096 -0.657738 0.060993 -0.914609 0.144181 0.015517 -0.177472 0.604417 -0.806506 -0.613960 0.161211 -0.193158 0.848765 0.970245 -0.946798 -0.907200 -0.783160 -0.476181 -0.226141 0.373198 -0.558987 0.175485 0.339426 -0.816117
-0.641715 -0.133894 -0.758200 0.203210 0.979810 0.180502 -0.614032 -0.381194 -0.941663 -0.888383 0.123455 -0.579909 -0.179001 -0.550505 -0.522627 0.686830 -0.412053 -0.520064 -0.819596 -0.989204 0.492456 -0.748524 -0.536239 -0.534472 -0.380853 -0.684371 0.769562 -0.066022 -0.969351 -0.108108 -0.171728 0.186147 0.882326 0.531045 -0.587418 -0.087101 0.888146 -0.049064 -0.233042 -0.306503 0.009448 0.901631 0.793643 0.337131 0.803547 0.178860 0.142458 -0.325885 -0.502260 0.007136
0.434281 -0.570082 -0.806225 0.131726 0.797926 -0.846727 -0.270316 -1.026076 -0.788483 -0.688755 0.316805 0.287656 0.312576 -0.234634 0.864822 0.096881 -0.319783 -0.322700 0.208462 -0.340753 -0.318164 0.234999 0.368188 -1.044977 0.549726 -0.920017 0.643115 -0.837453 0.337120 -0.348757 0.810226 0.249628 0.614682 0.845336 -0.214346 0.818197 -0.584916 -0.672570 -0.636253 -0.444088 -0.450299 -0.304855 0.487857 0.265629 0.864479 0.122313 0.205646 0.410930 0.485050 0.525036
0.229058 0.077104 0.710575 -0.929102 0.175651 -0.650470 0.117746 -1.109415 0.466335 0.603530 -0.079203 -0.545602 0.656675 0.762120 -0.889016 0.104398 -0.338306 -0.022790 0.739967 -0.177212 -0.124282 0.291876 0.734786 0.549640 -0.199947 -0.152783 0.654784 -0.156532 -0.094765 -0.959793 -0.693373 -1.121622 0.186550 -0.540442 0.452914 0.028491 0.516639 -0.540076 0.115940 0.920711 -0.777307 0.812538 -0.047586 -0.539703 -0.456422 -1.148282 0.197267 0.412407 0.000130 -0.243827
-0.174707 -0.310740 0.952127 -0.500287 0.260895 0.858202 -0.167871 -0.899257 -0.591113 -0.011060 -0.824043 0.683298 0.371241 0.251975 -0.226001 0.146768 -0.289571 0.894207 -0.408812 0.250653 -0.450556 0.341811 -0.531573 -0.829313 -0.463507 -0.511703 0.636252 0.428973 -0.616908 -0.724816 -0.841560 0.432983 -0.442032 -0.605725 -0.436708 0.002272 -0.068584 -0.004340 -1.104860 -0.316581 0.466188 -0.558752 0.387699 -0.596503 0.320202 -1.021764 0.767842 -0.662647 0.831987 0.399374
-0.356571 0.780107 0.532480 0.636493 -0.202086 -0.413951 -0.150209 -0.323132 -0.811196 -0.374200 0.409917 -0.327463 0.042573 0.661821 -0.356818 0.077266 0.538128 -0.480821 0.173791 0.036351 0.924760 -0.786342 -0.217537 0.214725 0.575502 -0.282495 -0.452869 -0.800379 -0.714004 0.129902 0.582580 -1.142469 -0.738056 -0.581629 0.447180 -0.850737 0.608593 -0.954097 -0.118273 0.083591 -0.050657 -0.875438 -0.884833 0.980846 0.796446 -0.602369 -0.719501 -0.306213 -0.818966 0.752878
0.072396 0.725241 -0.368664 -0.052321 -0.649706 -0.776910 -0.460249 -0.798280 0.656461 0.350462 0.137367 -0.501096 -0.388766 0.123266 -0.064915 -0.452461 -0.165886 0.461501 -0.806767 0.030021 -0.448512 -0.216353 -0.039517 -0.558861 -0.382776 0.796633 0.225289 -0.776814 0.368699 0.689823 -0.630211 0.421394 -0.375257 0.046777 0.437907 0.604090 0.269670 0.072541 0.970885 -0.652766 -0.414766 0.617945 0.041854 -1.098443 -0.648625 0.184151 0.954669 -0.282992 -0.547208 0.228308
0.342164 0.254309 -0.102768 0.656604 -0.707811 -0.546106 0.416466 0.588949 0.869748 -0.819066 -1.002341 0.660419 0.167020 0.150328 -0.310554 0.099772 -0.403519 -0.147725 0.568986 -0.297981 -0.267565 0.881895 -0.293678 0.420643 -0.260849 0.127297 0.885650 0.055377 0.185832 -0.123792 0.240069 0.889760 0.188521 -0.918926 -0.713575 0.625756 0.863317 0.183619 0.524291 0.716803 0.738797 0.818400 -0.396247 -0.556884 0.559323 0.055121 0.152265 -0.530301 0.707962 -0.884805
0.018446 0.346842 -0.672094 -0.166262 0.938268 -0.015679 -0.471111 0.571196 -0.112902 -0.014060 -0.981561 -0.918469 0.018559 0.821340 0.044455 -0.213974 0.863800 0.025260 -0.916415 0.556688 -0.334644 -0.821483 -0.763641 -0.615274 0.315987 0.139129 0.742562 0.138683 -0.324271 -0.120810 -0.100118 0.375093 -0.622581 -0.715018 0.130786 0.461622 0.037985 -0.161595 -0.286621 -0.937962 0.115420 -0.046342 0.864948 -0.375480 0.566505 0.640255 0.844738 0.713658 0.848460 -0.199147
-0.514468 0.635952 0.087154 -0.990243 0.229150 0.845033 -0.955116 -0.180869 -0.604296 0.447967 -0.419070 0.918180 -0.368445 0.244499 0.314739 -0.600806 -0.696995 -0.916530 -0.413130 0.459320 0.069695 1.001596 0.116668 -0.946350 -0.088986 -0.841624 0.704284 0.427726 -0.478030 -0.998528 0.080662 0.584117 -0.354772 -0.387641 -0.922274 -0.725633 -0.622693 0.185124 0.770478 -0.150748 0.256143 0.217517 0.894101 -0.948282 -0.555738 0.715926 -1.001560 0.919657 -0.831981 -0.867571
0.741243 0.521840 0.493469 -0.942462 0.233582 0.470905 0.782538 0.075365 0.903009 0.577887 0.708436 -0.729178 0.801367 0.417477 -0.752303 -0.528654 0.212340 0.340174 -0.394695 -0.643530 0.297023 0.444311 -0.806631 0.583392 -0.147828 -0.002228 0.923263 0.525773 0.945734 -0.658759 0.503020 0.802179 -0.562614 -0.778941 0.376265 0.510796 -0.457107 -1.009555 0.917415 -0.491228 -0.947128 0.151970 -0.903227 -1.024942 0.081363 0.658092 0.062555 -0.484745 -0.918121 0.325736
0.473400 -0.267893 0.441326 -0.659400 -0.493294 -0.502319 0.332671 -0.132807 -0.136733 -0.012748 -0.827918 -0.778590 0.779935 -0.424277 -0.555573 0.146637 0.065314 0.107474 0.540620 -0.902791 -0.400890 -0.426585 0.380779 0.997719 -0.341122 -0.404936 -0.493760 -0.813781 -0.464475 0.522654 0.138558 -0.106671 -0.074066 0.938000 0.365377 -0.164834 -0.797810 0.052389 -0.942684 -0.176800 -0.434511 0.415349 -0.010847 -0.933227 -0.479009 0.559093 0.606872 0.493071 0.789046 -0.170256
-0.447114 0.718032 0.623792 -0.394462 -0.377798 0.109912 0.738058 0.715377 -0.884700 0.380250 0.460049 -0.412659 0.107721 0.452204 0.405830 -0.550050 0.785227 -0.243845 -0.817922 -0.667419 0.332558 -0.104412 0.256758 0.390252 0.448680 0.235294 -0.775324 -0.470898 0.715078 -0.362919 0.223757 0.545191 -0.856760 0.258326 -0.677729 0.309667 -0.010085 -0.013481 0.789054 -0.184263 0.328080 0.858462 0.548405 0.736783 0.930002 -0.188844 -0.100379 0.340491 0.442899 0.677086
-0.988117 0.427276 0.292058 -0.443243 -0.836784 -0.623314 0.061252 -0.319185 -0.454661 0.798903 0.746261 -0.754093 -0.080927 1.011507 -0.727295 -1.031482 -0.133799 -0.595853 0.114038 -0.786203 0.440953 0.915295 0.009602 0.463568 0.637679 -0.012702 -0.264400 -0.519766 -0.226108 -0.075940 -0.259659 -0.657340 -0.299613 -0.866376 0.283685 -0.790497 0.242667 -0.579925 1.000381 0.848347 0.892478 -0.743040 0.455408 0.263404 0.087856 0.081840 -0.908761 0.471068 -0.674840 0.505461
0.533838 0.888493 -0.072879 0.687186 -0.405420 -0.820322 -0.818301 0.583077 -0.487373 0.082353 -0.386810 0.391475 0.625815 0.111057 0.044968 0.759595 -0.184497 0.360223 0.838157 -0.834600 0.478540 0.402471 0.715218 -0.551979 0.956324 -0.517576 0.060407 0.060603 -0.755643 0.108155 -0.096461 -0.330019 0.579044 -0.609215 -0.945968 -0.292544 0.494208 0.615841 0.711237 -0.247561 -0.432892 0.494006 0.179220 -0.693537 -0.727018 -0.478460 0.824702 -0.831280 0.030807 0.480735
0.635378 -0.686529 -0.699282 0.205399 -0.720444 0.507098 -0.270953 0.960733 0.918823 -0.730802 0.558890 0.619844 0.569171 -0.951107 -0.151197 0.458748 -0.051888 -0.100506 -0.025187 0.921656 -0.444305 0.093704 0.675146 -0.709141 -0.558148 0.759987 -0.858217 0.758957 -0.866927 -0.980402 0.890570 0.482579 0.758479 -0.338671 -0.258664 -0.095092 0.399662 0.089656 0.219384 -0.612218 -0.791861 0.444045 -0.072129 -0.596289 -0.249416 -0.769536 0.847176 -0.754843 -0.483742 -0.844185
0.924955 -1.041008 -0.852720 0.465054 0.642368 -0.383799 -0.672454 -0.174709 0.036148 0.932824 -0.685885 -0.688459 0.036885 -0.011959 0.275691 0.598102 -0.191754 0.624696 -0.275041 0.662986 -0.121569 0.337455 0.706774 -0.641454 -0.703977 -0.454357 0.044447 -0.086679 -1.002536 -0.882109 0.938891 -0.112281 -0.437432 0.181131 0.674399 -0.898250 0.962273 0.629870 0.264577 -0.683865 -0.861380 0.274138 0.386056 0.463216 0.370692 0.720100 -0.869826 0.619123 -0.304401 0.047090
0.764389 0.791036 0.082375 0.380119 0.584319 -0.488619 0.180606 -0.574740 0.793248 0.725737 1.018690 0.013820 0.641788 -0.708503 0.009812 0.940352 -0.149563 0.076403 1.052687 0.145303 -0.490904 1.013751 0.602181 -0.617941 0.173793 0.825541 -0.664014 0.131916 -0.820846 0.155148 -0.354774 -0.258198 -0.317702 0.505678 -0.323321 -0.577567 0.889434 -0.936004 0.169068 0.687324 0.616781 -0.927186 -0.560326 -0.337443 -0.966805 -0.232664 -0.623965 -0.321340 0.071551 -0.359673
-0.837177 -0.853665 -0.344460 0.474127 0.635616 0.076400 0.802747 -0.560515 0.013343 0.295428 -0.784885 0.699838 -0.907250 0.842639 -0.413582 -0.462166 0.945813 0.992093 -0.024975 -0.732975 0.449671 -0.415502 -0.819182 0.719381 -0.316493 -0.601359 -0.221907 -0.880171 -0.756634 -0.875974 -0.657204 -0.890700 0.773939 0.604541 -0.513303 0.813690 0.204686 -0.362906 0.476507 0.937093 0.249546 -0.312825 -0.428003 -0.576862 0.927872 0.868872 -0.401948 0.792010 0.748302 -0.401402
-0.532432 -0.101137 0.593080 0.547354 -0.310402 0.896293 -0.211212 -0.026541 0.575927 -0.527933 -0.131562 0.210676 0.855039 -0.080014 -0.730860 -0.221889 0.255722 -0.354306 0.613708 0.074602 -0.675198 -0.580825 0.036341 0.350489 0.098305 0.458509 0.290407 0.331078 -0.495937 0.362271 0.463344 0.160990 -0.264477 -0.222173 0.959668 -0.385708 -0.229399 -0.280409 1.015814 -0.543259 0.860278 0.714449 1.037211 -0.403867 0.503701 -0.138927 -0.486842 -0.516503 -0.614280 -0.385159
-0.059855 -0.157449 -0.100020 0.879462 0.421492 0.490658 0.212611 -0.798697 -0.597178 -0.691767 -0.477821 0.246032 -0.972918 -0.487044 0.350363 -0.297475 -0.777151 0.180513 0.740211 0.338190 -0.999259 -0.997361 0.459149 -0.192018 0.617528 -0.285401 -0.777657 -0.616024 0.434981 0.797566 -0.071825 -1.027286 0.583056 -0.506142 -0.079470 0.245951 0.453000 -0.660061 0.233810 -0.842002 -0.150704 0.256578 -0.751415 -0.487835 0.981714 0.946054 -0.743307 -0.533332 0.734080 -0.512826
-0.976743 0.239054 0.046600 -0.765240 -0.071240 -0.028355 -0.687088 -0.394411 -0.505997 -0.043344 -0.137734 0.269900 0.261362 0.610953 -0.072618 -0.760457 0.658460 0.559391 0.665750 -0.042259 0.251326 -0.047934 -0.486819 -0.518876 -0.099546 -0.692220 -0.182931 0.958318 0.576896 0.514076 0.702441 0.663140 0.032466 -0.859593 -0.064473 0.619435 -0.527086 0.282633 0.849230 0.200480 -0.169163 0.791952 -0.194858 0.751506 0.182495 -0.785755 0.193473 -0.955996 -0.819243 -0.128849
-0.923074 -0.622647 -0.075506 0.167072 -0.846927 0.364823 0.942420 -0.435095 0.971997 -0.492220 0.097613 0.090957 -0.188128 0.319854 0.568843 -0.241377 0.258086 -0.766659 0.878802 0.719125 -0.462886 0.617425 0.871029 0.265268 -0.163220 0.278520 0.223009 0.855270 -0.207066 -0.460206 0.958348 -0.965502 -0.842960 -0.805974 0.464899 -0.926156 0.477123 -0.283371 -0.550897 -0.781045 -0.238163 -0.485627 -0.017956 -0.151143 -0.288255 0.739534 0.395567 0.075958 0.146268 0.451066
-0.854727 0.559865 -0.539232 -0.929069 -0.667391 -0.609701 -0.417805 -0.946795 0.207014 0.454420 -0.896244 -0.596966 -0.931493 -0.696063 -0.279108 0.318553 0.140017 0.167444 -0.492072 -0.963917 -0.345725 -0.464934 -0.373475 0.197963 -0.680583 0.966978 -0.100337 0.613908 0.076153 -0.092345 0.931130 -0.080384 0.557791 0.040848 -0.955440 -0.713900 -0.099947 -0.242174 -0.137686 -0.846078 0.929060 0.737712 -0.081501 -0.758409 -0.582512 0.693146 0.081406 -0.824535 0.230888 0.048267
0.003068 0.960635 0.894929 -0.445627 -0.329284 -0.165773 0.886142 0.816612 0.236632 -1.000907 -0.256917 -0.475071 -0.725458 -0.120727 -0.221928 0.916292 1.036860 0.146805 -0.098803 0.808992 -0.861781 -0.423323 -0.931549 0.760674 0.646227 0.247762 0.569295 0.591586 -0.614250 -0.729036 -0.184292 0.596356 0.258824 0.634388 0.994485 0.047320 -0.414044 0.377142 -0.253215 0.604146 0.223470 0.905973 0.249470 0.890679 -0.594334 0.013397 -0.032612 0.726157 0.135941 0.817812
0.323586 -0.923972 0.086678 0.196108 0.434722 -0.964750 0.469835 0.268958 0.546902 0.414353 -0.963587 0.281773 0.959732 0.609620 -0.757717 0.719016 -0.337066 -0.809744 -0.128067 -0.599704 0.556129 -0.535082 -0.446565 -1.010334 -0.682929 0.333046 0.199936 -0.730272 -0.034601 0.681862 -0.886949 0.418788 0.753428 -0.550394 -0.558038 0.799687 -0.611330 -0.597768 0.477269 0.205844 0.504460 -0.189214 -0.911939 -0.155560 0.457273 -0.114889 0.137277 -0.918631 -0.151275 -0.532863
-0.257026 0.284273 0.916716 0.403846 -0.362896 0.494375 -0.197129 0.876503 -0.994965 -0.297527 0.022473 0.704082 -0.394105 -0.648449 -0.919515 0.175561 -0.956277 -0.236758 0.002268 0.415631 0.993389 0.006493 -0.603898 -0.711317 -0.450166 -0.907747 -0.903371 -0.547107 0.031997 0.010763 0.669662 -0.186954 -0.478781 -0.561939 0.552725 -0.067940 -0.607840 0.913728 0.294796 -0.819241 -0.196719 -0.046947 -0.349427 0.321929 -0.888659 0.601640 0.702430 -0.206538 0.634227 -0.739779
0.093173 0.837542 0.987038 0.862885 0.158390 -0.087542 0.404502 0.775768 -0.764793 -0.902827 0.870531 -0.020961 -0.364190 0.761984 -0.614473 0.943687 0.840546 0.827356 -0.225974 -0.045239 0.570261 0.349262 -0.728892 -0.847026 0.555763 -0.017878 -0.636111 -0.121792 0.446980 0.980896 0.552447 -0.418752 -0.728864 0.281061 0.526467 -0.134115 -0.112786 0.103377 -0.665546 -0.642563 -1.003639 0.270414 0.729945 -1.033102 0.514004 -0.513839 0.902636 0.400089 0.380143 -0.453903
-0.771534 -0.906570 -0.157627 -0.230081 -1.085590 -0.166888 -0.116127 0.943547 0.311373 0.455607 0.867209 0.972941 -0.966892 0.155737 -0.618459 -0.149864 0.013428 0.714070 -0.855252 0.973635 0.467983 -0.951804 0.371492 -0.859866 0.843181 0.189526 -0.019318 0.498431 0.031319 0.446330 -0.531368 0.058532 0.495512 0.395313 -0.026013 -0.319598 0.517603 0.378807 0.400460 -0.643299 0.491961 0.130112 0.190145 0.058161 0.824947 -0.265783 0.894760 -0.793815 0.324546 0.351088
-0.486945 -0.215354 -0.173706 -0.088053 -0.461549 -0.279253 -0.097503 -0.234728 0.697008 0.631783 -0.696876 0.661228 0.498433 0.524964 -0.412393 0.013009 -0.903989 0.930790 0.654106 0.461087 0.114781 0.701825 0.851744 -0.946289 0.854131 -0.914460 -0.654597 0.266997 0.354054 -0.761750 0.517980 -1.178667 -0.596927 -0.663448 -0.420020 -0.507992 0.911507 0.487762 -0.316161 0.697341 -0.563806 0.872297 0.969429 -0.058025 0.902237 -0.577688 -0.269596 -0.502911 -0.138447 -0.602314
0.656102 -0.118132 0.311424 0.354887 0.281759 -0.685235 0.663059 -0.618025 0.244123 0.686697 0.762642 0.342760 0.837614 -0.448954 -0.770674 1.008368 0.432443 0.503699 0.993219 0.916900 0.599556 0.585490 -0.440568 -0.229672 -0.007316 0.352629 -0.992125 0.710595 -0.051725 -0.477764 -0.812101 -1.057271 -0.108155 0.603125 0.778284 -0.822251 0.919970 -0.778662 -1.009145 -0.758513 0.872308 -0.629668 -0.504553 0.003665 0.112503 0.143010 -0.943952 -0.108836 -0.438881 0.290618
0.360408 0.487727 0.407109 0.490372 0.733053 -0.162406 -0.218213 -1.099321 1.023008 0.406327 -0.005025 -0.697022 -0.886048 -0.035624 -0.002136 0.698417 0.663809 0.385326 0.133438 -0.240279 -0.482365 0.396006 0.710774 0.877622 0.435896 -0.924621 0.287925 0.674099 -0.125915 -0.161789 -0.175322 -1.159599 -0.372584 -0.135870 -0.587030 -0.054969 0.835736 0.282331 -0.416056 -0.579789 0.951725 0.083201 -0.613444 0.333188 -0.578968 -0.981330 0.276236 -0.671978 0.889751 -0.706123
-0.275805 -0.732790 -0.477313 -0.694635 -0.658139 -0.813304 0.622839 0.116703 -0.653222 -0.776920 -0.705890 0.181989 -0.573939 0.328575 0.338787 0.664201 -0.374593 -0.837250 0.224144 -0.968906 0.618715 0.551362 -0.205993 -0.401286 0.947848 0.563131 -0.072601 -0.847264 -0.377246 -0.026275 -0.326297 0.670914 -0.483586 0.529744 0.456240 0.666158 0.699478 -0.191493 0.096565 -0.522317 -0.000860 0.586231 -0.442374 -0.563396 -0.687357 0.569336 -0.416985 0.962939 -0.821426 0.261438
-0.856869 -0.473751 0.696508 -0.041345 0.846865 -0.874386 0.860475 -0.349814 -0.673805 -0.040032 -0.694468 0.094213 -0.571538 0.880463 0.697775 -0.539663 -0.081773 0.906276 -0.070054 -0.661538 -0.327582 -0.529774 0.949373 -0.872921 0.143287 0.474443 -0.705863 -0.674410 -0.283602 -0.803813 -0.843467 -0.359238 -0.701166 0.880382 -0.509280 0.568019 0.799250 -0.812189 -0.279417 0.464002 -0.738459 -0.132350 0.827581 -0.231102 0.485389 0.227099 0.625420 -0.441900 -0.392578 -0.659840
-0.852242 -0.504495 -0.552432 0.833300 0.639817 0.369392 -0.298072 -0.818873 0.529748 -0.355297 -0.705965 -0.804144 -0.261654 0.712415 0.026007 -0.934352 -0.610573 0.792518 -0.702764 0.374344 0.069095 0.693580 -0.291627 0.593858 0.113794 0.180154 -0.257628 0.253972 0.787836 0.941719 0.826542 0.918557 0.046328 0.283136 0.806759 0.318604 0.660514 -0.562499 -0.516630 -0.268133 0.362974 -0.322064 -0.588336 0.776686 -0.757247 -0.481382 -0.474189 0.365161 -0.160917 -0.768129
0.572593 0.495030 -0.656126 0.697720 -0.786668 -0.266735 0.343629 0.336039 0.459384 -0.847412 0.063749 -0.698332 0.649013 0.583842 0.907436 0.488797 -0.944185 0.171819 -0.023879 0.230054 0.520647 0.575432 0.186167 -0.920499 0.235313 0.179064 -0.939130 0.533731 0.673184 -0.392908 -0.721618 0.249417 0.887033 0.449944 0.274255 -0.203676 0.313105 -0.617466 0.831875 0.696975 0.323659 -0.248017 -0.818917 -0.458719 -0.861788 -0.655666 -0.985712 -0.322101 -0.223345 -0.135274
-0.492961 0.811618 -0.523145 0.588759 0.984835 -0.559851 -0.023603 0.778401 -0.437628 0.263552 0.506505 0.597140 -0.086154 0.557060 -0.097588 -0.077965 -0.798993 -0.904238 -0.497645 -0.571112 1.020396 -0.211773 -0.731148 0.741877 -0.122562 -0.694381 0.608021 -0.954352 -0.029386 0.899681 -0.858095 -0.130281 0.791829 0.381493 0.782551 -0.823505 -0.319003 -0.761421 0.738521 0.353058 0.546398 -0.617747 0.002970 0.706817 -0.233080 -0.155262 0.128393 -0.787904 -0.974695 0.582128
-0.624069 -0.355711 -0.252715 0.367773 0.928764 0.178365 -0.646991 -0.715191 -0.717881 -0.980255 -0.004820 0.501022 -0.461403 0.413667 -0.763913 0.694417 -0.498416 -0.546499 -0.676709 -0.851950 0.533071 -0.576242 -0.430659 0.284944 0.202721 -0.411479 0.536018 0.572020 0.904454 0.759418 0.023436 -1.033317 -0.969219 0.892831 0.173525 0.741343 0.695454 0.583783 -0.202942 -0.200214 0.927084 -0.124005 0.053711 0.362887 -0.818112 0.462702 0.424634 -0.508401 -0.862849 0.506920
-0.856516 -0.056290 -0.859495 -0.225026 -0.655685 -0.847218 -0.705799 0.724845 0.796994 -0.378006 -0.920997 -0.134661 -0.593805 -0.719575 -1.002828 0.336263 0.266837 0.680735 0.537340 0.461743 -0.513142 0.669609 -0.086225 -0.490946 0.717809 -0.832418 -0.169383 -0.055310 0.752467 -0.532881 0.629781 0.295047 0.280727 -0.369881 0.176203 -0.275861 0.036180 0.589073 0.349664 0.213154 -0.955364 0.027783 -0.633262 -0.279257 0.132936 -0.122245 -0.849987 0.457762 -0.625037 0.630327
0.586817 0.568342 0.877543 -0.184972 0.271304 -0.064144 0.716416 -0.360977 0.877125 -0.387711 -0.304307 0.182552 -0.973702 -1.094828 -0.237277 0.747938 0.005474 0.916947 0.579121 -0.074607 0.931171 0.554447 -0.869049 -0.401169 0.201983 -0.163838 0.448047 0.537917 0.349197 -0.486992 0.121753 0.757409 -0.882010 0.464847 -0.231800 0.870298 -0.443292 -0.024780 0.274473 -0.897797 -0.452685 0.203999 -0.910158 0.092488 0.699809 1.351597 0.475324 -0.064183 1.053089 0.711943
0.793365 -0.165208 0.638178 -0.082983 -0.041916 -0.358334 -0.212683 -0.309581 0.919636 -0.750288 -0.510314 0.788405 -0.453760 -0.858436 -0.022594 0.868645 -0.757809 -0.065823 -0.856576 -0.875997 0.842654 -0.130135 -0.729306 0.631451 0.829201 -0.408975 0.799966 -0.988312 0.855660 0.769727 0.151236 0.709335 0.450737 -1.045271 -0.736928 -0.215714 0.278056 0.751268 0.639387 -0.670302 -0.022704 0.263974 -0.098448 -0.408167 0.236886 0.545339 -0.387288 0.621196 -0.473677 0.970263
0.537369 0.933557 0.299119 -0.548527 0.556074 -0.370760 0.583463 -0.085738 -1.044272 0.074900 -0.879958 -0.434957 0.769021 0.042441 -0.244894 0.775536 0.945115 0.182070 1.056345 0.757122 0.906767 0.440836 0.645482 -0.644785 -0.272256 -0.166032 0.129970 0.180338 0.167845 -1.030992 0.234447 0.053803 -0.556823 -0.595490 -1.000461 -0.995748 0.471673 -0.166024 0.114340 0.449630 -0.337259 0.758319 -0.704583 -0.036712 -0.214129 -0.885752 -0.750697 0.595446 0.353613 0.584276
-0.368633 0.466135 -0.466376 -0.620418 -0.213887 0.862067 0.540086 0.701011 0.899405 0.763139 -0.815012 -0.595232 0.301137 -0.443456 0.956796 -0.882033 0.349958 0.175102 -0.609496 -0.570540 -0.133432 -0.017704 0.168035 -0.498435 0.654639 -0.411803 0.479404 -0.988875 -0.041729 0.753908 -0.264427 -0.700332 0.153120 0.890775 -0.411597 -0.098132 0.382845 0.793951 0.105818 0.302621 -0.346765 -0.506272 -0.515338 0.663958 0.022334 -0.820573 0.679070 -0.942210 -0.120434 -0.517895
-0.880433 -0.956584 0.488646 -0.800861 -0.371240 0.030009 0.436017 -0.508492 -0.287060 0.116574 -1.009108 -0.505747 -0.052441 0.161282 0.465907 0.939139 0.633712 0.815087 0.934303 0.359129 -0.917885 0.162977 -0.563030 -0.111585 0.954319 -1.058673 -0.117334 -0.238494 -0.453890 0.511851 0.526001 -0.151708 0.877903 0.646490 0.747605 -0.746652 0.598697 0.730578 0.396180 0.652744 -0.029691 0.987909 1.076896 -0.542677 -0.773095 -0.309798 0.793839 -0.495769 -0.994285 0.441782
-0.379271 -0.926788 0.932354 -0.961564 0.791723 -0.689458 -0.603755 0.091702 0.451485 -0.067006 -0.373113 -0.296671 0.474975 -0.925111 -0.260676 0.110393 -0.283719 -0.758331 0.760838 0.609518 -0.335128 0.101476 0.841119 0.241506 -0.004460 0.503240 0.191169 0.906080 0.717398 0.253791 0.849865 -0.342347 0.674233 -0.421650 0.621787 -0.177743 -0.054339 0.535518 -0.038088 -0.025620 -0.015928 0.097652 0.873753 0.380315 0.018566 0.405546 0.665477 -0.261723 0.578804 -0.566838
-0.475028 0.792996 -0.548282 -0.523492 0.997052 -0.482146 0.985465 0.073667 0.072434 0.742269 0.326570 -0.985459 -0.100519 -0.307230 -0.179962 0.757231 -0.787090 -0.077733 -0.875146 0.688318 0.566886 -0.263276 -0.366914 0.048036 0.385797 0.524193 -0.246109 -0.048216 -0.872927 -0.659927 0.637754 -0.344578 0.540593 0.661742 0.203835 -0.722407 -0.333866 0.386638 0.726343 -0.834827 -0.425591 0.268053 -0.407800 0.130549 0.988995 -0.723561 -0.853084 0.547576 0.313794 0.508442
-0.515762 -0.672205 -0.340734 0.749398 0.809349 -0.264915 0.217959 -0.603118 0.046076 -0.375857 -0.400037 -0.826424 0.024714 0.656838 0.612251 -0.212331 0.645740 0.616508 -0.150182 -0.947832 -0.848447 -0.822027 0.382239 0.874768 0.642721 0.619653 -0.405472 0.301446 0.067177 -0.767172 -0.362266 -0.591842 0.714401 -0.438875 -0.754340 0.082910 -0.589759 -0.370709 0.048534 -0.320091 -0.922360 -0.342867 0.337458 -0.603947 0.396027 -0.410925 -0.301008 0.829348 0.013445 0.520248
0.576618 -0.618636 0.338544 -0.796047 -0.565425 -0.260402 -0.848412 -0.084827 -0.373673 -0.831389 0.865873 -0.109473 -0.626837 0.085151 0.911823 0.046335 0.120948 0.904808 1.013011 -0.962847 -0.787034 0.096436 0.111117 0.945942 0.493850 0.578254 -0.901327 0.984571 -0.022485 -0.439051 0.349349 -0.034036 -0.797496 -0.593162 0.312658 0.491881 -0.697379 0.861684 -0.637712 0.079054 0.115618 0.936222 -0.394455 0.373814 -0.129708 0.922816 0.420136 0.076256 0.082199 -0.481595
-0.167040 0.613769 -0.739383 -0.628208 0.588632 0.833731 -0.947947 -0.169791 0.990377 0.965761 -0.820309 -0.977887 0.585373 0.146555 0.132890 0.150607 0.432231 0.368770 -0.003445 0.708282 -0.454887 0.210644 0.025323 -0.213317 -0.600452 0.281488 0.398064 0.300583 0.389823 -0.466370 -0.187267 -0.276856 -0.944056 -0.128073 -0.692098 -0.612552 0.422304 0.561820 0.853372 0.597397 -0.832489 0.247530 0.602673 -0.951825 -0.321987 0.052142 -0.694089 0.305470 -0.928282 0.166464
-0.943037 -0.499307 0.877406 0.204272 -0.096804 -0.118343 -0.068261 -0.204623 0.428967 0.902155 -0.405417 -0.091391 0.249520 0.022198 0.373894 -0.683166 0.136562 -0.582913 0.622304 0.413835 -0.218247 0.869744 -0.228939 0.687477 0.643117 0.536124 0.586580 -0.667142 -0.409387 0.405451 -0.727196 -0.226062 0.989950 0.356288 0.353859 -0.740422 0.025968 -0.880076 0.287398 0.896497 -0.481151 -0.341246 0.045009 0.336634 -0.018927 -0.587042 -0.279284 -0.038064 -0.735243 -0.219708
-0.262989 -0.647196 -0.230509 -0.757929 -0.354908 -0.184840 -0.446034 -0.356332 -0.645021 0.294702 -0.688514 0.584747 0.144357 0.553021 0.184685 0.553598 0.690428 0.176249 0.349445 -0.149629 -0.316337 -0.883574 0.056935 0.181723 0.819515 -0.434156 0.292640 -0.609769 -0.903272 -0.473629 0.907477 0.072257 -0.349628 -0.469918 0.358686 0.478421 -0.052907 0.410702 0.196210 0.782169 0.572913 -0.054942 0.123434 -0.129725 -0.607180 -0.550107 -0.780524 -0.919779 0.399335 -0.796519
0.588854 0.444824 -0.239241 0.447354 -0.649895 0.312683 0.262788 -0.206233 0.970606 0.146300 -0.349251 -0.383173 -0.033685 0.590664 -0.825006 -0.062521 -0.737975 -0.151641 -0.781164 -0.764897 -0.794808 -0.159305 -0.523004 -0.738508 0.567687 0.903537 0.838624 0.805585 -0.682055 0.716824 -0.037172 0.319151 0.009014 0.844083 -0.467601 -0.341585 -0.039602 -0.943065 0.008473 -0.322905 -0.116610 0.532939 0.288784 -0.487581 0.922408 -0.364693 -0.456653 0.878733 0.095546 -0.183060
-0.277861 0.172894 -0.187653 0.443487 -0.257249 0.901696 0.141433 0.510710 0.268884 -0.351834 0.090766 0.557762 0.062425 0.749189 -0.839262 0.080917 -0.259882 -0.878310 -0.286839 0.332041 0.467101 -0.251103 -0.168658 0.917750 0.879629 -0.029125 -0.532123 0.391248 -0.547486 -0.201733 -0.664917 0.055202 -0.416798 -0.041015 -0.237622 -0.945408 -0.654337 -0.284464 -0.706493 0.332785 -1.085526 -0.526602 0.438129 0.082375 -0.781054 0.563034 -0.633987 -0.267698 -0.524203 0.294740
0.413562 0.132937 0.948404 -0.565835 -0.222990 -0.735777 0.058546 0.626094 0.349083 0.625605 -0.360446 -0.860058 -0.164853 -0.624942 0.406048 -0.535986 1.045500 -0.762680 0.110906 -0.954720 0.736760 -0.601533 -0.872732 -0.537586 -0.484463 0.330754 -0.384161 -0.867613 0.779762 -0.824661 -0.936726 0.391572 0.819389 -0.895032 0.129344 0.376725 -0.364484 -0.218346 -0.682678 0.858597 -0.814467 -0.677354 -0.095037 -0.176328 -0.482373 -0.714069 0.215454 0.674621 -0.124171 -0.967611
0.751766 0.604548 -0.333134 0.994150 0.312135 -0.603524 0.443421 0.047156 0.013336 0.441900 -0.247977 -0.276893 -0.997106 0.173336 0.755448 0.690522 -0.786788 0.294314 -0.290059 -0.506363 0.745069 -0.809125 -0.855451 -0.438530 0.679979 0.259659 0.792288 0.776401 -0.255117 0.397470 0.699640 0.295134 -0.763046 0.683920 0.722232 0.066596 0.203033 -0.454920 -0.249112 0.658896 0.679462 -0.103556 0.233029 0.159879 -0.353982 -0.034866 -0.947931 0.112618 -0.146485 -0.562704
0.681562 0.982603 0.671810 0.086979 0.944190 0.705237 0.514961 0.247261 0.998629 -0.972543 0.384901 -0.139536 -0.637688 -0.912616 0.037057 0.108044 0.414906 -0.514103 0.489987 -0.429745 0.295619 -0.396159 -0.155592 0.799989 0.090300 -0.398774 0.492107 -0.866641 -0.209274 -0.396011 -0.642098 -0.847373 -0.072094 0.139778 -0.619190 0.359245 -0.010112 -0.423947 0.865002 -0.673067 -0.012393 -0.667291 -0.702481 -0.480354 0.688682 -0.775144 -0.052545 0.166017 -0.750390 -0.193905
0.278188 -0.055269 0.810531 0.365355 0.897673 0.380707 1.010146 -0.459498 0.526523 0.135517 0.308503 0.518555 -0.430103 -0.356389 -0.889449 -0.909145 -0.439832 -0.440762 -0.742023 0.663581 -0.763391 0.563828 -0.211802 -0.952401 -0.379568 -0.567781 -0.342685 0.842563 -0.846223 0.119568 0.856154 0.114054 0.585703 0.808725 0.836198 -0.810214 -0.285557 0.540704 0.180571 -0.240259 0.653712 -0.108014 0.107173 0.987680 -0.186788 0.399455 -0.890677 -0.170320 -0.141617 -0.955088
0.255495 0.366984 -0.628335 0.081687 0.915564 -0.380439 -0.099130 0.816203 -0.620582 0.431112 -0.772903 -0.388263 0.049344 0.106993 -0.169272 0.204060 0.539879 0.687559 0.553373 -0.298239 0.142469 0.803233 -0.847054 -0.238114 0.448858 0.756048 0.784373 -0.848080 -0.764151 -0.931507 -0.209582 0.344971 0.575618 0.178596 0.418439 0.310347 0.128487 -0.224461 -0.740520 -0.768322 -0.010736 -0.621750 -0.298805 -0.673374 0.609112 0.199904 -0.891872 -0.252638 -0.143732 -0.789786
-0.285861 0.746670 0.639590 0.696171 0.359630 0.989598 0.154713 0.158139 0.557278 0.602254 0.547810 0.311018 -0.397201 -0.824599 0.963045 0.094236 -0.623784 -0.259766 -0.108297 -0.148878 -0.808717 -0.523532 0.279101 0.632177 0.145616 -0.526330 -0.878684 0.707620 0.160247 0.821812 0.176107 -0.474377 0.021871 -0.738104 -0.319994 0.369323 0.506638 -1.025566 0.178336 -0.480283 -0.936371 0.097626 0.061406 0.020347 -0.258089 0.282574 -0.601390 -0.002595 -0.950522 -0.465036
-0.778468 -0.152817 -0.061503 0.945957 -0.332318 0.392501 -0.869024 -0.507067 0.295015 -0.427331 -0.300513 0.015305 -0.968769 0.897323 0.934045 -0.157323 0.066360 0.357347 0.513524 -0.838229 0.884683 0.233891 0.638288 0.837699 -0.117447 0.369531 0.723095 0.880586 -0.611322 0.926659 -0.657739 0.810853 0.939358 -0.523457 0.948672 0.501209 -0.523707 -0.341020 -0.212565 0.089978 0.365956 -0.127795 0.621346 -0.174317 0.481164 -0.199655 0.392573 -0.168241 -0.691678 0.764966
0.962927 -0.174596 0.422597 -0.498198 0.029784 0.175905 0.949630 0.268106 0.560801 -0.405180 -0.420856 0.525499 -0.683341 -0.863305 0.080027 -0.867799 0.345382 0.143775 -0.547295 -0.088233 -0.024014 0.664893 -0.545144 -0.332858 -0.950339 0.712922 0.807966 -0.912481 -0.783886 -0.911357 0.704862 -0.459657 0.769289 -0.991995 0.376936 -0.646674 -0.959713 -0.793171 -0.655669 0.268246 0.748666 -0.945683 -0.197315 0.185213 0.351560 0.152260 -0.697014 0.726902 0.261648 0.907461
-0.398365 0.229898 0.806786 0.360707 -0.210771 0.492093 0.708525 0.897598 0.270857 0.222785 -0.833847 0.287817 0.197094 -0.312672 0.682415 0.818844 -0.474967 0.666023 -0.132540 -0.041429 -0.277676 0.743476 -0.974611 -0.416694 -0.389947 -0.467966 0.783907 0.017262 0.395636 0.938605 -0.327797 0.501923 0.085002 0.286034 0.934320 -0.694715 -0.239822 0.892299 -0.945526 -0.561857 0.677129 -0.394157 0.452154 -0.496744 -0.316816 -0.199482 0.738248 0.326560 0.485611 0.527079
-0.501559 0.201720 -0.027947 -0.060491 -0.767142 -0.497756 0.470729 -0.803197 -0.247250 0.831099 0.070816 0.942534 -0.263142 0.696416 -0.826971 0.796753 0.363545 -0.476547 0.436168 -0.552249 0.144784 0.179539 -0.816727 -0.711087 -0.238640 -0.334637 0.235547 -0.134715 -0.498380 -0.714216 0.655510 0.734708 -0.226147 -0.437431 0.787269 -0.204483 -0.858896 -0.767424 -0.687948 0.543928 0.794187 -0.558619 0.163592 0.014848 -0.611748 0.272871 0.593698 0.161048 -0.774137 -0.416254
-0.563742 -0.711649 -0.196399 0.546840 -0.313317 -0.738387 -0.084841 -0.627682 -0.324213 0.756758 -0.371905 0.937072 -0.980310 -0.778546 0.905962 -0.569434 -0.163042 0.004569 0.198730 -0.065719 -0.114149 0.238747 -0.001663 0.258885 0.894452 -0.735860 -0.706548 0.846480 -0.482220 0.079958 0.049107 0.104034 -0.451047 -0.004916 0.632684 -0.682930 0.163038 0.686319 -0.124417 -0.180177 -0.811676 -0.668851 0.706224 -0.360224 -0.897944 -0.969396 -0.771026 -0.559332 0.016168 0.423835
-0.744382 -0.357767 0.736539 -0.504545 0.194818 -0.733718 -0.444455 -0.807358 -0.079835 0.820155 0.530898 0.742573 -0.261233 -0.117205 0.945792 0.613529 0.546227 -0.665473 0.247516 0.921770 0.495604 0.367828 0.933013 0.649117 0.529141 0.607211 0.161093 0.750313 0.889259 0.869811 0.032587 1.026158 0.358951 -0.286351 0.937692 -0.790079 -0.006389 0.870214 0.247246 0.505858 -0.241212 0.330084 -0.736642 0.498171 0.330553 -0.026880 0.575870 -0.153340 0.093935 0.822772
-0.974671 0.404752 -0.120890 0.662166 -0.795022 0.701867 -0.199593 0.497805 -0.988232 -0.313074 0.754182 -0.630233 0.767727 -0.825281 -0.486841 -0.908363 0.761509 -0.654181 -0.703143 -0.215773 -0.433000 0.990788 -0.203687 0.655776 0.073562 0.459473 -0.096180 -0.053904 -0.417329 0.543669 0.842841 0.326407 0.734472 -0.238838 -0.312313 0.777712 -0.964713 -0.979017 -0.316243 -0.207729 0.621795 -0.588955 0.692909 0.677837 -0.913626 0.390470 -0.357349 0.276418 0.199944 0.923055
-0.628410 -0.449343 0.461127 -0.146661 -0.278375 0.936288 0.161184 0.543125 -0.492066 -0.577525 0.020606 -0.687088 0.113601 -0.107980 -0.424354 -0.126069 -0.448323 -0.053289 -0.814154 0.013862 0.034878 0.325272 -0.856760 0.030254 -0.427682 -0.270306 -0.070978 -0.748032 -0.940012 -0.670011 -0.002665 -0.259751 -0.323358 -0.314997 0.385461 -0.735063 0.709473 0.751839 0.384211 -0.838154 0.500775 -0.393418 0.486527 0.030735 0.231780 -0.749321 0.362344 0.450456 0.513639 0.093651
-0.707659 -0.011409 0.644256 -0.538223 0.139804 1.071824 0.097623 0.861046 0.504832 -0.189171 -0.949267 -0.624349 0.135477 0.676726 0.026555 -0.515766 0.537151 -0.826272 -0.749697 -0.865176 0.199747 -0.334751 -0.549571 0.288130 0.711743 -0.761862 0.171429 0.169819 -0.005864 0.797659 0.359474 -0.666641 0.600293 0.628025 0.735195 -0.872945 0.527890 -0.876840 -0.428988 0.909438 0.521324 -0.712126 -0.186079 0.346898 0.212771 0.044622 -0.124551 -0.426420 -0.709406 -0.033147
-0.251546 0.288515 0.493531 0.804244 0.379261 -0.434084 -0.267295 -0.935321 0.152557 -0.631644 -0.729495 -0.963960 -0.097634 0.084506 0.937187 -0.579141 -0.772990 -0.157563 0.977359 0.252730 0.767338 0.612270 0.196170 0.462514 1.021441 -0.669079 0.380968 0.761689 -0.289261 0.523826 0.429657 0.368080 -0.814171 0.828668 0.744792 0.835301 0.728083 -0.708702 0.132393 -0.597365 0.267700 0.926254 -0.037065 -0.456711 0.145092 0.506795 -0.624793 -0.352899 -0.934337 -0.498163
-0.292289 -0.518262 0.645081 -0.714308 -0.952106 -0.394436 -0.190967 0.243320 0.788032 0.303583 -0.286228 0.751363 -0.608942 -0.219042 -0.141757 0.791291 -0.982728 -0.190446 0.929068 -0.652240 0.567398 -0.002119 0.179382 0.722455 1.020364 -0.827475 -0.219610 0.184690 0.544095 -0.243285 -0.665692 0.477712 0.704206 -0.890770 -0.472555 -0.160753 0.417469 0.214131 0.566398 -0.201076 0.357503 0.209587 -0.134170 0.711053 -0.022882 0.871469 0.081846 -0.722300 -0.156734 -0.378975
-0.976112 0.834363 -0.099968 0.450971 -0.938326 -0.898306 0.232229 0.191844 1.010649 1.003466 -0.747034 -0.771521 0.420725 0.467891 0.155737 -0.095611 -0.931352 -0.792472 -0.254980 0.575998 0.298264 0.625596 0.487643 -0.762167 -0.063650 0.896867 0.550745 0.169623 0.365073 -0.625743 0.199001 -0.613573 0.383822 -0.324516 -0.956750 0.317268 -0.496017 0.103667 0.683549 0.895713 1.011807 -0.145188 0.199246 -0.869190 -0.436867 -0.842957 0.490686 0.893722 -0.589196 0.183837
0.358207 0.876428 -0.685697 -0.926914 -0.228503 -0.493149 -0.674699 0.978095 0.513187 0.529405 -0.837084 0.104912 -0.884480 -0.535519 -0.626987 -0.021271 -0.253434 -0.741764 -0.491860 -0.551277 -0.961546 -0.951472 0.289917 0.537954 0.212727 -0.435527 0.022840 -0.265705 0.686197 0.600801 -0.829979 -0.314019 -0.693682 -0.408945 -0.032501 0.006984 0.261543 -0.007477 -0.465969 0.364950 1.011037 -0.345278 -0.530800 0.583854 -0.141486 -0.117026 0.334349 -0.199266 -0.080741 0.196343
-0.530441 -0.465803 0.116333 -0.675363 -0.713516 -0.154349 -0.140501 -0.606279 0.175807 -0.007953 0.334551 -0.501499 0.922132 -0.382663 -0.274637 0.654040 -0.778801 -0.036626 -0.442419 0.042695 0.272442 -0.256288 0.955294 0.626328 -0.119677 -0.426411 0.021577 0.178979 -0.826447 0.800015 0.301197 0.729142 -0.995730 -0.356031 -0.438887 0.763751 0.612587 -0.862471 -0.346347 -0.630456 -0.198000 0.634333 0.676695 0.025457 -0.261833 0.548254 -0.584256 0.708073 1.046468 -0.252365
-0.074878 0.118545 -0.730434 0.355824 -0.614445 0.341637 -0.129924 0.374618 -0.904423 0.362574 0.381896 0.391082 0.176542 -0.422302 -0.374898 0.787544 -0.251035 0.482258 0.182676 0.532496 -0.215183 -0.840231 -0.336761 -0.699905 0.231751 0.601287 0.077262 -0.961507 -0.469227 -0.481729 -0.757022 -0.817559 -0.225368 0.671364 -0.965105 0.783842 0.312056 -0.009024 0.241897 1.008359 0.552571 -0.966851 -0.806242 0.090438 -0.026166 -0.817248 -0.107782 -0.762630 -0.120674 0.356709
0.029975 -0.940935 0.618345 0.955663 -0.629959 0.470402 -0.611794 -0.598173 0.469671 -0.440122 0.464496 -0.097933 0.312793 0.495420 0.472009 -0.073465 0.767181 0.575050 -1.072753 -0.056564 0.257511 0.788778 -0.320823 -0.696727 0.505986 0.950436 -0.474362 -0.002030 -0.628486 0.502268 -0.267353 0.007218 -0.060522 -0.333261 -0.254016 -0.788059 0.810033 -0.529508 0.431960 -0.473263 0.343740 0.953909 -0.556839 -0.551282 -0.733948 -0.396315 -1.068872 0.085145 -0.824307 -0.005120
0.510208 -0.788174 0.565512 -0.024652 0.457941 0.024451 -0.898604 -0.013545 -0.038867 -0.772087 0.715038 -0.193841 0.440691 0.865963 0.776809 -0.229238 0.711430 -0.425716 -0.472689 0.310377 -0.009141 0.084049 0.170718 -0.456560 0.745237 -0.004797 -0.770499 -0.339714 0.247846 0.323373 -0.642449 0.837174 -0.460643 0.005940 -0.497587 0.660349 -0.156902 0.133694 -0.054905 0.059708 0.856129 0.872527 -0.705041 -0.859040 -0.962719 0.618700 -0.636904 0.859343 0.729185 -0.965357
-0.967859 -0.779989 -0.888564 0.575817 0.441739 -0.215797 -0.204726 0.403606 0.297171 -0.027823 -0.411737 0.150328 -0.475759 -0.346741 -0.675769 1.090552 -0.333812 0.151645 -0.684294 0.804929 0.922242 0.917387 -0.790364 0.047024 0.050039 0.707777 -0.539905 -0.301209 0.945307 0.661853 -0.506921 0.014329 -0.160515 0.586052 -0.258016 -1.003668 -0.621507 0.229517 -1.010506 0.377471 -0.276455 0.219212 0.907165 -0.311101 0.700924 -0.163660 -0.375497 0.003163 -1.027793 -0.858710
-0.574598 -0.501504 -0.477998 -0.723927 -0.664795 0.908066 -0.046991 -0.680047 -0.501165 0.674873 0.369749 -0.524460 -0.278958 -0.092991 -0.742407 0.930324 0.746289 0.732750 -0.250659 -0.459616 0.774480 -0.807344 0.400862 0.662566 -0.872908 -0.671386 -0.461247 -0.516680 -0.166563 -0.151045 0.208099 0.723518 0.893999 0.698636 -0.856989 -0.525777 0.131023 -0.207388 -0.152069 -0.157352 -0.776582 -0.354809 0.449769 1.070228 -0.112851 -1.083796 0.107528 0.815171 -0.945570 -0.808331
0.402106 0.169749 0.781526 0.468231 -0.766916 0.786720 0.521544 0.312952 0.908551 -0.180440 0.603453 0.408481 -0.159358 -0.247961 -0.032735 0.065462 0.621673 -0.156367 0.535740 -0.881345 -0.598612 -0.709180 -0.852565 -0.936520 -0.533798 0.922816 0.076119 -0.361587 -0.431404 -0.149770 0.631956 0.356717 0.318623 0.900372 0.094940 -0.183865 0.458593 -0.401542 0.621316 -0.591719 0.130216 0.881054 0.835921 0.165333 -0.881323 0.613799 0.918137 0.072574 -0.894869 0.827322
-0.375699 -0.249646 0.210006 -0.989971 -0.660698 -0.863213 -0.329149 0.083995 0.188208 -0.027786 0.544938 -0.269526 -0.378748 0.836810 -0.244279 0.768665 0.386117 -0.793979 -0.544553 -0.958647 0.551498 0.370197 0.379651 -0.394658 -0.302798 0.219313 -0.916933 0.790788 0.718444 -0.211951 0.988011 0.576023 0.449094 -0.951231 -0.701345 -0.337800 0.009928 0.486568 -0.631056 -0.437253 1.029654 -0.127136 -0.141947 0.863854 0.915632 0.548928 0.741991 -0.043480 -0.320759 -0.546518
-0.247103 0.766954 -0.670991 -0.721496 0.821799 0.475385 -0.795253 -0.989887 0.645385 -0.520173 0.313909 0.393455 0.474488 0.087731 0.596010 -0.051920 -0.851849 -0.463612 0.910644 -0.611699 -0.409446 0.499170 -0.476711 0.205443 0.724753 0.642840 0.225642 -0.154564 -0.208610 -0.176658 0.639632 0.273045 -0.305453 0.068197 0.868486 -0.642389 -0.477401 0.866908 0.304634 -0.215430 0.150654 -0.863150 -0.924450 0.432658 0.045616 -0.638681 -0.383251 -0.424573 0.225281 0.796958
-0.009768 -0.328058 0.453580 -0.190707 0.619725 0.061427 -0.447771 0.900948 0.097966 0.958518 -0.788482 -0.327457 -0.586716 -0.186320 0.013811 -0.876007 0.719375 -0.966503 -0.808917 -0.279195 0.834446 -0.927963 -0.127228 -0.295154 0.400918 -0.330161 0.073848 -0.106983 -0.972639 0.780703 -0.653912 0.575698 0.550049 -0.609153 -0.825384 0.873910 0.782408 -0.894646 -0.458647 0.602499 0.722987 0.574694 -0.099707 -0.615238 -0.046748 -0.509556 0.086623 -0.762269 0.222310 0.184422
-0.953554 0.880692 0.612272 0.849496 0.878628 0.605882 0.626103 -0.399547 -0.926944 0.930577 0.348800 0.018429 -0.030683 -0.006382 0.189417 0.470516 -0.312318 0.053025 -0.748760 0.552580 0.030173 -0.081143 -0.162705 -0.157505 0.614674 -0.252704 0.631525 0.216228 0.368939 0.573399 -0.437976 -0.848844 -0.124321 0.700981 0.167006 0.766293 0.493840 -0.267796 -0.979858 0.256282 -0.356005 0.688091 0.798564 0.887158 -0.831812 0.254817 -0.271359 -0.958924 -0.834579 0.396435
0.148747 0.298049 0.782109 0.188876 0.749907 0.123888 -0.738945 0.508828 0.401174 -0.263248 -0.163234 0.270153 -0.584161 0.725052 0.902906 -0.109124 -0.155937 0.144633 0.191829 0.338128 -0.327245 -0.433172 -0.721219 0.193274 0.424048 0.170731 0.817383 0.257918 -0.305398 0.448042 -0.149300 0.520637 -0.014428 -0.433446 -0.783965 0.446785 -0.559927 0.610205 0.491834 -0.136655 0.457018 0.022367 -0.008284 0.858419 -0.333157 0.931132 -0.308444 -0.898624 -0.399135 -0.012926
-0.617646 0.267540 -0.927070 0.373427 1.016830 0.821384 -0.909227 -0.795568 -0.598895 -0.467151 -0.191018 0.183064 -0.817794 0.074328 0.053742 0.264034 -0.658655 0.660079 -0.745990 0.458846 -0.443042 0.696774 0.044373 0.604118 -0.955930 -0.146842 -0.231742 -1.062092 -0.373790 -0.657131 -0.736711 0.727948 0.529621 -0.908244 0.653191 -0.963284 0.809208 -0.374777 0.281420 0.859145 -0.372086 0.336604 0.437228 0.949324 0.206814 -0.250124 -0.185527 -0.242368 -0.524097 -0.044214
0.001377 -0.431777 0.366571 0.073446 0.909320 0.468200 0.295954 0.281393 -0.807518 0.107575 0.924958 -0.815709 -0.204961 -0.176636 -0.268659 -0.677632 0.572556 -0.178971 0.682094 0.593454 0.499740 -0.707218 0.011551 1.013639 0.167039 -0.107267 -0.705540 0.180043 -0.100659 -0.762001 -0.087046 0.318419 0.371775 1.015445 -0.933731 0.797505 0.147716 -0.320068 -0.825291 -0.844230 -0.919992 -0.411516 -0.014192 -0.750875 -0.962349 1.169719 -0.112520 -0.997800 0.593563 -0.495031
-0.598090 -0.171509 0.483454 0.287891 0.352408 -0.604462 0.518499 -0.335830 -0.544713 -0.134008 -0.053015 0.352481 0.770107 -0.661008 -0.870343 0.592819 -0.950078 -0.855857 0.531243 -0.465549 0.232809 0.305939 -0.184314 0.974790 -0.653745 -0.103491 0.216094 -0.647450 -0.111760 0.479570 -0.320391 0.499439 -0.989566 0.945442 -0.379411 0.410474 -0.490720 0.172149 0.548684 0.310348 0.755896 -0.890873 -0.015820 -0.690405 -0.764069 -0.024993 -0.825979 -0.005508 0.450778 0.268506
0.486560 -0.608371 0.138484 -0.193761 0.132917 -0.574341 -0.597007 1.064476 0.534614 0.817049 0.202550 -0.907615 0.172552 -0.892590 -0.767803 0.130759 0.749484 0.763307 0.718595 -0.176426 -0.955509 -0.126662 -0.222753 0.516704 -0.206330 -0.578008 -0.507993 0.590182 -0.491127 -0.123705 -0.636606 -0.719992 0.281304 -0.366660 -0.523618 -0.848325 0.168150 0.393157 0.788608 -0.746177 -0.715422 -0.131864 -0.508234 0.628938 -0.124867 -0.598382 -0.826727 0.657229 0.532548 -0.092728
0.497298 -0.723373 0.878149 0.144630 0.492899 -0.237947 -0.231071 0.406928 0.335541 -0.619100 -0.923227 0.586850 -0.408585 -0.028189 0.392461 0.275149 0.734421 -0.803457 0.314028 0.144701 0.849087 -0.846247 0.161865 0.239536 0.878148 -0.433506 -0.194074 -0.615262 0.571439 0.877866 0.423602 -0.283130 -0.408250 0.412897 -0.795852 0.355279 0.345551 0.258309 -0.120120 0.219657 -0.195659 -0.011663 -0.019723 0.356234 -0.814435 0.436760 -0.354321 0.928017 -0.339281 0.531639
0.248571 -0.702554 0.873203 -0.179743 -0.157609 0.114241 -0.726666 0.347742 -0.657619 -0.241640 0.467792 0.290242 0.701995 -0.677622 0.231254 -0.476179 -0.663307 -0.221710 0.741173 -0.704317 0.677022 0.064380 0.988000 -0.848442 -0.755976 0.945056 0.051563 0.350655 0.226988 0.744697 0.489894 -0.696911 0.675922 -0.932287 0.967090 0.451203 0.815305 0.844733 -0.127857 -0.073058 -0.509709 -0.350790 -0.863002 0.751708 -0.837249 -0.925813 0.369620 0.698608 0.892707 0.878178
0.502116 -0.938984 -0.941170 -0.828152 0.071911 -0.051363 -0.869225 -0.908791 -0.512490 -0.731065 0.024254 -0.544289 0.570712 0.190541 0.032093 -0.409072 -0.157107 0.823814 0.522231 0.141735 0.860122 -0.241509 -0.221890 -0.766389 -0.229465 0.688397 -0.370955 0.533070 0.319272 -0.287634 1.013600 0.486953 -0.686107 -0.052004 -0.775786 0.662593 0.944910 -0.311957 -0.068856 -0.741507 -0.467531 -0.955362 1.093702 -0.453906 -0.169407 -0.043286 -0.915417 -0.017484 -0.072822 0.404944
-0.006767 0.159571 -0.543079 0.931425 -0.921776 -0.181850 -0.533438 -0.246177 -0.508031 0.764545 -0.585529 0.334652 -0.918084 -0.068993 -0.859969 -0.147503 -0.185402 0.840064 -0.835552 -0.140363 -0.959687 0.277705 -0.728807 -0.980785 -0.153337 0.175068 -0.351642 -0.953129 -0.684336 -0.151293 -0.950663 -0.268569 0.134785 0.281460 -0.349986 0.091076 -0.702698 0.474645 -0.107307 0.409732 -0.064476 0.271309 -0.829974 -0.115175 0.881453 0.223075 -0.328472 0.754946 0.652447 0.601800
-0.529787 0.333285 0.915478 0.324083 -0.149858 -0.702005 -0.628805 0.602017 -0.126827 -0.906758 -0.778969 0.227570 0.965448 0.816310 0.118874 -0.550377 -0.847957 -0.690052 0.936282 -0.235254 0.165614 -0.195558 -0.798757 0.684871 -0.043825 0.110594 -0.855331 0.686375 -0.911347 -0.815308 0.932196 0.008204 0.741742 -0.464642 0.632954 -0.236445 -0.328360 0.220723 -0.474608 0.524996 0.814569 -0.027820 0.005528 -0.064508 -0.839877 0.353596 0.103522 0.332412 0.633589 -0.891394
0.869729 -0.140534 0.990465 -0.859538 0.489554 -0.858030 -0.631346 -0.665496 0.114409 0.893316 0.880028 0.224640 -0.111812 0.340022 -0.306218 -0.618271 0.004171 0.526351 1.014649 -0.601410 -0.155155 0.316874 -0.434152 -0.242658 -0.958285 0.120478 -0.346356 0.204955 0.725625 0.399957 -0.370091 0.259956 0.808736 -0.710895 -0.409964 -0.510308 -0.329522 0.791753 0.861659 0.249319 -0.799812 0.914271 0.281431 -1.019599 -0.780805 -0.327960 -0.174249 0.021362 -0.657096 -0.780909
-0.290775 -0.620770 0.441884 -0.586372 -0.838589 0.915693 0.987092 -0.577914 -0.229268 0.616663 -0.851664 0.741261 -0.153574 -0.443730 0.014850 0.058023 0.339631 -0.309556 -0.555909 -0.539735 -0.727011 -0.617533 0.009512 0.648084 -0.033934 0.250850 -0.381354 0.272799 0.659572 -0.934385 -0.280311 -0.427242 -0.744202 -0.402989 0.874321 0.173129 -0.539455 0.317928 -1.026100 0.642780 0.827487 -0.092299 0.148212 -0.915708 0.902923 -0.380486 -0.387552 -0.280646 0.774320 -0.462362
1.004570 0.449832 0.755013 0.131149 -0.276345 0.537420 -0.706895 0.560176 0.679667 -0.763889 0.728318 0.889491 -0.581122 -0.999685 -0.192172 -0.865894 0.975962 0.424237 0.569799 -0.098166 -0.415165 0.916177 -0.024150 0.412717 -0.429103 -0.041289 -0.418837 0.432681 0.623818 -0.284632 0.659223 -0.136432 -0.736084 -0.856890 0.036073 0.261172 0.624936 -0.379120 -0.413639 -0.609028 -0.201318 -0.130534 0.242647 -0.902356 -0.960273 -0.892737 0.664329 -0.070593 0.471309 -0.228680
-0.502680 -0.295423 -0.970032 -0.335671 -0.050279 0.655182 0.204684 0.491626 0.385923 0.672743 -0.789868 0.804221 0.046789 -0.623738 -0.173197 0.840339 -0.545709 0.951853 0.386927 0.885688 -0.561634 -0.280207 -0.573386 0.805418 -0.004258 0.045325 0.112049 0.917604 0.748102 -0.587957 0.901065 0.252457 0.149768 -0.640007 -0.224965 -0.460677 0.381128 0.336821 0.610924 -0.521452 0.379705 0.424864 0.135813 -0.779770 0.782965 -0.547050 0.249404 -0.123206 0.688719 0.024251
0.495757 -0.297019 -0.080140 -0.637230 -0.673481 -0.256821 0.894759 -0.136232 0.599423 0.505541 0.132779 -0.131084 -0.930974 0.117509 -0.940283 0.187981 -0.287863 0.988994 0.729995 -0.568358 -0.268814 0.518603 -0.975683 -0.803273 0.855360 0.724978 -0.096658 0.262615 -0.806777 0.527394 0.897215 0.593203 0.437046 0.671547 -0.660527 0.433360 -0.430173 -0.357001 0.665530 -0.521615 0.570906 -0.219282 0.451065 0.511235 0.894398 -0.408167 0.695602 -0.751238 -0.886033 0.298882
0.535994 -0.254979 -0.268416 -0.839899 0.300454 0.619908 0.459407 0.863383 -0.000394 0.008179 0.661800 0.398580 -0.338403 -0.369492 -0.653420 -0.346924 -0.643793 -0.603574 -0.681119 0.205455 0.939409 -0.770653 -0.790070 0.522498 0.054511 -0.529446 -0.567145 0.324316 0.765323 -0.288480 0.866530 -0.488893 0.808138 0.727666 0.122222 0.341112 0.014406 -0.025786 0.612390 0.030461 -0.279271 0.690119 -0.389593 0.282616 -0.333296 -0.232365 0.146310 -0.008766 0.199776 -0.851665
0.684873 0.890577 0.005253 -0.827350 -0.698541 -0.030429 0.773937 0.207741 -0.768957 -0.242897 -0.054645 0.363576 -0.616203 0.599514 -0.499311 0.300261 0.450919 -0.404807 -0.352767 -0.126867 0.297761 0.743404 -0.732006 1.019426 0.656403 0.862943 -0.100285 0.210680 0.651524 -0.575580 -0.282241 0.352369 0.444783 0.031693 -0.570959 0.553942 0.128063 -0.474506 -0.341357 0.616414 0.834387 -0.648630 0.284562 0.869462 -0.249846 0.609529 0.118696 0.147777 -0.676216 -0.103975
-0.196518 0.810155 0.668326 -0.605276 -0.433649 -0.552138 0.169511 0.824162 -0.365752 -0.174411 0.136476 0.656611 -0.090665 0.915120 -0.330365 -0.528586 -0.356509 0.325488 0.141974 0.713399 0.119284 -0.359295 -0.020814 0.552046 0.755848 0.608728 -0.920000 -0.453459 -0.452548 0.411615 -0.761402 -0.945792 0.181259 -0.469566 -0.032445 -0.130557 0.880486 0.191089 -0.549388 0.256711 -0.770493 0.845785 -0.160411 -0.402990 -0.868593 0.280837 0.655190 -0.045224 0.601188 0.315891
-0.416489 -0.067393 -0.239957 0.563539 -0.109499 -0.601552 0.763254 0.600765 0.079600 0.937595 -0.213605 -0.270091 -0.599849 0.189665 -0.715111 0.685946 0.889818 0.014948 0.543869 -0.199646 -0.160216 -0.853697 0.273920 0.803136 -0.934425 -0.310441 0.122084 0.504970 0.070948 0.116028 -0.665545 0.255305 -0.651740 0.272168 -0.375138 0.788950 -0.007648 -0.480584 -0.636507 -0.711454 0.352042 0.053890 -0.159823 -0.533071 -0.882807 0.151080 -0.424414 0.160024 -0.007876 0.844995
0.449806 -0.383339 -0.652166 0.210726 0.730619 0.417164 -0.187365 0.728680 -0.560708 0.321527 0.552962 0.171990 0.849328 -0.274014 0.352089 -0.465623 -0.632801 -0.064641 0.691996 -0.914551 0.015958 0.743028 0.869512 0.582691 -0.908008 -0.451288 -0.470088 0.265457 -0.183606 -0.533957 0.261537 0.118125 0.359146 0.720826 -0.372876 0.186506 0.883264 0.825355 0.296361 -0.939179 -0.205663 -0.253263 0.712595 0.637382 -0.584112 0.786428 -0.160524 0.482141 -0.207126 -0.547487
0.353629 0.303517 0.760087 -0.696185 0.637026 0.853840 -0.697737 0.039617 -0.902068 -0.513194 -0.622550 0.390043 0.605224 -0.639803 0.152845 -0.275602 0.792453 0.391450 -0.245577 -0.003254 0.469971 0.000034 -0.113262 0.649596 -0.668476 -0.463488 -0.229758 0.404257 -0.634495 -0.663148 0.683294 0.584337 -0.515297 -0.047327 -0.797705 0.572278 0.912530 0.932328 -0.996938 0.336349 -0.104804 0.309253 0.247129 0.566160 -0.892899 -0.216302 -0.912697 0.679857 -0.230208 -0.313831
-0.186811 -0.397355 0.823526 0.408113 0.478294 -0.219976 0.438850 -0.149637 0.045534 0.421038 0.263625 0.914059 -0.173244 -0.535304 0.924858 -0.255453 0.115855 -0.168886 0.874495 0.060183 0.682915 0.332933 -0.032228 -0.276585 -0.885277 0.778961 -0.533757 0.630272 0.387792 0.339541 0.336543 0.137805 0.529820 -0.774223 -0.893235 -0.137904 0.432790 -1.020436 -0.174488 0.213184 0.578281 0.283738 -0.732869 -0.040097 -0.432149 -0.785380 -0.134167 0.384216 0.428744 -0.444656
-0.299322 -0.546924 0.293616 -0.723664 -0.268764 0.008066 0.701885 -0.181481 -0.433102 0.591317 -0.364707 -0.810869 0.105450 -0.016054 0.631831 0.460421 0.974100 -0.789888 -0.595696 -0.409834 -0.620632 -0.948291 -0.910693 -0.400010 0.450903 -0.064021 0.915027 -0.951901 0.697989 -0.535389 0.081124 -0.650154 -0.276177 -0.389038 0.864301 -0.212259 0.549790 0.170420 0.277987 0.434520 -0.170115 0.169863 0.497297 0.307208 0.930463 0.805948 -0.700815 -0.257852 0.906674 0.684191

Bias v0 (Oculta):
-0.921352
-0.154206
0.230871
-0.590023
0.235853
-0.788164
0.234872
0.351396
0.813416
-0.692985
-0.145181
0.337491
0.673320
-0.672636
0.233578
0.558881
0.153365
0.843472
0.236139
0.344612
0.784815
0.883982
-0.119161
-0.990128
0.057047
-0.228910
-0.171902
0.733212
-0.981018
0.161339
0.308770
-0.719029
-0.287973
-0.819092
0.983704
-0.307063
-0.439819
0.481901
-0.341532
0.679298
0.472923
-0.156411
0.104059
0.572466
-0.757405
-0.609783
0.383213
-0.842560
-0.914628
-0.563210

Pesos w (Oculta -> Sa獮a):
0.045800 -0.842668
-0.164975 0.880724
0.546939 0.545507
-0.562513 -0.085988
0.875123 -1.059026
0.418997 -0.935520
0.119919 -0.093718
-0.727879 0.534355
0.787354 0.422656
0.440701 -0.439453
1.102612 -0.231318
-0.338300 0.148599
-0.265149 -0.682057
0.501205 -0.340565
0.512738 -0.617417
0.420883 -0.974585
-0.380939 -0.618872
-0.039485 -0.271605
1.376765 -1.259061
0.940719 -0.257197
-0.169088 -0.436040
0.117799 -1.043630
-0.350341 -0.452729
-0.683810 0.190932
-0.268115 -0.197160
-0.578369 -0.030776
-0.664957 0.100013
-1.039527 0.944794
-0.576204 0.226542
-0.133724 0.752572
0.438063 -0.108912
-1.660030 1.717378
1.211902 -0.203098
-0.530878 0.833198
-0.025088 -0.112246
-1.046615 0.844534
0.682904 -0.533085
0.041500 0.924913
-1.081320 0.582534
0.314364 0.115654
0.112168 -0.701522
-0.436104 -0.396656
0.540901 -0.229877
0.493594 -0.906463
0.023735 0.121206
-1.331265 1.479985
-0.432427 -0.808335
-0.178933 0.243348
-0.952810 0.428468
-0.270013 -0.048067

Bias w0 (Sa獮a):
0.700003
0.860793
