Pesos v (Entrada -> Oculta):
-0.607774 0.479867 0.507079 -0.033155 -0.577620 -0.393206 -0.688658 0.208984 0.404434 -0.320464 0.444738 0.133134 -0.304869 -0.424430 0.798887 -0.724122 -0.652997 0.884483 0.244546 0.266485 -0.194631 -0.981661 0.669279 -0.084791 0.872482 0.740664 0.320242 0.493944 -0.679103 0.322485
0.318208 0.001952 -0.917421 -0.938067 -0.129556 0.242917 0.941983 0.427371 0.998860 -0.615010 0.286307 -0.561918 -0.336048 -0.104251 0.069061 -0.246554 -0.357499 -0.984145 0.936596 -0.407347 0.153654 -0.406806 0.296553 -0.531027 0.719956 -0.745014 0.234498 -0.519481 0.937731 0.945114
0.877348 -0.836267 -0.899601 0.193312 -0.895896 -0.373899 0.993213 0.307870 -0.892397 0.022979 0.804330 -0.468565 -0.110880 -0.652976 -0.718079 0.254835 -0.907420 -0.516429 -0.605357 -0.379537 0.690769 0.381069 0.000723 -0.539247 -0.634037 -0.456054 0.270546 -0.155605 -0.094063 0.584799
0.034733 0.167343 -0.624966 -0.651915 -0.901793 0.862681 -0.830682 0.806674 -0.153492 0.512551 0.606022 0.209433 -0.604457 -0.856626 0.749503 -0.331311 -0.701113 0.767994 -0.647265 -0.559955 0.874052 0.312280 0.794599 0.638110 -0.073449 -0.399035 0.193583 0.940575 0.927738 -0.984513
-0.112926 -0.776404 0.262325 -0.882741 0.333325 0.650721 -0.964113 0.522392 0.611776 -0.672409 0.590137 -0.572226 0.586890 0.082381 0.714421 0.602450 -0.298610 0.499756 0.828245 0.909855 0.584149 0.356518 0.562702 0.257766 0.476051 0.269779 -0.798027 -0.879934 -0.281402 -0.707877
-0.751030 0.579823 0.788935 -0.885741 -0.884947 -0.919732 -0.554934 0.961985 -0.192612 -0.045718 -0.089208 0.317057 0.821711 -0.158866 -0.164223 0.357815 -0.898591 0.699578 -0.795557 0.597950 -0.683474 -0.394521 0.341068 0.503834 0.410264 0.766355 -0.057312 0.483483 -0.677309 0.367221
-0.271746 -0.659622 -0.133288 0.054975 0.268872 0.407003 -0.010511 -0.154660 -0.014883 0.083778 0.065190 -0.826928 -0.009592 -0.700218 -0.882638 0.292499 -0.467406 0.716982 0.952803 0.071609 0.478914 0.806594 0.603443 -0.141676 0.468250 -0.720939 0.948059 0.076348 -0.747790 0.290827
-0.013015 -0.753911 0.123030 0.556456 0.270497 -0.791893 -0.637360 -0.635488 0.866687 -0.739394 -0.839589 -0.865589 -0.413797 -0.786224 0.553990 -0.602769 -0.729139 0.560550 0.184732 -0.504098 -0.703500 0.108308 -0.583721 0.349413 0.364943 0.207299 0.440881 0.884932 0.724947 -0.336941
0.463426 0.323039 0.480968 0.187732 0.899664 0.571845 0.570862 0.242006 0.581455 -0.556859 -0.707663 0.829695 0.839790 -0.714483 -0.320222 -0.851354 0.338059 -0.518329 -0.409366 -0.761692 0.638193 -0.027715 0.127258 0.630983 -0.031402 -0.594718 -0.370821 0.126776 -0.195057 0.555264
0.157317 0.283872 0.684818 -0.840183 -0.733054 -0.850400 0.131977 0.337423 0.873052 0.453670 0.198354 -0.702450 0.792786 -0.293461 -0.537679 0.300179 -0.956233 0.942490 0.438423 0.745887 0.467571 0.136967 0.015873 -0.214336 -0.650122 -0.463675 -0.459971 -0.308239 0.432076 -0.761614
-0.494726 0.620741 -0.660298 0.060483 -0.290384 0.725230 -0.097604 0.081418 0.212761 0.428760 0.709879 -0.828864 -0.100001 0.469278 0.904082 -0.956833 0.435333 -0.062000 -0.404422 0.326024 -0.256843 -0.698922 0.558989 0.725270 0.843637 -0.978677 0.165869 -0.538321 -0.224827 -0.587951
-0.728367 -0.767670 -0.892489 -0.773336 -0.938596 0.518567 0.796792 -0.316646 -0.086310 -0.373785 0.269736 0.875729 0.315910 0.254195 -0.665893 0.646979 0.673287 0.302019 0.323944 0.506553 0.347078 0.404646 0.770757 -0.528424 0.714198 -0.404842 -0.710018 0.628668 0.904665 0.300472
0.171568 -0.835238 -0.442665 0.047653 0.272269 -0.387345 0.679505 -0.055151 0.283939 0.001264 0.213538 -0.513218 -0.828393 -0.980114 -0.575463 0.042397 0.328808 0.119322 0.380617 0.524999 0.152663 -0.915971 -0.046971 -0.513306 0.554586 0.868026 -0.262760 0.244293 -0.456829 0.628470
-0.484987 -0.973296 -0.943493 -0.125155 0.121995 0.086419 0.645171 -0.581399 -0.566102 -0.882362 -0.214271 -0.229493 0.282541 0.917599 -0.694576 -0.761577 0.717060 -0.790332 0.906573 0.546327 -0.392169 -0.869400 -0.362721 0.441200 0.453539 0.075965 0.221688 -0.759286 0.271940 -0.006730
0.124908 -0.722147 -0.273513 -0.816188 0.120294 0.193714 0.556551 0.740441 -0.590521 0.288051 0.708380 0.810571 -0.274924 -0.963779 -0.356363 0.164008 -0.800342 -0.722180 0.642753 -0.739006 0.168954 -0.122205 0.796246 -0.631583 -0.241217 -0.556891 0.437015 0.232994 0.763358 0.758723
0.461495 -0.334358 -0.875685 0.091385 0.940454 0.409213 -0.243805 -0.897701 -0.722003 -0.284284 -0.994234 -0.209325 0.860250 0.917893 -0.157004 0.315503 -0.726784 0.884207 -0.767075 -0.332259 -0.551747 0.737801 -0.550593 0.466247 0.328029 -0.540676 0.763755 0.459666 0.300619 0.052920
-0.018871 0.194142 -0.616758 0.854959 -0.631814 0.965067 -0.297370 -0.441982 -0.109834 -0.311626 0.342872 0.036285 -0.369869 -0.083517 -0.228274 -0.099707 0.247193 0.449488 0.862671 -0.102073 -0.973455 -0.570397 0.184537 -0.436078 0.516051 -0.254715 -0.673066 -0.498923 0.293940 -0.707695
0.152027 0.141042 0.058336 0.154360 -0.330435 0.458113 0.311929 -0.608355 -0.322281 -0.601260 0.863100 -0.377320 0.092939 0.519369 0.287494 0.995850 0.041458 0.125016 0.289457 0.065133 -0.995651 -0.295840 -0.650602 0.475195 0.855896 0.921730 0.243068 -0.299779 0.631915 0.795401
-0.517866 0.179934 -0.929712 0.919550 0.355030 -0.195733 -0.973586 -0.838407 -0.339812 0.958064 -0.220081 0.442296 0.113872 0.613419 0.312371 -0.755060 -0.229619 0.524490 -0.739727 -0.395069 0.977645 -0.904493 -0.109062 0.765510 -0.223469 0.859599 -0.953778 -0.583567 0.266587 0.874370
0.658086 0.565538 0.565809 -0.430271 0.710314 -0.264578 0.706099 -0.047067 0.764265 -0.119649 0.344953 -0.122922 0.906385 0.909730 0.567036 0.631649 -0.194769 -0.235930 -0.974529 -0.281368 -0.440278 -0.450431 0.726455 -0.436753 -0.386953 -0.145781 0.155780 0.972418 0.826616 -0.382172
0.735498 0.932704 -0.144376 -0.703724 -0.777958 -0.203399 -0.814238 0.750084 -0.095107 -0.838487 0.112169 -0.793128 -0.969047 -0.007422 -0.477157 -0.464649 -0.385030 0.882645 0.296211 0.996439 0.906494 0.221058 0.338303 -0.746702 -0.696878 0.213721 0.272492 0.942179 0.242548 0.764604
0.099852 0.304773 -0.264300 -0.145914 -0.043401 0.356407 -0.689243 -0.366073 -0.612910 -0.889948 -0.598796 -0.379563 0.054443 -0.699093 0.858418 0.899736 0.181866 -0.391538 0.224986 -0.859566 0.514547 0.182017 0.967717 -0.535526 -0.901997 -0.734865 0.275155 -0.159501 0.456587 0.076005
-0.120316 0.111516 -0.488805 0.212881 -0.028141 0.643682 0.127603 -0.489045 -0.215420 -0.507086 0.836038 -0.428915 0.154676 0.321492 0.308915 0.732235 -0.194924 -0.029621 -0.785626 0.392394 -0.680443 -0.976501 0.878554 0.155133 0.135845 -0.395132 0.221549 0.562868 -0.178352 0.938824
0.394028 0.904827 0.092082 0.076083 0.473228 -0.317435 0.326758 -0.128388 -0.470996 -0.566510 -0.514927 -0.783102 0.848983 -0.301136 0.168624 -0.485751 0.622395 0.610610 0.060720 -0.880637 0.530289 0.466796 0.394225 -0.800361 0.209712 0.729053 -0.855486 0.401898 -0.558437 -0.958549
-0.918813 0.992563 -0.358495 0.192515 -0.029241 0.784565 -0.576985 -0.283290 -0.098991 -0.195161 0.728472 -0.684310 0.058641 0.878775 -0.384424 -0.876254 -0.173969 -0.714433 0.136024 -0.920688 -0.948292 -0.189443 -0.476696 -0.685271 -0.391714 0.829879 -0.283449 -0.797387 -0.075147 0.203159
0.134675 -0.464797 -0.062975 0.439093 -0.417965 -0.396659 -0.465639 -0.076769 -0.976748 -0.787360 0.667877 0.454597 -0.202798 -0.973338 -0.652527 -0.749548 0.829350 -0.957137 0.242617 -0.927165 -0.680184 0.395675 0.475139 0.503264 0.080689 0.173379 -0.369325 -0.687915 -0.697784 0.562919
0.658626 -0.423023 0.576482 0.310664 0.919697 0.888107 0.104380 -0.525661 -0.586231 -0.232057 0.389352 0.120113 -0.248524 0.715213 -0.724442 -0.512925 -0.978536 -0.448029 -0.546345 0.972654 -0.934646 -0.094245 -0.658377 0.542953 0.262223 0.894910 0.819320 -0.668180 -0.631623 0.803308
-0.482989 -0.451405 -0.745450 -0.496565 0.901815 0.206307 0.161895 0.555869 0.327876 -0.521925 -0.987239 0.173712 0.229079 -0.474344 -0.097730 -0.493398 -0.710149 -0.667394 -0.841060 0.096498 -0.264908 0.324083 0.463731 0.035805 -0.374992 -0.985794 -0.605109 0.720047 -0.660277 -0.418122
0.785328 -0.934093 -0.706228 -0.332844 0.467874 0.261833 0.123148 0.842295 0.986122 -0.370764 -0.370109 0.268930 -0.095194 0.273266 0.770907 -0.361046 0.401436 -0.579748 0.103207 -0.778671 0.561143 0.017028 0.211779 0.807136 -0.458320 -0.192567 0.407300 0.467563 -0.106509 -0.696378
0.393671 -0.421781 -0.630849 0.645095 0.098439 0.629162 0.564313 -0.124119 -0.427121 0.138406 0.486658 -0.259438 0.785392 -0.479725 -0.027321 -0.717618 -0.579858 0.979007 0.244863 0.087481 0.954815 -0.489006 0.500102 -0.389607 0.020206 0.065090 0.740779 0.962807 -0.793310 0.841386
-0.333904 0.838143 -0.623516 0.752128 0.634726 -0.617675 0.570764 0.217372 -0.974003 0.656187 0.334924 -0.522108 0.402297 0.252447 -0.462122 0.799643 0.739048 0.464085 -0.533761 -0.312492 0.794310 0.761687 0.264204 0.011088 0.344292 0.237033 0.824489 0.899739 0.169438 -0.307865
-0.043178 -0.004488 0.108999 0.232449 0.174654 -0.819661 0.237013 0.078406 -0.024585 0.715610 -0.796164 -0.624737 -0.439753 0.729537 0.830975 0.098954 0.814258 -0.100522 -0.834075 -0.008504 -0.232393 -0.623775 -0.322283 0.393548 0.383183 0.636683 0.101428 -0.547936 -0.826634 -0.826294
-0.038062 -0.679122 -0.203673 0.745396 0.016548 -0.849109 -0.285632 0.611942 -0.293067 0.694807 -0.737832 0.506710 -0.045169 0.020451 -0.012993 -0.142418 0.879149 0.452605 -0.057975 -0.802071 0.715375 0.375347 0.048653 -0.041083 0.175819 -0.242401 -0.836669 -0.760004 -0.133140 -0.563020
0.878524 -0.844879 0.540517 -0.142531 0.483957 0.096749 -0.446075 -0.705691 -0.566983 0.841944 -0.238060 -0.985377 -0.720727 0.596054 0.418817 -0.409091 0.934996 0.285452 -0.324387 -0.224847 -0.414281 -0.010318 0.178829 0.618856 0.888704 -0.172819 0.417938 0.788756 -0.477417 -0.305627
-0.448971 0.901877 -0.062011 -0.976510 -0.274953 -0.906133 0.935144 0.500830 0.250398 -0.491708 0.355740 0.996809 0.352332 0.237263 0.698182 0.205355 -0.117974 0.675696 0.397224 -0.646055 0.370540 -0.060419 -0.528384 -0.426423 0.317424 -0.880178 0.566220 0.466359 -0.994348 -0.891806
0.258246 0.022935 0.575107 0.291684 0.274239 0.679416 -0.153433 -0.663381 -0.894640 -0.987987 0.284377 -0.050914 0.249900 -0.834936 -0.589572 0.138509 0.696429 0.076236 -0.721571 0.518867 -0.050073 0.868063 -0.164621 0.708836 0.178723 0.829622 0.609975 0.165940 0.873301 0.260961
0.233749 -0.449472 -0.670931 -0.032357 -0.130664 -0.786928 0.098796 -0.537349 0.400154 -0.266448 -0.108058 -0.031050 -0.519177 0.185179 0.609033 -0.449894 0.780611 -0.058127 0.472251 -0.363129 0.841321 0.377557 -0.512100 0.831294 0.347121 0.835027 -0.552881 -0.803045 -0.770555 -0.147645
-0.321649 -0.409571 -0.969681 0.829196 0.246678 -0.054122 0.993325 0.341279 0.980799 -0.870112 0.473191 0.228468 -0.460045 -0.451880 0.349002 0.704629 0.264051 -0.907500 -0.568797 0.756285 0.790236 0.807023 0.781262 0.964101 -0.689436 0.938555 -0.312278 0.980143 0.973159 0.342712
-0.046172 -0.292574 0.967417 -0.931211 -0.166796 -0.656788 0.566553 0.318666 0.301857 0.226716 0.832555 -0.302283 -0.067127 -0.799652 0.729251 0.774680 -0.322496 -0.619503 0.053971 0.516642 0.533029 -0.072637 -0.590371 0.523395 -0.773192 -0.629282 0.347057 -0.676677 0.535118 0.044470
0.232466 -0.409548 0.744642 0.994464 0.279064 0.573660 -0.732781 -0.497368 -0.655558 -0.220451 -0.563534 -0.803431 -0.106655 -0.360422 0.699940 0.580693 -0.858165 0.350500 -0.573532 0.893655 0.960687 -0.506288 0.745708 -0.221363 -0.210762 -0.961623 -0.665576 0.839368 -0.274982 -0.804116
-0.844626 0.107447 0.269689 -0.339981 -0.195195 -0.645421 0.875720 0.098223 -0.709790 0.760932 -0.825515 -0.975322 0.742492 -0.653353 0.833978 0.375044 -0.864191 -0.616315 0.212684 -0.064423 0.655279 0.894064 -0.771008 0.649873 -0.582312 -0.071623 0.744631 0.921247 -0.401674 -0.352898
-0.851414 0.025837 0.156108 0.942972 -0.596300 -0.950311 -0.384160 0.413089 -0.716823 -0.869792 0.107675 0.499094 -0.555838 0.843702 -0.051387 -0.994300 0.429184 0.015360 -0.355521 0.494146 0.555537 0.365555 -0.724404 -0.342206 0.666482 0.646632 0.172507 0.359194 -0.828434 -0.465318
0.717417 -0.345979 -0.846073 -0.115371 -0.171392 0.812182 0.553069 -0.277699 0.880195 -0.620769 0.708156 -0.210330 0.778704 -0.270579 0.583687 -0.586533 -0.765354 0.948887 -0.490592 -0.768242 0.116780 -0.424229 -0.597853 0.160870 0.351369 -0.005095 -0.913428 0.774402 0.176265 -0.371894
-0.654659 -0.064746 0.727451 0.788454 -0.330163 -0.832547 -0.354624 -0.199263 -0.670397 -0.590801 0.714159 -0.025547 0.145505 -0.731910 -0.473687 -0.131189 -0.086509 0.420773 0.466105 0.093269 0.895870 0.376074 -0.805879 0.234924 -0.622158 -0.762669 -0.658072 -0.829457 0.834198 0.531529
-0.880968 0.318985 0.089230 0.906081 -0.592254 0.867445 0.971614 -0.797119 -0.178711 -0.215428 0.483454 0.999148 0.509465 0.424161 0.228869 0.189848 -0.582639 -0.650898 0.326124 -0.234270 -0.885066 0.855850 -0.206717 0.976847 -0.454096 -0.847687 -0.256160 -0.293913 -0.783853 -0.551211
0.799064 -0.201157 0.022313 0.004916 0.279902 -0.458462 0.081529 -0.599379 -0.208571 -0.264363 -0.849280 0.454916 0.099731 0.156941 -0.422404 0.189317 0.297818 0.475212 0.343453 0.065169 -0.936231 -0.886732 -0.337329 0.585437 -0.358762 0.702247 0.764054 0.436962 -0.174658 -0.641857
0.053210 0.064284 0.902657 0.685194 -0.981003 0.653236 0.962552 -0.899814 -0.821284 -0.846765 -0.062908 -0.226895 -0.348409 0.405489 0.565049 0.206802 0.820503 -0.588942 0.002411 0.080950 -0.112275 -0.456853 0.676455 -0.737372 -0.247237 0.004076 0.196581 0.714605 -0.927890 -0.535090
-0.489108 -0.379879 0.377489 -0.705165 0.995667 -0.116956 0.275697 -0.157741 -0.062426 -0.753381 0.145001 -0.278926 -0.288765 0.879560 0.510684 -0.327790 -0.752342 -0.211273 -0.204590 -0.858664 0.994969 -0.056316 0.410302 -0.521051 0.103251 -0.972708 0.090723 0.314096 0.471529 0.043819
0.418119 0.318465 -0.378739 -0.702037 0.113363 0.736198 0.139035 -0.909891 0.312506 -0.333955 0.846939 -0.663635 -0.026175 0.846605 -0.948678 -0.822487 -0.555199 0.700782 0.944314 -0.640966 0.772538 -0.474984 -0.203559 0.219071 0.069997 0.367159 -0.788463 0.629137 -0.893714 -0.532477
-0.771260 -0.627010 0.924332 0.264008 -0.748879 0.397655 -0.180990 -0.767909 0.585268 0.015587 -0.165093 -0.560780 -0.576956 0.724879 0.933967 -0.388372 0.024753 0.866927 -0.731220 -0.366876 -0.791274 0.712557 -0.948741 -0.904948 0.507856 -0.155906 0.939310 0.501753 0.116570 0.759187
-0.142508 -0.285580 0.348475 -0.373816 0.336536 0.349366 0.717150 0.455393 -0.989404 0.634877 -0.787528 -0.995645 0.942378 0.670616 -0.597100 0.408562 0.284651 -0.351120 -0.519455 -0.874785 -0.342278 0.630408 0.730717 -0.659881 0.567199 -0.242232 -0.645447 0.843891 -0.723070 0.063669
0.028865 0.965079 0.484021 -0.900223 0.395648 -0.065998 -0.137519 -0.324023 -0.751506 0.655680 0.451589 0.162176 -0.757675 0.764801 0.770694 -0.163228 -0.950020 0.819351 0.875064 0.081896 -0.118945 0.026166 0.576601 0.114586 -0.600023 0.655841 -0.303096 0.009395 -0.560312 0.864562
-0.489203 0.007874 0.079237 0.219419 0.420029 0.311742 0.774669 -0.832476 0.165584 -0.079257 -0.912135 -0.432869 -0.372708 0.382612 -0.600132 0.067614 -0.312199 0.414710 0.764793 -0.305573 0.820420 -0.696554 -0.532090 0.707654 0.237610 -0.484466 -0.771231 -0.695012 0.729246 -0.391348
0.792492 0.982482 0.870700 -0.438393 -0.390978 -0.911802 -0.361096 -0.806676 -0.402915 -0.338475 -0.791501 0.926002 -0.906938 -0.301042 0.050635 -0.269376 0.832208 0.385934 0.654874 0.302751 0.967978 -0.617350 -0.109958 0.731810 -0.264810 -0.717573 -0.599594 0.283416 -0.802601 0.313032
-0.166770 0.735361 0.933230 0.056000 -0.263534 0.861444 -0.721379 -0.928298 0.697757 0.158528 -0.122768 0.095710 0.207126 0.491393 0.195359 0.358312 -0.834158 0.220146 -0.406339 0.210486 0.482300 -0.106201 -0.886144 -0.865092 -0.410512 0.823228 -0.170326 -0.907375 -0.622077 0.283528
-0.719181 -0.185853 0.163557 0.483414 0.601509 0.062557 -0.357568 -0.778709 0.420747 0.847047 -0.159130 -0.937692 0.451064 0.878836 -0.342172 -0.031813 -0.673515 -0.268279 -0.076511 0.698684 0.027158 0.119559 0.939353 0.095832 -0.515608 -0.431175 0.657965 -0.053205 0.383467 -0.841559
0.668871 -0.628741 -0.989643 -0.373933 -0.386310 -0.372694 -0.994753 0.138517 0.102821 0.632594 0.962197 -0.771350 -0.873948 0.840823 0.877583 -0.813617 -0.940398 -0.602942 0.714006 -0.250807 -0.235098 0.263422 0.709282 -0.198849 0.864912 0.925092 0.328801 -0.360690 -0.789233 0.383192
-0.345682 0.907073 -0.428664 -0.924348 -0.850786 -0.776354 0.488861 0.767716 0.767731 -0.395289 0.159601 0.647312 -0.027916 -0.603539 0.570824 0.071032 0.735542 0.114040 0.644285 -0.813675 0.816897 0.281267 -0.312545 -0.832316 0.121377 -0.997194 0.675628 0.585760 0.446295 -0.501504
0.389790 0.574765 -0.991746 -0.964952 0.811532 0.599682 -0.859140 -0.313264 0.946751 -0.714480 0.401288 -0.190453 0.900430 -0.552026 0.321999 -0.727474 0.019591 0.629356 0.282312 0.070279 0.847496 -0.050592 0.570745 0.573103 0.889030 -0.421305 -0.493821 -0.236174 -0.290596 -0.759615
0.260271 -0.997371 -0.367797 0.029210 0.483827 -0.080447 -0.385191 0.802796 0.091441 0.119477 0.293048 -0.543709 0.986712 -0.962701 -0.593686 0.345318 0.763392 -0.818234 0.685194 0.598189 -0.794442 -0.154759 0.031560 -0.357929 0.216244 -0.012561 -0.882955 -0.535647 -0.958546 0.686171
-0.471845 -0.486568 -0.071131 -0.617042 0.192725 0.951430 -0.838163 0.359646 -0.578262 -0.515601 -0.308111 -0.505947 -0.509047 -0.099499 -0.527973 0.398900 -0.949140 0.980333 -0.956232 0.718219 0.166734 0.396822 0.822458 0.100500 -0.434750 -0.177983 -0.376148 -0.838342 -0.910801 0.404500
-0.258863 -0.242104 0.246680 -0.455418 0.971678 -0.069476 0.032957 -0.261910 -0.043992 0.414475 0.024750 -0.890893 -0.158136 0.866103 0.895335 0.094018 -0.041409 0.371774 -0.313469 0.366442 -0.685244 -0.484614 0.089060 -0.161377 -0.380387 0.218684 0.137642 0.402294 0.136619 0.075493
0.592405 0.401581 -0.673831 -0.815900 0.100436 0.840933 -0.707153 -0.758621 0.554880 -0.067429 0.236171 0.059796 0.510583 0.099246 -0.533716 0.488903 0.089374 -0.343252 0.590590 -0.076105 0.732099 -0.895741 -0.400188 -0.607425 0.763139 0.567410 0.508230 -0.760132 0.906615 0.399621
0.026098 0.617092 0.075709 0.534869 0.695062 -0.534409 0.979638 0.151022 -0.077077 -0.982012 0.578124 0.592267 -0.491409 0.632593 -0.058069 -0.275689 -0.577758 0.573073 -0.743693 0.388409 -0.988678 -0.128597 -0.566081 -0.154229 0.538190 0.577161 0.242974 -0.700501 0.989612 -0.210798
-0.007988 -0.974325 0.591482 -0.966357 0.377930 -0.279250 -0.311661 -0.895864 0.023758 -0.881335 0.601647 0.824392 -0.542044 -0.745524 0.821902 0.246787 -0.654354 0.992356 0.755649 -0.401770 0.617432 0.970261 -0.458321 -0.250411 -0.220793 0.349259 -0.539158 -0.001588 -0.910509 -0.269766
0.438479 0.871158 -0.762221 0.361002 -0.098015 -0.717054 -0.388081 0.266692 0.933957 0.327909 -0.682773 0.655740 -0.501276 0.594754 -0.462295 -0.053145 0.817957 -0.595321 0.769759 -0.329792 0.574686 0.295288 0.325694 -0.044729 -0.850876 -0.267150 -0.400513 0.913531 0.654125 -0.695183
0.837034 0.638298 -0.481029 -0.076961 0.948649 0.619796 0.713518 0.693152 -0.090125 -0.622064 -0.388612 0.123319 -0.517847 -0.477469 0.096293 -0.497075 0.155867 -0.106637 0.659892 0.967196 0.483367 0.122724 0.070088 0.814377 -0.471470 -0.573403 -0.596780 0.761118 0.608433 0.534260
-0.771618 -0.611271 -0.898626 -0.930805 0.441641 -0.615659 0.509337 0.284765 0.360174 0.214185 -0.699637 0.836967 -0.517340 0.040848 -0.072576 -0.294426 -0.046945 0.088425 0.690459 -0.293057 -0.202923 -0.828515 -0.598302 -0.403225 -0.603834 0.706568 -0.993842 0.158599 0.853969 0.951499
0.802712 -0.430703 -0.602073 -0.308723 0.150409 0.673705 -0.885134 0.660859 -0.672253 -0.191522 0.971919 0.474995 0.211820 0.546762 -0.034237 0.243881 0.312674 -0.844602 0.572855 0.560885 0.504272 -0.346687 0.175560 -0.479007 -0.353707 -0.825030 0.955557 0.615201 0.492986 0.279180
-0.797984 0.236163 -0.168568 0.339056 -0.323444 0.346805 -0.354427 0.499448 -0.676672 -0.738909 -0.810686 -0.947857 -0.579482 0.763063 0.459183 0.232926 -0.087917 -0.754250 0.208125 -0.012716 -0.735810 0.047971 0.352374 -0.212964 0.250097 0.680632 -0.475116 0.943746 -0.116432 -0.538553
0.333902 -0.526291 -0.835797 0.104799 0.081551 0.171707 0.875394 0.805304 -0.297030 0.160854 0.521555 0.736504 -0.410847 -0.880075 0.188453 0.449008 0.043357 -0.641593 -0.593003 0.797700 0.675777 0.469421 0.640255 0.684807 0.493499 0.619625 0.233236 0.636453 -0.277510 0.311273
-0.917102 0.582873 0.328864 -0.191986 -0.488109 0.359860 -0.172794 0.808973 0.041025 -0.768113 -0.599987 0.587015 0.711158 0.587587 0.367549 0.492243 -0.605694 -0.240960 -0.215081 0.085367 -0.283163 -0.292892 -0.206123 0.803838 -0.895401 -0.945590 0.318032 0.751960 0.079948 -0.679589
0.221141 -0.356434 0.242087 0.342231 0.707079 -0.628493 0.690854 0.084519 -0.058118 0.488423 -0.421577 0.700734 0.904409 0.277278 0.192561 0.961656 -0.300965 -0.020602 -0.244491 -0.320578 0.386183 0.503123 0.172320 -0.946849 -0.898518 0.350234 0.559709 -0.383514 -0.346178 -0.197688
-0.781079 -0.431375 -0.775253 -0.341433 -0.692087 -0.976288 0.203334 0.808072 -0.100422 -0.756340 0.735250 0.994733 -0.183498 0.592131 0.247345 -0.194299 -0.810645 0.686330 -0.562782 -0.851153 0.156990 0.572508 0.558746 -0.399342 -0.844233 -0.421171 -0.611213 0.866396 0.309125 -0.772595
0.972286 0.635056 0.812836 0.111617 0.953708 0.541759 0.762470 -0.285262 -0.225186 -0.260424 0.124055 -0.075742 0.926025 0.618133 -0.949424 -0.035396 0.995609 -0.116068 -0.827213 0.244461 -0.844094 0.657980 -0.401519 0.263722 -0.197453 0.617536 -0.191655 0.064456 -0.360855 0.942896
0.096075 0.242291 -0.709582 0.033921 0.385759 0.872542 -0.329454 -0.834834 -0.310632 0.995084 -0.801366 -0.259588 -0.123660 0.238565 0.683180 -0.844777 0.784700 0.623058 0.433134 -0.057148 -0.080076 -0.036063 -0.081812 -0.285672 -0.968749 0.547871 -0.141731 0.339951 0.979923 0.273811
-0.059099 -0.335395 0.672750 0.511079 0.954067 0.628506 -0.219924 0.992157 -0.914447 0.894909 -0.547069 -0.198752 -0.131845 0.520274 0.520777 0.559426 0.841931 -0.227826 0.322968 0.958227 -0.395767 0.105106 0.554289 -0.261162 0.786214 0.155250 0.122686 0.342457 -0.474332 0.113579
0.360984 0.437870 0.270697 0.807839 0.608134 -0.055422 0.265341 -0.876264 0.398458 0.416157 0.044191 -0.394755 -0.994622 0.681567 0.532572 0.578608 -0.168877 0.606584 -0.703889 0.227751 -0.681365 -0.351232 -0.681752 -0.817103 0.497737 -0.011891 0.957280 0.807833 0.230745 0.912348
0.162040 -0.771250 0.447785 -0.584727 -0.773961 0.916420 0.476090 -0.208198 0.716609 0.386698 -0.084494 0.981835 -0.686463 -0.358680 -0.593640 0.047260 -0.370426 0.963731 0.408582 0.675181 -0.104992 0.176637 0.790447 0.878056 -0.200741 -0.392719 -0.920884 0.379168 0.177395 0.829264
-0.961432 -0.565339 0.861195 0.745716 0.227542 0.720623 -0.634105 -0.527832 0.882203 -0.899042 -0.344537 0.003402 -0.202324 -0.717978 -0.300306 -0.727348 -0.428591 0.635154 0.814149 0.025816 -0.035384 -0.287085 -0.859706 0.492128 -0.574816 0.195799 -0.397117 -0.630299 0.369259 -0.855062
0.555032 -0.089008 -0.988933 0.757523 -0.472974 -0.539394 0.240705 -0.372466 0.417514 0.817603 -0.638079 -0.563125 -0.633895 -0.422027 -0.245867 0.289757 0.126887 -0.851603 0.358132 -0.405010 0.617421 -0.060687 0.351509 0.891569 -0.764149 -0.078326 -0.374201 -0.592291 -0.450521 0.572552
0.964396 0.961836 -0.676674 -0.543230 0.742161 0.405418 0.439506 0.065045 -0.597618 0.823932 0.919262 0.006608 -0.546259 0.694331 0.778675 0.927976 0.371803 0.968507 -0.639637 0.873277 -0.716216 0.098633 -0.794341 0.530117 0.747360 0.463515 0.549681 -0.734992 0.655042 0.046206
-0.223320 -0.359901 0.579414 -0.900425 0.758942 -0.525753 -0.143894 0.368706 0.607873 -0.701491 -0.005536 -0.531929 -0.602106 -0.851266 0.653819 0.581803 0.666557 0.296729 -0.101914 0.050960 0.231088 0.316251 -0.588295 0.860717 -0.774155 0.998381 -0.442086 0.258373 0.133835 0.478608
-0.501738 0.505767 0.702910 0.821317 0.020112 0.416903 0.388462 0.848845 -0.858383 -0.276777 -0.061474 -0.363851 -0.230710 -0.300118 -0.610523 0.844039 -0.402031 0.326025 -0.583263 -0.111331 -0.126078 0.587895 0.448166 0.148039 -0.360081 0.533337 0.627335 0.348614 0.148138 0.331152
-0.885620 0.693498 0.504471 -0.602663 -0.655865 0.706600 -0.417879 -0.886431 -0.890765 0.439300 -0.087617 0.654213 -0.827855 -0.953673 0.479897 -0.580202 -0.695872 -0.253997 -0.470953 0.184068 -0.550574 -0.752607 -0.952145 -0.512053 -0.990209 0.691979 -0.911270 0.578332 -0.414129 0.308228
-0.150165 -0.426877 0.745202 0.785751 -0.865110 -0.585041 0.910166 -0.706906 0.106012 -0.735457 0.390189 0.952553 -0.148713 0.209279 0.288967 0.459266 -0.153655 0.307766 -0.324910 0.666519 -0.891233 -0.983451 -0.881173 -0.945313 0.441092 -0.596556 -0.210887 -0.106923 0.130080 -0.364579
0.482216 -0.316888 -0.264579 0.690349 0.298119 0.253590 -0.374547 0.576166 -0.572797 -0.919493 0.054568 -0.233675 0.737024 -0.687724 -0.523345 0.586825 0.145564 0.327903 0.364985 0.040103 0.913637 0.576523 -0.096880 -0.361669 -0.604058 0.846412 -0.127160 0.766289 -0.505003 -0.108644
-0.265518 0.905612 -0.984755 0.474883 0.516871 -0.674448 0.821225 0.467343 -0.481614 -0.399218 -0.653920 -0.344585 -0.326087 0.328713 -0.253912 -0.691593 0.932155 0.753408 -0.582906 -0.184463 -0.813253 0.344899 -0.986274 -0.624209 0.927140 -0.841032 -0.713125 0.364326 -0.683578 -0.845528
0.559499 0.456523 0.600925 -0.516968 -0.571081 -0.962301 -0.550300 0.537209 0.738879 0.750954 -0.346972 0.049080 0.437616 0.818341 0.079962 -0.681047 -0.167511 -0.021056 -0.287471 -0.530847 0.082945 -0.403262 0.480613 0.266735 -0.072893 -0.714299 -0.023504 -0.369972 0.989477 0.456686
0.182789 0.163794 0.663770 -0.183459 0.253637 -0.972916 -0.129517 0.310615 -0.266758 0.932368 -0.562954 0.815529 0.879086 0.176554 0.276551 -0.602028 -0.454701 0.543388 -0.423110 0.204029 -0.594649 0.088037 0.838115 0.769742 -0.234143 0.730439 0.152646 -0.349621 0.163327 0.551965
0.087065 -0.467574 -0.411736 0.242268 -0.644226 -0.099539 0.645448 -0.887330 0.502261 -0.848466 -0.041528 0.107687 0.827673 -0.191419 0.730563 -0.276306 -0.503936 0.732399 -0.150262 -0.736854 -0.755335 -0.504889 -0.736248 -0.877139 0.417050 -0.582543 0.152808 0.144163 -0.172322 0.783443
-0.500705 -0.113622 0.779865 0.807407 -0.184007 0.423761 -0.366598 -0.979242 0.524671 -0.058726 0.615036 0.012268 -0.286063 0.923140 -0.268549 -0.615352 0.506417 -0.274796 0.714118 0.411839 0.499100 0.793787 -0.205363 0.908000 0.071409 0.968186 -0.948590 -0.033598 0.469405 0.505494
0.950199 0.495455 0.602868 0.641250 -0.097305 0.523953 -0.815181 -0.682964 -0.512011 -0.954377 -0.427573 -0.783996 -0.285507 0.072869 -0.224786 -0.569446 0.283220 -0.408799 -0.547221 0.037539 0.436996 0.240215 -0.646500 -0.796067 0.186842 -0.850392 -0.206724 -0.702381 0.017852 -0.515707
0.657953 0.833816 0.123675 -0.691171 0.158473 -0.613542 -0.186920 -0.469783 0.659501 0.163243 -0.764655 0.740258 -0.420935 0.769043 -0.254516 -0.991044 0.084015 -0.318111 0.239924 0.313690 -0.068881 -0.966745 0.496022 -0.691944 -0.081809 -0.731153 -0.872505 0.877416 0.029001 -0.270879
0.980307 -0.007194 -0.599239 0.385000 0.222929 0.004594 -0.489209 -0.837366 0.890015 -0.983456 -0.491488 -0.147373 0.451147 -0.760959 0.278136 0.132202 0.283969 0.811171 -0.497934 0.382142 -0.295378 0.742663 -0.950643 0.535129 -0.175822 -0.237094 -0.292667 -0.048153 -0.745728 -0.277886
-0.151814 0.560271 0.605666 0.109681 0.242398 0.620348 0.795686 0.075764 0.438209 0.259763 -0.417128 -0.579824 -0.211199 -0.645059 -0.800317 0.735449 -0.912975 0.611125 0.311471 0.499693 0.080613 0.338728 0.739963 0.120275 -0.241892 0.785975 0.339889 0.499527 0.101779 0.219813
-0.774442 0.274458 0.591002 -0.631475 -0.014619 -0.320755 0.036761 0.619046 0.305559 -0.704696 0.359104 0.369168 -0.207992 0.164755 -0.988481 0.925002 -0.731022 0.922069 -0.608546 -0.806131 0.895893 0.086867 0.577037 0.564332 -0.210598 0.661432 -0.437890 -0.579598 0.376480 -0.118189
-0.525494 -0.493877 0.655694 0.782777 0.547436 -0.937145 -0.061954 -0.113970 0.557390 -0.390658 -0.973764 0.649329 -0.570511 -0.364011 -0.249341 0.517815 0.610101 -0.604126 -0.958761 -0.090203 0.280441 0.831516 -0.963725 -0.100585 -0.378985 -0.615480 -0.167809 0.509677 0.638803 -0.400103
0.878841 0.120665 0.239168 -0.228277 -0.976161 0.321293 -0.789522 0.870829 -0.325821 -0.023413 -0.931097 -0.344094 0.383229 0.255772 0.520494 0.353620 0.197009 0.106208 -0.308043 0.811839 -0.790407 -0.495637 -0.333931 -0.862368 -0.518049 -0.986754 0.682334 0.429856 -0.438385 -0.059818
-0.075655 -0.167540 0.763092 -0.917063 0.376790 0.633082 0.827487 0.010205 -0.437507 -0.681251 0.520858 -0.251113 -0.077195 -0.991839 0.788411 0.865590 -0.625484 -0.473570 -0.807284 0.749360 -0.413529 -0.660279 0.853445 0.563099 -0.462292 0.752828 0.864607 -0.041708 0.905235 -0.020056
0.980753 0.515789 0.922534 0.175912 -0.199343 0.051706 -0.246163 0.221362 0.811182 0.423176 0.057997 0.243611 -0.569003 -0.055437 0.056524 -0.343330 -0.721952 -0.509133 0.512933 -0.843392 -0.117547 -0.903943 0.162606 0.323145 0.654413 0.055732 0.171598 0.752376 -0.408532 0.462813
0.169579 0.757169 -0.508700 -0.022626 -0.001540 -0.830100 0.833201 -0.187915 -0.987538 0.049136 -0.243679 -0.190816 -0.749714 -0.567557 0.428465 -0.813242 -0.634318 -0.127332 0.113295 0.115115 0.648264 0.298697 0.819370 0.946684 0.720583 -0.973120 -0.359946 -0.645198 0.784534 0.252686
0.176141 -0.568031 -0.013427 0.911598 0.661950 -0.899996 -0.048924 -0.120258 0.190174 0.509023 0.889911 0.187853 0.634328 0.497041 0.303912 0.538514 -0.448294 -0.572785 -0.497610 -0.347749 -0.777478 0.825423 0.140338 -0.710467 -0.490090 0.105259 0.043696 0.197392 0.614515 -0.785209
-0.353031 0.765526 -0.080674 -0.975382 -0.875768 -0.092339 -0.291179 0.845323 0.250985 -0.637160 -0.838530 -0.727890 -0.187171 -0.187184 -0.913918 0.140081 -0.872748 0.611076 0.104707 -0.425333 -0.774550 -0.830329 0.494896 0.073215 0.982109 0.121564 -0.104653 0.682967 -0.045279 0.797758
0.640833 -0.949264 0.963540 0.270220 -0.224199 0.390895 -0.527555 -0.954536 0.266316 0.478153 0.208407 0.114705 -0.584110 -0.727523 0.591517 0.815282 0.139402 0.754002 -0.898815 -0.829643 0.845216 0.862594 0.910251 -0.265656 -0.933096 -0.724951 0.933491 0.867100 0.823253 -0.782963
-0.756019 -0.577436 0.323712 0.245130 0.279702 -0.041071 -0.849650 0.664692 0.984367 0.717002 0.330574 -0.219726 0.223890 -0.395901 0.003631 0.839464 -0.406444 0.816740 0.706043 -0.232951 0.516619 0.425222 -0.444833 0.250835 0.702761 -0.318921 0.173833 0.414212 -0.656473 -0.708310
0.426153 -0.669692 0.377940 -0.468238 -0.466942 0.387361 -0.611951 0.061101 -0.041002 0.088086 -0.196165 0.736182 -0.006820 0.324310 0.578769 -0.656411 0.047248 -0.497038 -0.743147 -0.308446 -0.329219 0.887603 -0.557900 -0.340397 -0.043410 -0.018307 -0.963195 0.291942 -0.400155 0.763241
0.436971 -0.880632 0.410954 -0.041491 0.933580 -0.222966 0.183707 0.595704 0.168955 -0.316118 -0.493164 -0.587680 -0.611341 0.171073 -0.167627 -0.540326 -0.585384 -0.127017 0.749507 -0.426104 0.747243 0.527733 0.110074 0.508689 -0.918581 0.614416 0.498462 0.132106 -0.772691 -0.500533
-0.553946 0.918471 -0.240745 -0.840407 -0.768911 -0.568037 -0.147342 0.082448 0.032603 -0.431899 0.534117 -0.787967 -0.757578 0.911643 0.644256 0.581617 -0.561114 -0.882263 0.085653 0.525728 -0.077406 0.912371 0.592249 -0.917540 -0.592441 0.156126 -0.417866 -0.403194 -0.252515 0.581099
-0.555618 0.441607 -0.229561 0.663860 0.755192 -0.314143 -0.446757 -0.018548 0.115857 0.798896 -0.185765 0.081745 0.788380 -0.364764 0.512486 0.231908 -0.802081 -0.940859 -0.098750 0.076000 -0.674033 0.343294 0.377990 -0.725191 0.543778 0.270703 0.547453 -0.896440 0.097046 -0.024674
-0.011445 -0.616881 -0.812107 0.171299 -0.816746 -0.518261 0.702471 0.863415 -0.304081 -0.423755 -0.762030 0.422896 -0.597315 -0.461768 0.658977 0.071197 0.637217 -0.774128 0.991329 -0.879895 0.193000 0.378422 0.784607 -0.268758 0.582021 0.968508 -0.560825 -0.775955 -0.973179 0.076413
0.532978 -0.901024 0.204976 -0.727789 -0.691050 0.633037 -0.865758 -0.340744 0.428327 0.425728 0.481027 0.401985 -0.445139 0.702243 0.257448 -0.587221 -0.978936 -0.951284 -0.690404 0.815951 -0.159847 0.198649 -0.170852 -0.429569 0.809749 0.495037 0.243641 0.995653 0.942346 0.398336
0.640019 -0.875285 0.166781 -0.776206 0.109096 -0.470355 -0.694663 -0.170167 0.930167 0.645600 0.520800 0.677185 0.761840 0.748026 -0.527247 0.728085 -0.969725 0.314423 0.657502 -0.673777 -0.754256 -0.604737 -0.084794 -0.280717 -0.458909 0.131341 0.646199 0.286982 -0.536311 0.918484
0.757396 0.538147 0.994125 -0.536411 0.371098 0.935885 0.205625 -0.392304 0.999234 0.732695 0.383516 0.069761 0.766928 -0.945746 0.326858 0.888400 -0.707363 0.807074 0.586026 0.476030 -0.577794 0.191410 -0.154390 -0.990840 -0.927762 -0.562903 -0.432040 0.870669 0.770033 -0.298906
0.332288 0.095663 -0.135056 0.028605 0.743030 0.227480 0.034232 -0.769298 0.603696 -0.625173 -0.434870 0.250047 0.232017 -0.773493 0.136672 -0.664381 0.550025 -0.759764 -0.653638 -0.200236 0.471071 0.247162 -0.044458 0.908974 0.903642 0.757668 0.914962 0.648969 0.765663 0.326318
-0.381225 0.380283 -0.189236 -0.514328 -0.103957 0.279301 0.988989 -0.727372 -0.416391 0.944494 0.037419 0.270209 0.204656 0.688746 -0.704756 0.210473 -0.486686 0.179530 0.828104 -0.768625 -0.679424 0.801468 0.145565 0.367021 -0.547799 0.517650 -0.478139 0.586422 0.673390 0.691897
0.080363 -0.079702 -0.576386 0.425758 -0.794890 0.054267 0.689938 0.870436 0.657304 0.069534 -0.739522 0.194370 -0.835535 -0.849689 -0.047005 0.709386 0.637495 0.106006 0.583861 0.104058 -0.646571 0.320302 0.219421 -0.280068 -0.413232 0.787371 0.470963 0.076532 0.963668 0.919022
-0.105084 -0.063035 -0.426132 0.087031 0.158233 -0.337821 -0.707923 0.602361 -0.297434 0.377741 0.321300 0.262062 0.129298 0.858294 0.925639 -0.629505 0.303034 0.295382 0.996722 -0.322750 -0.639443 -0.555858 -0.324762 -0.648536 0.422829 -0.507895 0.047142 -0.984235 0.412430 -0.687788
-0.411757 -0.738731 0.673305 0.401257 0.793779 -0.650450 -0.824798 -0.036073 0.187886 -0.847629 0.317820 0.260887 0.648422 -0.492651 0.740090 0.714813 -0.768592 -0.052706 -0.386084 -0.587967 0.022361 -0.891985 -0.323075 -0.824358 0.439081 -0.181402 0.746912 -0.355067 0.036533 0.815238
-0.227288 -0.597782 0.622855 -0.504529 -0.692455 -0.877489 -0.567650 -0.456074 0.212772 0.221141 -0.687363 0.459545 -0.879587 0.599845 0.462505 0.473463 -0.512399 -0.277309 -0.096302 0.810285 0.886088 -0.827136 -0.634671 -0.119655 0.679340 -0.302328 -0.590542 -0.372313 0.583660 0.845741

Bias v0 (Oculta):
-0.226389
-0.667859
-0.242471
0.505017
0.432638
-0.758394
0.880764
-0.140154
0.370779
-0.047472
-0.767611
0.015045
0.466395
-0.576621
0.615795
-0.733665
-0.410897
-0.529156
-0.927506
-0.393521
0.532015
-0.061777
-0.212109
-0.431629
-0.121310
-0.182793
-0.380634
0.441329
-0.528227
0.780993

Pesos w (Oculta -> Sa獮a):
0.454562 0.562518
0.251110 0.406074
-0.380297 0.969631
-0.095314 -0.118880
-0.871260 0.538645
0.963024 0.201065
-0.521165 0.282046
0.826109 -0.593017
-0.450535 0.282197
0.145558 -0.489829
-0.544751 -0.477364
-0.291672 -0.023751
0.770917 -0.743799
0.278108 -0.352728
-0.169283 0.539899
0.814891 0.905178
0.087805 0.828519
-0.707022 -0.403058
0.814318 -0.848257
0.388471 -0.767593
-0.658492 -0.764757
-0.354876 0.564527
-0.144848 0.710211
0.302151 -0.528625
0.682928 -0.941404
0.039494 0.952020
-0.281046 0.310776
0.197455 -0.485490
-0.378133 0.302836
0.235773 -0.055216

Bias w0 (Sa獮a):
0.068865
0.246882
