Pesos v (Entrada -> Oculta):
-0.292155 0.356810 0.244033 -0.673740 -0.739837 0.409934 -0.092570 0.111619 -0.448891 0.002975 0.134795 0.146856 -0.690842 -0.245259 0.081200 -0.260321 -0.651022 -1.140240 0.540670 -0.304866 0.661839 -0.024666 -0.211180 0.092044 0.602935 -0.609374 -0.511449 0.288211 0.386334 -0.629676
-0.160022 -0.176675 0.670802 0.319347 0.362817 0.529639 -0.100376 -0.409043 0.697479 0.100243 0.612806 0.054445 0.448945 -0.043872 -0.387225 0.728454 0.906724 -0.676677 0.321671 0.725008 -0.633167 0.468262 0.024896 -0.140528 -0.456785 0.484225 0.123001 0.133645 -0.029460 -0.468260
-0.139951 -0.113026 -0.047677 0.582557 -0.600451 0.053234 0.026688 0.144206 -0.777568 -0.596135 -0.067532 0.279710 0.593174 0.496974 -1.286769 -0.397492 0.700122 -0.545489 1.026585 0.800255 -0.275278 0.640080 0.902439 0.379293 -0.763531 0.298852 -0.451456 0.844015 0.245454 -0.331397
-0.221003 1.342691 -0.383191 0.023672 -1.013133 0.468192 0.156600 -0.569624 0.836370 0.061603 -0.033949 -0.782105 -1.044244 0.630369 -0.427408 -0.685365 0.503433 -0.886291 0.524574 -0.702737 0.324783 -0.670971 0.319436 -0.718791 0.489452 0.745523 -0.610489 0.117551 0.611163 0.184884
0.229098 0.803786 -0.541420 -0.051250 0.103599 -0.233411 0.462403 0.158836 -0.141556 -0.190389 0.875539 -0.142382 0.236757 0.447085 -0.317853 1.210629 -0.370118 0.622142 -0.865855 0.821292 -0.385675 -0.633734 -0.220584 -0.019311 0.660012 -0.279264 0.028654 0.532640 -0.721025 0.611976
-0.202988 0.704718 0.374689 -0.288328 -0.242642 -0.347311 0.468023 -0.900906 0.030650 0.948917 -0.737746 -0.527957 -1.383906 0.584213 -0.230596 -0.367556 0.372671 0.007787 -0.744329 -0.655034 0.315285 0.723895 0.029724 -0.106787 -1.068931 0.949078 0.556905 0.561650 0.012044 0.229979
0.466080 -0.050032 -0.789381 -0.113471 1.550543 -0.612546 -0.893682 -0.342247 -0.036309 0.425214 -0.821701 0.006327 -0.587794 0.594262 0.593385 0.482210 -0.637712 0.411768 0.341850 -0.176979 0.816604 -0.645529 -0.225220 -0.559675 1.259985 -0.213660 -0.765664 1.152782 -0.755690 -1.444023
-0.644155 0.459523 -0.905577 -0.094308 0.016838 0.602087 -1.062223 -1.018621 -0.607435 0.940168 -1.174020 0.644362 -0.308489 0.808437 0.254452 0.305991 -0.383627 -0.919189 -0.334605 -0.472175 -0.640691 -0.344280 -0.037905 0.167004 0.688525 0.764967 0.375689 0.397249 -0.184469 -0.040546
0.262658 0.215624 -0.816570 -1.217528 -0.157330 0.144857 -0.749265 -0.583395 0.555697 0.254072 0.172811 0.012493 -0.484553 0.387865 0.951661 0.362680 0.479744 0.590475 0.274968 -0.756176 0.035417 -0.408675 0.755534 -0.805534 -0.185667 -0.162251 -0.069644 0.011742 -0.818668 -0.503139
-0.266092 0.007452 0.642709 -0.912808 0.648124 -0.849587 -0.803263 -0.837601 -0.248495 0.159933 0.796822 -0.986868 0.990960 -0.712876 -0.116555 -0.570062 0.193464 -0.855440 1.275654 0.770336 -0.835279 0.894893 -0.091356 0.350116 0.127167 0.794005 0.594858 0.041921 0.355709 -0.027697
0.992729 0.192783 0.369077 -0.391588 0.147800 0.605044 0.495056 -0.298784 -0.070422 -0.846254 -0.676104 -0.862766 -0.541430 -0.140800 -0.267629 0.434408 -0.566456 0.763562 1.142244 0.169303 0.428052 -0.436817 0.107699 -0.680861 0.349069 0.687750 0.059956 0.255829 0.523004 -0.212177
-0.407790 -0.164170 -0.740448 0.267195 -0.846595 1.127123 -0.179658 0.943026 -1.054767 -0.730216 -0.340357 0.884326 0.541180 -0.021098 0.258357 0.408320 -0.788038 0.775014 0.926872 0.911502 -0.052440 -0.788018 -0.582493 0.744174 -0.717977 -0.359313 -0.649671 -0.138469 -0.065854 -0.369530
-0.577219 -1.085897 -0.588190 -0.632327 -0.423079 0.925433 0.553055 0.091937 -0.863782 -0.667135 0.093083 0.902108 0.713789 -0.030900 0.648395 0.780114 0.705603 -0.932506 0.339981 -0.392581 -0.235891 0.473487 -0.903182 0.531226 -0.435438 -0.377529 -0.136063 0.654526 1.057639 0.330831
-0.189665 -0.310845 1.025908 -0.100246 0.450060 -0.082694 0.082662 -0.139824 -0.509127 -1.136872 0.402700 0.366997 0.732233 0.304117 -0.983025 -0.013115 -0.072051 -0.250212 -0.240904 0.735323 -0.529938 0.838577 0.294657 0.536412 -0.415473 0.601097 -0.114187 -0.472245 0.505429 0.136979
0.533321 0.730168 0.200386 -0.046053 -0.816147 0.199757 -0.393281 -0.659163 0.409472 -0.488623 0.505828 -0.508133 0.482018 0.386959 0.193678 0.514141 0.398280 -1.402114 0.786300 -0.746318 -1.003579 1.122584 0.097980 0.608586 1.018496 1.175621 -0.498903 0.985522 0.258641 0.148210
-0.237206 0.657766 0.740847 -0.512558 -0.273450 0.988241 0.275067 -0.629857 -0.648478 -0.116724 0.029753 0.032700 0.027088 0.313634 -0.443877 0.187439 0.204822 -1.262095 -0.505321 -0.222088 -1.031770 -0.342215 0.435532 0.113598 -0.399635 0.151782 0.080999 0.663501 0.248444 0.096138
0.694144 0.658481 0.552783 -0.399489 -0.255294 -0.629814 0.734946 -0.712878 -0.103055 0.778156 0.330609 -0.849261 0.238170 0.294848 0.041388 0.195765 0.514783 -0.999704 -0.897094 -0.174054 0.730273 -1.524654 -0.677589 -0.136016 0.853952 -0.194421 -0.572089 0.310755 -0.139752 -0.333228
0.703154 -0.150201 -0.533925 -1.077954 0.072304 -1.317741 -0.194369 -0.933577 -0.071463 0.245066 -0.594785 0.337614 -0.306395 0.803968 -0.380224 -0.073356 1.503769 1.337467 -0.637577 0.458836 -0.853774 0.589225 0.095669 -0.325224 -0.688258 -0.196560 -0.135425 0.102010 -0.855086 0.588812
0.674683 0.826340 0.770872 0.129536 0.201417 -0.421035 0.007015 -1.224487 -0.237355 0.337544 -0.194454 0.435810 -0.875891 1.214074 -0.379017 0.496727 -0.049383 -0.125907 0.385323 0.105974 0.443180 -0.364129 -1.104517 -0.578792 0.260077 0.868036 0.241035 1.284594 -0.078343 -0.461092
-0.730963 0.899668 -0.105564 0.483497 0.750348 0.065188 -0.368813 -0.991017 -1.286555 0.162516 -0.465613 0.261560 0.088443 0.720778 0.716537 -0.942455 0.292814 1.075185 -0.638318 -0.666256 0.575439 0.410383 0.202424 -0.223799 1.062306 -1.079005 -0.232472 0.025492 -0.993415 0.318209
-0.927593 -0.125790 0.695982 0.685931 -0.499600 0.387993 -1.002596 -1.265702 -0.207249 0.612027 0.190214 -1.270333 1.536770 0.188591 0.523085 -0.411493 1.142649 -0.101363 -0.111515 0.463881 -0.072629 -0.178753 -0.967889 -0.723104 0.086219 -0.072708 0.246328 0.060647 0.179726 0.351683
-0.953369 -0.084581 -0.308498 0.873910 -0.711494 0.302781 -0.448413 -0.544202 -0.527873 -0.265483 -0.033064 -0.173692 1.455040 0.222088 -0.268359 -0.018937 0.710923 -0.411363 1.217661 -0.029662 -0.498551 -1.082945 0.016327 -0.033038 -0.388181 -0.001266 0.456825 -0.731150 0.127604 -0.481173
0.590169 -0.357771 0.847402 -0.432601 -0.233777 -0.650020 -0.066078 0.650019 -0.843104 0.605130 0.125461 0.913617 -0.109897 0.383215 0.218506 0.182280 0.113678 0.204925 0.437849 -0.595403 0.422417 -0.654194 0.613302 -0.136544 -0.614112 -0.538653 0.546796 -0.828822 0.652385 -0.804072
-0.345842 0.586364 -0.212233 -0.824317 -0.103701 -0.222856 -0.504105 -0.015717 0.665831 0.018994 -0.081937 0.343080 -0.522145 0.330675 -0.147139 0.533982 0.545232 -0.910297 0.776199 -0.587102 0.342684 -0.145311 0.717751 -0.904329 -0.542953 -0.761694 -0.183191 0.386312 1.353562 -1.234790
-0.602688 0.724337 0.064644 -0.153018 0.631428 0.364504 0.554847 -0.473647 -0.620993 -0.186233 -0.192253 0.603436 -0.687958 -0.890493 0.268994 1.241492 0.703119 -0.088497 -0.947448 0.994196 0.584901 0.066503 0.372363 -0.927783 0.463405 -0.835876 0.312056 -0.772385 0.567910 -0.958978
-0.691202 -0.324285 0.058283 0.004026 0.649339 0.088086 -0.549512 -0.218282 0.478746 0.043039 0.052843 -0.877033 0.564203 -0.155009 0.155452 1.260515 0.577469 -0.644557 -1.283782 0.373118 0.553758 -0.437818 -0.128434 0.732999 -0.484311 -0.835465 0.572363 -0.010850 0.540779 -0.225341
-0.783170 0.792187 -0.856941 0.131049 -0.573010 0.760795 0.339528 0.167544 0.114486 -0.487132 0.279854 -0.811707 0.299542 -0.586621 0.703788 0.262409 0.016846 -0.967231 0.694452 -0.872777 -0.420013 -0.631349 -0.555123 -0.262790 0.312831 0.615580 0.499926 -0.658969 -0.074559 0.108556
0.661157 -0.313920 0.928681 -0.146944 0.196869 0.030732 -0.191645 -0.452822 -0.147176 -0.031669 -0.946240 -1.198840 -0.089004 0.351658 1.342022 -0.506727 -0.675114 -1.603899 0.023986 0.956032 1.367180 0.600836 -0.453816 -0.213092 0.339920 -0.456355 0.177378 0.076532 0.539508 0.617084
-0.930623 -0.234136 -0.565674 -0.167493 -0.561783 -0.248578 -0.072784 -1.199230 0.387792 0.450788 -0.887172 -0.621147 -0.965094 -0.048140 0.327345 0.289682 1.443258 -0.425398 0.239444 0.734771 -0.162607 -0.356680 -0.594599 -0.775200 0.618556 -0.056328 0.070501 -0.148488 -0.477393 1.185152
0.973125 0.931541 0.442544 -0.178533 -0.414391 -0.786059 0.082532 -1.317782 0.061556 0.442333 1.261860 -0.951889 0.040074 0.517906 -0.185465 0.115423 1.688687 0.793925 -0.192734 -0.579732 -0.656866 -0.588366 -0.368998 0.313030 -0.687874 -0.554463 -0.095739 0.816728 0.092850 0.217842
1.115914 0.839022 -0.296788 0.302606 0.181331 -0.606106 -0.716490 -0.751541 -0.457790 0.877859 -0.521564 1.042495 -0.085147 0.574816 -0.515151 -0.080017 1.296130 -0.007369 -0.002612 -0.714135 0.151246 -0.950666 -0.236360 -0.076400 0.931665 -0.196309 0.603295 0.955047 -1.032273 -0.476631
-0.701609 0.191300 1.234781 -0.726407 -0.185116 0.446349 -0.758427 -0.529401 -0.007690 -0.468981 -0.645536 0.431757 0.535963 0.782099 0.885196 -1.573372 0.668245 -0.091905 -0.967237 0.885080 1.179037 1.262261 -0.660609 -1.056285 1.206176 -0.395926 0.409597 1.157287 -0.751818 -0.987995
-1.435171 1.107286 -0.135040 0.012475 -0.711253 1.075843 0.157726 -1.143217 -0.296453 0.562357 0.978875 -0.434494 0.475271 0.474230 0.084417 -0.235527 0.584938 -0.317918 -0.298847 0.249918 0.170656 -0.458286 -0.188009 -0.029289 1.366231 0.646062 1.049432 -0.056908 -0.361791 0.152507
-0.929489 1.472180 0.027282 0.696626 -0.394105 1.190339 0.287849 -0.903427 -0.079562 -0.380283 0.038603 0.857022 0.674359 0.047036 -0.352020 -0.530351 0.478281 0.336462 -0.266811 -0.330219 0.141624 0.271180 -0.864952 -0.378841 -0.586442 -0.243524 0.606492 0.095973 -0.704943 -0.040227
-0.664002 0.734951 -0.645911 0.015616 -0.891548 -0.247260 -0.626697 1.190776 -0.193295 -1.063760 0.218407 0.492443 0.410489 -0.196819 -0.082342 -0.278330 1.116496 -1.001198 0.376829 -0.881236 -0.269151 -0.778442 -1.001128 1.302068 0.945414 -0.174594 0.184094 -0.112819 0.065505 0.351885
0.822855 0.499239 0.439089 -1.086393 0.407493 0.039716 -1.168594 1.020141 -0.151862 1.071732 0.140979 0.862740 0.516216 0.928183 0.351409 0.136721 -0.082631 0.801498 0.559612 -0.716159 -0.348076 -0.136902 -0.716478 0.443756 0.255601 0.825125 0.518285 0.230661 0.194579 -1.150692
0.295901 0.328717 -0.681127 0.451125 -0.824400 0.187287 -0.581856 0.847761 0.177997 1.019641 0.064006 0.612469 0.427496 -0.528040 0.675373 0.724614 1.007662 0.556189 0.175053 -0.602917 0.108815 0.270090 -0.134373 -0.544011 0.773393 -0.288329 0.373415 0.589443 0.042629 -0.989218
0.479841 -0.134488 1.100159 -0.144850 1.002901 0.263185 0.520764 0.501058 0.897828 1.066351 -0.073463 -0.096601 -1.005251 -0.499593 0.598957 -0.148781 1.303112 -0.963359 -0.099150 0.565163 -0.298794 -0.787454 -0.482089 0.042405 -1.438541 0.285686 0.395825 0.198917 -0.666120 0.506686
-0.651811 -1.524750 0.974578 -0.122205 -0.370067 1.301021 -0.642764 -1.260642 -0.222351 -0.151801 0.260377 -0.436666 -0.162791 0.278475 -0.274959 0.969235 -0.219403 -0.174263 -0.415644 0.077377 0.234203 -0.348999 0.014608 0.496711 -0.331461 -0.462248 0.021417 -1.355468 -0.389792 0.920665
-0.851583 -0.732666 0.010203 -1.214286 -0.645666 -0.109232 0.089799 -1.048871 -0.099753 -0.532461 -0.526660 0.051018 1.492243 -0.104771 0.085218 0.194870 -0.222034 -0.432821 0.158252 -0.573958 -0.442571 0.387768 -0.455710 -0.259735 0.300394 0.287168 0.702689 -0.150947 -0.419429 0.890719
-0.719489 -1.467301 -0.879475 0.233874 -0.395085 0.650628 -0.295031 -0.801086 -0.400471 -0.448759 -2.219047 0.036875 0.319664 -0.181192 0.999907 0.648401 -0.965124 -0.668354 0.639572 0.004818 -0.816550 0.323166 -0.737576 -0.282456 -1.436609 0.257628 -0.061371 -0.342148 -0.496252 -0.331077
-0.013822 -0.768083 0.019373 0.034987 -0.283539 0.650466 -0.186385 1.358624 0.715374 -1.010100 1.856909 -0.100853 1.148344 -1.297617 -1.115912 -0.915177 0.217919 0.503491 0.117482 0.419546 -1.393235 0.327305 0.061865 -0.618064 -0.079706 -0.007629 0.433577 -0.104017 -0.950109 0.238339
1.942860 0.564095 -0.954767 0.887692 -0.662995 -0.718095 -0.170866 0.878214 -0.360436 0.007184 1.346316 1.062634 1.012180 -1.678585 -0.753285 -1.120606 -0.693637 0.361582 -0.449899 0.801986 1.334232 0.029193 0.676387 0.276386 -0.128898 -0.995085 0.215702 0.682774 -0.668973 -0.583035
0.017865 0.761122 0.354080 0.008233 -1.017506 0.219615 0.285556 -0.249034 0.497157 -0.699236 -0.082221 0.744007 -0.481634 -0.493700 -2.324380 -1.194953 -1.327441 0.600997 -0.258193 0.557617 0.457694 1.559592 -0.682500 0.562826 0.658571 0.604508 1.495504 0.760449 -0.331561 0.165106
0.259425 1.774465 0.245884 0.342560 -0.097364 0.840708 0.134338 -0.925298 -0.106956 -1.100114 0.092036 0.743762 0.233411 1.208279 -1.453756 -0.991928 0.659377 -0.402134 0.819059 1.023076 1.195363 0.215230 -0.755564 0.828231 0.307045 0.438422 0.126183 1.379959 0.093266 -0.106836
-0.687143 1.507569 -0.309029 -0.969182 -0.424011 0.438573 0.816789 -0.551523 0.156962 -0.671200 -0.188105 -0.367389 0.589202 0.874446 -0.549317 0.355146 0.288593 -0.316972 -0.315529 0.344088 0.826398 -0.340530 -0.979296 0.527279 -0.288203 -0.891336 0.397122 0.663030 0.532153 -0.171718
-0.982087 0.114547 0.803125 0.549308 0.350371 0.917854 -0.285809 0.316158 -0.413978 -1.346518 0.683611 0.568169 -0.793362 0.465465 0.180393 0.998347 0.990016 0.034396 0.227944 -0.563986 -0.738101 -0.303302 -0.566932 -0.520133 -0.831639 -0.229008 1.120130 0.409841 -0.179347 -0.189080
0.643899 -0.345318 -0.591854 -0.422849 0.259339 -0.174112 0.531968 0.305113 0.605479 0.365020 0.834178 -0.032873 1.113838 0.419860 0.957850 0.312353 -0.979518 0.336776 0.160751 -0.612689 0.907712 0.076995 -0.222760 -0.210326 0.888609 0.259896 -0.479891 -0.007707 0.310802 0.326817
0.875066 0.938995 -0.227137 0.636039 -0.715316 1.152809 -0.136451 -0.549527 -0.613142 0.752783 -0.550043 0.617854 -0.053527 -0.226325 -0.573479 0.979259 -0.724457 0.827209 0.712790 1.010796 0.318335 -0.935901 -0.548475 -1.242090 -0.531417 0.281203 -0.515865 0.471954 1.046000 -0.101804
-0.748555 -1.289751 -0.743969 0.979079 -0.435444 0.553079 0.332162 -0.403523 0.822033 1.235898 0.398361 0.324619 -0.515426 -0.733063 -0.134993 0.635531 0.815702 0.896532 0.181494 -0.791158 -0.682199 -0.277319 -1.254639 -0.126923 -0.264496 -0.549907 -0.453010 -1.215234 0.066261 -0.396845
0.023261 0.383425 -0.520808 -0.486220 -0.179035 0.464442 -0.243009 -0.654682 -0.744126 0.528718 -0.123994 -0.842947 -0.503248 -0.237267 0.416228 0.588691 0.828137 -0.366169 -0.184302 0.051375 -0.404206 -0.639603 -0.100772 -0.118044 -0.605087 -0.901378 -0.201854 -0.271526 -0.447357 1.933223
-0.528915 0.147511 0.699855 -0.695465 -0.365969 -0.127341 0.522201 -0.652369 0.028725 0.764595 0.132764 -0.741177 -0.523188 0.861625 0.668017 1.079715 -0.429336 -0.435622 0.409745 0.114351 -1.205600 -0.352226 0.271948 -0.988070 -0.645499 -0.140631 0.194993 -1.651938 0.290600 0.494632
0.240158 -1.275067 -0.446307 -1.065321 -0.161998 -0.346818 -1.354843 0.594276 1.360745 0.393395 0.413260 -0.020055 -0.665221 0.767047 0.347259 -0.866716 -0.377624 -0.133539 -0.054163 0.683591 -0.845090 0.520020 0.713771 0.235918 0.094395 -0.730071 -0.488582 -2.020798 -0.272774 -1.070619
1.775511 -0.943643 -0.082496 0.766706 0.522999 0.700887 -0.795549 0.484028 -0.142834 -0.763162 1.153777 0.183483 1.135792 0.958107 1.603756 -0.703478 -0.645099 -0.301361 1.206702 -0.236651 -0.151861 0.254215 -1.230035 -0.184167 0.619263 -1.037388 -1.134443 0.200688 1.049615 -1.654705
1.125476 -0.752219 -1.321795 1.156367 0.248693 -0.912842 0.389373 -0.480469 0.557966 0.419900 -0.820775 -0.045671 0.275699 1.355544 -0.644558 -0.943853 -0.384372 0.092425 -0.828525 0.404536 0.204286 -0.078786 -0.568522 -0.168699 0.212083 0.910055 -0.130609 -0.755044 0.212421 -0.848416
0.538294 0.343756 -0.640426 0.776786 0.156483 -0.058690 0.653638 -0.899832 -0.426950 0.291619 -1.546976 1.618607 -0.864713 0.142914 -0.586816 -0.602240 -0.778278 -0.656624 -0.029443 0.299758 0.751810 1.477661 -0.305754 0.518136 -0.209513 0.297949 0.496662 -0.727647 0.444680 0.465610
-0.651022 0.488539 0.214655 -1.099277 -0.301725 0.809242 0.557965 -0.068418 1.126949 -0.147556 0.241940 1.553003 -0.470471 0.359032 -1.809534 -0.722473 -0.700177 -1.047466 -0.209537 -0.416924 1.434290 -0.410267 0.496075 0.628835 0.812387 -2.011752 0.749259 0.858177 0.245651 0.114872
-0.419139 0.515268 0.602621 0.727039 -0.730865 -0.205335 1.123837 -0.747019 0.881433 -0.225605 0.525634 -0.141757 -0.362973 0.059138 -0.985373 -0.541613 1.130597 0.378135 -0.172329 0.884096 0.186301 0.039548 -1.001861 0.815599 1.615939 -0.507745 0.783697 1.233942 -0.507944 0.200283
0.181259 0.803650 0.603975 0.126477 0.286595 -0.092158 0.647381 -0.535597 -1.016152 -0.144170 0.052252 0.580602 -0.602514 0.222303 -0.091731 0.807837 -0.386973 -0.888662 0.668782 0.120158 -0.363331 -0.320100 0.854641 -0.323152 -0.504001 0.647968 -0.559622 0.846938 -0.215627 0.472261
-0.599948 -0.249298 -0.571712 -0.411116 0.699322 -0.332865 -0.245786 -0.639077 0.854846 0.450284 -0.670100 -0.558430 1.039341 0.671168 -0.453133 -0.313936 0.669966 1.124590 0.325796 0.815103 1.289863 -0.883963 0.104192 -0.705199 -0.722565 -0.571224 -0.470414 0.692902 1.083729 -0.247328
-0.557480 -0.454220 -0.570562 -0.023056 -0.251328 1.108767 -0.582922 0.350109 -0.951333 -0.039241 0.344442 0.077542 -0.414030 -0.463753 0.438181 0.283138 -0.733549 0.835363 0.685658 -0.837732 0.980075 0.737122 -0.290825 -1.215140 -0.451034 0.816730 0.541105 0.590423 0.551471 -0.125727
0.017420 -0.757609 -0.465732 -0.625217 0.494592 0.354903 -0.831881 -0.523861 -1.097041 -0.120087 0.413939 0.839529 -0.613198 -0.366873 -0.065568 -0.561741 0.075522 0.942691 0.125738 -0.588543 -0.138763 0.609620 -0.576538 0.248102 0.349525 -0.099699 0.711978 0.035829 0.049439 1.101570
-0.788508 -0.300570 -0.640647 0.647932 0.394797 -0.497376 -0.162651 -0.407103 -0.104959 1.397445 0.592731 -0.214151 -0.358913 -0.330983 0.575550 0.130384 -0.822080 0.097553 1.188144 1.143223 0.192494 -0.772222 -1.098559 -0.068594 -0.135572 -1.149417 -0.215896 -0.337683 -0.123692 0.700546
-0.753777 -0.245658 -0.857192 0.126772 0.275516 1.027292 0.278282 -0.251393 0.909909 1.629427 0.880003 0.084994 -0.746780 0.675597 -0.356368 0.760066 -0.824397 -1.510373 0.491056 0.661548 -0.971738 -0.319924 0.595370 -0.014328 -0.474991 -0.582520 -0.196641 -0.861299 1.009895 -0.427304
-0.056638 -0.255028 -0.401322 0.591370 -1.614334 0.578632 -1.834595 0.645040 -0.334263 0.832991 1.102243 0.198195 -0.848891 1.042074 -0.730587 0.391222 0.757408 -0.329182 -0.263337 0.440077 0.379564 -0.489822 0.930458 -0.808157 -0.472387 0.846970 0.249258 -0.847318 0.423656 0.290749
1.403077 -0.867099 1.379750 0.364560 0.795368 -0.578662 -0.304489 0.657653 0.103505 -0.962078 0.290166 -0.157839 1.139588 1.727488 0.629413 -1.090690 0.689084 -0.966106 0.605711 0.606899 0.649873 -0.492144 -1.308065 0.691246 1.189438 0.184510 -1.355293 0.186188 -0.761215 -0.066677
1.587299 -0.860578 -0.618608 -0.595290 -0.103656 0.081662 0.599206 -0.492499 0.263270 -0.227159 -1.339683 1.238485 -0.665858 0.750778 1.009497 -0.522988 0.359965 -0.393184 0.434734 -0.510494 0.132448 0.530276 -0.067623 0.947468 1.021870 0.083974 -0.650302 -0.798503 -0.051925 -1.003196
-0.130177 0.745703 0.312940 -0.840153 1.940660 0.674455 -0.016395 -0.792021 -0.231498 -1.215400 -0.590014 1.265009 -0.449113 -0.202654 -0.179290 -0.179180 0.895862 0.251789 -0.491203 0.620739 -0.265702 2.129259 -0.423285 -0.409386 -0.511364 0.541169 -0.760795 -1.514093 0.669386 -1.035469
-0.122497 0.004829 1.206674 0.058340 1.112587 -0.620778 0.946003 0.359258 0.544023 -0.936131 0.206466 -1.167463 -0.536931 -0.563079 0.738525 0.330776 0.571295 -1.262365 0.644686 0.195959 0.486644 -0.177441 -0.111510 0.072358 -0.463206 -0.959352 0.654748 -0.001969 0.989121 -0.284177
-0.451914 -0.364186 -0.549266 -0.493463 0.309149 -0.586554 0.153989 -0.409169 -0.935887 0.317175 -0.278317 0.482716 -0.527587 -0.802507 -0.683834 0.283820 -0.260991 -0.469371 0.293260 -0.552188 -0.520175 0.513204 -1.100634 -0.124283 -0.268411 -1.634575 -0.313392 0.405147 0.651332 -0.296600
0.634163 -0.888465 0.811762 -0.079208 0.673384 -0.313277 -0.571447 -0.354935 -0.683015 -0.674317 0.120402 -0.047206 -0.212833 0.066114 -0.190446 0.260475 0.953196 0.621478 -0.385409 0.234787 -0.311924 1.113213 0.263573 -0.600653 0.154673 -1.115788 -0.183831 0.377239 -0.535391 -0.354080
0.168666 -0.174846 -0.575467 -0.545568 -0.123030 -0.198068 -0.289742 -0.515364 -0.267682 0.243661 -0.807133 -0.769902 0.103778 -0.253416 0.918425 -0.622701 -0.360113 0.765525 0.458667 0.197341 0.302935 -0.711452 -0.200006 0.664009 0.781546 -0.708254 -0.014738 0.651480 0.147233 0.092715
-0.883307 -0.608682 0.101452 -0.952235 0.930944 0.426061 0.294393 -0.380644 0.560914 0.022877 -0.623397 -0.780625 0.397461 -0.439217 0.075025 0.561605 0.455073 -0.222731 0.857221 0.101956 0.040935 -1.277052 0.194937 -0.236703 -0.523051 -0.395051 -0.333966 0.026918 -0.434095 0.758766
0.547428 -0.195492 0.069573 0.091440 1.266094 -0.441458 -0.077986 0.024297 0.589888 -0.234082 -0.272787 0.341947 -0.817156 -0.371809 -0.343269 -0.062515 0.478885 0.634610 0.306565 0.161882 0.615139 0.054558 -0.731241 0.530971 -1.525652 0.383321 -0.415741 -1.356509 0.611401 1.007344
-0.398001 0.361074 0.152183 0.205871 -0.162349 0.582075 0.830920 -1.125201 0.341843 0.298711 0.565797 -0.306375 -0.617834 -0.138703 -0.196874 -0.132563 -0.728823 0.597411 -0.061473 0.587969 0.943586 -0.019352 -0.611303 0.782341 0.337525 -0.601238 0.439272 -0.251228 0.431492 -0.276343
0.832073 0.340545 0.153144 0.488833 -0.564529 2.317670 0.893510 0.261094 0.224861 0.803918 1.104402 0.132927 -0.841219 -0.369787 -0.631579 -0.343247 -0.770712 -0.345802 -0.838634 -0.315345 0.067561 -0.887068 -0.576245 -0.598732 -0.744165 -0.170352 -0.308270 0.085758 1.066107 -0.147435
1.462721 -0.674465 0.351531 0.793473 -0.913996 0.768786 -0.610503 -0.539470 0.419741 0.539666 0.848644 0.294108 -1.534690 -0.193648 -0.356814 -0.104215 0.043549 -0.100521 -0.573673 -0.616913 1.033058 0.761403 -0.392815 0.898630 -0.276023 1.231341 0.007059 0.175313 0.373841 -0.160921
1.022086 0.141790 -0.595378 -0.646742 -0.414732 -0.121369 0.241077 0.297069 -0.295058 0.296487 -0.100045 1.055682 0.595187 -1.137405 -0.072189 -0.576321 0.234489 -0.436099 -0.239407 -0.442978 1.453508 -0.290537 0.459167 0.059734 0.820212 -0.003747 -0.616498 0.177477 -1.467229 -0.520798
0.421373 -0.757034 0.656538 -0.327096 0.270559 1.254205 1.509986 -0.178437 -0.188508 0.019688 -1.749139 0.199663 0.418740 -1.332945 1.288677 0.070843 0.959465 -0.579880 -0.563780 1.037871 -1.336673 0.561059 0.046400 0.744724 0.477750 -0.416783 -0.405303 -0.678737 0.120351 0.527250
0.066804 -1.145613 -0.500214 -0.499406 1.673872 -0.292691 0.121484 1.223346 0.375591 -0.525994 0.550719 0.744904 -0.265835 -0.235609 0.361081 -0.185929 0.571295 -0.012138 -0.227505 0.084895 -0.577417 1.456753 0.053652 0.889618 0.314465 0.055004 -0.594905 -0.756805 0.501466 -1.142059
-0.309827 -0.837902 0.592320 0.103544 1.917341 -0.289940 2.009378 1.209648 0.678456 -1.205991 0.342609 0.514021 0.363344 -0.768863 -0.421435 -0.140701 -0.662141 0.461859 -0.191449 0.101057 0.342979 0.857666 1.109475 0.848410 -0.641601 -0.345906 -1.582617 -0.377850 -0.567830 0.301125
-1.001992 -0.082807 0.523850 1.075881 0.204906 -0.813580 1.414414 -0.411071 -0.230780 -1.681912 -0.034336 -0.204246 -0.464803 0.091904 0.686835 0.222538 -0.532030 -1.086044 0.329197 1.112251 -0.054261 1.151277 -0.357064 0.163097 -0.646683 -0.621553 0.083114 -0.119930 0.758379 0.316456
0.082472 0.016305 -1.147778 0.696121 -0.165845 -0.118646 0.735231 -0.393818 0.004406 0.044030 -0.729519 -0.161152 -0.489881 -0.257137 -1.073051 0.183589 -0.421912 -0.386751 -0.055225 0.495804 0.400333 0.472296 0.678933 -0.170758 0.055421 -0.234396 0.535358 -0.069112 0.146018 -0.821094
0.468843 0.699941 -0.902306 -1.042020 0.111253 0.578512 0.701390 0.774422 0.349877 0.414301 0.769727 0.095438 -0.149809 0.571242 -0.664460 -0.201371 -0.119421 0.688153 0.493964 0.421784 -0.325369 -0.304664 1.410657 -1.068356 -0.103403 -0.011088 0.263229 -0.608674 -0.437822 0.692197
0.273580 -0.974567 -0.771334 0.420654 -0.157801 0.183031 0.491212 0.759488 -0.229219 0.401237 0.854353 0.862185 -0.622914 -0.047984 0.620954 -0.510114 0.629449 0.051257 -0.490535 0.546198 -0.487819 -1.069473 0.938865 0.269538 0.691413 -0.318442 -0.684318 -0.328717 -0.757606 -0.945927
-0.483155 0.014566 1.084706 1.104005 -0.560917 -0.122675 -0.104006 0.593566 -0.869194 -0.385878 -0.082626 0.259691 -0.229009 -0.420628 0.557513 -0.491931 1.122674 0.190548 -0.602925 0.822822 0.669634 0.178269 -0.027295 0.705956 -1.191105 0.510698 -0.105497 -0.275327 0.376991 0.202363
0.465573 0.090973 -0.165522 -0.236672 -0.233756 0.050979 0.521907 0.894191 -1.155924 -0.406724 -0.127093 -0.462793 0.366826 -0.635281 -0.278516 0.697563 0.222020 1.253246 0.591140 -0.807603 -0.029337 1.570267 -0.419850 -0.120292 -1.014874 0.255492 0.006998 -0.485420 0.086489 -0.888120
0.638216 1.021999 -0.310333 0.607690 -0.523775 1.635306 -0.318506 -0.081638 0.452352 0.419565 -0.050662 0.399518 -0.865756 -1.360369 -0.247241 -0.764785 -0.845670 1.096441 -0.277134 0.119456 1.057533 0.330825 -0.747323 0.584657 0.422279 -0.519525 -0.340719 -0.087679 0.333500 0.604759
0.745133 -0.241426 0.828846 -0.936811 -0.811270 0.476878 -0.955675 -0.058952 0.286707 -0.386839 -0.428153 0.652292 -0.961647 -1.439797 0.579501 1.296060 -0.194202 0.421288 -1.267786 0.370496 0.851401 -0.603274 -0.467266 -0.293094 -0.987486 -0.547681 0.659065 0.112823 -1.498618 0.014944
-0.330801 -0.697808 -0.360745 -0.905254 -0.314355 -0.017489 0.290954 -0.065447 -0.867488 -0.719797 0.510488 -0.383620 0.427345 -0.175099 0.722570 -0.596086 -0.396367 -0.536950 -0.296698 1.269463 -0.603207 -0.396414 1.866331 -0.495140 0.135541 0.030405 0.011049 1.192517 -1.408185 0.052873
0.140577 0.312257 -0.281323 -0.618544 0.075703 0.465748 1.002166 0.564929 -0.064652 -0.374033 -0.825723 0.545187 1.090721 -0.551381 -0.468596 0.089047 0.857433 -0.005071 -0.043344 0.298366 -1.468779 -0.400936 0.728429 0.763192 -0.298845 -0.479287 0.129105 0.141735 -0.689228 0.480309
-0.210245 -0.119590 -0.112381 -0.957292 0.504414 -0.234180 1.346865 1.090883 0.321544 -0.211133 -0.477191 -0.283390 0.655220 -0.235837 0.925799 -0.228769 -0.499025 0.217459 0.963250 -0.751392 -0.431072 0.524313 -0.258165 1.360790 0.920214 -1.206149 -1.226584 0.230081 0.100373 0.576130
-0.003625 -1.037428 -0.795605 0.832023 1.390529 -0.180891 0.086895 1.351758 -0.027900 -0.338803 -0.530609 0.212450 -0.436687 -0.016025 -0.557338 -0.396238 -0.817039 0.193726 0.337627 0.732379 0.733239 0.552572 -0.222283 0.033716 0.887243 -0.588659 -0.579675 -0.305880 0.645726 0.714209
-0.768068 -0.363865 -0.008657 -0.207368 1.259180 -0.928543 -0.548781 -0.541882 0.280323 -0.427738 -0.421014 -0.370549 0.963826 0.305591 -0.022721 -0.633707 0.461793 1.051788 0.056312 -0.257843 0.171667 0.554553 -0.121462 0.591098 -0.006034 -0.945354 0.207812 0.333652 0.591237 -0.726991
0.149069 0.315661 0.822345 0.672498 -0.822904 -0.249295 -0.126137 0.736993 -0.358873 0.178790 0.053943 -0.847684 -0.837116 0.431907 0.466707 0.560448 -0.627284 1.013390 0.098015 1.064402 0.497628 0.270099 -0.437813 0.539726 0.574803 -0.340858 1.032345 -0.605917 0.157474 0.341125
-0.380154 -0.515713 -0.437122 -0.541071 -0.169618 -0.750783 0.073820 0.691086 -0.110864 0.256867 0.754318 0.371678 0.339854 0.039144 0.738072 0.322824 0.187548 -0.336053 -0.361272 -0.040356 -0.021583 -1.230349 1.314353 0.498374 -0.834023 -0.300067 -0.053323 0.426076 -0.654038 0.654058
0.358269 -0.673437 0.854812 -0.415439 -0.382726 -0.465516 0.069388 -0.266327 0.329979 -0.807874 -0.058992 -0.629694 -0.679991 -0.988375 0.213172 -0.631635 -0.179586 0.531323 0.322797 0.802595 1.231031 0.771073 0.097580 -0.387562 0.306955 -0.078486 0.097566 -0.721171 0.231458 0.558851
-0.049199 -0.582057 -0.253456 -0.148868 -1.271896 -1.013327 0.018941 0.396972 -1.134029 0.000190 0.673211 -0.443597 -0.704801 0.278172 -0.094162 -1.160253 0.696270 0.221220 -0.739604 0.043579 0.749934 0.271994 0.997091 -0.037143 -0.060362 -0.255032 0.027441 0.950374 -0.078202 -1.166632
0.777002 -0.128738 -1.146681 -0.137318 -0.805074 0.090942 0.591496 1.179887 -0.733855 0.112983 -0.673171 1.104197 -0.845592 0.796977 -1.190331 -0.369617 -0.015602 0.409559 0.304250 0.092335 0.137027 0.818118 0.193428 0.631173 0.513027 -0.081774 -0.643564 0.968016 1.226413 -0.633687
0.707511 0.828686 0.689031 -0.638328 -0.755401 0.234588 -0.261897 1.098100 0.391124 0.994375 0.416865 0.978578 0.042986 -0.528650 -0.890186 0.945701 0.236899 0.490960 -0.674272 0.684242 0.184174 -0.137053 -0.076685 -0.125945 1.083819 -0.284989 -0.878657 -0.544542 0.847091 -0.662433
-0.497603 -0.500052 -0.306910 -0.324795 -0.036292 -1.964065 -1.104504 0.259492 1.160450 0.115720 -0.986193 -0.979563 0.045834 0.735466 -0.724635 1.543299 -0.063694 0.465420 -0.681081 -0.430300 -0.163749 0.135014 -0.717325 -0.404981 -0.469352 0.214524 -0.008554 -0.548823 -0.022871 1.085438
-0.786192 -1.051537 -0.218183 -0.510149 -0.665108 -1.442789 -0.095978 1.067224 -0.725323 0.391152 -0.148231 0.151144 0.782997 -0.509582 -0.006085 0.602574 -0.051275 0.097289 -0.199321 0.382137 -1.258566 -1.369209 -0.451608 -1.201611 0.582045 0.501562 0.096438 0.058429 -0.203940 1.165564
0.665108 -0.602645 -0.424308 0.502629 1.198574 -0.891275 0.262703 0.538949 -0.717701 -0.217670 0.427666 0.565099 -0.208044 -0.200929 -0.226862 -0.761493 -0.833630 -0.362766 0.385704 -0.338863 -1.092655 0.256901 0.267804 -0.855071 1.198863 0.052117 -0.897222 0.360221 0.742782 1.095082
-0.104532 -0.474839 0.103288 -0.364548 0.322735 0.110967 0.219541 0.884182 0.077621 0.166960 1.787646 -0.003465 -0.306719 -0.424032 0.450316 -0.060094 -0.847861 0.323351 0.812648 -0.999416 -0.723754 -0.159391 0.514326 1.345223 0.565713 -1.068691 -1.091899 -0.516463 -0.575973 1.757038
-0.739414 -0.800289 -0.357900 -0.756351 -0.786791 0.376569 0.589096 0.987691 0.667510 -0.005341 -0.704997 -0.234171 0.012460 -0.698844 0.414438 -0.979377 -0.969980 0.301971 0.157252 0.555079 -0.378275 0.936464 0.010972 0.313894 -0.172089 -0.109461 -0.166417 0.013758 -0.952692 0.737725
-0.024848 -1.363422 -0.353149 -0.821002 0.337627 1.083344 0.476303 0.260702 0.514908 1.335765 0.393718 0.872768 0.093726 -0.663738 0.596315 -1.409502 -0.111180 0.322830 0.350513 -0.028297 0.011467 0.220554 0.108666 0.734073 -0.094163 -0.025486 -0.865096 -0.615509 -0.235720 -0.410936
-0.790537 0.726249 -0.579448 -1.121722 0.351678 -0.944974 -0.555210 0.732787 -0.528144 1.283473 0.852766 0.606906 0.806227 0.412009 0.943018 0.319069 -0.388949 -0.820978 -0.824757 0.576299 0.771076 -0.038790 -0.148151 0.504119 0.561323 -0.505983 -0.356591 -0.655572 -1.001936 -0.490315
-0.979190 0.340478 0.811725 0.114753 0.619185 -0.465605 -0.530845 -0.104959 -0.418468 0.246589 -0.753666 -0.412489 -0.143976 1.080079 0.446706 0.338116 0.250050 0.608352 0.997860 0.620450 -0.400072 0.563934 0.315490 0.423304 0.846053 0.861330 0.624257 -0.150169 1.103561 -0.585835
0.773308 0.615194 -0.417446 -0.366016 -0.403192 -0.714203 0.226798 -0.411038 0.486297 0.615248 0.247048 0.366367 0.235263 -0.789532 0.140895 -1.053517 -0.031815 0.455967 0.201178 0.084166 -0.244006 -0.905691 0.720358 0.203185 -0.825125 0.762713 -0.069819 -0.432698 0.351899 -0.399296
0.553044 -0.293320 -0.494614 0.374770 -1.153619 -0.544787 0.614272 1.042668 -1.004145 -0.295904 -0.325860 0.807520 -0.263902 0.460197 -0.333407 -0.948031 -0.292552 -0.718506 0.767350 -1.089154 1.009367 -0.217912 -0.033992 0.683439 0.793851 0.816153 -0.593360 0.451675 -0.147211 -0.072664
0.175791 0.838704 0.599310 -0.587862 0.081832 -0.015711 -0.422039 0.225365 -0.729770 -0.058872 0.432219 -0.277864 -0.715376 0.738424 0.056190 -0.514413 0.052019 -0.148407 -0.206666 0.040176 0.148977 0.883258 0.934579 0.100251 0.046600 -0.441345 -0.061659 -1.165264 0.636323 -0.697274
0.195026 -0.254826 0.616598 0.509816 -1.246601 -0.092023 -1.053061 1.177345 -0.699267 0.087439 0.023090 0.506639 -1.131583 -0.353279 -0.061103 -0.167282 -0.590674 -0.044676 0.229191 0.423680 -0.618228 -0.307185 -0.783746 -1.124986 0.478611 0.719444 -0.715690 0.578959 1.008620 -0.891609
0.728792 -0.061147 -0.673249 -0.352162 0.233788 -1.373791 -1.471281 0.016240 0.023978 -0.456967 0.375164 -0.104865 0.970961 0.506957 -0.997803 -0.621299 0.378724 -0.063166 -0.545034 0.112946 -0.516074 0.340121 0.450863 -1.999178 0.118550 0.976981 0.043768 -1.261658 0.206249 0.065867
0.312827 0.184572 -0.461342 0.567934 -0.232390 -2.022194 0.172681 -0.551981 0.283624 -0.290498 -0.555728 -0.029972 0.865645 -0.925505 -1.249663 0.865136 0.806798 0.024703 0.621890 -0.607004 -0.867279 0.115720 -0.269750 -1.095764 0.607533 1.070673 0.320132 0.327387 -1.076903 1.026332
0.160420 -0.984305 0.237277 0.916635 1.255233 -0.424096 0.460270 1.478443 -0.335211 0.594923 -0.009773 -1.363381 0.754420 0.902899 1.396197 1.097164 -2.113452 0.700019 -0.533207 -0.575359 -1.053357 -1.218240 -0.105397 -0.223213 0.808743 0.647767 0.502104 0.580106 -0.112758 1.742060
0.000392 -1.151628 -0.378799 0.569245 0.271568 -0.312101 0.127520 0.532626 1.053389 0.338185 -0.092004 0.235150 -0.902282 -0.643104 0.324334 -0.465752 -0.561448 0.515999 0.518382 0.163423 0.235596 -1.284776 -0.977272 -0.284903 0.027109 -1.107614 -1.380001 0.305189 0.702590 1.516005
-0.073337 -0.703398 -0.916444 0.720581 -0.647608 -0.112176 1.108415 0.898827 1.178907 0.841923 0.160181 -1.496923 -0.258012 0.387268 0.196236 -0.877435 0.384475 1.306802 0.074940 0.266231 0.347849 -0.941483 -0.616789 1.529488 -0.807547 -0.327670 -2.341664 -0.519044 -1.341053 0.887322
0.547190 -0.341988 -1.085663 -0.874296 -0.189159 0.545387 -0.360160 0.182127 -1.144134 1.296945 0.157431 -0.951498 -0.887561 -0.311256 0.279915 -0.486464 1.187149 -0.528185 0.166408 0.232045 -0.056676 -0.736600 -0.140787 1.322871 -0.969765 -0.212664 -0.229914 -0.078664 -0.701337 0.062501
0.574024 -0.642677 -0.421839 0.304362 0.810748 -0.792568 0.382406 0.454055 0.658345 0.283465 0.689514 -0.118311 0.953294 0.768402 -0.169168 0.307680 -0.037742 0.024470 -0.868198 0.812844 0.413752 -1.294352 0.439325 1.057422 -1.005830 1.040790 0.600489 -0.414519 0.682270 0.648658
-0.977443 1.133159 -0.764506 -0.188229 0.248083 0.201031 0.791955 -0.392648 -0.322408 0.758939 -0.536067 -0.140382 1.051165 0.059759 -0.165550 0.146639 -0.109985 0.883995 -0.479194 1.125419 -0.314858 0.625307 1.281383 -0.521774 0.844554 -0.532128 0.371202 -0.937143 0.661288 -0.234555

Bias v0 (Oculta):
0.966746
-0.599768
-0.632344
-0.483632
0.669930
-0.698066
0.026838
-0.260827
0.219257
0.299950
-0.123768
-0.487215
0.857425
0.735261
-0.300687
-0.815198
-0.976453
-0.096357
0.550775
-0.029306
-0.136940
0.433250
0.440600
-0.232550
-0.790478
0.526260
0.751034
1.013163
-0.016312
0.779250

Pesos w (Oculta -> Saída):
-1.302287 -0.692395 2.804590 -0.900579 -2.878571 -2.500546 0.728688 2.440674 -0.800981 -0.603071 -1.840540 -1.254013 1.421820 1.357909 0.581190 0.233899 1.616540 -0.845274 0.130304 -1.555791 1.966882 1.285344 -2.186756 -1.694924 -0.733893 -1.547333
0.323798 -0.006131 -2.034218 -1.207740 1.793269 -0.820177 2.081734 -1.488924 2.401997 -2.636027 0.286394 1.092420 1.260502 0.041570 -2.035412 -1.925144 -2.048900 -2.120056 0.161486 -1.824872 -2.292450 -1.021860 1.799194 0.775309 1.169676 -1.641084
1.185144 -0.143939 0.474443 -0.941295 1.526249 0.093549 -0.489989 0.462401 -1.010912 -0.514997 -0.832183 -1.310731 -0.306619 0.524996 -1.341263 -0.516818 1.087075 -0.289190 0.625187 0.230605 0.318923 -0.458093 0.199461 -1.040586 -0.195513 -0.215384
0.683543 -0.726979 0.617726 0.860378 -0.195325 -1.126097 0.415651 0.211254 -0.751471 -0.120667 0.641377 0.124710 -0.243859 -0.219767 0.531511 0.225459 -1.055473 1.195265 1.158296 -1.011975 -0.715895 0.567542 -0.621451 -0.570296 -0.311594 -0.702283
-0.840743 -3.119815 -0.333632 0.301233 0.402892 -0.293244 -3.237656 -1.257797 -2.512631 -0.537596 0.067386 1.777430 1.025410 -0.757116 -1.581788 1.443019 -2.097318 1.461642 -2.085448 0.059798 -2.233876 1.275528 -0.932038 1.418578 1.638620 2.513803
-0.375885 0.258804 0.156595 1.241924 1.901597 -2.144328 0.953143 -0.743999 0.940740 1.525891 -2.866784 -0.206730 -0.505764 -0.942770 1.025541 -1.920274 -2.168226 -1.599439 1.129562 0.914236 -1.218894 -3.335331 -0.827163 -3.069428 2.550951 1.314570
-1.508414 -0.599970 1.725444 -2.633947 0.658364 0.669546 -1.306443 -1.330070 -0.506721 0.410330 2.029638 0.154196 -1.114338 -1.760387 0.010825 0.109950 -2.348216 -2.198108 0.857435 -1.458371 -2.453237 1.968470 -0.032515 0.827805 -0.314848 0.524813
-0.349260 0.099617 1.263734 -0.295311 2.428209 1.625208 1.167968 -1.029731 -2.770666 -1.028118 -1.701652 -3.467979 -0.249443 0.070397 0.150502 1.241874 -0.709683 2.244155 -2.143518 2.490344 -1.323260 0.998765 -1.814624 -2.269846 1.345546 -1.459236
-0.946983 -1.327129 0.516088 0.530937 0.012337 -0.025328 0.304163 -1.115949 -0.975104 0.268761 -0.094087 -0.114070 2.434731 -0.012695 -0.148547 -0.134328 0.262589 -1.250953 -0.760108 -0.524306 -0.092348 -0.888023 0.016810 1.504034 -1.875542 -1.358696
-0.915275 0.192567 -3.089361 0.103249 -2.389598 -0.760882 -2.123300 0.316493 0.491372 -0.006483 -3.940450 -0.941224 0.527812 0.374784 0.919283 -0.800365 -0.922770 -2.180958 1.695352 0.330525 0.422469 1.174325 0.734682 1.900694 0.295357 -1.789362
-0.276786 0.779414 -0.676843 -1.520742 0.434378 1.122583 0.333976 -2.215550 -2.537245 1.613749 -2.310012 -0.510944 0.191335 1.953060 0.681151 0.165668 0.626796 1.158039 1.382394 -0.982339 -1.209747 1.558523 -1.127700 -0.030631 -0.119676 -0.662576
-0.422504 -2.023801 -0.402801 -0.083353 0.293774 1.763983 0.126944 0.583733 -0.129680 -3.656711 0.663241 0.116754 -1.437965 -0.241583 0.106861 -2.372825 -0.219448 -0.619829 0.343533 1.669635 0.109172 -0.505638 -2.286749 -0.393081 -0.245409 1.213643
0.804732 1.300072 -0.534597 2.730654 1.235294 1.363816 1.290110 1.128390 -0.773684 -2.285137 -1.095540 0.697814 -0.323045 -2.664999 0.213039 1.091829 1.416710 0.320318 -2.158714 -0.402235 -3.459925 -3.091607 -0.127394 -1.081163 -2.146014 -0.057645
0.565833 -2.908899 -0.616681 -2.576078 -3.304152 -0.784880 2.471737 -2.037504 -1.399542 1.809994 -0.038511 2.268955 0.418591 0.932396 0.514690 -0.709498 0.582987 -2.233252 -3.212134 -1.640481 1.671652 0.369882 0.667226 0.457948 -1.967492 -0.979984
-0.553811 1.751342 -1.427183 0.923216 -0.893544 -2.840801 -2.065531 -0.278873 -2.082523 2.211658 -0.755258 0.558240 0.848543 -2.838315 1.324442 1.485767 -1.823268 -0.755612 -3.022779 0.104782 1.257588 -0.672469 -1.302982 -2.299626 -1.824156 -0.295336
0.798634 1.802913 -0.914628 -1.873883 -1.672524 -2.734507 -2.038655 2.194091 -0.189029 -0.488179 1.805402 -3.010649 1.365360 1.559319 -1.820580 -0.691485 -1.301833 0.965751 -1.089946 0.541377 -1.396806 -2.219694 -1.524653 0.850744 0.875905 1.336159
0.842631 -0.735435 -0.106936 -1.063144 -0.625200 -2.751214 -1.180732 0.621050 2.265476 -1.489218 -0.735627 0.336869 -1.001634 0.269764 0.601029 -0.633757 -1.536864 -1.017089 -0.611288 -3.564496 0.545806 0.404664 -0.809461 0.272000 1.490983 0.804523
-2.739982 -0.353482 -2.407293 2.384922 -0.586358 0.648960 -2.214409 0.978944 -1.294223 -2.267991 0.293585 -1.014982 0.826403 0.301333 -3.702752 0.380250 -0.883604 -0.143609 -0.808067 0.146516 0.322142 0.431070 -0.608477 0.786033 1.090368 -3.316447
0.457730 -0.742348 -1.261597 0.362095 -1.338971 -0.858783 -0.749229 -1.034853 -0.363688 -0.385345 -1.713081 0.038658 0.066252 -3.274151 -1.598258 -1.194180 0.345973 0.490748 0.082699 -0.204592 -1.300877 -0.738256 0.108370 0.158709 -1.882845 -1.224173
-0.108033 -2.043785 -1.142401 0.025477 -1.168511 -0.643320 -1.604904 -0.111510 -0.878532 -0.622575 -0.536711 -1.845278 -2.254429 -1.017897 -1.300839 -0.068873 -0.550691 -0.672314 -1.498049 -0.838816 -0.273894 -1.486473 0.229063 -1.452574 -0.433607 0.072157
-1.539997 0.112761 0.120497 1.229377 -0.123283 0.574996 -0.570511 -2.782417 1.473880 0.016715 0.924608 -0.543836 -2.133113 0.414061 -2.612548 -4.261724 1.208288 0.573340 0.128556 0.636647 0.334901 -0.878400 -0.187126 -0.911755 -0.519517 -1.858427
-0.110965 -1.483753 1.301064 -1.250362 0.821037 -1.513618 -2.649766 -0.532339 2.962309 0.136351 0.629411 0.715091 -0.187657 -0.090315 -1.675674 -0.098604 2.505843 -1.735148 -2.908183 3.135944 0.894716 -1.166190 -0.666155 -1.644623 -2.063921 -1.124159
-2.925160 1.515907 0.096299 -1.663888 0.396650 -0.755490 -0.206404 -1.137610 -1.154840 -2.089157 -1.321071 -1.847890 -0.003813 0.386032 0.273173 0.240822 -0.100513 -0.914638 -1.089388 -1.629958 0.338074 -2.823092 1.328701 0.182239 -1.807164 1.528171
-2.475818 2.378241 0.647616 1.055379 0.377427 0.676447 1.547468 -2.279367 0.107623 0.488259 -0.415365 0.779611 -2.415750 -1.323665 1.631985 1.340177 -1.313027 -3.442010 0.859641 -0.055538 0.490921 0.759026 -0.733219 -2.082364 0.029530 -0.024651
0.855099 -0.944010 0.805257 -1.778909 -0.943941 1.443857 -0.771740 0.713303 -0.842607 -1.495601 -1.091161 1.930032 0.284500 -1.030719 0.288658 -1.795759 0.753550 -1.994899 -1.943305 0.206420 -1.164800 -0.134580 0.267357 -1.348344 -0.566774 -1.512609
-1.079196 -0.901049 -2.273337 1.378185 -0.931079 -0.962960 -0.616528 0.478711 -0.653358 -1.104552 1.155631 -2.225048 -0.632394 1.033261 2.625995 -1.397468 0.341809 -1.049925 -1.316355 -1.302677 -1.220774 -1.988754 1.887567 -2.417508 -0.975884 -0.832983
0.143504 1.351398 -1.201999 -1.441014 0.375572 -0.746779 1.138938 0.098382 -0.700180 -1.003349 -0.458957 0.822516 -3.241018 0.434125 -3.264883 -1.799483 0.569463 1.226251 1.566859 -1.302341 -1.514772 -1.078385 -0.847928 0.232609 -2.986718 0.369729
0.709343 0.985857 1.165472 -2.481325 1.029237 0.412870 1.612753 0.061076 -3.552172 -0.138321 2.142360 0.744613 0.440154 0.275930 -0.686941 -0.001976 -3.265161 -0.288448 1.599834 -2.203006 1.596632 -0.187115 0.329583 -1.857093 -0.203699 -2.857698
1.218434 -1.725953 1.454025 -2.218669 -1.966483 -1.374630 -0.893023 -2.836981 -0.249439 0.331932 0.888189 -1.489981 1.156680 -0.817107 -0.010537 -0.819641 2.238898 1.168595 -0.961860 -0.317935 -1.947580 0.536077 -3.251658 0.242749 -0.766222 -0.242022
0.919885 -2.004943 -1.778257 -2.321349 -3.384325 3.120531 -2.462079 1.796695 -0.047681 1.008060 -1.037688 -2.941197 -1.161210 -1.420639 -1.730606 1.598039 -1.887501 -1.569408 -0.312451 -0.212129 -1.490580 -1.709281 0.622481 1.380051 0.458947 -0.302398

Bias w0 (Saída):
-1.352214
-2.295280
-1.907321
-1.049620
-2.006523
-2.267195
-1.663435
-1.536325
-0.910454
-1.036511
-0.580734
-2.425048
-1.128039
-1.924408
-1.206049
-0.920353
-0.786178
0.206139
-1.443195
-0.654257
-1.011536
-1.972414
0.773855
-1.344345
-2.063856
-0.147279
