Pesos v (Entrada -> Oculta):
-0.263092 -0.781410 0.845690 0.218404 0.337328 -0.609971 -0.172781 -0.243434 -1.070294 -0.878152 -0.050509 -0.956366 -0.179479 0.514204 -0.838686 0.899080 -0.054259 0.412196 -0.699690 -0.722542 0.002045 -0.399867 -0.721118 -0.811562 -0.423108 -0.021449 -0.727066 0.080040 -0.602005 -1.061381 -0.913975 -0.528854 0.666949 -0.327330 0.388145 -0.354892 -0.121097 -0.970846 0.917797 0.051961 -0.874533 -0.510432 -0.313069 0.672241 0.413915 -0.050049 0.249987 -0.272039 -0.241652 1.004122
-0.217502 0.280386 -0.821660 -0.906159 0.337893 -0.520365 0.053928 0.663160 0.634655 -0.596881 0.185832 0.657887 0.141715 0.973731 -0.197355 0.836410 -0.853099 -0.543698 -0.802930 -0.466782 -0.576363 -0.161820 0.577491 -0.512887 -0.647545 -0.770422 0.718888 -0.539972 -0.902738 -0.806765 0.311477 -0.393784 0.162974 -0.157542 0.258254 0.099584 0.941645 0.686454 0.228582 -0.828468 0.403006 0.493466 -0.599893 0.393105 1.010493 -0.509151 -1.001522 0.674221 -0.443164 0.844951
0.123497 0.530412 0.266307 0.691125 -0.464708 -0.065086 0.221760 -0.334053 0.467379 -0.103729 -0.719719 0.339690 -0.810266 0.155460 0.536960 -0.155615 -0.599061 -0.611906 0.739743 -0.767642 -0.916370 -0.456180 -0.680388 -0.230939 0.581279 0.810320 -0.568114 0.073373 0.961719 0.082345 -0.235699 0.792358 0.679831 0.440315 0.120878 -0.302186 -1.021156 0.587920 -0.914200 -0.160195 -0.835984 0.017441 -0.817400 0.874758 0.205279 -0.599702 0.004735 0.716206 0.875762 0.116849
-0.193643 0.796965 -0.741330 -0.016159 -0.808938 0.489746 -0.408369 0.312162 0.014915 -0.917840 -0.598719 0.718710 0.176245 0.150743 -0.603662 -0.173150 0.356584 1.157480 1.095966 0.783555 -0.216224 0.028816 -1.012972 0.355619 0.281715 0.142120 0.923211 -0.812884 0.242996 -0.064674 0.057221 -0.262016 0.545360 0.577456 -0.377007 -0.959844 0.487425 -0.902448 0.310699 0.247471 0.944662 -0.908165 0.860001 -1.035217 -0.038739 0.265356 0.576260 0.831908 0.861305 -0.008703
0.821776 -0.650289 -0.965611 1.109038 -0.190839 0.786843 0.443030 -0.384815 -0.418486 -0.244853 0.141567 0.845993 0.844004 0.079439 -0.797903 -0.808394 0.464367 0.855485 0.780254 -0.970762 -0.113243 0.135033 0.237396 -1.229385 -0.009209 -0.905347 -0.893030 0.107058 -0.650032 0.755508 1.050400 -0.344208 0.010893 -0.421394 0.688086 -0.853080 -0.859135 -0.336060 0.024509 0.201472 0.301219 0.133119 -0.621556 -0.483325 -0.731777 0.173642 0.003558 0.068677 -0.760307 0.579147
-0.544673 -0.568512 0.637693 -0.000302 0.171610 0.001465 0.293661 0.438661 -0.107381 -0.442240 -0.826628 -1.022711 0.768088 0.173989 -0.190341 -0.117627 0.995105 -0.839353 0.987528 0.415286 0.042208 0.018129 0.340334 -0.818823 0.025436 0.640962 -0.274817 0.247746 -0.468813 -0.172292 -0.448353 0.356595 0.258920 0.004767 -0.121554 0.795523 -0.681836 -0.546023 -0.029621 1.507699 -0.046315 0.943721 0.122982 0.783548 -0.576974 -0.607303 -0.967292 -0.729915 0.830001 0.540425
0.381940 0.375619 0.609927 0.598235 -0.264277 0.231209 -0.066890 -0.327886 -0.247753 -0.485595 -0.900126 -0.410731 -0.716680 0.300366 1.038787 -0.160893 0.770160 -0.240074 0.248218 -0.589850 -0.886204 -0.474115 0.473624 0.203718 -1.341478 -0.859954 0.352944 -0.740659 -0.501250 0.379101 0.197262 -0.495709 -0.184016 0.250682 0.435290 0.973446 0.338279 -0.943117 0.169688 -0.212026 -0.645796 -0.658300 -0.740896 -0.783279 -0.673058 -0.024223 0.485578 0.328176 0.926140 0.311765
-0.066184 0.646876 0.695066 -0.637956 -0.178750 -0.824441 0.388700 0.826319 0.815847 0.553846 -0.702781 -1.027346 0.403443 0.843915 0.982187 -0.213537 0.841048 -0.118032 0.914092 0.693994 -0.129155 0.915126 0.429760 -0.917358 -0.234759 -0.562211 1.118125 -0.067749 0.387670 0.740798 0.393891 -0.049250 0.457739 0.547126 0.172552 0.049098 0.590570 0.583865 0.319969 1.493335 -0.405439 0.524844 0.686880 0.529276 -0.370728 -0.444115 -0.629170 -0.487566 -0.152713 0.820857
0.977358 -0.947928 0.935483 -0.347028 -0.109457 -0.614321 0.755768 -0.826253 -0.482928 -0.376143 0.300808 0.407271 0.849768 -0.004199 -0.262858 -0.424186 0.423807 -0.298432 0.763795 0.551678 -0.427541 -0.988186 -0.544967 0.163794 0.857474 -0.728132 0.873652 0.423203 -0.889918 0.907252 0.522079 -0.753413 0.299631 -0.179767 -0.375254 -0.282384 0.417414 -0.690155 0.568326 -0.749290 -0.287730 0.648560 -1.000663 -0.773059 0.842547 0.344926 -1.026661 -0.711289 0.719504 1.007564
0.722609 0.220606 0.071036 -0.556289 0.197212 0.912851 0.325738 -1.019847 0.746353 0.758502 0.271257 0.054848 0.921662 0.025900 0.472649 -0.646361 0.317633 -0.535090 -1.016107 0.714359 -0.635008 -0.503832 0.476545 0.167819 0.585992 -0.075832 -0.758316 0.026639 0.412574 0.389765 0.048551 0.350342 -0.267419 -0.655354 -0.414835 -0.574756 -0.580721 0.666830 0.300600 0.138194 -0.395124 -0.168885 0.210831 0.816885 0.406631 0.633997 -0.481828 -0.690318 -0.839834 -0.682535
-0.476072 0.119928 0.285596 -0.533817 0.560869 0.562602 -0.315038 -1.102210 -1.063855 0.530497 -0.917069 -0.020352 0.518700 0.684691 -0.388063 0.830951 0.507830 -0.126267 -0.482377 -0.457324 -0.623704 0.764713 0.461702 -0.061465 -0.390201 0.654658 0.706015 1.020762 0.016894 0.584796 -0.311481 -0.410787 0.619241 -0.807322 -0.882051 0.229387 0.869446 0.090344 -0.471835 -0.825201 0.075202 -0.750340 0.005647 0.474479 -0.181631 -0.229105 -0.957479 -0.438576 0.389252 0.913317
-0.374242 -0.427770 0.212028 -0.162860 0.378579 0.268543 -0.720089 -0.387094 -0.830475 -0.108003 -0.554373 0.559312 -0.927855 0.156283 0.576550 0.566721 0.679593 -0.440013 0.736876 1.062488 -0.849191 -0.939550 0.744280 -0.048455 -0.421547 -0.221683 -0.765840 0.819031 -0.350542 -1.060829 0.576897 -0.316108 0.950272 -0.123953 0.542031 0.931935 0.708321 0.783104 0.163029 0.897643 0.343968 0.838876 0.176781 -0.156032 0.722077 -0.300697 0.083956 -0.096814 -0.819149 0.554975
1.007248 0.234610 0.424619 -0.782981 -0.993208 0.078018 0.622525 0.090017 0.862611 0.605726 0.954664 0.443437 0.331655 -0.367981 -1.021985 -0.437930 -0.721003 0.408625 -0.713727 0.508105 0.556881 0.107444 -0.385601 0.275120 0.357313 0.948272 -1.087293 -0.545615 0.531700 -0.589348 0.340453 0.625091 -0.780578 0.727891 0.069340 -0.792564 0.142541 0.439493 0.094956 0.481881 -0.623078 -0.409957 0.377684 0.370914 0.089794 0.571779 0.847139 -0.808638 -0.034346 0.132125
0.037535 -0.369350 0.728540 -0.321465 -0.563920 -0.329498 0.214563 0.398870 -0.871652 -0.348278 0.561450 0.377290 -0.061044 -0.269471 -0.027097 -0.801281 0.100063 -0.860712 0.839436 0.074752 0.836894 -0.762430 0.998172 -0.744171 0.319762 0.277008 0.418830 -0.577813 -0.894602 -0.338671 -0.072145 0.632525 0.510690 0.739630 0.221288 0.905730 0.096699 0.887075 -0.657641 -0.959210 0.754925 0.403118 -0.110461 -0.341046 -0.755066 0.401238 -0.308739 -0.539237 0.861761 -0.614203
0.591780 -0.813576 -0.208837 0.422633 0.936965 0.310911 -0.615351 0.983943 -0.227495 0.251695 -0.962201 -0.042237 -0.128056 -0.156149 0.600773 -0.318769 0.297432 -0.407633 0.951540 0.592999 -0.987490 0.109935 0.360947 -0.647981 -0.118857 -0.311777 0.022814 0.988884 -0.886811 0.825439 0.293126 0.060934 -0.372933 0.191972 -0.337604 -0.596663 0.284518 0.859318 0.570988 -0.616887 0.603283 -0.717090 -0.160409 0.348639 -0.779913 0.532563 0.727268 0.911848 0.823035 -0.366315
0.957670 -0.396309 0.635195 0.122353 -0.163661 0.574090 0.661478 0.291740 -0.823239 0.253975 -0.249274 0.613408 0.203404 -0.070972 -0.778818 -0.514816 0.269912 -0.526135 -0.661531 0.079337 0.937420 -0.355225 -0.023307 -0.640183 -0.423419 -0.817510 0.417421 -0.330263 -0.100079 0.168094 -0.188094 -0.150331 0.915863 0.213083 0.834462 0.935143 -0.252313 -0.468009 -0.768056 0.148573 -0.337391 -0.995609 -0.924223 0.221265 -0.932629 0.678295 0.859917 -0.340651 -0.193442 -0.723262
-0.367847 -0.793122 0.828983 -0.241260 -0.785173 0.114597 0.523711 0.666960 -0.860066 -0.890218 -0.877106 -0.073145 -0.652532 0.917203 0.852971 0.694880 0.444207 0.632563 -0.303206 -0.430209 0.666106 0.538587 0.313764 0.855536 0.752327 0.701044 -0.545182 -0.236081 0.853839 0.545406 0.941566 -0.830582 -0.079187 -0.980144 -0.883856 0.265819 -0.784056 -0.963257 -0.439092 0.848489 0.575216 -0.029682 0.035939 0.276227 -0.028575 -0.375494 -0.915762 -0.023095 0.779080 0.619596
-0.946186 -0.867386 -0.699118 -0.057981 -0.685321 -0.906455 0.342684 0.541151 -0.592278 -0.262886 0.682905 -0.245052 -0.166303 0.672115 -0.802630 -0.730927 -0.571943 1.060106 0.502589 0.130788 0.671542 -0.920653 -0.797279 0.393696 -0.230014 -0.511653 0.382017 -0.740652 0.416556 -0.209412 0.233250 0.714432 0.442112 -0.738907 -0.304304 0.284596 0.422121 0.677862 0.739415 0.534011 -0.357810 0.151719 -0.198659 -1.073748 0.833570 -0.670419 0.221061 0.701544 0.873287 -0.970779
0.091067 -0.510418 0.805277 0.690432 0.260425 0.457623 0.454245 -0.307334 -0.389001 0.002000 -0.103643 -0.523864 -0.464219 1.045728 0.427749 0.994952 0.827698 -0.222215 -0.955612 -0.224790 0.630435 0.186048 0.900760 -0.546385 0.403985 0.874073 -0.417991 -0.286302 -0.853435 0.550483 0.771511 -1.072175 -0.738242 -0.984414 0.570064 -0.606632 -0.161772 -0.875608 -0.763170 0.625860 0.226393 -0.710593 -0.152894 0.025317 -0.870751 -1.025833 0.172941 -0.610991 -0.402423 -0.554502
-0.246088 0.064410 0.553489 -0.270515 0.762947 -0.475053 -0.182551 -0.346231 0.451238 -0.893538 -0.708561 0.116947 0.645974 0.095870 0.063559 0.661123 0.040058 -0.077924 1.026950 -0.406300 0.738883 0.696064 -0.411498 0.346847 -0.746609 0.449483 -0.079588 -0.281780 0.447045 -0.356078 1.073564 -0.525856 0.270038 -0.969213 -0.236626 -0.240720 0.334929 0.578047 0.656634 -0.416402 -0.843419 -0.768596 0.260391 0.140103 -0.615218 -0.509262 0.216776 1.049160 -0.183708 0.024128
0.969418 -0.857681 -0.876397 0.732040 0.484011 -0.184686 -0.542855 -0.033785 -1.085219 0.740916 -0.482964 -0.671449 -0.834277 -1.206375 -0.938145 -0.731009 0.638386 -0.832419 0.957630 0.666389 0.827478 0.785993 0.218879 -0.324383 0.345841 -0.276099 -0.171139 0.286332 0.166390 0.156418 0.547438 0.165993 0.500166 -0.117894 0.914234 0.674280 1.057565 -0.187133 0.143675 -1.019922 -0.621475 0.642150 -0.305101 0.864229 -0.167199 0.950771 -0.065586 -0.233263 -0.030993 -0.451643
0.817859 0.444717 0.056541 -0.099676 -0.515650 0.870064 0.058754 -0.023670 -1.211611 -0.326394 1.023009 -0.299187 0.810351 -0.380183 -1.039499 0.740878 0.239297 -0.363512 -0.068943 0.678589 0.947691 -0.856128 0.458844 -0.782984 0.577486 0.520595 -0.302982 -0.548283 0.286984 -0.455215 0.406129 -0.219733 0.739052 0.080964 -0.576546 -1.010130 0.293616 0.407006 0.339018 -0.864373 0.729888 0.279215 -0.345675 -0.817961 0.714792 -0.152211 0.165458 -0.642062 -0.073642 0.146823
0.825652 -1.007709 0.381591 -0.910430 -0.977730 0.146621 0.894658 0.081327 0.483138 -0.387177 -0.486061 -0.422749 0.070451 0.874042 -0.963255 0.328740 -0.891948 -0.299143 -0.428499 0.766453 0.936987 0.845031 -0.147901 -0.421096 -0.881231 0.469580 0.496581 -0.651507 -0.929565 -1.029680 -0.593733 -0.515829 -0.939838 -0.751813 -0.210607 -0.214380 0.385179 0.711995 -0.761772 0.533977 -0.159544 -1.117479 -0.726839 0.737451 -0.226915 0.583393 -0.157488 0.907546 -0.899091 -0.507008
0.008951 0.458651 -0.428352 0.247823 -0.925734 0.949599 -0.234958 -1.073579 -1.096864 0.085252 0.004721 -0.626772 -0.193861 0.834837 0.021744 -0.547682 0.531346 0.683024 -0.743933 -0.762520 0.195310 0.037818 -0.508649 -0.881062 0.477073 -0.516433 0.859345 0.732484 0.748431 -0.625206 -0.184373 -0.401125 0.010646 -0.783899 -0.353417 0.642369 -0.890738 -0.810995 -0.551568 -0.287010 -0.849705 -0.033156 -0.207656 -0.634119 -0.127719 -0.593956 -0.400507 0.360553 0.083027 -0.802099
-0.448258 -0.998621 0.243232 -0.400110 -0.043933 0.307327 -0.358855 -0.785880 0.169014 -0.653260 0.436864 -0.726194 -0.782153 -0.697812 0.965180 -0.434070 -0.427825 -0.513652 0.746870 -0.553051 -0.028042 0.224618 0.837720 -0.445307 -0.779107 0.691390 0.629429 -0.755903 0.384427 -0.847157 0.458676 -0.303419 -0.681870 0.003868 -0.675327 0.455561 -0.830127 -0.816277 0.421543 -0.611012 0.445551 -0.088711 0.353533 -0.259299 0.974256 0.366810 -0.009138 -0.370312 -0.341262 0.260848
-0.287051 -0.287786 -0.542657 -0.281678 -0.776221 0.519655 0.158357 -0.768229 -0.885917 0.159886 -0.825134 -0.716294 0.501215 -0.232551 0.560613 -0.486215 -0.059413 -0.380050 -0.504975 0.811300 -0.694521 -0.003027 -0.588189 0.035464 -0.673642 0.582320 0.204794 0.762267 0.102052 -0.149552 -0.181388 -0.581293 -0.835251 -0.653635 0.547871 0.376594 -0.422857 -0.316623 0.143445 0.835404 0.648743 0.401025 -0.650777 -0.423885 0.862485 0.676251 -0.868995 0.310302 -0.906172 -0.704460
0.823456 -0.523052 0.653034 0.720385 0.795959 -0.903491 -0.264545 -0.617740 -0.848543 -0.425933 0.113054 -0.843028 -0.451169 -0.410881 -0.060242 -0.273485 -0.368815 -0.721459 0.166935 0.189990 0.894292 -0.910381 0.097852 0.390104 0.252970 -0.956774 0.063239 -0.155211 0.376677 0.641156 0.707229 -0.463400 -0.049776 0.182106 0.013146 -0.379111 0.941440 0.318611 -0.766091 0.815198 0.712093 0.483223 -0.041704 -0.048250 0.577569 0.990842 0.911809 0.398926 0.047286 0.824019
-0.380555 0.843598 -0.958802 -0.503688 -0.143624 0.962900 0.430642 -0.839649 -0.285301 -0.497007 0.666202 -0.066923 -0.345283 -0.560649 0.509807 0.419288 0.789627 -0.743344 -0.804036 -0.268033 -0.605620 0.781108 0.149700 0.757110 0.759527 -0.193723 -0.308573 0.291067 -0.783609 0.480513 -0.316778 -0.440677 0.531293 -0.758623 0.257775 0.398677 0.535384 -0.285772 -0.123476 -0.442813 0.025709 -0.953800 0.875515 -0.345024 0.607555 -0.949146 0.034947 -1.007518 -0.342866 -0.661108
-0.673494 -0.038286 -0.725269 -0.433809 -0.388782 -0.635412 -0.874567 0.396400 -0.357591 -0.021596 0.135878 -0.709723 0.309510 0.277970 0.629619 0.789061 0.163950 0.055756 -0.156788 -0.108332 0.987432 0.051789 -0.734634 -0.096065 0.888888 1.049591 0.135092 -0.806507 0.824762 0.224865 0.371574 -0.480892 -0.455923 -0.833610 -0.346951 -1.043955 0.697710 0.762875 0.288354 0.491576 -0.242203 -0.696474 -0.268370 0.263346 -0.036680 -0.317273 0.778611 0.835208 0.073490 -0.426419
-0.650098 0.829227 0.579234 0.726496 -0.885291 -0.168410 1.199125 0.268644 0.651552 0.047311 0.160416 -0.826904 -0.585321 0.424728 -0.898109 -0.551592 0.050264 -0.141460 0.225455 0.287237 0.676707 0.335533 0.599248 -0.157009 -0.259298 0.506834 -0.589104 -0.965003 -0.598230 0.759777 0.180172 0.532286 0.280259 0.162490 -0.260832 0.535316 -1.061390 -0.972403 -0.372026 0.787654 -0.942730 -0.188043 -0.683136 0.029435 0.882766 0.278000 -0.683046 0.762317 -0.771020 0.255520
0.608673 -0.307569 -0.381440 0.135367 0.792895 -0.567541 0.516476 -0.644651 -0.512910 -0.459787 0.068336 0.607946 -0.508913 0.224588 0.059490 0.687312 -0.608124 0.122777 0.319189 -0.773043 0.744868 -0.654390 0.379313 1.017950 0.454734 0.619181 -0.342076 -0.330505 -0.193370 0.782579 -0.069236 0.795904 0.160482 0.504920 -0.764434 0.458721 0.272708 0.406012 -0.062496 0.805927 -0.035799 0.186673 0.178960 -0.583959 0.162821 -0.685612 -0.606992 0.881161 -0.867268 0.519915
-0.979991 0.049293 -0.455086 0.934066 -0.483505 -0.467381 0.879738 0.787924 0.757766 0.259669 -0.443789 0.927326 -0.976450 0.635278 -0.642995 0.592243 0.539583 -0.166144 0.479408 -0.207682 -0.471465 -0.532733 -0.297114 -0.792785 -0.769666 0.244083 -0.620628 0.288763 1.046656 -0.810667 -0.666795 -1.069971 -0.701221 -0.315944 -0.633908 -0.512720 1.081144 1.074405 -0.831947 0.327702 0.658935 0.905626 -0.092581 0.610511 -0.894738 -0.827388 0.920653 -0.099296 -0.790106 -0.387791
0.059499 -0.118510 -0.142447 0.890577 1.080329 -0.619401 -0.042143 0.185152 0.604491 0.331687 0.558122 -0.474907 -0.568057 0.609764 0.263042 -0.165272 1.077301 0.047031 0.535079 0.573505 -0.725850 -0.293079 -0.149663 0.264321 -0.254722 0.613503 -0.139505 -0.584786 0.342003 0.577053 -1.298831 0.230325 -0.187735 -0.783823 1.005552 -1.011426 1.051896 0.345772 -0.330077 0.365997 0.665265 0.518089 -0.239718 -0.722179 0.242592 -0.389782 -0.820675 -0.034283 -0.340212 0.879773
0.212426 -0.768990 -0.807367 -0.925178 0.175577 0.873202 -1.034782 0.206964 -0.374714 0.592543 -0.507182 0.932156 0.449023 -0.222441 0.171462 0.108860 0.621834 0.463449 0.597158 -0.632379 -0.685787 -0.658505 0.760282 -0.908976 -0.444243 0.560365 -1.058631 0.853768 0.252423 -0.529594 -0.706944 -0.710887 -0.303826 -0.288989 0.359056 0.724417 -0.326918 -0.992103 -0.070638 -0.586790 -0.231749 0.421782 -0.880102 -0.641195 0.392904 0.277609 -0.190385 0.730225 0.430661 -0.665264
0.778671 0.144744 1.076471 0.492016 0.798847 0.250741 0.529240 0.169831 -0.469559 -0.376459 0.507277 0.342441 0.626829 -0.464554 0.610091 -0.626268 0.655384 0.714231 0.550622 -0.459768 -0.060845 -0.263210 0.513382 -0.724409 -0.065992 0.119553 -0.312269 -0.224349 0.497492 0.551175 0.021525 0.913666 -0.204861 0.109501 -0.398466 0.403120 0.015715 0.560964 -0.103049 -0.122173 0.420328 0.028829 -0.246629 -0.779417 0.493341 0.394287 0.382877 0.399344 -0.358548 0.929499
-0.898812 0.065423 -0.536200 0.054670 -0.455195 -0.206357 -0.300202 -0.255327 0.433245 -0.926158 -0.933671 -0.727407 0.417187 -0.739505 -0.277778 0.632181 -0.563859 0.956089 0.097004 0.752595 -0.924474 -0.723987 0.934472 -0.141992 -0.400799 -0.357931 -0.225486 0.440982 -0.960252 0.136389 0.346444 0.161365 -0.333975 -0.889135 -0.270065 0.180564 -0.934269 0.546860 0.699484 0.201766 -0.395600 0.841674 -0.295539 -0.346349 0.514658 0.325461 0.005550 0.639487 0.085965 -0.654350
-0.909738 -0.548912 0.294858 0.505469 -0.737143 0.338558 -0.330183 -0.229714 0.373105 -0.108343 0.945088 -0.034776 -0.734700 0.303101 0.819966 0.775971 0.702187 0.655127 0.149028 -0.470361 0.691140 0.506744 -0.231724 0.744041 -0.690847 0.208085 -0.458735 -0.527820 0.384840 0.819529 0.674209 0.798175 -0.224788 0.444861 -0.735215 0.818753 0.195683 -0.038450 0.511931 0.066709 -0.984445 -0.458742 -0.533246 -0.619402 -0.533526 0.209771 -0.531034 0.201864 0.102498 -0.108199
0.444302 0.147592 -0.609639 0.260125 0.059051 0.143164 0.374766 -0.611702 0.679204 0.409803 -0.228572 -0.842863 -0.593674 -0.227865 0.489755 -0.522568 0.113993 -0.429661 0.346457 0.792724 -0.883548 1.011433 0.190136 0.955545 0.551260 -0.323717 -0.411755 -0.267323 0.517014 -0.680696 -0.772421 -0.711112 0.363413 -0.020797 0.474035 -0.357157 0.825866 0.023230 0.237232 -0.035888 0.590052 -0.470084 0.046095 -0.125256 -0.534430 1.071043 -0.650111 0.127560 -0.776010 -0.312870
-0.704558 0.759146 -0.361494 -0.642505 0.703225 0.606606 -0.796753 0.565023 0.850389 0.574453 -0.067167 0.509379 -0.503071 -0.187024 0.855333 0.610749 -0.254252 0.452559 -0.680041 -0.322504 0.525104 -0.190197 -0.652240 0.913881 0.658604 0.319113 -0.432979 -0.275836 0.540826 0.234311 -0.169546 -0.897310 -0.676888 -0.249555 -0.155446 -0.493082 0.813426 -0.409156 0.874836 0.183513 0.660915 -0.532353 -1.019866 -0.636384 -0.000508 0.220319 0.590599 0.511620 -0.108828 0.059974
0.355444 0.080893 0.371213 -0.326067 0.241153 0.828962 0.015394 -1.080214 0.235859 0.418435 0.847415 -0.404945 0.378165 -0.809023 0.200475 0.592598 -0.498639 0.767143 -0.717676 0.181663 -0.433283 0.931161 -0.128769 -0.869350 -0.926546 0.728617 0.526752 0.753008 -0.112640 -0.082578 -0.588287 0.168060 0.862034 -0.395748 0.682514 -0.995771 -0.899503 -0.675302 -0.454637 0.307722 -0.390100 -0.782745 -0.708193 1.215582 -0.357017 0.100904 0.696687 0.460728 -0.859493 0.627071
0.743471 -0.531715 -0.616560 0.829240 0.368553 1.057515 -0.431426 -1.298780 0.569743 0.613354 0.378026 -0.560173 0.868716 0.091934 0.332765 0.174601 0.250764 -0.454788 -0.080326 0.722603 0.961024 0.139354 -0.740362 0.120380 -0.070219 -0.460551 0.716223 -0.052511 -0.884756 0.948072 -1.136139 1.031908 0.756759 0.088790 -0.444400 0.712658 -0.054462 -0.159481 0.382007 0.637394 0.673222 -0.070258 0.518690 0.052112 -0.009654 -0.761368 -0.630425 -0.920250 0.834156 -0.339719
-0.589840 -0.884846 0.263689 0.100844 -0.662733 0.490222 -0.156186 -0.882509 -0.163556 -1.044124 -0.792229 -0.126958 0.755109 -0.321456 -0.066608 0.508449 0.802655 0.365198 -0.746962 -0.896151 0.913303 0.714194 0.244573 0.731495 0.617395 -0.605684 0.053152 -0.720958 0.162863 -0.509750 -0.744393 -0.382392 -0.044854 0.577115 0.409159 -0.713034 0.739121 -0.210584 -0.603450 0.863233 -0.786284 0.599437 -0.266270 0.116790 -0.215137 -0.207343 0.027358 -0.878590 -0.406777 -0.632180
-0.723761 -0.334792 -0.103491 -0.730724 0.170407 0.117660 0.956469 0.252551 0.115090 -0.338314 -0.809599 -0.339845 0.969242 -0.712466 -0.951647 0.652482 -0.843263 0.853524 -0.450606 0.489623 -0.937326 0.909152 0.728683 -0.853346 -0.522177 -0.509470 -0.783047 -0.095398 -0.787109 0.263788 0.062521 1.128903 -0.003985 0.516106 0.594339 -0.265856 0.377478 0.082384 0.035913 0.867229 -0.659250 -0.615109 0.186529 -0.698827 0.898544 -0.756816 0.182367 0.866632 0.716574 0.331913
0.776676 -0.243342 -1.146513 0.528194 -0.301881 -0.336051 -0.867244 0.414669 1.013295 -0.885578 0.362773 -0.679011 0.338292 0.853008 0.683253 1.024592 0.342608 -0.122144 0.694259 -0.031677 -0.673681 0.841373 0.628904 0.024339 -1.107891 0.286119 0.683039 0.610296 0.993520 0.474158 0.822465 0.307784 -0.292458 0.895204 -0.863451 0.840501 0.872084 0.922846 0.482470 0.648468 0.677307 -0.638458 0.481409 -0.879711 -0.256245 -0.894035 -0.252673 -0.074937 0.070755 0.609511
-1.014737 0.587408 -0.127332 0.711691 -0.392412 -0.834004 0.243687 0.487745 1.324220 0.597733 -0.843599 -0.702772 0.769924 1.219922 0.406103 0.200930 0.301372 0.574396 -0.941725 0.420727 -0.519172 0.927716 -0.329465 0.001193 -0.040900 0.476782 -0.148133 -0.550019 -0.019083 -0.646039 -0.384020 0.137182 0.458652 -0.211334 0.248009 0.748913 0.172894 -0.064354 -1.176051 0.786411 0.227188 0.662314 0.732966 -1.131859 0.725057 0.634568 -0.576829 -0.285599 0.489943 -1.060518
0.808776 0.727493 -0.511650 1.035961 -0.454308 0.003653 0.851306 0.909451 1.208041 0.404443 -0.393741 -0.288129 0.890203 -0.689614 0.124893 -0.570191 0.602268 0.678542 0.887913 -0.224124 -0.503592 0.361579 0.671923 -0.825234 -0.572757 0.275775 -0.560012 0.332613 -0.038169 0.069367 -0.223301 0.400602 0.188345 -0.684008 0.682281 0.688637 0.047936 -0.438863 -0.991282 1.341013 0.671671 -0.935958 -0.758025 0.741235 0.235379 -0.658053 -0.685749 0.868489 -0.364364 0.723584
-0.809080 0.806784 -0.701679 -0.098891 0.362784 0.032056 0.155967 0.093868 0.102789 -0.009198 0.078162 0.966776 -0.743334 0.735532 -0.709103 0.187113 0.779343 0.212456 -0.665959 -0.352029 0.196912 0.629995 0.677970 -0.635965 0.091141 -0.426637 0.300718 0.997021 0.598006 0.462065 -1.042286 -0.879306 -0.442504 -0.644180 -0.846527 -0.926697 0.649396 0.850451 -0.439738 0.622914 -0.963392 0.077984 0.050302 0.938747 0.698875 -0.736849 -0.129501 -0.333692 0.471795 0.653392
0.124820 0.723693 -0.269371 -0.118469 -0.405265 0.391848 -0.177283 0.490014 -0.780451 0.608329 0.522030 0.866281 -0.432755 0.845926 0.245608 1.033364 -0.957765 -0.079940 0.935960 -0.207075 -0.041341 -0.836646 -0.264472 -0.282602 0.113707 -0.554982 0.656452 -0.461702 -0.041543 -0.560935 -0.453247 0.560995 -0.272222 -0.493361 0.504120 0.797813 -0.725937 -0.908886 0.589119 -0.102374 -0.184513 -0.371954 -0.880792 -0.178526 -0.627769 -0.024607 -0.613383 -0.472732 -0.814576 -0.667210
-0.592215 -0.566345 0.886583 -0.596525 -0.338517 -0.585318 -0.346954 0.103742 0.703326 0.678652 -0.091217 -0.741923 0.735706 -0.534134 -0.675220 0.139991 0.333906 -0.826942 0.747624 0.748327 0.127979 -0.473306 0.578095 -0.613788 0.801888 0.223144 0.687615 0.834757 -0.264900 0.153266 -0.990277 0.837399 0.717710 0.867332 0.490032 0.367729 0.072481 -0.903208 0.296877 0.935336 0.710410 0.181235 -1.017306 -0.798823 -0.962055 -0.573414 0.462651 0.007471 -0.476349 0.693830
0.274633 -0.075115 0.269670 -0.844676 0.863805 -0.841848 0.611701 0.650734 -0.471471 0.007623 -0.381945 0.836607 0.361966 -0.591206 -0.848021 -0.502447 -0.754850 0.208857 0.109369 -0.679316 -0.156964 -0.886638 0.200691 -0.704420 0.208353 -0.770335 0.602414 -0.248776 0.773145 -1.090483 -0.246882 -0.117520 -0.058596 -0.722769 0.971810 -0.962584 -0.629935 0.616424 1.059902 0.866034 -0.704301 0.282728 0.343977 0.494582 0.701399 -0.756699 0.352897 0.293734 0.054842 1.007037
0.597573 0.758440 -0.063700 0.323808 -0.128688 0.451547 0.061251 -0.771458 0.180995 -0.372666 -0.175088 -0.557492 0.619827 0.803633 -0.666362 -0.820223 -0.542770 -0.396538 0.754166 0.646173 -0.548327 0.628275 -0.512509 -0.491667 -0.606204 0.887453 -0.453634 0.439921 0.209988 -0.414144 -0.581282 -0.769471 0.448304 0.165477 0.119198 -0.986034 -0.791221 0.073734 0.719012 -0.689778 -0.522979 0.675954 -0.494576 0.514253 -0.894058 -0.129546 0.253202 0.173456 0.981716 0.516288
0.883774 0.143907 0.067462 0.762467 0.853756 -0.491813 -0.261705 0.354608 -0.195197 -0.061000 0.646016 0.331268 -0.792677 0.063936 -0.681894 -0.988962 -0.282990 0.958542 0.611783 0.794414 0.991093 -0.617188 -0.940951 1.031565 -0.083103 0.215381 -0.038012 -0.137002 0.924862 -0.864103 -0.674962 0.452280 0.944949 -0.003717 0.748055 0.233257 0.291434 0.103942 -0.009475 -0.028560 -0.469371 0.938254 0.865147 -0.260401 -0.499809 -0.744191 -0.066016 0.874594 0.312039 -0.767214
1.016619 -0.310084 0.464320 -0.416418 -0.597206 -0.181581 0.931479 -0.224169 0.602089 -0.529061 -0.928887 0.040522 0.611053 0.550773 -0.957604 -1.054663 -0.640371 0.512148 0.825876 1.012262 -0.897280 -0.232183 -0.150891 -0.076253 0.049632 0.641310 -0.358539 -0.765541 -0.833218 0.525900 -0.428705 -0.136959 0.387900 -0.195439 0.945865 -0.673494 0.877775 0.049144 0.399584 -0.071842 1.140841 -0.446557 0.953445 -0.730888 -0.788245 -0.805123 -0.172946 -0.242845 -0.241885 -0.781608
0.722051 0.438783 0.743071 0.773843 -0.084407 0.594259 0.557277 -0.674010 -0.072588 -0.638355 -0.691601 0.216170 -0.482497 -0.374599 0.677199 -0.164717 -0.300409 -0.369809 -0.076171 0.676179 0.051361 -0.402511 -0.133280 0.556964 -0.612009 0.896695 0.570311 0.382313 -0.207424 -1.198410 -0.200140 -0.695972 -0.648642 1.277419 -0.551456 -0.081828 0.684501 -0.200317 0.981716 -0.365692 -0.512299 0.499848 0.418983 1.219177 -0.716676 0.861145 -0.839280 0.174114 -0.266777 -0.266127
0.585757 -0.182705 -0.912609 -0.387094 0.112694 0.219756 0.448289 0.495326 -0.694315 -0.554251 -0.033265 -0.772859 -0.083846 0.604329 0.519218 -0.942463 0.184576 0.096246 0.664048 0.351688 -0.958779 1.029811 0.389560 -0.419754 0.987863 0.421096 0.856244 -0.271389 1.003547 -0.198201 -0.645230 0.410204 0.585160 0.279802 -0.646025 0.630053 -0.271146 -0.772667 0.431114 -0.096825 0.408512 -0.938143 0.554480 -0.881424 -0.801518 1.071491 0.680502 0.670625 0.712451 -0.619380
0.210173 -0.584679 0.325862 -0.846964 -0.667497 0.849703 0.778152 1.221310 0.295141 -0.178779 0.985719 0.302969 -0.678782 0.783568 0.812363 0.916407 -0.132239 0.426765 -0.922654 -0.549394 -0.103968 -0.652939 -0.679298 -0.697734 -0.871087 0.858455 0.326375 -0.713817 -0.553474 -0.416859 -0.041660 -0.411522 -0.279729 0.582861 0.366544 0.182739 0.613930 0.044209 0.152286 -0.752710 0.481913 0.476653 -0.575615 -0.143722 0.180601 0.885776 0.380650 -0.820380 -0.085010 -0.170290
0.214034 -0.631465 -1.048250 0.172329 0.252308 -0.657767 0.011278 0.845153 0.239088 -0.426308 -0.878641 0.596592 0.174746 0.953282 0.159090 0.926349 0.182195 -0.127949 0.615891 0.486187 -0.137856 -0.945557 0.063247 -0.797082 -0.759807 0.489135 0.122302 0.994603 -0.125858 -0.228913 -0.722874 -0.812133 -0.120691 0.892701 -0.202616 -0.076181 -0.064267 0.456554 0.639571 -0.293914 -0.962173 0.005373 0.788168 0.813943 -0.821907 -0.476023 0.130825 0.023626 -0.159977 0.881348
-0.112874 0.901647 -0.098328 1.037171 -0.363603 0.158119 -0.465046 1.344365 -0.156362 -0.225491 -0.509277 0.661371 0.097672 -0.322246 -0.650290 0.368470 0.316960 -0.166388 -0.766420 -0.651045 0.994961 0.739791 -0.270523 0.608434 -0.539651 -0.021909 0.533068 0.350956 -0.954636 0.718522 -0.182582 0.392948 0.876139 0.471261 0.327578 -0.900026 0.085972 0.558540 -0.404539 0.451567 -0.869979 -0.071662 -0.188428 -0.566782 0.411176 -0.671421 0.775676 0.794797 0.549884 -0.467627
0.322059 -0.866620 -0.832200 0.558943 -0.691879 -0.375129 -0.665180 -0.121179 0.151831 0.958813 -0.158337 -0.528900 -0.379662 -0.860616 0.201711 0.572868 0.151340 0.788417 0.275709 0.246891 0.717769 0.444503 -0.855562 0.935362 0.608623 0.312586 0.357110 -0.517559 -0.099648 0.126366 0.484889 1.003798 0.105736 -0.641469 0.310442 0.292619 0.673557 0.656302 -0.626607 -0.442570 -0.226289 0.300043 0.369586 0.125787 -0.491187 0.721676 0.802543 -0.593607 -0.057443 -0.491916
0.717959 -0.915241 0.343811 0.236990 0.876007 -0.516916 -0.482354 0.159713 -0.828586 -0.021544 0.842419 -0.048507 -0.250747 0.021845 -0.583942 0.075480 -0.200774 -0.401908 0.662454 -0.625297 -0.635753 -0.186840 0.877735 0.040448 0.060705 -0.592133 -0.061433 0.165657 0.994477 0.469910 0.114257 0.941069 -0.154926 0.894010 -0.682528 0.559928 -0.122242 -0.162318 0.727758 0.654821 -0.411387 0.937941 0.540199 0.659356 -0.091750 -0.813344 0.859395 0.967491 0.275629 0.439351
-0.357953 0.132922 -0.500571 0.554750 -0.883120 -0.119451 -0.862524 -0.647252 -0.050777 0.566985 0.327543 0.840047 -0.255358 0.648423 -0.433501 0.364568 -0.877207 -0.726188 0.933791 -0.977555 -0.927569 -0.721972 0.327949 0.748957 -0.123537 0.095029 0.872666 -0.190136 -0.060074 -0.147816 0.390865 0.102458 -0.213118 0.432889 -0.775628 -0.155247 0.179380 -0.571381 -0.867469 -0.160581 -0.596107 -0.840864 -0.386730 0.859859 0.393834 0.945803 0.944718 0.451756 -0.259566 -0.647470
0.178359 0.083791 0.926549 -0.152675 -0.439656 0.417503 -0.221654 0.160243 0.382806 -0.396899 0.252266 0.786789 -0.553537 0.143111 -1.028840 0.866238 0.077389 -0.621084 0.402886 -0.703012 -0.579542 0.707720 0.067228 -0.713441 0.269355 -0.914561 0.202181 -0.938140 -0.929259 -0.993414 -0.351072 0.242310 0.720838 0.971009 -0.798629 0.192610 0.809194 0.010843 0.454472 -0.925413 -0.854191 0.357661 0.511629 0.960783 -0.519127 -0.260331 -0.720362 -0.628290 0.482741 -0.606284
-0.533472 0.953561 -0.289872 -0.164474 0.177789 -0.244252 -0.708738 -0.542248 -0.374070 0.796149 0.034966 -0.605339 -0.610442 0.343472 -0.795921 0.038881 0.814553 0.428427 0.016305 0.156597 0.419599 -0.385195 -0.007471 -0.949308 -1.086266 0.837370 -0.947665 0.787048 -0.170069 0.381130 -0.301486 0.265398 -0.506015 -0.056881 -0.363204 -0.105260 -0.269414 0.324947 0.351143 0.516305 -0.524971 0.861017 -0.049344 -0.407061 -0.485018 -0.190165 -0.489265 -0.863038 0.090765 -0.362093
0.069624 0.111485 -0.476174 -0.181287 -0.292319 0.423378 -0.025846 0.607549 0.089814 -0.518698 -0.524584 -0.658231 -0.434258 -0.023185 0.638632 0.978565 -0.140664 0.227404 -0.974781 -0.445444 -0.381037 -0.534630 -0.640378 -0.048466 0.927471 0.684808 0.144509 0.865862 -0.550810 -0.636116 -0.031492 -0.909116 -0.430498 -0.597935 -0.812057 0.477448 0.079189 -0.832747 -0.939309 0.686796 0.333152 -0.432580 -0.821659 -0.512911 -1.064573 0.813563 0.951257 -0.924761 0.980976 0.516434
0.848257 0.938661 0.564548 -0.946636 -0.093536 -0.773316 -0.003130 -0.884275 -0.827877 -0.297735 -0.222960 0.686533 0.568588 -0.043305 0.197969 0.446914 0.498020 0.702846 0.372615 0.481703 0.969972 0.535464 -0.836657 0.801764 -0.665286 -0.563963 -0.127435 -0.078712 0.891485 -0.772296 0.524241 -0.671377 0.150793 -0.537071 0.253675 0.056359 -0.529926 0.983499 -0.175350 0.926772 -0.626235 -0.523107 -0.213063 0.888114 0.992059 0.759213 -0.272017 -0.322422 0.127064 0.079101
-0.645471 0.936881 -0.814757 0.530880 -0.440961 0.187661 0.113771 -0.450713 0.662297 0.149936 -0.208826 -0.817318 0.665741 0.867237 -0.087568 -0.264422 0.342109 0.092214 0.202909 -0.138999 0.477459 0.894676 0.749834 0.765637 -0.422294 0.179838 -0.100074 0.501722 0.307669 -0.627119 0.492254 -0.867509 0.054931 -0.394722 0.451393 -0.798998 0.869101 0.760679 0.656768 0.012240 -0.699223 -0.082315 0.400592 0.930292 0.775344 -0.661152 0.806984 0.516236 -0.802881 0.959671
-0.606622 0.580135 -0.037967 -0.508236 0.844781 -0.822632 -0.888086 0.355999 0.340071 0.286861 -0.782986 -0.049304 0.498499 -0.203966 -0.055135 -1.113440 -0.290586 0.525557 0.283303 0.341972 0.111708 0.501341 0.404944 0.498063 0.641176 0.372280 -0.780057 -0.311881 -0.942215 0.155341 0.195154 -0.170221 0.348678 -0.452504 0.496629 0.835276 0.221239 -0.391572 0.532957 -0.348754 -0.262569 0.076844 -0.510027 -0.411132 0.682303 -0.359822 0.628878 -0.938253 -1.035428 0.293820
0.747317 0.400148 0.238141 0.371303 0.562208 -0.021808 -0.280637 0.646641 0.417915 -0.708558 -0.059728 0.042695 0.326202 0.573336 -0.264385 0.481377 0.522042 1.141344 -1.034492 1.028736 -0.614685 0.373867 0.801679 -0.103322 1.108364 -0.281185 0.230597 -0.202362 -0.389843 0.954110 -1.168380 0.806373 0.686601 -1.064247 -0.719777 0.086810 0.364025 -0.761121 0.147403 0.624205 1.116050 -0.726005 0.540392 -0.176853 1.030998 -0.537904 0.420653 -0.294536 0.184910 0.867433
-0.573698 -0.895165 -0.437937 -0.481308 -0.047176 -0.508219 -0.391913 0.127286 0.044359 -0.596114 0.147232 -0.457381 0.743340 0.237733 -0.578958 -0.683397 0.512244 0.558050 0.168540 0.890080 -0.822611 0.063850 -0.838128 0.965031 -0.699950 0.058354 0.819109 0.089124 -0.613692 -0.962511 -0.297060 -0.381099 -0.489269 -0.343277 -0.109902 -0.947852 -0.152289 0.438742 -0.236057 -0.543637 0.546752 0.133267 -0.161048 -0.534142 0.327063 -0.360909 0.545096 0.804113 0.805045 0.715497
-0.150588 -0.897577 -0.709502 1.017851 0.364517 0.531980 0.427544 -0.127012 -0.090038 0.745370 0.216426 -0.449675 -0.836875 -0.763199 -0.960031 0.127122 -0.945199 0.886085 0.428195 0.667346 -0.273980 -0.810416 0.085373 0.779335 -0.163839 0.214006 0.026619 -0.471397 -0.762508 0.896450 -0.626505 0.040784 -0.072315 0.607392 0.929728 0.614532 -0.588893 0.879203 0.126200 0.224473 -0.339942 -0.261576 0.621301 -0.969998 0.580029 -0.036163 -0.573582 0.401094 0.497368 0.011140
0.956075 -0.401308 0.774856 0.936462 -0.693493 -0.381686 0.987000 -0.241578 -0.252690 -0.488895 0.115604 0.916162 0.930690 0.086625 -0.269434 -0.124827 0.833459 -0.187174 0.894348 -0.069047 0.790688 -0.346984 -0.886082 -0.493985 -1.130484 -0.101676 -0.819754 0.292453 0.279023 0.298224 -0.068620 -0.116783 0.006470 -0.393494 0.697434 0.386954 0.175851 0.065200 -0.931119 0.835987 0.649863 -0.570251 -1.077135 0.724076 0.877120 -0.605213 -0.016519 0.617925 0.515720 0.342447
0.694463 0.763212 0.445979 -0.235263 -0.349124 -0.821081 -0.670549 -0.658411 -0.647336 -0.767416 -0.196289 0.293245 0.111258 0.633836 0.556128 0.211095 0.919019 -0.250705 -0.445538 -0.836589 -0.854718 0.508677 -0.914215 -0.223896 0.428688 -0.144662 -0.190810 0.698276 0.376177 -0.342358 -0.096308 0.452424 0.400539 0.202623 -0.628919 -0.606004 0.390461 -0.686601 -0.931884 -0.617563 -0.394763 0.837885 0.797215 0.572776 -0.408530 0.757100 -0.888396 -0.885764 0.090063 -0.183813
0.898500 -0.273309 0.182418 0.765395 -0.244453 -0.122091 0.212587 -0.007792 -0.106688 -0.916798 -0.320034 0.396089 -0.950524 0.576496 -0.756325 0.849650 0.645555 0.184260 0.483601 -0.062157 0.116815 0.808568 0.570228 -0.266135 0.850860 -0.339182 0.842209 -0.460781 0.773061 -0.742198 -0.925930 -0.796759 -0.075633 0.282713 -0.720708 0.218255 0.270817 1.009570 -0.255388 0.272058 -0.853228 0.629203 -0.020852 -0.556617 -0.970579 -0.974137 -0.653389 0.930398 0.495094 -0.266594
0.239248 -0.763374 0.831296 0.285614 0.376702 0.790580 0.659386 -0.645669 0.351205 -0.315234 -0.448021 0.085586 0.941155 0.745017 -0.746005 0.544736 0.830785 0.198092 0.708874 -0.228375 -0.929444 -0.596310 0.008462 -0.703815 -0.582423 0.732911 -0.024351 -0.390350 0.507379 -0.672575 0.717019 0.702656 0.793790 -0.860367 0.675351 -0.230202 -0.622662 -0.535030 -0.144361 0.416821 -0.734812 0.380170 -0.430684 -0.627691 -0.791056 -0.355697 0.469394 -0.964500 0.775453 0.357070
-0.315119 -0.433265 -0.065256 -0.707663 -0.405498 0.055040 0.188141 -0.209065 0.815374 -0.802324 -0.592173 -0.216424 0.413886 -0.087770 -0.587246 -0.570050 -0.456769 -0.208928 -0.636952 0.176922 -0.719464 0.883284 0.595533 -0.441151 0.707127 -1.057664 -0.865050 -0.081941 -0.453204 0.519074 0.621923 0.178571 -0.604031 0.599887 -0.055079 -0.929142 0.988594 0.092240 -0.439023 0.070342 -0.495910 0.872012 0.926908 -0.318088 -0.976960 -0.616229 -0.553759 0.036916 -0.660105 -0.657603
0.396032 -0.992170 0.278195 -0.222190 -0.438324 -0.963677 0.206070 -0.649311 0.532725 -0.416618 0.418509 -0.676432 -0.755492 0.653030 -0.819954 0.538112 0.258133 0.967928 -0.325908 -0.941616 -0.281281 0.584345 -0.875397 0.176244 0.629085 0.955036 -0.559702 0.364056 -0.962398 -0.608484 -0.697978 -0.128165 -0.797763 0.525850 0.739876 0.358408 -0.005035 0.470995 -1.014516 0.259790 0.075523 1.194390 0.365380 -0.727984 0.257750 0.004150 0.732528 -0.208470 -0.620160 -0.404761
0.245021 0.991044 0.333015 0.491854 -0.043475 -0.709662 0.085792 0.666527 -0.752150 -1.077180 0.652669 0.978876 -0.672556 -0.094395 -0.284518 0.629413 -0.783790 -0.060041 -1.017680 -0.771093 0.311667 0.254341 0.534097 -0.170450 -0.194881 -0.462221 0.144125 0.896112 0.914096 -0.520733 0.452835 -0.140235 0.874237 0.875291 -0.086759 0.670493 -0.330964 -0.864483 0.270895 -0.139566 -0.580293 -0.657850 -0.277761 0.591860 0.347341 0.188101 0.568888 0.302779 0.080418 0.633742
0.572987 -0.370400 -0.479159 0.138816 -0.019214 0.624394 0.238899 0.976676 -0.445362 -0.744582 -0.916847 0.249676 0.441630 -0.822188 -0.275037 0.056184 -0.191476 -0.489650 -0.934788 0.606444 0.804697 0.290320 0.126093 0.503759 0.782750 0.658342 0.346967 0.206578 0.320646 0.749774 0.570093 0.815098 -0.146214 -0.570505 -0.499004 0.573894 0.411744 -0.162992 -0.802595 -0.759337 -0.749785 -0.621067 -0.477831 0.267924 0.761744 0.409490 -0.126500 -0.672236 0.201439 -0.708320
-0.761610 -0.938389 0.888611 0.704275 -0.861671 0.463909 -0.067464 0.076851 0.037622 -0.220797 -0.472110 0.574231 -0.878990 0.961584 -0.939748 -0.702436 0.189488 0.366092 -0.047857 0.010297 0.527051 -0.631451 0.855778 0.146478 -0.261610 0.075684 0.109747 -0.968225 0.439561 0.515326 -0.371224 0.807302 0.156377 -0.515071 1.132430 0.004066 0.401159 0.220352 -0.637066 0.058234 -0.031794 0.000037 0.364935 0.384838 -0.028173 0.524989 -0.166761 -0.113818 0.501786 -0.055410
-0.675292 -0.260707 0.600913 0.446084 0.581057 -0.066985 -0.877023 0.461773 0.862160 -0.005636 -0.754982 0.107059 -0.841035 -0.917762 -0.106745 -0.738644 -0.525097 0.418024 0.445586 0.624317 0.347376 0.849406 0.416312 1.058826 -0.028313 -0.191416 0.607365 -0.346301 -0.512664 0.565821 -0.372432 -0.215363 -0.211561 -0.991338 -0.657009 0.266552 0.584452 -0.958161 0.509877 0.315533 0.599151 -0.088027 0.696066 0.281284 1.049856 -0.776736 -0.392718 0.305592 -0.321832 -0.952979
-0.283802 -0.331827 -0.245327 -0.108322 0.875581 0.096267 0.579640 -0.597673 -0.498521 -0.474915 -0.018248 -0.296038 -0.576331 0.590794 -0.944140 -0.526477 0.870208 -0.679339 0.347143 -1.104879 0.784508 1.002696 -0.934952 0.160540 0.413501 0.866634 0.071564 0.514833 0.154715 -0.886610 -0.484630 -0.591927 -0.200296 -0.107889 -0.778489 0.567340 -0.843756 0.886579 -0.828239 -0.894203 -0.682989 -0.510467 0.465649 -0.274971 0.453576 0.332539 -0.941612 0.997870 0.090614 -0.658970
0.888957 -0.279595 0.754064 0.589727 -0.654209 0.894133 0.657162 0.534854 -0.588586 0.310606 0.347443 -0.437743 0.561629 0.104085 0.428198 -0.472552 -0.315023 0.704200 0.041642 -0.791273 -0.156256 -0.843396 -0.655651 -0.555808 -0.413831 0.992785 0.672082 -0.110729 0.110180 0.565367 -0.399420 -0.539650 0.805063 -0.001905 -0.711037 -0.282290 0.779467 0.268128 -0.267392 0.179884 0.010341 -0.707874 0.783384 -0.428945 -0.589271 0.720419 -0.031073 -0.617465 0.142041 0.201286
-0.559247 0.223925 -0.420103 0.483485 0.888138 -0.578542 -0.442166 0.516116 0.073162 0.687225 0.714141 0.912524 0.639794 -0.677457 0.535646 0.878547 -0.057458 0.871993 0.543993 0.250490 0.942295 0.198682 -0.426460 -0.660048 -0.964670 0.316521 0.471203 -0.667769 -0.529038 0.331279 -0.811931 0.544994 -0.233165 0.296814 -0.498934 -0.179926 0.202330 -0.120704 -0.458357 -0.701020 -0.987593 -0.579814 0.190448 0.357456 -0.113820 -0.692080 0.490423 -0.405570 -0.396831 0.056385
-0.716335 0.595613 0.076237 0.692181 -0.216845 -0.583683 0.940067 0.738965 0.230343 -0.386552 -0.107244 -0.595190 -0.446394 0.058558 0.099534 0.395702 -0.943767 -0.278016 0.626950 0.906293 0.352431 -0.335845 0.522165 -0.768869 -0.015586 0.698965 -0.770178 -0.827270 0.021241 -0.072969 -0.829414 -0.086029 0.081835 0.667865 -1.060888 0.086457 -0.736260 0.918998 -0.758258 -0.828215 -0.097311 0.554353 -0.669276 -0.687252 0.271581 -0.005958 -0.577195 0.599037 -0.421234 0.451870
-0.370731 0.010263 0.822501 -0.982460 -0.901100 0.539668 -0.102806 -0.101419 -0.521070 0.896850 -0.833247 0.371556 -0.751716 -0.410101 0.097582 0.608101 0.933748 -0.260731 -0.704568 -0.491261 0.263501 -0.173664 0.149022 -0.316717 -0.418940 0.198951 -0.650536 -0.142315 0.659452 0.810240 -0.274725 0.718815 0.174325 0.313280 -0.167672 -0.621994 -0.063374 -0.418952 0.633895 -0.547619 0.237366 -1.015398 -1.034641 0.720599 -0.863790 -0.481290 0.917041 0.935423 -0.217064 -0.882196
0.908277 0.505609 -0.826818 0.418964 -0.210266 0.100351 -0.330656 -0.946208 0.584263 0.916896 0.668509 0.726839 -0.657101 -0.185615 0.775561 -0.172471 0.650250 0.038197 -0.529829 -0.623490 -0.292777 -0.614748 1.096500 0.231198 0.655035 -0.904250 -0.447985 -0.055824 0.641276 -0.590411 -0.073470 0.818702 -0.457934 -0.565264 -0.614998 0.742682 0.330871 0.703086 0.971664 0.345024 0.639391 -0.897857 -0.745856 -0.744386 0.431312 -0.793447 -0.177778 -0.588159 0.233443 0.688224
-0.082534 -0.427574 0.963873 -0.972069 0.184579 -0.245956 0.142853 0.053622 -0.769722 0.160543 0.084934 -0.320490 0.728232 -0.442820 -0.014703 0.334539 0.295854 0.646296 0.209693 -1.052004 0.929360 -0.257171 -0.392779 0.691646 0.943414 0.543519 0.897990 -0.989140 0.170512 -0.608442 -0.304162 -0.418347 0.962814 -0.128756 0.829659 -0.111024 0.318721 0.472186 -0.921236 -0.411934 -0.271534 -0.628973 -1.006365 0.913053 -0.232785 0.800872 0.439900 -0.651985 -0.479135 0.536736
-0.780335 -0.151467 -0.023010 0.342766 0.927854 -0.813134 0.070167 0.691874 -0.453757 -0.683886 0.099728 0.152406 -0.866554 0.576490 -0.475944 0.251768 0.200458 0.775821 0.454414 -0.592765 -0.296660 -0.408437 -0.568251 0.792486 -0.274024 -0.185995 0.701415 0.771399 -0.619366 -0.312300 0.374868 0.194365 -0.336640 0.717872 0.085574 -0.945699 -0.161477 0.694548 0.239700 -0.961850 1.101359 0.876920 0.626696 -0.774546 0.843511 0.725638 -0.691422 0.808233 -0.088306 -0.706845
-0.313651 -0.832979 0.216491 0.902264 -0.683579 -0.059406 0.747145 0.546442 -0.891014 -0.825812 0.276248 -0.855265 -0.868470 0.150428 0.288866 -0.958603 -0.610532 -0.594157 -0.318656 -0.367621 -0.725710 0.695744 0.832301 0.556941 -0.722627 -0.033556 -1.014443 -0.657870 0.864709 0.116946 0.808456 0.913754 -0.560344 0.894473 0.488518 0.808914 -0.784954 -0.794288 -0.339413 0.486652 0.970617 -0.002613 0.823441 -0.464824 0.759983 -0.543236 -0.068566 0.510207 -0.247811 -0.887362
0.019524 -0.058863 -0.794212 -0.815475 -0.166015 0.858145 -0.745561 0.168890 -0.845844 0.198354 -0.583738 0.597924 -0.555792 -0.666000 -0.542019 -0.684831 1.010025 0.017024 0.372718 -0.550693 -0.799974 0.733959 -0.422200 -0.934554 0.507525 -0.585848 0.661328 0.741765 -0.236520 0.235646 -0.756104 -0.218899 0.497773 0.044041 -0.448877 0.193623 -0.162301 -0.868399 -0.979379 -0.473254 0.763445 0.492393 0.771710 0.041872 0.233331 -1.118850 -0.805191 -0.039149 -0.527869 -0.051182
0.836735 -0.192152 0.481114 -1.019771 0.764231 0.392487 0.729331 0.095465 -0.287578 0.363562 0.661649 0.254566 -0.351435 -0.848393 0.953022 0.583288 0.213736 -0.548008 0.622284 0.458253 -0.867714 0.401548 0.242038 0.537662 -0.380781 0.604537 0.845204 0.386106 -0.728653 0.796009 -0.339811 0.016474 0.633940 -0.553649 -0.824239 0.389006 -0.592263 -0.716827 -0.784505 -0.550683 0.633653 -0.165218 -0.259932 -0.381830 -0.115880 0.125207 0.877095 0.142883 0.640558 0.739879
0.628698 -0.459016 0.243372 0.013401 -0.885136 0.540336 -0.662481 1.053941 0.476204 -0.476317 0.618710 -0.632062 -0.938493 -0.350643 0.200365 0.440697 -0.314649 0.005807 -0.607860 0.101783 0.208060 -0.766262 -0.037718 -0.805048 0.505687 0.502409 -0.868564 -0.026352 -0.389258 0.521927 0.220639 -0.117124 0.389414 0.129875 -0.758289 -0.892549 -0.168989 0.076980 0.409542 1.147099 -0.718650 -0.091689 0.327771 -0.615662 -0.153522 0.662991 -0.827696 -0.785263 0.943026 -0.254316
-0.861824 -1.071105 0.141168 0.033636 -0.708620 0.744335 0.262157 0.018568 -0.820800 0.800544 -0.373189 0.055091 1.096290 -0.868445 0.285948 -0.836770 0.159893 -0.052929 0.996774 -0.044231 -0.515052 0.518135 0.794870 -0.396772 0.236331 -0.955858 0.750753 -0.275806 0.413713 0.832700 -0.537469 -0.814915 0.437624 -0.154564 -0.832527 -0.693138 -0.922063 -0.607277 -0.682005 0.789516 -0.520978 0.287506 -0.306734 0.165065 -0.842042 0.459565 -0.250797 0.567346 -1.096635 -0.876363
0.437666 0.782019 0.344594 0.310207 -0.043556 -0.232096 0.796287 0.938282 0.816512 -0.778564 -0.386926 -0.679168 -0.590403 -0.830501 -1.039255 -0.277116 0.506040 -0.009343 0.241619 0.332554 -0.639199 0.309514 0.495233 -0.440217 -0.004572 -0.458005 -0.731790 0.250263 -0.716353 0.184213 -0.178275 0.060919 -0.824951 0.630268 0.064840 0.438360 0.115397 0.040609 0.512046 -0.569882 0.299129 0.355383 -0.443175 0.978439 0.255076 -1.069807 -0.852934 0.202022 -1.031694 0.311339
0.986786 -0.369299 0.642106 -0.737138 -0.897421 -0.809435 0.911975 0.351115 -0.898817 0.048204 -0.460789 0.292644 0.403120 -0.395190 -0.517709 0.103403 1.023076 0.900986 -0.047853 -0.576457 -0.740756 -0.141252 0.849361 0.394185 0.137809 -0.660529 -0.965137 -0.101948 0.247386 0.458654 -0.884497 0.124915 0.826347 -0.671765 -0.784152 0.114170 0.013319 0.488840 -0.110657 -0.859600 0.563626 0.269103 0.701740 -0.434745 0.841838 -0.214891 -0.587362 -0.045949 0.320699 0.083716
-0.281388 -0.209639 -0.673835 0.258582 0.959080 0.719570 -0.453251 -0.844502 -0.350689 -0.059297 0.174478 -0.720278 -0.324713 0.331707 0.434060 -0.918764 0.574770 0.589781 -0.763951 0.388065 0.984573 0.651966 0.960086 0.843040 -0.645934 0.953771 -0.113937 0.592939 -0.916320 -0.090759 -0.649049 0.931395 0.512601 0.626908 -0.660663 0.024115 0.932212 0.353680 0.307804 0.239779 -0.016413 -0.876995 -1.067747 -0.771296 -0.630993 0.031769 -0.449930 0.556955 0.776453 0.286675
0.834257 0.690106 0.843225 -0.650612 -0.981917 0.878264 0.959404 -0.052374 -0.583470 0.014786 -0.116620 -0.037229 -0.946849 0.798574 -0.669027 -0.407644 0.749888 -0.980889 0.949677 0.458475 -0.915866 0.988146 -0.823271 -0.822416 0.352571 -0.312844 -0.798441 -0.615687 -0.661298 -0.076192 0.051717 -0.301020 -0.817313 0.017238 0.716889 -0.466140 0.433173 -0.638390 0.452420 0.647244 0.425637 0.169239 0.655790 0.051931 0.221326 -0.033931 -0.843693 0.156720 0.857496 0.904262
0.413963 -0.842589 0.313998 -0.768844 -0.735140 0.766228 -0.189738 0.655418 -0.609537 0.105072 0.669326 -0.572817 -0.453704 0.071461 -0.745159 0.942500 -0.737098 0.710579 -0.649048 0.618778 0.049259 -0.499540 0.076063 0.059387 0.265128 0.406582 -0.461215 -0.603838 0.628015 0.471053 -0.113953 0.394076 -0.367457 0.104681 -0.966226 0.280873 -0.076101 0.629329 -0.728943 -0.136877 0.794701 -0.918782 -0.180865 0.281290 0.304637 -0.175271 -0.807453 -0.999719 0.808902 0.256870
0.398682 -0.707286 -0.620610 -0.012676 -0.211711 0.461817 0.942945 0.055786 -0.387042 -0.549983 0.998052 -0.365325 0.879334 0.228652 -0.333052 -0.866566 0.414702 -0.330192 -0.731168 -1.105001 -0.464171 -0.192377 0.569586 0.148870 0.863070 0.946283 0.161398 0.944303 -0.083831 0.521959 0.240137 -0.865552 0.298158 0.784999 0.221747 0.124660 0.639423 0.753416 0.623171 0.024898 -0.133560 0.822339 -0.871913 -0.687077 -0.446518 0.622042 -0.160241 0.560944 -0.172709 0.848486
-0.612617 -0.941130 0.485712 0.745439 -0.882809 -0.394793 -0.715603 -0.786425 -0.662935 0.171343 0.881591 -0.103306 0.302883 -0.592692 -0.438876 0.664578 0.179715 0.044811 0.134626 0.213434 -0.452278 -0.290946 0.083481 -0.439417 -0.428954 0.866052 0.590980 0.171866 0.352009 -0.224050 0.643512 0.118501 -0.120762 0.952545 -0.329237 0.584023 0.386195 0.336181 -0.426592 0.397679 0.753817 1.068330 0.134785 -0.321854 0.117920 0.314818 -0.292945 -0.189759 0.875867 0.069420
0.861467 0.160542 -0.814633 -0.508097 -0.412688 -0.692770 -1.039831 -0.145571 -0.831926 0.164473 0.158377 -0.035459 0.095711 -0.204893 0.494142 0.958170 0.732648 0.636236 -0.458859 -0.352505 -0.358567 -0.535822 0.164231 0.183753 0.967322 -0.520173 -0.614116 0.628284 0.531091 0.183823 -0.438480 -0.393408 0.582601 0.051673 -0.238633 0.696905 -0.999325 -0.895180 0.469499 -0.883689 -0.084703 -0.805919 -0.576331 0.413840 0.036341 -0.156947 -0.525122 -0.229625 -0.881342 0.351288
-0.374492 -0.433387 0.614695 -0.782253 -0.324735 -0.604943 -0.995136 -0.102712 0.258600 -0.737028 0.737068 -0.585399 0.843751 0.819205 0.040144 0.438601 0.931236 -0.983281 -0.466346 0.644361 0.537956 0.965128 0.224285 -0.169547 0.430036 -0.495313 -0.365641 0.208874 -0.154178 0.282101 0.398834 -0.128820 -0.264101 -0.052743 -0.407667 -0.713518 0.652389 0.565413 0.923055 -0.476233 -1.071576 -0.453009 0.609659 0.495793 0.478267 -0.709972 -0.512288 -0.000332 -0.868075 0.663143
-0.022485 -0.459101 0.960390 0.806662 0.716415 -0.255013 -0.917473 0.240932 0.616045 1.019591 0.839466 -0.512723 -0.832760 0.153309 0.164559 -0.313488 0.522309 -0.717447 0.390856 -0.108780 0.631467 -0.193887 0.820470 0.492325 -0.562429 -0.386209 -0.137886 -0.542653 0.893785 0.648516 0.013320 0.212958 -0.053414 0.537181 0.436202 -0.353541 -0.442096 0.456525 0.071573 0.726658 -0.125120 0.234780 0.854160 1.047914 0.944375 0.518560 0.122795 0.893489 -0.933567 0.545877
0.799947 0.598771 0.625051 0.011743 0.057596 0.374991 0.560686 -0.559519 0.928117 -0.303766 0.627824 -0.489273 0.497805 -0.737590 0.419082 -0.534894 -0.926719 0.124980 0.943608 -0.267381 -0.517393 0.696082 -0.242629 -0.758627 -0.663838 0.905344 -0.118825 -0.292616 0.161235 0.847497 0.173810 -0.238934 0.049519 0.210943 0.575270 0.709339 -0.028055 -0.283073 0.339271 0.735034 -0.501033 1.227576 0.082633 -0.000694 0.690576 -0.363717 0.612477 -1.026337 0.878992 0.067741
-0.333143 -0.082094 -0.404162 -0.363123 -0.735240 0.567933 0.585035 0.825015 0.190258 0.369433 0.101431 -0.602671 -0.741505 -0.250914 -0.404547 -0.212501 -0.637330 -0.584903 0.771160 -0.434949 0.057698 0.614496 -0.872315 -0.451171 0.380885 0.748959 -1.029817 -0.513410 0.841675 -0.903812 -0.250989 0.160200 -0.777419 -0.609345 -0.560165 0.893115 -0.452220 -0.561013 -0.230671 -0.821008 -0.826168 -0.706160 0.493737 -0.418647 0.332696 -0.354528 0.761187 0.826141 0.083994 0.316765
0.181936 -0.086084 0.442981 0.618740 0.618178 0.295312 -0.671902 -0.362297 0.838875 0.640719 0.212416 -0.133109 -0.309102 0.989463 -0.752746 -0.053704 -0.339490 0.969256 -0.546491 -0.602594 -0.127637 0.463232 0.413164 1.003627 0.180485 -0.647504 -0.484339 0.470234 -0.382428 -0.248038 0.411611 -0.234826 0.103995 1.000534 -0.931676 -0.714082 0.238136 -0.026248 1.057626 -0.939703 0.394706 -0.688046 0.133095 -0.672336 0.976656 -0.035346 0.197324 0.107308 0.744459 0.568872
-0.373822 -0.295927 -0.594287 0.396694 -0.393732 0.356241 -0.531829 0.619646 -0.255100 0.139549 -0.025870 0.685787 -0.330386 -0.814865 -0.247147 -0.442972 0.288299 0.474709 0.645280 0.525561 0.185102 -0.700574 0.330413 0.755278 0.387837 0.969629 -0.174569 -0.297461 -0.631391 0.533721 -0.795076 0.391808 0.910376 0.373363 0.217425 -0.907584 -1.038206 -0.969112 0.745798 -0.521389 0.032325 -0.304931 -0.784939 -0.110151 0.070052 0.398955 0.613428 0.337701 -0.504600 0.928968
0.017756 -0.545807 -0.742084 0.991927 -0.870329 0.546151 0.181601 -0.594678 -0.487354 0.340413 0.126922 0.098092 -0.037926 1.087613 0.296495 0.787831 -0.292935 -0.470858 -0.404415 -0.277923 0.749906 -0.712794 -0.042934 -0.587344 0.890615 -0.647235 0.691645 -0.456440 0.330055 -0.592301 0.206687 -0.970792 0.317945 0.461718 -0.701577 0.282482 -0.379735 -0.096589 -0.859403 -0.891471 -0.999030 -0.116526 -0.717282 0.893379 -0.486773 -0.317705 -0.054225 0.762138 -0.710158 -0.663299
0.077653 0.104045 0.003635 0.008357 0.293478 0.118104 -0.184862 0.845012 0.352179 -0.802081 0.869691 -0.477317 -0.302310 0.565651 -0.653723 -0.521554 -0.923609 -0.328217 -0.282853 -0.637475 -0.624900 0.198701 -0.380448 -0.510107 0.723707 -0.331535 0.098893 -0.592467 0.672735 0.564737 -0.565445 -0.273398 0.536103 0.394188 -0.973068 -0.977845 0.855903 0.944317 0.941648 0.362400 -0.187691 0.865826 0.777378 0.675022 -0.966345 0.774119 -0.131952 0.460356 0.636829 0.527618
0.505130 -0.798980 -0.023389 0.383715 0.073446 0.315871 -0.175305 0.405845 0.907617 -1.142087 0.104321 -0.043859 0.943579 -0.606728 0.336818 0.780118 -0.329896 0.377370 0.565763 -0.937818 0.628300 -0.550235 -0.171066 -0.195724 0.465440 0.966702 -0.236298 0.668197 0.581469 -0.752788 0.621922 -0.890445 0.253490 -0.129735 0.309110 -0.601452 -0.864618 0.751832 0.506342 -0.766586 -0.684309 -0.428722 -0.414951 0.464938 -0.589539 -0.722952 0.790890 -0.208632 -0.379362 -0.262241
-0.750622 -0.556419 -0.158228 -0.122396 -0.366163 -0.858392 0.687910 0.304436 0.715243 0.169555 0.664997 0.973711 0.565370 1.141673 -0.085721 -0.427710 0.240216 0.253526 -0.774107 0.791375 -0.530074 -0.230813 -0.458256 0.157642 -0.309051 -0.580326 -0.216982 0.663620 0.656829 -0.337289 0.452047 -0.422523 -0.461907 0.127413 0.978960 0.119471 0.629176 0.578319 -0.448452 -0.131243 0.353233 -0.948455 0.837825 -0.477442 -0.501445 0.212553 0.096928 0.451250 0.151781 0.673288
0.205843 0.928292 0.322411 -0.656105 -0.781055 -0.220513 0.082326 -0.102493 0.899258 0.115634 -0.541012 0.281134 -0.668474 0.173077 -0.417418 -0.295999 -0.067172 0.517805 -0.158325 -0.466861 0.176404 -0.387285 0.778999 0.296276 -0.808285 -0.185137 -0.523040 0.291237 0.040276 -0.683056 0.201667 -0.341503 0.519604 -0.617878 0.590883 0.677757 0.090724 -0.015318 0.383939 0.043172 -0.386010 -0.547672 -1.003490 0.073020 0.487037 0.091484 -0.751701 0.571965 0.480681 -0.470363
-0.417822 0.855531 -0.046372 0.643082 -0.283276 -0.591777 0.595986 0.595019 -0.352575 -0.896778 0.533912 0.233312 -0.685605 -0.862937 0.085274 -0.795908 -0.377427 0.083426 0.681982 0.137920 -0.013026 -0.007278 0.578546 -0.196809 0.749634 0.346177 -0.811966 -0.366944 -0.138929 -0.422164 -0.233072 0.364556 0.280059 0.182697 0.059918 0.557992 0.694036 0.810861 0.254467 -0.682529 0.167514 -1.039599 -0.549598 -0.793029 -0.018476 0.613024 1.006405 -0.355903 -0.377445 -0.882958
-0.655251 -0.185225 1.167098 0.412442 0.811249 -0.275229 -0.250817 -0.388634 0.649841 -0.169180 -0.730248 -0.489374 -0.558780 0.457343 0.231656 -0.065230 -0.370442 0.079517 0.655703 0.770929 -0.491034 -0.809733 0.611015 -0.170989 -0.249327 0.745973 -0.471741 0.191946 -0.125525 -0.193368 0.434852 -0.815718 0.349898 1.054789 0.819363 -0.640324 0.832181 0.649360 -0.326960 0.512083 0.818968 0.671660 -0.273782 -0.445244 0.628805 0.469684 0.420766 0.236051 -1.005107 -0.781004
-0.764057 0.928471 -0.436989 0.605765 1.098979 -0.149614 0.781636 0.024042 0.701823 0.587892 0.390616 0.627571 -0.271065 -0.143798 -0.141160 -0.863846 -0.320287 -0.698402 0.230064 -0.668647 0.653760 -0.098128 -0.312545 0.227982 -0.117038 -0.411903 -0.709011 -0.481244 -0.700117 0.403379 0.055055 -0.201115 -0.857353 0.510924 -0.212079 -0.583767 0.130451 -0.684594 0.228741 0.428075 0.627218 -0.843586 0.898136 0.520677 0.977057 1.071910 -0.568382 0.949784 0.842720 -0.242428
0.562973 0.624369 -0.048745 -0.929102 -0.165646 0.902849 0.305888 -0.480332 0.143871 0.165894 -0.349756 -0.010882 -0.872350 0.508130 0.682140 0.030403 0.781532 -0.520546 -0.121085 0.529687 0.688199 1.035809 0.365876 -0.325319 -0.714927 -0.373353 0.421517 -0.021456 -0.465957 -0.228914 -0.192413 -0.232752 -0.445324 -0.959694 0.734562 -0.904029 -0.134732 -0.264729 0.433479 0.322963 0.177515 -1.096037 -0.620161 -0.218022 -0.478253 -0.329163 -0.590447 -0.711558 -0.129169 0.215920
0.853751 0.322795 -0.706428 0.947752 0.866989 0.424381 -0.262673 -0.840467 0.786830 0.444718 -0.719901 0.666004 -0.595330 -0.926299 0.307483 0.404239 -0.901700 0.583562 0.955550 -0.443880 -0.922425 0.116256 0.268576 -0.763450 0.565161 -0.213788 -0.380258 -0.194497 0.965277 -0.265042 -0.244638 -0.746588 0.902587 0.266215 0.864925 -0.200918 -0.601189 -0.712378 -0.186419 -0.231754 -0.317713 0.065090 0.614805 -0.790499 0.667169 -0.083503 -0.220982 -0.050684 -0.207167 0.264632
-0.152501 -0.702717 0.369289 -0.825358 0.878505 -0.467714 -0.670364 -0.583721 1.023414 -0.143815 0.458655 0.071412 -0.379362 -0.203840 -0.401066 0.878697 0.010659 -0.211727 -0.783715 0.678622 -0.197107 -0.488122 -0.333665 -0.004163 -0.187338 0.194738 -0.118414 -0.492003 -0.061236 -0.033212 0.186569 0.051048 -0.237897 -0.569920 0.093569 0.437827 0.532606 0.019889 0.957541 0.863165 0.661266 -0.032979 0.445118 0.088243 0.183227 0.348766 0.852987 -0.167936 -0.368482 -0.597742
0.073811 -0.122147 -0.288382 0.007141 -0.019331 -0.347563 -0.922199 0.029000 0.296368 0.265465 -0.221272 -0.893723 0.854082 -0.568640 -0.073101 -0.795546 0.166930 0.518001 0.353235 0.407835 0.602689 0.984905 -0.483593 0.256461 -0.728824 0.183330 0.470235 -0.469401 -0.352815 -0.455202 0.815642 -0.528792 0.565536 0.489305 -0.130151 -0.955330 -0.845672 0.739208 -0.554916 -0.716718 0.036220 -0.133784 -0.470650 0.955137 0.997296 0.272143 0.266394 -0.427566 0.767183 -0.849500
-0.447821 -0.332961 0.005342 0.582109 -0.904231 -0.155801 0.658534 -0.173714 -0.048793 -0.891606 -0.008060 -0.262155 0.630558 0.426459 0.287469 0.785757 0.130802 -0.085377 0.660541 0.224290 -0.251788 0.773872 -0.022945 0.741558 -0.226505 0.780154 0.182443 -0.006684 0.102850 0.911540 0.755223 0.021599 -0.275601 0.447414 -0.989683 0.197298 0.223533 -0.952138 0.154073 -0.061634 -0.917030 0.792519 -0.708256 -0.056686 0.399663 -0.414996 0.610431 0.830039 0.273692 -0.449353

Bias v0 (Oculta):
0.895344
-0.435359
0.848482
-0.336401
0.234808
0.188248
-0.547103
-0.256433
0.793864
0.067867
-0.626042
0.346241
0.848789
0.568018
-0.913801
-0.024141
0.988832
0.767344
0.985995
-0.423632
-0.770537
0.711717
-0.755842
-0.188945
0.584222
0.097037
-0.568345
0.969535
-0.711118
0.576339
0.489571
-0.638243
0.420853
-0.729600
-0.460379
-0.022123
0.490837
0.975257
-0.669932
-0.897745
-0.607383
-0.807999
-0.262080
0.321448
-0.011069
0.839448
0.024151
0.629115
0.469347
-0.756014

Pesos w (Oculta -> Sa獮a):
-0.413169 0.363571
-0.306030 -0.667157
-0.849781 1.488923
0.384386 -0.656817
0.820699 -1.319070
-0.621658 -0.100534
0.323424 -0.584616
2.362680 -1.759774
1.162891 -1.185188
-0.548933 0.886282
-0.471333 0.416412
0.123105 0.828091
0.503279 0.087799
1.419411 -1.330620
1.022652 -0.916103
0.797589 -0.977053
0.529522 -1.548446
0.913261 -1.175204
0.840189 -0.730709
-1.389786 1.188610
0.644998 -0.083646
0.129634 0.515206
-1.383105 0.942401
-1.217607 0.959255
-1.449468 0.891260
0.941807 0.116156
-0.069914 -0.704966
0.121072 0.267542
-0.669286 -0.008878
1.151574 -1.329049
1.327811 -1.342976
-0.146024 0.776528
0.602907 0.552053
-0.439360 0.371993
-0.519081 0.781535
0.103966 -0.390302
-0.836954 1.048910
-0.457713 -0.215456
-0.985451 1.141062
1.684976 -1.666655
-0.357971 0.861216
0.671631 -0.731850
-0.540979 0.806628
-0.695431 0.943778
-0.486612 -0.233222
-0.628108 1.054697
-0.556946 -0.111887
0.096559 -0.897605
0.399319 -0.797910
0.141166 0.383246

Bias w0 (Sa獮a):
-0.025191
0.575203
