Pesos v (Entrada -> Oculta):
-0.971673 0.506539 -0.407518 -0.037396 -0.487438 0.434131 -0.022249 0.668611 -0.059841 0.619323 -0.955773 -0.930047 -0.411235 -0.142379 -0.408252
-0.656290 -0.445589 0.164071 -0.394577 0.520961 -0.051567 -0.483200 -0.764410 0.201045 0.380486 0.066860 -0.073595 -0.686959 -0.184453 0.077620
-0.300743 -0.024989 0.879834 0.779706 -0.246439 -0.597143 0.115586 -0.065988 0.107119 0.938159 -0.697545 0.104499 1.006657 -0.731926 -0.041183
0.026292 -0.465453 0.569303 -0.303376 0.411682 -0.905134 -0.437758 -0.795036 0.256218 -0.061316 0.296666 -0.883175 -0.322418 -0.198217 -0.762813
0.465531 -0.466909 -0.165470 -0.816830 0.051689 -0.668289 -0.304612 -0.843972 -0.174287 0.051099 -0.945743 0.236356 0.949913 -0.001177 -0.913693
0.450589 -0.410066 -0.520435 -0.254110 0.887330 -0.506314 -0.580222 0.486632 0.254313 0.243248 -0.309636 -0.062604 0.829057 -0.587789 -1.123330
-0.353731 0.722024 -0.934161 0.124781 0.300712 0.559764 -0.742554 -0.643004 -0.270535 0.260709 0.179111 0.889516 0.081556 0.910274 0.068103
1.098146 0.554837 0.401863 -1.098503 -0.260199 -0.758147 -0.862431 0.123552 -1.419011 -0.297408 0.667374 0.532440 -0.265584 1.079861 -0.790312
-0.004449 -0.747391 -0.126048 -0.236809 -0.185037 0.552155 -0.326973 -0.921687 -1.007462 -0.830178 0.226008 0.828943 -0.432121 0.172282 -0.214405
-0.058025 0.347563 0.382427 1.064634 0.817219 0.730713 -0.172915 0.646229 1.100041 0.732743 -0.380482 -0.065140 -1.052006 0.504376 -0.205261
0.632680 0.593914 0.213887 0.305305 0.660717 0.920578 -0.579382 0.541671 0.339313 0.217451 -1.105393 -0.912921 0.791054 0.719376 0.191142
-0.017217 0.330663 -0.126325 0.309963 0.829749 0.330141 -0.849254 -0.634926 0.984179 0.645528 0.800993 0.454851 -0.170542 0.524180 0.856138
0.860004 0.492419 -0.428128 0.148872 0.347266 1.029705 0.459571 -0.240982 0.895489 -0.661160 -0.230119 0.630557 -0.280187 -0.952870 -0.260388
-0.565720 0.632290 0.198529 0.537898 -0.729356 0.580515 -0.881206 -0.075524 1.131403 -0.023753 -0.008184 -0.375363 -0.957908 0.139915 1.171955
0.032059 0.063001 0.157057 0.537658 0.066232 -0.198080 0.298097 -0.991966 0.892595 0.310392 -0.404608 -0.086289 0.204953 0.473607 -0.592382
0.373711 -0.319513 0.648798 -0.143801 0.837438 0.402069 -0.794003 -0.059067 0.558254 0.019670 1.157643 -0.342216 0.174519 -0.481358 0.562307
0.578964 -0.837955 0.867503 -0.270234 -0.913093 -0.079696 0.540437 -0.969007 -0.243903 -0.570130 -0.616308 0.256113 0.456130 0.052059 -0.310795
1.189550 -0.132848 -1.124648 0.286176 -1.089707 0.461308 -0.151963 0.916531 -0.440748 -0.368559 0.134183 -0.189467 0.619710 0.105953 -0.871558
0.018044 1.045850 -0.831109 -0.803916 0.805979 -1.157884 0.793726 -0.677155 -0.810660 -0.021033 1.071977 0.677153 0.516306 1.376578 -1.970476
0.985678 -0.183637 0.493536 0.051650 -0.049010 -0.401368 -0.113673 0.365419 0.456960 0.808308 0.255443 -0.987770 0.723286 0.349171 -0.423311
0.901989 -0.539095 1.635400 -0.045185 0.451028 0.154377 -0.133154 -0.918471 0.131796 -0.225642 1.308373 -0.130061 0.084508 0.549790 0.711485
-0.738600 0.420772 -0.079267 -0.809630 -0.583202 0.502658 0.763369 0.865952 0.509975 0.725780 0.812388 -0.740922 -0.162217 -0.460562 0.899049
-0.591159 0.524670 -0.651621 -0.130941 -0.572525 0.299337 -0.011582 -0.545273 -0.427097 -0.580279 0.199571 -0.470970 0.269844 -0.575051 0.030619
0.145280 0.445914 -0.229393 -0.067073 -0.505588 -0.785001 -0.733208 -0.378139 0.990358 0.865829 0.690226 0.538169 -0.074180 0.473016 0.364531
-0.279978 -0.477338 -0.261460 -0.410583 0.874664 0.444985 -0.563797 -0.000201 0.054205 0.188349 -0.448595 0.446648 0.989969 0.791957 0.706669
0.605118 -0.607040 0.216123 0.732503 -0.187130 -0.529934 -0.952702 0.512383 -0.462346 -0.204347 0.282546 0.331510 -0.906114 -0.036410 0.138621
-0.916476 0.184856 0.335532 0.043723 -0.727549 -1.108725 0.296532 0.481120 -0.094962 -0.358222 -0.391714 -0.734564 0.377999 0.252826 0.925884
-0.121947 -0.695434 1.274280 -0.029663 0.798165 -0.457598 -0.477296 -0.706413 -0.293603 0.763018 0.688602 -0.964369 0.868412 -0.015884 -0.190777
0.491640 0.642997 -0.155211 0.718797 -0.603177 0.186496 -0.111791 -0.211849 -0.193449 0.834331 -0.136660 -0.408367 0.260373 0.087886 -1.286773
0.707530 0.025308 0.140399 0.340229 -0.828208 -0.144549 0.625690 -0.936086 -0.698983 -0.688234 -0.282846 0.756052 1.046365 0.312493 0.030097
0.653172 0.385674 0.233419 -0.387839 -0.166967 0.388531 0.927680 -0.428827 -1.192278 -0.283881 1.109414 -0.714101 1.095897 -0.243772 -0.234871
-0.457100 0.181311 0.802827 -0.158544 -1.031521 -0.059211 -1.004955 -0.531856 -0.651015 0.676141 0.559222 -0.763522 0.827432 1.214302 -0.596662
-0.246917 -0.276869 0.166677 -0.027099 0.508591 1.005896 -0.630144 -0.865115 -0.228779 -0.485317 0.784216 -0.224017 0.634095 -0.929841 -0.641754
-1.043549 0.791713 -0.701429 0.667596 -0.235609 0.551541 -0.939894 0.212677 -0.330227 0.781433 -0.293905 0.011116 -0.626804 0.131728 -0.615778
0.563449 -0.889963 -0.361213 -0.496800 -0.957203 -0.795191 -0.313616 -0.276500 -0.481493 0.778992 -0.444883 -0.299774 -0.103327 -0.923394 0.836482
0.896041 -0.669096 -0.798921 -0.447149 0.373654 -0.212207 0.640031 -0.516204 -0.040051 0.782597 -0.152551 -0.675337 0.625987 -0.924520 -0.469429
-0.351344 -0.827199 -0.594312 0.053004 0.464546 0.770069 0.326202 -0.217542 0.102023 0.913910 0.616203 0.930469 0.973384 -0.726725 -0.578564
-0.782534 0.418261 0.005412 0.467460 0.120426 -0.596698 -0.766718 0.478278 -0.764478 -0.524247 -0.493639 -0.325546 0.682845 0.355785 0.248987
-0.484867 0.779704 0.568428 -0.985742 0.444349 0.547824 -0.683324 -0.543711 0.700100 -0.593721 0.154803 -0.839987 -0.716539 0.294735 -0.878973
-0.548066 -0.665786 0.438855 0.481812 -0.555101 -0.517249 -0.173234 -0.176633 -1.143004 -0.762578 0.408111 -0.588895 -0.395813 -0.586973 -0.881221
0.126006 0.100363 -0.777915 -0.082808 -0.593646 1.165821 -0.814884 0.257005 0.042315 0.215137 0.415234 0.245323 0.076862 0.357456 0.185140
0.754117 0.312647 0.105144 0.703190 0.091726 -0.595644 0.463828 -0.416190 0.331676 -0.437538 -0.688451 0.398235 -1.151814 -0.465244 0.380992
-0.228190 0.172980 -0.462164 1.139996 -0.926148 0.937521 0.986765 -0.678863 0.232220 -0.201569 -1.021079 -0.319892 0.030670 -0.498890 0.177977
-0.378234 -0.765729 -1.165293 -0.763168 -0.906264 0.755971 0.143687 -0.752227 -0.034665 0.756327 0.842687 -0.680302 -0.037281 1.570813 -0.983644
-0.451949 -0.210784 0.233793 0.460329 -0.434937 -1.205505 0.084738 -0.110036 -1.449550 -0.410424 -0.332162 -0.620104 1.069488 0.979512 -1.287628
-0.853262 -1.013737 0.213502 -0.871918 0.161244 0.766166 0.610619 0.285262 0.255084 -0.665234 -0.065898 0.615165 -0.221396 -0.498849 -0.933847
-0.135421 0.583501 -0.185339 -0.244983 0.073175 -0.536368 -0.900852 0.264044 0.125527 -0.068945 -0.568840 -0.801731 0.049870 -0.510193 -0.376693
0.676361 -0.302325 -0.538305 0.220248 0.745764 -0.013803 0.264294 0.553017 -0.569203 -0.295628 0.543860 -0.455739 0.087939 0.331899 -0.621905
-0.310037 0.067566 0.065821 -0.587795 0.938959 -0.740913 0.664175 0.898346 0.577497 -0.817877 -0.351740 0.942526 -0.251353 -0.560130 0.850189
-0.846680 0.803045 -0.970290 0.623582 0.304879 0.115060 0.625006 -0.614747 -0.266950 0.236037 0.433511 -0.518501 -0.683931 -0.557787 -0.500487
0.061727 0.891641 -0.924221 -0.782171 -0.771366 -0.311652 0.892961 -0.678863 -0.390197 0.116831 0.446711 -0.786889 0.012619 0.276318 -0.469932
0.346277 -0.604920 -0.241107 -0.094519 -0.874166 -0.287503 0.348425 0.260865 -0.735484 -0.396828 0.693125 0.366316 0.711526 0.283980 -0.666920
-0.928998 -0.337620 -0.471965 0.020470 -0.520163 0.865526 -0.548847 0.382333 0.935100 -0.069546 -0.103929 -0.793697 -0.823784 0.389717 0.273489
-0.844668 -1.007212 1.791537 0.038748 0.209251 -0.200626 -0.694346 -0.785684 1.262381 0.257982 -0.067866 0.254819 -1.279159 0.340223 1.196844
0.027521 -0.518723 -0.390397 -0.681032 -0.320703 0.874323 1.106112 0.067311 -0.373695 0.626987 -0.473802 -0.727462 0.652241 -1.008598 0.910281
-0.267878 0.077707 0.833064 0.716333 0.011200 0.342795 0.113421 -1.091659 0.164336 0.240339 -0.635685 0.904419 -0.626933 0.733828 0.345707
0.057936 0.460393 -0.338854 0.921797 -0.274805 -0.284808 -1.115216 -0.960958 -0.887543 -0.539739 -0.141131 0.670331 0.193528 -0.460110 -0.467866
0.760421 -0.420382 -0.057364 -0.628224 0.312124 0.199822 -0.884000 0.999598 -0.265308 -0.828354 -0.788010 -0.409858 -0.113067 0.164192 -0.522269
-0.261561 -0.870448 0.480008 0.576522 0.270553 -0.123384 -0.481656 -0.713066 0.035510 -0.344087 0.770220 -0.096366 0.009062 0.011014 0.421245
0.220772 -0.081261 1.011377 0.828439 -0.304616 -0.335918 0.123485 0.379888 -0.357029 0.609839 -0.693299 0.148836 -0.067269 -0.336082 -1.167349
0.166788 0.618803 0.597733 -0.432901 -0.599253 -0.531605 -0.349444 0.969752 -0.800286 0.084235 0.013185 0.068761 0.258064 -0.229731 0.188238
0.387837 -0.768227 -1.272558 0.035375 -0.556311 0.525312 0.862602 -0.411699 0.984876 0.545396 -0.034949 -0.715013 -0.459067 0.648831 -1.019163
-0.664315 -0.929532 -0.552082 -0.638009 -0.098540 0.002094 0.811842 0.641631 0.071258 -0.347855 0.562234 0.140381 0.211997 0.557327 -0.479003
0.690129 -0.919920 -0.085100 0.875162 -0.370795 -0.561541 0.809377 0.683752 0.759367 -0.951781 -0.511953 -0.882720 -0.742575 -0.309718 -0.056225
0.425237 0.046275 -0.054271 0.341130 -0.578519 -0.107175 0.491166 -0.475748 -0.003410 0.921057 -0.445312 0.182758 -0.693766 -0.661720 0.784079
0.724908 0.040209 0.897564 1.160665 -0.948877 0.473998 0.472115 0.486448 0.325522 0.462296 0.807892 -0.637591 -1.032892 -0.811068 1.348786
-0.725524 -0.353810 -0.060706 0.664205 -0.459542 -0.443761 0.956108 0.434238 -0.814369 -0.170637 0.050702 0.571230 0.829990 -0.817624 -0.555770
-0.584377 0.712588 -0.522590 -0.136545 -0.862509 -0.461518 -0.604678 0.298364 0.430044 -0.552131 0.732527 1.119849 -0.760195 -0.142445 1.049452
0.705318 0.890947 -0.259452 -0.541676 -0.386371 -0.951082 0.545271 -0.830296 0.735719 0.870591 -0.272743 0.408731 -0.739546 -0.652029 -0.682370
-0.459008 0.491513 0.853996 -0.520899 0.478629 0.334867 -0.826921 -0.576441 -0.101030 0.797151 0.822635 -0.777783 -0.312301 0.370844 -1.291167
-0.212013 0.048535 -0.174765 -0.075501 0.113790 0.222819 0.704583 0.458133 -0.095603 -0.234510 -0.397302 -0.089992 -0.054241 -0.191328 -0.088639
0.947317 0.127589 0.113846 -0.796088 -0.075470 -0.762627 0.409449 -0.387022 -0.522028 0.614151 0.840580 0.296412 -0.242217 -0.292229 -0.936076
-0.942400 0.591040 0.738988 -0.690349 0.568231 -0.531327 0.480276 0.893727 0.873742 -0.946542 -0.119339 0.853690 0.245235 0.281730 0.054499
0.709242 0.838059 0.365152 -1.034312 0.171170 0.624838 0.354097 -0.164830 0.253149 0.165010 0.053577 0.563483 0.697175 -0.815907 0.026748
-0.541046 0.905078 0.267355 -0.661060 -0.009581 0.661496 -0.527267 -0.526607 0.088679 0.149087 0.666115 0.216902 0.665223 -1.129316 -0.011944
-0.286770 0.138834 -0.721983 -0.513294 -0.366952 -0.198926 -0.418489 -0.556007 0.986614 -0.145765 0.422936 0.287706 -0.274671 -1.150742 1.318798
0.210538 0.708960 0.304580 1.374091 0.466379 -0.038993 -0.158573 0.595619 0.198287 -0.424346 0.433927 -0.941796 -0.153517 0.431842 1.263044
0.697343 -0.758794 -0.010093 1.206657 0.464023 0.961760 0.224995 -0.361107 0.792992 -0.309573 0.242768 0.939221 0.564645 0.623100 0.704940
-0.903348 0.990858 -0.752740 0.114820 0.596153 -1.072979 0.892480 0.081475 -0.641028 -0.717485 0.353249 0.531397 0.328528 -0.550855 0.337335
-0.259136 0.378143 -0.116792 -1.174711 0.240164 -0.323408 0.389326 0.300295 0.391318 -0.000375 -0.125606 -0.208452 -0.005275 -0.407024 -0.840447
-0.686607 -0.440356 -0.134227 -0.170320 0.350830 -0.695953 0.447606 -0.663209 -0.282626 -0.319707 0.002254 -0.664240 0.408045 0.190082 -0.057847
-0.591896 0.426244 0.349058 0.580875 0.652691 -0.027233 -0.057944 -0.311255 0.105534 0.217110 0.822085 1.032060 1.310856 0.380652 -0.267883
-0.178045 0.533940 -0.025199 -0.382301 0.174226 0.973611 0.544849 -0.451853 -0.461348 0.295554 0.076450 -0.199130 -0.019519 -0.808642 -0.040392
-0.725824 -0.503714 0.395214 -0.008277 0.896433 0.350098 0.160227 0.043603 -0.650566 0.014023 0.217130 -0.963011 0.286255 1.000254 0.575483
-0.835515 0.241450 -0.032763 -0.543742 -0.373909 -0.722124 -0.551275 0.010724 0.312104 -0.682926 0.055968 0.281393 -0.286539 0.995787 0.649350
0.391995 0.826272 -0.175418 -0.681883 -0.767468 0.878691 -0.835783 0.098576 -0.309403 -0.469815 1.062667 0.228655 -0.986037 -0.937048 -0.084201
0.222868 0.870950 -0.684450 0.912641 -0.345866 -0.199311 -0.676975 0.523252 0.039978 -0.916620 -0.600847 0.953739 0.092932 0.173754 1.035660
-0.637098 -0.721658 0.036421 0.490323 0.162322 -0.748883 -0.757536 0.304341 -0.341544 0.696502 -0.086454 -0.629506 -0.063819 0.163541 -0.579933
-0.486587 -0.827918 0.922524 0.696447 0.471281 -0.059067 0.507081 0.658251 0.860217 -0.855829 0.114009 0.938264 -0.740734 0.519239 -0.130445
0.502073 -0.167778 -0.062325 0.780609 -0.579025 0.605497 -0.610721 -0.912080 -0.627516 -0.858803 -0.579950 -0.644409 -0.635970 -0.363415 1.088134
-0.315233 0.444886 -0.050164 0.406717 0.521137 -0.843078 -0.193545 0.516429 -0.011603 -0.112490 0.060139 0.247563 0.543760 0.622796 0.212111
0.114699 -0.234617 -1.009249 -1.017052 -0.118279 -0.549751 0.674627 -0.160106 -0.907701 0.669750 0.553824 -0.524279 -0.512868 0.826234 -0.751750
0.018362 -0.553349 -1.150587 -0.769839 0.541376 0.782252 0.441806 -0.006869 -0.441723 -0.449888 -0.298346 0.560056 0.188125 0.208107 0.761236
-0.158840 -0.008796 0.751710 0.250857 1.157177 -0.378263 -0.889597 0.453603 -0.522358 0.089878 0.154050 0.622056 0.574175 -0.505561 -0.444085
0.736850 -0.693394 0.522633 0.783870 1.102185 0.420193 0.658823 0.667824 -0.167931 0.077224 -0.778547 -0.107649 0.579852 -0.567757 -0.737844
-0.006177 0.743015 -0.241873 0.674352 -0.584034 -0.167800 0.253344 0.115357 0.319040 0.961332 0.604094 0.078606 -0.571587 0.377505 -0.291552
-0.521792 -0.423591 -0.756363 -0.413982 0.940473 0.265378 0.587471 0.787772 -0.621908 0.492031 -0.980105 0.903953 0.689701 -0.864706 -0.051706
-0.304683 -0.996703 0.814135 0.541968 0.830882 -0.146632 -0.359829 -0.823941 0.711081 0.958342 -1.237497 -0.592346 -0.611131 -1.172650 0.781690
0.471378 0.729517 -1.088822 0.811963 -0.345207 -0.285107 0.213505 -0.718262 0.601920 0.377122 -1.022761 0.178643 -1.275823 0.557330 0.091046
-0.292353 -0.675364 -0.437089 -0.428388 -0.028918 -1.157921 -0.091835 0.266904 0.275759 -0.999834 -0.265589 0.148504 1.164412 -0.438074 -0.081189
-0.070812 0.430876 0.075387 -0.535878 0.300212 0.109390 -0.160106 -0.394331 -0.627058 0.942205 0.176120 -0.260940 -0.132258 -0.124872 -0.504244
-0.117073 -0.975823 -0.571559 -0.024326 0.572473 -0.226283 -0.248283 -0.171705 -0.889785 -0.215490 1.069930 0.277233 -0.272999 -0.562043 -0.253185
-0.736893 0.514242 0.917473 -0.609692 -0.792187 0.345957 -0.552759 0.344270 -0.777916 0.768594 -1.200907 -0.307713 0.485663 0.712254 0.857529
-0.387902 0.919414 -0.857397 -0.635098 0.823343 0.219035 -0.173952 -0.260829 0.116717 -0.345914 -0.218454 -0.535622 -0.845249 0.627022 -0.008999
-0.386189 0.657650 -0.530411 0.751833 0.756054 -0.132472 -0.053450 0.431587 0.887635 0.810396 -0.614850 -0.242747 -0.630390 0.812566 0.559210
0.125858 0.243647 0.971519 0.122136 -0.745636 0.800211 0.584615 -0.459470 -0.471206 -0.683896 -0.240589 1.013752 -0.578821 0.658719 0.721423
-0.717861 0.588920 -0.718733 -0.811121 0.256948 -0.370962 0.790357 0.503986 -0.690500 0.739107 -0.306100 -0.445073 0.211598 0.548022 0.476109
0.634313 0.445154 0.275401 -0.247722 1.013246 -0.357146 -0.725440 0.550412 -0.131191 -0.414425 0.653676 -0.487576 0.975020 0.968768 0.264903
-0.187047 0.777393 -0.477500 -0.858908 -0.061289 0.274371 0.373309 -1.102645 0.530775 -0.814148 0.264730 0.145214 0.349133 -0.256718 0.091998
0.060729 -0.372062 0.670281 -0.096114 -0.869225 0.164246 -0.250808 -1.011155 -0.044546 0.437369 -0.404521 -0.464734 -0.208102 0.313403 -0.044279
0.265141 0.889616 0.222222 0.721313 0.761111 -0.448005 0.387464 0.243706 -0.408365 -0.251055 -0.785989 0.902259 -0.758412 -0.644988 -0.319103
1.154673 -0.640672 0.085373 -0.587607 -0.224298 -0.670460 1.016108 0.968609 -0.461417 -0.132674 0.244281 -0.888463 0.672678 0.812878 0.525660
-0.414308 0.691094 -0.132026 -0.936588 0.116924 -0.781885 0.819145 -0.304979 0.561504 -0.260160 1.343330 -0.797891 -0.232266 0.527769 0.448570
0.508612 -0.635804 -0.320275 -0.501021 1.183948 -0.794604 -0.094267 -0.105468 0.050581 0.747923 -0.099686 0.225952 0.763526 0.123966 -0.116927
-0.376307 0.110676 0.563860 -0.526714 0.239702 0.398906 0.846236 0.932877 -0.588309 -0.493762 -0.958874 -0.386597 0.471104 -0.190121 -1.014208
-0.021882 -0.574606 -0.025648 0.783996 0.467870 0.177308 -0.536203 0.986763 0.800689 0.300173 -0.565893 -0.747114 0.616980 1.133594 0.431360
-0.190656 0.619263 -0.313930 -0.076719 -0.373226 0.811125 0.893611 0.374058 0.058748 0.963307 -0.975698 0.853306 -0.994081 -0.632538 0.957342
-0.925080 -0.057968 0.358072 0.082499 0.797846 0.333771 0.283597 0.115919 0.871688 0.668919 0.889549 -0.687751 -0.320000 0.337222 -0.181120
-0.181133 0.682404 0.227735 0.050754 0.616814 -0.169287 -1.018936 -0.214662 -0.936419 0.243097 -0.731817 0.267562 0.385989 -0.663106 -0.146314
0.220408 0.908870 0.771410 -0.964515 0.317577 -0.346083 -0.951521 -0.877323 0.146208 -0.811879 -0.177730 0.435914 -0.538590 0.557160 0.345592

Bias v0 (Oculta):
-0.402059
0.940813
0.496327
0.405489
0.407447
0.709798
0.680071
0.201548
-0.460955
0.372314
-0.803042
-0.684705
-0.179706
0.791270
-0.667240

Pesos w (Oculta -> Saída):
1.371008 -1.398929
-0.367100 0.296656
-2.692577 2.709390
-1.638354 1.634971
1.499284 -1.275236
-1.773533 1.738089
-0.938356 0.986057
0.694647 -0.658838
-2.051758 2.065722
0.349655 -0.237863
1.994517 -2.008697
1.099679 -1.018821
2.240331 -2.231520
1.737134 -1.707160
-3.657055 3.661809

Bias w0 (Saída):
0.929047
-1.245864
