Pesos v (Entrada -> Oculta):
0.563259 0.302391 -0.524902 0.353800 0.890752 -0.080032 -0.065006 -0.813998 0.010381 -0.274333 0.179342 0.779612 -0.540216 -0.789230 0.760522
-0.705297 0.984941 -0.058199 0.780799 0.364859 0.182730 0.934183 0.318843 0.403906 -0.648182 0.207466 -0.452739 0.612462 -0.405628 -0.511494
-0.183136 0.962563 0.293021 0.257829 0.942612 -0.901440 0.460349 0.638358 -0.459079 0.722223 -0.036028 0.956529 0.947040 -0.673954 0.753162
-0.886179 -0.547601 0.213823 -0.104465 -0.023866 0.377023 0.965345 0.201493 0.070181 -0.454133 0.438850 -0.299332 0.046045 0.719808 -0.279279
-0.125465 0.586036 0.814239 -0.959982 0.081432 -0.043549 -0.453366 0.158075 0.707503 -0.652162 -0.144323 -0.153228 0.739126 -0.585811 -0.294286
-0.246334 -0.768087 -0.871091 -0.139850 -0.118135 -0.677622 -0.783939 -0.988181 -0.329101 0.632022 0.343924 -0.896669 0.317924 -0.685056 0.991256
-0.004908 0.570570 0.354812 0.298097 0.050645 -0.040599 -0.942267 -0.014903 -0.145413 -0.658875 0.043578 -0.129495 -0.955739 -0.175431 -0.713342
-0.580062 -0.057142 -0.630639 -0.166392 0.634822 -0.562487 0.019256 -0.024731 -0.948138 0.055900 0.234363 -0.495490 0.920483 -0.733594 0.681388
0.758203 -0.717663 0.634802 -0.756582 0.551736 0.014438 -0.819535 -0.806641 -0.002448 0.739042 -0.696560 0.643694 -0.560012 0.937806 -0.887750
-0.546676 -0.677537 0.287617 -0.812827 0.469870 0.191794 0.793742 0.604763 -0.470634 0.723241 0.175885 -0.970182 -0.349161 -0.090847 -0.142777
0.736431 -0.536283 0.821212 0.155090 -0.757237 0.031789 0.601734 0.360359 0.926821 -0.733552 -0.513536 -0.650904 -0.635192 0.976545 -0.887130
-0.981969 -0.106105 -0.404291 -0.713597 0.055575 -0.257685 0.684899 -0.620782 -0.770556 0.549411 -0.035000 0.969940 -0.532234 0.724754 0.828818
0.070083 0.491579 0.625847 -0.219155 0.158418 -0.694972 -0.248277 -0.046034 -0.755182 0.633437 -0.686152 0.062649 -0.504868 -0.049310 -0.438685
-0.205925 0.014507 0.526099 -0.286283 0.304174 -0.571887 -0.984687 0.916250 -0.610344 -0.662002 0.334347 0.700010 0.180010 -0.539034 0.697173
0.045653 -0.724032 0.722182 0.057352 -0.343262 0.496650 0.114764 -0.523467 0.091326 0.201525 0.229838 -0.324108 0.214794 0.109032 0.762207
-0.469483 -0.430658 0.442324 0.839331 -0.858707 -0.698757 0.944921 0.593217 0.262020 -0.868949 -0.298956 -0.472588 0.064015 -0.336275 -0.346035
-0.293336 -0.416098 0.810560 0.798484 0.238698 0.949363 -0.116762 -0.369424 0.333437 0.498494 0.458336 -0.634843 -0.717881 -0.041827 0.305875
0.528800 -0.540749 0.664550 -0.053745 -0.182616 -0.596403 0.242552 0.359331 0.943907 0.566507 0.834407 -0.279858 0.289450 0.901135 0.530155
-0.008583 0.088719 -0.761361 -0.355911 0.029712 0.067420 0.508908 -0.312797 -0.888800 0.147136 -0.626083 0.660680 -0.442079 -0.277422 0.957922
-0.289608 0.149397 -0.135016 -0.638205 -0.417676 0.969117 -0.076583 0.966960 -0.034747 0.201260 0.551457 0.309712 -0.366747 0.742771 0.433529
0.539224 0.750009 0.130729 -0.053611 0.162728 -0.801305 0.344496 0.836817 0.738708 -0.927261 0.453340 -0.681016 -0.212774 -0.188191 0.822305
-0.402447 -0.034023 -0.693577 0.908762 -0.536349 -0.431038 -0.446366 -0.696113 0.964778 0.053040 0.249864 -0.939766 0.208695 0.175547 0.445218
0.016391 -0.680815 -0.755582 0.849056 -0.119723 -0.086124 0.327064 0.785662 0.500275 0.288391 -0.903397 0.191109 0.390743 -0.926030 0.416898
-0.260351 -0.336798 0.655848 0.982399 0.861742 -0.308665 -0.995586 -0.113241 0.307603 0.435409 0.471759 0.661952 -0.262901 -0.619150 0.392317
0.887881 0.388569 0.747133 0.820920 -0.939062 0.832635 -0.226558 0.772828 -0.194900 0.129544 -0.470741 -0.365562 0.681171 0.982611 -0.917427
0.325304 -0.945429 0.086773 -0.030002 0.707362 0.841333 -0.886409 0.479673 -0.231124 -0.232835 -0.217104 0.822294 -0.341961 0.516090 0.769727
0.029122 0.474686 0.190494 -0.967674 -0.875563 0.461001 -0.742463 0.816526 0.180961 -0.088354 -0.464711 0.901983 0.350125 -0.685029 0.512030
-0.493992 0.548857 -0.848069 0.725738 -0.239533 -0.212235 0.418991 0.215069 0.551731 0.056732 -0.286192 -0.621893 0.460263 -0.217093 0.233416
-0.724167 0.672320 -0.845403 0.999365 0.559067 0.556173 0.127013 0.663220 0.072409 -0.663649 0.065110 0.558961 0.909926 0.204328 -0.297616
-0.228384 0.917257 0.842589 0.746330 0.083542 -0.719707 -0.270455 -0.069291 0.151202 -0.414001 0.548687 0.506427 0.633484 0.570990 0.546578
-0.302440 -0.153066 0.332264 0.727089 0.704735 -0.548180 -0.728952 -0.412931 -0.842415 -0.969703 0.547646 -0.775195 -0.579408 0.398667 -0.948757
0.082726 0.385990 0.462735 -0.143252 -0.880670 -0.232182 -0.553041 0.889343 -0.439138 0.931031 0.994642 -0.598820 -0.537948 -0.303451 0.809076
-0.356485 0.083673 -0.668980 -0.094091 0.545618 -0.405825 0.630149 0.502079 0.943484 0.335305 -0.756549 -0.093396 0.511879 -0.806376 -0.499242
-0.912579 0.650088 0.659319 0.098744 0.317043 -0.029514 -0.280637 0.533461 0.781969 0.128001 0.004038 0.146441 0.190821 -0.345894 0.622230
-0.196890 -0.733074 0.117185 0.476625 -0.121441 0.964717 -0.493385 0.038423 -0.088731 0.528738 0.072308 -0.113933 0.470165 0.237653 0.641442
0.652496 -0.384861 -0.778855 0.483439 0.863426 0.274833 -0.099078 0.670489 -0.604738 -0.653417 -0.814435 -0.154387 0.457493 0.804462 -0.349475
-0.709781 0.539011 -0.230502 0.481574 0.870843 0.702355 -0.364700 0.339378 0.377670 -0.309818 0.245383 0.365522 -0.265117 -0.049270 0.522475
0.922031 0.471422 0.906623 0.196196 -0.696293 0.067703 -0.733505 -0.276763 -0.348625 -0.904619 -0.585827 -0.913232 0.407904 0.072445 0.688152
-0.082336 0.335847 0.507345 0.002368 -0.429365 0.868430 -0.150677 -0.322062 0.580158 0.452891 -0.104292 -0.008719 -0.676652 -0.532831 0.576823
-0.358987 0.849931 0.776230 0.574693 0.221439 -0.289230 -0.424083 -0.540404 0.018976 -0.568706 -0.822417 0.958735 0.944765 0.573727 -0.207681
-0.849063 -0.980334 -0.961305 -0.366182 0.742498 0.856405 0.762242 -0.563220 0.613062 -0.051367 -0.186206 0.228835 0.530151 0.810484 -0.825953
0.819250 0.712376 -0.540224 -0.193636 -0.564328 0.931041 -0.679564 0.915147 0.345908 -0.600533 -0.687827 -0.213760 -0.643241 0.244807 0.269304
0.435690 0.819967 0.775714 0.585461 -0.056925 -0.042273 -0.789601 -0.771741 0.510666 0.861120 -0.276539 0.888264 -0.330532 -0.860131 0.865150
0.711551 0.997767 0.853808 0.688471 -0.682711 -0.067478 -0.101137 -0.927176 -0.865571 -0.293638 -0.913285 -0.681681 0.399049 0.603263 -0.884020
-0.662654 0.581122 0.041398 -0.397978 -0.795625 -0.719668 0.066843 -0.426452 -0.118415 0.452180 -0.210113 0.239931 -0.010161 0.412469 -0.911448
-0.017940 -0.107449 0.417723 -0.029753 0.252892 -0.135921 0.421273 0.170219 0.850438 0.004546 0.686488 -0.401596 -0.918564 0.287320 -0.548374
0.852263 0.454771 -0.927273 0.584341 0.805313 0.044462 -0.325937 -0.054116 0.624298 -0.774274 -0.172309 0.695366 0.833033 -0.083584 0.244180
-0.986381 -0.025704 -0.467082 -0.331189 -0.691295 -0.002435 -0.007891 0.932963 -0.434157 0.652345 0.473590 -0.847263 -0.682401 -0.047554 -0.044356
-0.506878 -0.478398 0.174348 0.868178 -0.739507 -0.265448 -0.011653 0.682412 0.063595 -0.891360 -0.430741 0.313528 0.103421 0.347301 0.272184
0.213810 -0.163748 -0.999970 -0.906570 -0.601085 -0.299920 -0.612042 0.375424 -0.111170 0.187765 -0.073045 0.456579 0.341275 0.842348 -0.342242
0.387269 0.829648 0.860917 -0.377798 0.263481 0.802884 0.514103 0.946264 -0.313063 -0.947969 0.426252 -0.443861 0.150910 0.179880 0.868695
-0.669479 -0.053898 0.992809 -0.247270 0.297648 0.931436 0.437563 -0.703843 0.020158 -0.425619 0.060622 -0.115836 0.195321 0.376581 0.152822
-0.308407 0.304275 0.197285 -0.447528 0.946655 0.058280 -0.896853 -0.678492 0.495241 0.013197 0.523566 0.784023 -0.394984 0.206589 -0.377917
-0.956652 -0.919946 0.225647 -0.453318 0.630864 0.069441 -0.272263 -0.500107 -0.169110 0.828426 -0.363568 -0.442795 0.716361 -0.664502 -0.707856
-0.360905 -0.124927 0.671311 0.472330 0.511627 0.484078 -0.572427 -0.099126 -0.789659 0.212821 0.581743 -0.313694 -0.973182 0.335022 -0.251661
-0.859067 -0.999237 0.354416 -0.702184 -0.682531 0.826780 0.485970 -0.795968 0.514452 -0.180252 -0.048058 0.491653 -0.167921 -0.883903 -0.743576
0.617100 0.499723 0.998767 0.547468 0.868056 0.854709 -0.700104 -0.886330 -0.147159 0.440180 0.781407 -0.980823 0.083224 -0.669439 0.466765
0.038132 0.106176 0.697256 0.731287 0.592377 0.768897 0.022932 -0.242116 -0.868175 0.172011 -0.409534 0.842842 -0.856149 0.330836 0.579657
0.118825 0.460280 0.444592 0.872143 0.000070 -0.991389 0.175548 0.112947 0.838492 -0.592125 0.822653 -0.886124 -0.708201 -0.865321 0.182548
-0.642437 -0.878704 0.729906 0.634202 -0.947967 -0.269616 0.403804 0.269875 0.633942 -0.581481 -0.401286 -0.467190 -0.470011 -0.299244 -0.446795
-0.382059 -0.668036 -0.220279 -0.999986 0.109634 0.740030 0.349068 -0.643222 -0.607911 -0.549285 0.051670 0.015867 -0.170630 0.569790 -0.503952
-0.369566 0.001079 -0.392895 0.525807 0.982394 0.828453 0.363515 0.673130 -0.872560 0.270214 -0.920491 -0.308912 0.919033 0.925559 0.750254
0.030012 0.946309 -0.465005 -0.619531 -0.446229 -0.947184 0.178490 -0.456149 0.139824 0.523110 -0.850170 0.202171 -0.464009 0.749005 -0.834058
0.193007 0.638278 0.530531 0.557679 0.612522 0.882785 0.626709 0.289468 0.987398 0.821137 0.251580 -0.535282 0.859418 -0.972293 -0.803679
0.682477 -0.570782 0.072662 -0.339246 0.636088 0.811298 0.912123 -0.760358 0.473575 -0.046251 -0.695271 0.835639 -0.632634 -0.380151 -0.300639
-0.002894 -0.080864 -0.349480 0.222856 -0.637982 0.713253 0.502376 0.340026 -0.589071 -0.296578 0.167066 -0.217109 -0.484925 -0.543604 -0.216508
-0.862642 -0.273998 0.681263 0.845337 0.491960 -0.743225 -0.831035 0.087112 0.786198 0.938233 0.886394 0.667461 0.208657 0.679529 0.846040
-0.624617 -0.293758 -0.330878 0.641726 0.212457 -0.403273 0.612629 -0.195211 -0.086450 -0.418441 0.614450 0.255804 -0.685739 -0.392904 -0.076642
0.408002 0.416929 -0.305264 0.273834 -0.586623 -0.188404 0.962130 0.009473 -0.018455 0.588576 0.816952 0.651975 0.398797 0.341765 0.744595
0.607328 0.464471 0.554004 0.624988 0.594062 0.812545 0.004294 0.829811 -0.479174 0.978509 -0.868284 -0.803333 0.565947 0.802495 0.672180
0.919466 0.689493 0.942867 0.447338 0.196091 0.052757 0.936506 0.649737 0.892490 -0.740697 0.708716 -0.979958 0.690075 0.838557 -0.464343
-0.424595 0.753767 -0.401603 -0.108344 0.536384 -0.939534 -0.845512 -0.992640 -0.354393 0.253219 0.352453 -0.303752 -0.610850 0.815280 -0.395544
0.167824 0.716762 0.054863 -0.980345 0.309805 0.520086 -0.192398 0.163448 0.611100 -0.525289 0.560903 0.553637 0.106158 -0.908552 -0.653272
0.711409 0.246070 0.910879 -0.614004 -0.465805 -0.047084 -0.678832 0.245686 0.071370 0.623695 -0.954462 -0.428214 0.773050 0.354331 -0.057454
-0.254847 -0.909397 -0.442333 0.232876 0.555043 -0.915180 0.401766 -0.580923 0.916020 -0.940295 0.670076 0.751949 0.571981 0.822962 -0.613758
-0.839474 0.446774 0.906564 0.499929 -0.520665 0.079870 0.051341 -0.816095 0.954096 -0.397588 0.008061 0.736637 -0.236837 -0.726658 -0.387367
0.670470 -0.645170 -0.265186 -0.382984 -0.248504 -0.821675 0.870082 -0.104761 0.913698 -0.568220 0.154749 0.972291 -0.121765 0.443614 0.143463
-0.218967 0.791783 -0.273715 -0.471012 -0.915520 0.072855 -0.419700 0.039493 0.801231 0.538592 -0.181291 -0.095455 0.969075 0.822347 -0.647299
-0.216858 0.698933 0.074204 -0.203596 -0.326345 -0.661155 0.470607 0.450403 0.512899 0.520446 -0.068949 -0.487126 0.206853 0.455948 -0.757838
-0.028758 0.705349 0.709119 0.813051 -0.354643 -0.896536 -0.673988 -0.910892 -0.433509 -0.286581 -0.878325 -0.319205 0.457643 0.725732 0.538203
0.693100 0.357869 -0.779680 -0.250728 0.975831 -0.710603 -0.279195 -0.508473 -0.147786 -0.166429 -0.083596 -0.730672 0.291242 0.247536 -0.965727
0.695084 -0.620887 -0.408285 0.123490 0.328762 0.013618 -0.427091 0.858150 -0.381185 0.891517 -0.581768 0.907491 -0.347842 -0.326582 0.686173
0.986046 0.171667 0.956347 0.013796 -0.110985 0.509903 0.683548 0.273054 0.538098 0.355025 -0.859791 -0.197708 -0.902772 0.688994 0.368358
-0.931444 0.889048 0.760995 0.803846 -0.224246 -0.387482 -0.042130 -0.816593 0.044262 -0.415393 -0.464397 -0.701764 0.954201 0.459927 -0.723512
0.706927 -0.404132 -0.286964 0.499680 -0.905836 0.544055 -0.275234 -0.435691 0.609129 -0.302585 0.629447 0.016858 -0.620006 -0.811639 0.534097
-0.648306 0.659309 0.452279 -0.900310 0.133115 0.078743 0.563990 0.700063 0.583859 0.456805 -0.499075 -0.964300 -0.529749 -0.430745 0.962694
-0.359154 0.734022 -0.549178 -0.329612 0.719366 -0.880605 0.881395 0.408113 0.000668 0.668070 0.253428 -0.151228 0.153201 -0.671503 -0.687752
0.558776 -0.594784 0.486794 -0.503988 -0.907341 0.169349 -0.919610 0.189082 -0.477413 -0.112695 0.755046 0.984432 0.664947 0.790708 0.707593
0.084007 -0.624380 -0.455553 0.343034 -0.183472 0.530131 0.207086 0.377137 0.389914 0.779871 0.189722 -0.723170 0.274840 -0.566631 -0.863116
-0.576346 -0.742641 -0.824534 -0.683375 0.529678 0.283551 0.616463 0.838119 -0.910903 -0.595537 0.733390 0.191483 0.730765 0.361762 0.582173
-0.303788 -0.623258 -0.896818 -0.340908 0.312217 -0.781336 -0.859785 -0.286911 0.199441 0.119349 0.158222 -0.672090 0.740678 0.012533 -0.593057
0.611310 0.543949 -0.962206 -0.527701 0.219254 0.904798 0.528510 -0.775085 -0.132616 0.620695 0.113149 -0.303055 -0.243589 -0.340261 0.203044
0.050836 -0.973839 -0.980511 0.664238 0.606284 0.569575 -0.406504 -0.224077 -0.448146 -0.018112 0.209197 -0.345652 0.180986 0.554233 0.200940
0.306791 -0.344125 -0.475915 0.201736 0.314762 0.627469 -0.754083 -0.621631 -0.470423 0.922876 -0.578089 0.267125 0.923423 0.695009 -0.845309
0.073536 -0.316636 -0.980378 0.469213 -0.681888 0.224544 0.276108 -0.525815 0.956794 0.103699 0.547809 -0.583690 0.229039 0.435773 0.297336
-0.774583 0.975735 -0.127803 0.274041 -0.173230 -0.655256 -0.502194 0.181327 -0.012599 -0.482299 0.297975 -0.969766 -0.867062 -0.076689 -0.456347
-0.819227 -0.331045 0.182953 0.774721 -0.179797 0.562086 -0.232596 -0.127442 -0.613913 -0.114828 -0.152874 0.682010 0.566502 0.368310 -0.855309
-0.029893 0.936240 0.307156 -0.865208 -0.435563 -0.718039 -0.537526 0.427429 -0.061520 0.862085 -0.686115 -0.334624 0.012701 0.544033 -0.882362
0.975151 -0.598395 -0.606031 -0.052262 0.604447 0.914123 -0.546667 0.726460 0.165157 -0.212229 0.183688 -0.905738 0.584626 0.645375 -0.096910
-0.190804 -0.982176 0.858002 0.883464 -0.671080 -0.998663 -0.991769 -0.788225 -0.238596 0.798567 0.940587 0.147858 -0.561226 -0.160168 -0.078035
-0.835719 -0.891822 -0.061653 0.376634 0.287729 -0.887900 -0.182752 -0.139727 -0.307569 -0.704767 -0.625415 0.149594 -0.380826 -0.246528 0.830503
-0.650883 0.339834 0.791688 -0.094256 -0.875334 0.965585 0.938140 -0.263450 0.906766 0.674170 -0.653605 0.899737 0.173670 -0.527913 -0.580927
-0.201810 0.727110 0.499084 -0.763525 -0.198399 0.175561 -0.911164 -0.739582 0.199603 -0.861285 -0.629918 0.466283 -0.804386 0.756268 0.595256
0.182303 -0.182680 -0.072855 0.852902 -0.321430 0.400711 -0.080923 -0.830980 -0.530993 -0.617429 -0.111290 -0.670319 0.130660 0.008061 0.797313
0.760531 -0.829613 -0.342831 0.186498 -0.438756 0.997384 0.702954 -0.755098 0.442783 0.825567 -0.796523 0.712619 0.649671 0.126140 0.500863
0.402592 -0.200904 -0.191682 0.126956 0.983498 0.497831 -0.488313 0.920984 0.051419 -0.113074 -0.781242 -0.095776 0.201705 -0.822463 -0.601151
0.113420 -0.049042 0.041692 -0.482842 -0.625277 -0.622492 0.619783 -0.835015 0.346722 0.299909 0.018527 -0.952800 -0.331461 0.486025 -0.317514
-0.306047 0.186403 0.958532 -0.138459 0.520959 -0.976471 0.680289 0.634250 -0.208638 0.894064 0.711798 0.522608 -0.607159 -0.950549 -0.372070
-0.778999 0.790839 -0.896229 -0.897828 -0.788706 -0.100553 0.516167 -0.842384 0.625708 -0.584885 0.517845 0.611230 0.923149 0.188852 0.289012
-0.906906 0.227565 0.686130 -0.707238 0.577517 -0.103135 -0.522904 0.458250 -0.965371 0.147158 0.217344 0.053712 -0.863967 -0.718233 0.151877
0.405615 -0.523103 -0.138085 0.799195 0.951420 -0.249527 0.209011 0.837039 -0.290270 -0.377953 0.527264 -0.524888 -0.801857 -0.771816 0.532572
-0.469894 0.683449 0.830226 -0.461812 -0.217513 -0.599470 0.631801 0.630537 -0.891746 0.111566 0.620554 -0.646420 -0.090239 0.899497 0.285436
-0.726034 0.199503 0.587704 -0.402075 0.330394 0.401684 0.256415 -0.626593 -0.581910 0.099548 -0.454289 0.263570 0.657052 -0.531339 0.300163
-0.318286 0.191655 -0.224712 0.564908 0.690058 -0.332869 -0.360475 0.136194 0.300519 0.941347 -0.618025 0.455293 0.466053 0.467571 0.570350
0.494210 0.743230 -0.657321 -0.180934 -0.026817 0.002729 0.404451 -0.567498 0.371089 0.211717 0.106251 -0.210569 -0.956189 0.379839 0.833554
-0.913310 -0.123807 -0.206850 -0.206777 0.287557 0.326953 -0.042310 -0.743489 -0.725576 0.276593 0.574280 0.115774 -0.244941 0.168440 0.207593
0.720509 -0.961804 0.440551 0.321029 -0.890792 0.512136 0.130672 -0.850765 0.912360 -0.204071 -0.920400 0.645030 0.325370 0.902583 -0.185106
-0.572667 0.393071 -0.063159 -0.544219 0.816413 0.285199 0.682697 0.219184 0.533513 0.860972 -0.031908 0.679851 0.681630 -0.296492 0.140952
-0.364576 -0.014398 0.277545 0.028409 0.889208 0.664293 0.300847 0.042453 -0.766335 -0.360781 0.659720 0.003633 -0.310703 -0.685861 -0.683548
0.105291 -0.261374 -0.540701 -0.445792 0.122603 -0.079058 -0.014735 -0.805744 0.448389 -0.537369 0.350653 -0.971566 0.604498 -0.073467 0.971750

Bias v0 (Oculta):
-0.717946
-0.987744
0.325075
0.096979
0.125927
0.052842
0.655695
-0.756323
-0.666326
0.050078
-0.469854
-0.728935
-0.156994
0.716972
0.259616

Pesos w (Oculta -> Saída):
-0.617615 0.391685
0.902843 0.724306
0.781906 0.253365
0.086904 -0.448630
-0.995899 -0.331990
0.490408 0.761885
-0.677173 -0.577413
0.663713 0.993465
-0.429697 -0.952500
-0.849525 -0.773277
0.488008 0.988786
0.657474 -0.832406
-0.035725 0.416065
-0.069360 -0.591806
-0.416314 -0.762102

Bias w0 (Saída):
0.728201
-0.861027
