Pesos v (Entrada -> Oculta):
0.721238 0.510758 0.420921 0.407702 -0.779339 -0.197399 0.703411 0.801039 0.783098 0.381857 0.798786 -0.307793 -0.873411 -0.973256 0.756351 -0.641368 0.614598 0.428098 -0.034331 0.742024 0.380813 0.412098 -0.069425 -0.097299 -0.491379 -0.699302 -0.160189 0.154807 0.582226 -0.799703 0.068489 -0.113480 0.812344 -0.771128 0.859411 -0.828746 -0.792207 -0.649524 -0.546668 0.304537 -0.667317 -0.241384 0.438231 -0.340578 0.718315 0.510559 0.556747 -0.661740 0.336631 0.786318
-0.787428 0.507042 -0.581052 0.325820 -0.695334 -0.094013 -0.781944 0.196200 -0.811428 0.217021 -0.119506 0.032496 -0.813971 0.078800 -0.770110 0.307913 -0.266106 0.899067 0.444403 0.742454 -0.950713 -0.326626 0.013855 0.299138 0.357327 -0.153603 -0.206605 0.435272 0.857317 -0.401967 -0.770510 -0.534376 0.718195 0.057579 0.378970 -0.782440 0.596266 -0.972326 0.139525 -0.119655 -0.739950 -0.099803 0.754681 -0.647089 -0.691852 -0.191086 0.780965 0.624949 -0.924282 -0.873598
-0.729183 0.736251 -0.823247 0.056056 0.922987 0.461714 -0.835524 -0.187236 -0.633462 0.615466 0.648086 0.869716 -0.700762 -0.071498 -0.230684 0.758393 0.085722 -0.443460 0.349156 0.544273 -0.501076 0.444747 0.821680 0.922656 -0.069638 0.812341 -0.298664 -0.291492 0.645183 -0.309148 -0.227147 -0.713239 -0.204435 0.297620 -0.326678 0.288359 0.543156 0.826133 0.091355 0.336501 -0.925666 0.838319 -0.910554 0.437569 -0.122297 -0.842638 0.113888 0.709467 -0.449175 0.004879
0.014029 0.441782 -0.969290 0.546323 -0.136709 -0.777570 0.010128 -0.987199 0.889614 0.138399 0.890513 0.455946 -0.856406 0.764927 0.167351 -0.525326 0.654831 0.321645 0.549211 0.340181 -0.107235 -0.503960 -0.335639 0.657234 0.330876 -0.682100 0.281361 -0.093991 -0.864212 -0.608057 0.784171 0.360833 0.490427 0.586405 -0.763229 0.345315 -0.419742 -0.092809 0.902949 -0.442231 0.383478 -0.574065 -0.286232 0.117343 0.856736 0.550608 -0.852732 -0.633177 -0.557700 0.686339
-0.936256 0.009537 -0.386069 0.539842 -0.600928 0.124270 -0.925468 -0.318757 0.935484 0.322805 -0.326302 0.052293 0.230147 0.926155 -0.838586 -0.516278 0.096670 -0.712243 0.060695 -0.622724 0.578539 -0.306008 0.164205 -0.749729 -0.051575 -0.996731 0.427117 0.716139 0.516373 -0.842538 0.290810 0.359975 -0.163202 -0.823014 -0.990086 0.452118 -0.774580 0.093871 -0.868336 0.993410 0.588814 -0.312015 -0.944057 0.846233 0.770758 0.505780 -0.690199 -0.897258 0.988068 -0.122728
-0.133945 -0.025076 -0.013179 -0.305640 -0.105954 0.188996 -0.253396 -0.195389 0.881960 -0.625284 -0.128832 0.160470 0.569853 0.467532 0.736006 0.114056 0.526537 -0.416546 0.137886 -0.323597 0.759395 -0.173279 -0.073589 -0.636309 0.574545 0.951975 -0.925624 0.618116 0.856309 -0.787531 -0.415323 0.399278 0.764955 0.489763 -0.782580 0.635619 -0.560487 -0.837951 0.269265 -0.856894 0.816697 0.251490 -0.026507 0.068042 -0.116134 0.481276 -0.095231 0.644732 0.804879 -0.534308
0.442358 0.702657 -0.527026 0.160629 0.097239 0.846942 0.969665 0.413411 -0.195850 -0.081115 -0.720349 -0.261340 -0.942406 -0.789516 0.014006 0.789796 0.639949 0.050436 -0.186553 -0.916644 0.713036 0.030517 0.305648 -0.957263 -0.875054 0.973943 0.607771 0.160002 -0.715658 -0.349908 -0.742423 -0.790211 -0.176509 -0.139046 0.390943 0.172153 0.530579 0.295106 -0.680202 0.046603 -0.564858 -0.944962 -0.605811 -0.156053 -0.319041 0.112959 0.026907 -0.998147 0.514911 0.847083
0.468193 -0.325671 0.196824 0.706411 0.767265 0.659665 -0.858058 0.931157 -0.899956 -0.837782 -0.941606 -0.754482 0.425991 -0.315368 0.250572 0.805587 -0.671741 0.208821 0.691296 -0.481310 0.309653 -0.888760 -0.767692 0.901950 0.556764 -0.751372 0.230567 0.503161 0.551736 -0.861450 0.670299 0.602890 0.137922 -0.544322 0.455149 -0.052637 0.955052 -0.315631 -0.441714 -0.114071 0.171719 0.862779 -0.879757 -0.530376 -0.755064 -0.351321 0.218776 -0.571856 -0.559615 -0.312986
-0.859704 -0.738006 0.068917 0.320603 -0.575516 -0.560381 0.215742 -0.942967 0.539376 -0.674677 -0.598885 0.276162 0.958583 -0.038007 -0.944792 -0.215224 0.573998 -0.446951 0.278689 0.898782 -0.392058 -0.300733 0.685533 0.527784 0.286624 -0.678963 -0.145097 0.364438 0.131954 -0.576050 -0.270985 0.150708 0.675736 0.854194 0.745604 -0.920533 0.078149 -0.950526 0.060895 -0.024592 0.500856 0.190829 -0.854061 0.922877 -0.111127 0.851248 -0.117864 0.857027 -0.415850 0.925368
0.858181 0.964420 0.881861 -0.534997 0.579566 -0.598550 -0.893655 0.873763 0.528797 -0.707150 0.637197 0.854208 0.445015 -0.171889 -0.037316 0.539908 0.225675 0.090469 -0.113536 -0.839862 0.123003 -0.856258 -0.404467 0.602894 0.689670 0.200976 -0.007020 0.139050 -0.005025 -0.286745 -0.599421 0.836820 0.485243 -0.522403 0.949044 0.666004 0.141413 0.514364 0.458644 -0.327412 -0.229414 0.262863 0.668543 -0.733035 -0.484610 -0.375397 -0.146027 -0.009986 0.319107 0.610667
0.163164 0.429301 0.449105 -0.173126 -0.379431 0.533928 -0.839502 -0.048274 -0.424232 0.571267 0.293909 -0.204571 0.083841 -0.776772 -0.108278 -0.703747 -0.941971 -0.513964 -0.522856 0.194860 -0.234028 0.970256 -0.569689 0.205226 0.349887 -0.565941 -0.420994 -0.616138 -0.453679 0.436186 -0.035224 -0.250209 -0.886877 -0.090262 -0.957904 0.640274 -0.625843 0.880272 -0.691894 0.958622 -0.701604 0.394098 0.658266 -0.845507 0.598854 0.116485 0.133842 -0.252470 -0.528065 -0.647339
0.411212 -0.707527 0.464303 -0.734465 -0.232130 -0.609513 0.847001 0.977380 0.295282 0.311566 -0.553724 0.936902 0.788284 -0.298003 -0.115913 -0.773234 -0.227279 0.448435 -0.000931 -0.455688 -0.965697 0.901174 -0.465711 0.439238 -0.372710 -0.175668 -0.353144 -0.459862 -0.788135 0.135226 0.942760 -0.965397 -0.807577 -0.077153 0.570394 0.359192 -0.891997 0.315912 0.874867 0.557226 0.892474 0.456431 -0.594132 0.852962 -0.666661 -0.540619 -0.097563 -0.210342 0.882536 -0.197951
0.189311 -0.493417 -0.428745 0.955309 -0.201632 0.311209 0.304958 -0.849913 0.010329 0.522942 -0.901918 -0.236784 -0.563783 0.921471 0.334830 -0.248618 0.983852 -0.622068 -0.250869 0.604066 0.545830 0.438776 -0.642141 0.620513 -0.945997 0.456139 -0.819041 0.555313 -0.191864 -0.170228 -0.685701 0.419095 -0.745977 0.178353 0.527752 0.243900 -0.004497 0.673150 0.858914 -0.052888 0.159655 0.111289 -0.833406 0.139344 0.219752 -0.975764 -0.607618 -0.386907 0.425923 0.300261
-0.182109 0.218094 -0.549846 0.396973 -0.917067 -0.607521 -0.402762 -0.635658 -0.545212 0.201603 -0.816870 0.544067 0.741198 0.238038 -0.944926 0.128497 -0.599401 -0.321354 -0.705415 0.745705 -0.425440 -0.045487 -0.298476 0.387102 0.168952 -0.047968 -0.716794 0.202339 0.268283 0.457758 -0.576173 0.875592 0.555880 -0.268540 -0.846378 0.132276 0.069778 0.220550 0.547373 -0.678827 -0.694796 0.785717 -0.892138 0.311377 0.292020 -0.403958 0.132952 0.868382 0.270405 0.701605
0.569217 -0.701138 -0.733096 -0.091574 -0.134608 -0.677882 -0.544835 -0.288941 0.569009 -0.882048 0.413595 0.948003 -0.131067 -0.336452 0.184717 0.900005 -0.722553 -0.204138 -0.412054 0.689270 -0.766719 -0.876515 0.007309 -0.765635 -0.178770 -0.802953 0.772964 0.710984 0.487260 -0.861211 0.282046 -0.493142 0.041722 -0.389734 -0.459280 -0.961302 0.352869 0.079762 -0.647818 0.244926 -0.881254 0.448267 0.247012 -0.559293 0.166651 0.516375 0.696694 -0.182468 -0.695579 -0.469033
-0.461047 0.129703 0.112807 -0.224885 -0.393255 -0.812095 0.877433 0.926129 -0.262534 0.152702 -0.205675 0.611167 -0.515059 -0.972987 -0.160119 -0.620456 -0.860791 0.041268 0.604923 -0.719702 0.600567 -0.482558 -0.412843 0.716569 -0.455770 0.430541 0.648331 0.916988 0.285531 0.014594 -0.221937 0.849832 0.814707 0.012798 -0.959331 -0.915058 0.323652 0.901431 0.749265 0.295327 0.987719 0.438004 -0.992845 0.291884 -0.523873 0.917580 0.890105 0.790617 -0.559008 -0.713213
-0.695692 -0.066021 0.512201 -0.265316 -0.992641 0.233635 -0.672084 -0.587272 0.937565 -0.461083 0.554193 -0.217691 -0.048265 -0.830117 0.956820 0.470591 -0.868482 0.579712 0.852595 -0.358578 -0.645890 0.991032 0.113470 -0.585924 -0.069598 -0.563801 0.458552 -0.971136 0.009562 0.572941 0.155972 0.060804 -0.588405 0.106007 0.869172 -0.085975 0.142496 0.260568 -0.324825 0.595212 0.212599 0.385025 0.332393 0.204451 0.235054 0.272004 0.523344 0.959852 -0.376680 -0.850428
0.725051 -0.550904 0.807342 0.474808 0.212747 -0.366877 0.348613 0.773529 0.004767 -0.033465 -0.305325 -0.987232 0.445674 0.204148 -0.206740 -0.775640 0.647448 0.507775 -0.083000 -0.249822 -0.008488 -0.893624 -0.094332 0.191400 0.141285 -0.339910 0.612925 -0.364479 -0.063570 0.481184 0.078889 0.569824 0.992809 0.294486 0.991224 -0.925116 -0.758812 0.869354 -0.976542 0.026465 -0.555989 -0.733971 0.443695 -0.304483 -0.482941 0.980437 -0.314898 -0.896033 0.513729 0.249373
0.890824 0.587311 0.345499 0.018845 -0.134973 -0.647892 -0.561429 0.977679 0.799532 -0.998197 -0.780946 0.887535 0.105101 0.197025 0.636583 -0.326960 0.422262 -0.981083 -0.748813 -0.718278 -0.206440 -0.813728 -0.052913 0.356469 0.735399 0.990178 0.242226 -0.215783 0.139595 0.394050 0.544483 -0.579806 -0.060130 0.723207 0.152302 -0.749758 -0.466369 0.788698 0.935407 0.219551 0.459884 0.382555 0.034165 -0.907291 -0.080323 0.623747 -0.019592 -0.285274 0.194045 -0.794950
-0.967756 0.347997 -0.503072 -0.659475 -0.351672 -0.566875 -0.489627 -0.625230 0.818874 -0.857709 -0.946765 0.098569 0.527243 -0.095313 0.564977 -0.011553 -0.016400 0.193118 -0.984598 -0.648893 0.643433 -0.319577 0.612816 0.585492 -0.834429 0.521152 -0.681442 -0.068203 -0.723960 0.981939 0.677735 0.885670 0.386279 0.192909 -0.266995 -0.384089 0.905537 -0.350636 0.127646 -0.825627 0.057531 0.579346 0.168870 -0.678934 -0.949709 0.688578 0.380851 0.036209 0.974684 -0.108676
-0.385992 -0.037137 -0.203322 -0.240615 0.632380 -0.090356 -0.603305 -0.395680 -0.601183 0.609009 -0.657518 -0.425643 0.774391 0.921639 0.541944 0.669758 0.066587 0.792809 0.612982 0.787444 -0.093365 -0.664785 -0.723669 -0.929854 -0.258849 0.443224 -0.173939 -0.022765 0.175371 -0.532283 -0.337189 -0.606769 -0.356990 0.997174 0.090529 -0.951754 -0.427892 0.602320 -0.703435 -0.916050 0.666790 -0.725817 0.959428 0.930211 -0.728473 -0.104888 0.593154 0.824341 0.407122 -0.314008
0.231681 0.577429 -0.867084 0.212809 0.643483 0.034834 0.338239 0.132333 0.022904 -0.733947 -0.740866 -0.787827 -0.882156 0.206309 0.961108 -0.096386 0.134234 0.845096 0.085250 0.712858 -0.826133 -0.247865 -0.765682 0.879985 -0.621207 -0.013160 0.276180 0.122128 -0.036658 -0.705470 0.236177 0.490949 0.723636 0.143704 -0.994203 0.365850 0.848950 0.688146 -0.982193 0.334333 0.912640 0.623095 -0.067007 0.776313 -0.352710 -0.501083 0.245776 0.578512 0.457754 -0.266302
-0.548235 0.743789 0.450661 0.782189 -0.914442 -0.202015 0.648081 -0.871310 -0.138413 -0.557821 -0.799693 -0.742768 0.629104 -0.666689 0.273617 0.077786 0.042565 0.119747 -0.017811 -0.819853 -0.294141 -0.269523 0.480199 -0.874028 0.530567 0.695697 -0.930813 -0.821891 -0.202619 -0.064327 -0.390542 0.155560 -0.877361 0.167315 -0.530317 0.569390 -0.578370 0.155477 0.145833 -0.190147 0.943497 -0.851091 -0.978244 0.963147 0.566677 0.407953 0.557983 -0.125978 0.628949 -0.409589
0.565082 -0.531133 0.935395 -0.530442 -0.128359 -0.066665 0.627081 0.647989 0.152368 0.257157 0.107871 -0.574952 -0.369578 -0.240717 -0.012746 -0.600850 -0.367979 -0.556119 -0.818633 0.760391 0.160213 -0.476291 0.386507 -0.863299 -0.195442 0.111503 0.430373 -0.153124 -0.605054 -0.758563 0.875918 -0.946884 -0.132831 -0.870704 -0.741396 -0.925433 0.379576 0.634900 0.944256 0.522700 -0.702604 0.334286 -0.868259 0.663969 0.432449 -0.333015 0.177491 0.775102 0.078714 0.604401
0.084777 -0.625590 -0.851021 0.828986 -0.091556 -0.813938 -0.383515 0.491187 0.802811 0.200310 -0.739398 -0.558365 -0.626092 -0.352686 -0.793965 0.034668 -0.201777 -0.761935 0.887129 -0.208865 0.243382 0.987318 -0.034521 -0.496487 0.255334 -0.845980 -0.842297 -0.922542 -0.360461 0.587434 -0.086302 0.217989 0.818923 -0.880066 0.790008 -0.889241 0.151365 0.895049 0.043119 0.346509 0.479311 0.737666 -0.467132 0.718163 0.407684 0.522010 -0.583652 -0.429888 0.972515 -0.172424
0.848493 -0.610606 -0.726822 -0.363436 -0.787983 0.871800 -0.526712 0.822544 0.689677 0.900206 0.432603 0.759340 0.851921 -0.471421 0.691230 0.306292 -0.683605 -0.602600 0.404085 0.293164 0.940745 0.316574 -0.130258 -0.635196 0.576231 0.614989 -0.278023 0.088007 0.678773 -0.600435 -0.604537 0.845328 0.826462 0.193774 0.711330 -0.171049 -0.563215 0.569011 0.100057 -0.004495 0.651306 -0.646728 -0.426896 -0.018983 0.815127 -0.576416 0.345949 -0.616032 0.900299 0.308124
0.686861 -0.700925 -0.962984 -0.491141 -0.201996 0.250623 0.532810 -0.485303 -0.896725 0.350595 0.304187 -0.274393 -0.880568 0.676814 0.035009 -0.546969 0.492042 0.743886 -0.845208 -0.667292 0.503974 0.905453 -0.624646 -0.790505 -0.249907 0.687775 -0.980389 -0.820764 -0.264510 0.707708 -0.417937 -0.770690 0.917375 0.953894 0.552935 0.121828 -0.683044 0.991469 -0.562191 -0.562483 0.966338 -0.820108 0.483332 -0.486519 -0.170285 -0.017881 0.900727 0.368399 0.739689 -0.520369
0.327302 -0.355593 0.099044 0.886585 -0.167299 0.406873 0.061961 0.386400 0.691915 0.023077 -0.235846 -0.064857 0.992559 -0.425751 -0.619152 0.579961 -0.408726 0.378773 -0.856192 -0.179955 -0.639886 -0.867895 -0.851698 -0.422337 0.055712 -0.977470 -0.145203 0.117764 -0.359510 0.456938 -0.037094 -0.091640 -0.438532 0.499069 -0.257765 0.583279 -0.019563 0.402730 -0.800529 0.298383 -0.714295 -0.808937 0.501161 -0.722250 0.156494 0.073641 0.589923 0.004061 0.904196 0.510331
-0.913207 -0.080641 -0.474965 0.993044 -0.238834 0.202153 -0.227577 -0.346694 -0.295072 0.146134 -0.959005 0.333442 0.215709 0.211841 0.783191 0.652383 -0.200478 0.405361 -0.796958 0.252415 -0.453098 0.240941 0.141614 0.513075 -0.190117 0.287503 -0.711579 -0.516067 -0.138410 -0.493708 -0.185409 -0.371212 -0.170661 -0.144354 0.315913 0.067537 -0.491621 0.818078 -0.092578 0.738248 0.719793 0.788658 0.010900 -0.920602 0.414941 -0.731084 0.723811 -0.272901 -0.432951 -0.573708
0.538028 -0.473337 0.936510 0.331719 0.312388 0.964776 0.588424 -0.075912 0.475447 -0.567374 -0.155141 0.894246 -0.174343 -0.651905 0.740146 0.635577 -0.805821 0.529781 -0.294267 0.654873 -0.311737 -0.416218 -0.989712 -0.487154 -0.868634 -0.663968 0.697881 0.637077 0.097078 -0.080665 -0.178785 -0.094805 -0.948379 -0.185030 -0.576578 0.725164 -0.248447 0.339584 -0.055457 -0.828591 0.701954 0.664708 -0.322104 0.790979 0.595918 0.181152 0.048081 0.269118 0.799607 -0.777362
-0.143974 -0.638796 -0.368399 0.096710 -0.370298 -0.368578 0.620376 -0.691151 0.433925 0.788923 0.782599 0.381637 -0.176864 -0.885701 0.928706 -0.749730 -0.736646 0.721926 -0.296566 -0.996784 -0.237127 -0.616727 -0.940561 0.317104 0.990064 -0.596429 0.283073 0.024981 -0.649041 -0.405748 0.458368 0.745192 -0.418470 0.374145 0.002855 0.332682 0.929300 -0.831947 -0.453255 0.795227 -0.155639 -0.747829 0.130585 -0.023405 0.192941 -0.474161 -0.711935 0.520785 0.953160 0.226150
-0.508365 0.555076 0.020907 -0.572229 -0.518629 -0.122706 -0.251103 -0.260309 0.941727 -0.233955 0.220909 -0.818477 0.078988 -0.279242 -0.948748 -0.333462 0.952510 -0.932274 -0.954618 -0.596703 -0.700489 -0.139097 0.519682 -0.099446 0.217496 0.376008 -0.805868 -0.287791 -0.133155 -0.915584 -0.280585 -0.488684 -0.787830 0.018669 -0.079236 -0.260057 0.898721 0.964360 -0.456953 -0.541064 0.799609 0.537070 -0.090300 -0.376690 -0.584379 -0.683039 -0.671344 -0.044312 0.471509 0.850205
0.054654 -0.550409 0.820677 0.230807 0.470157 -0.435747 0.576733 -0.778888 -0.854203 0.512105 -0.771072 -0.636562 0.441614 0.824215 0.715497 0.452350 -0.370745 -0.712402 -0.886013 -0.367245 0.922346 0.472018 0.636732 0.076557 -0.629855 -0.946217 0.632848 0.449863 -0.779205 -0.764674 0.076929 -0.446453 0.121269 -0.648868 -0.821497 -0.894177 -0.221567 0.016171 0.237656 0.768562 0.115585 -0.427263 0.154835 -0.085883 0.193690 0.881418 0.653604 0.414286 0.801590 0.994305
0.570371 0.673272 0.561187 0.332587 0.727049 0.812378 -0.493433 0.410949 0.105558 -0.039744 -0.372508 -0.066083 -0.165892 0.325591 0.525157 -0.226628 -0.116315 -0.358952 -0.741916 0.853507 0.248720 0.147558 0.633096 0.299458 -0.801787 0.607358 0.511636 0.647446 -0.630365 -0.154427 0.073198 0.148017 0.255486 0.252477 0.053030 -0.772690 -0.239041 0.637819 0.165406 -0.750767 -0.102483 -0.841584 -0.106887 0.982214 0.854649 -0.926205 0.957019 0.536052 0.506817 -0.728030
0.465736 -0.476177 0.037365 0.447235 -0.652952 -0.297794 -0.366092 0.225571 -0.381259 -0.438033 -0.881878 0.906839 -0.258565 0.231180 -0.420327 -0.344397 -0.245074 0.311736 -0.218356 -0.381098 -0.113446 0.671912 0.666378 -0.455109 -0.416808 -0.005945 -0.773041 0.771951 -0.492188 0.041685 0.610758 -0.110929 0.796122 0.474787 -0.435267 0.365915 -0.626213 0.876636 0.723123 0.775697 -0.925714 -0.186633 0.188185 0.285853 0.858857 0.783501 -0.984137 0.525553 0.962878 -0.577271
0.748862 -0.485667 0.189594 0.375583 -0.102825 0.311073 0.799950 0.572090 0.465030 -0.229205 -0.477596 0.325634 -0.146149 -0.714605 -0.527601 -0.767432 0.663828 -0.369105 -0.437833 0.002759 0.041322 -0.805736 -0.197135 -0.075420 0.325271 -0.541380 -0.372245 -0.256115 0.333337 -0.384014 -0.836563 -0.553216 0.056402 -0.604212 0.402776 0.252768 -0.984477 -0.432919 0.745905 -0.627277 -0.110328 -0.602266 0.776642 0.761649 0.863416 0.276236 -0.096698 0.126187 0.706759 -0.648376
-0.805470 0.240411 -0.410221 0.626472 0.737463 -0.172689 -0.301435 -0.095063 -0.055647 -0.871901 -0.346317 0.118767 0.774815 -0.502655 0.901269 0.086685 0.257314 0.591350 -0.144167 -0.320517 0.066012 0.116216 0.183010 0.585540 -0.344946 0.396593 -0.761262 0.121025 0.507589 -0.707126 0.314309 -0.886833 0.927143 -0.389523 0.838571 0.555497 0.081009 0.002715 0.135572 0.913515 -0.017815 0.234608 0.474143 0.987003 0.866704 0.343782 0.526982 -0.815455 0.534070 -0.794931
0.957357 0.596743 0.901849 0.772176 -0.771531 0.573101 0.071109 -0.724768 -0.178246 -0.654961 -0.361485 -0.881405 0.065076 -0.728845 0.316697 0.361794 0.883248 0.320268 -0.744522 -0.098628 -0.466697 0.315973 -0.294296 0.168811 0.008488 -0.725516 0.420763 -0.076598 -0.947346 -0.211655 -0.382346 0.453237 0.184673 0.496902 0.007299 -0.213474 0.404292 -0.690835 0.511431 0.518014 -0.111897 0.720515 0.065091 0.942305 0.895178 0.640348 0.995350 -0.922103 -0.375262 -0.925086
0.491298 -0.461630 -0.631348 -0.078871 0.610156 -0.798342 -0.615835 -0.796027 -0.128935 -0.293966 0.514478 0.311625 0.719213 -0.701020 0.855526 0.069225 0.939035 0.492321 -0.047575 0.733112 -0.039774 -0.151685 -0.270291 -0.547061 0.347553 -0.926738 0.860186 0.214850 -0.592112 -0.822882 0.663441 -0.013326 -0.969583 0.304409 0.550999 0.419109 0.257060 0.339562 -0.860250 0.856267 0.899634 0.222522 0.849744 -0.480014 -0.456193 -0.041832 0.680069 -0.246803 0.438397 -0.091384
0.479935 -0.132668 0.695947 0.995534 -0.323937 0.289549 0.410596 0.155204 -0.947050 0.646066 0.507952 -0.697045 -0.672782 0.988743 -0.817779 -0.237278 0.403532 -0.931757 0.293511 -0.881642 -0.873640 -0.781969 -0.329475 -0.319684 0.852172 -0.635247 -0.311817 -0.212983 0.210772 -0.464891 -0.318236 0.737517 0.573349 -0.615564 0.492327 0.642634 0.783483 0.185750 -0.921554 -0.986625 0.922603 -0.977406 0.342506 0.599231 -0.977185 0.466036 -0.493571 0.153707 0.010912 -0.993378
-0.077284 0.058382 0.965952 -0.595319 -0.953344 -0.352564 -0.211083 -0.674290 0.521881 0.739856 0.033805 -0.759099 0.515782 -0.769988 -0.389140 0.765087 -0.695582 -0.177009 -0.830881 -0.285159 0.418746 0.245072 -0.421617 -0.861681 0.907138 -0.751956 -0.474441 0.810617 0.717943 0.031203 0.452356 0.533085 0.877458 -0.446522 -0.734253 0.789045 0.329021 -0.578605 -0.825169 -0.982430 -0.378196 -0.646158 0.017350 -0.553978 -0.516832 -0.204308 -0.257741 -0.190530 -0.150537 0.314857
-0.937640 -0.545230 -0.477062 -0.861141 0.878321 0.428150 0.689375 -0.188879 -0.454610 -0.848383 -0.300242 -0.630631 0.201620 -0.440968 0.199909 -0.979560 -0.488998 -0.930301 -0.555788 0.011032 -0.292257 0.971640 0.448927 -0.228781 0.845763 -0.817940 -0.734808 -0.061575 -0.600293 -0.865091 -0.809955 0.927576 0.000927 -0.318378 0.925219 -0.845271 0.209496 0.444555 0.988381 0.699191 -0.060377 0.757602 0.099065 0.059896 0.259158 0.784839 0.091376 0.646584 0.392175 0.200782
0.619603 0.423690 0.543560 -0.307080 0.176062 -0.592000 0.718900 -0.807848 -0.153967 -0.612539 0.912062 -0.269062 -0.815206 0.215072 -0.584031 -0.605821 -0.118261 -0.298087 0.530746 -0.209589 -0.438604 0.680934 0.694791 -0.863121 0.221703 0.490893 -0.600314 0.879586 -0.775656 0.592965 -0.982816 -0.559263 -0.634974 0.211394 -0.531957 -0.928234 0.119831 -0.670024 -0.268209 -0.949077 -0.943347 0.399224 0.145693 -0.440521 0.352087 0.133722 0.546533 0.155719 -0.108436 -0.274875
0.986984 0.127848 -0.011239 0.494558 -0.999374 -0.229904 0.977753 0.577801 0.970654 -0.934115 0.685442 0.622020 -0.179641 -0.379862 0.183244 0.644796 -0.912727 0.730229 -0.847442 -0.914275 -0.855044 0.504015 -0.277136 0.747462 0.733102 -0.115932 0.829459 0.710539 0.933763 0.829671 0.497342 -0.076491 0.838069 -0.110154 -0.276923 0.343452 0.636685 -0.238785 0.142017 0.731410 0.372274 0.480957 -0.205482 0.600622 0.163996 -0.211293 -0.739842 0.786388 -0.480355 0.973953
-0.835129 -0.850642 -0.240175 0.815385 -0.478729 0.635865 -0.235715 0.156077 0.405020 -0.801031 -0.003222 0.142522 -0.298824 0.514186 -0.210650 0.858922 -0.594233 0.868982 -0.913794 0.170865 -0.035964 -0.280157 -0.532421 -0.466932 0.754768 0.182510 -0.728730 -0.958885 0.869509 0.605655 0.685979 0.668583 -0.062452 -0.163657 -0.805486 -0.575433 0.622258 0.000599 -0.514421 -0.465819 0.973058 0.631921 0.541438 0.564249 -0.795646 -0.233918 -0.622739 -0.181759 0.796030 0.364557
-0.900455 0.010286 0.821198 -0.410241 -0.460669 0.711219 -0.858133 0.247347 -0.540887 -0.604115 0.439523 -0.894829 -0.310742 0.731143 -0.633368 0.097565 0.262174 -0.080866 -0.998689 0.256683 0.975893 -0.996525 -0.794139 0.285670 0.872311 -0.423859 -0.675803 0.320563 0.528068 -0.457705 -0.608532 0.469558 -0.808220 -0.141717 -0.222505 -0.050381 -0.372388 0.223284 -0.218337 -0.781642 -0.329799 0.746396 0.452922 -0.423864 -0.287036 0.588487 0.418876 0.055744 -0.792260 -0.509917
0.228577 0.829877 -0.738310 0.616626 -0.349133 -0.340142 -0.012370 0.368840 0.637682 0.750175 0.550302 -0.003238 -0.000213 -0.994277 0.715241 0.999670 -0.460321 0.489834 -0.978953 0.689334 -0.916310 0.199905 0.020781 -0.549618 -0.846222 0.651856 0.967128 -0.362988 0.760660 0.865471 -0.852146 -0.200831 0.614597 -0.114603 0.960443 -0.385496 0.077522 -0.062921 -0.788695 0.216108 0.376979 0.200080 -0.819452 0.647899 0.873778 -0.922290 0.152578 0.874373 0.991260 -0.909131
0.404824 -0.362563 -0.060553 -0.568872 0.858948 -0.772443 -0.871039 0.234702 -0.172268 -0.254665 -0.227266 0.035840 -0.988085 0.049031 0.056504 -0.358770 0.432365 0.756771 -0.782683 -0.608206 0.923544 0.898393 0.815154 0.953413 -0.265675 -0.801447 -0.594889 -0.742267 -0.965504 -0.111096 0.938483 -0.955822 0.978042 -0.560144 -0.565879 0.959381 0.612067 0.920073 -0.407566 -0.943710 0.497203 -0.251873 -0.532606 -0.966236 -0.779297 0.174741 -0.308229 0.626597 -0.231660 -0.889379
-0.615391 -0.097775 -0.106125 -0.935093 -0.506690 -0.259112 -0.295417 -0.363265 -0.519954 0.028145 -0.256313 -0.349915 0.729689 -0.716578 0.728018 0.524055 -0.644240 -0.208892 -0.575692 -0.798186 -0.231876 -0.755480 0.472488 -0.473189 0.614051 -0.421377 0.883688 0.930420 0.147881 -0.682791 0.808110 0.869073 -0.185796 -0.527178 -0.452171 -0.165218 0.752643 0.583174 -0.456408 -0.384947 -0.546534 -0.603611 -0.715369 0.399067 0.075181 -0.341273 -0.265208 0.519097 0.212588 0.293031
0.564631 -0.885270 -0.693141 -0.941294 0.639843 0.544072 -0.349030 0.650184 0.894108 0.750577 0.273080 0.135313 -0.693353 0.985924 0.117355 -0.460576 0.239730 -0.388768 -0.988542 0.589764 0.181711 0.793593 -0.513830 0.200441 -0.689240 -0.950652 -0.785261 0.989221 -0.766328 -0.801194 -0.058408 0.848723 0.241041 0.124769 0.380699 0.824586 -0.353771 -0.777386 -0.730803 -0.954504 -0.769437 -0.602078 -0.317583 0.548132 0.247403 0.737997 -0.620404 0.167664 0.632275 0.267247
-0.327036 0.102691 0.984829 0.313130 0.951013 0.017470 -0.225941 -0.286892 0.907107 0.811775 0.418905 -0.753270 -0.932403 0.581023 0.961743 -0.979152 -0.102555 0.989276 -0.637508 0.082135 -0.485269 -0.015221 0.477239 -0.326160 0.164222 0.651335 0.873291 -0.926585 -0.740756 0.740980 0.013427 0.073689 -0.853685 -0.356507 0.173552 0.149005 0.529865 0.515953 -0.805796 -0.078132 -0.708823 -0.307689 0.015015 -0.778592 -0.701510 0.057230 0.495178 -0.907107 -0.253166 -0.275303
0.969124 0.951371 -0.392529 0.482588 0.723800 -0.095152 -0.816261 0.549981 0.870533 -0.158555 0.207890 0.997124 -0.017035 -0.863968 -0.425503 0.602056 -0.540009 -0.108896 -0.985676 0.334291 0.669652 -0.612492 0.627759 0.533831 -0.153659 -0.813866 0.642986 0.040590 -0.919955 0.969227 -0.174903 0.925104 -0.597950 -0.740771 -0.136001 -0.610800 -0.999971 0.872597 0.287539 -0.444607 0.696830 0.854087 -0.136395 0.238313 0.381607 0.430988 0.871889 0.044238 0.803736 0.069204
0.020745 -0.544201 0.004398 -0.188500 0.263412 0.662477 -0.057576 -0.876152 -0.655710 -0.646285 0.047514 0.625764 -0.969834 -0.591830 -0.718436 -0.593169 0.905160 -0.183326 0.921946 0.577900 -0.476978 0.921376 -0.802470 0.743039 -0.491320 0.214829 -0.599247 -0.765377 0.889417 0.260559 -0.127396 -0.207040 0.253194 0.489626 -0.411594 -0.870729 0.403166 -0.577146 0.485294 -0.512993 0.488646 0.459176 0.673579 -0.691375 0.471308 0.044169 -0.821120 0.842629 0.190495 0.623576
-0.650306 -0.548084 0.622839 0.719317 -0.978793 0.060486 -0.115013 -0.625170 0.519152 0.183410 0.243860 -0.757472 0.766732 -0.070751 -0.329914 0.080343 -0.104802 -0.412211 -0.474266 -0.165182 -0.384834 -0.441593 0.858393 -0.472797 0.479374 -0.547088 -0.990069 -0.054847 0.132306 0.837886 0.710057 0.943069 -0.842513 -0.009460 0.854292 -0.910017 -0.595868 -0.285954 0.634637 0.586614 0.161281 -0.868108 0.676845 0.584312 -0.940705 0.899827 -0.912836 0.408857 -0.307314 0.955181
0.173028 0.657972 0.047495 0.632962 0.906829 -0.113335 -0.021706 -0.963769 0.857473 0.087549 -0.001721 -0.449131 0.765239 -0.818004 -0.296689 0.813903 0.032100 -0.167318 -0.880504 0.930214 0.668998 -0.918306 -0.640089 -0.743277 -0.786157 -0.214612 -0.361421 -0.074947 -0.596412 0.654031 -0.608144 0.914054 0.380088 0.450901 -0.303699 -0.696542 -0.907711 -0.209487 0.173355 0.677811 0.246008 -0.193922 0.417894 -0.270332 -0.847974 -0.735434 0.169479 -0.441214 0.525418 -0.231601
-0.437564 -0.094724 -0.799443 0.410692 0.635050 0.608530 0.851091 -0.264675 0.771258 0.650321 -0.931021 0.148054 -0.429496 0.746120 -0.131501 0.444872 -0.748168 0.359741 0.171188 -0.672292 -0.436825 0.369740 -0.378826 -0.728308 0.535022 -0.975687 0.766844 0.573579 0.278457 0.926267 -0.028021 0.682011 -0.369423 0.037534 0.011004 -0.556891 -0.618987 -0.148616 -0.350874 -0.777773 0.293112 0.085446 -0.224180 0.970776 -0.637847 -0.787813 0.717109 0.155019 0.914068 0.860245
0.944722 -0.223121 0.889086 -0.682158 0.926986 -0.978530 -0.521971 0.027483 -0.990505 0.253596 -0.616395 -0.612849 -0.322520 -0.976576 0.349983 -0.324498 -0.285726 0.364977 0.603621 -0.082810 0.926919 -0.065863 0.636422 -0.408228 -0.440081 -0.304319 -0.168628 -0.884004 0.626976 0.267709 -0.778138 0.554745 0.195036 -0.500442 -0.163226 0.080057 -0.796817 -0.258979 0.746682 -0.469469 -0.719290 -0.246616 0.297695 0.376228 0.761372 0.598761 0.370972 -0.155429 -0.170964 -0.433866
0.696226 0.758099 -0.618096 -0.816141 -0.627670 -0.907526 0.610880 0.397596 -0.347467 -0.887748 -0.842865 -0.653079 0.622690 -0.761014 0.917209 -0.079665 -0.573104 0.208442 -0.554127 -0.137926 0.053466 0.295565 0.388296 -0.375458 -0.975159 0.177052 -0.296047 0.323495 0.804163 -0.268595 0.773623 0.306758 0.174078 -0.280051 -0.989128 -0.191574 -0.436271 -0.409749 -0.783960 -0.205498 -0.106279 -0.564100 -0.917036 -0.756979 -0.706586 -0.323092 -0.149958 0.396976 0.640184 -0.700410
-0.067988 -0.871601 -0.651660 0.982564 0.590110 -0.533543 0.026880 0.412486 0.708434 -0.867092 -0.312242 0.887346 0.064558 -0.697631 0.187831 0.204944 0.915346 -0.434037 -0.551782 0.672384 0.031742 0.670732 -0.226772 0.672584 0.992749 0.728257 0.351864 0.115209 -0.524130 0.385794 0.507711 -0.785862 0.016821 0.966426 0.141281 0.696105 0.635017 0.057518 0.666010 -0.869419 -0.970129 -0.650064 -0.042694 -0.973115 -0.202823 0.058311 -0.873691 -0.575926 0.208628 0.046565
0.202327 0.736521 0.249118 0.853798 0.207475 -0.383824 0.735914 0.701289 0.027158 -0.656355 -0.340058 -0.915644 0.839007 -0.714355 -0.847515 0.317746 0.077983 0.950495 -0.371794 -0.879621 0.488263 0.143556 0.024117 0.996696 0.747722 -0.396381 0.331706 0.824951 -0.298311 0.766582 0.710150 -0.684397 0.809458 0.591863 -0.902538 -0.856699 0.862529 0.194186 -0.937084 -0.229004 -0.124982 0.951394 0.183289 0.574724 0.721385 -0.583031 -0.497482 -0.495974 -0.606155 0.613040
-0.546574 0.212273 -0.995704 0.129453 -0.433407 -0.695524 0.730827 -0.307029 -0.274954 -0.868639 0.597895 -0.605346 -0.321055 -0.799628 -0.107216 -0.428966 -0.455570 -0.632289 -0.720796 0.569248 -0.275192 -0.801285 0.730794 0.438448 -0.911360 -0.884574 -0.030492 0.402825 0.150009 0.641859 0.016360 -0.039016 -0.159002 -0.308926 -0.136837 -0.055309 -0.268024 -0.177573 -0.287332 -0.042309 0.265950 0.818856 -0.827376 0.548877 0.207537 0.174191 -0.561857 -0.933015 0.643469 -0.804060
-0.858818 -0.453062 0.217384 -0.852257 0.951652 -0.474110 -0.373384 0.255580 0.428322 -0.929666 -0.932036 0.478511 0.775508 0.859934 -0.231553 -0.982807 0.177571 -0.295375 0.675843 0.193367 -0.222254 0.737596 -0.342514 0.749919 0.320207 -0.547514 -0.160485 -0.212713 0.809634 0.390793 0.957909 0.950966 0.015182 -0.773392 -0.905718 0.987497 -0.483827 0.744174 0.779028 -0.665430 -0.819881 0.002971 -0.945279 0.672955 -0.797972 -0.340952 0.849129 -0.649781 -0.010540 0.146318
0.812553 -0.207619 -0.644775 0.705447 -0.776822 0.558657 -0.490776 -0.067405 0.236468 -0.760189 0.692752 0.423357 -0.567812 0.059448 -0.933049 -0.111636 -0.791579 -0.913245 -0.985919 -0.609760 0.391797 0.299832 0.893389 -0.374060 -0.468160 0.095570 -0.537475 0.013425 0.818119 0.463023 0.353810 -0.684651 0.730552 -0.163352 0.990204 0.521369 0.053787 -0.585674 0.395481 -0.295242 0.118768 0.689120 0.096316 0.383025 0.972727 -0.830135 0.446515 0.626673 0.675397 0.446910
-0.343026 0.399317 0.833933 -0.966020 -0.740723 -0.497451 0.513110 0.161949 -0.088141 -0.353302 -0.362019 -0.599971 -0.951564 -0.768368 0.071582 -0.473749 -0.834290 -0.557091 -0.047793 -0.522838 -0.192734 0.158509 -0.529085 0.029857 0.766595 0.327735 0.798174 -0.077265 0.527797 -0.989708 -0.866616 0.376264 -0.714202 0.035269 0.468672 -0.755868 -0.255144 0.300640 -0.759714 -0.943020 0.749970 -0.668058 -0.969604 0.013856 -0.650642 0.765837 0.439936 0.645343 0.875336 -0.348947
0.868153 -0.188277 -0.829938 0.203342 0.600034 0.753830 0.942057 0.159258 0.931773 0.223897 0.450042 -0.717189 -0.505777 -0.746366 0.818716 -0.043148 0.411248 -0.780047 0.770652 0.835619 0.334853 -0.131399 -0.721830 -0.366573 -0.182539 -0.587407 0.440822 0.770811 -0.557482 -0.911832 -0.662879 -0.935632 -0.990144 -0.751544 0.965522 -0.955214 0.899831 0.757295 0.595878 0.471743 -0.597635 0.753789 0.223431 -0.594592 -0.112698 0.978537 -0.031332 0.109800 -0.148101 -0.101205
0.982293 0.283102 0.007947 -0.015457 -0.156186 0.366785 -0.020087 0.543471 -0.867341 0.859065 -0.959172 0.341895 0.749636 -0.123273 -0.515967 0.707898 0.258625 0.793832 -0.859102 -0.002543 -0.062617 0.928912 -0.774549 -0.139270 0.949311 -0.154103 0.945046 -0.977721 -0.100121 -0.635704 -0.004647 -0.636584 -0.036851 -0.414878 -0.332514 -0.071284 0.933712 0.055831 -0.554915 -0.237332 0.428716 0.345200 -0.507816 0.883332 -0.544165 -0.550322 0.492620 0.978664 -0.919338 -0.107411
0.420500 0.739069 -0.782557 -0.278559 -0.481709 -0.197034 0.415572 -0.902889 -0.006321 0.788302 0.928327 0.321264 -0.398164 -0.461097 -0.077461 0.339321 -0.395751 0.122938 0.532844 -0.952695 -0.001791 0.979121 -0.896952 -0.010207 -0.158318 0.829378 0.082046 -0.164269 -0.322547 -0.572395 -0.601765 0.592195 0.684691 -0.680372 0.827265 -0.275821 -0.156271 0.948548 0.485999 -0.142250 -0.665344 0.495746 -0.688111 0.684207 0.364796 -0.780188 -0.450770 -0.476355 0.159943 -0.697569
0.807700 -0.371659 0.133870 -0.146483 -0.901759 -0.634338 -0.836480 0.023321 0.907869 -0.389623 -0.352625 0.579871 0.808315 -0.620864 0.815732 0.406737 0.059801 0.924171 -0.155078 -0.179987 0.942939 -0.898239 -0.600118 0.045639 0.866832 0.265498 0.644285 0.686470 0.530975 -0.352758 -0.751742 -0.296401 0.911777 0.501298 -0.339220 0.037038 -0.809843 0.741402 0.727467 0.597521 -0.743120 -0.942615 -0.162585 -0.265558 -0.050725 0.541654 -0.203603 -0.272423 -0.987073 0.148701
-0.487666 -0.795374 -0.659104 0.508330 0.316500 -0.872823 -0.207048 -0.929502 0.247486 -0.156430 0.622418 -0.325069 0.884009 0.717070 0.179648 0.223390 -0.241256 -0.258408 -0.741045 -0.639846 0.164421 0.574447 0.225054 -0.879254 0.864949 -0.238485 -0.154651 -0.130491 0.065111 -0.841145 0.980843 -0.153145 -0.691396 0.654980 0.659831 -0.584510 0.345004 -0.298651 0.038855 0.914699 -0.485287 0.439655 0.574493 -0.454242 0.240040 -0.725470 0.570309 0.659523 -0.422535 0.560921
0.660778 -0.375888 -0.848990 0.281887 0.309978 -0.907742 -0.057109 0.258964 0.866191 0.093314 -0.585112 0.005172 -0.158734 0.993454 -0.192603 0.656389 -0.056644 0.142425 -0.972028 -0.721185 0.171776 0.705041 0.477025 0.723313 -0.265738 0.408323 0.797978 0.676706 -0.831327 0.401770 0.345616 0.549763 0.060694 -0.587117 -0.232987 -0.572504 0.225452 -0.605442 -0.517764 -0.812491 0.706406 -0.238668 0.685318 0.028217 -0.998955 0.885680 0.266156 0.857459 0.996807 0.996663
0.984866 -0.073218 0.365701 0.124332 0.122835 0.075036 0.249281 0.626689 0.934707 -0.210147 -0.723660 0.108593 -0.800678 0.058507 0.193622 -0.816019 0.766403 -0.963015 -0.462186 -0.199431 -0.115883 -0.146640 -0.373543 0.409299 -0.968989 0.062226 0.245517 -0.972774 -0.033033 0.995648 0.102985 0.002480 -0.800078 -0.622343 0.474364 0.041120 0.002925 0.527903 0.842659 -0.789360 -0.261663 -0.442211 -0.338897 -0.605087 -0.268678 0.426803 -0.840582 0.006141 -0.601194 0.802442
0.181990 -0.741348 -0.589376 0.107570 0.939069 0.640440 -0.040258 -0.151948 0.375974 0.705679 -0.512476 0.975029 -0.076849 0.298153 -0.398849 0.192397 -0.801370 -0.105485 -0.952903 0.159497 -0.767830 0.039127 0.434182 0.558921 0.666266 0.047579 -0.069052 -0.614815 0.581573 0.089682 0.091218 -0.492681 0.242830 -0.128368 0.518485 0.760771 0.453648 -0.566473 -0.089875 -0.955187 -0.906955 -0.241423 -0.240039 -0.688928 0.686658 0.515613 -0.283164 -0.663381 0.567748 -0.834172
-0.078019 -0.279302 -0.010888 0.147444 0.007901 0.023552 0.777968 0.177322 0.858407 0.924920 -0.929827 -0.478912 0.547976 0.973750 -0.155748 0.452771 -0.801932 -0.956638 -0.174303 0.131948 -0.769506 -0.085549 0.141327 0.258188 0.542693 0.631847 0.107386 -0.413043 -0.408198 -0.277294 -0.666709 -0.877771 0.712484 0.458457 -0.193084 -0.560491 0.322062 -0.720430 -0.651657 0.749567 -0.319828 -0.419162 -0.280541 -0.836212 -0.778261 -0.806906 0.570569 0.439181 -0.964307 0.327086
-0.536730 0.780399 0.256605 0.290087 -0.171306 0.112320 -0.923515 0.112162 -0.933765 0.710578 0.847435 -0.467885 -0.666836 0.917287 -0.302885 -0.186387 0.485539 -0.596333 -0.744371 -0.857937 -0.102818 0.681129 0.483349 0.435785 -0.295012 -0.929473 -0.461651 0.284265 0.107484 0.596902 0.310647 -0.706257 0.525171 -0.592532 0.949627 0.172430 -0.807440 -0.825169 0.959714 0.339875 0.292738 -0.648382 0.612216 0.744212 0.346077 -0.923501 -0.126949 -0.727258 0.957238 0.127118
-0.276319 -0.312856 0.754522 -0.455178 -0.595241 0.450634 0.905317 0.265868 0.306112 -0.409185 -0.726819 -0.190813 0.273834 0.894814 -0.501960 0.337700 0.866216 0.291662 0.922806 -0.310643 0.575027 0.016523 -0.378587 -0.025500 0.719676 0.193686 -0.882911 -0.719515 0.585500 0.204166 -0.927912 -0.632126 -0.707758 0.764591 0.810697 0.913697 -0.569485 0.965317 -0.498756 -0.199223 0.076610 0.599917 -0.180307 -0.992101 -0.713812 0.109917 -0.662861 0.227478 -0.846458 0.222872
0.828783 -0.787113 0.833574 -0.551060 -0.973162 -0.406109 0.317625 -0.444143 -0.855645 -0.712660 0.181766 0.158154 -0.668406 0.545546 -0.673785 -0.603420 -0.761718 -0.084907 0.071927 -0.309791 0.881998 0.066219 -0.983657 -0.597368 -0.687961 0.252667 0.246298 0.877818 -0.286758 -0.607027 -0.276291 -0.447473 -0.649393 0.287526 -0.226183 0.932195 0.985937 -0.068527 0.463302 0.722225 -0.104591 -0.671702 0.279596 -0.190221 -0.235696 0.949563 0.499686 0.208091 -0.036662 0.244869
-0.419448 -0.023835 0.572671 0.685654 0.911815 -0.562918 -0.918009 0.424845 0.972634 -0.999782 0.725654 -0.991382 0.426924 -0.425163 -0.903433 -0.987429 -0.890222 0.293057 0.590562 0.789558 0.739515 0.979757 -0.403965 -0.859911 0.590204 -0.162701 -0.356590 0.782324 0.497402 -0.372310 -0.802257 0.804204 0.671155 -0.178003 0.827078 0.063047 0.509493 0.136471 0.181997 -0.774222 -0.318398 -0.397124 0.472056 0.294638 0.855739 0.170650 -0.666297 0.401376 0.999327 0.163300
0.312657 -0.442907 -0.192965 -0.945691 0.790759 0.299529 -0.220724 -0.642036 -0.755683 -0.532960 0.512733 -0.857058 -0.399496 -0.357779 -0.416629 -0.678114 0.288719 0.142265 0.805403 0.529896 0.910999 0.850421 0.704415 -0.634133 0.530173 -0.372290 -0.887329 -0.450867 0.866456 0.715617 -0.088593 0.903547 0.011857 -0.253472 0.937229 -0.047128 0.393451 0.759326 0.671621 -0.458706 0.745343 -0.378933 -0.715491 0.925887 0.894066 0.600058 0.961119 -0.782234 0.802335 0.120530
-0.898754 -0.294758 0.566022 0.187594 0.404994 -0.873002 0.957050 0.039470 -0.982386 0.290183 0.701676 0.037220 -0.983357 -0.259253 -0.050431 -0.124245 -0.399530 0.811845 0.172345 0.039643 0.651595 -0.370271 0.618861 0.202841 0.895896 -0.578446 0.092609 -0.902901 0.556764 -0.241904 0.733635 0.114386 0.703732 -0.365247 0.355672 -0.070825 -0.001285 0.934954 0.922195 -0.144623 -0.820855 -0.431767 0.970490 -0.479192 0.084657 -0.508343 -0.912860 0.833197 -0.063994 0.881488
-0.100770 -0.480253 0.434915 -0.736572 0.936028 0.684963 -0.031547 -0.282833 0.345225 0.667679 -0.554892 -0.941877 -0.445126 -0.086758 -0.987797 -0.588242 -0.273048 0.064229 0.904943 0.290804 0.814180 0.909393 0.252474 -0.727142 0.496883 -0.847576 -0.235299 0.070840 0.237688 -0.383227 -0.830578 0.408099 -0.683158 -0.874226 -0.958768 -0.827863 0.829553 -0.829305 0.446107 0.951092 0.922857 -0.891061 -0.783947 -0.653441 0.548914 0.643477 -0.777652 0.301461 0.979757 -0.536783
-0.004977 -0.861428 0.200289 0.988633 -0.462201 0.123762 0.956045 0.487350 0.911778 0.235490 0.427795 0.102149 -0.052522 -0.167631 0.502745 -0.618063 0.671151 -0.622848 -0.522061 -0.109758 0.134968 -0.676472 -0.357513 -0.085578 -0.974622 0.072137 0.431063 0.046964 -0.814438 -0.817203 -0.707848 0.796627 -0.484214 0.128922 0.053170 -0.186418 -0.921087 -0.276909 0.722809 -0.941530 0.626004 0.922566 -0.339729 0.755470 0.550970 -0.502433 0.608714 -0.938426 0.446995 -0.191166
-0.306536 -0.970961 0.918939 0.343275 0.079140 0.465342 -0.132492 0.180613 0.619829 0.940917 0.127066 0.640120 0.912667 -0.437389 0.476383 -0.063417 -0.011282 0.696692 0.400529 0.732894 0.969818 -0.907725 -0.723095 -0.101368 0.612982 -0.300458 0.404164 -0.832609 0.614944 0.231894 0.482033 0.928760 0.745546 -0.450171 -0.626250 -0.556147 -0.664278 0.752703 0.829078 -0.672563 0.287952 0.041648 -0.513188 0.972913 -0.006684 -0.261229 -0.110586 0.533032 0.665746 -0.984917
0.329667 -0.386688 -0.637707 -0.567293 0.468641 0.936238 -0.492525 -0.657937 -0.919920 -0.638039 -0.828117 -0.447897 -0.709598 -0.936145 -0.463573 0.899373 0.077729 -0.862754 -0.034162 0.428639 0.521032 -0.929096 -0.532593 -0.569921 -0.219827 0.715673 0.103976 -0.280620 0.606868 0.425101 0.859376 -0.236865 -0.225636 0.742913 0.742129 0.930901 -0.356421 -0.014698 0.909220 -0.987570 -0.681842 0.629511 -0.543237 -0.128644 0.908751 -0.592356 -0.591568 0.684723 -0.852693 -0.090371
0.324216 0.608874 -0.913363 0.854105 -0.588116 0.119091 -0.994214 -0.232420 -0.740712 0.144532 0.463103 -0.398451 0.917475 0.005072 -0.152455 0.154371 -0.880392 -0.934719 -0.504559 0.058651 -0.622899 -0.684435 0.860128 0.232775 0.364141 -0.880790 -0.169462 0.546923 -0.618060 -0.131704 -0.070985 -0.888271 -0.532310 -0.971150 0.467760 0.632598 0.949027 0.388796 0.679448 -0.713603 0.707243 0.720364 -0.435068 0.845783 -0.813467 0.234894 -0.493528 -0.082904 0.815312 -0.347292
-0.444720 0.077688 -0.574125 0.100182 -0.755056 -0.530236 -0.068847 -0.507020 0.197126 0.349560 0.124735 0.872331 0.866866 -0.947400 -0.690182 0.004535 0.331130 0.867759 0.379063 -0.629633 -0.292577 0.519866 -0.946460 -0.128490 0.399307 -0.145584 -0.721804 0.526434 0.178389 -0.369869 -0.478723 0.958769 0.236575 0.662581 -0.732482 0.649007 0.783484 -0.154072 0.755643 -0.180347 -0.919694 -0.796376 0.442042 -0.798339 -0.615640 -0.405986 -0.492832 0.248598 0.469147 -0.141304
0.251432 0.527145 -0.152686 -0.245195 0.670004 -0.792233 0.625776 -0.001514 0.476138 0.256706 -0.767501 0.963057 -0.692610 0.303149 0.298826 -0.654085 -0.650375 0.363848 -0.972890 -0.865102 -0.245634 0.570154 -0.520028 0.038279 -0.263392 0.058438 0.902217 0.504272 -0.916837 -0.906038 -0.908390 0.315899 0.463617 0.449768 0.339176 -0.072307 -0.745760 0.352467 0.368406 -0.637988 -0.805054 0.938914 0.720506 -0.832017 0.101582 0.304638 0.446779 -0.251632 -0.481730 -0.536842
-0.888405 0.055776 0.033963 0.664091 -0.638466 0.511147 0.290249 -0.117596 0.793224 0.347114 0.091708 0.876925 -0.457232 -0.736695 -0.915127 -0.065175 0.786036 0.601419 -0.302318 0.192280 -0.311787 0.694197 0.343376 -0.731655 0.013465 -0.953641 -0.023678 0.686395 -0.586814 0.837905 -0.561324 0.075646 -0.246502 0.530661 0.950739 -0.370949 0.311096 -0.680513 0.124423 0.795765 -0.603258 -0.097981 -0.638505 0.394852 0.437460 0.122428 0.985875 0.652991 0.882934 0.795234
0.011638 -0.582418 0.448933 -0.335069 0.692761 0.675806 -0.951436 -0.824048 0.949481 0.546271 0.767180 -0.295903 0.220983 -0.002035 -0.226483 -0.563749 -0.067758 0.170829 0.918537 -0.726589 -0.672574 0.322608 -0.480289 -0.162608 0.077942 -0.866987 0.435063 0.711440 0.383474 -0.314666 0.237895 0.749090 -0.724005 -0.130513 -0.996849 0.334901 0.688007 -0.299933 0.504620 0.502969 -0.817781 0.457666 -0.929034 0.277740 0.124987 -0.521160 -0.493619 0.825540 -0.739786 0.287224
-0.419193 0.546060 0.884851 -0.940659 -0.835848 0.743551 0.558694 -0.005816 -0.205955 -0.924796 0.676798 -0.863703 -0.792542 0.066606 0.781012 -0.064364 -0.554432 0.804019 -0.103750 -0.367757 -0.671438 -0.358773 0.289080 0.757585 0.393485 0.941298 -0.173267 0.162468 0.212928 0.808687 -0.729587 0.827354 0.515192 -0.511357 -0.124527 -0.012411 -0.807876 -0.965433 0.125868 -0.726195 0.265847 0.371783 -0.208947 0.823430 -0.102808 0.607079 0.925533 -0.049679 0.098726 0.101763
-0.440279 -0.706576 -0.320905 -0.304260 -0.026290 -0.032944 -0.171801 0.317113 -0.232979 0.798364 0.586581 -0.339188 -0.850822 0.462709 0.284896 0.769621 -0.535597 -0.809705 0.169245 -0.447379 0.935386 -0.176811 -0.774402 -0.348702 -0.654312 -0.295390 -0.904890 -0.736765 -0.434809 -0.521307 -0.942022 0.114031 -0.842080 -0.994582 0.088020 0.764993 -0.048704 -0.900950 0.916454 0.271954 0.127072 -0.528511 -0.800323 -0.844484 -0.849929 -0.584973 -0.472909 -0.044184 -0.480435 -0.275206
0.938223 -0.107002 -0.934125 0.079625 -0.539937 -0.489727 0.845087 0.849913 -0.575039 -0.345800 0.203164 0.132597 0.590915 -0.696083 0.560554 -0.728501 0.411845 -0.780013 -0.054457 0.690504 -0.589393 -0.373614 0.690481 0.385854 -0.667729 -0.121567 -0.421735 -0.885123 0.485014 -0.538354 0.269955 0.659710 -0.726614 0.574185 0.507468 -0.800035 -0.254436 -0.353938 -0.570097 0.020236 -0.515815 -0.766921 -0.527677 -0.121555 -0.672073 -0.345197 -0.753962 0.340174 -0.099876 0.861262
-0.167624 -0.239708 0.721943 0.317989 -0.021396 0.721467 0.267571 -0.278580 0.130062 0.579078 0.072650 -0.015162 0.348064 -0.227974 0.991615 0.871607 0.109707 0.391617 0.396866 -0.750635 0.486529 -0.220329 0.740777 -0.996180 -0.470968 0.292629 0.124144 0.130285 0.144418 0.549400 -0.227646 -0.157613 0.508979 0.531608 0.760921 -0.579469 0.341107 -0.423539 -0.772139 0.731738 0.373737 0.629797 0.559080 -0.156258 0.557720 -0.333936 0.795063 0.091386 0.017230 0.466971
0.603701 0.765708 0.740896 -0.188836 0.928620 -0.658604 0.404912 0.962717 0.657909 0.772891 0.892150 -0.658766 0.394404 0.446305 -0.905695 -0.504747 0.079348 -0.560263 0.745966 -0.799062 0.140272 -0.088018 0.213447 0.612856 -0.529274 -0.165309 -0.666655 0.657575 0.794069 0.751746 -0.991076 0.324312 -0.037060 -0.540990 0.515360 0.214237 0.158269 -0.875150 -0.301080 0.611712 -0.514792 0.443283 -0.094819 0.163950 0.660709 0.266347 -0.102558 0.912937 -0.843243 -0.372417
0.819668 0.889304 0.469483 0.120190 0.591308 -0.720181 -0.464543 0.043552 -0.657660 0.974012 -0.902043 -0.578121 0.590326 -0.831644 0.113294 -0.163737 -0.155934 -0.666279 0.945359 -0.221248 0.855784 -0.039492 -0.145332 -0.944551 0.421814 0.551907 0.149736 -0.244691 0.731873 -0.780257 -0.343963 -0.813770 -0.602435 -0.389584 -0.730191 -0.414058 -0.635528 -0.436291 -0.053023 0.644919 -0.089756 -0.424883 -0.594512 0.540012 0.509155 -0.457509 0.710762 0.370275 0.655511 0.546980
-0.829263 -0.992767 0.891103 -0.810636 0.362174 -0.317882 0.349877 -0.680364 0.687898 0.584675 0.363857 0.381344 -0.472659 0.054866 0.555580 -0.929504 -0.524164 -0.703278 0.758284 -0.202765 -0.453866 0.037900 0.282018 -0.872770 -0.290324 -0.221087 -0.711649 0.649291 -0.189848 0.606715 0.819741 -0.082121 -0.047287 -0.099902 0.439878 0.346071 -0.535003 -0.978010 -0.786525 -0.655176 -0.365046 0.987583 0.530875 -0.621232 -0.441642 0.278795 0.262028 -0.593820 -0.643709 -0.561453
-0.892784 -0.775126 0.875999 -0.609222 -0.605550 0.357475 0.648488 0.941190 -0.264010 0.580356 -0.116576 -0.219542 0.503940 -0.841732 0.829527 0.965072 -0.278409 -0.436282 -0.093983 -0.680529 0.713369 0.784527 0.680886 0.562589 0.303632 0.136431 0.533197 0.892586 0.137374 -0.211993 0.951396 0.148576 0.256021 0.004073 -0.248968 0.626836 -0.108213 -0.196213 -0.347803 -0.298378 0.806493 -0.735270 -0.779333 -0.814356 -0.621574 0.965255 0.315603 -0.282321 -0.115964 -0.141422
-0.197532 -0.547352 -0.546918 0.507112 0.539541 0.929043 0.004605 -0.536236 0.080928 0.412065 0.899229 -0.158465 -0.943886 -0.569741 0.675770 0.801469 0.534634 -0.006203 -0.415544 -0.957753 -0.470958 0.578609 0.412149 -0.046326 -0.126295 -0.013055 0.250687 0.854907 0.603521 0.858566 0.880988 0.035851 -0.165702 -0.420834 0.155904 -0.043147 0.052826 0.317014 -0.794617 0.047081 0.965786 0.710306 0.363191 -0.910826 0.252815 0.952022 0.095842 -0.804990 0.898701 -0.226023
0.890109 -0.370313 0.325847 -0.196464 -0.839097 -0.214547 -0.558378 -0.143250 -0.367566 -0.464608 0.601493 0.764706 -0.014665 -0.159621 0.489890 0.536002 0.097902 0.425623 0.460619 0.833264 0.198329 -0.449812 -0.173197 -0.231345 -0.148041 0.876000 0.563073 0.560242 -0.794822 -0.066181 0.214399 0.792227 0.040308 -0.423174 -0.373673 -0.305498 -0.595477 -0.642694 0.738425 -0.321876 -0.504437 0.421676 -0.963175 0.453880 0.099235 -0.928021 0.145907 0.300593 0.127293 0.386974
0.069723 -0.390438 0.099482 0.633270 0.287921 0.160422 -0.317379 0.627379 -0.309020 0.270407 0.873758 -0.702510 -0.645556 -0.618272 -0.797123 0.972263 -0.828757 -0.941402 0.292911 0.450306 -0.341978 -0.073906 0.102137 -0.076059 0.136607 -0.652534 0.789246 0.657309 -0.462690 0.813553 -0.006519 0.588171 -0.701394 0.860507 -0.149868 -0.793626 -0.039711 -0.045931 0.363753 -0.578070 0.320985 0.252565 -0.499049 0.371339 0.898974 -0.272011 -0.552388 0.915171 -0.719184 -0.701138
-0.652543 0.525056 0.655658 0.759612 0.874271 -0.435693 0.595762 0.443999 -0.691498 0.002831 -0.052221 0.525227 0.375082 -0.297079 -0.878408 -0.928263 -0.376036 -0.508466 -0.728856 0.833564 -0.952287 0.500109 0.051399 -0.235298 -0.550797 0.290938 0.869550 0.507204 0.450298 -0.249867 0.810778 0.970307 0.541915 0.880693 -0.291179 -0.820268 -0.305080 0.079868 -0.505424 0.013525 0.839538 -0.495079 0.132980 -0.954131 0.732049 -0.149396 -0.889799 0.974014 0.177053 0.698517
-0.391515 -0.670228 0.003838 0.491509 0.706910 0.282388 -0.730403 -0.590112 -0.220795 0.282707 -0.813998 0.452145 0.009620 -0.556918 -0.062406 -0.854846 0.365124 0.654786 -0.615409 0.430051 -0.800432 0.666258 0.283296 0.408860 0.145840 0.782741 -0.863435 -0.373460 -0.781678 0.524855 0.290940 0.231488 -0.663346 -0.023350 -0.984091 -0.794363 -0.094959 -0.210562 -0.654179 0.663635 -0.228137 -0.494116 -0.429682 -0.569487 0.346267 0.116118 0.557445 -0.411504 -0.404498 -0.321375
0.110340 0.150665 -0.379464 0.122641 -0.688262 0.646241 0.270534 -0.181599 -0.700031 0.197534 0.445797 -0.356716 0.314638 0.206077 -0.578531 -0.498553 -0.630792 0.876822 -0.687393 0.680579 0.691061 -0.281756 0.684845 0.764440 -0.940522 -0.184828 0.645127 -0.004782 -0.087723 -0.680658 0.568127 -0.263983 0.239523 -0.135368 0.133677 0.115425 0.260492 0.748198 -0.686481 0.872527 -0.280443 0.144534 0.228942 0.841360 0.356172 0.378259 0.915674 -0.539509 0.190011 0.647789
-0.932572 0.326549 0.561240 -0.773756 0.558463 0.887651 -0.010145 -0.410390 -0.086294 -0.361756 0.689397 -0.678377 0.722177 -0.958540 0.270262 -0.405813 0.149889 0.357852 0.555819 0.427413 0.622282 0.596259 0.022931 0.467916 -0.002135 -0.592761 -0.136204 0.844572 0.956499 -0.151275 -0.511568 -0.763988 -0.004031 0.306131 0.259807 -0.500097 -0.808968 0.270977 0.479166 -0.407854 -0.686523 0.158125 0.861040 -0.906100 -0.158508 0.853535 -0.669923 -0.488946 -0.305219 0.404545
-0.643863 -0.942244 -0.742582 -0.227833 -0.566238 0.382643 0.396048 0.706280 0.160971 -0.268521 0.204522 -0.158910 0.906092 -0.765660 0.575948 0.466534 0.913982 -0.844092 0.501640 -0.745431 0.205748 -0.919115 -0.974319 0.388784 0.280214 0.644410 0.055345 0.481628 -0.034172 -0.391361 0.755666 0.032025 -0.964684 0.157754 0.227650 -0.978382 0.127934 0.422619 -0.230242 0.314424 -0.117640 -0.187939 -0.658114 0.003420 -0.607422 0.233544 0.934592 0.316736 -0.155835 0.311155
-0.313431 0.414133 -0.714275 -0.175808 0.036844 -0.125554 0.628916 0.662871 0.015189 -0.755314 0.740585 -0.358198 0.341656 0.192670 0.032687 0.567706 0.931094 -0.612905 0.156271 0.445766 -0.612757 -0.148665 -0.622775 0.575071 -0.025505 -0.243134 0.628185 -0.311872 -0.387495 0.804058 -0.743051 0.394998 -0.382364 -0.028968 0.931999 -0.061782 -0.003868 0.943039 0.864652 0.929381 -0.906846 0.742495 0.657939 -0.498908 -0.399504 0.134358 -0.703984 0.227231 0.049534 -0.887256
-0.211398 -0.226687 0.543161 -0.070313 0.381036 -0.603546 0.502643 -0.815576 -0.728864 0.002939 0.048544 -0.818944 0.890056 -0.153785 -0.354710 -0.201074 0.987730 0.149545 0.376819 0.078065 0.750219 -0.457827 0.955996 0.361310 0.722741 -0.646158 0.797786 0.636127 -0.623182 0.352689 0.630041 -0.145098 0.476192 -0.155379 -0.342381 -0.231014 -0.995345 -0.423618 0.838563 -0.486841 0.125486 -0.037206 -0.130413 0.960762 -0.809016 -0.646676 0.889445 0.969887 0.805624 -0.259072
-0.933794 0.049752 0.671115 0.645470 0.819724 -0.324588 -0.564797 -0.150214 0.863831 0.281338 0.256405 -0.281713 0.783921 -0.566230 -0.843046 -0.048182 0.221862 -0.459598 -0.747798 -0.453283 -0.625700 -0.111198 0.957668 -0.847786 0.421997 -0.481724 -0.108031 0.535445 0.894141 -0.493044 -0.059160 0.933171 0.791548 -0.340151 0.841058 -0.008638 0.557591 0.861075 0.109536 -0.940584 -0.521341 -0.269888 0.037378 -0.692296 0.498511 0.240550 -0.273421 0.893496 0.504544 -0.574603
0.206230 -0.483664 0.088759 -0.907137 -0.758398 0.988790 -0.864850 -0.994879 -0.443781 0.343835 -0.311857 -0.035301 -0.258756 0.581842 -0.372378 0.633198 0.565073 -0.680427 -0.914218 -0.144296 0.952031 0.349040 0.417341 0.914325 0.001022 -0.236934 -0.659927 -0.653850 0.093002 -0.141480 0.081636 -0.475353 0.959974 0.145650 0.360081 0.526031 0.137550 0.599477 -0.472295 -0.296688 0.011209 0.844778 0.999211 -0.551724 -0.625098 0.450574 0.831067 0.671652 -0.360327 0.141771
-0.573501 0.026164 -0.314211 -0.990801 -0.405055 0.399843 0.226575 -0.303140 -0.812597 0.806566 0.798242 0.785850 0.683744 0.651151 0.464540 -0.814132 0.369021 0.635765 0.987969 -0.182759 -0.327588 0.468932 0.177741 -0.014618 0.204822 -0.040178 -0.275144 0.992743 -0.551519 -0.847900 -0.562341 0.038878 -0.857415 -0.141300 -0.565215 0.760563 0.405818 -0.755791 0.066858 -0.228363 0.484873 0.669327 0.890307 0.391945 0.519695 -0.445319 -0.758893 -0.060895 -0.070616 0.483625
-0.952562 0.666034 -0.354503 0.059215 -0.774569 0.239257 0.497842 0.777424 -0.517511 0.358634 -0.367150 -0.107911 0.351260 0.050269 0.232278 0.891835 0.153182 0.989755 0.344428 0.671453 -0.253204 0.037980 -0.459657 0.219200 -0.271966 -0.373038 -0.431049 -0.232598 -0.764740 0.135661 -0.009108 -0.242919 0.541505 -0.032066 -0.228268 0.012061 -0.030967 0.746700 0.841767 -0.505932 -0.810259 -0.483194 -0.618455 -0.460422 0.261899 -0.929066 0.770418 0.516498 0.210212 0.511969
-0.968460 0.549754 0.397914 0.313738 0.520422 -0.084346 -0.844815 -0.479324 0.489276 0.873498 0.819457 0.064957 -0.572826 -0.527428 -0.524792 0.658552 -0.533729 0.755899 0.408326 -0.743647 -0.773320 -0.954004 -0.484650 -0.097951 -0.879738 0.566690 -0.775810 -0.326238 0.924384 0.436709 -0.319495 -0.058165 0.155468 -0.863970 0.341435 0.530783 0.264281 0.365621 -0.144199 0.177706 0.441954 0.894955 -0.874157 0.022298 -0.258454 -0.166213 -0.845390 -0.341078 0.133691 -0.204209
-0.979671 -0.515053 0.976405 0.548415 -0.911491 -0.771668 0.276912 0.376331 0.010297 0.837479 0.452108 -0.552178 -0.434623 -0.201004 0.015150 0.677333 -0.082927 0.666350 0.684059 -0.480708 0.587126 -0.860995 0.594239 0.352292 -0.979799 0.532778 0.106246 -0.973369 0.232617 0.142633 -0.400612 -0.473268 -0.665163 0.007508 -0.842357 -0.934751 -0.042786 0.491873 -0.418416 0.167769 0.903959 0.007924 0.158141 0.932780 0.547748 -0.345385 0.450964 0.703388 -0.426067 0.081075
-0.325051 -0.749136 0.567719 -0.633120 -0.909518 -0.590988 -0.694943 -0.782379 -0.686618 -0.139599 -0.119681 0.371109 -0.300518 0.765995 0.228383 0.909308 -0.654045 -0.253400 -0.887743 0.920735 -0.309612 -0.421161 -0.179350 0.025890 -0.364077 0.748827 -0.928229 -0.809240 -0.276513 -0.213199 -0.741397 0.805900 -0.846183 0.396213 0.971700 0.857649 -0.696156 -0.025378 0.628651 0.789685 0.411712 0.286958 -0.816668 -0.003229 -0.451771 -0.836352 -0.337092 0.910777 0.096515 0.239824
-0.686369 -0.325972 0.400567 -0.261912 -0.164343 -0.665348 -0.742992 0.614282 0.763565 0.261592 -0.381132 0.714962 -0.907889 -0.077904 0.369301 -0.659967 -0.796686 0.217218 -0.879286 0.211321 -0.672336 0.488117 0.213325 -0.821026 0.519709 0.754673 0.367358 0.034287 -0.200844 0.554923 0.879221 0.961383 -0.169153 -0.862647 0.402387 0.485340 -0.834994 0.769299 0.925806 0.598741 -0.087053 -0.893475 -0.346451 0.156151 0.018940 0.181039 0.454084 -0.223156 -0.464568 -0.156729
-0.559683 -0.538033 0.942824 -0.854448 -0.176534 -0.423105 0.832569 -0.745770 -0.575978 0.991056 -0.139194 -0.809143 -0.133350 -0.849799 0.510921 -0.948027 -0.467810 -0.329722 0.513412 -0.519589 0.219353 0.647756 -0.225320 -0.896372 0.626198 -0.972077 -0.913401 0.589686 -0.667159 -0.293645 -0.471712 -0.653607 -0.576337 -0.377699 -0.490566 -0.984378 -0.113416 -0.441095 -0.011911 0.145003 -0.117571 -0.517055 -0.309118 0.030215 0.313195 -0.361107 0.209553 0.353216 0.547457 -0.849453
-0.504931 -0.794997 0.777413 -0.107629 0.183260 0.013056 0.008540 0.200704 -0.786592 -0.728046 0.617472 0.759596 -0.716299 -0.656348 -0.425564 -0.952103 0.996483 -0.442471 0.915561 0.854188 -0.074484 -0.892103 -0.886260 -0.013249 -0.219790 0.526398 -0.386798 -0.924948 0.490617 0.454328 -0.066518 -0.239006 0.456568 0.615705 0.404815 0.767876 -0.507008 -0.814341 -0.587947 -0.567525 -0.800920 -0.594834 -0.599225 -0.482115 0.640014 -0.718596 -0.903624 0.279371 -0.973572 -0.467733
0.811272 -0.772729 -0.490293 -0.962900 0.908251 -0.572569 -0.130031 0.367031 0.044093 0.091770 -0.007090 -0.840295 0.944710 -0.717564 -0.755531 -0.733742 -0.119253 0.253973 -0.681118 0.787530 0.927321 -0.527546 0.812385 0.817929 -0.040136 0.612417 0.790382 -0.392970 -0.483249 -0.354746 0.169355 -0.823827 -0.189588 -0.167093 -0.932886 -0.905940 -0.361549 -0.796331 -0.088253 0.354390 -0.041781 -0.026826 -0.281830 0.146541 -0.562616 -0.010320 0.191586 0.789832 0.491666 0.314534
-0.953352 0.595664 -0.031008 0.014019 -0.929754 0.656631 -0.831044 0.101492 -0.902331 -0.896581 -0.223312 -0.691065 0.530710 0.159201 -0.586993 -0.763593 0.471176 0.619466 0.044654 -0.690062 0.215413 -0.194313 0.030223 0.159232 0.623586 -0.327875 -0.486732 0.383981 -0.043791 0.124828 0.921946 -0.018389 -0.206883 -0.574177 0.773366 0.929884 0.078053 0.048091 -0.669955 0.101261 0.281472 -0.040137 0.685380 -0.736849 0.586331 0.174407 0.000284 -0.317878 0.374321 -0.256150
-0.053059 0.332349 -0.300817 -0.957157 0.249176 0.030212 -0.528939 0.780402 0.006280 0.660301 -0.092019 0.362433 -0.852359 0.914761 -0.247033 0.175299 0.859995 0.509577 -0.015901 0.207420 -0.057063 -0.122093 -0.116797 -0.363042 0.473520 0.236121 0.781602 0.113757 -0.161114 0.905312 -0.707037 0.638712 -0.983474 0.336136 -0.253116 -0.129831 -0.324511 0.285663 0.869008 -0.638616 0.886264 -0.244309 0.177966 -0.263007 -0.905244 -0.167184 -0.175921 -0.310478 0.124767 -0.231623
0.992663 0.490685 0.513527 0.063799 -0.022248 0.106550 -0.616562 0.203031 -0.139185 0.340324 0.242036 0.421815 -0.693373 0.688213 0.145684 0.170333 0.081248 -0.759065 0.075870 -0.121195 -0.548051 0.789220 -0.285694 0.265032 0.256964 -0.756716 0.913509 -0.390828 0.607540 0.213692 -0.886320 0.901042 -0.658161 -0.926295 -0.166945 -0.597330 -0.733074 0.978004 0.140322 0.496162 -0.681492 0.819391 -0.141164 0.978392 0.622724 -0.441095 0.581252 -0.232709 0.240957 0.491906

Bias v0 (Oculta):
-0.946956
-0.920706
0.404081
0.930042
0.373897
0.686745
-0.598917
-0.514663
0.902715
0.537180
-0.046512
0.668588
0.815363
0.528493
0.153190
-0.283512
0.170370
0.062721
-0.671916
0.434134
-0.984225
0.113205
-0.705766
0.275971
0.151532
-0.541327
0.881293
0.717021
-0.903031
0.440694
0.208120
0.058738
-0.719645
-0.816551
-0.624378
-0.387081
-0.721274
-0.661998
0.530250
0.570249
-0.670996
-0.107132
-0.032550
-0.286049
0.172457
0.740092
-0.912959
0.138536
0.885351
-0.435209

Pesos w (Oculta -> Sa獮a):
-0.125570 0.967791
0.846808 -0.888251
-0.517058 -0.196003
0.669166 0.422460
0.891227 -0.978351
0.673839 0.902625
0.628193 0.160369
0.155693 -0.465713
0.766477 -0.378854
0.977179 -0.690640
-0.412053 -0.337580
-0.943328 -0.428635
0.092088 0.948472
0.272346 0.090144
-0.611078 -0.328838
-0.586247 -0.404869
-0.420624 0.805126
0.605530 -0.833870
-0.566123 0.285344
0.379658 -0.943256
-0.629843 -0.693300
0.236813 -0.695536
-0.372165 0.691820
0.053102 -0.424109
0.957761 0.989528
0.349090 -0.264709
-0.819116 0.952029
-0.447388 -0.562093
0.222127 -0.007646
0.596874 0.874465
-0.884173 -0.268699
0.899041 -0.383283
-0.851209 -0.836322
0.945196 -0.778225
-0.631232 0.268571
0.276554 0.647001
-0.057585 0.212453
0.178168 -0.880351
-0.255451 -0.292319
0.912361 0.201056
0.605666 -0.636969
-0.001436 -0.505345
-0.251399 0.260305
0.179373 0.717680
0.991644 0.460225
0.231251 -0.102547
0.069076 -0.658325
-0.878544 -0.949010
-0.223510 -0.506871
-0.628545 -0.600522

Bias w0 (Sa獮a):
-0.157497
0.576397
