Pesos v (Entrada -> Oculta):
0.694945 -0.127905 -0.777795 -0.499020 -0.281181 -0.996091 -0.859514 0.645941 -0.810617 0.247394 -0.490320 0.010453 -0.076350 0.654166 -0.462159
-0.778687 0.348903 0.167754 0.196755 0.046023 -0.157767 -0.823056 -0.533731 0.990560 -0.860215 0.741655 0.524643 -0.816773 0.107946 0.992106
0.641063 -0.288633 -0.983715 -0.930068 0.831293 -0.323960 -0.395279 -0.311493 0.360370 -0.065141 0.499694 -0.645890 0.963649 -0.863622 0.334021
-0.176915 -0.794194 0.499533 -0.814890 0.353920 0.080213 -0.723948 0.864945 -0.909751 0.751731 0.517641 -0.989807 0.148726 0.166416 0.386865
-0.355900 0.650767 -0.878078 -0.087883 0.037805 0.920259 0.396698 -0.033611 0.167616 0.067985 0.573342 -0.160580 -0.255765 0.207607 -0.351413
-0.825117 0.051038 0.721182 0.681435 -0.685450 -0.892628 -0.557599 0.924807 -0.519708 -0.203969 0.041334 -0.803860 -0.170367 0.570284 -0.171037
-0.182177 -0.007987 0.709401 -0.444991 -0.228384 0.213853 0.237729 0.087873 -0.386531 -0.836145 -0.995786 0.420175 0.449330 0.145186 0.845465
0.425649 0.628789 -0.166812 -0.708224 -0.150324 -0.635731 0.516955 0.776298 -0.640117 -0.579418 0.041696 -0.015493 0.201636 -0.636933 0.156206
0.972388 0.908522 -0.411506 0.752412 0.392905 0.825470 -0.478375 0.890356 -0.061808 -0.133797 0.784173 0.564747 -0.204180 0.120407 -0.118321
0.269506 0.954535 0.831580 -0.404138 0.218431 -0.247445 0.711561 -0.204156 -0.219945 0.057144 -0.942452 -0.435415 0.615127 -0.163940 -0.661795
-0.048424 -0.662866 0.135774 -0.956193 0.735546 -0.220569 -0.005645 0.399986 0.424863 -0.967804 -0.145403 -0.795366 -0.077215 -0.152689 -0.409856
-0.752682 -0.685273 0.522414 0.025338 -0.081302 0.767103 -0.487601 -0.607183 -0.864815 -0.222652 0.578388 0.662479 -0.161026 -0.834376 -0.807677
0.980933 -0.364618 0.491878 -0.170531 0.813890 -0.831239 -0.654222 -0.482282 -0.769249 0.586320 0.610004 -0.295480 0.544873 -0.784229 0.899854
-0.479450 -0.410538 0.834374 0.326751 -0.672820 -0.740873 0.868941 0.315451 -0.394949 -0.762297 0.364153 -0.291210 -0.512807 0.476684 -0.156534
0.680339 0.311670 0.411363 0.832786 -0.945302 -0.744459 -0.592207 -0.959561 0.775507 0.414372 0.821410 0.845779 -0.788337 -0.100158 0.973705
0.004681 -0.346058 0.195831 0.423661 0.221475 -0.338049 0.462834 0.374299 -0.298811 -0.823624 0.193578 -0.852655 -0.624088 0.271942 0.178291
0.561489 -0.770245 -0.081961 -0.488756 -0.576461 0.754577 0.571476 -0.961892 -0.079226 -0.970761 0.222955 0.274106 0.059948 -0.478691 0.231966
0.317227 0.586456 -0.639804 0.792135 0.504354 0.295910 0.388068 -0.102629 -0.394922 -0.448550 0.168050 0.946161 -0.329326 -0.619470 -0.625523
0.125787 0.914412 0.822834 0.361473 0.136519 0.631932 0.797976 -0.009949 0.133235 0.919328 0.230333 -0.021987 0.170633 -0.790021 0.277465
0.590403 -0.264758 -0.335615 -0.290714 -0.020092 -0.534647 0.324710 -0.580215 -0.312598 0.627567 -0.780306 -0.444230 -0.127312 0.075392 -0.181311
0.854732 -0.707139 -0.623976 0.397330 0.843172 0.219045 -0.647639 0.462364 0.829720 0.263481 -0.031829 0.911072 0.719671 0.863992 -0.118449
0.756627 -0.450403 0.915896 0.146001 -0.429475 0.709068 -0.882079 -0.631529 0.548116 -0.242205 -0.365764 0.570172 -0.350787 -0.460210 0.408495
-0.278494 0.697932 -0.886243 0.101323 0.162172 0.748662 -0.267573 0.263702 0.809660 -0.288428 -0.343284 -0.097688 0.105282 -0.390524 -0.587863
0.396292 -0.137870 0.758820 -0.722943 0.151298 0.706613 0.818121 -0.529027 -0.050884 0.523764 -0.642173 0.269232 -0.269810 0.190318 -0.184285
0.703724 0.927394 0.552578 0.356776 0.191466 0.619568 0.847519 0.855907 0.184995 0.344361 -0.152927 -0.721692 0.549130 0.697429 0.356049
-0.491804 0.655604 -0.341653 0.307725 0.077846 0.754485 0.582759 -0.020127 0.903953 -0.546937 0.680974 -0.318574 0.419916 0.954357 -0.806798
-0.629235 -0.209590 -0.635731 0.438340 0.099060 0.733180 -0.308616 -0.900362 0.879555 0.443252 -0.477054 -0.380641 0.409770 0.441351 0.895538
0.277739 -0.433105 0.192124 0.032648 -0.013328 -0.694810 0.278793 0.694660 0.691751 0.256608 0.826469 -0.722921 -0.915500 -0.165150 -0.973862
0.333548 0.148418 -0.205963 0.119342 -0.527512 -0.882396 -0.267224 0.185261 -0.504795 -0.178447 0.331803 -0.889249 -0.588270 -0.068919 -0.786987
-0.443206 -0.449685 -0.857121 0.950244 -0.025608 0.695247 -0.387049 -0.213756 -0.100101 -0.204260 -0.661667 0.320320 -0.398373 -0.537580 0.909813
-0.665911 0.941775 0.951016 0.417876 0.479697 0.350738 0.456758 0.213138 -0.048160 -0.819604 -0.111452 -0.774204 0.304049 0.804884 -0.387662
-0.846353 -0.547351 -0.687362 -0.655936 -0.755381 -0.093465 -0.589268 -0.952436 0.087971 0.328462 -0.910625 -0.392106 -0.903520 -0.216144 0.456778
-0.264727 0.610655 0.840200 -0.041865 0.160863 0.764217 -0.220147 0.908862 0.675802 -0.830874 0.882770 -0.304933 0.443563 0.948739 0.528206
0.096141 -0.882799 0.213887 0.856016 -0.280227 0.942202 -0.894604 0.699519 -0.438852 -0.650680 0.498169 -0.849532 -0.184183 0.899545 -0.789027
0.222015 -0.694621 0.436852 -0.145124 -0.031899 -0.808830 0.233494 0.177992 -0.519578 0.714490 -0.170439 0.425611 0.115164 0.497727 -0.140103
-0.211147 0.001226 0.922433 -0.572313 -0.880474 0.409520 0.196945 0.486652 -0.398345 -0.962831 0.561144 -0.520153 -0.446032 -0.951481 0.256626
-0.971125 -0.130794 -0.641846 -0.548146 0.064283 0.733707 -0.156354 -0.783680 0.677399 0.264765 -0.513730 0.663952 0.807922 0.166200 0.360636
0.882475 -0.681205 0.134936 0.471150 -0.165599 0.718612 0.627121 0.612505 -0.238132 0.566186 0.017853 0.908670 0.922292 0.181297 -0.961058
-0.157295 -0.836390 0.121948 -0.611364 -0.969607 0.755204 0.979933 0.126132 0.513628 0.379115 0.943157 0.158962 -0.108143 -0.319342 0.933536
-0.187528 -0.031135 0.051148 -0.310325 0.466378 -0.164099 -0.152250 0.962718 0.071621 -0.682314 -0.254639 -0.216823 -0.453828 -0.080135 0.664889
0.534257 -0.045127 -0.538907 0.911409 0.195966 -0.185925 0.657811 -0.298503 0.146267 -0.623223 -0.675994 -0.256409 -0.609378 -0.867684 -0.477674
0.227096 0.927969 0.208969 -0.208681 0.883921 -0.930666 -0.319521 -0.729917 -0.137789 0.029515 -0.465285 0.860860 -0.977258 0.106698 0.434517
0.123929 -0.585496 0.451867 0.686956 0.763685 0.401246 0.048356 -0.348873 0.007923 -0.332547 -0.096808 -0.587159 0.057492 0.390922 -0.231212
-0.731554 0.607260 -0.294973 0.512349 0.228341 0.322392 -0.782464 0.817049 -0.254698 -0.605488 0.012639 -0.308539 -0.812580 -0.361516 -0.278923
-0.352422 0.679717 -0.566450 0.331984 0.101789 -0.140029 0.158329 0.772455 -0.466810 -0.555968 0.870228 -0.135532 0.162188 -0.962363 0.772492
-0.503460 -0.666577 -0.906622 -0.480708 0.041099 0.939735 0.879811 -0.480241 -0.509788 0.033944 -0.882846 0.329783 0.968754 0.260170 -0.152938
0.328609 -0.471997 0.794044 -0.842537 0.509254 -0.200673 0.110356 0.048014 -0.117396 0.209388 0.518226 -0.593941 0.267169 0.400104 -0.203415
0.803857 0.028189 -0.307398 -0.300360 0.140393 -0.931824 0.487709 0.846275 0.987941 -0.520907 -0.249939 0.336485 0.341548 0.596657 0.424701
0.958582 -0.629815 -0.367616 0.435100 0.555074 -0.908984 -0.478925 0.645433 -0.969186 0.585366 -0.214718 0.949602 0.493782 -0.043699 -0.980803
0.482772 -0.340481 -0.016102 -0.565746 -0.769372 -0.773160 -0.395748 -0.500222 -0.354390 0.285957 0.773861 -0.705292 0.823189 -0.448225 0.150431
-0.224918 -0.338053 0.273573 0.964906 0.782905 0.054972 0.605926 0.185268 0.818468 -0.772479 0.709853 0.227281 0.837935 0.935752 0.601472
0.426896 -0.561963 0.650967 -0.560493 -0.741874 -0.585920 0.165868 -0.293368 -0.937263 -0.139549 0.692692 -0.310929 -0.185574 0.342444 0.222676
-0.128903 0.487294 -0.415967 -0.175064 -0.137894 0.094653 -0.618986 0.841424 -0.896589 -0.557891 0.590569 -0.737178 -0.554228 -0.153871 0.202725
-0.932735 -0.631778 0.602552 0.351758 -0.333777 0.880964 -0.219706 -0.943186 -0.556020 -0.743838 0.371712 0.772408 0.196472 0.364584 -0.418485
-0.213244 0.766200 0.857567 0.866257 -0.738929 0.553396 -0.849514 0.495161 -0.963370 0.157473 0.319138 0.600342 -0.954676 0.822102 0.956287
-0.386190 -0.710389 0.097444 -0.778133 -0.031802 -0.706377 0.713167 -0.374314 -0.441832 -0.184721 -0.925044 0.273643 0.959539 -0.484977 0.325773
0.718745 -0.821041 0.788001 -0.687387 0.753671 -0.793402 0.895328 -0.099909 0.208382 -0.913816 0.044977 -0.250590 0.687422 0.026414 0.567399
0.007167 0.084198 -0.583630 0.919298 -0.656718 -0.191775 -0.376663 0.368564 -0.403943 -0.571466 0.581247 0.429969 0.483921 -0.586608 0.479774
0.151713 0.032124 0.959300 0.124859 -0.549439 -0.015333 -0.949931 -0.505607 0.219975 0.019811 0.993160 0.529534 -0.289842 -0.913457 0.395605
-0.143940 0.423367 -0.543354 0.530481 -0.079997 -0.512865 0.302129 0.550509 0.283554 0.828112 0.304086 0.895166 0.136579 -0.229622 0.708184
-0.666246 0.909406 -0.372009 0.234783 0.896312 0.696597 0.693103 -0.881931 0.147223 -0.303814 -0.515107 0.397254 0.458409 -0.274329 -0.169171
0.414885 -0.446468 0.901056 -0.120166 0.985173 0.924775 -0.674008 -0.611042 0.678188 -0.868342 0.396665 0.982197 0.166381 0.038969 0.449878
0.226430 0.394584 0.545637 -0.489784 -0.796955 0.555180 0.550794 -0.048744 -0.951001 0.090456 -0.306413 0.154595 -0.466422 0.813404 -0.794221
-0.184562 0.769369 0.498096 0.732617 -0.937188 0.655932 -0.530414 -0.122793 0.050398 0.693364 -0.947729 0.137577 -0.065160 0.334261 -0.745638
-0.574121 -0.558015 -0.528139 0.717437 -0.516404 -0.537902 -0.756822 -0.495965 -0.381389 -0.953478 0.732563 -0.917208 0.160439 -0.577246 0.070542
-0.672746 -0.564483 0.225652 0.098290 -0.094146 0.154797 -0.587262 -0.178238 0.098741 0.154715 0.517277 0.154890 0.966564 -0.942367 -0.606440
0.770299 -0.664175 -0.435129 -0.643542 0.534577 0.089235 0.766012 -0.530907 0.970058 0.098463 -0.986672 0.801774 -0.760489 0.795507 -0.541177
0.648144 0.935627 -0.320911 -0.169217 0.485758 -0.688823 0.210131 0.506912 0.642547 0.322666 0.470006 0.594216 -0.069232 0.726448 -0.805364
0.507513 0.727805 -0.798533 0.421721 0.126874 0.538252 0.409811 0.202332 0.243466 -0.411205 -0.159356 0.376326 0.138371 0.475489 -0.126037
-0.487430 -0.335426 -0.775800 0.815152 0.358149 0.872441 -0.834287 0.418752 -0.224834 0.530082 0.415268 0.044409 -0.510568 -0.254022 -0.890675
0.990841 -0.453910 0.433519 -0.218579 0.499665 -0.622990 -0.668324 0.718061 0.946368 -0.169898 -0.364290 0.965981 -0.633750 0.436740 -0.053893
0.035701 -0.705530 -0.577171 0.673821 -0.018805 -0.420832 -0.111036 0.835368 -0.730072 -0.387195 0.852490 -0.405581 0.765281 -0.771963 0.195007
0.479462 0.771742 -0.378207 -0.194880 -0.077081 -0.705209 -0.645449 0.261470 -0.740624 0.981365 0.509142 -0.286203 -0.764417 -0.431509 -0.580410
0.222347 0.413948 0.061090 -0.046395 -0.268296 0.268984 0.620858 -0.809609 -0.945809 0.818611 0.443180 -0.394133 -0.805710 0.061462 -0.114968
-0.646206 -0.990198 -0.123875 -0.287316 -0.163251 0.189847 -0.371361 0.113101 0.159229 -0.529963 0.274617 -0.598129 -0.775436 0.396516 -0.114634
0.417531 0.344885 0.673780 0.346084 -0.542337 0.595654 0.141648 0.980876 0.378017 0.355636 0.570192 -0.477909 0.424415 -0.509544 -0.954435
-0.426590 -0.050382 -0.062315 -0.317087 0.281626 0.687719 -0.005756 0.754306 -0.284812 -0.125244 -0.897113 -0.083957 -0.665469 0.807268 -0.997797
-0.172075 -0.746690 -0.595538 0.112277 -0.205971 0.477124 0.621824 -0.843503 -0.508834 0.797964 -0.225745 -0.562302 0.425584 0.354340 0.041675
-0.116845 -0.387925 -0.630204 0.870778 0.234669 0.380098 -0.717135 -0.277444 0.693829 -0.459160 0.386234 0.316125 0.100444 -0.975915 -0.488158
-0.638350 0.647344 -0.281478 0.637019 0.781375 -0.738672 0.668813 0.142302 0.827849 0.553951 0.615721 0.901814 0.845919 0.725883 0.816804
0.497250 0.597746 0.810607 0.703865 0.859400 -0.318407 0.555596 -0.043415 -0.679814 -0.114987 0.424431 -0.298200 0.656722 -0.539210 -0.379443
0.343918 -0.632903 -0.095638 -0.147701 -0.044939 0.306503 0.263322 0.061434 0.859917 0.683743 -0.217325 0.389433 0.099686 -0.093159 -0.611716
0.589251 -0.311689 -0.073873 -0.301484 -0.670263 -0.631411 0.740265 0.789745 -0.225594 -0.814662 0.671564 0.571792 0.117034 -0.111470 0.228270
-0.839253 -0.725130 0.035965 0.814469 0.725464 0.549391 -0.641189 -0.637518 0.865627 -0.136149 -0.692079 -0.641673 0.416766 -0.613713 0.036637
-0.738266 -0.842507 -0.499225 -0.874636 0.813660 -0.577637 0.508489 -0.177896 -0.084904 -0.113506 -0.264572 0.883714 0.885819 -0.459402 0.882424
-0.562273 0.133207 0.989555 0.019787 -0.495137 0.585866 -0.604286 0.905578 0.695095 0.328217 -0.329062 0.844536 -0.709040 -0.332874 -0.815650
-0.636686 0.920108 -0.966355 0.159390 0.502102 0.621550 -0.478269 -0.452867 -0.632701 0.630903 -0.964827 0.340397 0.829935 -0.947422 -0.045128
0.262863 0.237350 -0.532372 -0.491167 -0.187763 -0.806314 0.095841 -0.265637 0.199140 -0.055190 0.513146 0.033286 -0.444275 -0.837168 -0.719861
0.660078 0.440320 0.887071 -0.546731 0.512777 -0.190124 -0.941380 0.765187 0.731572 0.592597 -0.440005 -0.319424 -0.851136 -0.532891 -0.455132
0.508843 -0.455253 0.686598 0.868576 -0.472807 -0.960133 0.410445 -0.882319 0.618964 -0.920480 0.072069 0.651774 -0.506924 -0.985647 0.533535
-0.037198 -0.825337 0.077154 -0.690929 0.802780 -0.086888 0.473895 0.012844 -0.033069 0.775325 -0.726634 0.655527 -0.539277 -0.658995 0.721083
0.557124 -0.577267 0.639105 0.665087 0.465726 0.549532 -0.576695 0.802290 0.285192 -0.849400 0.374646 0.249413 -0.200106 0.190014 0.241821
-0.800642 -0.143453 0.671069 0.320947 0.878239 -0.354648 -0.097686 0.806113 0.851627 0.041641 -0.749674 0.247102 0.934759 -0.267990 0.806193
0.673131 0.568397 0.679651 -0.299904 -0.636887 0.385634 -0.220462 0.017966 -0.976192 -0.334371 0.182260 -0.632250 -0.972652 0.108945 0.176707
-0.792252 0.664179 0.908491 -0.488360 -0.242597 0.534676 -0.311070 0.957363 -0.948303 0.930679 0.875990 0.267100 0.314478 0.052680 0.309934
0.775125 -0.641613 -0.769936 -0.049858 0.532995 0.059977 0.815168 0.753892 -0.569261 0.322573 0.109766 -0.146096 -0.668425 -0.253168 -0.399502
-0.420840 0.950524 -0.142257 -0.931549 -0.979406 -0.795185 0.474011 0.825931 0.698252 -0.085807 -0.148441 0.233375 -0.529851 -0.100376 0.470010
0.086227 0.414860 0.350406 0.297933 0.553508 -0.442224 0.807730 -0.423216 -0.371249 -0.269276 -0.904572 0.369970 -0.400402 -0.456598 0.734526
-0.800009 -0.978514 -0.796398 -0.773802 -0.728580 0.211016 -0.864159 0.328164 -0.915612 -0.076336 0.830074 0.268308 0.482473 -0.853859 -0.008415
0.795979 -0.162757 0.966823 0.314332 -0.087633 0.562654 0.403710 0.301294 -0.323483 0.396926 -0.056617 0.886475 0.548892 0.465390 0.711903
-0.538429 -0.267396 0.479907 0.549562 -0.273167 0.358358 0.115648 0.381383 -0.617306 0.932557 -0.675709 -0.381390 0.669525 -0.704221 0.783402
0.266867 0.683710 -0.940279 -0.406198 0.009527 -0.209685 0.489271 -0.500652 -0.220928 0.625850 -0.920482 -0.523778 0.608572 0.519626 -0.130081
-0.329152 -0.708590 -0.105212 -0.572162 -0.965936 -0.850083 -0.749028 -0.116820 -0.546269 0.539426 0.384507 0.123718 0.514191 0.054227 0.121470
-0.341630 0.032090 0.958250 -0.081180 0.483762 -0.965970 0.165314 0.991579 -0.474299 -0.230439 -0.291546 0.515877 -0.357934 -0.657728 0.981240
-0.140637 -0.683560 -0.543231 -0.072417 0.208965 0.592948 0.863169 -0.589037 -0.739585 0.812146 0.348923 0.573327 -0.808596 0.841697 -0.295704
0.266789 0.548968 -0.874908 -0.880588 0.340894 -0.657075 0.969149 -0.784821 0.031671 -0.596789 0.593475 -0.777165 -0.707665 0.232438 -0.377337
0.210386 -0.939479 0.729281 -0.428287 0.263681 0.041057 -0.287617 0.619153 0.649321 0.953076 0.845510 -0.732926 0.885641 0.841843 -0.574643
-0.849063 0.605220 -0.389284 0.461013 0.246936 0.720758 0.729356 0.788225 -0.377156 -0.837041 0.975659 -0.473200 -0.177867 -0.437595 -0.464082
0.088089 -0.667090 -0.966797 -0.824220 -0.528616 0.864854 -0.797740 0.686731 -0.185961 -0.971781 0.720302 -0.549033 -0.301044 -0.531752 0.116185
-0.675230 -0.571594 -0.220204 -0.855637 -0.405324 0.006038 0.504591 -0.748527 -0.644430 0.663813 0.573242 -0.128463 -0.154546 -0.084086 0.283240
-0.085243 -0.394724 0.854788 0.346902 -0.806193 0.448819 -0.191316 0.191781 -0.030404 -0.715224 0.698806 0.280325 0.619781 0.706819 0.139832
0.568617 -0.426714 -0.807614 -0.056013 0.370574 0.047072 -0.510182 0.286562 -0.058594 -0.637948 0.729315 -0.692468 -0.745270 0.653840 -0.398742
0.625007 -0.423170 0.148494 0.278039 -0.171564 -0.693663 0.241756 0.069583 0.027817 -0.272405 0.018732 0.730738 -0.597861 -0.656417 -0.732673
-0.915012 0.154458 -0.842672 0.886702 -0.179277 -0.049449 -0.754734 -0.973935 -0.902963 -0.644983 -0.250524 -0.102113 0.824536 -0.439218 -0.489177
0.240937 -0.843412 0.843009 0.873285 -0.718222 -0.402555 0.302142 -0.346620 0.780463 -0.819109 -0.286936 0.368562 0.991438 0.150498 0.326722
0.428011 0.048829 -0.308201 -0.216411 0.787737 0.932495 0.253758 -0.746568 -0.619662 0.712118 0.180886 -0.492518 -0.872892 0.995416 -0.394352
-0.220784 -0.281639 -0.456067 0.014539 -0.376707 -0.346153 -0.674010 0.234795 -0.617731 -0.144038 0.369475 -0.868898 -0.377273 0.351499 0.998177
0.845057 0.733833 0.278425 0.496751 0.231147 0.443545 -0.193263 -0.329333 0.579171 -0.652182 -0.643509 -0.554728 0.971416 0.716724 0.874018
-0.394918 -0.183259 0.431517 0.825608 -0.571025 -0.141960 0.045334 -0.523299 0.630387 0.216365 0.272395 -0.022607 -0.989213 0.106509 -0.031270
0.727714 0.505812 0.865580 0.497058 0.290787 0.542970 -0.528139 -0.474071 -0.459236 -0.007486 -0.299009 -0.389666 -0.628431 0.447185 -0.065764

Bias v0 (Oculta):
-0.776813
0.772166
-0.125013
-0.173608
0.065506
0.076364
-0.928266
-0.982792
-0.327747
0.853982
0.546345
0.377614
0.634300
0.285422
0.558690

Pesos w (Oculta -> Saﻥda):
0.210441 0.048795 0.984590 -0.981535 -0.531888 0.703060 0.001417 0.371486 -0.303878 0.155808 -0.459603 0.991851 -0.329133 -0.654298 -0.670757 0.017694 -0.304811 0.368769 0.155112 0.479934 -0.244481 -0.834000 0.578417 -0.046862 -0.588916 -0.137259
-0.220496 0.281637 -0.706101 -0.199475 -0.216274 -0.595502 -0.904999 0.160961 0.628695 0.105604 0.419532 0.495371 0.022191 0.230208 -0.816523 -0.358443 -0.811508 -0.246370 0.496733 0.274489 -0.659121 -0.363067 0.829547 -0.324559 0.059569 0.776098
-0.354055 0.341110 0.569835 -0.598706 -0.481331 -0.195540 -0.744514 0.758652 -0.029539 -0.533127 0.260845 0.423385 0.725199 -0.263161 -0.249929 -0.043246 0.420480 -0.862753 -0.888924 -0.696338 0.002837 -0.706482 0.370870 0.684097 0.754503 0.578686
0.310545 -0.907549 -0.980906 -0.049474 0.623182 0.206282 -0.848583 -0.034871 0.934664 0.670096 -0.652905 -0.141929 -0.302946 0.597606 0.215316 0.934575 0.085990 0.000009 0.412087 0.407120 -0.903107 0.919106 0.198992 -0.162929 0.818916 0.828291
-0.609623 -0.474502 0.259155 -0.896137 -0.584739 -0.886686 0.122837 0.376493 -0.197246 -0.502055 -0.533780 0.865830 -0.891846 -0.153381 0.849227 0.601580 0.251976 -0.626293 -0.768500 -0.409320 0.514437 -0.027931 0.607737 -0.069443 -0.143718 0.062564
0.642305 -0.395269 0.276312 -0.218461 -0.006638 -0.904106 -0.215653 -0.391106 0.249539 -0.009466 -0.708525 -0.361153 -0.191697 0.334170 0.129626 0.033349 0.901372 -0.582545 -0.969027 -0.031227 0.290925 0.942446 -0.512254 0.125322 -0.506391 -0.666389
-0.351591 -0.783801 0.717976 -0.414895 -0.685703 0.995602 0.833780 -0.455312 0.685182 -0.394860 0.589363 -0.085919 -0.134899 0.912406 -0.908192 0.461119 0.392419 0.803978 0.922112 0.297504 0.160067 -0.756288 0.969384 -0.440611 0.928434 -0.292741
-0.158211 -0.596323 0.823726 0.200155 0.019747 -0.616891 0.090820 -0.252126 0.192823 -0.212986 0.257928 -0.164382 0.032833 0.746740 0.345976 -0.754609 0.311709 0.894052 -0.279198 0.003499 0.614274 0.023074 0.977000 0.769262 0.745573 -0.917798
0.112605 -0.635119 0.746885 0.232481 0.990823 0.950227 -0.316830 -0.310252 -0.330548 -0.025368 0.010263 0.582136 -0.004643 -0.551471 -0.713961 -0.660093 -0.326327 -0.724671 -0.854321 0.809932 0.882322 -0.779710 0.933597 0.155148 0.026213 -0.525099
0.026662 0.577716 -0.900467 0.359177 0.984282 0.729263 0.644147 -0.049263 -0.347072 -0.781563 0.488401 -0.719612 -0.066763 -0.739651 -0.407018 -0.485242 0.914365 0.565565 0.828602 0.313101 0.772986 0.976512 -0.666557 -0.283389 -0.496241 -0.421855
-0.444976 -0.202835 0.759205 0.228902 -0.257030 0.236952 -0.331127 0.527993 -0.403068 -0.684732 -0.049745 0.106373 0.728149 -0.706502 0.388266 0.593030 0.102575 0.259669 0.997235 -0.270538 -0.379786 -0.097367 -0.774844 0.686570 -0.908699 -0.384276
-0.888239 -0.695741 -0.129386 -0.321531 -0.558976 0.141875 -0.264172 0.910845 -0.798551 0.681730 -0.465490 0.811038 0.828341 -0.859096 -0.854322 0.290107 0.099180 -0.653427 0.215952 0.134315 -0.383619 -0.815778 -0.978046 -0.601014 0.990007 0.374762
0.312944 -0.316864 0.417002 0.243811 0.960278 0.241315 -0.597782 -0.450440 -0.179022 -0.188352 0.755659 -0.988929 -0.339047 -0.913871 -0.027706 -0.795381 -0.855080 -0.776356 -0.971613 -0.306131 -0.991990 0.146909 -0.776441 -0.411457 -0.419783 0.195742
0.781240 -0.120198 0.165535 0.321950 0.963839 0.059068 -0.191554 -0.517202 -0.488204 -0.958726 -0.413601 0.090837 0.943101 -0.538831 -0.548718 -0.115665 0.633743 -0.930342 0.393660 -0.457547 0.497266 -0.094130 0.021394 -0.561143 -0.815332 -0.007123
0.341767 -0.511855 -0.168190 0.703399 0.146995 0.345423 -0.522639 0.417971 -0.489208 -0.332887 0.771341 -0.249895 0.582840 0.897858 0.606193 -0.080128 0.526761 0.606255 -0.983207 0.041257 0.410736 0.862425 -0.451230 -0.062599 -0.488047 -0.588244

Bias w0 (Saﻥda):
0.044625
-0.436171
0.450303
0.917455
-0.408512
0.532858
-0.231441
-0.773328
0.696312
0.134685
-0.426833
0.655380
-0.461687
-0.305362
0.660584
-0.466478
-0.397289
-0.510016
-0.287167
0.009309
0.664801
-0.176823
-0.506657
-0.299290
-0.854346
0.750298
