Pesos v (Entrada -> Oculta):
0.825283 0.991346 -0.375491 -0.852759 0.439844 -0.345392 0.003479 0.652318 0.253356 0.821274 -0.592175 0.772731 0.623442 -0.724832 -0.933104 0.339839 0.303139 -0.856097 0.370924 0.822408 -0.608764 -0.242336 -0.744930 0.900087 0.372225 0.133768 -0.186783 -0.227915 -0.623242 0.749895
-0.605432 0.094098 -0.330883 0.314275 -0.141231 -0.858789 -0.340552 0.768326 0.011449 0.862059 0.659297 0.691901 0.404321 0.606703 0.220260 0.611277 -0.589946 -0.983252 0.652120 0.035765 0.382468 -0.339755 -0.224377 -0.548460 -0.042253 0.939222 0.054093 -0.512655 0.998914 0.376508
0.958782 -0.635620 -0.015330 -0.990597 0.880395 -0.266830 0.332359 0.529524 0.824429 -0.284977 0.627843 -0.084124 -0.933998 0.349396 -0.736081 0.525833 0.588846 0.725884 -0.012587 0.024163 0.830837 -0.303541 -0.076339 0.583418 -0.733861 -0.331598 0.073700 -0.284053 -0.455329 -0.566957
-0.041371 0.926779 -0.215034 0.549428 -0.266113 0.131621 -0.953876 0.323477 -0.171754 0.459295 -0.576820 0.556275 0.178098 0.250003 0.770850 0.303961 -0.188626 -0.769685 -0.694900 -0.198285 0.487410 0.935928 0.167385 0.836573 0.090387 -0.576415 -0.235892 0.302907 0.011408 0.505434
0.449528 -0.748375 0.464086 0.334593 -0.746859 0.048632 0.250889 0.570897 -0.547863 -0.718288 0.038157 -0.122387 -0.685369 0.571915 0.796794 0.431490 0.027393 -0.260817 -0.259124 0.178295 0.534127 -0.584559 0.519118 0.513383 -0.900050 -0.438864 -0.191702 0.179926 0.058974 0.919230
0.730875 0.445511 -0.053560 -0.283274 0.443057 0.894020 0.077179 0.630356 0.369637 -0.664138 0.883721 0.347032 0.308078 0.831604 -0.894746 0.207485 -0.227141 -0.481622 0.680980 -0.762395 -0.804599 -0.971491 -0.764433 -0.972644 -0.810885 0.285507 -0.849467 -0.105807 -0.374051 0.607748
-0.899434 0.091776 0.753747 -0.983192 -0.837821 0.996691 -0.832107 0.567424 -0.475630 0.937625 -0.130528 -0.919987 -0.382184 -0.762991 -0.013166 -0.517675 -0.815023 -0.128599 -0.128001 0.364977 -0.005338 -0.420501 0.907873 0.871587 -0.244632 -0.093949 0.720974 0.055809 0.664917 0.352581
-0.533865 0.847687 -0.016133 0.558290 0.281680 0.201930 -0.354729 0.401575 -0.887984 0.208392 -0.207439 -0.710778 0.689590 -0.192387 0.879774 -0.114501 0.615245 0.167452 -0.640986 -0.780100 0.523217 0.239927 0.865805 -0.106555 0.364213 -0.673272 -0.277509 0.486764 -0.367219 0.595890
-0.922541 0.526733 -0.164823 -0.286786 0.518115 -0.506558 -0.000166 -0.734096 0.972771 -0.071236 -0.765971 -0.335803 0.489374 -0.689395 -0.815878 0.880574 -0.364496 -0.761400 0.104425 -0.214582 -0.759034 0.255081 -0.401387 -0.614017 -0.976933 0.646873 0.025973 -0.865347 0.727415 -0.954859
0.248204 0.586407 -0.948854 0.941773 -0.208925 0.699490 -0.630781 -0.798692 -0.506868 -0.811745 0.537876 0.586491 -0.742769 0.463969 -0.199284 -0.712095 -0.440546 -0.507488 0.342312 0.621682 0.993301 -0.618444 -0.455378 0.563793 0.913736 -0.624234 0.558835 -0.790131 0.851232 -0.695083
0.229071 -0.184761 -0.620641 -0.045030 -0.890084 -0.246102 -0.838273 -0.316987 -0.724096 -0.019636 -0.161048 -0.691200 -0.258212 -0.335983 -0.498416 0.713392 -0.340842 0.846950 0.017060 -0.378466 -0.239093 0.561675 -0.455829 -0.891691 -0.885727 0.000740 0.933326 0.770679 -0.926643 0.024738
-0.470521 0.253829 -0.019157 -0.853336 0.612735 -0.538364 0.409319 0.124522 0.949300 -0.231165 -0.881239 -0.408483 0.625984 -0.364567 -0.343597 0.982874 0.398756 0.016224 -0.412366 -0.974412 -0.743425 0.925568 0.439859 0.919487 0.934128 0.251144 -0.435235 -0.068137 0.412121 0.035573
-0.324404 0.485752 -0.155012 0.928221 0.486856 0.777462 -0.122972 0.353760 0.632641 0.337454 -0.210220 0.057441 0.361242 -0.173957 0.440979 -0.819452 0.908367 0.195839 0.981002 0.856285 0.730728 -0.239858 -0.649666 0.169338 0.700196 0.285143 0.566625 -0.170905 -0.159649 0.914548
0.513139 0.634434 0.660142 -0.999053 0.655142 0.739935 0.334209 -0.341474 -0.825531 0.564623 0.187190 -0.061644 -0.358191 0.767457 -0.206829 0.095460 0.225058 -0.029469 -0.622341 -0.681662 -0.083650 -0.510786 -0.631865 0.769744 0.616163 -0.155667 -0.644251 0.720320 -0.391416 -0.495378
-0.818176 -0.739405 -0.537123 -0.067751 -0.106375 0.902771 -0.370194 0.407422 -0.511498 0.312908 -0.715275 -0.289144 0.049368 0.446448 -0.318966 0.733319 -0.411060 -0.679823 0.309898 0.059060 0.644486 0.733459 -0.800470 -0.133497 0.760051 -0.237513 -0.059018 -0.244118 -0.422895 0.498047
0.859535 0.380527 0.048915 0.051465 0.115949 -0.283396 -0.370985 0.369858 0.079919 0.775916 0.691325 -0.519056 -0.163957 -0.129270 -0.384360 -0.387318 -0.870084 -0.230466 -0.868436 -0.240428 -0.624477 -0.856568 -0.478756 -0.428665 -0.858025 -0.918990 0.975894 0.416519 0.164126 -0.590747
0.308669 -0.679785 -0.626835 0.847526 -0.144457 0.706352 0.252696 0.717759 -0.773763 -0.170304 0.995834 0.845559 0.425526 -0.079480 -0.323941 -0.370735 0.174638 0.607463 -0.312905 -0.369450 0.380591 -0.019456 0.649325 0.742057 -0.516291 0.349501 -0.272379 -0.475687 0.497028 0.342079
0.983850 0.500795 -0.350384 0.379280 -0.506264 -0.199612 0.556134 -0.833445 0.282698 0.254758 0.996657 -0.341045 0.602323 0.859165 -0.176383 -0.363052 0.627029 -0.426661 0.805703 -0.976066 0.060308 -0.711147 0.326248 -0.497815 0.992587 0.867410 0.721063 -0.076494 -0.020201 -0.416722
0.452906 0.920090 -0.691061 -0.665558 0.138834 -0.185729 -0.587485 0.137219 -0.028678 0.700980 -0.430767 -0.739707 -0.598083 0.153928 0.888034 -0.619234 -0.583199 -0.717324 -0.039096 -0.711999 0.380066 -0.971651 -0.225232 -0.976658 0.961830 0.743315 -0.780452 -0.409845 0.537191 -0.296669
-0.592259 0.649638 -0.436542 0.661780 0.726002 -0.214718 0.747125 -0.430011 -0.317372 -0.371311 -0.476205 0.017248 -0.643638 -0.701381 0.078937 0.006467 0.378633 0.381238 0.436471 -0.288468 -0.636113 0.058490 -0.189848 -0.360384 -0.372677 0.033951 -0.956007 0.138320 -0.221732 -0.994475
-0.210774 0.030460 -0.806178 -0.744614 -0.003780 -0.434397 -0.787903 -0.069562 0.591828 0.089619 -0.936109 -0.136861 -0.603064 -0.354340 0.278685 -0.953459 0.534327 0.056484 -0.040534 0.744031 0.490272 -0.506947 0.201243 0.115972 0.241690 -0.671783 0.406117 0.639120 -0.851340 0.152806
0.256685 0.777340 -0.718246 0.545115 0.666799 0.494498 0.138406 0.806733 0.023003 0.021286 0.013700 0.123250 0.177415 -0.759187 -0.099660 0.622931 -0.025509 -0.961218 0.428338 0.840995 -0.181106 -0.188915 0.222362 0.888034 -0.540052 -0.210226 0.695038 0.981276 -0.121794 -0.178507
0.789212 -0.091632 -0.082238 -0.243596 -0.407254 0.416638 -0.799905 0.147233 0.923668 0.012968 0.608864 0.328892 -0.478659 0.549622 -0.770730 -0.124023 -0.796054 0.109324 -0.919122 -0.379194 0.446091 -0.265196 0.409859 -0.664962 0.719117 -0.473029 0.268163 -0.623158 0.209017 -0.190162
-0.397496 0.956920 -0.346962 -0.720441 -0.703430 -0.493457 -0.429764 0.088825 -0.999507 -0.577183 0.305375 0.393287 -0.130137 0.601325 -0.238549 0.967161 -0.228503 -0.622111 -0.711844 0.571428 0.130101 0.230483 0.825172 0.906389 -0.083069 -0.261324 -0.057883 -0.886219 0.021756 0.167874
-0.380898 -0.245265 -0.932309 0.888745 -0.856609 0.877722 0.336560 -0.533581 0.383945 0.067256 0.071788 -0.182942 0.231462 0.389757 -0.152820 0.987210 -0.403642 0.995537 -0.263964 -0.763318 -0.276169 0.352269 -0.135398 0.926678 -0.493770 -0.905180 -0.176806 0.784976 -0.093207 -0.654273
0.569910 0.515772 0.490589 -0.442366 0.668044 -0.722142 0.770445 0.081840 0.671146 0.990629 0.667070 0.439461 -0.830165 -0.983455 0.658287 -0.182401 -0.922466 -0.080903 0.572961 -0.194508 -0.978520 0.163448 0.490377 -0.423995 0.491742 -0.010333 -0.685931 -0.048775 0.349355 0.785003
-0.365409 0.386417 -0.018561 0.081758 0.702629 -0.143238 0.443880 -0.294122 0.191380 -0.183227 -0.800780 -0.134990 -0.241305 -0.563017 -0.000787 0.536526 -0.212151 0.118294 -0.909820 0.167057 0.853137 0.086249 0.344574 -0.029811 -0.571070 0.735788 -0.011548 0.661234 0.486322 -0.370662
0.225031 0.902404 0.999844 0.336494 0.945946 -0.515373 0.881052 -0.247295 -0.751005 -0.812498 -0.472384 0.287897 0.371663 -0.424710 -0.902923 -0.561645 -0.321150 0.721766 0.424622 0.626632 -0.917519 0.610362 -0.057094 -0.029382 0.439110 0.078905 -0.673095 0.114753 0.642604 -0.868871
0.499081 0.449837 0.585000 -0.810501 0.624599 -0.701642 0.246255 -0.982039 -0.120344 0.765343 0.209919 -0.965712 0.841837 -0.305370 -0.149691 0.734775 0.255651 0.061726 -0.704043 -0.364315 -0.142252 -0.087060 0.172665 -0.348895 -0.832844 -0.432795 -0.022072 -0.880249 0.934036 -0.366989
-0.482811 0.026470 -0.861584 -0.189092 0.637631 0.200749 0.257061 0.302750 -0.708966 -0.200045 0.276689 -0.221558 0.071177 0.466792 0.111646 -0.102453 -0.803946 -0.010836 0.033644 -0.420640 -0.127629 0.521685 -0.105580 0.491962 0.872323 -0.251756 -0.231648 0.675215 0.495662 0.695169
0.491220 -0.379646 -0.668798 0.469651 0.789276 -0.582136 -0.032813 -0.286875 0.814995 -0.348063 0.963671 0.218564 -0.185401 0.865790 0.755304 0.682132 0.619123 -0.941733 -0.012553 0.864563 -0.255280 0.940992 -0.885208 0.233202 -0.259739 0.206730 -0.057915 -0.349058 0.042451 0.198786
-0.275652 -0.657628 -0.737268 -0.956420 -0.545369 0.375019 0.103697 0.840343 -0.943693 0.544066 -0.785765 -0.010703 0.959147 0.256446 -0.036456 0.726368 -0.486608 -0.156601 -0.825418 0.008009 -0.647104 0.295811 0.856507 -0.405298 0.337139 -0.844994 -0.979391 -0.996731 0.935122 0.770827
-0.701984 0.051647 -0.003531 0.683827 -0.792521 -0.956637 0.581102 -0.045632 0.458301 -0.884115 0.494174 0.050961 -0.304631 0.338959 0.850388 -0.991996 0.690943 -0.960289 -0.358471 -0.597930 0.080214 0.813551 -0.520272 0.562128 0.157141 -0.225775 0.675814 0.590847 0.092414 0.151833
-0.133895 -0.759033 -0.122613 -0.601148 -0.792979 0.100795 0.883853 0.010828 0.157421 -0.866125 0.915266 -0.106907 -0.199887 -0.860081 0.497660 -0.603746 -0.256405 -0.394307 0.845343 0.691185 0.014426 -0.741059 -0.774808 -0.632117 0.447899 0.021586 -0.074651 -0.612626 0.538112 -0.512752
0.400697 0.113682 0.352298 0.806229 -0.367722 0.273277 0.883338 -0.107703 0.280203 0.152631 0.079790 0.964012 0.491901 -0.960574 0.962333 0.882761 -0.515144 -0.047707 0.637548 0.411641 -0.505972 -0.127251 0.815854 -0.825768 0.063271 0.237688 0.043155 -0.501857 0.747848 -0.947936
0.602308 0.780348 0.153233 0.608791 0.299693 -0.770109 -0.732267 -0.416927 0.872514 -0.864810 -0.310126 -0.679504 -0.155709 0.550233 0.697040 -0.735247 0.721681 0.573057 0.479915 -0.790332 0.894890 0.893926 0.347198 0.760972 -0.486631 -0.246447 -0.504403 0.695830 0.928827 0.917905
-0.873791 -0.440168 -0.532382 0.644515 -0.999268 0.005656 -0.428124 -0.827202 -0.026332 -0.637228 -0.150810 0.136099 -0.660703 0.835635 -0.183609 0.817976 -0.971392 -0.790721 -0.380095 -0.140017 0.169615 0.123510 0.284910 -0.181553 0.535767 0.603999 -0.178441 0.349084 0.080619 -0.279071
-0.328763 -0.548435 0.557576 0.471814 0.749268 -0.291779 -0.336483 0.180257 0.013737 -0.162021 -0.396763 -0.752616 0.012534 0.929106 0.742329 -0.120636 0.377264 0.597649 0.957588 0.116565 -0.237157 -0.325270 -0.257985 0.451691 0.711992 0.835870 -0.757281 -0.627455 -0.495411 -0.279288
-0.146960 -0.593842 -0.506095 0.321395 0.967980 -0.128880 0.119966 -0.184373 0.642801 -0.999600 0.138011 -0.109084 0.204948 0.842530 -0.390744 -0.646048 0.862980 -0.432574 -0.311192 -0.788479 0.294095 -0.052513 -0.224174 -0.673294 -0.418789 0.462675 -0.499194 0.622143 -0.345473 -0.747987
-0.992451 -0.388635 0.704012 0.149966 0.068494 0.706018 -0.791382 -0.824883 -0.485148 0.412230 0.309134 0.728419 0.776478 -0.984484 -0.588774 -0.378994 0.484948 0.240275 -0.526039 -0.645345 -0.828648 0.656101 -0.351477 0.353378 0.915765 -0.449245 -0.000167 -0.284140 -0.522114 0.798434
0.651009 0.605418 -0.755161 0.865186 -0.668860 -0.098245 -0.925206 0.491251 -0.989344 -0.117693 0.347360 0.871886 0.922461 -0.558394 -0.752875 -0.808158 -0.707899 0.090764 -0.856987 0.773740 0.395621 0.078339 -0.309108 0.153199 0.010956 0.682819 0.996180 -0.356709 0.276277 -0.716555
-0.661973 -0.860163 -0.216223 0.100698 -0.481994 -0.747469 0.175029 0.416292 -0.918193 0.035365 -0.985973 -0.775015 -0.366860 -0.348206 -0.898707 0.647838 -0.259891 0.539152 0.342628 0.975766 -0.545839 -0.765689 -0.701295 -0.066283 -0.857173 0.095378 -0.883847 0.619138 -0.542389 0.003114
-0.915950 -0.037018 0.639545 -0.783959 -0.981808 -0.000682 0.521119 0.041006 0.014001 0.631986 0.831624 0.262260 -0.186567 0.695569 0.826896 -0.352179 0.918837 -0.495286 -0.017101 -0.042498 -0.907655 0.357033 0.809052 0.651966 0.601229 0.401589 0.474029 0.895123 -0.704693 0.081608
-0.046139 -0.716017 0.045065 0.197367 0.417722 -0.729731 -0.419405 0.742775 -0.736553 0.237102 0.559611 0.236698 -0.726920 -0.198029 -0.449140 -0.263475 0.582956 -0.923970 0.463381 -0.864419 0.231994 -0.088211 -0.922271 0.830931 0.381874 0.074566 0.700982 -0.182176 -0.410568 0.225883
-0.327940 0.883106 0.633722 0.668905 0.011880 0.541903 0.706584 0.942107 0.834483 0.496815 0.588470 -0.550127 0.957212 0.490684 0.360393 -0.732887 0.765792 -0.274009 0.489383 0.222539 0.901092 -0.299461 0.169712 -0.824045 -0.368985 -0.307088 -0.546123 0.244855 -0.757835 -0.576820
0.343935 0.473172 -0.180928 0.689306 0.497303 -0.344675 0.814038 0.706319 0.621682 -0.700126 -0.379493 0.541924 -0.412146 -0.676035 -0.704864 -0.940369 -0.659528 0.516902 0.779199 0.783988 0.264112 0.696090 -0.281626 -0.149696 0.406760 0.542585 0.899813 -0.482066 -0.194467 -0.239306
0.719406 -0.850448 0.338627 -0.243760 -0.159481 0.313740 -0.124594 0.276545 -0.042988 -0.183596 -0.755520 -0.088051 0.189879 -0.494147 0.814705 -0.258319 0.574142 -0.991194 -0.744035 0.187150 0.452679 -0.964663 -0.616630 0.768802 0.845942 -0.363301 0.500281 0.118617 0.063898 0.731562
0.030993 0.090535 0.044768 0.154664 0.378010 0.950927 0.927052 0.837240 0.877923 0.768086 -0.166478 0.484561 -0.989277 -0.856859 -0.870582 -0.870747 -0.092304 -0.958589 -0.709490 -0.589048 -0.509100 0.792368 0.211710 -0.363869 0.307944 -0.728393 -0.091196 0.870488 -0.071485 0.997594
-0.159243 -0.494329 0.411857 0.544206 -0.555574 0.442460 0.438054 -0.712828 -0.317201 0.874474 -0.991546 0.857438 0.967295 0.811087 0.862457 -0.361841 -0.456284 -0.915059 -0.477521 -0.616764 0.681242 -0.018695 -0.785110 -0.899267 0.343086 0.278553 0.258223 -0.109190 0.857308 -0.415073
0.486911 0.933385 0.713057 0.560775 0.755921 -0.898062 0.281885 0.533683 -0.441033 0.550280 0.958512 -0.905807 -0.925186 0.882714 -0.276066 -0.638863 -0.840632 -0.254456 -0.507584 0.754377 0.175366 0.596563 0.837271 0.025196 -0.107434 -0.721449 -0.119578 -0.036380 -0.039581 -0.821518
0.810856 0.611382 -0.834208 0.111955 0.795933 -0.438519 -0.799858 -0.690369 -0.899365 0.650674 0.140783 -0.195933 0.016029 -0.678963 0.163857 0.683401 -0.660721 -0.300328 0.189749 -0.634650 -0.298638 -0.661232 0.171488 0.215906 -0.585635 -0.870810 0.129836 -0.611352 -0.553034 0.190356
0.160315 -0.293536 -0.990538 0.091184 0.262203 0.836194 0.185023 -0.754617 0.102853 0.698231 -0.322211 -0.947514 0.865843 -0.909438 -0.110932 0.262781 -0.930468 0.224528 -0.750158 0.583529 0.931248 0.884806 0.656843 0.881092 0.433300 -0.629435 -0.102477 0.257789 -0.235793 -0.662723
-0.151448 0.834366 0.779155 -0.101249 -0.263777 0.903491 -0.481842 -0.324758 0.353593 -0.749292 -0.467116 0.877244 0.540305 0.104633 0.176604 -0.625907 -0.682003 -0.524874 0.550826 -0.092534 0.391660 0.906617 0.133327 0.560078 -0.637449 0.852801 -0.596576 -0.125970 -0.594091 -0.527756
0.168934 0.228747 -0.843452 0.654287 0.916440 0.044837 0.908378 0.380539 0.747908 0.274877 -0.662330 0.741303 -0.647496 -0.594539 -0.372315 0.866980 -0.650053 -0.613982 -0.877810 0.624674 0.588682 0.757128 -0.179679 0.359643 -0.691122 0.584241 0.609442 -0.575523 -0.535979 -0.670013
-0.097087 0.882488 0.080322 0.786687 -0.027835 -0.004403 -0.065802 -0.473021 -0.038980 0.455512 -0.539515 0.902665 -0.556298 0.123538 0.938252 0.060120 0.078002 -0.962661 -0.904538 0.801135 0.747330 0.007845 0.315658 0.364575 -0.661055 0.028567 0.115055 -0.351201 0.933949 -0.295366
-0.173148 -0.568964 0.588645 -0.358129 -0.079200 -0.037907 -0.212214 0.179467 -0.894161 0.884292 0.582053 -0.488884 -0.751781 -0.149769 -0.417266 0.334659 -0.493102 0.216540 -0.295655 0.158027 -0.756364 -0.947526 -0.880443 0.263778 -0.086981 -0.969454 -0.362582 0.632843 0.157114 -0.913065
0.927579 0.686884 0.126434 0.431227 -0.884420 -0.904977 -0.997738 0.202464 0.830531 -0.010365 0.261660 -0.459716 -0.255893 -0.117283 0.506751 -0.512297 0.669776 -0.075061 -0.176236 -0.142062 -0.661416 0.826611 0.826082 -0.607726 0.134149 0.268078 0.097613 0.618087 0.809501 0.067096
0.993173 0.982367 -0.665844 0.662822 0.157780 -0.621011 0.248366 -0.587780 -0.472005 0.525314 0.233434 -0.913719 0.122272 -0.058333 0.489841 0.204082 0.331615 0.719266 -0.388586 0.266851 -0.835348 0.996081 -0.823714 0.661214 -0.523039 0.873210 -0.013277 -0.374617 -0.158605 -0.585521
-0.342473 0.389269 -0.842655 -0.004797 -0.125830 -0.092972 0.122652 0.241302 -0.793647 -0.594400 -0.588285 -0.351990 -0.101128 0.268968 -0.631559 0.773861 -0.982897 0.446170 -0.934949 -0.296590 0.227426 0.532542 0.713324 0.811480 -0.278614 0.623591 -0.967283 0.989411 0.329828 -0.178945
0.408201 0.166034 0.634981 -0.139163 -0.590103 0.920910 0.562172 -0.635289 -0.241373 0.391865 -0.379099 0.411711 -0.641175 -0.530833 0.482116 0.611996 -0.770840 -0.440360 0.416402 -0.958169 -0.887029 -0.440294 -0.599706 -0.326316 -0.582794 -0.205379 -0.841820 0.387274 0.573202 -0.289315
0.041953 -0.598025 0.195214 -0.847925 0.176977 0.174356 -0.542053 0.355568 0.807063 0.502935 -0.052420 0.973322 0.538340 0.747917 -0.848926 0.924478 0.181292 0.115932 0.675471 0.305354 0.282726 0.750777 0.941298 -0.231964 -0.318765 0.567363 -0.094008 0.196346 -0.965697 -0.658359
0.189768 0.709381 0.218184 0.072972 -0.235444 -0.722307 0.399390 0.889047 -0.071022 -0.151797 -0.148355 0.284438 0.841563 0.825799 -0.362771 0.949575 -0.507041 0.051668 -0.743209 -0.246852 -0.453581 -0.447259 -0.729218 0.540382 -0.605537 -0.890044 -0.565850 -0.454049 0.454480 -0.490482
0.322274 -0.082002 -0.659079 -0.690331 -0.045348 -0.515864 -0.065941 0.687449 0.661164 -0.855937 0.548723 -0.470517 0.500952 -0.303247 0.266613 0.945422 -0.392246 -0.991095 0.525529 0.518034 -0.406719 -0.537357 -0.869255 -0.497286 0.818114 0.250829 -0.098661 0.692442 -0.350854 -0.009510
-0.898886 0.626015 -0.648785 -0.600847 -0.967886 -0.996746 0.190483 0.892591 -0.579313 0.918054 -0.217465 -0.702942 -0.126518 0.239744 -0.437917 0.524445 0.394057 -0.284986 -0.978550 0.293765 -0.302045 0.470330 0.501847 0.035011 -0.646698 0.158187 -0.843847 0.006058 0.297468 0.077728
0.530175 -0.625339 -0.489270 -0.554642 -0.783350 -0.209990 -0.011329 -0.432777 -0.156857 0.618676 0.535031 0.857501 -0.865685 0.240934 0.823578 -0.041588 0.162846 0.584489 0.630203 -0.749511 0.776743 -0.022034 -0.149853 -0.474644 -0.014424 -0.404826 -0.412737 -0.227772 -0.513646 0.209168
0.249537 -0.812053 -0.674343 -0.662589 0.447532 -0.002384 -0.249444 0.432828 0.157810 0.917297 -0.907317 -0.631184 -0.347703 -0.466786 -0.684020 0.652799 0.830062 0.828811 -0.799669 -0.702169 0.018256 -0.616650 -0.417151 0.956361 -0.186741 0.372595 0.291392 0.185884 0.181327 0.173800
0.544143 -0.111602 -0.316639 0.501913 0.221305 -0.114006 -0.676180 0.777123 0.794931 -0.760242 0.058584 0.816432 -0.790801 0.137013 0.580272 0.700804 -0.259361 0.402696 -0.848413 0.808514 0.302304 0.370028 -0.507379 -0.586243 -0.153131 0.410586 -0.167760 0.106912 -0.163555 -0.650866
-0.432890 -0.194509 0.142519 0.015717 0.229975 -0.259258 0.495353 0.315642 -0.025445 0.711922 0.414828 -0.522140 0.629645 0.268884 0.971729 0.053655 0.276964 -0.329645 -0.000957 -0.956989 -0.555588 -0.574723 -0.757698 -0.231325 -0.941475 0.238210 0.791464 0.777352 0.757660 -0.076619
-0.365441 0.596601 0.653449 -0.046180 -0.659159 -0.438722 -0.878506 0.552714 -0.542493 0.328505 0.211548 0.472504 -0.464151 0.202859 0.610063 0.773587 0.582525 -0.194096 0.314120 -0.882006 -0.065724 -0.480461 -0.456101 0.656472 0.830611 -0.811523 0.900427 0.718330 0.951260 -0.789020
-0.727602 0.606520 -0.624552 0.063191 0.859077 -0.740788 -0.605901 -0.125087 0.701944 0.798080 0.719496 -0.482685 0.488702 -0.757415 -0.068443 0.369379 0.113392 -0.037463 -0.616362 -0.486966 -0.604854 0.315817 0.546096 -0.136408 -0.461489 0.499971 -0.986377 0.235033 -0.521512 -0.950718
0.675755 -0.059884 -0.285650 0.089551 -0.730411 -0.658304 0.233691 -0.964507 -0.414042 0.613402 -0.974019 -0.497191 -0.410452 -0.380414 -0.008674 0.037183 -0.723845 -0.083049 0.556532 -0.489398 -0.340611 0.852169 0.594414 -0.013944 0.397546 -0.462153 -0.878317 -0.416928 -0.850437 -0.973794
-0.178780 -0.919534 0.060953 -0.401061 -0.865894 -0.475840 -0.101491 -0.160192 0.131964 0.363991 0.514382 0.893846 0.414203 -0.496267 0.052517 -0.817693 -0.913310 0.858246 -0.412530 0.574665 -0.193120 -0.236505 0.856843 -0.204108 -0.970549 0.411933 0.294346 0.206752 0.152605 -0.573303
0.443889 0.519422 0.496547 -0.727792 0.614128 0.995433 -0.078331 0.660010 0.919227 -0.765775 0.777982 0.454453 0.305391 0.169086 -0.277465 -0.446738 0.811865 0.604836 0.255064 0.583609 0.576628 0.359178 -0.562193 -0.308029 0.359612 0.825903 0.850690 -0.316356 -0.624225 0.299790
0.628249 0.059083 -0.406835 0.773861 0.833011 -0.425399 0.552590 0.461092 0.859175 -0.984442 0.336814 0.783236 -0.759524 -0.782941 -0.574275 -0.473016 0.237754 0.605679 0.136134 0.366837 0.777746 0.008485 0.270419 0.481397 0.356468 0.973470 0.070141 0.004983 -0.047808 0.944843
-0.022327 0.905778 0.062942 0.438015 -0.670123 -0.234578 0.476542 -0.191536 -0.272996 0.077721 -0.300889 -0.681632 -0.526469 0.940897 -0.122870 -0.281947 0.976767 -0.150946 0.661077 0.001872 0.462397 0.328792 0.242494 0.971409 0.811552 0.152441 -0.853393 -0.027463 -0.582596 -0.446857
0.982265 0.568938 -0.376165 -0.664070 -0.687459 -0.427875 0.406543 0.340502 0.325775 0.491593 0.185903 -0.035859 -0.474778 0.736079 0.206819 -0.766011 -0.741050 0.717506 0.636817 -0.765011 -0.695125 0.270820 -0.640344 0.660311 0.473520 0.161889 -0.785654 -0.272435 -0.161992 -0.123615
-0.162330 0.284593 0.995183 -0.245072 -0.287598 0.231025 -0.674631 -0.468755 0.187035 -0.703533 0.122566 -0.908525 0.390515 0.916068 0.150718 0.551411 0.088595 -0.194168 0.944771 0.630001 -0.773712 -0.830771 0.746684 0.779758 0.683758 -0.287473 0.442745 0.380331 0.757405 -0.797517
0.196615 0.942360 -0.019968 -0.871810 -0.625382 0.356890 0.974832 0.863389 -0.572096 0.733313 -0.030437 0.668474 -0.562811 -0.741192 -0.026294 -0.346882 -0.919520 0.347056 -0.703476 0.151208 0.458593 0.987500 0.898641 0.833881 -0.354512 -0.878914 0.433433 -0.524098 0.483135 -0.913467
-0.274776 -0.957447 0.059858 -0.224890 0.199527 0.413949 0.084479 -0.890515 -0.870681 -0.769358 -0.479356 -0.278386 0.143695 0.315931 0.125124 -0.872757 -0.256744 -0.199410 -0.063233 0.877485 -0.384331 0.440445 0.016759 0.768756 0.608462 -0.303836 0.615681 0.356382 0.340051 0.984056
-0.555490 -0.363731 0.334475 -0.743402 -0.229244 -0.205471 -0.400667 0.041855 0.733162 0.435397 -0.036199 -0.893947 -0.663750 -0.637120 0.892811 -0.883106 -0.490724 -0.198754 0.207042 -0.852030 0.583697 0.957270 0.162241 -0.537426 0.141495 -0.462452 -0.438533 -0.404481 0.039299 0.087946
-0.163061 0.386326 -0.268573 -0.499736 -0.927755 -0.962213 -0.664775 0.748026 -0.030454 0.084068 -0.741769 -0.004012 -0.153444 0.512255 0.490901 0.480430 -0.350624 0.815818 -0.714632 -0.227597 0.265215 0.215850 0.114474 0.616294 0.382307 0.980020 0.208027 -0.635166 -0.594348 -0.635796
0.941267 -0.950942 -0.545544 0.611213 0.605980 0.871995 -0.818204 0.756324 0.949098 -0.654882 0.744097 0.372341 -0.599817 -0.621321 -0.741344 -0.197146 -0.185394 0.994429 0.800530 0.312996 0.846539 0.785181 0.362131 -0.050935 -0.881656 -0.549333 -0.799205 -0.003622 -0.918264 -0.798815
-0.694001 0.911838 0.505355 -0.854485 0.424305 -0.078055 -0.556869 0.385609 0.358551 0.322841 -0.214715 -0.621280 0.792487 0.413176 0.076069 0.494494 -0.260242 0.724852 0.074783 -0.783806 0.795316 -0.111830 0.579010 0.043941 -0.212218 -0.237780 -0.263827 0.913704 -0.660477 -0.156335
0.721551 -0.267062 -0.151848 0.674213 0.146658 0.817158 0.809766 0.392368 -0.798518 0.117535 -0.175147 -0.057745 0.261395 -0.123403 0.416093 0.961212 0.034308 -0.346139 -0.932283 0.604482 -0.179707 -0.452138 -0.885732 0.605678 0.650960 0.363116 -0.526392 0.671140 0.236936 0.969055
-0.010512 0.322364 0.980442 0.728815 -0.304215 -0.803719 -0.600565 0.912158 0.597577 -0.639223 -0.870994 -0.420260 0.983404 0.112316 0.720019 -0.369325 -0.228839 0.847594 -0.014152 0.696907 0.976307 -0.095004 0.798734 0.641243 0.844716 -0.657601 -0.847847 -0.222568 0.260837 -0.824067
0.709888 0.122883 -0.303637 0.691549 -0.315205 -0.475878 0.332099 0.176674 0.606163 -0.046895 0.526443 0.203473 0.576253 0.809958 -0.024431 0.966979 0.021580 -0.064861 0.562050 0.444828 0.884022 0.285184 -0.962374 -0.356972 -0.183235 -0.000591 0.449708 0.352660 0.551645 -0.294796
0.356812 -0.656627 -0.669699 -0.668690 0.897706 0.177783 -0.434348 -0.865181 -0.705369 0.514267 0.532893 0.358615 0.423548 0.189473 0.788850 0.564809 -0.125713 0.450940 -0.610905 0.106806 -0.401302 -0.996633 0.437944 0.316056 0.819311 0.195882 0.800734 0.110117 0.746188 0.656495
0.835200 -0.394100 0.717317 -0.393928 0.774129 -0.552401 0.102951 -0.766872 -0.470975 0.395921 -0.212366 0.817795 0.711097 0.469351 0.935359 0.254564 -0.830839 0.270851 0.474390 0.606659 -0.386971 -0.218974 -0.245638 0.920694 -0.062816 -0.674148 0.790860 0.025441 0.999840 -0.211342
0.068931 -0.355845 -0.986844 0.060792 0.798029 -0.290339 -0.838396 -0.985168 0.980773 0.925223 -0.824706 -0.173356 -0.661340 0.142847 -0.494345 -0.510994 0.827590 0.120751 0.084946 -0.141652 0.433234 0.643224 0.293809 0.224583 -0.758864 0.329730 0.457582 0.487470 -0.851829 0.594044
0.204421 0.389060 0.193752 -0.968758 0.434805 -0.641248 0.920137 -0.924902 -0.772391 -0.722536 0.623100 0.613788 0.818522 -0.970850 -0.007412 -0.621681 0.975901 0.031955 -0.877701 0.728889 0.860225 -0.120394 -0.097587 0.928538 -0.938527 -0.704935 -0.914143 0.866320 0.510817 -0.154528
0.856467 -0.710928 0.701846 -0.166367 0.129568 0.388566 0.120206 0.416927 0.624324 0.954624 0.326021 0.433906 0.931619 -0.006610 -0.531518 -0.066272 0.014191 0.951802 -0.021976 -0.992181 -0.387824 0.011655 0.379901 0.150618 -0.545134 0.787977 0.237319 -0.378648 0.275948 -0.880646
0.198271 0.346221 -0.955355 0.418274 -0.944627 -0.842979 0.727176 0.921707 0.771789 -0.172943 0.319832 -0.120307 -0.117816 0.207816 0.277843 -0.830994 0.433612 -0.368814 -0.888488 -0.681900 -0.684528 0.970901 -0.290356 -0.634679 -0.712858 -0.892872 0.035701 -0.362012 0.328091 -0.129264
-0.244663 0.721132 -0.523677 0.184358 0.758548 -0.827423 -0.189275 -0.401554 -0.732871 -0.456096 -0.966776 0.805693 0.398779 -0.866974 0.381458 -0.029200 -0.825253 0.787556 0.066452 0.208659 0.599650 0.459840 -0.217736 -0.318968 0.073541 -0.070687 -0.916004 0.442240 0.388807 0.685738
-0.760190 0.401308 -0.590194 -0.390607 0.843528 -0.845294 0.918954 0.427978 0.349378 0.737933 -0.073879 -0.113042 0.837352 -0.321808 -0.074784 0.624798 -0.854769 0.221626 -0.612566 0.699974 -0.615479 -0.562623 -0.790647 -0.200543 -0.328645 -0.813659 0.178081 -0.740207 0.198399 -0.168893
-0.596564 -0.411579 0.040562 -0.511930 0.732724 -0.358120 -0.196753 -0.829881 0.818023 -0.042648 -0.232388 0.818003 -0.822689 -0.289436 -0.048923 0.784624 -0.485438 0.490156 -0.647816 0.982392 -0.056868 -0.114852 -0.329663 -0.749969 -0.897438 -0.915733 -0.844107 0.042154 0.471346 -0.134261
0.344202 -0.461063 -0.804493 0.992870 0.475699 0.377448 0.383101 -0.144301 -0.680528 0.929648 -0.931127 0.506457 -0.313171 0.318973 0.285073 -0.988069 -0.361836 0.589097 -0.023036 -0.337477 0.898974 -0.969187 0.477394 0.001790 -0.287134 0.626687 0.215828 0.480108 0.809434 0.418897
-0.580411 -0.530533 -0.254708 -0.589845 -0.438824 -0.559770 0.481097 0.329132 -0.504623 -0.637905 -0.794255 -0.591505 -0.963434 -0.314823 0.717352 -0.103306 0.681369 -0.546049 -0.502984 0.980511 -0.914840 -0.114443 0.288266 -0.541546 -0.270380 0.013784 0.117511 0.460342 -0.541408 -0.927899
0.591290 -0.687905 -0.321703 0.878892 0.558582 0.213456 0.983973 0.249542 -0.809089 -0.495902 0.796881 0.166180 0.003416 0.154399 -0.062923 -0.657409 -0.390313 0.727881 -0.034505 -0.940497 0.718922 0.378970 0.880645 -0.920731 0.256348 -0.119055 0.655447 0.437466 0.920665 -0.414272
-0.367149 -0.750905 -0.778665 -0.861135 0.305996 -0.629920 -0.863524 -0.661915 0.029798 -0.655443 0.801465 0.167548 0.839098 0.294203 -0.694314 0.751065 0.640937 -0.983612 -0.284388 -0.673247 0.130751 0.472651 0.698432 -0.941911 0.621211 -0.548048 -0.609553 0.215553 -0.581938 -0.758829
-0.286503 0.136299 0.303914 -0.644532 -0.510053 -0.899173 -0.105891 -0.919534 -0.697502 0.743757 0.006340 -0.592829 0.690778 -0.692409 0.129620 0.434629 0.300455 -0.831585 -0.338889 -0.247747 -0.180882 0.984069 0.556076 0.147259 0.284244 -0.907269 -0.801186 -0.145364 0.499401 -0.104020
-0.148869 -0.773379 0.889048 0.207827 0.348232 0.492982 0.753493 0.007238 -0.942277 0.238249 0.056226 0.227830 0.762242 0.643109 0.661895 -0.622069 -0.244599 0.572060 -0.487696 -0.550316 -0.400002 -0.363869 0.546284 -0.556257 -0.425543 -0.257140 0.532316 -0.739022 -0.604040 -0.013684
0.181822 -0.467953 -0.900404 0.872563 0.250673 0.382285 -0.311626 0.572792 -0.859318 0.601625 0.924990 0.905776 -0.825141 0.621175 0.749006 0.376868 0.897984 0.488670 0.587380 -0.052671 0.901194 0.076078 -0.629397 0.392004 -0.527611 0.687012 0.766224 0.300042 -0.618185 0.570771
-0.561262 -0.121370 -0.129860 0.861364 -0.742548 -0.869231 0.751737 -0.166832 -0.188774 -0.766223 -0.102773 -0.511979 -0.605445 0.328972 0.431257 0.348903 -0.578440 -0.730810 0.423984 0.010507 0.684241 0.939474 0.834104 0.251887 0.125280 -0.560268 0.664016 -0.950311 0.795123 0.096759
-0.871388 -0.602185 -0.962263 -0.791723 0.775518 0.873697 -0.749294 -0.616613 0.944923 -0.654773 0.884675 -0.205704 0.561343 -0.355236 0.584138 0.793586 -0.470866 0.917281 0.671460 0.500913 -0.104393 0.138702 0.261623 -0.052953 -0.782106 -0.008247 -0.538488 -0.568238 0.877643 0.453251
-0.976160 0.054890 -0.087491 -0.369964 0.695695 0.988587 0.605291 -0.696826 -0.870818 0.907507 -0.438927 -0.452436 -0.156437 0.925028 0.310445 0.861285 -0.879130 0.147395 0.958874 -0.690186 -0.238522 0.973967 0.653276 0.823348 0.109808 -0.202087 0.823083 -0.593727 -0.441911 0.581376
0.472761 -0.162852 0.843767 0.925434 -0.844813 0.015211 0.062252 -0.256533 0.857389 0.680845 0.192898 -0.900181 0.027664 -0.742265 -0.771499 -0.775421 -0.628290 -0.300743 -0.406678 -0.379019 0.226594 0.201639 -0.259934 0.077400 0.406947 0.137587 -0.161175 -0.696616 0.392134 -0.726259
-0.992727 0.585874 -0.752881 0.714429 -0.336989 0.193264 -0.876582 0.241096 0.584355 0.982527 -0.901234 -0.076358 0.581212 0.568243 -0.394418 -0.301774 -0.673835 -0.137358 -0.764820 0.051353 0.917935 0.491813 0.199267 -0.769562 -0.126365 -0.967316 0.761259 -0.851669 0.059232 -0.455435
-0.441451 -0.217582 -0.704869 -0.354858 0.682403 -0.648515 -0.240815 -0.747404 0.246591 0.772363 0.304691 0.720128 -0.918275 0.494891 0.492266 0.361957 -0.975706 0.949661 -0.337020 0.369578 -0.752160 0.981257 -0.317942 0.316339 -0.691100 -0.681086 -0.046364 0.229196 -0.538472 -0.148193
-0.187565 -0.123417 0.427705 0.611019 -0.022962 0.924472 0.183670 0.518895 -0.622212 0.921217 0.754063 -0.369723 -0.416031 -0.780589 0.418677 -0.054346 -0.705222 -0.071604 -0.970593 -0.351718 -0.573130 -0.992767 -0.358822 0.875479 0.457971 0.587751 -0.467866 0.400295 0.712958 -0.468571
-0.347074 0.285683 -0.075801 0.493172 0.829803 0.385117 0.662095 0.175409 -0.676629 0.040124 -0.364144 -0.446201 -0.750306 -0.827926 -0.387139 -0.027603 -0.152246 -0.815729 0.979370 0.339660 -0.648924 -0.528270 -0.783001 -0.202613 0.143020 -0.588294 -0.990453 0.216564 0.019384 0.958051
-0.072243 -0.478941 -0.174835 -0.021154 0.752628 -0.137452 0.619379 0.701697 -0.592394 -0.184729 0.430466 -0.696250 -0.317570 0.347240 0.675786 0.190583 -0.741985 0.772055 -0.606866 -0.813933 0.874894 0.257061 -0.895061 0.861945 0.404585 0.342535 -0.707431 0.886601 0.448324 -0.019347
0.081248 -0.469939 0.764882 0.829019 -0.163008 -0.553807 -0.596457 0.191598 -0.427724 -0.786922 0.611461 0.771726 -0.116871 0.383189 -0.245060 0.820211 -0.165611 -0.819751 0.887663 0.518660 -0.308095 -0.827815 -0.724911 -0.872788 0.548673 -0.678210 0.464909 -0.585132 0.491598 -0.576935
-0.431524 -0.656582 -0.324382 0.175318 -0.858078 0.052536 -0.118843 0.713430 0.181415 0.911435 0.349925 -0.676525 -0.968853 -0.478745 0.311286 -0.330586 0.907386 0.836455 0.188708 -0.636330 -0.062774 -0.151739 -0.818082 -0.389787 0.324303 0.358595 0.093490 -0.269208 0.560275 0.975056
0.461196 0.378659 0.493729 -0.117764 -0.493772 0.547542 0.908492 -0.878285 -0.969440 -0.288553 -0.505225 0.885709 -0.725722 0.597502 -0.257186 -0.889799 -0.601312 -0.781312 0.901134 0.514289 -0.774328 0.891767 -0.301070 -0.479951 -0.271004 -0.412493 -0.258777 -0.099337 0.803635 0.609357
-0.209131 -0.862192 0.491783 -0.946477 -0.063449 0.405144 0.515465 -0.642972 -0.107047 -0.691517 0.582566 -0.003461 0.080653 -0.723232 0.960890 -0.359792 -0.426227 0.588227 0.015828 0.019615 0.619823 -0.719947 -0.955473 0.343975 0.520192 -0.491922 -0.651407 0.546370 -0.331379 -0.465864
-0.066981 -0.421219 0.820448 -0.891651 -0.348533 -0.358519 -0.764234 -0.524907 0.795850 0.903361 -0.800471 0.535863 -0.587258 -0.496258 -0.091879 0.373545 -0.422286 -0.106850 -0.680249 0.811234 -0.368158 0.551915 0.043380 -0.193754 0.624894 0.238651 0.920524 -0.003655 -0.800532 -0.020335
-0.084027 0.266973 -0.223182 -0.588089 -0.222837 0.837574 0.315249 0.819794 -0.606102 -0.212351 0.990891 0.629680 0.277414 -0.698942 -0.085292 -0.694913 0.802058 0.636373 -0.057170 0.321140 -0.763921 -0.818492 0.242458 0.776422 -0.676909 0.099990 0.725699 0.818211 0.181154 0.218176
0.775248 -0.392407 -0.921402 0.587364 -0.157637 0.960919 -0.729029 0.956831 -0.831664 0.664760 0.683051 -0.659789 -0.171263 -0.318461 -0.250717 -0.192948 -0.246927 0.061580 -0.625605 -0.546878 -0.316008 0.492000 0.149047 -0.649033 -0.469218 0.181008 0.494441 -0.277929 0.114750 -0.762136
0.436986 0.022623 -0.726656 0.547433 0.034934 0.473976 -0.948697 -0.003465 0.228788 -0.025043 -0.852325 -0.494307 -0.902620 -0.380436 -0.419203 -0.792444 0.998098 0.485288 -0.450791 -0.519670 0.522359 -0.382185 -0.384007 0.086752 0.299661 -0.903887 -0.855471 -0.023678 0.570596 -0.955618
-0.959217 0.395672 -0.324492 0.053002 0.578279 -0.461502 -0.321545 0.180400 -0.275076 -0.613584 -0.284333 0.144063 0.795810 -0.868473 0.271520 0.046669 -0.363099 0.271357 -0.446693 -0.887788 0.718973 -0.703460 0.018175 -0.191958 0.509894 0.227515 0.391567 -0.162284 -0.744304 -0.705589

Bias v0 (Oculta):
-0.501942
0.454756
-0.658226
-0.901383
-0.730694
0.051560
-0.132841
0.592191
0.677509
0.497175
0.258886
-0.757640
0.005297
-0.526209
-0.236300
0.748474
0.355609
-0.970404
-0.088015
0.402356
0.120165
-0.744521
-0.616847
-0.764368
0.540063
-0.604693
0.821262
0.477565
0.613064
-0.243071

Pesos w (Oculta -> Saída):
0.285375 0.287457
-0.469522 -0.853221
-0.988232 -0.955920
-0.598808 0.575371
-0.198355 0.047677
0.896066 -0.021094
0.876757 0.233833
-0.453987 0.249030
-0.836916 -0.259520
0.565326 -0.430802
-0.400711 -0.521238
-0.678205 -0.352725
-0.649808 0.790070
-0.589553 0.045535
-0.877054 -0.472472
0.967585 0.818308
-0.653890 -0.750559
-0.142931 0.629161
0.223389 0.682970
0.651410 -0.440396
-0.415446 0.649251
0.121341 0.613596
-0.851474 0.695063
-0.455717 0.229723
-0.193892 -0.630967
-0.304629 0.745419
0.845992 0.166270
0.163485 0.359324
0.925455 0.659462
-0.150113 -0.966642

Bias w0 (Saída):
0.414448
0.101523
