Pesos v (Entrada -> Oculta):
0.409134 -0.174725 0.660852 -0.376271 0.955015 -0.642778 0.330997 0.155300 0.618068 0.375256 0.076069 0.865255 0.421893 0.768193 0.634045 -0.372235 0.600092 0.071034 -0.278014 0.068634 0.326278 0.268463 0.573913 0.048588 -0.184625 0.247982 -0.219090 0.946553 0.667486 0.785897 -0.619628 -0.686094 0.086298 0.826771 -0.626523 -0.841364 -0.716279 -0.318231 0.384319 -0.703615 -0.514902 0.955752 -0.440031 0.481945 -0.189904 0.352988 0.479031 -0.352981 0.465749 0.829325
0.029289 1.089747 -0.830317 0.832063 0.051457 0.854238 -0.135806 0.082329 0.443310 -0.573907 0.659702 0.517212 -0.625759 0.245381 0.630468 1.164361 0.263852 -0.227305 -0.150431 -0.399225 -0.188756 -0.121444 0.931745 -0.300992 -0.426156 0.889686 -0.057809 0.205441 -0.407085 -0.909493 -0.589775 0.743627 0.079252 0.065522 -1.117986 -0.167631 -0.995397 0.134530 0.217869 -0.485780 -0.210480 -0.409799 1.131616 0.312874 0.780767 0.225004 0.247638 -0.107211 0.523911 -0.610496
-0.511029 0.191476 0.268870 0.575504 0.221921 0.497377 -0.327513 -0.751669 -0.463817 -0.642005 -0.411549 -0.152305 -0.561405 0.997676 -1.111308 -0.421980 0.688300 -0.132881 0.028001 -0.890798 0.332378 0.753686 0.648486 -0.013330 0.746791 0.651127 0.810226 0.178975 -0.953776 -0.739398 -1.103513 -1.139809 0.796429 0.375759 -0.807665 0.632628 0.011449 -0.151553 0.995794 -0.219483 0.725936 0.046312 -0.223108 -0.804927 0.249493 0.408125 0.032071 -0.811652 -0.701953 0.861638
0.371238 0.827165 -0.845078 0.501518 0.712676 0.510509 0.455834 -0.762668 -0.899370 -0.877669 -0.867158 -0.265886 1.021154 -0.528710 0.434590 -0.450594 -0.835182 -0.928906 0.697459 -0.107306 0.989105 0.597257 1.299980 0.313136 -0.763882 -0.454158 -0.245459 0.285477 0.352143 0.998428 -0.020617 0.416301 -0.834248 0.628659 -0.447167 -0.814455 -0.034060 -0.761924 0.841908 0.250875 -0.238031 0.414628 0.132933 0.117363 -0.910723 0.339855 0.869675 -0.455128 0.578434 -0.443889
-0.023199 -0.343141 1.206075 0.173517 0.677100 -0.206451 -0.592993 -0.389016 -0.682280 -0.783157 -0.604187 -0.398813 0.059513 0.568839 0.092295 -0.080361 -0.746024 0.081250 -0.218857 -0.910631 0.809066 0.229051 -0.614237 0.367733 0.365170 -0.932585 -0.656002 -0.184510 -0.173913 0.008667 -0.246055 -0.523673 0.687172 -0.285647 -0.356940 0.119389 -0.294254 -0.449595 0.680411 0.574564 0.731185 -0.475408 -0.443307 0.264249 0.050869 -0.056699 -0.654489 0.571781 0.532546 -0.409065
0.174960 -0.193365 -0.629489 -0.431811 0.721115 0.135111 0.799077 -0.186507 0.098490 -0.346240 -0.874615 -0.489609 1.084249 0.307114 -0.231616 -0.362763 -0.178823 -0.728526 -0.207042 0.528165 0.643199 -0.190288 0.420504 -1.066928 -0.363599 0.394615 -0.620625 -0.276464 0.685163 0.337457 0.048626 0.591520 0.345475 -1.004415 -0.070379 0.969054 -0.649770 -0.960516 -0.716832 -0.686588 -0.160105 0.094612 -0.497295 -0.236460 0.476344 0.784910 1.005928 -0.084382 0.417531 0.598544
-0.573210 0.625349 0.070936 -0.624912 -0.643948 -0.695697 0.184570 -0.145680 -0.431797 0.439624 0.673074 0.183468 1.147585 -0.263411 -0.946403 -0.619840 -0.864770 0.055078 -0.033366 0.265275 0.955891 0.566275 0.066648 -0.943308 -0.780764 -0.905992 -0.066245 -0.411569 0.244976 0.275818 -0.442338 0.325679 0.578396 -0.127331 0.175802 0.625323 -0.314223 0.264104 -0.525276 0.383807 0.918876 0.300610 -0.631270 0.767421 -0.156962 0.074714 0.858572 0.026312 0.095869 -0.788727
0.493702 0.973982 0.146300 1.084406 0.436398 -0.218529 0.753738 -0.620114 -0.405892 0.802206 -0.251880 -0.601795 0.178050 -0.702007 -1.433141 -0.472133 -0.459169 0.932516 -0.703083 -0.594192 0.463778 1.018399 0.509931 0.163959 0.115226 0.607542 0.473006 -0.189471 -0.399511 -0.356843 -0.703756 -0.012773 0.733730 -0.600435 -0.519030 0.574162 -0.895606 0.512799 -0.876768 -0.321900 -0.194711 -0.317138 -0.415881 0.162643 0.614841 -0.599768 -0.166253 0.955795 0.029735 -0.151678
-0.127687 0.223333 -0.635594 -0.396388 -0.370423 -0.228774 -0.283235 0.424798 -0.264240 1.100769 0.066568 -0.491586 -0.316290 0.260844 -0.416342 -0.507297 0.037280 -0.900760 -0.239442 -0.440766 0.667683 -0.665273 0.752414 0.484885 -0.894696 -0.249319 0.530605 -0.045324 -0.123607 -0.830054 0.292856 -1.116516 -0.005964 0.303919 0.401006 0.629172 -0.249112 0.982377 0.688446 0.803496 -0.762312 0.501305 -0.546494 0.374684 -0.639783 0.434663 -0.933129 0.282066 -0.002897 -0.555027
0.773111 0.097088 -1.154212 -0.086475 0.677001 -0.296735 -0.933185 0.356240 -0.721925 0.517362 0.196580 -0.264257 0.287755 -0.249634 0.713752 0.665441 -0.004774 1.035199 0.216437 -0.910146 -0.812024 0.243971 -0.660409 -0.305041 0.498792 0.049995 0.782081 0.890361 0.134625 -0.777077 -0.505947 -0.506025 -0.192173 -0.577938 0.438023 -0.231307 0.495846 0.549512 0.651085 -0.489045 -0.788484 0.097445 0.409206 0.653888 0.928150 -0.881790 -0.940049 -0.140317 0.052891 0.842540
-0.799438 0.045525 0.311442 0.143973 -0.110453 0.356848 0.515497 -0.728126 0.610224 0.388489 0.935029 0.409051 1.102796 -0.535108 0.750719 0.138644 0.905512 -0.280969 -0.272585 -0.052316 0.051728 -0.510374 0.994429 0.561962 -0.941814 -0.206417 0.256436 0.323912 0.407138 -0.669787 0.190842 0.780067 -0.442567 0.768717 0.715407 0.191423 -0.095564 -0.509779 -0.695026 -0.469930 0.221860 -0.803892 0.778366 0.650900 0.926431 -0.203014 0.600049 0.618589 0.136855 0.378425
-0.360859 0.181930 0.440446 0.268440 -0.348044 -0.667855 -0.864859 -0.145451 0.819420 -0.086483 0.346850 0.324906 0.049814 1.043362 0.789790 1.012746 -0.627978 0.015784 -0.522326 -0.682117 -0.470750 -1.020648 -0.723119 0.636526 -0.371003 -0.121288 -0.723696 0.250071 0.524337 -0.908317 0.396250 1.185542 -0.272879 0.499768 -0.685013 0.732759 -0.011313 -0.372029 0.352172 1.048299 0.216133 -0.580452 -0.381952 0.224254 -0.861890 0.351880 0.511222 -0.494331 -0.030002 0.903718
-0.313881 0.420107 0.272115 -0.188814 0.357644 0.992904 0.007228 0.246542 0.832605 0.024141 0.561153 -0.306326 0.190872 -0.755147 0.612817 -0.853714 0.924904 -0.108123 -0.495451 0.043030 -0.569245 0.541475 0.388685 0.181635 -0.142717 1.177807 -0.076769 -0.850634 0.117966 0.749082 0.001670 0.209835 0.370428 0.340744 -0.682763 0.286556 0.609460 -0.375642 0.718442 0.063420 -0.100922 0.753999 0.231264 -0.746376 -0.291368 -0.008813 0.779837 -0.528404 -0.004235 0.031407
-0.676930 -0.550371 -1.056527 0.506687 0.562768 0.342458 0.313544 -0.674699 -0.583278 -0.411884 0.111971 -0.173265 0.705791 -0.017819 -0.699960 0.662621 -0.234762 -0.904618 -0.336105 -0.536420 -0.169677 -0.395769 -0.835062 1.237617 -0.900698 1.035716 -1.020078 0.267518 -0.628293 -0.864200 -0.339338 -0.879972 0.136613 0.847621 0.350142 -0.154127 0.543037 -0.110031 -0.965371 -0.043507 -0.472722 -0.337718 0.961398 0.681017 0.079675 -0.809860 -0.857898 -0.755749 -0.845074 -0.322526
-0.032257 0.684282 0.649915 -0.240495 0.032971 -0.383028 0.003041 -0.019086 0.562472 1.000006 0.048235 -1.055341 0.609385 0.478433 0.129706 0.247977 -0.624102 0.168149 0.451376 0.383356 0.658403 -0.273588 -0.396095 0.891173 -0.284957 0.668325 0.979709 -0.682995 0.655651 -0.614793 -1.054905 -0.570337 0.016185 -0.634868 -0.152628 -0.876374 0.037737 -0.381075 1.223056 -0.114352 0.522004 -1.255668 0.561557 -0.372256 0.267286 -0.000510 -0.988728 -0.255475 -0.067252 0.722282
-0.730761 0.629825 -0.570418 -0.613960 0.680678 -0.479852 -0.389306 -1.636695 -0.933450 1.176087 -0.267907 -0.764945 -0.124721 0.150898 -0.452503 -0.244892 0.442136 -0.868408 -0.900900 -0.696688 0.074689 0.403426 -0.414513 -0.478102 -0.013119 0.340971 0.159064 -0.507140 0.889487 0.069573 -0.704646 0.453863 0.670321 0.404414 0.004649 -0.248493 -0.241990 0.667337 0.680098 -0.245565 0.622099 -0.049778 -0.133798 -0.866009 0.763498 0.490594 0.123329 -0.162476 0.375057 1.101967
-0.628746 0.509682 0.096958 0.137945 -0.367590 0.103439 0.538823 -0.049532 0.033505 0.452864 -0.592977 0.452616 -0.669250 -0.568536 0.621151 0.528884 -0.582862 0.430448 0.202800 0.238619 0.690009 0.094722 0.241913 -1.136026 0.748073 0.880961 0.115482 0.577145 -0.451154 -0.638616 0.125593 -0.363701 -0.360058 0.038514 -0.468089 -0.708523 -0.465405 0.347884 0.234078 0.124798 0.999142 -0.955693 -0.026019 0.101173 0.526021 -0.495814 0.364071 0.488970 0.708228 -0.975472
-0.288881 0.568426 0.228817 0.115153 0.592780 0.587413 0.102767 0.469366 -1.010359 0.123834 -0.496353 -0.744214 -0.222652 0.275610 -0.206676 0.391237 1.196124 -0.744991 0.118356 0.865447 0.790931 0.279632 -0.377462 -0.858233 -0.097981 -1.038290 -1.468607 -0.294113 1.070730 -0.066551 1.304053 0.229510 0.993653 -0.814438 -0.547109 0.347472 0.485145 -0.849142 -1.329153 -0.431667 1.274173 0.795871 0.207511 0.265104 0.279626 0.262952 -0.532612 0.067427 -0.128284 0.599324
0.816605 0.542355 0.900857 0.227138 0.251762 0.700794 0.489491 -0.002312 -0.055966 0.913415 -0.934846 0.355390 0.098576 0.755479 -1.240730 0.164490 0.793916 0.209473 -0.593937 0.285579 -0.202383 -0.202196 -0.020371 -0.998821 0.678527 -0.213871 0.263493 -0.417517 0.880622 0.624172 0.237653 -0.341142 -0.806855 -1.527100 -0.433169 0.284722 0.244194 -1.377868 -0.227007 0.379126 -0.248896 0.968539 0.188218 -0.759600 -1.176464 -0.561469 -0.290660 -0.224595 -0.866936 0.158164
-1.126129 0.309525 0.225903 0.110052 -1.281534 -0.485914 0.451296 0.632710 -0.347923 0.101353 0.159142 -0.975328 -0.290910 -0.019212 -0.141138 0.132637 -1.320261 -0.296698 0.701500 -0.791651 0.896238 0.310639 -0.249985 0.215692 0.771674 -0.618577 0.023356 0.325134 -0.133310 0.639780 -0.677398 -0.697188 -0.590239 -0.132168 0.668373 0.828255 -0.321702 0.422623 -0.074239 0.380458 0.608833 -0.090743 -0.142558 0.200915 -0.301033 1.086719 -0.113557 1.067165 0.031489 -0.542686
0.774638 -0.623674 0.372819 -0.601751 0.634402 -0.477534 0.504596 0.607861 -1.471679 0.374695 0.069232 -0.513085 0.156567 0.475927 0.395871 -0.378310 -0.573955 0.288794 -0.356191 -0.847250 -0.710358 0.843210 0.508654 0.846567 -0.198996 -0.656572 -0.188274 -0.346763 -0.726289 0.372442 0.409439 -1.204690 -0.997727 -0.390114 0.098010 -0.206009 -0.789805 1.108164 0.114754 -0.492990 0.115970 -0.374065 -0.813978 -0.701898 0.027817 0.348306 -1.164650 -0.433676 0.070596 0.354658
0.856555 -0.435471 -0.332928 -0.237298 -0.412869 0.510045 0.029457 0.546910 -0.379827 1.081181 0.781532 0.531049 -0.018706 0.351223 -0.744533 -1.164682 -1.239190 -0.729516 -0.761598 0.309722 -0.846130 -0.035466 0.704537 0.999851 0.879774 0.159854 0.441298 -1.252564 -0.382316 -0.977398 0.271530 -0.525166 0.411048 0.450670 0.482111 -0.794840 -0.509782 -0.251148 -0.699322 -0.242897 -0.741077 0.313313 0.389261 -0.689372 0.015030 0.572994 0.047811 0.303779 1.152315 0.031512
0.603468 0.550871 -0.412184 -0.306713 0.311372 0.138363 -0.781794 0.532529 0.209050 -0.554907 0.268412 -1.169691 0.341517 0.551428 0.488877 -0.633528 0.817380 -0.704757 -0.146928 -0.575290 -0.680051 0.561600 -0.837545 0.863777 -0.854265 -0.722896 0.037887 0.455702 -0.536615 -0.079953 0.971623 -0.854108 -0.175561 0.303385 0.302622 0.098820 0.824195 -0.083240 0.672397 -1.048576 -0.796300 -0.372837 -1.020375 0.835431 0.683852 0.088915 -0.182963 -0.487725 -0.420356 0.881979
-0.296730 0.238133 -0.287765 0.906414 0.879598 -0.378937 -0.747945 -0.272885 -0.815447 -0.785681 -0.093739 -0.302465 -0.539417 1.084050 -0.670663 0.355771 0.180799 -0.670097 0.670592 -0.332769 -0.413533 0.633251 0.718444 0.173413 -0.379030 0.705068 0.585663 0.933287 -0.202516 -0.403639 1.020213 0.991072 0.987567 -0.711130 -0.702824 0.382256 0.007797 -0.947499 0.306540 1.009673 0.996801 -0.084906 -0.920111 0.106953 -0.254373 -0.795121 0.247112 0.922946 0.133004 -0.384146
0.352345 0.904785 0.205768 0.401268 0.472003 0.125987 -0.602855 -0.810691 0.237301 -0.345138 0.051186 0.575182 -0.589666 0.592960 0.404804 0.692530 -0.164481 0.101837 0.460662 1.035896 0.001246 -0.452829 -0.173200 0.472693 -0.519691 -0.251032 -0.815906 0.037322 0.547900 0.739444 -0.741818 -0.269061 -0.287218 -0.612786 0.257307 -0.342291 0.720460 0.759319 -0.255120 -0.006551 0.130113 0.024673 -0.580427 -0.558099 -0.518453 -0.453669 0.603011 -0.468655 -0.526131 1.032234
-0.506167 -1.137747 0.402423 -0.357908 -1.098428 -0.460307 0.843657 -0.619686 0.828861 0.468055 -0.178429 -0.194516 0.167870 -0.151844 -0.863415 0.204079 -0.690358 -0.812882 0.198986 1.021264 -0.164617 0.801067 -0.156079 0.383110 -0.291025 -0.539338 0.238679 -0.024184 -0.428306 -0.259999 -0.073242 0.118953 0.561551 0.945578 -0.744822 0.331101 -0.557249 0.635866 -0.678726 0.564078 -0.942462 0.261308 -0.749044 -0.227176 0.007696 -0.106835 -0.551990 -0.084736 -0.659543 -0.445039
0.463758 -0.637763 -0.688919 -0.057104 0.176655 -0.166435 0.363123 -0.595411 -0.444436 -0.237833 -0.330238 0.339726 -0.263885 0.292571 -0.082335 0.069226 -0.372088 -0.310002 0.124921 -0.499132 0.853713 0.187455 0.556174 -0.348015 0.712851 1.340103 0.477716 0.297361 -0.574183 -1.468240 0.161194 0.318827 0.850786 0.708992 -0.148462 0.393988 -0.126307 -0.090219 -0.531976 -0.152156 0.600885 -0.493599 -0.306566 -0.980782 0.631115 0.754445 -0.485855 0.166950 0.918322 0.485189
0.289639 0.222828 0.862666 0.340479 0.031550 0.298867 -0.157990 -0.163424 0.452893 -0.829422 0.152422 0.385421 0.789862 0.440039 0.082437 0.501912 0.257481 0.299857 0.787251 0.608316 -1.047010 -0.912295 -0.287698 -0.154090 0.670194 -0.357960 -0.168775 0.618651 0.323094 0.472129 -0.532376 -0.732323 -0.181973 0.878143 0.745657 0.441053 -1.157591 0.663524 -0.071254 -0.839472 -0.988081 -0.452379 0.239887 0.895646 1.048383 -0.202589 -0.483165 -0.302681 0.285731 0.075380
-0.228372 -0.045741 0.292281 0.484570 -0.646381 0.973254 1.193009 -0.402268 -0.102905 -0.857759 -0.785623 -0.549690 0.303091 0.493683 0.086234 -0.297066 0.590833 0.625407 -0.363739 0.348862 -0.750377 -0.675173 0.634220 -1.018094 0.152000 1.007975 1.024238 0.031958 0.639850 0.258510 -0.465141 0.041836 -0.472370 -0.196104 -0.382077 0.861440 -0.473933 -0.102708 -0.662781 -0.623657 -0.645093 -0.944813 0.604941 -0.133692 -0.147874 0.556730 -0.130237 0.845461 0.802164 0.733644
-0.128184 -0.313911 -0.384435 0.448641 -0.312039 0.547627 -0.264339 0.106707 -1.942788 0.079870 -0.434055 -0.066177 0.343372 0.484488 -0.340874 0.884481 -0.896033 0.000427 -0.516099 0.039591 -0.834007 1.214342 0.854866 -1.080207 -1.134331 0.272345 -0.816499 0.355632 0.766507 -0.222893 0.795173 0.030554 0.330401 -1.281180 -0.403218 0.377234 0.739585 -0.803340 0.693742 0.656936 -0.699071 0.347273 -0.524540 0.758581 -0.119878 0.945072 -1.085588 -0.631272 -0.590790 0.616823
0.088759 0.384132 -0.930021 0.274748 0.477131 -0.272172 1.158825 -0.259472 0.341972 -0.020113 -0.161138 -0.151596 -0.896154 -1.024945 -0.389012 0.820303 0.224144 -0.263099 0.126689 -0.047298 0.621496 0.056973 0.396868 -0.453518 -0.859428 0.470718 -0.699028 -0.343154 -0.168897 -0.400169 -0.341524 -0.493878 -0.407007 -1.140813 -0.389950 -0.483372 0.347369 0.259436 0.300035 0.076829 -1.135836 0.024256 0.949937 -0.179589 0.003967 0.245972 -0.532661 0.544496 -0.387181 -0.137829
-0.568150 -0.173130 0.450807 0.740769 -0.011564 -1.249668 1.262218 -0.811082 0.151495 0.204768 -0.130000 -0.592276 -1.117329 0.295396 0.691299 0.848121 -0.013963 -0.412387 0.221307 -0.834012 -0.445056 -0.486332 -0.015351 -0.586205 0.058487 -1.315125 0.098085 -1.195219 -0.190856 0.976544 0.039498 -0.574775 0.750279 1.384711 0.036324 0.607878 -0.729699 -1.055030 0.057454 -1.386704 -1.080646 -0.343989 -0.364904 0.815760 -0.494095 0.529335 0.360462 0.844366 -0.467555 -0.011207
-0.311233 0.777622 -0.068624 -0.031968 -0.436329 0.895721 -0.170981 -0.583183 0.171495 0.091487 -0.513874 -1.361412 -0.357810 0.944716 -0.343555 0.739889 -0.837066 -0.633106 0.190573 -0.684236 0.903889 0.254336 0.329713 0.553929 0.946085 0.648301 0.297740 -0.569026 -0.533458 0.506344 -0.199510 -1.300805 -0.122453 -0.599615 0.440671 -0.312384 -0.652889 0.190304 0.159311 0.549684 -0.469978 0.507012 -0.509110 0.382033 0.607983 0.395605 0.002284 -0.681597 -0.118836 0.654115
0.604129 0.409461 -0.599226 -0.209613 -0.493056 -0.456325 0.584264 -0.375950 -0.351905 0.121661 0.395283 -1.060757 0.932223 0.993599 0.321299 -0.053888 0.653751 0.507323 0.482822 0.792073 0.054028 -0.804934 -0.659144 -0.146670 -0.428172 -0.085270 0.438400 -1.167341 0.178309 -0.417291 -0.131847 0.079519 -0.253325 0.852725 1.163949 -0.315390 -0.614851 0.920526 -0.545193 -0.850098 -0.034006 -0.114046 -0.060091 -0.615909 0.156196 0.823749 0.396474 -1.351958 0.393790 0.204831
-0.451393 0.774514 -0.677293 -0.504530 0.103249 0.120279 0.316602 0.110667 0.140105 -0.106319 -0.014910 -0.100990 0.850691 0.445645 0.476692 -1.008184 -0.418677 0.248115 0.770411 -0.087793 0.802059 0.035005 -1.069358 0.624982 -0.221125 0.616339 0.221938 -0.121678 -0.344452 -1.012604 1.000762 -0.972356 0.208681 0.990264 0.328735 -0.343168 0.410204 0.710423 -0.077960 0.262617 0.520758 -0.297102 0.273226 -0.009266 -0.346064 -1.020459 -0.042335 0.623954 0.848815 -0.297672
0.075056 -0.286728 0.925758 0.977374 -0.722914 0.023911 -0.411216 0.478572 -0.910270 -0.919663 0.568411 -0.138733 0.688065 -0.284906 0.451453 -0.528983 -0.666000 0.323366 -0.546350 0.184436 -0.689771 0.302773 -0.138290 -0.942550 -1.047168 1.069977 -0.765763 -0.100621 0.655040 -0.727407 1.072699 1.055139 -0.094181 0.357925 -1.030563 0.236184 0.295824 -0.397043 1.041662 0.569320 -0.700653 -0.199139 -0.371901 0.117994 -0.081438 -0.262962 -0.700853 0.951165 -0.290987 0.010573
-0.301569 -0.165068 0.208198 -0.232786 0.424638 -0.198646 -0.742014 -0.177743 0.315283 0.170490 -0.824576 -0.570176 0.257842 -0.036812 -0.281627 0.539364 -0.081554 -0.638875 -0.774115 -0.215417 0.404304 -1.128528 0.406349 -0.246723 -0.697257 0.239515 -0.107177 0.085943 0.661142 0.163942 -0.384486 0.243368 0.067271 0.640939 0.287742 0.343044 0.084063 -0.379864 0.270161 0.288193 0.002334 0.402259 -0.393373 0.060505 -0.267548 -0.404747 -0.925490 0.494926 -0.438108 0.765127
0.763451 -1.135123 -1.145865 -0.659330 0.387282 0.550097 -0.572809 0.045703 0.450051 0.324180 0.164018 -0.042997 -0.163871 -0.184356 0.574697 0.644151 0.224868 -1.104284 -0.066139 0.626018 -0.484488 1.025883 0.410984 0.546939 -0.222254 0.596247 -0.489123 -0.311547 0.431290 0.717729 0.224857 -1.047047 -0.402606 0.239588 -0.773545 0.537100 -0.603050 -0.107932 0.414309 0.426676 0.249764 1.081087 -0.203092 0.000355 -0.678059 0.649079 0.393470 0.468153 0.504297 0.865840
0.453006 -0.366416 0.305764 -0.740472 -0.554859 0.011511 0.176070 0.331271 -0.034907 -0.956562 -0.396240 0.238017 0.177570 -0.424748 0.651795 -0.678375 0.582257 -0.629908 -0.444099 -0.522534 0.669032 0.614394 -0.174918 -0.759560 0.829330 -0.944620 -0.202673 0.045210 -0.363167 -0.256034 0.446533 -1.238805 0.491758 -0.578170 -0.749487 0.083403 -0.835249 0.814113 -1.055862 -0.130670 -0.494747 0.679062 0.013684 -1.085934 1.268552 -0.513736 0.055634 0.236519 -0.224264 -0.402160
-0.630798 -0.800910 0.565570 0.365649 -0.710695 -0.464716 0.419938 -0.714680 -0.276230 0.928713 -0.085908 0.154850 0.403113 0.292074 0.363326 0.561392 -0.388429 0.723917 -0.010578 -0.465012 0.300708 0.281800 -0.109197 0.153129 0.486515 -0.690729 -0.060575 0.657958 -0.627938 -0.832646 -0.033001 -1.286447 0.129136 -0.319427 -0.406940 -0.074780 -0.369463 0.807132 0.709909 -1.377944 -0.596425 -0.896871 -0.484696 0.394552 0.809427 0.708609 0.377653 -0.432783 0.560106 -0.965847
0.628913 -0.813951 -0.923558 0.640625 0.700699 -0.429624 -0.339260 0.273106 1.317516 0.244546 0.989867 0.812456 0.496391 -0.049079 0.004406 -0.403998 0.960400 -0.224182 -0.964372 -0.791308 -0.251174 0.740819 -0.163796 0.064909 -0.264662 0.970634 0.212030 0.218684 0.796289 0.575467 -0.012995 -0.312277 -0.286645 -1.094134 0.408364 -1.159625 -0.220107 -0.745294 -0.909194 -0.474983 0.602694 -1.317664 0.100352 0.334197 1.110012 0.844008 0.119610 0.168153 0.900373 0.172183
-0.419308 0.057420 -0.525406 -0.775027 0.621234 1.006732 1.041830 -0.077133 0.290834 -1.046154 0.375184 -0.006315 -0.059986 0.402033 0.194061 0.340365 1.042922 0.234682 -0.102293 0.102632 0.439360 0.238151 1.160268 0.061524 0.539336 0.101367 -0.636478 -0.869357 -0.619005 -0.771506 -0.285256 0.919532 0.871315 -0.139811 0.514948 0.338369 0.246098 0.521643 0.437691 0.212460 -0.189127 0.681640 -0.949927 0.620092 -0.127449 0.747798 -1.003594 1.067892 -0.620069 -0.286550
-1.031744 1.084169 -1.214940 -0.836587 0.911782 0.434085 1.370414 0.464798 0.874707 -0.357705 0.082781 -0.449110 0.241423 0.537650 0.387532 -0.528465 0.059128 -0.243598 0.793573 0.918913 -0.711520 -0.308366 -0.206430 0.816896 0.435108 -0.808407 0.572093 -0.963895 -0.744517 -0.946089 -0.761631 0.700593 0.595960 -0.088218 0.490568 1.153486 0.515254 0.813091 0.954138 -0.846298 -0.548948 -0.325523 0.020212 0.273384 -0.598214 0.325513 -0.657262 0.566238 -0.963069 -0.380869
-0.243630 1.248638 -0.308679 0.171994 -0.715912 -0.357028 0.711999 0.826472 0.306496 0.264548 -0.177930 -0.236140 -0.778854 -0.649918 -0.426430 0.234857 0.261884 1.165536 0.497474 0.849255 0.495561 0.261255 -0.700393 1.209632 0.609838 -0.437449 0.935767 -1.743201 0.457925 -0.295064 0.407609 -0.830230 -0.704854 1.306579 -0.691460 0.881796 -0.707344 -0.344764 0.749559 -0.298615 0.754105 0.997923 -0.457164 -0.477389 -0.200654 -1.380448 0.108188 -0.223913 -0.759396 -0.765199
-0.631509 0.139727 0.526269 0.968865 -0.122607 0.525159 1.001849 1.136321 -0.094655 0.579813 -0.219685 0.223077 -0.418742 -0.391351 -0.247042 -0.207312 0.846383 0.620945 -0.821903 0.819476 0.877015 0.153088 -0.982660 -0.333317 -0.449855 0.500355 -0.375157 -1.496635 -0.801574 1.188828 -1.046030 0.560010 1.401294 0.522142 -0.527607 -0.270062 -0.497414 -0.113957 -1.281095 -0.418824 1.219492 0.518153 0.375941 0.987480 -0.026911 -0.459749 1.448553 -1.049949 -0.342441 -0.547760
-0.755009 -0.332479 0.101215 0.184292 -0.282816 0.497193 0.733618 0.276136 0.871161 1.739179 -0.742461 0.167824 -0.209524 -0.331324 0.218886 -0.962383 0.441513 -0.507983 0.956344 -0.875996 0.004581 0.987632 -1.413489 -0.089939 0.183232 0.957319 -0.887658 -0.589459 0.466761 0.480067 0.040418 0.685022 0.254093 0.057930 -0.212212 0.352674 0.086234 -0.124300 0.629340 -0.496885 0.511492 0.497995 -0.184370 0.672543 0.107881 -0.561839 1.060076 0.382268 -0.494168 0.922429
-0.076400 -0.657740 -0.555935 0.175428 0.466740 0.105818 -0.292242 0.099476 0.880070 0.138832 -0.774972 0.398248 -0.476562 0.592874 0.858808 0.705344 0.950536 0.416894 0.396517 0.644934 0.482083 0.420102 -0.097963 -0.214238 -0.175893 0.671810 -0.112191 0.067447 0.226851 0.014970 -0.256250 -0.632164 0.887556 -0.438066 -0.738173 -0.538918 0.022707 -0.887521 -0.556217 -0.671359 0.005597 1.288123 0.512659 -0.451163 -0.430515 -0.894341 -0.213568 0.627108 -1.022606 -0.540074
-0.045502 -0.241885 0.219582 0.821555 0.609980 0.496036 0.476148 0.486167 -0.924273 0.897552 -0.760190 -0.565458 0.708511 -0.430684 -0.578458 -0.069045 -0.186126 0.519033 -1.055901 -0.184036 0.487211 0.779566 0.902480 -0.404319 0.500871 0.552273 -0.965984 -0.289603 -0.304790 0.654401 0.216856 -0.209731 -0.466029 -0.651474 0.219898 0.188429 -0.038571 0.447564 -0.164273 -0.540873 -0.179515 0.033216 0.091976 -0.339363 -0.819995 -0.206483 0.579144 0.079888 0.243537 1.189168
0.560833 -0.803796 -0.926643 -0.614270 0.685570 -0.594972 0.959718 -0.483004 -0.635301 -0.466152 -0.676334 0.742875 1.020658 -0.674776 -0.640658 0.654724 0.709682 0.928695 -0.898697 -0.786893 0.837219 -0.804425 -0.120293 0.389281 -0.683095 -0.295387 0.379051 0.796386 0.439668 0.435229 0.727918 0.860357 0.168474 -0.288186 0.233168 -0.736942 -0.293397 -0.053322 -0.446126 -0.658077 0.603955 0.346341 0.090059 0.245920 0.667133 -0.746512 0.532544 -0.264424 -0.100965 1.156604
-0.665157 -0.027930 0.021458 -0.256168 -0.724929 0.708398 -0.045903 0.692440 0.616837 0.115623 0.878811 -0.800728 -0.085985 0.652120 0.169814 -0.565683 0.906559 -0.012028 -0.251890 -0.642162 -0.174853 0.292425 -0.841158 0.403144 -0.911776 -0.319059 -0.773168 -0.231046 0.220192 0.672454 -0.380198 -0.706695 -0.705870 -0.960480 -0.013370 -0.573804 0.936911 0.804785 0.140008 -0.396022 0.091808 1.028271 -0.299489 -0.820697 0.361143 -0.214858 0.652399 -1.147615 1.013003 -0.327575
0.274052 -0.973375 0.774605 0.856040 -0.803233 1.224906 -0.026978 0.974822 0.224598 -0.334731 0.983949 0.414820 0.978566 -0.630784 0.410018 0.055937 -0.583482 0.713643 -0.065572 0.428439 0.509148 0.273581 0.180274 -0.324712 0.271319 0.027163 0.490747 0.737299 -0.781734 0.225050 0.643681 -0.875487 -0.655940 0.442745 -0.499489 0.066528 -0.299820 0.998135 0.079742 0.499190 -0.027357 -0.492760 -0.061655 0.792628 0.263243 0.017496 0.447013 -0.803784 0.148094 -0.396902
-0.782802 0.857353 0.288473 0.472856 0.563647 1.750109 -1.381421 -0.417899 -0.260458 1.019260 -0.954469 -0.483358 -0.015349 -0.366221 0.301671 -0.606136 0.692223 0.397213 0.532309 -0.167396 -0.510838 -0.262999 -0.176451 -0.327306 0.153605 -0.595299 0.695187 -0.117333 -1.332182 -0.548811 0.087138 -0.060582 -0.277167 1.369426 -0.239901 0.976236 1.010587 -0.023931 0.219261 0.624245 0.343239 -0.450574 0.540343 0.013042 0.850430 1.145339 1.009337 -1.188091 0.426237 -1.058709
0.421119 -1.218420 0.594426 0.325717 -0.383255 0.228773 -1.066736 -0.556168 0.909740 0.716149 -1.484898 0.197418 -0.948612 -0.697960 -0.023895 -0.818201 0.298187 -0.322763 0.068690 0.861605 -0.658360 -0.011736 0.197671 0.415337 -0.192493 -0.248390 0.386392 0.398214 -0.836116 -1.196210 0.325513 0.234413 -0.474297 0.771741 0.240274 -0.324744 0.130140 -0.553376 -0.232055 -0.484564 -0.979549 -1.557640 0.495177 -0.049617 0.290135 -0.442494 0.606631 0.480562 0.576283 0.010900
-0.712942 -0.033356 0.207604 1.690741 0.304609 -0.940253 0.117827 -0.963538 0.626581 -0.894365 0.129060 0.460931 -0.639583 0.600311 0.824785 -1.214328 0.410184 0.176414 0.457276 1.040215 0.322117 -0.837773 -0.597816 -0.871891 0.385686 -0.088303 -1.052682 -0.319400 -0.464540 -0.071523 -0.353209 -1.504479 -0.320621 -0.365603 1.576423 0.052305 0.013975 -0.076019 0.863846 -0.560426 0.161904 0.380904 0.211217 -0.292851 0.210811 1.107788 -1.280045 0.615472 0.114899 0.207925
0.550918 0.284105 -0.245885 0.093731 0.332381 -0.424213 -1.027424 0.228385 0.554679 -0.426079 -0.653064 -0.189210 -0.485172 0.400822 -1.673684 -0.272103 0.195677 -0.892327 -0.664825 0.549517 -0.862349 -0.525666 -0.831124 -0.274148 0.292875 -0.247095 -0.602552 0.379214 -1.277702 0.369713 0.146569 0.427511 -0.429953 0.011133 0.361641 -0.901137 -0.383248 -0.080175 -0.247451 0.680807 0.407649 -0.682940 0.250905 0.231850 -0.374065 -0.544088 -1.054983 -0.427148 0.651931 1.120331
1.371796 0.560475 -0.245713 0.499938 0.924866 -1.132554 0.071926 0.271521 -0.743727 -0.849366 -0.713923 -0.272081 0.727110 0.419526 -0.951338 0.007122 -0.419432 -0.699981 -0.481642 -0.352677 -0.237661 -0.928290 -0.139529 0.785171 -0.952353 -0.034367 0.982325 -0.611749 -1.220842 1.516952 0.354089 1.192840 -0.301503 1.048216 0.641227 -0.131536 -1.170766 -0.682565 -1.239268 0.025678 0.373178 0.603590 0.225659 0.580104 -0.142199 0.075644 -0.220041 -0.894317 -1.080314 -0.526400
0.045298 0.259272 -0.353373 -1.389869 -0.770516 0.228530 1.315808 -0.228377 -0.695750 -0.418426 -0.624293 0.687397 -0.012087 0.813374 0.695526 0.765442 0.265236 -0.523631 1.015823 0.690042 0.386346 -0.145336 0.212112 0.492842 -0.424618 0.525639 -0.129352 -0.519993 0.474298 -0.569592 -0.147902 -0.043806 0.156849 0.767444 0.908195 0.887626 -1.113493 -0.766724 0.159743 0.582695 1.079925 -0.637536 0.704932 1.592722 1.180868 -1.150454 -0.280508 -0.098804 -0.669051 -0.290340
-0.782461 -0.637159 -0.271617 -0.608791 0.123646 -0.641853 1.296255 0.618639 -0.848097 1.035114 0.460162 -0.927535 0.972562 0.164526 -0.493229 -0.072324 -0.918154 -0.003754 0.729400 0.700702 1.125194 -0.598052 -1.081004 0.421558 -0.188704 0.478876 -0.639578 -0.930788 -0.431152 -0.758949 0.471218 -1.002954 -0.266433 -0.894153 -0.012585 0.991501 -1.098700 0.248041 0.049574 -0.312582 0.613813 -0.689792 0.061641 0.545234 -0.774293 -0.999277 0.438161 -0.277685 -0.432785 0.601481
0.533254 0.055074 0.073777 0.910543 -0.754403 -0.855899 -0.209095 -0.956779 0.293209 -0.597474 -0.779185 -0.559324 -0.039115 0.124075 0.556424 -0.417358 -0.134368 -0.591720 -0.800711 0.521766 -0.285635 0.982179 -0.192154 0.651325 0.763531 0.399662 0.307597 0.081454 0.374762 -0.803289 0.456559 -0.122464 0.259279 0.184535 -0.875121 0.615399 0.444394 -0.837794 0.574484 -0.459786 0.245353 0.186105 0.141811 -0.751497 -0.127350 -0.688841 0.746831 -0.340722 -0.648201 -0.788892
0.531031 0.107527 -0.867179 -0.273664 -0.711306 0.046658 -0.252915 0.014434 -0.622597 -0.183666 -0.357157 0.519004 0.167414 0.980187 0.185824 0.730228 -0.281700 -0.689311 0.489627 0.488043 1.060647 -0.325334 0.755090 0.348758 -1.002586 -0.175619 -0.359630 0.161343 -0.112258 0.493435 0.917965 0.259022 -0.663871 -0.595542 0.847424 0.057046 -0.250214 -0.490777 -0.714262 -0.626191 -0.322788 0.377446 0.721115 -0.377761 0.045674 0.644535 -0.317570 -0.433387 -0.247042 0.293192
0.314567 0.636593 -0.852548 0.316332 -0.205528 0.516355 0.743190 0.520746 0.822448 -0.496468 -0.940589 -0.275036 0.817682 -0.328548 -0.541866 0.692371 0.601134 -0.853349 -0.849143 -0.657414 0.881016 -1.171381 0.663553 0.872859 -0.630541 -0.696938 0.257327 0.683752 0.130925 0.911211 1.207557 0.265673 -0.696067 0.672589 0.225292 -0.480286 0.618963 -0.731058 -0.496808 -0.061568 0.161249 -0.621244 -0.883012 0.800907 0.289231 -0.990990 0.489069 0.063765 0.239752 0.532497
-0.867863 -0.188154 -0.862860 0.171822 -0.245363 -0.966743 0.259216 0.532978 0.740472 -0.106940 -0.875001 -0.509626 0.993616 -0.930376 0.174652 -0.051465 0.024149 -0.263481 0.818341 -1.060894 -0.689193 -0.642882 0.888497 -0.134444 0.174114 -1.318044 0.571896 -0.382800 -0.223188 -0.178179 0.395937 -0.659008 0.554863 -0.698466 0.343549 0.050054 0.086204 0.975255 -1.419994 0.269838 -0.438923 0.460256 0.406930 0.418559 1.025061 -0.187439 0.336868 -0.018020 -0.257761 0.626211
0.375526 -0.780194 0.876111 -0.221798 0.052760 -0.089939 -0.182840 -0.365097 0.377101 0.141758 -1.116883 0.090252 -0.262750 -0.317358 0.197934 -0.027303 0.071051 -0.184264 0.731245 -0.760215 -0.159300 -0.243290 0.684029 -1.483192 -0.172809 -0.426406 1.167652 -0.334890 1.012702 0.553599 0.512498 0.498773 0.178869 -0.666373 0.516701 -0.352708 0.326487 0.457417 -0.623098 0.258245 0.142804 0.396257 -0.774458 0.304341 0.564552 -0.100343 0.306480 0.029912 0.693222 -0.613831
0.206605 0.779337 -0.424216 -0.900167 0.483053 0.608564 -0.967523 0.632157 -1.009199 -0.985548 -0.724640 1.149221 0.059685 -0.518918 0.547644 0.105583 1.137604 0.004723 -1.026933 0.595862 0.843448 0.756629 -0.846675 -0.823093 0.124028 0.364102 0.966298 -0.415482 -0.426845 -0.416315 -0.637700 -0.825280 -0.424448 0.771196 0.610311 -0.170749 1.088402 0.035796 0.050849 -0.057104 0.433624 -0.253340 -0.659114 0.055869 -0.585300 -0.329577 -0.138333 -0.302577 -0.222517 0.219891
0.209852 -0.275655 -0.678965 -0.061308 0.805200 -0.750567 -0.222792 0.259298 0.956289 0.494012 -1.101085 -0.932684 0.376518 0.952342 0.039067 1.166356 -0.463811 -0.785447 -0.924766 1.041701 -0.604217 0.156089 -1.268741 -0.503724 0.425273 -0.802293 0.104457 0.546860 0.562132 -0.848923 0.405962 -0.099407 -0.330624 0.960089 0.603932 -0.708616 0.152982 -0.340175 -0.704834 0.088922 0.665107 -0.260573 -0.354813 -0.144762 0.495404 -0.441268 0.546179 0.019388 0.590335 0.810645
0.681153 0.311269 -0.008181 0.428820 0.317700 -0.580010 0.654580 -0.158575 0.621401 0.261370 -0.285720 0.069222 0.402601 -0.269099 -0.150524 -1.125652 -0.328302 0.371640 0.516418 -0.429151 0.011399 -0.478099 0.514307 0.383416 -0.732732 -0.394157 -0.529938 -0.661541 0.707498 1.365925 -0.559093 -0.785643 -0.210017 0.176806 0.747690 -0.272804 0.106910 0.640145 1.093371 -0.954204 -0.435554 -1.290557 0.471471 0.700208 0.064597 0.423476 -0.535327 -0.297549 0.837126 -0.679826
-0.057519 -0.581474 -0.717047 0.256138 0.246524 -0.143488 -1.222629 0.911477 0.392283 0.418730 0.659805 -0.323265 1.251522 0.629325 -1.586589 -0.088198 0.237556 0.226863 0.023761 -0.804640 -0.783974 -0.437305 0.493158 0.338940 -0.254550 -0.722427 -0.203069 -0.147617 -0.136353 0.156771 -0.241110 -0.387896 -1.118849 0.254131 0.340954 -0.096608 0.944997 -1.125499 0.049546 -0.012935 -0.244261 0.375492 -0.207551 0.257984 0.569102 0.637233 -0.149183 -0.287923 0.274539 0.882215
0.780566 0.277372 -0.261819 0.861388 0.371126 -0.058712 -0.972969 1.149603 -1.504873 0.249822 -0.047406 2.406265 -0.244751 -0.381656 -1.131427 -0.456802 0.788540 1.046833 0.030722 0.044990 0.090794 0.301654 -0.471356 -0.868290 -0.794203 -0.655990 -0.327363 0.393450 0.969942 -0.338028 -1.102527 0.629179 -1.084879 0.537755 1.921836 -0.002256 -0.708331 -0.587794 -0.985665 0.937355 0.252869 1.137644 0.733924 -0.311704 0.770914 0.541068 -1.010759 -0.296067 1.212966 0.597223
0.727675 -0.937806 1.038132 -0.668983 -0.558080 0.726595 0.390498 0.799967 -0.692333 -0.284573 0.620054 0.020774 -0.661025 0.066320 -0.090936 -1.065067 0.020440 -0.102024 -0.335793 0.133437 -0.826641 -0.262267 -0.478692 -1.209613 -0.012178 0.670576 0.260717 -0.527132 -0.981053 0.631295 0.787286 -0.683837 -1.168040 -1.132199 -0.338609 0.901262 -0.398834 0.279250 -1.225566 -0.178172 0.221690 0.728947 -0.384417 -0.591306 -0.346379 -0.447715 -0.506067 -0.218507 0.155618 -0.551242
-0.245847 0.484331 0.003764 0.939479 -0.854500 0.701596 0.105013 -0.686136 0.873117 0.656994 -0.020675 -0.020736 0.856011 -0.323061 -0.258717 -0.339084 0.707941 -0.754120 0.614437 -0.469089 -0.078514 0.300212 0.527025 0.814242 -0.158453 0.434321 0.788339 -0.054013 -0.058634 0.778372 0.227929 -0.680109 -0.485414 -0.257947 -0.263644 0.270187 0.609934 0.906174 0.030413 0.018082 -0.240639 0.254177 -0.246570 -0.679658 -0.179557 0.751336 0.703424 -0.216062 0.071340 -1.010346
0.659309 0.468934 0.581828 -0.625313 0.570161 -0.782966 0.958090 0.488291 -0.671101 0.040387 0.140068 -0.537251 -0.619674 0.510813 -0.694061 0.635610 0.337934 -0.073880 -0.475031 -0.360838 -0.032338 0.201370 -0.214558 0.863799 -0.828337 0.813560 -0.597145 0.541300 0.714833 0.806755 0.583497 0.169294 -0.539097 0.916798 -0.522123 1.246013 0.831548 -0.218860 0.676031 -0.942067 0.120273 -0.411118 0.289413 0.932181 0.879680 -0.226142 1.025984 -0.545062 -0.530115 0.098667
1.226682 -0.066000 -0.519581 0.641910 -0.911919 -0.701506 0.178035 -0.612111 -0.123193 -0.649587 0.868458 0.801270 0.129312 0.187999 -0.651137 0.999402 -0.999557 -0.521252 -0.851011 -0.627953 -0.534854 -0.352689 -0.661905 0.029482 -0.110897 -0.486427 -0.175272 0.029960 -0.325609 0.625114 -0.568307 0.589461 0.284323 -0.936701 0.322237 -0.627110 0.292757 0.170834 0.600506 0.394882 -0.045977 0.267424 -0.637233 0.473026 -0.794371 -0.312681 -0.172034 -0.506815 -0.134718 0.423519
1.012958 0.952484 0.331199 1.055949 -0.343092 -0.930011 -0.390227 0.802750 -0.133553 0.710402 0.682393 0.037490 0.337197 0.976828 -0.250010 -0.680130 -0.158618 0.744445 0.500943 -0.625795 0.255178 0.725796 0.940957 -0.580705 0.701529 0.237645 -0.774574 -0.109159 -1.006952 0.413580 -0.437333 0.183411 0.512630 0.719675 0.637021 0.963323 1.006632 -0.935519 0.014332 0.198018 -0.280559 -0.893855 -0.199082 -0.534649 0.031651 -0.590935 0.961926 -0.728339 0.023875 0.092561
-0.643078 -0.233993 -0.245554 -0.211771 -0.914652 -0.149768 -0.634138 0.495300 0.333804 0.691974 0.197027 -0.215973 0.312348 -0.489853 -0.769601 0.018730 -0.173731 -0.907383 -0.841343 -0.694328 0.681715 1.036265 0.525850 0.086442 -0.085962 -0.029496 0.436375 0.307611 -0.846265 0.643436 0.481113 0.031608 -0.163295 -0.626759 0.036027 0.681678 -0.119095 -0.522607 -0.323575 -0.641952 -0.413742 0.034189 0.546893 -0.315939 0.021835 0.144137 -0.983295 0.425794 0.173278 -0.485739
-0.440651 -0.008664 -0.829510 -1.068633 -0.838182 -0.146042 -0.265219 0.374134 0.382821 -0.455611 -0.265280 0.573866 -0.444115 -0.103486 -0.855808 -0.566488 -0.347933 -0.412930 0.427142 -1.073609 0.765813 0.584008 0.393549 -0.175461 -1.016971 0.015209 0.337113 0.322809 -0.169850 0.637309 -1.021561 -0.044322 -0.578177 0.358296 0.160803 -0.010493 -0.200124 0.721165 -0.853691 -0.377266 0.197110 1.030679 -0.570029 0.808341 -0.419075 0.220682 -0.293027 0.230864 -0.905486 -0.067340
0.474697 0.036177 0.798650 -0.655009 -0.649430 0.441499 0.214519 0.609710 -0.288432 0.352144 -0.886504 1.357124 -0.627061 -0.466508 -0.980537 -0.199076 0.301236 1.072725 -0.032137 1.115988 0.912450 0.425489 -0.318096 0.292438 0.718629 0.830031 1.114688 -0.030346 0.541427 0.358112 -1.012622 -0.191977 0.938387 0.070638 1.175987 -0.083411 0.102711 -1.020668 -1.169352 -0.205922 -0.173987 -0.295365 0.211686 0.712503 0.019448 0.570369 -0.737991 1.384152 -0.396759 -0.567351
0.736151 -0.473364 -1.004732 -0.974917 0.406027 -0.385739 -0.998282 1.396546 0.501523 -0.311828 -0.942999 0.178682 -0.322854 -0.888552 -0.475943 0.001847 -1.047281 1.000153 -0.556939 0.982788 -0.686260 1.536442 -1.122890 -0.284966 -0.798769 -0.315144 0.189184 -0.320315 -0.947602 0.035843 -0.289530 -0.903871 1.345488 -0.201674 -0.607700 -0.898101 -1.157460 -0.941807 0.031995 -0.039106 -1.005617 -0.428565 0.106867 0.267864 -0.496846 -0.784369 0.024197 0.953597 0.808491 0.166307
-0.092932 0.258554 0.816990 0.392898 0.835152 0.226999 -0.115920 0.452765 1.144836 -0.999639 0.629088 -0.151516 0.064658 -0.465349 -0.854493 0.128604 0.526398 -0.031675 -0.210449 0.831483 0.226278 -0.127377 0.325974 -0.181073 -0.898898 0.294931 0.138003 -0.412888 -0.141764 0.698302 0.537120 -0.306054 1.043550 0.217155 -0.186321 0.156612 0.239078 -0.766641 0.557193 -1.135194 -0.094049 0.378294 -0.852380 -0.554866 0.130928 0.165908 -0.016228 0.079042 0.824309 1.178641
0.717244 -0.439240 -0.707402 -0.548747 0.692309 1.256923 0.875800 -0.187833 0.794341 -0.688363 0.598761 0.333112 -0.543826 0.414025 -0.695885 0.050411 0.885398 -0.338068 -0.554065 -0.331127 -0.719005 0.127861 0.943450 -0.102919 -0.365142 -0.494598 -0.867567 0.688873 1.077921 0.455211 -0.500795 0.260351 -0.282521 -0.223362 -0.358337 0.060193 0.285132 -0.816600 0.147215 -1.014215 0.754718 0.851276 -0.310123 1.022868 0.283152 1.288806 -1.343468 0.027193 -0.052849 -0.987476
0.838568 -0.556048 -0.193644 0.408234 -1.385966 -1.041681 -1.362576 -0.013745 0.475599 -0.382841 1.955696 -0.056789 -0.808355 0.650373 -0.215359 -0.630937 0.355277 -1.106805 0.795113 0.460405 -0.350830 0.226007 0.476447 0.012277 -0.040924 -0.032654 -0.309762 -0.168560 0.742217 -0.133719 -0.109114 0.707105 -0.182928 -0.344460 0.447515 -0.237198 0.720009 0.609408 -0.854854 0.327169 0.312658 0.741110 1.112884 0.056321 -0.060234 0.956388 0.391865 0.507604 -0.220945 -1.193828
-0.700563 -0.601467 0.218847 1.075428 -1.286416 -0.002154 -0.039328 0.757942 -0.180630 -1.616919 0.707430 -0.580249 -0.903194 0.680057 1.474894 -0.014628 1.462045 0.058301 -0.504471 1.205132 -0.915416 -0.477574 1.239712 -1.099952 0.160801 0.724468 -0.518770 -0.886391 -0.620687 -0.426949 -0.357584 -0.368736 -0.165938 0.499741 0.198583 0.086265 -0.608554 0.323270 -0.051327 0.847748 0.551966 0.431427 0.141003 -0.036555 0.283698 -0.562770 0.352157 1.714203 0.178651 0.315790
-0.732160 -0.369376 -0.002440 -0.446600 -0.462874 -0.738584 0.590379 -0.423253 -0.242245 -0.291772 -0.447317 -0.780611 0.081427 -0.807589 -0.255930 0.463496 0.113913 -0.374899 -0.845864 0.415488 -0.633783 0.206174 0.252860 0.219605 -0.219461 0.077014 0.460914 -0.383046 -0.461159 -0.685947 0.484904 -0.598502 -0.407237 -0.739999 0.294101 0.302448 -0.163250 1.023130 -0.291425 0.686160 1.249521 0.232374 0.674975 0.021584 -0.515872 -0.131851 0.589637 -0.100952 0.928504 0.117740
-0.421243 0.438806 0.356539 0.350857 -0.563237 -0.160565 -0.547762 0.439440 0.103438 0.490958 0.556818 0.683003 0.637231 0.272865 0.657830 -0.718583 0.881960 -0.310356 0.395200 0.286884 0.153060 -0.778408 -0.338037 -0.316717 0.529535 -0.721854 0.185621 0.250182 -1.069170 0.836133 0.336102 0.799725 0.472628 -0.038993 -0.560625 -0.257279 0.067516 -0.525249 0.094487 0.148715 0.700980 -0.537043 -0.052636 -0.187582 -0.400193 0.823722 -0.012898 0.823208 -0.685712 0.127466
1.227753 -0.049996 -0.314443 0.000980 0.272743 -0.195927 -0.000725 0.701219 0.394691 0.262585 -0.986301 -0.587177 0.559050 -0.557305 -0.303136 -0.833982 0.810119 -0.151757 -0.400708 0.649291 0.710701 -0.881927 0.416805 0.344583 -0.668494 0.131692 -0.179955 0.631858 -0.370534 0.054130 -0.721711 0.012452 -0.158875 0.606785 -0.579693 -0.852166 -0.245111 0.853311 -0.144338 -0.615707 0.821957 0.394993 1.033485 0.961923 -0.198799 -0.115364 0.410902 -0.180265 -0.658917 1.037032
0.717713 -0.703140 -0.771778 -0.670576 0.412673 0.333524 -0.871737 -0.356745 0.565899 0.179466 1.009185 0.138865 0.302148 0.290407 0.454231 -0.290681 -0.684834 -0.826716 -0.954714 -0.166519 0.735513 0.478695 0.889758 0.654584 -0.633779 0.697620 -1.000012 0.566229 -0.478376 -0.801132 1.074352 -0.036570 -0.882050 -1.005113 0.522160 0.782775 0.544686 -0.056051 -0.359256 0.051910 -0.018171 -0.679928 0.237604 -0.189710 -0.336069 -0.067646 -0.737673 -0.209299 0.956344 -0.750417
-0.530601 -0.451896 0.076865 0.384410 -0.964487 0.927978 -0.343916 0.885676 0.872558 -0.738950 0.144944 0.403672 0.065490 -0.694366 0.379758 0.211999 0.137188 -0.240877 -0.801166 0.293535 -0.552786 0.327710 0.742268 0.813499 -0.195283 0.467811 0.554687 0.047604 0.542981 -0.676726 1.011473 0.776187 0.527003 0.297105 1.211080 0.743131 -0.666199 -0.915028 0.193888 -0.355629 -0.646611 -0.808668 -0.417059 0.792293 0.132146 0.500906 -0.030906 -0.278944 -0.244688 0.027215
-0.316757 0.054705 -0.001613 0.006872 -0.150475 -1.053392 -0.308044 -0.210983 0.860863 -0.091855 0.061180 -0.291426 0.081758 0.094634 0.446142 -0.017343 0.304201 -0.713577 -0.571762 -1.237723 0.012778 0.820628 -0.130804 0.643572 0.635608 0.075183 0.790204 -0.614973 -0.697235 0.187051 -0.116743 -0.939454 -0.470864 -1.117500 0.905996 -0.452141 -0.268426 -0.677257 -0.644207 -0.349769 -0.826060 0.295973 0.844461 0.077825 0.009889 -0.903282 0.381893 -0.221016 -1.024288 0.197347
-0.926265 0.073765 0.059709 -0.219988 -0.034684 -0.619480 -0.112509 -1.045555 -0.970733 -0.497419 -0.049000 0.890672 -0.512362 0.866674 -0.335887 0.411933 0.735335 -0.133479 -0.325513 0.001535 -0.199514 0.781044 0.245724 -0.486304 0.485865 -0.899076 0.732872 -0.359378 0.513939 0.930288 -1.148591 -0.010242 -0.624593 0.227906 0.412505 -0.113090 -0.206397 -0.360111 -0.156774 -1.201735 0.414766 0.441194 -0.540665 1.004443 -0.321523 -0.410392 0.525039 0.256915 -1.423877 0.493353
0.258164 -0.679820 0.201852 -0.700985 0.450093 0.297671 0.517199 -0.145968 0.497145 0.433730 -0.222014 0.559036 0.540603 0.041664 -0.440502 -0.331073 0.451584 0.514150 -0.741359 -0.512526 0.514207 0.391839 -0.602563 0.678504 0.258346 -0.112676 0.660792 -0.193722 -0.988250 0.211417 0.040867 0.833442 -0.054299 -0.395158 0.154512 0.501312 0.128596 1.112609 0.144550 -0.095984 -0.299428 -0.509153 -0.372595 0.932937 -0.487938 -0.248348 -0.345684 0.881389 -1.162714 -0.357755
-0.103064 -0.395725 -0.081702 -0.979933 0.550086 0.483685 0.431346 -0.230031 0.064803 -0.139766 1.547636 0.384256 -0.509597 0.186695 -1.294915 0.275967 -0.242275 -0.188370 0.073403 -0.791393 -0.274364 1.008896 -0.511291 -0.114286 0.099054 -1.625448 0.083948 0.555246 0.089844 0.501350 0.733829 0.681599 -1.027172 0.576887 -0.871683 -0.260195 -0.530185 -0.583301 -0.077179 0.884692 0.595167 -0.109196 0.434131 -0.283380 0.255774 1.765077 0.122660 -0.026034 0.851601 -0.069807
-0.966711 -0.170894 0.527007 -0.215275 -0.259479 0.303054 0.556783 -0.484224 0.579471 0.392311 0.909655 0.662208 -0.941638 -0.979636 1.019867 0.632920 0.219133 -0.470332 0.676996 0.551015 1.147842 -0.102679 0.325916 0.720181 -0.204799 0.301421 -0.384138 -1.036730 0.540123 -1.006463 0.218511 0.380519 0.339701 0.126298 -0.741568 -0.016599 0.909009 0.403980 0.763542 -1.789817 0.994660 0.786808 0.771341 0.346587 1.230036 1.292441 0.278011 0.009881 -1.219175 0.467698
-0.141400 -0.178493 -0.549746 0.866339 -0.569947 0.935571 -0.703435 -0.974131 -0.330892 -0.074998 0.712329 0.634506 -0.794530 0.800262 1.120727 -0.027370 0.767649 -0.315664 0.051271 -1.066531 0.279672 -0.431725 -0.395131 -0.383639 -0.806855 0.779155 0.502884 0.796062 -0.580746 -0.707751 -0.187222 0.743241 0.138061 -0.810395 -0.989620 0.345136 0.466987 -0.797254 0.261804 -0.939519 1.047258 0.547383 1.034326 0.109574 -0.139177 0.424519 -0.093436 0.978210 0.396503 -0.432533
-0.940427 -0.049067 -0.755916 0.045303 -0.340952 0.408229 -0.824833 0.357326 0.625996 0.183112 1.018913 -1.361538 -0.687161 0.381387 0.614954 -0.544834 0.602603 0.806574 -0.424515 -0.501309 -1.055504 -0.799650 0.777738 -0.110602 0.719662 -0.156098 -1.010070 -0.193008 0.609182 -0.074632 1.589823 -0.116985 -0.061929 0.320438 0.305346 0.336770 0.602747 0.315045 -0.249014 -0.253037 -0.179412 0.355647 0.010437 0.494967 -0.463708 0.512423 -0.332404 -1.088174 -0.619009 0.536267
-0.627260 -0.399803 -0.718231 1.750852 0.187267 -0.593937 0.081996 -0.645858 -0.230564 -0.278599 0.387914 -0.080354 0.806256 0.083983 0.720171 1.139794 0.879700 -0.249196 -0.257393 -0.599175 -0.677793 0.191613 0.842737 -0.993178 -0.454046 0.138978 -0.418079 -0.254956 0.342617 -0.028624 0.051818 0.250340 -0.780327 1.361855 1.046551 0.227661 -0.318396 -0.286428 -0.816518 0.311102 0.824139 0.327627 0.115280 -0.221954 0.973134 0.889578 0.396831 -0.726033 -1.073438 -1.076522
0.588456 0.213039 -0.130186 -0.486656 0.628614 0.436667 -0.242621 -0.766905 0.312841 -0.895965 -0.669353 -0.700446 0.089461 -0.100950 0.006324 -0.622954 -0.062357 -0.232480 0.529464 -0.680654 0.467630 -0.409380 -0.929238 -0.805262 0.146965 -0.291212 -0.069801 -0.606267 -0.852580 0.325860 0.203718 0.844583 -0.701445 -0.310566 0.283416 0.672140 -0.198483 0.073214 0.456739 0.900865 0.002024 0.388036 -0.588348 -0.024418 -0.766896 -0.713272 0.512495 0.638550 -0.040997 0.969137
-0.632213 0.510548 -0.768573 0.486247 -0.480217 -0.885989 -0.468312 1.134596 -0.445873 0.047612 0.187110 -0.200856 -0.083041 1.150465 0.248375 -0.218102 -0.202288 0.631876 0.231831 0.391689 0.056550 -0.846074 0.741600 -0.955165 -0.426437 -0.311414 0.672119 -0.762484 -0.323412 1.073558 -0.620257 -0.747189 -0.758839 -0.266817 0.629232 0.437974 0.998420 0.807641 0.015001 -0.408492 -0.534149 0.894727 0.889910 -0.708705 0.309948 -0.460820 0.315590 0.489079 0.267339 -0.294487
-0.891271 0.029138 0.851136 -0.490987 0.721083 -0.528815 0.424387 1.063329 1.104369 -0.893477 0.031381 0.427196 0.416190 0.470843 0.706741 -0.070135 0.989600 -0.197646 -0.759670 -0.093718 0.483205 -1.088424 -0.603029 0.364644 -0.239570 -0.551575 -0.392535 0.603459 -0.716826 -0.766945 -0.567991 0.272642 -0.534860 -0.626648 -0.050051 0.862264 -0.205084 -1.099187 0.150478 -0.185801 0.506662 0.823671 0.226416 0.469543 -0.608887 -0.064036 0.076842 0.796173 -0.290580 0.482328
-0.005447 0.312360 -1.095966 0.564413 0.370605 0.230330 0.329801 -0.651831 0.274475 -0.285920 0.901528 0.434728 0.095770 -0.899116 -0.480826 -0.211204 -0.302551 0.238242 -0.581514 0.503854 -0.898068 -1.133462 0.522641 0.778177 0.228027 0.456214 0.191514 0.298319 -0.233034 0.247060 0.348155 -0.930395 1.261394 0.406190 0.474850 0.189667 0.069213 -0.008164 -0.141416 -0.444891 1.242185 0.588653 1.526966 -0.537524 0.170304 -0.571379 0.398533 0.030424 -1.076570 -0.681590
-0.068705 0.922828 -0.456327 -0.400979 0.364669 0.607299 -0.030259 -0.691863 -0.555813 0.094338 0.318399 0.280027 -0.353936 -0.325937 0.046914 0.504520 1.072867 0.308657 0.188915 -0.425293 0.700254 -0.300004 -0.544538 -0.530989 -0.136533 1.181451 -0.516124 0.547084 -0.872160 -0.550796 -0.240152 0.400509 0.381866 0.363234 0.588095 0.803368 -0.257226 -0.711907 0.166692 -0.411318 1.090592 1.117035 -0.239267 0.456520 -1.423511 -0.571201 -0.148037 -0.781824 -0.665700 -1.292819
-0.067424 1.311791 0.595333 0.503645 -0.515445 0.294038 0.188000 -0.558939 0.617372 1.417930 -0.336694 0.475746 -0.522478 0.257897 0.027801 -0.252338 -1.515636 -0.813246 -0.917368 -0.372974 -1.102296 -0.753825 0.889644 0.393422 -0.696395 0.575195 -0.290914 -0.711134 -0.181526 -0.915444 0.449213 1.117290 -0.979581 -0.699627 0.203779 -0.232919 0.681709 -0.041342 -0.509509 -0.109990 -1.027456 1.148975 -1.270981 -0.222049 -0.768404 -0.484497 0.364554 -0.557693 -0.097521 0.112057
0.055766 0.521609 0.679439 -0.297703 -0.019080 0.508969 -0.346965 0.118173 -0.250631 -1.156557 -0.295618 -0.031454 0.616354 -0.435836 0.039131 0.424200 -0.449247 0.664853 -0.747400 0.227919 -0.540889 -0.951375 -0.073078 0.500082 -0.587645 -0.823190 -0.074270 0.782787 0.396970 0.361505 0.747473 -0.104036 -0.761760 0.519685 0.301375 -0.091344 0.568688 0.354962 0.155507 0.269847 -0.051614 0.108275 -0.925222 -0.926895 -0.095045 -0.285946 0.377749 0.475852 0.800800 0.938006
-0.589805 0.199667 -0.209117 -0.194201 -0.244660 -0.020834 -0.615027 -0.207938 -0.325826 -0.093009 0.003897 0.615427 0.219181 0.073943 -0.807907 0.152083 0.273344 0.818603 0.405150 -0.288347 -0.411969 0.194567 -0.653535 0.971017 0.969155 -0.847078 0.208507 1.629981 -0.662668 -0.212549 0.372205 0.323940 -0.225545 0.705965 -0.589156 -0.042286 0.026171 1.256787 0.259613 0.693581 -0.469503 -0.695512 0.070342 -1.409558 -0.169944 0.012212 1.227073 0.601056 0.424868 0.832122
0.291959 0.677494 -0.470337 0.184300 -0.330438 0.194878 -0.397834 -1.137931 0.481938 0.193780 1.043851 0.280714 -0.674151 0.223224 0.129626 1.139534 1.236568 0.404682 0.197035 -0.708101 0.265450 -0.368621 -0.972421 0.644397 0.733191 -0.219784 -0.381704 0.598501 -0.391700 0.465865 -0.108539 -0.357629 -0.150348 -0.470136 0.221458 0.505634 -0.173660 -0.517476 0.753477 0.199071 0.359397 -0.762920 -1.278978 -0.062517 0.469571 -0.742098 -0.919162 0.179876 -0.298117 -0.397354
0.377508 0.381184 -0.046336 0.252008 -1.369073 -0.213575 -0.521634 -1.081046 -0.848509 0.409355 0.262893 0.192759 -0.374761 -0.066889 0.236369 0.115716 -0.456336 -0.828959 0.261318 -0.389717 0.241450 -0.862605 -0.530099 -1.546584 -0.027555 0.285397 -0.195307 0.802702 0.043180 0.746463 1.018180 0.515310 -0.359469 0.397422 -0.520140 0.348883 0.801740 -0.366158 -0.632090 -1.353774 0.430929 -0.278983 0.724681 0.109366 0.549314 0.933030 -0.247219 0.184097 0.309145 0.433135
0.281085 -1.455665 -0.577723 -0.568196 0.144700 -0.927334 -0.288154 0.410691 0.200813 -0.508916 -0.628068 -0.540186 -0.471254 0.937779 0.191198 -1.039680 0.539118 -0.325741 1.044776 -0.624547 -1.068186 0.531382 0.215850 0.835488 -0.478821 0.160054 0.043900 0.219382 -0.446863 -1.410256 0.428435 0.955044 -0.517838 0.157763 -0.061406 1.014706 -0.553395 -0.852802 -0.100080 -0.796339 0.542241 -0.263906 -0.041830 -0.503873 -0.141769 -0.324352 -0.881062 0.531858 -1.050976 -0.210019
-0.143131 0.200631 -0.756485 -0.431403 0.245604 -0.323468 -0.814582 0.600535 0.518453 0.951710 0.077418 -0.185265 1.191876 -0.215514 0.503143 -0.212488 0.562089 0.714807 -0.751276 0.800354 -0.745251 0.671648 0.655221 -0.196080 -0.312752 -1.250134 0.466521 1.165828 0.175976 -0.819088 -0.327714 0.219781 -0.272272 0.145398 0.430411 1.158160 0.534140 -0.681304 0.108271 -1.330410 1.140045 -0.851931 0.075777 -0.184151 -0.711281 0.790931 -0.897872 0.664598 -0.128953 -0.484357
0.319234 -0.679132 0.814229 0.698887 -0.434178 0.716470 -0.838526 1.068598 0.056273 0.051836 -0.346139 0.187519 -0.841697 0.824885 0.315859 1.033167 -1.228517 0.703641 -0.609903 -0.898034 0.658026 0.269134 -0.698261 -0.439830 0.857658 -0.187748 -0.800026 0.897843 -1.172309 0.245105 -0.033887 -0.385306 0.934029 0.750890 -0.683833 -0.758556 0.332277 -0.582619 -0.257697 -1.053902 -0.688878 0.275388 -0.341900 -0.177419 -0.614008 -0.007823 -0.507037 -0.700754 -0.435082 -0.117851
0.550076 -0.015160 0.214182 0.665070 -0.825945 0.980094 -0.115986 -0.403585 0.668574 -0.618067 0.844904 -0.576146 -0.262831 -0.739070 0.363517 -0.052752 0.209744 -0.665571 -0.432885 -0.878495 -0.187838 -0.842816 1.047008 0.266208 -0.675259 0.379867 -0.714640 -0.030314 0.518505 0.653207 0.481630 0.017390 -0.791852 0.250740 -0.093074 -0.122572 0.807201 -0.344031 -0.845856 -0.923638 0.033448 0.316787 0.649151 0.957492 -0.045825 0.930495 0.148076 -0.671739 0.769011 -0.341164
0.406696 0.785337 0.580828 0.334508 0.540032 -0.569941 0.995994 0.047597 -0.480435 -0.397715 -0.477150 0.678540 0.558414 -0.543728 -0.042324 -0.752431 0.319117 0.118874 -0.257001 -0.079399 0.556805 0.660708 -0.783068 -0.278402 -0.745181 1.107062 0.560353 -0.662767 -0.605372 0.529523 -0.256593 0.944767 -0.609239 -0.033709 -0.268713 -0.543525 -0.457196 0.259435 0.905226 0.052710 -0.309016 -0.288899 1.022759 -0.475560 -0.591715 0.805400 0.367231 0.702438 0.025531 -0.582388
0.040551 0.104122 -0.673804 -0.236569 -0.259766 -0.570315 0.361521 1.033770 -0.011221 0.001293 0.643611 0.349259 0.220881 -0.101557 -0.942229 -0.788991 -0.797332 0.208316 -0.659193 0.355977 0.656079 0.987293 -0.277375 0.522930 0.702317 -0.147268 -0.119705 0.964069 -0.844991 -0.646003 0.768719 0.802872 0.459407 -0.323955 1.239254 -1.035014 -0.261724 0.111432 0.398152 0.486707 0.540963 0.347209 -0.399890 -0.216894 -1.047435 0.730219 -0.534344 0.301026 0.135195 0.303728
0.513052 0.274226 -0.652763 -0.066579 0.250020 1.201979 0.425061 0.270382 0.555205 0.747379 -0.161533 0.892454 1.010375 -0.384701 -0.316304 -0.727217 -0.014594 -0.463195 -0.294234 0.970761 0.734801 0.693508 0.654123 0.474056 -0.885057 0.551962 0.685514 -0.371055 0.809822 -0.147444 -0.423856 0.791327 0.538661 -0.538977 0.603390 -1.036842 0.144524 -0.283361 0.878584 0.468212 0.426922 -0.497289 0.516108 0.478398 -0.239580 -0.306829 0.572783 0.495127 -0.700521 -0.873470
0.097905 0.802156 -0.628412 -0.120205 0.107392 -0.238522 0.534067 -0.938555 0.092355 0.098842 -1.455764 -0.448704 0.249095 0.216262 -0.833364 0.185430 0.548480 -0.646029 -0.779320 0.682015 0.535781 0.670924 0.700457 0.214503 -0.052057 1.272431 -0.441637 0.572798 -0.253582 0.375637 -0.817250 0.786990 0.638309 -0.717532 0.745249 -1.135353 1.019497 0.052700 0.339585 -0.374439 -0.048534 0.070059 -1.089445 -0.407437 -0.485699 -0.823055 1.069560 -0.717471 0.353320 -1.009461
-0.335382 1.018820 0.278536 0.293447 0.771037 -0.205152 -0.458668 -0.049408 0.193995 -0.829395 -0.839421 -0.511608 -0.622500 0.223729 -0.049372 -0.671152 0.385097 0.159416 -0.836781 0.429455 -0.398123 -0.569716 0.081882 -0.400157 0.277717 -0.794090 -0.591529 -0.348334 -0.205674 -0.152159 0.149153 0.843616 0.082399 -0.035777 -0.817391 0.684929 -0.148344 0.884830 -0.655064 0.367411 -0.753415 0.490648 -0.807569 -1.480854 0.753253 -0.575912 -1.122242 -1.434817 -0.665242 -0.109231
0.494248 0.386780 0.448979 0.527282 -0.634722 -0.623811 -0.669289 -0.169273 -0.043245 -0.277524 0.727450 -0.628934 0.757110 0.159500 -0.527689 0.278336 -0.187729 1.071818 0.422529 0.078412 -0.558005 -0.604598 0.511674 0.276806 -0.003611 0.520850 0.006767 0.440712 -0.238743 0.128251 0.223129 0.075299 -0.972355 -0.682963 -1.022215 -0.963278 0.015036 -0.101933 0.103657 0.339678 -0.013213 0.301208 -1.163969 -2.028540 0.763851 0.418334 0.326503 0.272994 -0.468305 0.133287
0.452121 -0.710418 0.930254 -0.116631 0.299203 -1.151081 0.226682 -0.660130 0.169260 -0.905594 -0.149613 -0.472196 0.872978 -0.842232 0.917040 -0.672636 1.039954 0.615963 0.250976 -1.353567 -0.575574 -0.810435 -1.042773 0.456990 -0.442357 -0.023418 -0.473360 0.803056 0.300181 0.267400 0.625493 -0.621724 -0.451331 1.004269 0.331888 0.307947 -0.482465 0.974569 -0.298079 0.391722 -0.760811 -1.725875 -0.741278 -0.981358 -0.088721 0.007051 0.190987 0.991311 2.065396 -0.733662
1.265403 0.561009 -0.321624 0.553471 -0.952984 -0.097953 -0.641445 -1.376829 -0.310842 0.248763 0.951656 0.977900 -0.667150 0.627029 0.596832 -1.316595 0.582027 0.630098 0.515170 -0.230335 0.264948 -0.376926 -0.426727 0.243910 -1.068995 -0.354489 1.068667 1.558798 0.622867 1.631955 0.570059 -0.319585 -0.383403 0.019733 -0.593446 -0.213658 1.429495 0.209626 -0.613424 0.148288 0.344162 0.308414 -0.635153 0.321144 -0.705525 0.268152 -0.308082 0.871071 0.576427 0.634061
1.104706 0.171667 1.122885 -0.186771 -0.480634 -0.172211 -1.021515 -1.075500 -0.999119 -0.173872 0.609650 1.101225 -0.859289 0.568073 0.322980 -1.092240 -0.506450 -0.800172 0.103569 0.598236 0.005837 1.144711 -0.272108 -0.287398 0.566790 0.830123 1.203182 -0.023874 -0.255552 -0.487548 -0.624583 0.140961 0.281575 -0.198105 0.014375 -0.841108 0.140365 0.514801 -1.128721 -1.333168 0.302065 -0.723422 0.676643 1.189821 -1.395681 -0.309191 -0.170401 0.166689 1.058075 0.369925
0.226490 -0.851676 -1.226230 -0.809557 -0.537486 0.488483 -1.151544 0.540447 -0.241788 -0.568201 1.160525 0.913574 0.420190 0.264038 -0.430907 0.172337 -0.211029 -0.478659 0.885008 -0.834076 1.293071 0.247221 0.130677 0.249558 0.765487 -0.814390 0.371157 1.122624 0.297929 0.947709 0.315264 -0.390826 0.595635 1.010714 0.811088 0.845414 -0.609537 -0.029794 0.597061 -0.212633 0.571435 0.360326 -0.153168 0.152398 -0.168467 0.911994 0.367120 0.026966 0.279511 0.578433
0.650136 0.202777 -0.640230 0.212146 -0.705680 -0.871209 0.267984 0.280350 0.601003 -0.678835 -0.394626 -0.518190 1.018682 0.777915 0.896376 0.551712 0.000374 -0.460235 0.722113 -0.867275 -0.742876 -0.305975 -0.003176 -0.944013 -0.197078 -0.294368 -0.320355 -0.440733 0.188569 0.404333 -0.372624 0.782379 -0.438438 -0.977689 -0.977559 -0.042088 0.865016 0.931477 0.454329 0.048146 0.582397 0.037767 -0.559244 0.138087 -0.916980 -0.137183 0.843491 0.640282 -0.459908 0.745694
0.862416 0.525016 -0.695040 -0.648454 0.758002 -0.818436 -0.360037 -0.778083 0.281665 0.075067 -0.952316 -0.954983 -0.446813 -0.268259 -0.255903 0.361189 0.103170 0.878997 -0.706832 -0.332508 0.567913 -0.144931 -0.066729 -0.308621 0.908935 0.601372 -0.362428 0.585570 -0.158230 0.527143 -0.242638 -0.517863 -0.457102 0.132143 0.531053 -0.481615 -0.285497 -0.639096 0.545527 0.866395 -0.770367 -0.376870 1.167979 -0.484557 -0.801031 0.985621 0.220126 0.622660 0.928592 -0.151669

Bias v0 (Oculta):
-0.106009
0.743788
0.979951
0.928625
-0.181544
-0.223014
-0.518667
0.612804
-0.076878
0.556624
-0.512679
-0.658742
0.392913
0.664246
-0.010442
0.954536
-0.514476
0.587722
-0.285184
0.131454
0.488215
0.379716
0.305654
-0.157539
-0.470068
0.973686
-0.873452
0.267375
-0.747553
0.374701
-0.375621
0.767636
-0.459615
0.650274
-0.789596
-0.706480
0.909596
0.910530
1.036750
0.067134
-0.479654
-0.228307
0.870874
-0.401751
-0.456374
-0.891293
-0.127256
-0.326604
-0.879940
0.756041

Pesos w (Oculta -> Sa獮a):
-1.016720 -0.175422 -1.138769 -0.323101 -2.431011 -0.317724 0.876927 -0.446845 -0.154066 -0.284967 0.285695 -1.176021 0.570902 0.486335 -1.011181 1.242765 0.206651 -1.431248 -0.482137 -0.720772 -0.712760 -1.229169 0.543060 -1.842025 -0.766740 -1.130448
0.198970 -1.591791 -0.909983 -2.596720 -1.461875 -0.256601 0.668903 1.237566 0.357018 -2.169836 -0.132595 -0.706649 0.337054 0.348816 1.191793 -1.889978 0.388654 -1.468629 -0.119456 -0.420363 -0.023213 0.614996 0.726951 0.695351 0.456696 -2.814109
-0.390157 -0.375437 0.671172 -1.325761 -1.019063 0.436023 -0.433020 -1.579109 -0.021847 -1.098840 0.158265 -0.842943 0.276306 -0.152351 -1.131485 0.209045 -0.045742 -0.481642 -1.658991 -0.375995 0.164892 0.051992 0.444063 0.190534 -0.655633 -0.458622
-0.071550 -3.212646 0.501705 0.743015 0.672377 0.512070 0.078590 -0.808658 -0.450149 -0.564079 -0.478024 0.356974 0.058938 -1.033094 -0.927752 0.153657 -0.457054 -0.502639 -2.783228 -0.624445 -1.179477 -0.742661 -0.895397 0.197307 0.194007 -0.776744
-1.101489 1.186037 -0.929727 1.096125 -2.563642 0.085378 2.075632 0.580103 -0.660257 -0.922144 -0.535598 -1.021615 1.442507 0.886916 0.519801 -1.872778 0.402378 0.492338 0.446390 -1.058691 -0.377497 -1.504579 0.180731 -1.876749 -0.954533 -0.508792
0.003924 1.865520 -0.429861 -1.122795 0.350172 -0.616750 0.529984 -0.332564 -0.838240 0.517585 -1.710030 -0.761804 -0.228571 -0.524759 0.272481 -1.183350 0.658079 0.379338 0.175971 -1.310398 0.476416 -2.149065 0.453449 0.604360 1.408885 1.321656
0.669425 0.708891 -0.853643 -0.693072 1.906775 -0.699704 1.176533 2.300655 -2.315585 -1.357105 -0.252848 1.889463 -1.085993 -1.658901 -1.444155 -2.304105 -1.414985 -0.134346 1.213281 -1.925912 -0.120073 0.556081 -0.048553 0.015266 -1.232482 -1.388507
-2.267340 -0.672150 0.376849 0.508980 0.739322 0.198425 -1.922863 -1.916194 -0.602012 -0.182953 0.570869 0.704480 -2.220027 1.479920 -0.648550 -2.777597 0.184869 -0.106403 0.472146 -1.313630 -0.092993 -1.272988 -0.612100 0.901229 -0.454401 1.176135
0.719327 0.773876 0.230186 -0.170757 0.027676 0.383627 -0.150882 0.374731 0.306533 -1.335606 -0.327336 -0.523681 -1.777715 0.058939 0.764113 -0.710324 0.929862 0.661158 -0.950743 0.974910 0.439147 2.827531 -1.336464 -2.135591 -2.425054 0.629960
1.373634 0.172978 -0.439273 0.455193 -0.043906 0.649584 1.794003 -1.623739 2.203387 -1.111849 -0.014399 0.917994 0.032300 0.689747 -0.216956 0.351658 -0.604093 -0.992931 -1.320875 -0.941914 0.175153 0.348606 -0.796342 -1.097968 0.466827 0.398409
-1.194318 1.805344 -0.790997 0.617387 0.682470 0.009236 -0.800194 0.635062 0.492395 -1.217737 1.431098 0.763390 -0.841873 -1.679956 2.220223 1.246255 -2.469056 2.135450 -0.247231 -1.234776 -0.009922 1.083031 -0.444034 -1.839085 0.783409 1.933062
-0.990533 0.335187 -0.467365 0.687217 -0.728089 -0.849696 -0.154278 -1.190084 -1.476353 -0.365208 -1.001809 -0.701753 0.809977 -1.134782 0.081033 -0.187069 0.629814 -0.189860 1.072943 2.168164 0.232668 -1.751553 0.198861 -0.687881 1.916595 0.444561
-0.957883 0.009211 -0.827582 -0.901775 -0.971348 -0.823419 -1.679708 -0.605466 0.246221 -0.075970 0.220967 -0.127047 -1.417498 -1.009584 -1.210577 -1.111884 0.993791 -1.333947 -0.212069 -0.853494 -0.697466 0.394031 -0.028584 -0.940382 0.336458 -1.093855
0.062136 -0.601039 -0.324400 0.537178 -0.876160 -0.262342 0.555062 -1.517333 -0.894447 -0.598199 0.357569 -1.089024 0.635631 -0.725029 0.135448 -0.673691 0.608693 -1.316514 0.024006 -1.221966 0.135366 -0.430841 -1.028322 -1.670917 -0.683882 0.214453
0.826093 0.656168 0.287561 -1.538264 2.279915 0.732332 0.570313 -1.924622 0.500231 0.754757 -2.037922 -1.900232 0.615063 -1.856038 -1.464685 0.925275 -0.774089 1.128212 -0.916575 -1.548410 -0.447099 0.858791 -0.773865 0.413352 -0.570209 -0.340953
-0.078450 -0.808550 -0.054056 -1.381878 -0.147882 -0.566463 -0.302065 1.201226 -1.307414 -1.343753 -0.536098 -0.115150 0.031189 0.941806 -0.562154 -1.050534 1.067993 -1.284320 0.225157 -0.064328 0.617349 -1.868936 0.053525 -0.552847 -0.605385 -0.142291
-0.745244 -2.496372 0.373142 -1.491541 0.834755 -0.250472 -1.729848 1.294995 0.016152 0.986607 0.405020 0.909388 -1.620540 -0.933092 1.113655 0.417012 0.480741 1.087176 -0.307737 -0.108489 -0.595950 -0.621511 -1.041592 1.098364 -0.614704 0.130065
-0.710709 -0.693038 0.441411 -1.126788 0.504193 -0.652557 0.314326 -0.573028 -0.978133 -1.663711 -0.174245 -0.059741 -1.046051 0.033184 -0.048740 -1.270910 -0.238700 0.953151 -0.752390 -0.111930 0.083574 -0.645449 1.546517 -0.270430 -0.340897 -1.372201
-0.773557 -0.375564 0.326586 -0.917130 -1.195548 0.154638 -0.204071 -1.216724 -0.451344 -0.189117 0.023623 -0.475974 -0.620318 0.047038 -0.154696 -0.427878 0.557943 -0.640550 -0.278740 -0.011405 -0.311613 -0.531422 0.328211 -0.128568 0.216586 0.319221
0.080870 -0.651989 0.584514 -1.375661 -0.767123 -0.676080 0.868386 -0.477340 -0.538138 0.506553 0.775400 0.476208 -1.044078 -0.010665 0.129425 0.285860 0.559424 0.892843 -0.460324 -0.990615 -0.522143 -1.026153 -1.386112 0.220646 0.377910 -1.221820
0.040067 -0.544161 -0.478760 -1.972844 -0.848696 -0.303174 0.584194 0.354740 -0.736066 0.746704 -0.714815 0.183507 -0.534601 0.541354 1.386759 -1.634578 -1.679927 -0.531835 0.107665 0.179905 -1.206619 -0.665045 0.464574 0.515130 -0.710197 -0.860862
-0.175942 0.414561 0.510596 0.268676 1.302281 0.638557 -0.068601 -0.699310 0.760555 0.656524 -1.181111 -0.060609 -0.781483 0.622827 0.821575 -0.296915 -1.520393 -0.374910 0.606533 -2.198791 0.090460 0.336681 -0.795842 1.045368 1.616362 -0.197539
0.380911 -0.296366 -1.362961 -0.509777 -0.745403 -0.605707 -2.999504 0.395591 1.379908 -0.702762 -0.724266 0.148530 0.747321 -1.342170 0.104459 -0.392156 0.462374 0.121899 -0.949749 -1.209695 -0.503082 0.462375 0.088457 -0.475452 -1.177658 -0.757232
1.515027 0.528689 -0.068192 0.357682 0.186390 -0.350450 0.406152 0.605699 0.179011 -1.376673 0.921352 0.683130 -0.460735 0.845306 -0.060326 0.377772 -0.352813 1.387429 -0.213398 -0.200028 -0.982051 -2.885080 -0.877343 -1.742511 -1.451496 -1.586297
-1.278357 0.277540 0.225849 0.568479 -0.986370 0.134248 -0.296817 0.462537 -0.512250 -0.285763 0.794041 -0.284442 0.094024 -1.300778 -0.474434 -0.060502 -0.459104 0.439398 0.318101 -0.342244 -0.502473 0.197225 1.400992 -1.084133 -0.156203 0.472378
0.594140 -0.486633 0.286515 -2.627820 -0.711439 -0.539651 0.869823 -1.925788 0.663719 -0.626435 0.444548 -0.674397 0.701677 -2.139589 0.107389 -1.167224 0.862970 0.218409 -0.050101 0.517959 0.143510 0.267993 -1.439678 -0.396570 -0.187478 -0.208641
-0.696615 0.110417 0.253514 -0.102707 -0.074179 0.195334 -1.506318 0.231350 1.383419 1.721229 -0.648961 -0.673434 -0.436199 -0.804619 0.271634 0.042860 -1.466113 -0.411497 3.040865 3.111927 0.527398 -0.503504 1.544371 -0.111212 -1.533152 -0.231464
-0.489855 1.259941 0.113823 0.856896 -4.865978 0.158660 -1.321746 0.116522 -1.039398 -0.523522 -0.212374 -1.456576 -0.452491 0.637684 1.392387 1.550894 -0.104678 0.409425 -1.809634 0.782921 -1.008666 0.379899 0.147625 -0.257256 -0.309256 0.718624
-0.752284 1.315017 0.423167 -0.172869 0.802888 -0.019719 -0.364124 1.513520 -0.928389 0.397294 0.577475 -0.051395 2.102231 -1.421151 -0.993786 0.158705 -0.786611 -0.247541 0.289978 -0.800517 -0.352482 -0.482155 -0.587261 -0.142336 0.516487 -0.261019
0.829764 -0.931070 -0.471764 1.940661 -1.482582 -0.283754 -1.698503 -0.059439 -1.736438 0.757744 0.300383 1.494238 -0.427846 -0.747221 -1.288994 -2.034349 -0.868799 -0.486280 1.214533 1.336283 -0.162318 0.951651 -0.668907 -0.461309 -0.849676 -2.011269
0.794890 1.227692 -0.966300 0.328932 -0.015668 -0.037040 -0.371036 0.840405 -1.433995 1.299114 0.518666 -0.360720 -1.809972 -0.353359 -2.349748 0.390943 -0.709590 -0.233656 -0.505894 0.979098 -1.092545 -0.210758 -0.546784 0.458446 0.783555 -0.901366
-2.126149 -0.787981 -0.288384 -0.200225 1.696285 -0.683971 0.678046 0.383224 -2.128507 -2.584903 0.549980 -1.698751 1.162470 0.924969 0.949262 0.001564 -0.758524 -1.834539 0.211258 1.801369 0.202881 -0.358626 0.498797 -1.160069 0.528590 0.475991
-0.677730 1.193097 -0.980758 -0.371885 1.311130 -0.017386 1.474694 -0.431709 -0.984974 1.001090 0.395369 -1.281199 0.515590 0.269155 -0.028959 -0.983405 -0.178107 -0.494452 1.208934 -0.771349 0.765331 -0.148218 -1.142593 -1.277411 -0.455483 -0.755765
0.465333 -2.435484 -0.265222 0.649925 -0.468063 0.095783 1.105726 -2.344820 0.598573 0.101538 -2.293770 -1.094544 -2.310105 0.104851 0.044423 -0.610348 -0.214376 0.099091 0.451542 1.153185 -0.277949 -2.484411 0.855172 0.693533 -2.039633 0.824646
-1.472393 -1.123400 -0.184948 0.515235 -1.780937 -0.359609 0.091126 -1.472870 0.727630 0.517479 -1.557754 1.768644 -1.415476 -0.979293 0.810837 -0.858322 2.352731 2.048584 -0.814075 1.064343 -0.842202 0.174444 0.238159 -1.681455 0.969523 -0.618311
-0.582326 0.088746 -0.047910 -1.177294 -1.066373 -0.729753 -1.094392 0.531948 -1.144542 -0.387168 -0.255081 -0.017145 -0.839877 -0.246460 -2.359118 1.195885 -0.757704 -0.556330 0.700916 -0.123554 -0.859669 -0.054911 0.182852 -0.219754 0.018054 0.110656
-0.324040 -0.003519 0.190587 0.506735 -0.478805 -0.816636 -0.625891 -0.400033 -1.741077 -1.103284 -1.835574 -1.301146 0.415660 0.377142 -1.428264 0.876060 -0.140884 -0.686541 -0.766454 0.416259 0.063049 0.370576 -1.808515 1.233992 0.496132 -0.370004
1.386882 0.965954 0.650243 0.159892 0.644796 0.475018 -0.280742 -0.346012 -0.726778 -0.183826 -1.619640 -0.016227 0.141330 -0.550583 -1.689609 1.632826 0.030455 1.841859 -0.389006 -0.505369 0.419101 -2.362464 1.232168 1.253913 -0.107252 -0.052776
0.276451 0.158848 -0.351571 0.928503 0.796758 0.312445 0.362258 -0.920964 -2.068091 -0.165658 -2.062541 -0.446354 0.821070 -0.620710 -0.219777 -0.216095 0.639157 -0.481139 -0.959200 -1.700605 -1.104466 -0.858306 0.341137 -1.787064 -1.514913 -0.505145
-0.545083 -1.454784 -0.244812 -1.402585 -1.259214 0.586794 -0.987009 -1.634403 -0.097490 -1.080700 1.568579 0.114395 0.851491 1.578459 -1.499734 -1.724354 0.826620 2.346823 -0.929658 -1.302824 -0.994262 -0.665525 -0.260127 2.225392 -1.534767 -0.870272
-0.700130 -1.745206 -0.815666 -1.903744 0.183680 0.459793 0.560107 -1.449346 -0.138727 0.236244 0.956079 0.285239 0.348762 -1.615089 0.812682 0.609128 -1.604596 -2.471281 0.102936 -0.470443 -0.675526 1.475565 -0.112784 0.712014 0.286413 0.428460
-0.110901 -0.294156 -0.328844 0.015664 0.832173 0.203890 -2.248460 -0.829433 1.548894 -3.017188 0.437372 0.197142 0.785884 -0.437340 -1.446728 0.328200 0.229651 0.413592 0.722996 0.867906 -0.072117 -0.201951 -0.460021 0.532098 0.775034 0.630790
-1.363805 0.746315 -0.505546 -0.422736 0.616838 -0.411662 -0.004183 -1.108210 -0.615891 -0.121169 0.326125 0.507253 -1.284277 -1.661780 -0.813783 0.418370 0.952727 -1.906450 -1.125588 0.017673 0.550016 -1.064662 0.132951 -1.159333 0.008282 -0.571135
-1.257919 1.402673 -1.024046 0.879780 0.157881 -0.087109 1.155173 -1.533433 0.647237 0.689045 -0.843940 0.938377 0.337739 -0.740363 -0.701800 -1.634752 -1.072273 -2.258960 -0.399856 0.842504 0.450974 0.651417 -1.230965 -0.337539 0.829179 0.686558
1.360163 -0.299717 -0.557566 0.014082 0.216406 0.015637 -0.864620 -0.701118 0.135812 0.363850 -0.231591 -0.963026 -0.883468 -0.847472 0.449899 -1.404829 0.290589 -1.513365 -0.245426 -1.260303 0.159473 -0.942704 0.539117 -0.364359 -1.605319 3.666750
-1.468868 0.212956 0.181762 0.114728 0.976671 -0.863840 -0.888867 1.602729 -1.567509 0.922874 -0.667623 1.776771 0.008528 -2.074594 0.113018 2.324505 -0.929568 -1.816536 -1.416988 -0.351361 -0.055733 -1.262512 1.296383 -0.442902 0.155419 1.227353
-0.310037 -0.600954 -0.423005 -0.874880 -0.092698 -1.163058 0.922179 1.044487 0.200928 -0.014861 0.989181 -1.370231 -1.095124 0.358993 -2.551955 -1.421046 -2.261206 0.500809 -0.576808 0.527655 -0.328463 0.102702 -0.172093 0.686202 0.758694 0.281041
-1.591958 -1.605320 -0.106549 0.618718 0.460281 -0.167142 -1.233077 0.843634 -0.802651 0.926329 -1.191512 -1.162441 1.137182 1.133226 -0.608771 -0.194396 -2.185292 1.124733 0.073587 -1.172027 -0.948994 0.935777 -0.132696 -2.367758 0.339309 -1.464350
1.533196 -1.642163 -0.133947 1.657375 0.013879 0.148176 -2.214211 0.193723 -2.092296 2.545938 -0.689622 -0.762531 -0.369420 -0.760223 1.821891 -1.055565 -2.355876 -0.444794 -0.790973 -1.618448 0.393929 0.961345 1.262069 0.025247 -0.873366 1.067114
-0.039111 -0.393695 -0.861406 -0.363177 -1.699858 -0.586860 -0.536514 -1.312160 1.740023 -0.870349 -0.334156 -1.692035 -0.288509 0.096065 0.249009 -0.087871 -0.774532 -0.278573 0.150851 -1.586787 0.456259 -0.444742 -1.100935 0.254277 -1.937343 -0.565209

Bias w0 (Sa獮a):
-1.102558
-0.553525
0.139549
-1.201883
-0.954881
-0.479194
-0.973505
-0.057096
-0.908939
-0.173011
-0.329605
-0.598997
-0.189846
-0.078316
-0.960647
0.189357
0.360244
-0.255619
0.033406
-1.127796
0.543001
-1.150893
-0.698962
0.479810
-0.720856
-1.018719
