Pesos v (Entrada -> Oculta):
-0.991281 0.352449 0.053740 0.425784 -0.865986 -0.724156 -1.009917 0.268895 0.816541 0.873522 0.084323 -0.699525 0.215813 0.451683 -0.062735 0.807923 -0.027254 -0.640700 0.365640 0.739547 0.420588 -0.291840 0.224564 -0.994663 -0.089746 0.034112 0.819112 0.450227 0.780951 -0.580320
-0.759833 0.536513 -0.947726 0.364278 0.648619 0.286276 0.438546 0.290635 -0.036861 0.378770 0.760442 -0.744272 -0.463226 0.903154 0.847721 -0.504058 1.071115 0.651744 0.743470 0.669782 -0.270015 0.413321 -0.598343 0.555170 -0.053692 -0.633646 0.078425 -0.047490 0.354582 -0.814810
-0.166346 0.259167 -0.487705 -0.584093 0.342551 0.123435 -0.662475 -0.054682 0.007664 -0.333426 -0.524791 0.070676 -0.099793 -0.588543 -0.974191 0.551167 -0.815736 -0.569097 0.370803 -0.730752 -0.538674 -0.794637 0.103316 0.083833 -0.542609 0.457957 -0.357012 -0.766909 -0.478480 -0.843129
0.957554 0.936517 0.353450 -0.279583 0.504832 -0.628417 0.114834 -0.310327 0.581434 -0.277494 0.590423 -0.906720 -0.239791 0.264295 -0.310198 -0.799444 -1.124772 -0.821066 -0.715869 0.467860 -0.489713 -0.502272 -0.181516 -0.434093 -0.369636 0.056702 -0.432905 0.662576 -0.864326 0.703773
0.113830 -0.673876 -0.167170 -0.606622 0.479899 -0.400464 -0.907273 -0.574679 0.047176 0.376304 0.132906 0.352500 0.658620 0.265732 0.467734 0.275753 -0.329212 0.805463 0.161976 0.198585 -0.093574 1.217080 -1.274716 0.791192 -0.451409 -0.694918 0.396809 -0.005828 -0.226709 0.429555
1.092136 -0.275018 0.266685 -0.518755 1.015650 0.042465 -0.130410 -0.799820 -0.774969 -0.823101 0.696058 0.770660 -0.609345 0.829638 -0.750398 0.202449 -0.740503 -0.997530 -0.329085 0.407451 1.361007 -0.460559 -1.022363 0.659985 0.258607 -1.088040 0.145562 -0.104935 -0.434711 -0.309337
-0.439110 0.567669 -0.908911 -0.085185 0.305418 0.912062 -0.869169 -0.339695 -0.866543 -0.958040 0.776744 -0.566153 0.521536 0.271343 0.986846 -0.270054 -0.170356 -0.165676 0.708900 -0.063034 0.456803 0.210050 -0.820894 -0.214936 0.252507 0.103871 -0.964542 0.247968 0.192413 0.557621
-0.246154 0.938767 0.893655 -0.729499 0.197134 -0.142875 -0.723124 0.068477 0.333924 0.066385 0.876819 0.032590 -0.112000 -0.969979 0.035747 0.768597 0.455430 0.214399 -0.072137 -0.159220 -0.056352 0.020884 -0.060521 1.263181 -0.567537 -0.395002 -0.641489 -0.816084 -0.755152 -0.483148
-0.381992 0.054122 -1.006019 -0.666427 0.494613 0.756917 -0.618406 -0.206164 -0.730883 0.699471 -0.964361 -0.325249 -0.146843 -0.933663 -0.122365 0.388127 0.117176 -0.248207 -0.845552 0.417887 -0.370952 -0.121861 -0.137400 -0.055631 0.660531 -0.933886 -0.172168 -0.386634 0.212110 -0.833059
-0.597017 -0.485450 -0.136940 -0.303542 -0.942780 0.827107 0.046289 -0.418037 -0.630338 -0.247575 0.337509 -0.631603 -0.452355 0.339076 -0.626100 -0.688110 0.666683 0.831650 -0.177993 0.126386 -0.426858 -0.732506 0.075876 -0.759323 0.547949 -0.790055 -0.769641 -0.442364 0.465081 -0.704714
-0.050488 -0.385905 -0.751152 -0.104383 0.381443 -0.728106 0.437700 -0.518724 0.598011 0.584731 0.128026 0.069562 0.537104 -0.625704 0.880966 -0.039089 -0.019216 -0.743965 -0.789683 -0.398549 0.637893 -0.957197 -0.814459 -0.087173 0.753772 0.423388 -0.099599 0.238352 -1.008368 0.960362
0.690285 -0.434615 -0.815462 -0.021978 -0.893667 -0.497460 -0.753070 0.569192 -0.599421 0.208412 0.174351 -0.434374 0.910767 0.870312 0.743033 0.777561 0.152849 -0.362875 -0.867736 -0.339102 0.285884 -0.356200 0.170330 -0.173925 -0.958744 -0.184202 0.920909 0.002768 -0.162092 -0.458247
-0.506066 0.389890 0.741547 -0.780026 -0.707120 -0.886951 -0.426636 0.656686 0.490992 0.602193 0.592748 -0.215595 0.933931 0.427939 -0.734060 0.493463 0.115309 -0.081890 -0.305055 -0.384125 -0.322179 -0.629944 0.692894 -0.670985 0.760392 0.589105 -0.614211 -0.851746 -0.339890 -0.895435
0.064286 -0.668257 0.583293 -0.042875 0.692687 0.649102 -0.405918 -0.324350 0.452360 0.342232 -0.561863 0.211295 0.334147 -0.602773 0.866217 -0.283719 0.439933 0.944304 -1.076534 -0.448867 0.350360 -0.427712 -0.326839 0.299356 -0.723667 1.020800 0.738391 -0.573033 -0.245452 -0.208726
0.143104 -0.527482 0.313098 0.239209 -0.283868 -0.555525 0.070092 0.596454 -0.731219 -0.729890 -0.158537 0.232047 0.143532 -0.216581 0.781360 0.366117 -0.388477 0.008337 -0.532179 -0.122875 -0.776150 -0.392596 -0.558719 0.492655 0.030273 -0.648000 -0.827954 1.007019 0.897429 -0.596763
0.385563 0.583003 -0.790830 0.623975 0.110378 -0.120663 0.752804 0.957671 -0.720604 0.011874 0.812389 0.585244 0.769052 -0.654553 -0.586143 0.409900 0.987879 -0.373250 0.820631 -0.314774 0.303685 0.367175 -0.576538 -0.126827 -0.047970 0.012646 0.799388 0.528492 0.125017 0.798393
0.931634 0.837557 -0.731160 -0.718546 0.082784 0.083139 0.345875 0.759038 -0.549829 1.074036 0.640201 0.665862 -0.610528 0.041455 0.673615 0.372029 -0.214351 0.336365 0.515626 -0.230002 0.578210 -0.687537 0.102459 0.912668 -0.450707 0.611516 0.442805 0.921319 1.072035 0.378312
0.957517 -0.407772 -0.318716 -0.260378 0.503798 0.871698 0.853775 0.727222 0.808347 0.219247 -0.069781 0.248468 0.156435 1.082767 0.559035 0.530899 -1.184795 -1.001130 -0.439043 -0.611286 0.684512 0.549814 -0.524679 -0.409608 0.793899 -0.893961 -0.519784 0.332909 0.142641 -0.841334
1.051669 -0.276160 -0.365088 0.083615 1.075097 -0.336249 -0.338949 -0.741135 -0.257631 -0.244582 -0.768613 -0.911000 0.016685 -0.422875 -0.697422 0.045829 -0.840082 -0.240192 -0.700277 0.420054 0.571027 0.651312 0.147408 0.937994 0.482199 -0.516520 -0.404202 -0.040447 0.357390 -0.118721
-0.282048 0.167558 0.657978 -1.007263 1.264163 0.474044 -0.225145 0.459142 -0.499082 -0.866516 -0.917259 -0.234225 0.781235 -1.009150 0.301586 0.717497 -0.646113 -0.068601 -0.806742 0.011401 0.195136 0.473666 0.770880 -0.094126 0.408522 -1.190619 0.156123 -0.624530 0.570460 0.009125
-0.551257 -0.289297 0.169314 0.145406 0.177639 0.901052 0.677343 0.501710 0.928495 0.304821 -0.010221 0.730104 0.854929 0.464233 -0.828254 -0.098115 1.701664 0.563212 -0.181393 -0.879221 -0.874513 -0.322381 -0.125741 0.098341 0.775217 0.807609 0.587361 -0.378522 0.375989 -0.020608
-0.177492 0.440112 -0.392101 0.366915 -0.154997 -0.309214 0.233124 0.073002 0.277509 0.286146 0.552881 0.620319 -0.127140 0.544586 0.035589 -0.077699 0.383422 1.014160 -0.277998 -0.104278 -0.397986 -0.592075 0.166836 0.009635 0.531960 -0.172454 -0.969657 -1.020440 -0.612336 -0.859946
-1.164301 -0.071393 -0.039339 0.567608 0.560142 -0.818721 0.938502 1.029111 -0.013695 -0.052198 -0.614730 -0.446527 -0.838344 -0.848995 0.922351 -0.270886 -0.713646 0.360941 -0.360764 -0.459532 -0.990744 -0.087528 0.992386 0.433935 -0.247018 1.144802 -0.726219 -0.360239 -0.827854 -0.005977
-0.236441 0.666746 -0.510320 -0.781199 -0.327777 0.871255 -0.187615 0.591306 -0.291876 0.983171 -0.321959 0.940494 0.063631 -0.251759 -0.417453 0.604781 -0.345967 0.595226 -0.713786 -0.970480 -0.787217 0.352843 0.535993 -0.253040 -0.613731 0.043234 -0.669558 0.190769 0.661414 0.595429
-0.279072 0.800654 0.506014 -0.250091 -0.324618 -0.276583 0.553647 1.049321 0.218236 -0.362926 -0.463335 0.078932 0.894794 -0.735617 -0.549495 0.890926 0.366817 0.085650 -0.816552 0.565801 0.973249 0.031848 0.603688 -0.424079 -0.899659 0.412291 0.465299 0.597858 0.301831 -0.949626
-0.872781 0.934648 0.957957 0.747983 -0.319360 0.532424 0.571663 -0.154616 0.736135 0.016105 0.868100 0.754155 0.117485 -0.015401 0.316065 -0.579211 0.285510 0.836418 -0.655146 0.137401 -0.612528 -0.340040 0.974748 -0.311461 0.539238 0.016439 -0.233635 0.966695 0.670575 -0.472633
-0.270432 -0.556009 0.228583 0.671778 -1.055995 -0.620318 -0.203063 0.919931 0.784375 0.037784 0.578283 -0.942609 -0.482555 -0.704367 0.948993 -0.457676 0.466913 -0.467428 -0.405511 0.627913 -0.127110 0.325789 -0.100006 0.140455 -0.269225 -0.162321 -0.512796 -0.679761 0.680571 0.287280
-0.886505 -0.075042 -0.536280 0.953707 -0.196555 -0.551863 -0.735921 -0.733701 -0.919849 0.008951 0.855293 0.554177 -0.188923 -0.519467 0.062257 0.780182 -0.221961 0.871409 -0.516602 -0.112146 -0.434066 -0.336420 -0.645947 0.402831 -0.822854 0.536707 -0.016438 -0.369742 0.051139 0.096931
0.045717 -0.972923 -0.065541 -0.526850 0.424599 0.691390 0.237402 0.396293 0.449554 -0.227775 -0.315163 -0.760181 0.040293 -0.413089 -0.014818 0.065016 -0.511162 0.180343 1.033742 0.436352 0.599160 -0.232160 -0.537712 -0.250971 -0.286894 -0.157860 -0.004697 -0.504177 -0.087736 0.318271
0.849620 -0.692539 -0.854656 -0.119759 -0.127269 -0.244714 -0.947088 -0.545445 -0.268398 0.193252 0.879208 -0.312974 0.256579 -0.223627 -0.199396 0.468890 0.118243 -0.192782 0.677347 0.369800 -0.201001 1.208933 0.075563 1.383647 -0.715828 -0.855497 -0.620136 -0.614254 -0.895740 0.082699
0.074356 0.049061 0.837426 -0.805317 -0.447814 -0.726646 0.762958 0.427281 0.617923 0.413918 0.751051 -0.645182 -0.657049 -0.356223 -0.995783 -1.006173 -0.737216 -0.499349 0.507090 -0.218218 1.020213 -0.331073 -1.267245 0.535963 -0.849826 -0.550130 0.352293 0.762611 -0.424594 0.162793
0.267232 0.245242 -0.865386 0.508247 0.458861 0.741715 -0.215502 -0.830865 -0.108162 0.365178 0.014707 0.057498 0.331525 -0.827280 0.142120 1.080819 -0.505691 -0.622443 0.176272 -0.594109 0.040545 0.558293 -0.353801 -0.152945 0.941070 0.245677 -0.779019 -0.492260 -0.009509 1.326243
-0.412030 -0.184794 -0.483850 -0.417273 0.607737 -0.305313 -0.613289 0.572581 -0.846007 0.131747 0.534734 0.057532 -0.775959 -1.070697 0.962648 0.460664 -0.159793 0.287617 0.866065 0.132700 0.675652 -0.492856 -0.021503 -0.467297 -0.122824 0.346787 0.840569 0.405652 0.829937 0.435095
0.145288 0.192587 -0.910283 0.960362 -0.075250 0.072250 -0.352116 -0.819462 -0.561414 0.405047 -0.763352 0.321730 0.347582 0.679064 0.622626 0.488565 0.445848 -1.009758 0.478859 0.550206 0.270451 -0.529469 -0.835534 -0.328748 -0.119159 -0.765376 0.166414 0.237551 -0.475144 -0.757689
0.327877 -0.558281 0.706637 0.588402 0.565885 -0.561296 0.960161 -0.895620 -0.409886 -0.335775 0.653108 -0.732385 0.012162 0.625964 0.339650 -0.426154 0.945391 0.677943 -0.655736 -0.825578 -0.817257 0.689270 0.762832 -0.814452 -0.485696 1.121751 0.641585 0.905365 -0.814915 -0.905555
-0.829688 0.074615 0.583203 0.768399 0.355570 -0.996195 -0.006691 0.149373 -0.127547 -0.851338 0.084295 -0.742810 0.770800 -0.630494 0.586289 -1.044315 -0.169407 -0.659525 -0.657520 -0.160813 0.005410 0.468258 0.040240 -0.742502 -0.199279 0.846665 -0.102196 -0.425732 0.840720 0.768035
0.523014 -0.070256 0.250817 0.522068 0.424787 -0.508653 0.645577 1.040616 -0.361634 -0.837913 -0.360928 -0.084070 -0.247132 0.647366 0.877332 0.232455 -0.393353 -0.084609 -0.809824 0.081309 0.501059 0.358472 0.345937 0.949589 -0.128721 -0.574627 -0.867840 0.783851 0.189923 0.135891
-0.202514 -1.038129 -0.379517 0.772613 -0.701170 -0.607751 -0.376484 -0.200940 -0.692098 -0.175480 -0.988424 -0.031957 -0.897588 0.542937 0.824181 0.917764 0.957379 -0.659277 -0.758203 0.686668 0.676668 -0.187198 0.419202 0.226742 -0.709642 0.221790 0.578568 0.604376 0.997884 0.011847
0.221797 0.386040 -0.204763 -0.689529 0.219904 0.041587 -0.581838 0.252376 -0.723402 1.135049 1.029217 0.993753 0.162991 0.639522 -0.683768 0.300217 0.136439 0.764941 0.593833 0.962368 0.508281 -0.170451 -0.380062 -0.179641 0.936415 0.798397 0.315002 -0.588076 -0.814479 -0.638266
-0.507506 -0.769440 -0.643557 -0.862070 -0.717896 -0.076050 0.053389 -0.514474 0.923717 0.111118 -0.753361 0.853685 -0.305868 -0.889222 0.051542 0.776188 -0.403384 -0.740710 -0.071774 0.569983 0.341002 -0.044408 1.008197 0.734459 0.738027 0.460566 0.943004 -0.480022 -0.327400 -0.270026
0.091738 -0.697661 0.350654 0.838454 -0.248163 -0.719373 -0.410859 -0.756997 0.293430 -0.080653 -0.980052 -0.286471 -0.240021 0.380002 0.752162 0.579252 0.543036 -0.794205 -0.304603 0.553485 0.971423 0.435630 0.864800 -0.714624 0.580943 0.707219 -0.769470 -0.201934 -0.776407 -0.054677
-0.765642 0.042698 0.651542 -0.036412 -0.489400 -0.090413 0.794452 -1.011169 0.956361 0.139538 0.031186 -0.535094 0.125710 -0.235138 0.872497 0.700867 0.173926 0.529896 -1.012160 -0.235954 -0.576439 -0.110197 -0.546159 -0.735234 0.448756 0.343224 -0.421858 0.629248 0.617246 -0.307065
-0.904875 -0.246213 0.066027 0.562510 -1.053726 0.899361 -0.671775 0.438254 -0.016156 -0.236891 -0.572204 -0.428485 0.234760 -0.914057 -0.524598 0.289770 -1.476964 -0.247872 -0.303294 0.906272 -0.349765 -0.238808 0.079450 -0.291403 -0.733485 0.602241 -0.539217 0.111870 0.162307 0.218934
-0.000956 0.862711 0.410212 -0.531972 0.731201 0.634185 0.312935 -0.215528 0.591100 -1.199076 -0.598428 -0.248694 0.549460 0.034268 -0.961420 0.902331 -1.296953 -0.069519 0.214109 -0.234105 -0.175388 1.570593 -0.708768 0.695586 0.016055 0.055281 0.819220 -0.624046 1.099096 0.431940
0.781704 -0.105616 -0.516815 1.236781 2.176564 -0.186771 0.333960 0.397261 0.985008 0.169269 -0.887721 0.417706 -0.564157 -0.658246 -0.611495 0.902196 -0.615129 -0.187256 0.491175 0.659674 -0.357629 0.980492 -0.212425 0.918707 0.157431 0.911187 0.227216 -0.434173 -0.539993 0.837816
1.101136 0.170082 0.023424 0.858119 0.258660 0.213357 -0.104287 -0.712567 -0.488110 0.055521 0.037363 0.414181 -1.223124 0.598787 0.639011 1.112754 -0.898877 0.716877 -0.690669 0.839146 -0.257112 0.516023 0.389262 1.015122 0.204011 0.131027 0.285093 -0.058936 1.028810 -0.504117
0.562908 0.874986 0.806612 -0.747246 0.276720 0.294801 -0.357595 0.860163 -0.223367 0.567253 -1.014462 0.750960 0.567416 0.607443 0.803066 0.545883 -0.699345 -0.442002 0.499038 0.911998 -0.163291 -0.596444 -0.952062 0.909178 -0.880549 0.052524 0.816955 0.511965 -0.891141 -0.104138
0.614302 0.288933 0.877985 0.862817 0.221865 -0.525846 -0.577824 0.857372 -0.310667 -0.757171 0.555528 0.987025 -0.894622 0.464428 0.385661 0.002061 0.865153 -0.407059 0.552004 0.506630 0.255267 0.254263 -0.596104 -0.005987 -0.547479 -0.425673 -0.511770 -0.797716 0.413836 0.410268
-0.386419 0.049648 0.332805 0.785594 -0.374976 -0.798775 0.971349 0.209762 0.193694 -0.886493 -0.273370 -0.096960 -0.189175 -0.090232 0.485888 -0.401944 0.196550 0.049588 0.119983 0.339994 -0.056976 -0.973975 0.196931 -0.065822 -0.962836 0.214160 -0.649730 0.636654 -0.661661 0.155739
0.385629 -0.695454 0.483176 0.834591 0.151599 -0.036525 -0.202710 -0.654417 -0.660133 0.603959 0.431133 -0.491041 0.354826 -1.000845 -0.346599 -0.678122 -0.494532 0.111596 0.271718 0.448872 0.415667 0.685057 0.104816 0.517690 -0.030461 1.128336 -0.239296 0.264055 0.740896 0.857506
0.705948 0.145448 0.020731 1.052876 -0.493001 0.830801 -0.429146 0.420270 -1.015247 -0.499614 1.069805 0.570964 1.030718 0.222985 -0.840477 -0.236291 1.123905 0.093623 0.568078 -0.129400 0.071260 -0.645745 0.712292 0.215394 -1.020847 0.935829 -0.366754 -0.633635 -0.205136 0.158598
-0.446976 -0.495460 -0.469248 0.699757 0.518765 0.281910 -0.702333 -0.681276 0.349667 -0.570740 -0.562462 -0.086327 0.973159 0.726177 -0.899690 1.060092 0.969008 0.485880 0.821799 0.016667 -0.047171 0.766939 -0.616928 0.483045 -0.041240 0.276336 0.849588 -0.028083 0.336974 -0.810641
-0.286489 -0.581854 1.046224 0.350691 -0.473757 0.079400 0.401713 0.297392 0.486548 0.647599 0.239858 0.915697 0.713225 0.358035 0.773649 -1.070305 -0.229708 0.753361 0.692306 -0.465181 -0.508300 0.090423 -0.839908 -0.055361 0.725685 -0.377894 -0.671568 0.560345 0.295051 -0.602847
-0.350501 -0.425005 0.574432 1.187400 0.162176 -0.574806 -0.704353 0.851040 0.442509 0.418075 -0.714149 -0.993463 1.311057 0.907712 0.762268 0.675818 0.596367 0.312889 -0.368466 0.575141 0.001499 -1.063355 0.762845 -0.809426 -0.472471 -0.584392 0.565457 0.926034 0.687174 0.613797
-0.763657 0.132960 -0.467399 0.789258 -0.887698 0.731314 0.124539 -0.944926 -0.091558 -0.788060 0.527113 -0.654717 0.469436 -0.095504 0.918469 0.883279 -0.550366 0.233339 -0.062090 -0.202514 0.954427 0.293965 0.172966 -1.101156 0.759669 0.769377 -0.070131 0.434490 0.092776 -0.469710
-0.411256 -0.548597 1.014469 0.135647 -0.123480 -1.002115 -0.843757 0.743398 0.540437 0.385568 -0.212438 -0.921673 -0.962131 0.250851 0.414635 0.615806 -0.467550 -0.754888 0.655264 0.888127 0.036839 -0.086834 -0.960121 0.479089 0.451719 -0.182849 0.163701 0.992596 0.420983 0.658765
0.644526 -0.848254 0.793885 1.105412 0.607614 -0.264357 0.118858 -0.831448 0.417168 -0.553824 0.391794 0.900710 -0.271860 -0.689768 0.000408 -0.704926 -0.169685 -0.704964 0.639885 -0.130245 0.208567 0.623442 -0.664474 0.656066 0.283732 0.056944 -0.132547 -0.627427 -0.501770 1.354479
1.365625 -0.988902 -0.491040 -0.237763 1.212949 0.594972 -0.307742 0.181175 -0.151456 0.141894 0.511517 -0.510121 -0.161742 -0.407751 -0.085659 0.147082 -1.218972 -0.193893 0.725322 -0.385422 1.214320 0.232324 -0.147314 1.162453 -0.852415 -0.059681 -0.379673 0.706132 1.043797 0.334092
0.982239 -0.494510 1.012576 0.860426 0.792942 0.227975 0.383296 0.724166 0.377680 0.865663 -0.249338 -0.530100 0.316386 -0.540110 0.000152 0.944765 0.806004 -0.222217 0.005827 -0.383580 0.308107 1.030725 0.553938 1.096402 -0.217765 0.873342 -0.067184 0.552141 -0.320396 0.143781
0.834115 -0.635348 0.598336 -0.947657 0.672679 0.772814 -0.095099 -0.701771 0.252742 -0.399015 0.918583 0.873088 0.956390 0.828851 0.562644 -0.616531 1.004149 0.360168 0.402632 -0.347956 0.959921 -0.170811 0.610536 1.043595 -0.605130 -0.722294 -0.867117 -0.454654 0.195104 0.964094
0.239694 -0.700998 0.777646 0.447104 -0.847702 0.722371 -0.730716 0.241442 0.533250 0.570895 0.614142 0.480534 0.094560 -0.703095 0.814402 -0.801925 -0.297301 -0.721670 -0.468394 0.901582 -0.913627 0.166985 0.689695 -0.163238 -0.180044 0.000210 0.856450 -0.088629 -0.902953 0.041890
-1.109378 -0.797125 0.783432 0.210550 0.404751 -0.522005 0.339456 -0.784357 0.214551 -0.273207 0.882172 -0.357362 1.000860 0.020363 -0.718579 -0.151223 -0.657318 -0.149038 -0.220068 -0.243108 0.291883 0.849737 0.596206 -0.301600 0.952373 -0.604440 0.255124 -0.932991 0.550220 0.810764
-0.140171 -0.276663 -0.599937 -0.019574 0.318936 0.681836 -0.754930 1.155647 0.106781 -0.315407 -0.593129 0.893076 1.073318 0.561961 -0.486469 0.486938 -0.029189 0.567152 0.315697 0.150926 0.608661 0.483404 0.831339 0.797211 -0.633620 -0.081929 -0.553287 0.392485 0.177146 -0.142912
0.151288 0.082016 -0.443061 -0.342847 0.225620 -0.686105 0.632928 -0.609710 -0.249669 0.259386 -0.908202 0.555122 -0.511303 -0.441699 -0.956529 -0.569460 0.959283 0.655219 0.899832 -0.501701 0.876435 0.491039 -0.050315 0.641466 0.099573 0.511166 -0.261245 0.945775 0.017105 0.455500
0.019233 0.499585 -0.361605 0.432282 0.729943 0.202461 0.065325 -0.290050 0.587139 0.244849 -0.703865 0.624880 -0.681935 0.647524 0.513198 0.157427 0.697266 -0.093338 0.097854 -0.038381 -0.221473 0.701140 -0.626276 0.779645 -0.515894 0.742972 0.943912 0.134616 -0.079802 -0.150301
0.604000 0.394334 -0.704050 -0.577453 -1.120253 0.296725 -0.214236 -0.975302 0.331965 -0.361736 0.673209 0.584102 1.001506 0.347435 0.324191 -0.311951 0.491129 -0.660419 -0.744294 -0.190577 -1.363241 -1.029633 -0.579656 0.270762 0.919270 0.314325 0.454575 0.056797 -0.484347 0.882497
-0.410395 -0.519559 -0.129455 0.125246 -0.322300 -0.516794 0.698963 0.661506 0.837447 -0.337173 -0.641504 -0.977976 -0.184040 0.706076 -0.704750 0.192083 -0.700369 -0.078557 -0.733006 0.479876 -1.028888 0.348204 0.516693 -0.037084 0.499581 -0.145634 -0.057147 -0.807711 0.035870 0.499842
-0.401142 0.957891 0.717271 -0.389640 -0.490928 0.847708 -0.414976 0.187741 0.207292 -0.739598 -0.999277 -0.833877 -0.153540 -0.779891 -0.940033 -0.820670 -0.061157 0.197961 -0.647613 0.122570 -0.107727 0.143851 -0.175942 0.103856 -0.776624 0.246749 0.863423 0.745517 0.642519 0.447898
0.117620 0.721617 -0.677978 -0.734428 -0.348637 0.858007 0.364983 -0.556809 -0.941670 0.791411 0.140114 0.254932 -0.243142 -1.142242 -0.525754 -0.378770 0.815943 -0.594520 -0.158608 0.196317 -0.656612 -0.099050 -0.322516 0.351075 0.032728 0.748351 0.903185 0.520690 0.351655 -0.392665
-0.302856 -0.272543 -0.460665 -0.715205 0.208865 -0.649104 0.010012 -0.462399 0.291517 0.441235 0.927172 0.169271 -1.045601 0.111129 0.543728 0.812605 -0.023048 -0.954820 -0.601461 0.005212 0.419422 0.526316 0.088654 0.995612 0.729721 0.707199 -0.511899 0.467213 -0.187071 -0.567839
0.637582 0.742390 -0.683539 -0.242355 0.016631 0.948281 0.937292 0.025189 0.439375 0.262406 -0.143046 -0.726133 0.558334 -0.062999 -0.951248 -0.359708 -0.407021 0.739677 -0.579543 -0.301181 -0.357246 0.407753 0.396520 -0.417055 0.338420 -0.562851 0.838226 -0.315857 -0.065876 -0.445640
-0.819088 0.409032 -0.069077 0.613226 -0.382055 0.055590 -0.028575 0.044523 -0.872881 -0.613056 -0.382415 -0.037491 0.150842 -0.720564 -0.644937 -0.673084 -0.986817 -0.666559 -0.533368 -0.580292 -0.072997 -1.106482 -0.974721 0.198723 -0.188526 0.624634 0.901043 0.836923 -0.500840 0.224245
0.774275 0.023386 0.507575 0.696249 0.563214 -0.743563 0.692064 -0.080722 -0.033438 -0.779563 0.176134 0.940264 0.087867 0.344493 0.920400 -0.408383 -0.508276 0.250214 -0.755093 0.319587 0.191048 -1.134581 -0.660856 -0.425849 -0.297909 0.347217 -1.019313 -0.440601 -0.909012 0.199707
0.757093 -0.386298 -0.786731 0.847131 0.206818 0.854406 0.477377 0.419061 -0.381869 -0.060668 -0.168346 -0.158849 0.753062 -0.059788 -0.084037 0.403128 0.820235 -0.737216 -0.080014 0.533004 0.779657 0.280645 0.662963 -0.880340 -0.503383 0.682986 -0.687506 -0.831578 -0.638126 -0.132996
0.353499 -0.131881 0.794593 -0.605608 -0.562130 0.697952 0.380073 0.026299 -0.304966 0.016115 -0.427872 0.245039 -0.137271 0.019976 -0.760124 -0.324427 0.719282 -0.496112 0.519569 0.616675 -0.714319 0.672451 -0.181881 0.572312 -0.556413 -0.279473 0.586254 -0.120218 -0.375389 0.140616
0.435032 -0.577215 0.389712 0.107852 -0.231478 0.436138 -0.744257 0.006353 0.065163 -0.985699 0.330153 0.578297 -0.980853 -0.544699 0.423776 -0.558238 -0.583838 -1.119235 -0.697304 -0.965208 1.050529 0.039712 -0.342445 0.575238 0.147446 -0.980853 -0.125300 -0.603754 -0.739594 -0.066479
0.062205 0.881557 0.362027 -0.406933 0.391640 0.170358 -0.708970 -0.234281 0.853829 -0.634473 -1.014739 0.384277 -0.763619 -0.136932 0.102596 0.232228 -0.146338 0.490894 0.684542 -0.131352 -0.407313 0.606073 -0.678926 0.633552 0.991572 -0.067442 0.225019 0.748891 0.981309 0.272535
-0.223984 -0.089065 0.858094 -0.733131 0.538474 -0.181530 0.004347 0.149229 0.013374 -0.837267 0.628029 -0.134722 -0.120490 -0.859641 0.063261 0.807785 0.432400 -0.797096 0.133144 -0.438734 -0.265602 -0.098674 0.072203 0.124655 -0.539057 -0.788970 0.221336 -0.186000 -0.257767 0.621712
0.274946 -0.935616 -0.324554 0.645519 0.709086 -0.292414 -0.581848 -0.586599 -0.604445 0.512976 -0.169795 -0.217482 0.058758 -0.844952 0.449907 -0.293366 0.338109 0.741984 -0.517402 0.090716 0.232446 -0.815618 0.055728 -0.310797 0.795629 0.701459 -0.187175 -0.429321 0.194283 0.742447
-0.456975 -0.438004 0.198987 0.680505 -0.092139 -0.927067 -0.366331 -0.806831 -0.026913 -1.101877 -0.569716 0.127490 0.506754 -0.510286 0.171446 -0.924801 0.056562 -0.928872 -0.192815 0.169355 0.542215 0.269343 -0.723685 -0.813760 -0.531948 0.545685 -0.181832 0.375923 0.302318 0.749563
-0.805379 0.047695 0.065384 0.254134 1.161155 0.227214 -0.564864 -0.610176 -0.710675 -0.366598 -0.033493 -0.786864 0.248980 -0.812391 0.765876 -0.738887 0.139528 -0.165861 0.620043 0.883180 -0.067815 0.425267 -0.449196 -0.183931 0.173093 0.842394 1.006789 0.267986 -0.299537 0.759279
-0.548863 0.416121 -0.023760 0.974227 1.268043 -0.592967 -0.240553 -0.593676 -0.269373 -0.847717 -0.156860 0.978884 -0.146544 -0.045572 0.750482 0.324138 -0.743363 0.883762 0.328779 -0.517483 -0.350606 0.813884 -0.469344 -0.139927 -0.760222 0.296003 0.500586 -0.662559 0.340033 -0.719180
0.063137 -0.066807 -0.704069 0.715582 -0.699911 0.074798 -0.327211 -0.370087 -1.010273 -0.949233 0.291327 -0.293643 -1.006622 0.175644 0.123469 0.150715 -0.400326 -0.722954 -0.119751 0.142562 -0.191534 0.315105 -0.015779 -0.144866 -0.450700 0.720568 -0.124925 -1.056933 -0.601361 -0.728597
0.535090 -0.731424 0.808643 0.667722 -0.450284 -0.362449 -0.426276 -0.698238 -0.291773 -0.756715 -0.678039 -0.268064 -0.035575 0.829332 0.633016 -0.971488 -0.402912 1.000579 -0.047555 0.012225 -0.668646 0.376965 0.928418 0.817558 0.331630 -0.693743 -0.682694 0.769802 -0.893242 -0.079233
0.466050 -0.324187 -0.757315 -0.061078 1.055696 0.769333 0.919805 -0.502387 0.743977 -0.693355 -0.694176 -0.777922 0.691904 0.765169 0.615690 0.432147 0.185792 -0.439662 -0.481676 -0.035148 -0.268473 -0.503379 0.255452 -0.030232 0.155637 0.371398 -0.187002 0.560362 -0.485735 -0.787342
-0.976394 -0.929864 0.976737 -0.018476 -1.177427 0.700712 -0.918112 -0.209250 0.499402 -0.117558 0.293572 0.385980 -0.540113 -0.179576 -0.163141 0.411368 0.282877 0.427761 -0.555904 0.794416 -0.081326 0.522088 -0.716862 0.406080 0.410644 0.714054 -0.452701 -0.213129 0.321011 0.390992
-0.205386 0.441687 0.016973 -0.158304 0.302861 -0.209818 0.970671 -0.527628 -0.091017 0.896357 -0.603049 -0.081156 0.403940 -0.721437 0.085138 -0.949252 -0.518697 -0.144515 0.343829 0.787829 -0.139703 -0.140811 -0.176889 -0.054725 -0.386114 -0.783968 0.176730 -0.790165 -0.840984 0.873925
0.408000 0.767337 -0.802236 -0.630854 0.876254 -0.867779 -0.312306 -0.570271 0.525773 -0.200716 -0.023192 -0.680140 0.992002 -0.727672 -0.163705 -0.162534 0.614915 0.107104 0.334889 0.181682 1.063813 0.040582 -0.252191 -0.722062 0.326250 0.805343 -0.582361 0.634350 -0.049927 0.961155
0.882423 0.395562 0.458849 -0.410081 0.535995 0.899516 -0.261236 0.824093 -0.872865 -0.204040 -0.202341 -0.627080 -0.702532 0.138953 -0.729477 1.048116 0.550821 0.166353 0.130408 0.351144 -0.291947 -0.268263 -0.567524 -0.117913 0.941280 0.635482 -0.054013 -0.023812 0.864108 -0.890126
0.648956 0.544911 -0.605058 -0.900731 0.748804 0.180974 0.585123 -0.744919 0.308518 0.503590 -0.748880 0.691911 0.196148 -0.342623 0.412800 0.594922 0.156496 0.389093 0.914782 0.254711 0.997740 -0.241166 0.548645 -0.814572 -0.218473 0.514181 0.279233 -0.110997 0.130010 -0.069864
1.074357 -0.736108 -0.141938 -0.134444 -0.138181 0.829300 0.857071 -0.564530 -0.486487 0.244595 0.439204 -0.736422 -1.020886 -0.875787 -0.305358 0.071840 -0.402782 0.159032 -0.673877 0.234743 -0.966192 0.398652 -0.682517 0.083100 -0.251556 -0.477476 0.486274 -0.495143 -0.052346 0.171559
0.712513 0.980150 0.376000 0.447705 -0.585456 0.499442 0.084857 0.430019 0.603167 0.000194 1.113034 -0.439268 -0.117881 0.629272 -0.959215 -0.701810 -0.587590 -1.164915 1.099143 0.366758 0.060864 0.253164 -0.634565 -0.263219 0.665188 -0.554272 0.462484 0.573445 0.950281 0.739098
0.578794 -0.166603 -0.892347 0.895073 -0.450078 0.647547 -0.480680 0.836032 -0.767857 0.042618 0.199175 0.708617 0.746706 -0.562994 -0.390034 -0.136221 -0.127226 -0.645812 0.310782 0.934122 0.716470 0.649118 0.694289 -0.429634 -0.892913 0.261419 -0.246826 -0.392278 -0.426680 -0.182498
-0.121554 -0.277530 0.160289 0.106910 0.535724 -0.721615 0.626334 -0.907751 -0.966500 1.016091 0.361294 -0.170040 0.437630 0.500590 0.431538 -0.748953 -0.300923 -0.066640 0.754722 0.885643 0.394191 -0.048269 0.155277 -0.771841 -0.305093 0.192242 -0.270302 0.291570 -0.181174 0.771515
0.056092 -0.100294 -0.424587 -0.290400 0.648273 -0.108614 0.892906 0.213369 -0.700946 0.618172 -0.732199 -0.639422 -0.276523 0.738527 0.758322 -0.588502 -0.079036 0.832844 0.718862 0.115703 -0.479895 0.125316 -0.816532 -0.847748 0.148836 -0.403681 -0.242896 -0.698332 -0.097704 -0.181634
0.757942 -0.084796 -0.864561 -0.780933 0.146194 0.761534 0.965935 0.372028 -0.602030 -0.249791 0.761401 -0.990533 -0.428947 -1.031279 0.328820 -0.828542 0.481577 -0.311710 -0.593082 -0.296753 0.872678 0.516503 -0.956849 0.413000 -0.185601 0.911346 0.491012 0.415083 0.644942 -0.212490
0.232803 -0.509088 -0.414984 -0.426496 0.249362 -0.579064 -0.035861 -0.691461 -0.244647 -0.238767 0.927417 0.056015 -0.891886 -0.439813 0.104383 -1.008038 0.163698 0.702140 0.009827 0.408936 -0.542790 0.177450 -0.849968 0.531285 0.020191 0.817372 -0.476155 -0.770219 -0.424578 -0.457279
0.436517 0.419419 -0.561121 0.788869 -0.899271 0.470901 -0.212557 0.480525 -0.964117 0.084909 0.409522 -0.476671 0.576607 -0.881303 -0.959349 -0.311218 -0.930960 -0.272178 0.059620 0.767615 0.087763 0.568112 0.210302 -0.515254 -0.023847 -0.544413 -0.349054 -0.493086 0.067224 0.775303
-0.466271 0.829793 0.939766 0.658268 0.603450 0.628618 -0.028564 0.832770 0.040854 -0.564716 0.322728 0.379007 -0.057282 0.600332 -0.608988 0.217490 -0.851831 0.307046 -0.032890 0.440894 -0.221139 0.410257 -0.148163 -0.669020 -0.586856 0.589958 -0.321563 0.489055 -0.491263 0.340537
-0.287899 0.302166 -0.391338 -0.386794 0.170158 -0.342973 -0.579157 -0.442171 -0.659750 0.299972 -0.879435 -0.322898 0.181148 0.016982 -0.469115 0.879535 0.421253 0.012843 0.429739 0.086800 -0.274146 -0.564378 0.847520 -0.165064 0.883963 -0.725337 0.185596 -0.636817 0.593941 -0.890593
-0.689450 0.508919 -0.818245 0.653966 -0.025058 0.527738 -0.534474 0.084301 -0.145006 0.941409 0.573729 0.508868 1.028725 -0.178342 -0.667101 -0.344449 -0.632556 0.761496 0.700420 0.489099 0.388564 -0.613055 0.616388 -0.605358 0.333426 -0.845029 0.165623 -0.209808 -0.890006 0.555706
0.179483 -0.359131 0.140515 -0.699916 -0.069225 -0.375206 -0.950558 0.314822 -0.827860 0.913857 -0.601985 0.091014 -0.636815 -0.663342 0.050902 0.669607 0.601674 0.595697 -0.867006 -0.096575 -0.818975 0.435240 0.490021 0.168098 -0.660996 0.244017 0.661404 0.092957 0.417969 -0.787877
-0.772931 -0.350879 0.408586 0.502599 -0.110291 -0.400798 -0.630613 0.579384 -0.165555 0.628864 0.335119 0.492831 0.437125 -0.473810 0.642253 -0.444270 -0.156676 -0.439207 -0.680840 0.934270 -0.731877 -0.269656 0.507547 0.790428 -0.506576 -0.109230 0.319401 -0.035175 0.641789 0.044699
-0.070531 0.081625 -0.694637 -0.730468 0.630971 0.693546 -0.191806 0.599174 -0.224831 -0.128802 -0.671396 0.358820 0.344159 -0.443379 0.282712 -0.019847 -1.094950 -0.707665 0.080278 0.223777 -0.190809 0.043541 0.066072 0.738349 0.576356 0.429230 -0.113694 0.760876 0.419034 0.492272
-0.381144 0.533166 -0.046739 -0.020271 -0.867854 -0.112921 0.280125 0.017371 0.078968 -0.769498 -0.687821 -0.924642 -0.810262 -0.301555 0.799110 0.494306 0.579218 0.034727 -0.616139 0.320927 0.261008 1.018661 -0.654166 -0.414562 0.292317 0.970741 -0.791240 -0.974526 0.627029 0.735243
-0.904292 -0.785823 -0.282572 0.065709 -0.041260 -0.329117 -0.939836 0.719200 0.171788 0.813434 0.247909 0.215744 -0.936944 -0.175867 1.007956 -0.448252 -0.112549 0.711381 0.575009 -0.571951 -0.479339 -0.029485 -0.122014 -0.942679 0.529414 0.112625 0.819072 0.009583 -0.665086 -0.351593
0.799597 0.711475 -0.321578 0.893731 -0.652112 -0.019366 -0.743155 0.117115 -0.845544 0.490616 0.924268 -0.486594 -0.369464 0.003425 0.029606 0.231373 0.951329 -0.246554 0.181821 0.878293 0.249155 -0.174055 -0.579081 0.789064 -0.565624 0.863889 -0.660758 -0.855630 0.239734 -0.673861
0.651883 -0.097240 0.825859 0.051254 1.004753 -0.180872 0.571610 -0.343600 0.811799 -0.420853 0.774855 0.788591 0.571980 0.106711 0.697395 -0.287651 0.507105 -0.918742 0.416757 -0.799463 -0.865154 -1.135080 -0.760454 0.045061 0.144843 -0.774356 -0.099866 0.555187 -0.437256 0.352594
-0.974697 0.207865 0.872207 0.037433 0.668924 -0.063474 0.143625 -0.877723 -0.612958 0.430798 0.788940 -0.510455 -0.178497 0.618545 -0.007617 -0.491437 0.461472 -0.843102 -0.139455 -0.946138 0.779575 0.760673 -0.465966 0.133323 -0.532810 -0.718575 -0.686149 0.650866 0.332687 0.868967
1.098415 0.823541 -0.066409 0.604046 -1.215995 0.904151 -0.504399 -0.480660 0.350247 -0.209075 -0.229507 -0.601186 0.379628 -0.377045 0.521328 -0.299954 -0.504905 0.901706 0.403462 -0.969546 1.012423 -0.232172 0.264876 0.347934 -0.534143 0.188864 -0.265340 -0.233027 0.013757 -0.614820
-0.115312 -0.170847 0.666917 0.811836 -0.163819 0.581214 -0.123875 0.856673 0.304334 0.513925 -0.616839 -0.264346 -0.568897 -0.434393 0.426776 -0.775363 0.776729 0.796768 -0.562200 0.605679 0.285830 0.934059 -0.408601 -0.357444 -0.448849 -0.135153 0.278716 -0.872886 0.914558 1.039034
-0.379689 -0.309654 -0.300151 0.288861 0.422283 -0.510837 0.612057 0.988928 0.904614 -0.393514 -0.569731 -0.243567 0.387099 0.955749 0.457392 0.126760 -0.752543 0.374752 -0.969123 -0.254108 0.007557 0.311832 -0.596599 0.984305 -0.417716 -0.602567 -0.462000 -1.074797 0.099610 -0.838294
-0.273166 0.607730 0.441228 0.415425 -0.347191 0.160944 0.935408 0.651494 0.527334 1.217542 -0.372359 0.799401 -0.269798 0.145726 0.387733 -0.693788 -0.028186 -0.209383 0.547332 -0.228780 0.475782 -0.653501 -0.677963 0.815581 -0.938098 0.212183 0.288761 -0.399959 0.864822 -0.957083
-1.287145 0.458952 -0.755151 -0.209140 0.336263 -0.194303 -0.379661 1.119815 -0.450895 0.309308 0.256825 -0.298044 -0.539230 -0.315545 0.016921 0.403850 0.143242 0.664311 -0.129445 0.815734 -0.773015 -1.672307 -0.533741 0.796339 -0.961131 -1.141705 -0.504972 -0.717446 -0.542404 -0.435700
0.693988 0.228929 -0.599953 -1.135843 -0.414357 -0.491106 0.101757 0.195288 -0.269177 -0.759671 -0.351704 0.030840 0.477270 -0.690881 0.159256 -0.051349 -0.686868 1.205612 -0.097027 0.388339 0.478801 -0.191005 0.743041 0.601569 0.465777 -0.409501 0.660210 0.000467 0.300651 -0.317068
0.808453 0.215622 0.785418 -0.103332 0.770472 -0.631495 0.345414 0.468731 -0.065419 0.372286 -0.556032 -0.555106 -0.313732 -0.406498 -0.564888 -0.824854 0.404321 0.615414 0.191399 -0.027108 0.222411 -0.386309 -0.798976 0.851621 -0.310528 -0.032314 -0.013385 0.066608 -0.508897 -0.403007
0.529631 0.599445 -0.658765 -0.690608 -0.256868 0.826230 -0.982337 -0.312535 -0.844007 0.576489 0.658510 -0.825891 0.224269 0.662224 -0.733777 0.656515 -0.546228 0.072161 -0.769663 0.943882 -1.009372 0.023562 -0.474729 -0.153621 0.581055 0.261045 -0.278091 -0.925828 0.763774 0.048221
0.487194 0.110894 -0.614700 0.338354 -0.876103 0.320824 -0.451959 -0.024279 -0.636871 0.147882 -0.227266 -0.143938 -0.208021 -0.211614 -0.069068 0.753924 -0.555839 -0.733706 0.799399 -0.720002 -0.879955 -0.425205 0.938762 0.593085 0.662955 -0.479166 0.632435 -0.025280 0.540032 -0.133847
0.594598 -1.028048 0.802162 -0.474769 0.500350 -0.316364 0.204530 -0.970040 0.105136 0.845206 0.441787 0.354283 -0.604072 -0.820484 0.854681 0.148433 0.691425 -0.508486 0.434792 0.646248 -0.814285 0.385771 -0.139630 0.805180 0.839059 0.265589 -0.690424 0.081993 -0.560390 0.968700
-0.350518 0.529070 -0.152815 0.541914 -0.048694 0.547992 0.511550 0.220332 -0.049112 -0.286528 0.320963 -0.808520 -0.941869 0.553280 -0.594122 0.257111 0.736092 0.439930 0.860074 -0.201863 0.593088 -1.152712 -0.950318 -0.084613 0.491280 -0.075015 -0.545540 0.125505 -0.076714 -0.675849

Bias v0 (Oculta):
-0.491369
0.957142
-0.265288
-0.960527
0.665589
0.145288
0.158017
0.410641
-0.105090
-0.646609
-0.111785
-0.896682
-0.102058
-0.724498
0.438836
0.710262
-1.019617
0.769589
-0.037088
-0.766308
0.878501
0.036258
0.587321
0.096055
-0.947563
0.711169
-0.266801
0.252186
0.907581
-0.092956

Pesos w (Oculta -> Saída):
1.853691 -1.987510
0.053055 -0.188043
-0.266218 -0.510531
-1.695010 1.512323
2.354492 -2.310243
0.458262 -0.228492
0.283272 -0.117461
-0.706077 0.631241
-0.490313 0.513738
-0.731352 0.806291
0.641643 -1.075842
-0.583462 -0.071994
-0.746635 0.818677
0.704640 -0.656142
-0.296668 0.380993
0.460735 -0.477034
-2.124542 2.309985
-0.667982 0.883687
1.352482 -0.738114
0.027462 0.386644
0.784976 -1.001733
2.043659 -2.146104
-1.097824 1.154538
1.555407 -1.456904
-0.575996 0.470791
-1.760762 1.602829
-0.599791 -0.050202
0.864980 -0.429723
-0.019218 0.053456
1.384051 -1.152086

Bias w0 (Saída):
-0.239338
0.583596
