Pesos v (Entrada -> Oculta):
-0.491072 0.702861 -0.545743 -0.652059 0.063783 0.832607 -0.533073 0.031091 -0.579641 0.462014 0.633916 0.467520 -0.406093 0.267257 0.326123 -0.555430 -0.327327 0.348830 -0.226731 -0.125551 0.765105 0.274429 -0.083064 0.036989 -0.683320 -0.436403 -0.569166 -0.958375 -0.896930 0.573006
0.044679 0.472913 -0.869651 -0.818991 0.872907 0.209186 0.881888 -0.277922 -0.783665 -0.947084 -0.668686 0.942530 0.241202 -0.534496 0.729285 0.475732 -0.517458 -0.366555 0.261154 0.117191 0.128817 -0.727412 -0.924676 -0.731894 0.696813 0.966868 0.027227 0.117215 -0.395669 0.436138
-0.682214 0.459832 -0.138516 0.887451 -0.971327 -0.028695 0.850725 -0.873773 -0.576921 0.902832 -0.218037 0.282128 0.078572 -0.793039 0.189919 -0.817873 -0.414997 0.007451 0.533507 -0.008212 0.321595 -0.809550 0.269923 -0.898453 0.695649 0.608328 -0.630991 -0.862507 -0.435985 0.491531
-0.239695 0.775351 -0.636241 0.487665 -0.759950 -0.578683 0.521452 0.099666 0.895341 0.994795 0.550354 0.460333 -0.752180 0.692156 -0.790634 -0.562629 0.888932 -0.836119 0.533176 0.745098 -0.475085 0.311947 0.932560 0.527735 0.415985 0.517428 0.639651 0.683864 0.761859 0.457375
0.370191 0.487057 -0.323410 -0.795934 -0.536269 -0.963536 -0.210915 -0.108652 0.462863 -0.294529 -0.796102 -0.975805 -0.933866 0.355186 0.751306 -0.603188 0.443613 -0.260302 0.767402 0.246129 0.719460 -0.948654 -0.518103 0.973528 0.548541 0.453935 -0.952314 -0.548670 0.842709 0.244926
0.068172 -0.122303 0.767755 0.762933 -0.946450 0.048897 0.380231 0.531065 0.528314 -0.641433 -0.710903 0.340486 0.849701 -0.460408 0.926236 0.634991 -0.499279 0.550438 -0.012554 -0.422779 0.145658 0.049066 0.246993 0.190906 -0.456602 0.090281 -0.975542 0.722856 -0.641134 0.950586
0.754303 -0.482206 -0.070324 0.601398 0.018246 -0.447212 0.914239 0.124324 0.964736 -0.978516 0.510805 0.556522 -0.509267 0.504329 0.483107 -0.139845 -0.973119 -0.524870 0.917878 0.122832 0.405749 0.316735 -0.531100 -0.430368 0.099561 0.017457 0.359446 -0.948630 0.219108 -0.924168
0.877314 -0.854304 0.208957 0.242840 0.653190 -0.569670 0.915973 -0.772716 0.769436 0.215025 -0.752711 -0.595226 0.311686 -0.906804 0.133395 -0.304444 0.458491 -0.314735 -0.925661 0.663268 -0.279848 0.407765 0.019518 -0.213462 -0.483112 0.435025 -0.402821 0.677161 -0.810497 0.261978
0.309814 -0.821668 -0.676039 0.907062 -0.237967 -0.921175 -0.614410 0.877158 -0.968018 -0.663102 -0.776563 -0.693736 -0.970198 0.888992 0.485232 0.530718 -0.104441 0.571289 0.801940 -0.090351 0.645558 0.197982 0.309797 -0.908416 -0.132336 -0.097307 -0.075681 0.174755 -0.737624 -0.345728
-0.126641 0.236807 0.319621 0.098828 -0.971113 -0.712132 -0.595451 -0.998812 0.571426 0.153152 0.067920 -0.632338 0.792368 0.624727 -0.690592 0.098979 -0.935130 0.851782 -0.304884 -0.654992 -0.335505 -0.435701 -0.358659 0.749348 0.186711 -0.335854 0.494987 0.983811 0.241860 0.157791
-0.765583 -0.464841 0.407443 0.629360 -0.215762 -0.419779 -0.746119 0.744658 0.859077 -0.995029 0.322247 0.930045 -0.887485 -0.863972 -0.892777 -0.150848 0.250271 -0.992210 -0.161538 -0.497312 -0.118442 0.443642 -0.803914 0.952038 0.895583 -0.867429 0.255056 0.200927 0.618012 -0.475223
-0.037679 -0.945896 -0.044607 -0.631721 0.418314 0.309472 -0.240344 0.664177 -0.261077 0.844767 -0.834166 -0.227897 -0.380693 0.099160 0.823291 0.529833 -0.761942 0.358613 0.299286 0.987644 0.374819 -0.542062 -0.439867 0.818159 -0.038847 -0.564432 0.574880 0.944976 0.687777 0.921564
-0.928951 -0.193870 -0.281550 -0.665943 -0.776286 -0.857174 -0.787755 0.541521 0.037312 0.544474 -0.563459 -0.996000 -0.672301 0.121517 -0.396933 0.556907 -0.636590 0.177014 -0.855108 0.997736 0.526708 0.983093 -0.577581 -0.717675 0.772643 -0.123660 -0.699019 0.452746 0.458381 0.116594
-0.751585 -0.101216 0.920702 0.965324 0.000840 -0.437094 -0.688977 0.897026 -0.441789 -0.527252 -0.370556 0.815107 -0.000464 0.605866 0.833040 -0.800741 0.724483 0.260836 -0.133656 -0.826811 0.177940 0.250174 0.797711 -0.204132 0.046554 -0.340807 -0.765423 -0.827670 -0.371597 0.833997
0.229253 0.252458 -0.071194 0.653477 -0.851574 0.399648 -0.213785 -0.909007 0.438607 0.388269 -0.204525 -0.437273 -0.273011 0.593379 0.946396 -0.647104 0.957184 -0.538984 0.981752 0.968330 0.332056 -0.535317 -0.228026 -0.545844 -0.219051 -0.974982 -0.366697 -0.478761 0.788235 0.878776
0.328824 -0.655588 0.027701 -0.999673 -0.200258 0.287182 -0.134925 -0.239036 -0.310323 -0.529277 0.801631 0.674995 0.038774 -0.909271 -0.052792 0.849866 0.741117 0.449280 0.853215 -0.367932 0.915167 -0.408587 0.333477 0.415418 0.608857 0.008808 0.217778 0.626004 0.168328 -0.739537
-0.119536 -0.998019 -0.346858 -0.052908 0.010234 0.136827 -0.531229 0.176330 0.478233 -0.299191 -0.578264 -0.603294 0.928215 0.899987 -0.583119 0.219528 -0.886283 -0.691494 -0.710187 -0.253621 -0.238768 0.252861 0.851559 -0.017758 -0.706860 -0.580364 -0.699338 -0.419154 0.426441 -0.094130
0.114308 -0.694239 -0.710134 0.117001 0.550901 0.319003 0.389251 -0.501286 -0.863913 -0.785213 -0.851031 0.358601 0.376555 0.860717 0.927921 -0.504228 0.807953 0.284637 0.391800 0.775252 -0.350628 0.876604 0.736130 -0.836447 -0.342036 -0.771749 0.197555 0.803428 0.002561 -0.891697
-0.246859 -0.149349 -0.348251 0.021256 -0.227511 0.391254 -0.634245 -0.903621 0.618697 -0.217515 0.487158 0.657460 0.242513 -0.016277 -0.106269 -0.352708 0.211779 -0.775360 0.398771 -0.737414 0.105674 -0.193097 0.437286 -0.084569 -0.778752 -0.502885 -0.162956 -0.419445 0.498463 -0.926208
0.491085 -0.365720 -0.978923 -0.022901 -0.010923 -0.455398 0.653833 -0.281432 0.142073 0.578131 -0.664692 -0.480384 0.661606 0.517142 -0.244495 -0.421378 -0.869315 -0.680400 0.921440 -0.095235 -0.029141 0.110100 -0.299625 -0.038522 -0.044969 -0.779652 -0.612963 0.687756 -0.085963 0.180399
-0.748027 -0.493382 0.442467 0.755945 -0.861331 0.942874 -0.582074 0.948423 -0.936527 -0.349304 -0.257608 -0.054150 -0.194419 -0.318551 0.521611 0.506602 0.587155 0.408166 -0.654915 0.150269 -0.706703 0.782248 0.820617 0.444085 -0.940841 -0.563965 0.837806 0.287621 0.443759 0.942443
-0.721168 0.761904 -0.346206 -0.629267 -0.835316 0.454474 0.309448 -0.308317 -0.014498 -0.351713 -0.304148 0.778775 0.473103 -0.005915 0.668840 -0.996356 -0.859799 -0.980700 -0.666958 0.007418 -0.710880 0.110562 0.491788 0.137744 -0.718730 -0.996522 -0.302676 0.933768 0.323615 0.858290
-0.421123 0.198396 -0.957329 -0.999893 0.660357 -0.956502 -0.204483 -0.740543 0.189504 -0.431995 0.512363 -0.868973 0.204344 -0.250828 -0.799945 -0.222303 0.402755 -0.381887 -0.932528 -0.250296 0.626126 0.991378 -0.804270 -0.079244 -0.378771 -0.802876 -0.186913 0.481749 -0.436448 -0.931150
0.694311 0.608724 -0.567092 -0.738746 0.468566 0.888888 0.997980 -0.600189 -0.686764 0.850603 -0.705761 0.265364 -0.745222 -0.728057 0.841690 -0.812536 -0.019063 -0.355917 0.694897 -0.041051 -0.382126 0.351150 -0.128796 0.847294 -0.899570 0.046594 0.562700 0.685307 0.793821 0.725213
0.188862 -0.597482 0.190840 -0.287965 -0.498910 0.771326 0.083017 0.941562 0.587694 -0.440904 0.921126 -0.345235 0.703602 -0.751921 0.992231 0.753384 0.823414 -0.883084 -0.316110 -0.683242 -0.897883 -0.817507 0.448627 -0.365147 0.839913 -0.429097 0.023465 -0.659245 0.618366 -0.713425
-0.282268 0.012680 0.155759 0.382932 0.946176 -0.236195 0.354212 0.063111 -0.082539 -0.279929 0.772718 -0.161354 -0.845632 -0.822286 0.881492 -0.676883 0.274317 0.567319 0.634236 0.548150 0.783351 -0.125519 0.944557 -0.996889 -0.175378 -0.017503 0.992354 0.343378 -0.606185 0.245098
-0.222827 -0.561717 0.055845 0.299578 -0.912145 0.716260 -0.292513 0.380051 -0.915089 0.611697 -0.956994 0.286945 -0.811463 -0.327168 -0.244155 0.894322 0.716606 0.523606 -0.801671 -0.574379 -0.275600 -0.849013 0.912242 0.781647 0.910529 -0.846689 0.277299 -0.622190 0.890643 0.193502
0.068413 0.874626 -0.576073 0.864577 -0.259601 -0.626249 -0.877147 0.175926 0.252555 -0.422718 -0.144158 -0.205265 0.529626 -0.636617 -0.164408 -0.215642 0.981583 0.474222 -0.350707 0.712700 -0.155649 -0.635328 0.024459 0.195962 0.001774 0.635804 -0.539229 -0.902867 -0.421529 -0.438975
0.219870 -0.582453 0.361808 -0.578527 -0.006298 -0.101109 -0.657758 0.369994 0.972412 0.935885 -0.193106 0.574350 0.381302 -0.543198 0.579048 0.912093 0.066175 -0.050499 -0.163817 -0.366841 0.596513 0.030084 -0.126241 0.747660 -0.541887 0.164238 0.101229 0.782999 0.809930 -0.775398
0.185195 0.451199 -0.885903 -0.722039 -0.743871 0.904183 0.954676 0.039628 -0.062807 -0.497088 0.099407 -0.142201 0.910616 0.272314 0.602254 -0.231133 0.978040 -0.151274 0.642924 -0.676795 0.034251 0.696522 0.966873 -0.907563 0.022406 0.705589 0.636775 -0.025970 -0.536977 -0.426048
-0.659717 0.181798 0.348433 -0.221340 0.837350 0.177857 0.987943 -0.531832 0.245565 -0.789853 -0.031569 0.749105 0.148251 0.399760 0.299519 -0.967141 0.349352 -0.345672 -0.880832 -0.740708 -0.213580 -0.530737 -0.140118 0.591462 0.735882 0.442480 -0.706482 0.911921 -0.106532 -0.318290
-0.896861 -0.302476 0.866664 -0.262739 0.584795 -0.554727 -0.150855 0.816055 0.250515 0.124522 0.612159 0.871535 0.274323 -0.181662 -0.902381 0.195564 -0.838876 -0.988820 -0.719369 0.741815 -0.739286 0.025454 0.539038 -0.675242 0.540785 -0.404918 0.197859 -0.937520 -0.876817 -0.720672
0.761699 -0.530196 0.294819 -0.407068 0.262653 -0.659557 0.641241 0.359618 -0.201415 0.913075 -0.302383 0.939259 0.745330 0.848813 0.208393 -0.026148 0.087992 -0.026957 0.493918 0.061562 0.194459 0.820887 0.924332 0.075854 -0.403122 0.952017 -0.402373 -0.205784 0.080773 -0.262109
-0.628594 -0.219926 0.378069 -0.368062 0.223319 -0.913609 -0.084961 0.458744 0.672792 0.659545 0.287432 0.187543 -0.058997 0.892263 -0.770302 0.086208 0.109800 0.484036 -0.117492 0.854843 0.252074 0.279965 0.776065 -0.287792 -0.638268 0.474781 0.365171 -0.319996 -0.300439 -0.186981
0.880282 -0.046529 -0.082630 -0.967564 -0.677280 0.546265 0.079256 0.202517 0.524971 -0.842511 0.606743 -0.903828 0.131546 0.111622 0.629236 0.264252 -0.001360 -0.343774 0.155358 0.111035 -0.542842 0.398113 0.993504 0.898715 0.228890 0.634849 -0.293479 -0.968054 -0.950987 -0.793561
-0.437229 0.786745 0.934412 0.612959 0.138116 0.376794 0.557708 0.993267 0.557649 -0.189826 0.070469 0.275403 -0.667704 -0.541659 0.147548 0.729033 -0.414793 -0.358915 0.812308 0.074666 -0.112650 0.727640 0.871496 -0.611315 0.671762 0.120832 -0.297247 0.532761 0.373971 -0.045428
0.871349 -0.837509 -0.172075 0.375741 -0.069532 0.066811 -0.767080 0.468225 -0.831811 -0.376992 -0.872277 -0.394565 0.424187 0.867577 -0.488666 -0.885583 -0.409895 0.501799 -0.428568 0.433823 -0.062596 -0.246609 0.277358 0.465120 -0.275976 -0.938540 -0.784519 -0.188062 0.531167 -0.663939
0.714320 0.967776 -0.523641 -0.186085 -0.962781 0.301542 0.251901 0.717912 0.380736 -0.670431 -0.848733 0.278559 0.453781 -0.941751 -0.807719 -0.241205 0.410026 -0.238057 -0.895486 0.101919 0.747990 -0.459686 -0.177433 0.231263 0.213808 0.745785 -0.935397 0.299098 0.744000 0.451755
-0.563649 -0.488709 0.568409 -0.069149 0.589959 0.832664 -0.605131 -0.397203 -0.975782 0.707218 0.158017 -0.283742 -0.186943 -0.266428 -0.154380 -0.207155 0.752196 0.469370 -0.043719 -0.232774 -0.438930 0.536353 -0.171934 0.072544 0.144086 -0.803584 -0.543369 -0.069429 0.313083 0.445825
-0.560820 -0.071997 -0.083786 0.655358 0.134273 0.339681 -0.559133 0.621980 -0.955668 0.730904 0.994754 -0.142977 -0.700138 -0.671352 -0.189156 -0.297003 -0.606723 0.407978 0.952032 0.796095 -0.320387 -0.916284 -0.056885 0.268663 0.068776 0.068599 0.364991 -0.746963 0.781397 0.499201
0.609860 0.019387 -0.410861 -0.648494 -0.808364 -0.278391 0.539367 0.403336 0.954959 0.712931 0.338080 0.036552 -0.574509 0.911963 0.951016 0.982078 0.786092 -0.034319 -0.479556 -0.616678 -0.201039 -0.138233 0.816662 -0.449671 -0.481254 0.570211 0.255624 -0.308064 -0.084798 -0.161890
0.620678 0.382536 -0.051294 -0.703279 0.540032 0.032379 0.898321 0.545256 0.705274 0.439842 0.941946 -0.479238 0.612619 0.062915 -0.520105 -0.372054 -0.250810 0.403587 0.503037 -0.724896 -0.883530 -0.241098 -0.190587 0.850102 -0.827913 0.736573 0.419906 0.783106 0.682081 0.785263
0.553474 0.836025 0.797777 0.507004 0.411162 -0.039847 -0.227811 0.958318 0.420808 -0.235748 -0.339717 0.905650 -0.809804 0.963463 -0.465305 -0.138504 0.203209 -0.419071 -0.681487 -0.535734 0.036769 0.055543 -0.878002 0.643793 0.615312 -0.099175 0.740667 -0.766245 0.340756 0.607310
-0.429792 0.144704 -0.625122 0.885312 0.605445 0.035061 -0.501780 -0.737786 0.282462 -0.749867 -0.017687 -0.538068 0.038488 -0.238276 -0.602167 -0.340467 -0.756159 -0.770374 -0.352209 0.326265 -0.429946 0.260444 0.370548 0.600539 0.346991 0.377791 0.006712 0.261068 0.292796 0.987378
-0.106392 -0.886963 0.225311 0.105081 -0.883002 -0.126060 -0.482638 -0.522943 0.494750 -0.448324 -0.556278 -0.250829 0.154508 0.630338 -0.518203 -0.539426 0.166334 -0.794712 -0.056563 -0.269627 -0.425717 0.006549 -0.878635 0.758360 -0.768889 0.265164 0.986353 -0.840903 -0.640591 -0.421035
0.479052 0.291189 0.294321 -0.999763 -0.116796 -0.087307 -0.790663 0.420564 0.890458 -0.422250 0.778497 -0.874769 -0.738323 -0.772342 0.127021 -0.137362 -0.248738 -0.002117 0.775309 -0.536778 -0.089879 0.339338 -0.740295 -0.705705 -0.828290 -0.571748 -0.041233 0.090634 -0.223197 0.468859
0.320412 0.450255 0.752840 -0.143494 -0.918584 0.279268 0.445436 0.445912 -0.443751 -0.910058 -0.495193 0.670564 0.978903 0.479928 0.496911 -0.232835 0.932646 0.216177 -0.106551 0.832060 0.650982 -0.731726 -0.432646 -0.927091 0.639502 -0.574882 0.841682 0.162175 0.173844 -0.962691
-0.238555 0.703838 0.298263 -0.877716 -0.368775 -0.467760 -0.909489 0.015121 0.708423 0.646489 -0.569106 0.412050 -0.203788 0.327759 -0.819101 0.514591 0.473382 0.066131 -0.811116 0.901396 0.579395 -0.783432 0.060691 -0.374779 0.236685 0.862415 0.605980 0.343261 -0.431433 0.993213
0.921533 0.427263 -0.830848 -0.048117 0.517318 -0.175306 0.057863 0.617207 0.582813 -0.341405 -0.830836 0.771496 0.135925 0.783568 0.862361 0.030540 -0.839272 -0.159267 0.881659 0.316205 -0.703176 -0.121255 -0.409281 -0.357751 -0.666546 -0.858942 0.272898 -0.494625 0.776194 -0.324200
-0.981351 0.230173 -0.934356 0.973566 0.668281 -0.831317 -0.327885 0.495547 0.923755 0.980819 0.589950 -0.521373 -0.429576 0.187418 -0.629795 0.204259 -0.982069 -0.668279 -0.573512 0.828324 0.773978 0.637585 0.991672 0.783035 0.029780 -0.852971 -0.073210 -0.407065 -0.288729 -0.919526
0.229200 -0.699940 -0.566651 0.045825 -0.503567 -0.439343 0.685818 -0.055402 -0.241983 -0.765253 0.543642 -0.964060 0.110357 0.819724 -0.566434 -0.468803 0.959494 0.362967 0.198879 -0.572891 0.863096 0.326367 0.484773 -0.696144 -0.611400 -0.283956 0.078558 -0.368386 0.336021 0.214189
-0.929531 -0.270972 -0.516082 0.941627 0.462201 0.887973 -0.440003 -0.893077 -0.143451 0.029492 -0.860907 -0.887581 -0.756245 0.614073 0.503566 0.042274 -0.526924 0.040177 0.065720 0.318409 -0.402129 0.479941 0.339711 0.408108 0.273790 -0.033999 0.381511 -0.595921 -0.145771 0.109568
-0.062359 0.154301 0.035275 0.149734 0.104436 0.786474 0.007587 -0.735568 0.759409 -0.171467 0.518131 -0.852824 -0.351014 0.158395 -0.817435 -0.518239 -0.308260 0.519679 0.191073 0.876246 0.238989 -0.853338 -0.932731 -0.526832 0.429770 0.509068 -0.006075 -0.779030 -0.035974 -0.345195
0.031623 -0.245535 0.498945 -0.064075 0.176628 -0.200362 -0.466310 -0.195772 -0.182998 -0.921766 -0.742307 -0.777553 0.935176 0.556761 -0.496171 -0.991428 0.285865 0.160732 -0.796327 -0.252862 -0.326778 0.016274 0.984750 -0.947130 -0.509556 0.718289 -0.104976 0.237362 0.250730 0.345570
0.171091 -0.944321 0.519072 0.346810 0.699422 0.293261 -0.512949 -0.479961 0.422611 0.297096 -0.540768 -0.049276 -0.682605 0.812702 0.323374 -0.784744 0.829730 0.777798 -0.966857 -0.628717 0.619434 0.393037 0.149157 -0.261540 -0.298449 0.467556 -0.836466 -0.383723 0.965121 -0.396909
-0.051135 0.572986 -0.790839 -0.416097 -0.760945 -0.342989 0.881061 -0.145057 0.914819 0.908956 -0.320283 -0.412822 0.921520 0.115459 0.553816 -0.406675 0.046884 0.580547 -0.358884 -0.658218 -0.891970 -0.182325 -0.791689 0.441238 0.389070 0.555570 0.177113 -0.065208 -0.326321 0.296017
-0.686400 -0.233471 0.038828 0.445336 0.391376 -0.550883 -0.111476 -0.748117 -0.447659 0.103389 0.236446 0.448971 0.239110 -0.193427 0.818406 0.745859 0.338368 -0.201674 -0.578072 -0.984660 -0.162518 -0.151137 0.074106 -0.189701 -0.123319 0.907434 -0.459824 -0.375192 -0.259460 -0.413028
-0.996748 -0.510564 0.028835 0.040268 -0.258867 0.422003 0.257102 -0.918479 0.012284 0.328396 0.035045 0.198064 -0.777774 0.897149 -0.130125 -0.778560 0.082673 -0.892748 0.618158 0.128471 -0.956825 0.678252 -0.007376 0.915277 0.445274 -0.574504 -0.951845 -0.686148 -0.341682 0.230039
-0.053339 0.886834 0.657500 -0.831635 0.250558 0.535798 0.201888 -0.373661 -0.001272 0.225545 -0.617615 0.693580 0.362392 0.363553 0.649212 -0.593318 0.395472 -0.734641 0.716533 0.855027 0.060824 -0.364668 0.628671 0.083155 -0.901289 -0.993215 0.507429 0.748810 -0.630194 -0.833402
-0.224241 -0.009336 -0.583845 -0.750667 0.817989 -0.011837 0.522401 0.671995 0.351097 -0.747452 -0.166096 -0.833087 0.603327 -0.416613 -0.562680 0.028276 0.348901 -0.280150 -0.117715 0.710039 -0.922409 -0.984527 0.352008 -0.923969 -0.826163 0.206748 0.559381 0.917759 0.589795 0.328888
-0.080684 -0.201228 -0.873227 0.569111 -0.107787 0.838377 0.997110 0.787805 0.501321 -0.150881 0.203509 0.887602 0.717275 -0.082639 -0.823559 0.119764 0.758200 0.667085 -0.105592 0.390562 -0.070706 0.635948 0.259144 -0.714735 -0.184153 0.035294 -0.142004 -0.285936 0.238029 0.986540
-0.748195 0.129085 0.813524 -0.696281 -0.340903 0.910108 -0.490954 -0.202335 -0.006016 0.713850 -0.373414 0.489366 0.407000 -0.403650 -0.859325 -0.829839 -0.285490 -0.136095 -0.086759 -0.871872 -0.644198 0.389823 0.812151 0.254947 -0.722188 -0.662591 0.763670 -0.178648 0.286349 -0.809778
0.560118 0.631433 0.084723 -0.817715 -0.166479 0.648000 -0.439733 -0.909661 -0.738209 -0.588222 0.171273 0.051582 -0.849629 -0.132913 -0.097379 -0.205908 -0.936245 0.494649 -0.953875 -0.137947 0.291528 0.663382 0.794306 -0.276828 -0.342639 -0.207715 0.575545 0.865332 0.255366 -0.145540
-0.800930 -0.733808 -0.904846 0.725566 0.473376 -0.846891 -0.465021 -0.573087 -0.818105 -0.629584 0.733919 -0.255641 0.240920 -0.795069 0.564984 -0.330314 0.215714 0.076274 0.288524 -0.594814 -0.100728 0.440037 -0.215777 -0.514539 -0.548666 0.441336 -0.387466 -0.317584 0.004234 -0.900102
0.170919 -0.377018 -0.466135 -0.798851 -0.205194 -0.564973 -0.480401 -0.258605 0.619592 -0.568314 -0.676641 0.672534 -0.597154 -0.938366 0.062220 0.965792 -0.425339 -0.738425 -0.184836 -0.065785 0.232674 0.846970 -0.418844 0.671799 0.029109 0.908726 -0.608425 0.417487 -0.371220 0.958845
-0.067040 -0.402978 0.865045 0.834416 0.778342 -0.316342 -0.751725 0.055359 0.233167 0.769507 -0.790488 0.593988 0.733541 -0.748890 -0.300356 0.554115 -0.727679 -0.827538 0.149306 0.428590 -0.670910 -0.916491 -0.670751 0.375705 -0.732703 0.033142 -0.542062 -0.992825 -0.249870 -0.988721
0.915479 -0.059926 -0.041157 0.826888 0.735750 0.634358 -0.902754 -0.539177 0.638019 0.109172 -0.486051 -0.627309 0.055969 -0.416424 -0.136354 -0.350669 -0.620755 0.940234 -0.576982 0.509560 0.337921 -0.946434 -0.428631 0.570055 -0.439463 0.144222 -0.496943 -0.747040 -0.612001 0.857514
-0.129994 -0.615629 0.042924 0.528014 0.327383 -0.060287 -0.752099 -0.036490 0.521894 -0.004392 -0.235235 -0.893283 0.909113 -0.913033 -0.760785 0.125006 -0.395732 0.306681 0.415126 -0.413266 0.280527 0.202462 -0.744601 -0.424164 0.728715 0.663966 0.387595 0.757351 0.855611 -0.053553
-0.940217 0.912943 -0.181698 -0.769395 -0.287997 0.962482 -0.738952 0.103585 -0.493107 -0.463139 -0.462632 0.538943 0.386687 -0.995952 -0.425731 0.677774 0.160941 -0.889282 -0.944532 -0.631353 -0.436297 -0.395394 -0.876262 0.313885 0.905357 -0.276767 -0.792868 -0.757631 0.148519 0.489343
0.385046 0.712760 -0.882142 0.931699 -0.937388 0.484334 0.363305 0.543957 -0.707939 -0.375694 0.005726 0.168837 0.332460 -0.184805 -0.694232 -0.507223 -0.108223 0.129146 -0.235757 -0.114730 -0.373176 0.026959 0.148311 -0.554401 0.073902 -0.099165 -0.576674 -0.385753 -0.712064 -0.312686
0.425616 -0.100809 0.727780 -0.757766 -0.392444 -0.847432 -0.173156 0.587514 0.424306 0.123741 -0.377897 -0.670647 0.806346 -0.787326 -0.626485 -0.298533 0.840191 -0.313293 0.230555 -0.870910 -0.010124 -0.787282 0.011409 -0.527241 0.691853 0.912836 0.529924 -0.709297 -0.480504 0.064233
0.198568 -0.825213 0.050648 0.170375 -0.091819 0.978495 0.519811 0.320083 0.125058 0.594169 0.157451 0.872430 -0.457067 0.047181 0.675868 0.722905 -0.091370 -0.769464 -0.787329 0.327149 0.091715 0.721403 0.318129 -0.909287 0.715922 -0.207889 -0.764583 0.888046 -0.181764 0.307378
0.436789 0.288219 0.695064 0.953375 0.713352 0.801962 0.956315 -0.555404 -0.064532 -0.706886 -0.769139 0.501736 -0.911250 0.765585 -0.494035 0.281602 0.863756 -0.988583 -0.481978 -0.281831 0.760148 -0.776960 0.696846 -0.849195 0.543856 -0.392733 -0.687786 -0.541402 0.394990 -0.692722
-0.534866 0.810603 0.408045 0.035847 -0.588254 0.836915 0.021197 -0.191225 0.727044 -0.653071 0.505775 0.592262 -0.185700 -0.775652 -0.206736 0.218701 0.011994 0.487695 -0.277807 0.291682 0.452813 -0.622608 -0.297412 0.113072 0.904001 -0.757638 -0.028940 -0.378214 0.476749 0.643057
-0.965849 0.013097 -0.376489 -0.451347 -0.481159 -0.378867 0.864667 -0.887692 -0.073316 -0.613776 0.287124 0.646985 -0.099102 0.083710 0.056787 -0.596750 -0.787829 -0.261378 0.061150 -0.006891 -0.288082 -0.532632 -0.920053 -0.378358 0.990033 0.896874 0.872352 0.513849 0.115231 -0.861089
0.983618 0.281119 -0.773275 -0.453516 -0.528864 0.103784 0.466271 0.476594 -0.634655 0.316075 -0.055432 0.678605 -0.100138 -0.791803 0.771802 0.084468 0.236348 -0.268059 -0.176031 -0.453647 -0.675629 0.086718 -0.429947 -0.481657 -0.845829 0.637928 -0.068715 -0.252979 -0.424338 -0.123775
0.725903 -0.231299 -0.909811 0.115245 -0.214861 0.522566 -0.488333 -0.275177 0.551303 -0.104427 -0.466176 -0.287392 0.408147 -0.596902 0.917304 -0.624695 -0.953715 0.024922 -0.512928 0.974584 0.937506 0.196352 0.611718 0.994653 -0.617333 -0.347352 -0.084489 0.462700 0.723170 0.633011
-0.837907 0.887704 -0.221252 0.463681 -0.304342 -0.278293 0.817994 0.416164 -0.653859 0.911343 -0.036278 -0.910825 0.702059 -0.044536 0.409703 -0.394216 0.153479 -0.325060 -0.763738 0.217072 -0.985621 -0.844787 0.446832 -0.542252 -0.799683 0.551884 0.361256 0.203437 0.352159 0.492154
-0.228157 -0.148271 0.472486 0.421565 -0.145904 0.467092 -0.430283 0.630432 0.303891 -0.256412 0.401087 -0.723810 0.727834 -0.490346 0.918616 -0.470289 -0.357558 -0.397724 -0.615950 0.874436 -0.533708 0.006793 -0.854154 -0.645229 -0.102984 0.590648 -0.475778 0.171418 0.419458 0.902938
-0.034263 -0.006464 -0.037875 0.983758 0.818790 -0.802385 -0.379942 -0.234302 -0.445494 -0.405793 0.223956 0.053386 -0.689476 -0.133348 -0.311702 -0.816142 0.683193 -0.360965 0.540286 0.133929 0.097097 -0.144682 -0.546095 0.477336 0.266727 -0.206783 -0.681652 -0.224191 0.048070 -0.700144
-0.935314 0.114454 0.174533 0.211871 0.910665 0.723544 -0.479928 -0.068668 -0.819812 0.710201 0.390676 -0.725561 -0.095305 -0.202300 0.065373 0.425343 0.424449 0.687270 -0.807042 -0.170460 0.743015 0.432278 -0.122066 -0.798274 0.472674 0.804665 0.143117 0.471564 -0.867840 0.605609
0.409894 0.044428 0.387500 0.225377 0.125448 0.563236 -0.002060 -0.224309 -0.700771 -0.599456 0.304878 -0.756851 -0.585845 -0.198747 0.427877 0.571135 -0.131608 0.268648 0.220559 -0.388730 0.990536 -0.673102 -0.027557 0.721647 -0.825611 0.165391 -0.320616 -0.985945 -0.743009 0.186413
0.602828 0.573424 0.584122 -0.500822 -0.054914 -0.285605 -0.269677 -0.266410 -0.886143 0.189049 -0.901230 -0.547452 0.519872 0.680064 0.034041 -0.312853 0.927421 0.923117 -0.300162 -0.150843 -0.912430 0.282555 -0.381691 -0.200674 -0.111578 0.756358 0.949818 0.948199 0.295677 -0.085507
0.134287 0.002659 0.036540 -0.864332 0.097629 0.643621 -0.161680 -0.080988 0.156820 -0.936916 -0.984180 0.672553 -0.956283 -0.833612 -0.373603 -0.503159 0.077107 0.218984 0.603876 -0.793554 0.594255 0.079993 0.062524 0.151311 0.674987 0.522227 -0.602397 -0.915294 -0.024874 0.336105
0.128101 0.920979 -0.416959 -0.261874 0.147283 0.748628 -0.198797 -0.718839 -0.344996 0.208250 -0.012086 -0.190029 -0.184276 -0.946732 -0.137450 -0.458276 0.325576 -0.053157 -0.305464 0.460926 -0.882970 -0.897385 -0.161906 0.590741 0.715703 -0.284853 -0.751129 0.182414 0.222292 -0.004242
-0.174393 0.730700 -0.872070 0.496532 -0.714645 -0.946593 -0.005750 0.056616 -0.146528 0.063096 -0.462297 0.566018 0.071465 0.654608 -0.849575 0.523484 -0.505968 0.834524 0.244088 -0.470769 -0.701104 -0.550196 -0.161267 0.527642 -0.828447 0.223046 0.479465 0.163419 -0.340198 0.683493
-0.374135 0.782165 -0.874511 0.267178 0.084685 -0.135150 -0.625193 -0.353851 0.050754 -0.182607 -0.230916 0.465930 0.817627 -0.139684 0.554682 -0.057769 -0.529441 -0.295450 0.847824 -0.922888 0.748300 -0.649837 -0.751691 0.092794 0.087190 0.126289 -0.145549 -0.519130 -0.088279 0.732736
0.411449 0.475409 -0.200755 0.383433 0.736414 0.283480 -0.713476 -0.480152 -0.566282 0.500897 0.040906 -0.658874 -0.541417 -0.130805 0.106387 0.835934 -0.543981 0.678665 -0.071549 -0.078219 -0.038680 -0.761082 -0.371348 0.646723 0.096329 -0.383399 0.675498 -0.311267 -0.229791 0.799244
0.914344 -0.070899 -0.629181 0.092427 0.721125 -0.234566 0.567683 -0.304091 0.579169 0.125341 -0.981706 0.403622 0.664630 -0.719594 0.197911 0.211219 0.877928 0.319491 0.840604 -0.591735 0.400315 -0.428476 -0.393489 -0.206960 0.622549 0.153123 -0.681905 0.822795 0.307331 -0.824620
-0.047076 -0.755046 -0.760873 0.704172 -0.076984 0.264645 0.961800 -0.240274 0.649861 0.690068 -0.809011 0.533925 -0.014464 0.805456 -0.265667 -0.462710 -0.095623 -0.046344 -0.397029 -0.307368 0.243647 0.760775 -0.512360 0.219912 0.562265 0.181031 0.149108 -0.662960 0.160229 -0.447602
-0.421122 -0.271629 0.374125 0.533908 0.138138 -0.516288 -0.048351 -0.102932 -0.908044 -0.191052 0.210299 0.512894 -0.386014 -0.117745 -0.487842 -0.538590 0.797566 -0.696545 -0.115746 -0.310524 -0.957096 0.926563 0.847217 0.329926 -0.614600 0.128519 0.739897 0.057115 0.514547 -0.550222
0.957611 -0.662807 0.513967 0.090382 -0.168998 0.343263 0.843850 -0.063882 -0.003940 -0.181026 -0.535742 -0.122576 -0.312251 -0.940729 0.909264 -0.398512 0.112927 -0.908416 0.936061 -0.648255 -0.170437 -0.805659 -0.796085 0.159480 -0.478872 -0.712332 -0.221064 -0.055208 -0.196613 -0.032090
0.744006 0.647220 -0.291732 0.569364 -0.907157 0.678314 0.941199 0.245072 -0.659167 -0.083667 0.724233 0.368830 0.620097 0.994083 0.762273 -0.282807 -0.771745 0.001932 -0.644813 -0.827041 -0.647790 0.104494 0.975338 -0.075090 -0.899861 0.960495 0.256495 -0.658929 0.735724 0.925894
0.770120 0.868463 0.026326 -0.621815 -0.587655 -0.906266 0.727397 -0.960749 0.423827 -0.601678 -0.177157 -0.322478 0.404249 -0.360571 0.433815 -0.783128 -0.486710 0.833212 -0.986598 0.018863 0.613173 -0.438611 0.129425 -0.645499 -0.574008 -0.609303 -0.909900 0.556660 0.785625 -0.385525
0.478762 0.472113 -0.164565 -0.034300 0.028039 -0.045199 0.172024 -0.647588 0.104053 -0.712010 -0.509928 -0.915535 -0.286088 0.079168 0.134852 0.883582 0.484803 -0.467852 -0.270778 0.102829 -0.022344 0.969287 0.489994 -0.391972 0.606181 0.452827 0.804626 -0.928670 -0.677306 0.392133
-0.021000 0.137267 0.556325 -0.676688 0.192779 0.815214 0.284166 -0.838168 0.417694 0.910090 0.254925 -0.975349 -0.315101 -0.480656 0.499959 0.621496 0.002123 -0.997473 0.812302 -0.576635 0.098459 -0.680275 -0.189911 -0.677179 0.103769 0.451429 -0.364204 -0.831760 -0.887169 0.995961
0.078429 -0.675774 -0.264791 -0.251354 0.269111 0.354622 0.394765 -0.931932 0.299391 -0.324439 0.084769 0.770846 -0.638618 0.502551 -0.795272 0.405147 0.383549 0.698860 0.131041 -0.764529 0.388592 -0.820092 -0.499839 0.677111 0.538488 -0.854315 0.380972 0.764580 0.434195 -0.470722
0.976909 -0.523552 0.173478 -0.554131 0.790478 -0.071879 0.933705 -0.860073 -0.629835 -0.858838 -0.749113 0.847346 -0.151164 0.813435 -0.461302 -0.164372 0.673917 -0.988572 -0.710518 0.361215 -0.431731 0.358973 0.876537 -0.686035 0.130922 -0.311567 0.960260 0.397251 -0.120109 0.246252
0.937985 0.206375 0.560690 0.326736 -0.107544 0.901393 -0.280521 -0.386881 -0.635569 0.279381 0.742924 -0.829110 0.277995 -0.036153 0.521532 -0.615190 -0.561308 0.559077 -0.560410 0.863428 0.663252 0.802706 -0.131421 -0.804999 -0.071267 0.989543 0.942587 0.693989 0.564826 -0.194818
-0.673617 -0.279007 -0.976177 0.728755 -0.696576 -0.618367 -0.583362 0.426834 -0.620567 -0.710878 -0.013718 0.183861 0.182757 0.366205 -0.614307 -0.829263 0.257104 0.640359 -0.434166 0.999180 0.055197 0.258159 0.870829 0.713272 0.949510 0.605146 0.379638 0.888442 -0.862901 0.669060
0.293762 -0.827420 0.019393 0.180950 -0.709444 0.654019 0.993423 0.561951 -0.914816 -0.209947 -0.400397 0.314254 -0.351272 0.430272 0.069168 0.778787 0.476858 -0.016831 0.202035 0.884950 -0.706294 -0.571275 -0.691792 0.590679 -0.897806 0.725967 -0.800603 0.019377 -0.031140 0.933259
0.891689 -0.344697 0.467033 -0.766095 -0.400612 0.265819 -0.358753 -0.090704 -0.485293 -0.935576 -0.620467 -0.912246 -0.077368 -0.988526 0.069466 -0.700281 0.015188 -0.054908 -0.943982 0.686105 -0.037063 0.116223 0.276563 -0.072380 -0.906449 -0.388542 -0.449309 0.782575 -0.695480 -0.819179
-0.863925 -0.492288 0.696830 0.853099 -0.032141 -0.923683 -0.817984 0.223527 0.118949 -0.969891 -0.439465 -0.871026 0.879331 0.413196 0.385744 0.352320 0.836190 -0.090322 0.455150 0.265606 0.918862 -0.095282 -0.906431 0.924510 -0.888198 -0.631457 0.198052 -0.651916 0.144729 0.549826
0.379759 0.375475 0.153232 0.815219 0.411353 0.704287 -0.135678 -0.066986 -0.407981 0.608148 0.112386 0.984857 -0.327718 0.514686 0.313558 -0.264685 0.817390 -0.666361 -0.974130 -0.799769 0.221091 0.731303 0.967721 0.653564 0.901445 0.151352 -0.096065 -0.361167 0.270786 0.854017
0.554034 0.991199 0.009721 0.874187 0.846463 -0.847597 -0.260514 0.913632 -0.929613 -0.305139 0.689413 0.734141 0.073914 0.901398 0.597974 0.295725 0.323437 -0.798598 -0.839435 0.110136 -0.490904 0.328486 -0.937389 -0.300820 -0.154126 0.062695 -0.205186 0.452496 0.610138 0.192313
-0.280064 0.321433 0.556681 0.724610 0.564187 -0.093253 0.848305 -0.396444 0.395615 0.225510 -0.145694 0.179083 0.005822 0.141118 0.155765 -0.270151 -0.002820 0.549473 -0.637310 0.382199 0.255155 -0.781112 -0.038609 -0.064776 0.245849 0.017357 0.454379 0.152876 0.877870 -0.966788
-0.457526 0.817548 0.852263 -0.966993 0.515824 0.777960 -0.824351 -0.099384 -0.641148 -0.436986 -0.544451 0.384159 0.712112 0.083693 0.023397 -0.731373 0.997405 0.726876 -0.657970 0.344049 0.591894 0.308118 -0.208033 0.763438 0.118616 0.256384 0.891348 0.413251 0.353623 0.598892
-0.706691 -0.451482 0.706812 -0.324259 -0.016713 0.384967 0.106270 -0.273232 0.018497 -0.040604 0.585445 -0.417032 -0.761951 -0.086262 0.543373 -0.777685 0.596266 0.480651 0.341102 -0.038531 -0.463966 -0.441325 -0.485663 -0.453115 -0.537761 -0.294184 0.571359 0.340357 0.833311 -0.070336
-0.414923 -0.133699 -0.361995 -0.341993 -0.933389 0.266279 0.633627 0.351800 0.451261 -0.676944 -0.935882 -0.719746 0.839686 0.896753 0.476884 -0.160914 0.289993 -0.209622 0.421134 -0.488651 -0.862800 -0.905993 -0.099005 0.716793 -0.257488 0.811296 0.286342 -0.704384 0.089867 -0.009739
-0.383488 -0.479593 -0.765480 -0.678511 0.668542 0.639759 0.034302 -0.505767 0.717236 0.718950 0.433623 0.765204 -0.882995 0.332750 -0.434787 0.738469 0.320314 0.860311 -0.220922 -0.907201 0.142556 -0.264736 -0.435171 0.528114 -0.202947 -0.087779 -0.564861 -0.143673 0.916679 -0.402149
-0.342823 -0.398565 -0.068864 -0.242518 -0.885684 0.728287 0.274724 0.603682 -0.269823 0.086335 0.898889 -0.110799 -0.618263 -0.902723 0.113866 0.905804 -0.242087 -0.566816 -0.819278 0.506543 -0.756557 -0.075896 0.889251 0.766275 0.089548 -0.074040 0.861216 -0.014561 0.266991 0.382386
0.167563 0.471075 -0.224877 0.541762 0.332557 -0.450143 -0.430769 -0.080541 -0.420754 0.207229 -0.790719 0.603867 0.082408 -0.255653 -0.283014 -0.162770 0.676556 -0.786941 -0.897911 0.788670 -0.053224 -0.927965 -0.106548 0.031486 0.468548 -0.207053 0.955016 -0.544691 -0.597888 -0.367585
0.804336 -0.423960 -0.717662 -0.395809 0.338841 -0.656495 0.431060 0.378649 -0.812674 0.373377 -0.379160 0.907533 0.530650 -0.947183 -0.797408 0.343596 -0.591418 -0.294699 -0.263900 0.338106 -0.618660 -0.679536 0.563269 -0.657416 0.554356 0.218556 -0.685926 0.577653 -0.748815 0.607942
0.832270 -0.255238 -0.081727 0.099008 0.873706 0.441511 0.888570 0.151268 -0.762645 0.535786 0.136714 0.282846 0.048550 -0.685602 -0.209205 -0.216488 -0.873456 -0.060903 0.908351 0.109827 0.217468 -0.396518 -0.624765 0.828629 0.735436 0.468850 -0.607473 0.941970 -0.418214 -0.942502
0.052747 -0.294299 -0.187563 0.004968 0.995379 -0.922145 0.451392 0.748991 -0.838347 0.533815 0.763061 0.297531 0.307280 0.670807 0.464709 0.007735 -0.808974 -0.939916 0.327139 0.123675 0.123356 0.232589 0.928797 -0.095174 -0.709643 0.280578 0.669178 0.569412 0.875768 -0.503369
-0.103325 -0.434595 0.519457 -0.897196 0.173488 0.825409 -0.237878 -0.777086 -0.372346 -0.734334 -0.702979 -0.108447 0.645953 -0.333869 -0.763242 -0.092407 -0.073294 -0.637472 0.247613 -0.057174 -0.960151 0.353052 -0.487141 -0.126199 0.704137 0.433137 -0.073312 0.876458 0.774864 -0.781912
-0.799132 0.030485 -0.175864 -0.389135 0.825037 -0.958942 -0.979729 -0.567437 0.244509 0.019306 -0.402678 -0.751303 -0.268789 -0.895738 0.594296 0.036258 0.992038 -0.255507 0.099557 -0.781935 0.010402 -0.856753 0.395399 -0.240094 -0.644545 0.231543 0.011595 -0.271170 0.495968 0.144381
-0.790454 0.333316 0.615570 -0.812987 0.098676 0.624840 0.370545 0.884480 -0.233635 0.955802 -0.597707 -0.632051 0.707618 0.442909 0.147827 0.466872 -0.168566 -0.040974 -0.675258 0.845993 0.670911 0.784514 0.824725 0.135718 0.227499 -0.178947 0.869784 0.506687 -0.316178 0.470664
-0.329763 -0.787837 0.386487 0.497479 0.825915 -0.779165 -0.456768 -0.083252 0.177270 0.630710 -0.258729 0.155110 0.289807 0.609963 0.269960 0.462290 0.820304 0.786727 -0.187202 -0.968563 -0.249725 0.695800 0.385872 0.378824 -0.127449 -0.401350 0.616033 -0.217553 0.969442 0.548346
0.012315 0.890968 -0.808816 -0.413924 0.416902 -0.324274 0.422086 -0.558418 0.875910 -0.313190 -0.097291 0.331106 -0.791048 -0.055121 0.041464 -0.482146 0.604857 0.195247 0.674746 0.657149 0.005094 0.477071 -0.016566 -0.395333 -0.744603 0.661889 -0.041533 -0.159918 0.603852 -0.552255

Bias v0 (Oculta):
-0.606477
-0.021886
-0.313676
-0.508370
0.941758
-0.747981
-0.604109
0.056518
0.132727
0.730501
0.988783
-0.080449
0.826330
-0.834809
0.610810
-0.239577
-0.752123
-0.737082
0.952920
-0.340895
-0.595576
0.573809
-0.154231
0.735025
-0.508786
-0.775003
-0.231803
0.363891
0.516510
-0.710896

Pesos w (Oculta -> Saída):
-0.047876 -0.744566
0.933150 0.560344
0.032905 0.180761
-0.070979 0.617860
-0.302498 0.016514
0.353641 0.148401
0.159341 0.607360
-0.914998 0.596752
0.156912 0.204722
0.110911 -0.636406
0.580907 0.997002
0.266391 0.392685
-0.184916 0.832636
0.319815 -0.367847
-0.342616 0.016264
-0.371959 0.319882
0.658943 -0.501903
-0.528185 -0.707415
0.622938 -0.083241
-0.906554 -0.392593
0.788163 0.723387
-0.820991 -0.650320
0.266569 -0.500309
0.478560 0.679995
0.111849 0.730746
-0.369813 -0.471343
-0.686245 0.221533
0.108564 -0.945592
-0.574422 -0.124039
0.205464 -0.333917

Bias w0 (Saída):
-0.261927
0.587319
