Pesos v (Entrada -> Oculta):
0.606590 -0.272152 0.486174 -0.806499 -0.322206 -0.660696 -0.485371 -0.505330 -0.892586 0.351894 0.167352 0.465449 -0.439593 0.563059 0.326005 0.507600 -0.137126 -0.351488 -0.086354 -0.276508 0.653242 0.067077 0.366420 0.153292 0.792507 -0.433678 -0.567133 0.001022 0.052843 0.926960 -0.297380 0.632842 0.433189 0.673030 -0.046793 0.231164 0.708800 -0.713451 -0.714391 0.344859 0.846657 -0.532625 -0.312654 -0.424226 -0.873800 -0.778554 0.485450 -0.188314 -0.493396 -0.256854
-0.698690 0.387804 -0.018503 0.735463 0.841207 -0.437491 0.456101 0.061838 -0.492219 0.287607 0.249496 -0.537190 -0.945253 0.117470 0.445500 -0.096100 0.033103 0.569699 -0.408547 -0.831115 0.154042 0.851482 0.863265 -0.501020 -0.332628 -0.896369 0.542498 0.696493 -0.377141 0.277519 0.675364 0.777453 0.368278 -0.760143 -0.253771 0.045585 -0.050047 -0.889965 -0.831827 0.957601 -0.313605 0.097738 0.138906 0.577744 0.727909 0.558650 -0.313014 -0.351020 -0.940330 -0.364694
0.610270 -0.699312 -0.926022 -0.803356 -0.530940 0.560988 0.051584 -0.753004 0.806753 0.116421 0.591958 0.827102 -0.776097 0.913982 0.129831 0.773873 0.861851 -0.361710 0.001922 -0.280234 0.185836 0.827478 0.897121 0.157293 0.870365 -0.182137 0.438054 -0.436641 -0.741789 0.131373 0.752246 0.319663 -0.337776 0.108532 0.642660 -0.213123 -0.140042 0.708833 -0.171189 0.903841 -0.715302 -0.502431 -0.532192 0.882068 0.016794 -0.540915 0.440158 0.202499 0.200113 0.032808
0.802339 -0.744416 0.927698 -0.735712 0.636943 0.865934 -0.164937 -0.713838 0.210795 -0.282795 -0.085511 0.831024 -0.802699 -0.510533 0.536473 -0.772752 0.454695 0.597903 -0.710316 0.676023 0.613727 0.651735 0.956350 0.298752 0.130272 0.195760 0.744411 0.351290 -0.897401 -0.395440 -0.314681 -0.262148 -0.545828 0.553221 -0.195738 -0.877504 0.797320 0.223830 -0.800200 -0.841402 -0.128494 0.224313 -0.964950 -0.500604 0.366375 -0.472290 -0.809997 0.014320 -0.765849 -0.939836
-0.894113 -0.497050 -0.392254 -0.388236 -0.665427 -0.426569 0.314881 0.592694 0.286047 -0.790921 0.428125 -0.626138 -0.685618 -0.672083 -0.590431 -0.557145 -0.052749 0.546136 0.112793 -0.652261 -0.419535 0.392683 0.285002 -0.599135 0.314704 -0.980702 -0.370134 0.704428 0.666087 0.028047 0.257248 0.313047 -0.139864 0.867488 -0.735639 0.257942 0.652504 0.749216 -0.216640 0.260416 0.873141 0.701149 0.832365 0.158205 0.742091 -0.593358 0.508253 -0.438099 0.460761 -0.735044
-0.108073 -0.229456 0.732649 0.910109 0.349319 -0.591522 0.773555 0.206044 0.549488 -0.257485 0.007687 0.161862 0.080734 0.945705 -0.189968 -0.262902 0.511384 -0.831984 0.590270 0.187450 0.236580 -0.763425 0.842696 0.182651 0.672270 -0.260430 -0.527894 0.105640 -0.529909 0.349827 0.674030 0.748002 -0.730070 0.862104 -0.740545 -0.009676 0.086671 -0.689022 -0.474412 -0.044972 0.736217 -0.446433 0.908276 0.808364 0.484001 -0.780222 -0.807966 0.923444 -0.555629 0.151067
0.470661 0.768524 0.790687 0.652488 0.443298 0.238370 0.759203 -0.685189 0.227282 -0.561884 -0.343374 0.009062 -0.367376 0.963489 0.149377 0.909324 -0.484041 0.494429 0.102827 0.454333 0.384176 -0.116165 0.761531 -0.221227 0.878096 -0.636276 -0.132925 0.441209 0.881473 -0.664676 0.564320 0.038978 0.040412 -0.715497 -0.838793 -0.550124 -0.392650 0.210924 -0.461274 0.679131 -0.275840 0.311455 -0.078091 0.022295 0.886932 0.022953 -0.662679 -0.528679 0.661819 -0.577094
0.450559 0.637221 0.418089 0.978484 0.545840 -0.518901 -0.050204 -0.366958 0.574470 -0.854348 -0.449317 -0.752826 0.067102 -0.506761 -0.222372 0.165704 0.282808 0.911495 0.815182 0.044232 -0.812605 -0.069761 -0.920237 -0.696231 0.173258 0.184191 -0.882639 0.085429 -0.428502 0.930421 -0.938554 0.048625 -0.955002 -0.251182 -0.218933 0.373666 0.245310 0.535613 0.072323 0.096354 0.754776 -0.532849 -0.896697 -0.463296 0.509139 0.349905 -0.211955 0.941717 -0.437147 0.801775
0.152180 0.781985 -0.702422 -0.483681 -0.927727 -0.520472 0.115687 -0.317519 0.807180 0.925412 0.478845 -0.969333 -0.553324 0.525520 0.140345 0.251464 0.381128 0.837376 -0.682541 -0.118166 -0.065270 -0.811538 -0.282263 -0.384775 0.200768 0.876873 -0.780122 -0.409478 -0.717252 0.353201 -0.759049 -0.606564 -0.337749 0.248314 0.063046 -0.858801 -0.846554 -0.995547 -0.688855 -0.252475 -0.598105 0.210262 0.694299 -0.319580 -0.606126 -0.887090 -0.637467 0.875956 -0.890342 -0.615381
-0.160190 0.795431 0.325323 -0.017004 -0.657662 -0.394952 0.154681 0.037165 0.768020 -0.244683 -0.100116 0.505522 -0.138425 -0.013519 0.682280 0.035225 0.123177 0.028594 -0.039535 0.795355 0.408541 0.384883 0.970811 0.793088 -0.448411 0.864413 0.842194 -0.761245 -0.003683 -0.948508 -0.747982 0.067199 0.525576 -0.593915 -0.106300 0.777534 -0.374036 -0.381104 0.684118 0.768308 -0.277897 -0.688214 0.733463 0.422815 0.443615 -0.790625 -0.988121 0.149398 -0.763734 -0.765442
0.162412 0.807444 -0.512145 -0.910997 -0.996571 0.526634 -0.516340 -0.567341 -0.112789 -0.911557 0.756292 -0.177897 0.543319 -0.084903 0.688734 0.395243 -0.605271 0.219645 0.620295 0.687723 -0.526588 -0.977507 0.161544 0.536815 -0.083587 -0.240865 0.676698 -0.465416 0.547045 -0.746247 -0.456159 -0.333042 -0.687464 0.062291 -0.627140 0.547188 -0.797320 -0.400420 -0.943583 0.119689 -0.806300 0.293890 0.697751 0.910185 0.523038 -0.931645 0.900636 -0.302408 0.068433 0.392827
0.014666 0.817598 -0.995957 0.773297 -0.769411 -0.331274 0.641155 0.404247 0.623953 -0.623137 -0.851712 0.124444 0.373533 -0.900941 -0.773855 -0.113186 -0.844744 0.944469 0.284356 0.426906 0.548623 0.292325 -0.085968 -0.415814 -0.773839 0.153416 -0.097506 0.502963 -0.701159 -0.899385 -0.647041 0.182036 0.462520 -0.396690 0.166100 0.763934 0.404532 0.713497 0.513569 0.595352 0.969527 0.152857 -0.210118 -0.025411 0.365795 -0.786923 0.842734 -0.250627 0.283524 0.526236
-0.402497 -0.947953 -0.594556 -0.895651 0.366033 0.702963 -0.884163 -0.050205 0.799101 0.820266 -0.308091 0.250088 -0.323675 0.280455 0.561277 -0.740994 0.403244 0.157353 0.672902 0.544115 0.050012 -0.509692 -0.293926 -0.612663 0.656845 0.521685 -0.183769 -0.627923 -0.450976 0.725020 -0.852063 0.714090 -0.470504 -0.004880 0.642619 -0.207365 0.141339 -0.032417 0.182956 -0.951840 0.372933 -0.561535 0.254181 0.103219 0.048440 -0.427833 0.260341 -0.994156 -0.387703 0.791706
0.960824 0.689262 -0.960534 -0.390192 0.943006 -0.075008 -0.321145 0.150067 -0.276010 -0.824881 0.047347 -0.091867 0.659497 -0.394363 -0.776518 -0.361795 -0.928349 0.841872 0.602739 -0.486573 0.832561 0.522876 0.247702 -0.426904 0.973572 0.229166 0.393340 0.287048 -0.594855 0.375169 0.276601 0.790502 -0.202240 0.855172 -0.541958 0.570232 0.308893 0.908968 0.191943 0.854709 0.954379 0.102876 -0.403695 -0.917884 0.503837 0.258451 0.029819 0.319208 0.714421 -0.863746
-0.070185 0.460424 -0.134055 0.947299 -0.657237 -0.843325 0.273028 0.570197 -0.786327 -0.335114 -0.784104 0.633218 0.834309 -0.849010 -0.942947 -0.309236 -0.127543 0.442390 -0.681940 0.935232 0.754712 -0.043699 0.902026 -0.550947 -0.918321 0.295207 -0.170821 -0.666900 -0.578457 0.954992 0.209342 0.060771 0.888911 0.274228 -0.802611 0.710136 0.840041 -0.194250 -0.248493 -0.367620 -0.598606 0.431519 0.590166 -0.195252 0.193623 0.678165 0.503495 0.633756 -0.026889 -0.118329
0.799357 0.656171 -0.703110 -0.159331 -0.200651 -0.095235 0.895312 -0.166926 -0.534653 0.436618 0.622305 0.357724 0.825612 0.183362 0.483657 0.275857 -0.913906 -0.971002 0.907554 0.739105 -0.418187 0.144269 0.791340 0.406916 -0.956769 -0.306903 -0.138602 0.091683 0.587669 -0.161622 -0.495896 -0.103745 -0.855781 0.897618 -0.177083 -0.652526 0.001961 -0.805280 -0.336243 -0.333884 0.584329 -0.510710 0.215408 -0.624395 0.728535 0.073309 0.198284 -0.664839 0.776734 0.275136
0.434003 -0.381107 0.347508 -0.651458 0.137051 -0.580361 -0.633443 0.883000 0.827739 0.892484 -0.141898 0.362910 -0.840796 0.689676 0.844662 -0.400332 0.583223 -0.351637 -0.837147 0.917617 -0.559668 0.007087 -0.020092 -0.464426 0.842778 -0.565162 0.810391 0.537980 0.456805 0.304579 0.084906 0.303306 -0.240859 -0.032941 0.422636 -0.660143 0.203361 -0.481589 -0.908846 0.539387 0.131343 -0.096835 0.879634 0.603877 -0.414634 -0.177730 -0.105590 0.270136 -0.003894 0.240360
-0.251587 -0.765289 -0.156677 0.500812 0.939015 -0.912999 -0.970345 0.530961 0.538181 0.407330 0.844000 0.448482 0.156280 -0.006886 0.438064 -0.389426 -0.871826 0.921241 0.194343 0.846371 -0.883221 0.639833 0.126499 0.829771 -0.133926 0.876304 -0.711516 0.580210 -0.189778 0.937436 -0.216054 -0.907572 -0.043274 -0.166181 -0.317682 -0.691713 0.812015 -0.045761 0.042819 -0.661595 -0.492470 -0.733224 0.768509 0.901321 0.341909 -0.236985 -0.348130 0.370778 -0.965463 0.064668
0.366179 0.992363 -0.371523 -0.365602 0.061281 0.943022 0.753603 -0.014306 0.332195 -0.740511 -0.364481 -0.381694 0.110719 -0.767687 0.084994 0.156978 -0.792408 0.803898 -0.565848 -0.473264 -0.442151 -0.541343 0.863296 -0.606041 -0.905866 -0.593108 0.144250 0.642432 -0.014428 0.118259 -0.265670 -0.246954 0.820392 -0.390610 -0.112177 0.535229 -0.923134 -0.977673 -0.051465 0.509758 -0.450869 0.156432 -0.492736 0.635991 -0.580909 -0.201278 0.397539 -0.542332 -0.935739 -0.385180
0.729782 0.625506 -0.705380 -0.033816 0.551566 -0.249445 -0.475915 0.899153 -0.829436 0.056699 0.863574 -0.105944 0.867190 0.690708 0.985528 -0.989076 -0.361697 0.405103 0.915843 0.988857 0.929575 -0.875899 0.910708 0.024442 -0.107815 0.216362 -0.609337 0.971034 -0.963441 -0.434454 0.406282 -0.297439 -0.908600 0.493382 -0.265246 -0.491133 -0.004777 -0.431899 0.566628 -0.236160 -0.725128 0.738842 0.416170 0.340286 -0.171990 -0.981087 0.649952 0.071280 -0.173714 -0.699166
-0.451571 -0.323107 -0.218094 -0.149030 -0.408478 0.492958 0.479518 -0.599118 0.938426 -0.364286 0.691250 0.147540 0.209683 0.245122 -0.877147 -0.903010 0.503099 -0.328454 0.021493 0.974684 0.385922 -0.409871 -0.811867 0.406943 0.705694 0.182573 -0.393100 -0.449125 0.528245 -0.395701 0.107178 -0.212061 0.775799 -0.044953 0.006930 -0.228637 0.105711 -0.700775 0.943640 0.701500 0.975443 -0.669695 0.323956 0.257821 0.513485 -0.558215 0.324702 0.251176 -0.080199 0.378449
0.861202 0.736273 -0.667712 -0.937580 0.329935 -0.974256 -0.511607 0.961907 -0.449509 -0.956014 -0.661731 -0.579783 -0.079579 -0.560966 -0.946757 0.996297 -0.136732 -0.308373 -0.868362 -0.958871 0.410233 -0.771268 -0.657261 -0.822030 0.388853 -0.254189 0.429107 0.658623 0.603567 0.624007 0.572430 -0.182470 -0.673070 -0.619289 -0.662887 -0.288616 -0.455336 0.307200 0.882647 0.190259 -0.442215 0.904163 -0.502294 0.205250 -0.318790 -0.823892 0.790637 0.500039 -0.208346 0.166412
-0.103425 -0.621208 -0.299253 -0.198507 0.689940 -0.190503 0.597597 -0.537194 0.137581 0.921115 -0.162287 -0.465861 0.233907 0.312398 -0.871004 -0.217104 0.377588 -0.611222 -0.008864 -0.680460 0.886472 -0.163631 -0.012128 -0.764409 0.142433 -0.251735 -0.462390 0.547331 0.043660 -0.371742 -0.967462 -0.432940 0.760984 -0.829645 -0.869781 0.092011 0.434994 0.101952 -0.202721 0.741196 -0.940379 -0.702438 0.816408 -0.259534 -0.547897 -0.554664 0.415183 0.740546 -0.170423 -0.415854
-0.444281 -0.492214 -0.980149 0.416976 0.502687 0.677775 -0.721734 -0.480875 0.144864 -0.703409 -0.942599 -0.863776 0.217341 0.623921 -0.575759 0.350695 -0.564392 -0.001067 0.999536 -0.104872 -0.559986 -0.746994 0.051022 -0.907644 -0.622426 -0.635058 0.772225 0.905959 -0.191877 0.157032 0.570053 0.679619 -0.861855 -0.898958 -0.461047 -0.618006 -0.691101 0.821718 -0.612070 -0.107811 -0.345548 0.892052 0.925758 0.514454 0.683909 0.956898 -0.455823 -0.971053 -0.667487 0.995903
-0.573737 0.513707 0.414514 0.205198 0.771103 -0.456535 -0.403096 -0.994854 -0.533372 0.676488 0.063510 -0.893467 0.939973 0.706604 0.462495 -0.571981 -0.628859 0.466805 -0.110133 -0.376484 0.554250 0.591107 0.956564 0.396171 0.029441 0.969532 -0.326930 -0.688470 0.299811 0.567448 -0.670037 0.290626 -0.479704 -0.239291 -0.316295 -0.429737 0.117875 0.527800 0.333422 0.184392 0.708343 -0.064985 -0.642188 -0.865215 0.296923 -0.838813 0.567222 -0.899625 -0.414805 -0.169801
0.172004 0.176846 -0.890269 0.692619 -0.390737 -0.039771 0.411691 0.632844 0.431880 -0.631186 0.140537 0.197153 0.176521 0.888007 -0.615391 0.765117 0.001726 -0.247722 -0.226606 -0.602633 0.654569 -0.466124 -0.475224 -0.824990 -0.034362 -0.667754 -0.517307 0.367519 0.851928 -0.135467 0.584448 -0.289174 -0.441221 0.570382 -0.668471 0.341233 0.079888 0.004802 -0.588460 0.530869 0.755720 -0.899220 -0.283190 -0.368497 -0.447731 0.106502 -0.833544 -0.275885 0.936344 0.125717
-0.528815 -0.408909 -0.471739 -0.296456 0.066825 0.702029 0.194745 -0.711582 -0.808393 0.194527 0.394778 -0.043819 0.331729 -0.552817 0.211085 -0.062428 -0.251367 0.876220 -0.468526 0.766105 -0.783375 -0.674691 -0.442253 -0.657558 0.111748 -0.086854 -0.952246 0.690451 -0.527203 0.632760 0.797767 -0.559258 -0.104592 -0.612161 -0.592311 -0.710791 -0.440360 0.449872 -0.138440 -0.721690 0.674049 0.315463 -0.855154 -0.710732 0.275078 -0.419741 -0.457701 0.194425 -0.818971 -0.457156
0.429878 -0.417043 -0.365146 0.955146 -0.316251 -0.430726 -0.810312 -0.384057 0.367026 0.917502 0.117520 -0.871488 0.544789 0.054369 0.442103 0.761212 -0.660794 -0.712424 0.400108 0.487632 -0.907938 -0.416683 0.315059 -0.682270 0.929213 -0.737944 -0.694853 -0.410965 -0.452892 0.421529 -0.507004 0.567148 0.746469 -0.287618 0.214744 -0.635590 0.086238 -0.534260 0.169759 0.876244 0.451795 0.892191 -0.826458 -0.663542 -0.564367 -0.056408 0.414387 -0.401570 0.147564 0.440900
0.331603 -0.209469 0.447401 -0.404240 -0.984374 0.890557 0.096481 -0.776866 0.863032 0.931688 -0.328573 0.965291 -0.572794 0.820283 0.660608 0.975364 0.371015 -0.203827 0.096516 -0.197340 0.492057 -0.500574 0.755520 0.320381 0.225657 0.974309 0.887663 0.949756 -0.868646 -0.332217 -0.926152 0.545005 -0.130280 -0.667309 0.201508 -0.350211 0.429519 0.473181 0.591830 0.214547 0.545234 -0.805727 -0.338063 -0.600529 -0.819766 0.216008 0.805222 0.291358 0.999729 0.344805
-0.856783 -0.622461 0.354787 -0.397594 0.914635 0.422616 -0.986217 0.231824 -0.132841 -0.253764 -0.686501 -0.102498 -0.052041 0.851531 0.980602 0.926061 0.895205 0.047561 0.391201 -0.727454 0.727982 0.178651 0.264731 0.483279 -0.241172 0.454649 0.571720 0.814668 -0.195137 -0.522040 -0.697351 -0.648589 0.637928 -0.775399 -0.151885 -0.462673 -0.780117 0.487027 -0.883945 -0.535032 0.029805 0.691603 -0.929304 -0.765279 -0.685054 -0.042828 -0.491737 -0.880745 -0.596634 0.625799
0.865763 -0.891296 -0.203027 -0.183771 -0.772963 0.563009 -0.876285 -0.099899 0.665597 -0.612503 -0.488920 -0.250562 0.587776 0.957587 -0.922095 0.057238 0.602068 -0.971406 -0.634002 -0.605922 0.048334 -0.531878 0.668498 0.421851 -0.731386 0.811304 -0.926706 0.885498 -0.732917 0.834690 0.194919 -0.728421 0.107803 0.021243 -0.534639 0.570755 0.693659 0.902431 0.655262 0.908435 0.794837 -0.961855 0.316770 -0.761848 -0.105474 0.445396 0.514220 0.197067 -0.655450 -0.680988
-0.155283 -0.784646 -0.977191 0.060335 0.831737 0.568267 0.938753 0.604329 -0.598053 -0.344914 -0.556821 -0.450346 -0.548954 -0.922908 0.297166 0.899914 -0.143129 -0.058389 -0.599241 -0.076343 -0.052541 -0.976982 0.846903 0.988924 -0.420680 0.697718 0.104390 0.030305 0.640377 0.849427 -0.228505 0.959867 -0.417350 -0.799116 -0.660806 0.559339 0.133384 -0.091693 0.094178 -0.370585 -0.626320 0.611384 -0.152110 0.191015 0.289447 -0.095443 -0.037821 -0.858379 0.014248 -0.559489
-0.419048 -0.979563 -0.173088 -0.004430 0.154209 0.822972 -0.006210 -0.046048 0.793327 -0.830873 -0.391587 -0.276610 0.024816 0.996772 0.790424 -0.708563 0.211245 0.754409 -0.014313 0.333484 -0.609993 -0.430649 0.965412 -0.414333 0.869046 -0.343206 -0.091617 -0.539513 -0.356090 -0.102184 0.160195 0.379814 -0.040825 -0.418430 -0.530189 -0.220680 -0.248545 0.553621 0.229618 0.355155 -0.333828 -0.764796 -0.908775 -0.463176 -0.381897 0.329059 -0.498604 -0.521499 0.459417 0.093832
0.340117 -0.704581 -0.477054 0.065907 0.547539 0.329060 0.338413 -0.486152 0.489547 0.322254 0.550297 0.096369 -0.552958 0.646702 0.948591 -0.532288 0.435100 -0.369821 0.151141 -0.929123 -0.179434 -0.664506 -0.648810 -0.772513 0.609174 0.723132 0.606592 -0.703967 -0.736783 -0.966751 0.265248 0.095198 -0.964946 -0.747376 0.930827 -0.782981 -0.416025 -0.187771 -0.010255 0.049566 -0.547904 -0.540999 0.510006 0.692189 0.242232 0.332767 -0.270951 0.387038 -0.460965 0.150261
-0.245765 -0.294328 -0.914382 -0.157951 -0.497016 -0.935538 0.256034 -0.564063 0.257172 0.446916 0.418941 0.592607 0.174986 0.953130 -0.948543 -0.925445 -0.680338 -0.642542 -0.402934 -0.445147 -0.118435 -0.772995 -0.907930 0.920541 0.256180 0.045098 0.850445 0.698835 0.353175 0.568073 -0.204231 0.016120 -0.571410 -0.310525 0.515537 0.644165 0.524422 -0.285465 -0.826165 -0.511385 -0.492345 0.483750 -0.075743 0.997076 -0.151025 -0.518457 -0.434568 -0.939304 0.166591 0.662601
0.907213 0.149694 -0.513190 -0.626827 -0.632515 -0.365336 -0.502155 -0.571178 -0.383869 0.428751 -0.820571 0.554329 -0.684245 -0.488491 0.193397 -0.321136 -0.741928 -0.824740 -0.586346 -0.344501 -0.719536 0.518006 0.358487 -0.299385 0.069989 -0.102524 -0.569757 0.545395 -0.971561 0.624179 -0.397024 0.260916 0.148270 0.504705 0.601480 0.369603 -0.249439 -0.702431 -0.131272 0.372335 -0.681468 0.392524 -0.836856 -0.167980 0.961499 0.260889 -0.291779 0.440155 0.510124 0.317141
-0.683259 -0.352368 0.015478 0.688145 -0.709815 -0.207508 -0.970565 0.817070 0.398999 0.737491 0.701428 -0.704932 -0.213765 -0.811180 0.893185 -0.583971 0.423347 -0.144540 0.918242 -0.174613 0.278626 0.816718 0.886254 -0.088773 -0.731416 0.664384 0.016548 0.070405 0.982593 0.669130 0.961222 0.405466 -0.367123 -0.521918 0.822946 0.911917 0.917339 0.705880 0.837155 0.466913 0.712072 0.586114 0.633184 -0.667669 0.510396 0.884240 0.481009 0.488272 -0.116804 0.816994
0.004820 -0.932523 0.594761 0.299562 0.503808 0.797257 0.780112 0.337439 -0.114616 0.167821 -0.292242 -0.750415 -0.685706 0.033629 -0.639853 -0.906289 -0.007318 -0.662686 -0.744671 -0.157932 -0.202174 -0.376296 -0.632596 -0.884103 0.133989 -0.869547 0.196423 0.022032 -0.390809 0.138378 0.142219 -0.603253 0.076449 0.464735 0.077039 0.375867 0.383743 0.032360 0.644183 0.987959 0.440659 0.186777 -0.851928 -0.723930 -0.431961 -0.172438 -0.961706 -0.923330 0.504602 -0.450640
-0.710099 -0.444451 -0.850136 0.698414 -0.181672 -0.316749 0.918969 -0.145747 0.105967 -0.939764 0.914852 0.382332 -0.104594 -0.581124 0.372107 0.098123 0.949552 -0.254939 0.323436 -0.602273 0.432802 -0.856024 -0.973291 -0.975997 0.660435 -0.928448 -0.870314 0.699810 -0.502193 -0.156301 0.643769 -0.255227 0.106763 -0.819617 0.739738 0.951572 -0.151964 0.705319 0.334292 -0.628362 0.521655 0.243258 0.585491 0.249133 -0.281354 -0.754611 0.465999 -0.780809 0.214473 -0.020309
0.200299 0.246159 0.905513 -0.693549 -0.533734 0.214246 0.437290 0.294015 -0.192071 -0.236699 -0.883827 0.690030 0.402477 0.109134 -0.134668 -0.499714 0.916295 -0.154475 -0.050575 0.650749 -0.662044 -0.713201 0.504562 -0.349484 -0.261165 0.092984 0.296015 -0.002480 0.883225 0.248085 -0.584468 0.924897 0.363837 0.277813 0.165041 0.362246 -0.060644 0.311694 -0.190944 -0.774758 0.443297 0.386173 -0.737499 0.927033 -0.723224 -0.801066 -0.102785 0.801344 0.982705 0.939300
0.835135 0.669185 -0.098867 0.630292 -0.712647 -0.713458 -0.569375 -0.938752 0.062340 0.419921 -0.725395 0.343351 -0.624010 -0.727387 -0.113253 0.988196 -0.135800 0.822042 0.205912 0.397145 -0.572086 -0.164344 0.717949 0.817060 0.314750 -0.469075 -0.042416 -0.463327 -0.167802 0.953291 -0.136937 -0.122208 0.993164 0.213734 0.252572 -0.114159 0.569969 0.502786 -0.237633 0.415922 0.574191 0.075586 0.004805 -0.890796 -0.754778 0.143138 -0.726508 0.838725 0.815427 -0.980048
0.582123 0.184616 0.847638 0.596849 -0.146237 -0.436956 -0.562557 -0.733783 0.758258 0.248436 0.229803 0.867828 -0.490415 -0.220294 -0.107106 -0.372375 -0.219383 -0.574646 0.093180 -0.680178 -0.402557 0.954595 0.346066 -0.698099 0.948392 0.229615 0.590429 0.873027 -0.046989 -0.653827 0.228776 -0.111247 -0.292127 -0.024697 -0.643385 0.624635 -0.051896 0.631552 0.899921 -0.087949 0.506241 0.768284 0.497533 -0.845374 -0.958473 -0.551666 0.733241 -0.174281 -0.775071 0.702193
-0.664668 -0.874084 -0.833768 -0.374521 -0.664220 -0.363082 0.690854 -0.324200 -0.492010 -0.088954 -0.942438 0.960811 0.269622 0.942452 0.952885 0.949424 -0.920104 -0.942980 0.891209 -0.741434 0.816875 0.905907 -0.312139 -0.661672 0.181700 0.245968 -0.545025 -0.693831 0.345800 0.926068 0.775405 -0.154572 -0.269740 0.596604 0.073133 -0.533404 0.453641 -0.635321 -0.530013 -0.391479 0.423452 -0.186934 -0.756272 -0.343232 0.263560 0.186333 0.916542 0.975912 -0.057596 -0.727416
0.310860 -0.290855 0.968474 -0.703298 -0.186426 0.057794 0.707740 0.443609 -0.331857 0.043598 -0.231942 -0.102799 -0.612889 0.958796 -0.221147 -0.857365 0.723520 -0.300659 -0.521675 -0.631325 0.312082 -0.129410 0.356256 -0.930005 -0.072715 -0.030671 0.932234 -0.413304 0.209063 -0.811266 -0.853875 0.331911 0.298426 0.497822 0.002056 0.927376 0.832242 -0.241623 -0.140180 -0.964933 -0.858716 0.692346 0.505755 0.625608 -0.114100 0.083516 0.539814 -0.093904 -0.659776 -0.604540
0.632270 -0.641867 -0.357399 0.984734 -0.901539 0.738093 0.697369 0.767059 0.690234 -0.805993 -0.604637 0.277384 0.254050 0.861459 0.807714 0.210026 0.070306 -0.579140 0.011281 0.088498 -0.917235 -0.725357 -0.312268 -0.053695 0.485583 0.117937 -0.374398 0.703289 0.064714 -0.326923 -0.623432 0.920629 0.226078 -0.432544 -0.321361 -0.980584 0.840354 0.775979 0.631608 -0.278757 -0.587971 0.116648 -0.338938 0.084230 0.204946 0.984501 -0.120580 -0.610455 -0.914544 -0.958851
-0.179280 0.140373 0.427837 0.624960 0.984029 0.938113 0.540605 -0.087946 0.272658 0.816867 -0.047286 -0.350856 0.227635 -0.333728 -0.687600 -0.265475 0.457146 0.375134 0.850448 0.351625 -0.160878 0.117776 -0.693693 0.696452 0.440822 -0.336803 -0.697237 -0.799467 0.000923 -0.807607 0.818641 0.041257 -0.699303 -0.013434 0.213163 0.951224 -0.221859 0.409405 -0.066678 0.892714 0.948209 0.081698 -0.327345 0.297819 0.361001 -0.584769 -0.383669 0.694151 0.616769 -0.068423
0.161126 0.357314 -0.753832 -0.630443 0.288202 0.493737 0.659566 0.419029 0.772927 0.105304 -0.654175 0.460459 -0.948840 0.308140 -0.008179 0.913863 0.402080 0.619123 -0.747048 0.631706 0.821539 -0.314665 0.761281 -0.838035 0.236072 -0.691503 -0.714789 0.612709 -0.974729 0.718888 0.040960 -0.456069 0.337113 0.912468 -0.130997 0.760836 0.898723 -0.930316 -0.222613 -0.681475 0.275735 0.546199 0.921470 0.744238 -0.099446 -0.511254 0.840767 0.109159 -0.891241 -0.981419
0.812094 -0.072701 0.688414 -0.359694 0.949546 0.700077 -0.007175 0.234181 0.098495 -0.277446 -0.059591 -0.046233 -0.094106 0.661372 -0.671327 -0.001983 0.260778 0.893608 -0.185537 -0.764079 -0.637633 -0.042579 0.815485 -0.910392 0.703412 0.378919 0.210006 -0.901122 0.603655 0.830086 -0.591637 -0.308428 -0.280253 -0.712586 0.627617 -0.765485 0.863740 -0.097359 -0.288850 0.908892 -0.019970 0.816007 0.042478 0.974642 -0.059310 -0.055444 -0.172184 -0.679246 -0.390708 -0.451412
0.110262 0.232685 0.676972 0.855903 0.000779 -0.341284 0.739388 -0.602815 0.530831 0.852351 -0.755503 0.788929 0.829042 -0.833918 0.736318 0.307201 0.774729 0.148788 -0.373159 0.649924 -0.418428 0.678755 0.032963 0.077774 -0.053512 -0.856599 0.510286 -0.170443 0.685065 0.994997 -0.469625 -0.636665 -0.964799 -0.094764 -0.534847 -0.983501 -0.452797 -0.163252 0.541561 0.151930 0.138686 -0.137238 -0.309798 -0.940576 0.028352 -0.678087 -0.040840 0.147234 -0.140886 -0.919858
0.634300 -0.608253 0.101351 0.019655 -0.574979 -0.079149 0.551390 0.183067 -0.006106 -0.868446 0.670701 0.370902 -0.396932 0.414527 0.830152 0.963313 -0.249455 -0.011389 0.729445 0.956770 -0.455748 0.601581 -0.622650 0.227610 0.523960 -0.428902 0.720763 -0.305500 -0.009991 0.900115 -0.390516 0.285835 -0.626962 -0.511503 -0.576403 -0.291726 -0.860572 -0.315686 -0.668906 0.611250 -0.185534 0.525723 0.037467 -0.358264 0.275773 0.798714 0.922482 -0.939530 -0.798254 -0.277014
0.472837 0.439732 -0.928889 0.634097 -0.255336 -0.015364 -0.765655 0.109823 -0.814565 0.476183 0.720710 -0.192736 0.064961 0.411507 0.886725 0.907951 -0.698646 0.612188 0.125921 -0.732463 0.852783 0.969709 -0.271773 0.385782 -0.586775 -0.659445 0.060332 0.558630 0.716332 0.940307 -0.460620 -0.156313 0.166470 0.320559 0.407725 0.465063 -0.890326 0.297226 0.178117 0.929464 -0.446666 -0.476009 0.751369 0.796914 -0.868701 0.220606 -0.375820 -0.478866 0.721895 0.201205
0.380516 0.734782 0.228429 -0.354031 -0.542926 -0.376808 -0.294814 0.544520 -0.985038 -0.284570 0.517974 0.094759 0.044876 -0.342656 -0.477883 -0.434801 0.478865 -0.158224 -0.490097 0.933925 -0.005591 0.946008 0.927914 0.118022 -0.950072 -0.732401 -0.978939 0.715464 -0.563564 0.625661 -0.289288 -0.379942 -0.899202 -0.572979 -0.204997 -0.319762 0.392868 0.389546 0.413398 0.358319 0.591044 -0.799498 -0.625444 -0.723705 -0.352891 0.814779 0.617145 0.639311 0.655099 0.115784
0.347062 -0.486239 0.279464 -0.360944 0.217450 -0.679879 0.767844 0.949768 -0.730264 0.014082 -0.732635 -0.942054 0.708330 0.563262 0.255640 0.132223 0.319940 0.056525 -0.694993 0.259667 0.422044 -0.465378 0.681754 0.320427 0.047560 -0.436508 0.448520 0.818459 -0.556039 -0.466215 -0.674728 0.396283 0.210794 0.151367 -0.738241 -0.102190 -0.881834 0.281408 -0.176209 0.286982 -0.308491 -0.246809 -0.664191 -0.918592 0.551575 0.224841 -0.752111 0.613525 -0.183935 0.403462
0.740059 -0.516613 0.756923 0.300254 0.564357 -0.975534 0.876218 -0.573323 0.274611 0.182105 -0.585166 -0.645555 0.008245 0.628216 0.749857 0.276208 -0.661114 0.221481 0.047540 -0.690636 -0.782335 -0.398384 0.378979 -0.191497 -0.566641 0.089342 0.300441 -0.043311 0.068332 -0.917742 0.132768 0.152924 0.899236 0.104705 -0.562917 0.935699 -0.918347 0.403376 -0.166394 -0.008648 0.156123 0.333456 0.334508 0.991545 -0.585753 -0.905228 -0.665910 -0.707499 -0.187655 0.086448
-0.365917 -0.831907 -0.393450 -0.092892 0.755111 -0.901453 0.285348 -0.900536 0.683494 0.560313 -0.405786 0.295056 -0.055810 0.724699 -0.306960 0.870703 0.495647 0.072707 -0.024980 -0.375430 0.634583 -0.872775 0.848967 0.751333 -0.728921 -0.379134 -0.528835 -0.450991 0.277169 -0.706770 -0.481991 0.086805 0.359176 -0.297331 0.360886 -0.968721 -0.470134 -0.988965 -0.535238 0.715504 -0.550835 0.794830 -0.553805 0.158453 0.985827 -0.413011 -0.153572 -0.093896 0.246888 -0.419557
-0.044476 -0.435508 -0.034880 0.714407 -0.354661 0.278696 0.608333 -0.578118 -0.923435 -0.893511 0.120016 -0.766714 -0.370221 -0.946168 -0.045843 -0.262108 -0.159798 -0.827867 -0.700637 -0.683391 0.998358 -0.761366 0.118561 0.298218 -0.591208 -0.775656 -0.331642 0.564247 0.503873 -0.206868 -0.468014 -0.635418 -0.717898 0.206812 0.507035 -0.085949 0.529150 0.129690 -0.750907 -0.203285 -0.463811 -0.489913 0.899190 -0.766012 0.329447 0.907855 0.871762 -0.898598 0.825255 -0.174604
0.970375 -0.730396 0.085633 0.815760 -0.030223 0.557769 -0.934031 -0.589612 -0.845724 -0.043197 0.137247 -0.402951 0.717238 -0.898535 -0.533007 0.612251 0.891901 0.215722 0.893322 0.558056 0.531734 0.680077 -0.883062 -0.689067 -0.226185 0.381764 0.029047 -0.381724 0.439398 0.191311 0.622217 0.528489 -0.906512 -0.508535 -0.518473 0.822532 -0.164885 0.089422 -0.556015 0.478882 0.174425 -0.665906 0.254388 -0.901383 0.599427 0.167074 0.042302 -0.167664 -0.240853 0.851311
-0.993452 -0.869563 -0.038929 -0.734072 0.050048 0.074929 -0.043630 -0.762211 -0.672459 -0.599662 -0.379563 0.945132 0.011885 -0.918019 0.877181 0.376393 -0.811336 0.304361 0.527900 -0.025934 0.308627 0.574509 -0.801324 0.802487 0.092174 -0.808471 -0.513935 -0.692432 -0.741636 0.461506 -0.476858 0.051393 0.342830 0.876679 -0.497488 -0.754186 -0.258008 -0.510834 -0.546362 -0.762674 -0.483455 0.854694 -0.027513 -0.401617 -0.722542 0.241832 0.752719 0.480766 0.776178 -0.827304
0.571508 0.963338 0.442690 -0.807848 0.422297 0.920870 0.766752 0.849692 0.269718 -0.276769 0.493978 -0.031730 -0.725037 0.716302 0.840379 -0.323788 0.994904 -0.118160 -0.056151 -0.667141 0.224856 -0.725471 0.839398 -0.806607 -0.631212 -0.991609 -0.377595 0.229711 0.555208 0.958220 0.205619 -0.699673 0.396881 -0.356817 -0.383316 0.842123 0.922976 -0.179817 -0.713043 0.276879 0.636307 -0.804628 0.630954 -0.333140 0.093221 0.291425 -0.783611 -0.810318 -0.492413 0.185655
0.275517 0.849749 -0.234017 -0.597687 0.798170 -0.424855 0.349054 -0.247345 -0.974743 -0.458144 0.469253 -0.001658 -0.699245 0.498606 0.886987 0.733537 0.560805 0.264269 0.499767 0.599070 -0.133967 0.741528 0.488499 -0.197273 0.324943 0.226356 -0.865368 0.794368 0.597755 0.772707 0.518778 0.018389 0.642784 -0.692619 0.325487 0.180811 0.243347 -0.610804 0.556356 0.968703 0.252670 -0.311873 0.052144 0.175967 0.424595 0.629152 0.463044 -0.796713 -0.155301 -0.875934
-0.174823 0.719873 -0.027916 0.802400 0.778661 0.487786 -0.969866 -0.952440 0.171450 0.182688 0.532020 -0.657643 -0.307744 -0.100250 -0.678018 0.978732 0.345420 -0.640503 0.592948 -0.424259 -0.899372 0.462955 0.422593 -0.827794 -0.543453 0.767165 -0.135763 -0.471607 0.058860 0.217492 0.251028 -0.925607 -0.852802 -0.791355 0.810175 -0.680816 -0.145706 -0.037602 0.118758 -0.567327 -0.894920 -0.247422 0.050804 -0.115056 -0.514993 0.947330 -0.192017 -0.538899 0.128996 0.193012
-0.569770 0.513144 0.126454 -0.977641 -0.601340 0.356421 -0.450222 -0.274692 0.867925 0.551933 0.575089 0.143096 -0.002845 -0.623394 0.864297 -0.744861 -0.766118 0.742304 -0.270798 0.406958 0.456593 0.396434 0.170173 0.019594 -0.043070 0.934825 0.380066 -0.331776 0.644609 0.953548 0.732353 -0.457470 -0.592352 -0.337250 -0.681092 0.669760 0.830724 -0.137033 0.917861 -0.783954 -0.771143 0.284208 0.820646 0.637469 0.295898 -0.128356 -0.847826 0.432979 -0.001944 0.095725
0.794761 0.502960 0.447053 -0.705901 0.723473 0.262933 -0.490311 -0.563064 0.444540 0.921516 -0.001800 -0.070196 -0.597494 -0.534977 0.254264 -0.290301 -0.394297 0.663238 -0.428750 0.292930 -0.357130 0.408664 0.139868 0.455755 -0.422345 -0.335285 -0.161836 0.701240 0.044375 0.593829 0.705994 -0.933962 0.385053 -0.050986 0.290076 0.453644 0.685126 -0.299659 -0.308543 0.952712 0.331401 -0.887849 0.880528 -0.032070 0.749438 0.736019 0.194817 0.113815 -0.174330 0.822214
0.087278 0.744077 -0.651747 -0.520165 -0.406726 -0.529280 -0.417362 -0.511358 0.222494 -0.221528 0.707767 -0.709310 -0.977436 -0.341406 -0.645758 -0.052073 -0.630352 -0.473700 0.090980 -0.533586 -0.183568 -0.872330 -0.888754 -0.684569 0.896102 0.764502 0.242830 -0.897038 -0.301590 0.003936 -0.436256 -0.535299 0.580589 0.231780 0.348677 0.356823 0.457476 0.926209 -0.427599 -0.792247 -0.160142 -0.802916 -0.121693 -0.834284 0.097576 0.517472 0.640443 0.405620 -0.679065 0.470823
-0.228790 0.223844 -0.200951 -0.790934 -0.101229 0.562219 -0.915732 0.462315 -0.572558 0.263658 -0.093627 -0.522776 -0.480594 -0.416847 -0.556270 0.355293 -0.437548 -0.236379 0.603603 0.145685 0.110022 -0.905973 -0.108353 0.124625 0.486520 -0.034781 -0.825324 0.085741 0.478141 -0.436808 -0.768603 0.656917 -0.254472 -0.068218 -0.875579 0.041685 -0.898451 -0.071871 -0.335932 -0.654284 -0.841408 -0.558215 -0.192304 0.534852 -0.187072 -0.489724 -0.812046 -0.003789 0.113682 -0.855081
0.686147 -0.782226 -0.621556 0.818395 -0.641184 0.026769 0.967562 -0.556496 -0.175982 0.054445 0.805564 -0.855002 -0.193727 -0.047322 -0.033508 -0.045886 -0.080646 -0.486898 0.133711 -0.772495 -0.361047 0.398170 0.565123 -0.252122 0.698817 -0.781952 -0.309321 -0.405908 -0.475374 -0.602944 -0.629167 -0.872472 -0.526777 -0.325761 -0.116518 0.943158 0.067212 0.531559 -0.185611 -0.598377 -0.033995 0.056272 0.967868 0.505612 -0.984418 0.186170 0.124854 0.562589 -0.345074 0.884684
-0.361424 0.210900 0.365039 -0.828664 -0.333778 -0.086185 0.668899 0.461103 0.973259 -0.864975 -0.176085 -0.793724 -0.839839 0.601250 -0.782894 -0.362098 0.363890 -0.552841 0.139838 0.551083 -0.574215 -0.624597 0.582912 -0.758315 0.988794 -0.614417 -0.306120 -0.566940 0.828788 0.590318 -0.557668 -0.415478 0.082736 -0.667861 0.327512 0.260833 0.536753 0.939539 0.006626 0.695477 0.849942 -0.217953 -0.667440 -0.399318 0.542015 0.714957 0.702075 -0.233860 0.239166 0.917501
0.262826 0.313796 -0.618896 0.617280 0.736455 -0.557139 -0.832317 0.323464 -0.014844 0.227227 0.106211 0.937439 -0.519537 0.441366 0.804752 -0.265030 -0.794355 0.612814 -0.401400 -0.286394 0.671051 0.046527 0.750090 0.522695 -0.818947 0.508169 0.021690 -0.953459 0.428618 0.830035 0.734928 -0.234878 0.090179 -0.894977 -0.685386 0.686547 0.944241 -0.504543 -0.841888 0.019263 -0.824010 0.020488 0.812102 0.576386 -0.713922 0.365416 0.419642 -0.478268 -0.962072 -0.484963
-0.647223 -0.503421 0.081762 -0.842638 0.114801 0.722628 -0.799816 -0.637399 -0.395229 0.423254 0.680202 -0.931531 0.124554 0.457150 -0.066983 0.144935 -0.832880 -0.520730 0.208230 -0.082399 0.638410 -0.045458 -0.320167 0.946125 0.764644 -0.130152 0.745753 -0.646754 0.116213 -0.766675 0.008839 0.976253 -0.449208 0.742491 0.096091 -0.005809 0.639197 0.880558 -0.733109 0.595395 0.565736 -0.647576 0.368927 0.690605 0.479714 -0.569740 0.482673 0.475974 0.628115 0.210794
0.684906 0.730242 0.437058 -0.953263 0.220593 -0.049010 0.340938 -0.002850 -0.522627 -0.346551 0.112130 0.368739 -0.645824 0.322037 0.474003 -0.438903 -0.254791 0.750093 0.655997 0.078848 -0.941164 -0.086870 0.168433 -0.330105 -0.118496 -0.277821 0.561353 0.401905 -0.119390 -0.213788 -0.584431 -0.428983 0.537650 -0.372658 -0.880987 0.991159 0.902111 -0.672316 -0.907877 0.167911 -0.568404 0.291338 0.837419 0.643144 -0.212718 0.950636 0.218116 -0.411500 0.689765 0.618550
-0.327264 -0.655228 -0.780729 -0.961246 0.682336 -0.038588 0.788292 0.061794 0.792909 0.169960 -0.810188 0.815411 -0.105341 0.737113 0.350608 0.534006 0.736914 -0.223407 0.658895 0.616168 -0.034327 0.879334 -0.832322 0.127373 -0.273524 0.709693 0.155895 0.988183 -0.109491 0.256461 -0.448436 -0.154248 0.170736 0.204051 -0.761747 -0.505621 0.376332 0.461963 0.385549 -0.517451 0.824280 0.907423 -0.678358 -0.261938 -0.037840 -0.704512 0.143613 0.092208 0.064254 -0.441954
-0.994575 0.175021 0.137841 0.293054 0.772107 -0.899935 0.931195 -0.442175 0.264222 0.540940 0.655582 0.697135 0.611644 0.186250 0.390439 -0.610462 0.843912 -0.430553 -0.254339 -0.124901 -0.799559 0.334492 0.012569 -0.024287 -0.489860 -0.032740 -0.524844 0.769053 0.608556 -0.334192 -0.987056 0.499178 0.356717 0.583972 0.015690 0.649359 -0.994340 -0.604543 -0.846939 0.223624 -0.864472 0.461205 -0.892896 -0.638616 0.170133 -0.834101 -0.161969 0.591967 -0.718072 -0.798020
0.278888 0.138679 0.644095 0.865086 0.055531 0.620264 -0.429644 -0.619306 0.293229 -0.659059 -0.288661 0.171663 0.018314 -0.056419 0.933206 -0.565593 -0.482734 0.039007 0.259455 0.050201 -0.133690 0.463662 -0.101973 0.803743 -0.787308 0.026481 0.092251 -0.976232 0.115004 -0.709953 -0.484888 -0.006327 -0.047031 0.970559 0.301257 -0.696327 0.192484 -0.410261 0.655430 -0.184118 0.913218 0.037189 -0.554192 -0.991716 -0.818370 0.097563 0.514212 0.181053 -0.535264 0.847913
-0.019900 -0.116284 0.225539 0.398008 0.850278 0.665581 -0.948098 0.284760 -0.859590 -0.332194 0.539470 0.084219 0.309651 0.343757 -0.497833 0.420232 -0.164759 0.096289 0.618615 -0.819543 -0.858040 -0.483610 -0.671397 0.904659 0.600811 0.832929 0.145918 0.154163 0.685276 -0.248462 0.747204 -0.917713 0.798892 0.801468 -0.568682 0.201519 0.747304 0.492188 -0.184389 -0.444257 0.378127 -0.902163 -0.252371 -0.349227 -0.187960 -0.348785 -0.502203 -0.681286 0.503655 -0.049344
-0.434106 -0.268139 0.525169 -0.035083 0.480795 0.675785 0.483355 -0.666182 -0.565127 -0.158461 0.808447 -0.000974 -0.470689 0.670620 -0.179255 0.767691 -0.697357 0.215653 0.026361 0.086475 0.246724 -0.643358 -0.539559 0.347519 -0.011015 0.092534 -0.466422 -0.554296 -0.086905 0.216479 -0.575873 0.714451 -0.934613 0.092937 -0.426619 -0.610880 0.702498 0.154359 0.402389 0.382086 -0.146792 0.601923 -0.501265 0.492129 -0.468135 0.721807 0.328401 0.735257 -0.513049 0.336621
-0.617680 -0.824068 -0.929889 -0.974830 -0.161450 -0.662171 0.282622 0.980388 0.411200 0.851574 0.974210 -0.029458 -0.688469 -0.142315 -0.300778 -0.177023 0.603512 0.159119 -0.975169 0.793672 -0.016933 0.856317 -0.393866 0.827975 -0.396022 0.606598 0.972699 -0.302648 -0.964026 0.988966 0.187810 -0.250597 0.124569 -0.459974 0.560133 -0.113634 -0.137426 -0.723707 0.785799 0.323743 -0.245178 -0.721114 -0.081603 -0.755193 -0.568695 -0.675962 0.496095 0.121742 0.556348 -0.614388
-0.949437 -0.625466 -0.243452 -0.344486 -0.751049 0.390604 -0.561126 -0.600879 0.762797 -0.727411 -0.479714 -0.415318 0.264230 -0.175883 -0.085196 0.883171 -0.633214 -0.717975 -0.897224 0.045050 0.847258 0.806317 -0.181052 0.757161 0.210430 -0.293078 -0.019600 -0.789494 -0.310612 0.149292 -0.003896 0.179972 0.701110 -0.238925 -0.380030 0.435866 0.859806 -0.251033 0.455752 -0.410014 0.260779 0.372191 0.542776 0.766347 0.453178 0.965651 -0.640086 0.168048 -0.437912 -0.350864
-0.327070 -0.652908 -0.554017 -0.385600 0.288185 -0.596616 0.446764 -0.654755 -0.973470 -0.554098 -0.504721 0.391633 0.808090 0.211264 -0.799428 -0.768197 -0.730665 -0.768174 0.053198 0.035643 -0.209379 -0.802631 0.178843 0.442486 -0.967430 -0.386253 -0.073789 0.775389 0.735435 -0.947728 -0.912507 0.368598 -0.220734 0.146139 -0.885584 -0.226272 -0.471217 -0.926298 -0.023848 -0.966147 -0.879857 -0.987189 -0.676127 0.921724 -0.380643 -0.937034 -0.866570 0.065279 0.989268 0.312639
-0.589404 -0.178343 -0.191553 0.221976 0.546821 -0.211789 -0.656969 0.088497 -0.934928 -0.362086 0.896100 0.734960 0.989915 -0.692006 -0.227674 -0.417178 -0.485284 0.250237 -0.057292 -0.655659 -0.501208 0.874203 -0.020574 0.576142 0.435114 0.242697 0.791669 -0.007667 0.359365 0.537958 0.389049 0.378122 0.055812 -0.776307 -0.346610 0.814247 0.806085 0.708220 -0.980633 -0.658973 0.960751 0.695675 -0.870736 0.234146 0.967172 0.523063 0.193852 -0.045479 0.734129 -0.928295
-0.246459 0.254480 -0.226115 0.300619 -0.976068 0.041356 0.911886 -0.967133 0.172402 -0.578786 -0.300085 -0.737492 -0.572762 -0.828774 0.629410 0.781912 0.262739 0.790259 -0.190757 0.213656 -0.531072 -0.852653 0.029712 0.424906 -0.139273 0.390400 0.189450 0.740028 -0.142295 -0.761794 -0.297073 -0.428688 0.218619 -0.075804 -0.742422 -0.325228 -0.845697 0.706306 -0.683684 0.147553 0.330140 -0.261272 0.994816 0.191901 0.204210 -0.899060 0.593145 0.841480 -0.200947 0.277354
0.799128 0.350578 -0.011808 0.540603 -0.594547 -0.224061 0.764851 0.963736 -0.285864 0.467888 0.780326 -0.403235 -0.341998 -0.443773 -0.342955 -0.255095 -0.657392 0.728208 -0.596278 0.385485 -0.459546 0.246546 -0.970661 -0.916218 0.271152 0.308592 0.052262 -0.519352 -0.486046 0.571368 0.529198 0.790423 -0.758982 -0.061358 0.731763 -0.621880 -0.227032 0.880023 -0.158285 0.196718 0.876729 0.471998 -0.164871 0.020512 -0.170123 0.936166 -0.380397 -0.905117 -0.895973 0.520739
0.458075 -0.900290 0.174092 -0.055901 -0.087152 0.857911 0.661990 -0.607882 0.304348 -0.900639 -0.220849 -0.052285 -0.198184 0.344098 0.633408 -0.364653 -0.850735 -0.260579 -0.354983 -0.408301 0.476532 -0.687406 -0.919195 0.690256 -0.231140 -0.528540 0.662857 0.730306 -0.807044 0.878668 -0.144001 0.332449 -0.211563 -0.487619 -0.474898 -0.856629 0.548463 0.191387 -0.526500 0.097408 -0.944931 0.827325 -0.540542 -0.262408 -0.436753 0.395879 0.626988 -0.877105 0.453371 0.161327
-0.307121 0.822724 -0.386043 -0.522381 0.952183 -0.323320 0.616211 -0.819173 -0.379134 0.530681 0.477526 0.563711 0.797912 0.979679 -0.188379 -0.878503 0.313693 0.486155 -0.508428 -0.207834 0.751745 0.413978 0.733485 -0.667840 0.907998 -0.960396 -0.851982 0.877217 -0.697948 0.491040 -0.587084 -0.529640 0.640035 0.245358 -0.425455 -0.392296 0.940388 -0.487809 0.703908 0.190384 -0.469029 0.716174 0.900588 -0.867440 -0.439935 0.284861 0.800866 0.910563 -0.840170 -0.227133
0.117309 0.402766 0.389499 -0.253550 0.949196 0.997677 0.936221 0.710596 -0.383557 -0.309331 -0.058624 0.113650 -0.273189 -0.402124 -0.422857 -0.195090 0.978632 0.162698 0.048886 0.030485 -0.900680 -0.925403 0.185117 -0.336648 -0.643359 -0.272554 -0.433973 0.900547 0.338170 -0.819497 0.858692 0.436847 0.742923 0.032752 -0.548537 0.555283 -0.245739 -0.526278 0.403334 -0.932229 0.411283 0.899191 0.824192 0.724255 -0.812549 -0.007647 -0.802608 -0.667861 -0.777753 -0.907722
-0.815539 -0.259405 0.514489 -0.315076 -0.432134 0.985941 0.851267 -0.493759 -0.726777 -0.143056 0.786763 0.413853 0.647245 -0.210508 0.617036 -0.364116 -0.931546 0.529219 0.118586 0.108448 0.015979 -0.078914 -0.877860 -0.784458 0.658550 -0.570870 0.632395 -0.880941 0.651462 0.689275 -0.056917 -0.083104 -0.385129 0.246909 -0.511136 -0.510686 -0.708841 0.147178 0.200847 0.216132 0.947345 -0.172007 0.972492 -0.846939 0.147955 0.201560 -0.485180 0.007223 -0.829220 0.965353
-0.329623 -0.319780 0.666288 0.347956 0.996664 0.364339 0.039269 -0.415494 -0.281033 -0.205835 0.182584 -0.804459 0.294715 -0.624763 -0.990767 -0.410703 -0.193691 0.027872 -0.355905 0.202190 -0.451762 0.968792 0.365114 -0.025459 0.066252 0.234883 0.376586 -0.002154 -0.845162 -0.776650 0.106914 -0.010588 -0.883863 0.951426 0.839200 0.418040 -0.016126 0.077272 -0.364063 0.297638 -0.702519 0.516277 0.256636 -0.162828 0.258703 -0.344893 0.373224 0.688235 0.324720 -0.814003
-0.330046 0.055717 0.377820 0.347848 0.217406 0.899908 -0.626364 0.043500 -0.761328 -0.930880 -0.456004 0.642907 0.940764 0.238809 -0.497623 0.962816 0.735885 -0.478737 -0.583078 -0.045963 0.179792 0.373685 0.134733 -0.431854 -0.873600 0.200642 0.001627 0.562173 0.267244 0.562139 0.563045 0.725122 -0.864180 0.554827 -0.224944 -0.673133 0.564404 -0.339892 0.695918 -0.567784 -0.724916 0.076681 -0.186391 0.544638 -0.621485 0.526552 -0.076269 -0.707737 0.497183 -0.287973
-0.711729 0.644793 0.119186 0.380007 0.038101 -0.763739 -0.404354 -0.104611 0.677544 0.370826 -0.391279 -0.270542 -0.121917 0.822734 0.939277 -0.939624 -0.005822 -0.595020 0.761539 0.566793 -0.896277 -0.073175 0.708704 -0.716978 0.045256 -0.087340 -0.086434 0.838863 -0.290716 0.625150 0.003091 -0.843051 -0.453594 0.506072 0.989385 0.446182 0.700999 0.126341 -0.430672 0.275214 0.243597 0.714381 0.248159 -0.332695 0.028676 -0.889996 -0.977925 0.324102 -0.460137 -0.423239
0.708951 -0.906875 -0.605806 0.279562 0.966338 0.801614 -0.751823 -0.803551 -0.882348 0.071731 -0.902437 0.877296 0.851228 -0.923772 -0.663450 0.346099 0.437240 -0.522198 -0.987960 0.398373 0.191358 -0.944492 -0.606277 -0.757735 -0.854364 0.362420 0.579514 -0.231903 -0.088843 -0.037218 -0.643088 -0.694900 0.489420 0.535222 0.906251 0.110932 -0.982897 0.786213 0.980395 0.518601 -0.951620 0.771672 -0.333642 -0.580905 0.216628 -0.129052 0.234158 -0.660473 -0.495065 -0.611125
0.155462 0.415123 -0.419354 -0.157328 0.221344 -0.018958 0.633720 -0.779567 0.281462 -0.440626 -0.791440 -0.063827 0.567608 0.674424 0.254168 0.740919 0.856151 0.102415 0.922365 0.773083 -0.698475 0.447384 -0.385599 0.663536 0.060304 -0.041056 -0.132135 -0.085079 0.361910 -0.703310 0.581818 0.590528 0.236251 0.817559 -0.406826 0.841749 -0.619742 -0.687872 0.397263 0.990770 -0.107999 0.175198 0.137302 -0.332757 -0.408891 0.864391 -0.421054 -0.154353 -0.279977 0.082431
-0.025071 -0.445175 0.401812 -0.010654 0.846781 -0.584507 0.001104 0.396000 -0.627266 -0.474447 0.256815 0.143945 -0.922196 0.285083 0.478728 -0.603554 0.636050 0.111769 -0.984840 -0.895195 0.432574 -0.377128 -0.225281 0.337777 0.698604 -0.144307 0.586816 0.736211 -0.655273 -0.941398 -0.782883 -0.457913 -0.954298 -0.024229 0.325424 -0.780352 0.332283 0.863400 0.260015 -0.224066 0.158881 0.923802 -0.111628 -0.689796 0.929831 0.760176 0.765879 0.436182 -0.931720 -0.967414
0.069604 0.451353 0.455294 0.072877 -0.599514 -0.650307 0.148242 -0.706660 0.765499 -0.021051 0.445236 -0.591045 -0.754757 0.069536 0.312399 0.343595 -0.527966 -0.428065 -0.333704 -0.238324 0.808917 0.397406 0.603439 -0.051962 0.751671 -0.805744 -0.455008 0.004203 0.656540 -0.621667 -0.734977 0.621756 0.916579 0.535304 0.911212 -0.734105 0.460558 -0.628475 -0.814603 0.813827 -0.681071 -0.916549 -0.047486 0.233229 -0.812019 -0.293547 0.783607 0.498862 -0.254836 -0.377995
-0.971686 -0.997230 0.277864 -0.258255 -0.579861 0.977876 0.436490 0.711259 0.455489 0.023927 -0.358360 0.506270 -0.095296 0.842912 0.732189 -0.105480 0.029936 -0.062555 -0.966621 -0.852635 -0.601773 -0.493481 0.736750 0.964668 0.136691 -0.776536 -0.552061 -0.712176 0.360994 -0.173163 0.796403 0.128047 -0.506956 -0.487011 0.262441 0.804658 0.248116 0.050943 0.105466 0.555562 -0.826532 -0.532734 -0.672001 0.355707 0.284730 -0.644567 -0.045705 0.644483 -0.875022 0.860071
-0.876056 0.163500 -0.318564 -0.780179 0.994112 0.904315 -0.690706 0.796470 -0.907806 0.662436 0.968057 -0.838113 -0.762024 -0.322134 -0.479713 -0.312813 -0.523516 0.119712 0.816624 -0.129152 -0.385073 -0.691262 -0.873596 0.080319 -0.690372 -0.802742 0.824352 0.528241 0.290877 -0.113807 -0.077496 0.851742 0.503031 -0.882320 -0.151115 -0.695343 0.911406 -0.922357 0.253615 0.625490 -0.666973 -0.256955 0.709705 -0.979646 -0.271246 0.082504 0.775886 -0.129152 0.768778 0.693679
-0.595407 0.150100 0.416660 -0.902055 0.347236 0.980627 0.466209 0.567101 0.326807 0.517898 -0.541560 0.033503 0.000118 -0.926957 -0.161562 0.067998 -0.816227 -0.492911 -0.960333 -0.317622 -0.883866 -0.365810 -0.394386 -0.917062 0.522372 -0.838297 0.471388 0.039149 -0.591717 -0.179850 0.894525 0.556326 0.942030 0.833353 -0.156148 0.991653 -0.505826 0.613038 -0.116191 -0.092280 -0.006045 -0.823015 -0.613232 -0.084397 -0.391652 0.685138 -0.144635 0.548206 0.885080 0.495927
-0.416806 -0.969655 0.987927 0.990594 -0.159999 -0.860369 0.081598 0.533967 0.144790 0.271517 0.169691 0.339022 0.031498 0.497230 -0.049669 0.674352 0.353572 0.905081 0.264799 0.162260 0.285535 -0.016995 -0.190734 -0.644835 0.335798 -0.584163 -0.202843 0.732204 -0.520891 -0.078034 0.957710 -0.425000 -0.196717 -0.674144 0.283479 0.363419 -0.933497 -0.214710 0.010745 0.658231 -0.914896 -0.397288 0.638964 -0.185281 -0.709682 -0.785407 0.826287 -0.630670 -0.932444 0.589578
-0.870444 0.341310 -0.721432 0.305276 -0.432491 0.440050 0.692231 0.678607 -0.640728 0.600193 -0.407103 0.321542 -0.639849 0.446654 0.726234 -0.040181 -0.778119 -0.813340 -0.178731 0.513306 0.689905 0.381655 -0.103981 -0.758865 -0.922976 0.916971 0.848168 -0.879709 -0.408369 -0.398883 -0.144608 -0.454133 0.434917 0.237153 -0.677920 0.632333 -0.506939 0.175231 -0.435848 -0.400794 -0.471154 -0.397849 0.464948 -0.472689 -0.821198 -0.960721 -0.945672 0.708457 -0.117859 0.903917
0.920998 0.357754 -0.066315 0.725688 0.797132 -0.856235 0.786211 -0.164261 0.794637 0.022372 0.881218 0.306418 -0.911823 0.463480 0.414986 -0.408069 -0.590310 -0.286882 -0.149049 -0.466764 -0.779827 0.008692 -0.301355 -0.884423 -0.199431 -0.601280 0.177319 0.208348 0.115445 0.885341 -0.008507 -0.595629 -0.031021 -0.576604 0.707148 0.665410 0.943749 -0.790906 0.376573 -0.431178 0.715629 -0.855632 0.531035 -0.123914 -0.875577 0.079101 -0.696630 0.922263 0.299199 -0.617456
-0.165131 -0.556753 -0.076870 -0.137294 -0.410459 0.310268 0.282994 0.474556 0.689279 -0.891477 -0.618798 -0.628448 -0.997567 0.664715 0.813272 0.957540 -0.274852 0.865817 -0.397739 -0.193535 -0.426578 0.639966 -0.763232 -0.704162 -0.841629 0.360820 0.035351 0.231023 -0.331770 0.021608 -0.824235 -0.004075 0.135462 0.478771 0.464811 0.536803 -0.571258 -0.475942 -0.446454 -0.037247 -0.272672 -0.996548 -0.537820 0.242990 0.455294 -0.773072 -0.730637 0.805845 -0.284248 -0.510723
0.028431 0.634088 0.989665 -0.037194 0.210469 0.193319 0.997694 -0.225205 -0.355095 -0.843678 -0.617562 0.052493 0.649622 0.820185 -0.217595 -0.170503 -0.433288 0.033845 0.692974 0.920438 0.784619 0.460099 -0.487571 0.405769 -0.219509 -0.959573 0.236537 -0.311323 -0.994647 -0.431731 0.498871 -0.188713 -0.396716 0.923168 0.919776 -0.424636 0.458995 -0.950162 0.853878 -0.520460 -0.170042 -0.816135 0.711121 -0.988655 0.129393 -0.746737 -0.202269 -0.256303 -0.209288 -0.290285
-0.804614 0.199915 0.918617 0.433970 0.117110 -0.571205 -0.422133 0.772223 0.343091 0.842896 0.936668 0.268736 0.900765 -0.290820 -0.041219 -0.952084 -0.806981 0.805350 0.010473 0.888835 -0.292041 0.155678 0.370977 -0.690802 0.464118 0.178908 -0.934111 -0.578821 -0.934174 -0.921048 -0.484728 0.875560 0.159653 0.809956 0.230442 0.293742 0.199826 -0.240950 0.258969 -0.993586 0.324913 -0.172059 -0.838298 -0.425383 -0.406460 -0.866388 -0.100714 -0.783703 -0.572203 0.503578
-0.131818 -0.231902 0.931057 -0.221093 0.419409 0.073315 -0.251161 0.505478 -0.165730 -0.302219 -0.484746 0.117420 -0.605575 -0.402795 0.462103 -0.688416 -0.810304 -0.296787 -0.995313 -0.381501 -0.327092 -0.241035 0.877847 0.977930 0.870722 -0.693107 -0.237195 0.892906 -0.923932 -0.269820 0.003511 0.270144 -0.520537 0.030414 0.735585 -0.781796 0.473836 0.696384 -0.538702 0.863274 0.798254 -0.904548 -0.194077 0.047242 -0.858321 -0.234526 -0.371607 -0.595168 -0.520690 -0.624813
0.519831 0.610044 0.639571 0.202396 0.620221 0.578536 0.377201 0.195775 0.656022 0.851243 0.915499 -0.834508 -0.578281 0.658287 0.079296 0.928645 0.102917 -0.144789 0.317239 0.533848 -0.929569 0.676730 0.343680 0.595259 -0.056080 -0.199586 0.401685 0.297833 0.617501 -0.361321 -0.790414 0.237757 -0.708123 -0.419166 -0.760869 0.590431 -0.009120 0.845771 0.071015 -0.214570 0.905106 -0.103505 0.647648 -0.641220 -0.272928 -0.663945 -0.081938 -0.024059 -0.204305 0.872106
0.811269 0.024063 -0.169704 0.272500 -0.315338 0.003329 0.116234 -0.860911 -0.292300 -0.151554 -0.892035 -0.674770 0.463852 0.875089 0.657508 -0.127043 -0.725699 -0.493365 0.996795 0.637126 0.882398 0.647165 -0.120121 -0.148267 -0.679643 0.825652 0.749476 -0.658081 0.630590 -0.039968 0.774066 0.269344 -0.591832 0.213157 -0.783078 -0.663231 -0.007218 0.023702 0.647812 0.187131 -0.411594 0.478071 -0.302105 0.296969 -0.881930 -0.755107 -0.197150 -0.047435 -0.271419 -0.712156
-0.959400 0.398525 -0.141442 -0.660632 0.296678 -0.740436 0.233232 -0.645210 0.991030 -0.634482 -0.941475 -0.529120 0.171955 0.610105 0.007961 -0.257300 -0.462986 0.654735 0.521958 -0.199771 -0.794382 0.075829 0.119933 -0.370393 -0.796247 0.905286 -0.701689 -0.640916 -0.089869 0.701983 0.483223 0.778936 0.302754 0.899777 0.689666 0.338529 -0.353049 -0.106259 -0.479737 0.217300 -0.673044 -0.163112 -0.422282 0.302665 0.362787 -0.203591 -0.526261 0.277781 0.190019 0.475844
0.208936 0.576713 0.824273 0.481278 0.868994 0.415331 -0.837434 -0.123755 0.466402 -0.578838 -0.631177 -0.436643 -0.994315 -0.520614 -0.881467 0.968180 0.072769 -0.236376 -0.856543 -0.276484 0.475904 -0.714795 -0.598257 -0.221189 0.661696 -0.263891 -0.237416 -0.203939 -0.756946 0.731634 0.105055 -0.825919 0.568827 -0.059219 0.230940 -0.590163 0.730060 -0.745220 -0.894335 0.765783 -0.183753 0.731427 0.255438 -0.521069 -0.993917 -0.395405 -0.961936 -0.824594 -0.632295 0.531276
-0.706429 0.527126 -0.131394 -0.978579 -0.297786 -0.408627 -0.083585 0.695988 -0.967491 -0.834993 0.220307 0.915527 0.721809 -0.246834 0.213886 -0.052704 -0.721501 0.370957 0.784636 0.861499 -0.988286 0.406963 -0.287916 -0.340283 -0.822752 -0.527258 -0.731965 0.094729 -0.435400 0.132831 0.438565 -0.170275 -0.316777 -0.580410 -0.395091 -0.531110 0.308603 0.470931 0.704778 -0.907940 -0.636081 -0.376746 -0.962146 -0.206383 0.743667 0.855993 0.111562 -0.822523 -0.448247 -0.554304
0.244684 0.658046 -0.528403 -0.632625 0.033786 -0.727085 0.741527 -0.053607 0.645859 0.027658 0.556723 -0.778947 -0.483765 -0.778258 0.888426 -0.681602 -0.522128 -0.765383 -0.458774 0.611535 -0.324548 -0.845048 0.537508 -0.862988 0.458144 0.934706 -0.406512 0.238987 -0.220907 -0.617408 -0.377092 0.783339 0.340221 -0.007404 0.874123 0.085666 -0.917811 -0.510444 0.322401 -0.765614 0.650208 -0.009379 -0.949211 0.566076 0.794223 -0.251639 -0.242608 -0.770927 0.320186 0.374601
0.468994 -0.948146 -0.350518 0.709742 0.785651 -0.089457 -0.601426 -0.047130 -0.738058 -0.550778 0.265753 0.751736 -0.158653 -0.045301 -0.069856 -0.237245 -0.955674 -0.744316 0.891735 0.350976 0.850872 -0.177174 0.581696 0.365882 -0.338725 -0.281358 -0.992010 0.112352 0.894058 -0.358697 -0.201003 -0.146643 -0.345775 0.238818 -0.527785 0.329423 -0.958566 -0.167778 0.991836 0.900560 0.464384 -0.453251 0.229177 0.316843 -0.774315 -0.214042 -0.213485 0.161597 0.795573 -0.442780
-0.097166 0.729409 -0.517943 0.692726 -0.400700 0.317303 0.208664 0.856760 0.027023 0.181300 -0.950128 -0.723785 0.478472 -0.632993 0.335537 0.652422 0.345460 0.895811 -0.330796 0.629326 0.713243 -0.804030 0.408415 -0.094392 0.183226 -0.281835 -0.888510 -0.477552 -0.242862 -0.168073 0.785998 0.397051 0.132905 -0.819412 -0.065607 0.980983 -0.086053 0.243367 0.832671 0.328798 0.855122 -0.404315 0.996141 0.258057 -0.312194 0.519401 -0.589579 -0.501432 0.062391 0.291173
-0.800566 0.702372 0.932322 -0.285224 -0.463371 0.155161 -0.838532 0.963785 -0.094609 0.250042 -0.782074 -0.263040 -0.886436 -0.728215 0.312790 0.719739 -0.873269 -0.005085 0.593509 -0.275636 0.160372 0.707472 0.766781 0.100476 0.527651 -0.839199 -0.639535 0.299501 -0.500135 0.346307 0.668131 0.973740 -0.936621 0.567464 -0.783976 0.806087 -0.829547 -0.800655 -0.424501 -0.719181 0.190875 0.504409 0.010941 -0.725229 -0.803728 0.423321 -0.363786 -0.253847 -0.696090 -0.050323
-0.776037 -0.212166 -0.821606 -0.237230 0.532700 -0.494187 0.840923 0.514878 -0.046217 -0.177032 0.057144 -0.291799 -0.121840 -0.424060 0.267300 0.868531 -0.030966 0.900026 -0.406130 -0.409610 -0.068344 -0.862940 -0.550426 0.436168 -0.749147 -0.036451 0.890983 -0.277586 0.238324 0.376533 -0.175065 -0.619143 0.159303 0.217368 -0.754578 -0.777824 -0.782903 0.999385 -0.997785 -0.842784 0.858451 -0.718091 0.256875 0.953805 -0.559989 -0.980083 -0.764728 -0.294254 0.624289 0.902584
0.022891 0.825644 0.532377 0.845704 -0.214126 0.517547 -0.783491 -0.755618 -0.198909 0.919161 0.959254 -0.450985 0.219975 -0.811862 0.855488 -0.331304 0.581324 -0.102951 0.853086 -0.203494 -0.144935 -0.605677 -0.021404 0.110698 -0.340738 0.219880 0.213142 0.995484 0.609510 -0.733078 0.660714 0.950141 -0.725084 0.303571 0.573689 -0.380752 0.357435 0.703322 -0.195746 0.045105 -0.338100 -0.569102 -0.160671 -0.967393 0.663829 -0.290613 -0.096441 0.528330 0.508819 0.078647
-0.313544 0.711844 -0.828797 0.056914 0.363231 0.680344 -0.448102 0.706589 -0.189933 0.663650 -0.732899 -0.096886 -0.709109 0.677685 0.352238 0.094714 -0.162166 0.964668 -0.463283 -0.234476 0.612713 0.886859 -0.929456 -0.028826 0.238530 0.581862 -0.731416 0.696180 0.432788 0.063249 -0.242449 0.026014 0.645613 -0.982323 -0.952215 -0.640826 -0.978640 0.944697 0.150842 0.285229 -0.837489 0.493708 0.154607 -0.778540 0.889628 -0.193597 -0.162092 -0.501462 0.869369 0.185183
0.476652 0.496540 -0.816852 -0.204429 0.179923 -0.933382 -0.749782 0.044652 -0.798733 -0.066571 -0.961371 -0.625046 0.538679 -0.245798 0.546443 -0.910985 -0.919047 -0.798996 -0.984803 0.175629 -0.298529 0.707928 -0.943310 0.225132 0.215655 0.178540 0.692257 0.407017 -0.975862 -0.217735 0.789328 0.439715 0.501980 0.668460 0.427854 -0.141528 0.506066 -0.749342 0.072685 -0.756834 -0.841195 0.482215 -0.507384 -0.727585 0.766087 0.025970 -0.098362 -0.533763 -0.869652 0.109816
0.948577 0.792328 0.627839 -0.772185 -0.749487 0.182484 0.559935 -0.724356 0.409045 -0.946516 -0.706867 -0.869455 0.504493 -0.695301 0.128199 -0.509472 0.835621 0.329266 0.054017 -0.930408 -0.572507 -0.236590 0.952551 -0.902043 -0.491237 -0.794607 0.599127 -0.793693 -0.371227 0.938823 -0.260131 -0.825962 -0.343380 -0.812153 0.030245 -0.733760 -0.392571 -0.794677 0.383854 0.169628 0.495018 -0.469302 -0.041935 0.523475 -0.801644 -0.594696 -0.896217 -0.441780 0.619543 0.840979
-0.040128 0.143525 0.476850 0.945345 -0.281213 0.968453 -0.072573 -0.757149 -0.030290 -0.304368 -0.601382 0.675769 -0.227243 -0.685129 -0.303912 -0.090502 0.740207 -0.254770 0.882778 0.319402 -0.521332 -0.891967 -0.875558 -0.001383 -0.656248 -0.510221 0.298628 -0.178428 -0.105123 0.766834 -0.290504 -0.623572 0.089376 -0.550851 -0.313435 -0.188369 0.574026 -0.749112 -0.679889 -0.885637 0.652606 -0.474752 -0.779694 -0.817633 0.841838 -0.510784 0.463193 -0.382145 0.259927 -0.266671
-0.471474 0.828340 -0.660148 -0.805746 -0.837770 0.513828 0.698312 -0.037985 -0.326189 -0.450572 -0.997777 -0.008364 0.774169 -0.390115 0.895894 -0.211923 0.531898 0.938313 -0.593099 0.436692 0.219836 0.691466 0.612260 -0.334739 -0.441053 -0.162774 0.160690 -0.939354 0.628701 -0.512174 0.031755 -0.871567 -0.075779 -0.336208 -0.829880 0.868369 0.342539 0.725715 -0.749827 -0.832071 0.299825 0.949140 -0.105159 -0.144488 -0.194672 -0.276651 -0.760843 0.860456 0.466718 -0.701834
-0.501026 -0.033073 0.230221 0.376009 0.450691 -0.713495 -0.949397 0.944368 0.785510 0.760765 -0.184168 0.991592 0.183222 0.432044 -0.039614 -0.559334 -0.134416 -0.729121 0.992882 0.946250 -0.150552 -0.181097 -0.283718 0.416200 0.786319 -0.964720 0.810544 0.020087 0.387407 -0.206941 0.046569 -0.650808 -0.823325 0.211480 0.002230 -0.766367 0.203767 0.072717 -0.890468 0.945063 -0.911130 -0.589376 -0.010896 0.207899 -0.483852 -0.655180 0.190505 -0.329193 0.503656 -0.233669
-0.249816 0.189391 0.558557 -0.937759 0.718702 0.494152 -0.282732 0.602188 -0.753942 -0.938515 -0.714661 0.406738 0.864394 -0.639258 -0.628619 -0.633459 -0.436835 -0.085330 -0.671591 -0.403872 0.503777 -0.695009 -0.324830 0.787474 -0.816716 0.176285 0.414121 -0.153187 -0.820685 0.461968 -0.936970 -0.272281 0.685271 -0.544314 -0.427922 -0.312454 0.239440 -0.457185 0.424104 -0.528543 -0.240954 -0.250402 -0.956450 0.684966 -0.112592 0.335732 -0.568638 0.428875 0.055827 -0.315649

Bias v0 (Oculta):
0.196613
0.848147
-0.485888
0.764931
-0.789275
-0.699853
0.045336
0.392256
0.516034
-0.599157
0.297100
0.897593
0.247554
-0.489315
0.349267
-0.148811
0.637242
0.856601
-0.537135
-0.601220
-0.853201
0.446812
-0.083986
-0.280715
-0.658874
-0.771138
-0.187600
0.952552
0.762894
-0.943213
-0.169263
-0.786502
-0.007395
-0.625382
-0.192786
0.725588
0.761190
0.351705
-0.126180
-0.741083
0.241846
-0.296572
0.270171
0.386432
-0.477227
-0.655052
-0.435805
-0.675760
-0.970237
-0.336349

Pesos w (Oculta -> Sa獮a):
0.677238 0.234204 -0.997603 -0.398708 0.734966 -0.385219 -0.695049 0.443614 0.762246 -0.221191 0.754570 0.743308 0.486337 0.618418 -0.256602 0.344673 0.216630 0.368662 0.386131 0.892347 -0.743460 -0.422060 -0.911430 -0.171110 0.673912 -0.408916
0.989991 0.829091 -0.515703 -0.039590 0.132328 -0.233340 0.582961 0.965213 -0.542165 -0.170965 -0.872700 0.427417 0.354698 -0.991851 -0.383658 -0.005912 0.775204 0.393525 -0.313439 0.683800 0.850700 0.023306 -0.063662 -0.646633 -0.813327 -0.580531
0.039184 -0.749513 -0.700204 0.029969 0.359215 -0.996065 -0.649420 0.177662 0.043728 -0.305237 0.749921 -0.829519 0.479598 0.310460 0.964594 0.899840 -0.807664 -0.555531 0.270785 0.748140 -0.041909 0.726128 -0.259649 0.323591 0.546138 0.347207
0.036018 0.204919 -0.288631 -0.327569 0.493189 0.573319 0.735478 0.230211 0.166860 0.499583 0.222021 0.622311 -0.347877 0.229852 -0.981747 -0.004482 0.092594 -0.861572 -0.606207 -0.546235 0.521514 0.646676 0.652889 0.877914 0.383522 0.501922
0.554950 0.511428 0.651443 -0.665034 0.422771 -0.289565 0.005970 -0.664139 0.105435 -0.682761 0.386269 -0.760572 -0.625866 0.187889 -0.439863 0.564073 -0.001198 0.686638 0.441222 0.889545 -0.537302 0.692619 -0.973499 0.376191 0.440122 -0.196138
0.789914 0.402009 -0.739195 0.481670 -0.588464 -0.279291 0.033811 -0.901183 -0.969184 0.749640 -0.859173 -0.847057 0.694477 -0.617280 -0.124100 0.800197 0.068339 -0.718549 0.833348 -0.811436 -0.441237 -0.263608 -0.147708 0.758491 -0.655727 0.204106
0.726958 -0.296031 -0.631485 0.038073 0.897177 -0.718508 0.625946 0.955843 -0.779736 0.679536 -0.767190 -0.451515 0.705616 0.561499 0.642740 -0.626900 0.876889 -0.712018 0.056178 -0.602522 -0.627959 0.284478 -0.626051 0.053144 0.791415 -0.106893
0.883531 0.287672 0.442687 -0.044392 0.682704 0.865323 -0.729253 0.325224 0.468307 0.458335 0.696514 -0.830012 -0.179919 -0.369267 0.378198 -0.417361 -0.678016 -0.180469 0.106473 -0.265241 -0.084911 0.941447 -0.335591 0.670620 0.475614 -0.125186
-0.587490 -0.355136 0.201663 -0.295969 0.139208 0.768574 0.457873 0.489346 0.716729 0.845522 -0.930315 -0.484879 0.273271 0.586432 0.354905 0.873705 0.075507 -0.988008 0.358430 -0.897369 -0.191903 -0.589554 -0.662533 0.040978 0.883271 -0.598950
0.630899 -0.124747 0.824160 -0.045230 -0.593095 -0.623851 0.997818 -0.665012 -0.905269 0.332949 0.038849 0.195832 0.899536 0.303327 -0.669985 0.514522 0.305166 -0.367291 0.400046 -0.531849 0.574116 -0.702968 -0.936372 0.527916 0.748368 -0.689141
-0.705711 -0.952976 0.030258 0.143701 0.740219 0.020359 -0.756206 0.499762 -0.105565 0.838504 -0.775667 0.742549 0.224496 0.500459 -0.335794 -0.181260 0.519205 0.380231 -0.218083 0.960410 -0.038387 -0.214991 0.029760 0.888708 -0.350012 0.137870
-0.199015 0.036792 -0.107708 0.808734 -0.650967 0.086404 -0.564491 -0.135892 -0.537488 -0.446819 -0.779203 0.309590 -0.139522 0.727890 -0.474007 -0.300599 0.694165 -0.582418 -0.256779 0.181259 0.707600 -0.264669 -0.127068 -0.084372 0.940190 -0.905123
0.651744 0.527063 0.028267 0.449736 -0.440974 0.350477 0.634620 -0.039193 0.458548 0.894609 -0.708097 -0.738613 0.839043 0.764821 -0.121867 0.500998 0.458223 0.616699 -0.814047 -0.508773 0.494548 0.439857 0.364729 -0.233499 -0.816206 0.837424
-0.860546 0.939866 -0.884443 -0.829118 0.142277 -0.109268 -0.224136 -0.751149 0.481115 -0.510767 0.815090 0.912588 -0.438790 -0.504157 0.407668 -0.342767 -0.690068 0.167173 -0.473320 0.908202 0.284404 0.175795 0.138508 0.068423 -0.395166 -0.816064
0.378734 -0.141971 0.955892 0.616129 0.719268 0.480605 0.445745 0.922572 -0.164918 -0.311295 0.712737 0.504142 0.272541 0.076017 0.603202 0.605633 -0.148020 0.558391 -0.781958 -0.199969 -0.535192 0.042158 -0.526443 0.686413 -0.292651 -0.321620
0.549964 0.758555 0.069194 -0.810876 0.646431 0.033615 -0.818063 0.054346 -0.101183 0.378204 0.829892 0.141741 0.536759 -0.156465 0.539000 0.319874 0.807338 -0.226084 -0.199985 -0.039939 0.559813 -0.019805 0.623746 -0.571227 -0.011687 0.017085
0.358743 -0.635358 -0.976298 -0.915066 -0.994994 -0.562884 0.510614 -0.317877 0.095767 0.485632 0.047669 0.101792 -0.903927 0.966431 -0.196892 -0.390126 -0.260462 0.271082 0.330242 -0.602853 0.790174 -0.035803 -0.845939 0.257784 -0.594759 0.043909
0.886111 -0.375348 0.279662 -0.616468 0.465350 -0.144193 0.456389 -0.125795 0.483295 0.717032 -0.951280 -0.153266 -0.071304 -0.184355 0.214768 0.697805 0.809700 -0.034845 -0.485824 0.081291 -0.314951 -0.850796 0.663615 0.290231 -0.318743 0.779852
-0.968061 -0.908103 0.483757 -0.869910 0.262482 -0.322355 -0.423253 -0.729206 0.609917 0.501828 0.477210 0.575371 -0.768654 -0.985818 0.599964 -0.096566 0.332836 -0.326408 0.956447 -0.207207 0.464285 0.565070 0.159851 0.558567 -0.537355 0.016538
0.914707 -0.184288 0.563836 0.263476 0.544565 -0.850744 -0.685043 0.612424 -0.879211 -0.985418 -0.971905 0.619392 0.558138 -0.913256 -0.091810 -0.934942 0.182634 0.284741 0.844806 0.812989 0.518998 0.946116 -0.424035 -0.589996 0.585703 -0.434499
0.638928 0.600527 -0.716170 0.646697 0.911570 -0.401166 0.408896 0.349846 -0.394701 0.512930 0.782961 0.617403 0.652015 0.631460 -0.250916 -0.862544 -0.976334 0.162825 0.500432 0.359245 -0.779454 -0.597627 0.890984 -0.086646 -0.105790 -0.130699
-0.117665 -0.832530 -0.896644 -0.512903 0.663437 -0.432614 -0.263664 0.197002 0.992709 0.934178 -0.952723 0.773807 0.230836 0.306218 -0.424745 0.927999 -0.046087 0.293913 0.898659 -0.880642 0.926521 -0.534532 0.220536 0.120693 -0.094992 0.019927
-0.560655 0.110981 -0.223757 0.034253 -0.896361 -0.239673 0.022337 -0.826859 0.390298 -0.369781 0.787042 0.014576 -0.147862 -0.042387 0.146909 -0.037505 -0.351491 0.949396 0.477806 -0.455774 -0.068466 -0.606358 0.896126 -0.843181 0.502464 -0.167282
-0.883655 0.815167 0.089396 0.789793 0.794190 0.670511 0.185014 -0.752773 -0.749584 0.666244 0.875848 -0.825739 -0.488446 0.075424 0.408742 0.213524 0.945481 0.891661 -0.271514 -0.774511 -0.445155 0.586860 -0.932463 -0.884606 0.553048 0.460693
-0.845925 0.966657 0.221432 0.197996 0.293945 0.127339 -0.467281 0.276656 0.792860 -0.098256 0.156347 0.687264 0.215329 -0.668024 -0.790908 -0.114786 -0.121543 -0.239197 -0.291886 0.798143 0.887529 -0.526369 -0.062490 -0.994890 0.082242 0.196939
0.663674 0.210727 0.928989 0.783143 -0.716765 -0.585988 -0.837000 0.706521 -0.875832 -0.043742 -0.636785 -0.384950 0.388652 -0.165295 -0.826016 0.146869 -0.384243 0.926530 -0.542578 -0.615354 0.451828 -0.177334 -0.679005 -0.374006 -0.431943 0.589150
-0.289372 -0.934567 0.911802 -0.052823 0.012398 0.334682 -0.598954 0.907469 0.211894 -0.987141 0.242320 0.273489 -0.441062 0.942403 0.369820 0.615532 0.940585 0.393001 -0.966855 0.404520 -0.673770 0.724866 0.143394 -0.604856 0.183873 0.137108
0.292055 -0.096651 0.570469 -0.590191 0.562304 0.000284 0.087079 -0.199487 0.167917 -0.973443 0.029963 -0.264311 -0.554631 -0.680303 -0.170554 0.589243 0.936107 -0.601856 -0.625298 0.996456 0.794514 -0.385620 -0.878022 -0.321215 0.108803 0.828824
0.208265 0.278607 -0.818305 -0.134885 -0.658870 -0.121254 0.927626 0.351694 0.113425 0.040819 0.148234 0.745969 0.573918 0.210743 -0.644964 0.956296 0.822313 -0.034887 -0.265917 -0.502841 -0.979283 0.284734 0.274327 0.579162 0.749813 0.081026
-0.302906 -0.305177 0.433226 -0.640970 -0.821430 0.522333 0.074392 -0.147045 0.851733 -0.398651 -0.921862 -0.366738 0.162883 0.243588 -0.668791 0.868852 0.891413 0.595269 -0.862317 -0.450558 0.700792 -0.689526 0.600939 -0.695359 -0.562178 -0.860752
0.277731 -0.463327 0.326188 -0.509489 0.133596 0.733429 -0.614102 0.437612 -0.853445 -0.511928 -0.508319 0.561002 -0.254472 0.211067 -0.443534 0.690916 -0.745298 -0.586070 0.095072 -0.613451 0.527327 0.935765 0.211644 0.863883 0.176965 0.471407
-0.258661 -0.238928 -0.849616 0.700444 0.492714 0.863381 -0.903163 -0.518300 0.313487 0.816289 -0.545479 -0.320308 -0.181862 -0.578705 -0.268556 -0.393668 -0.777497 -0.559422 0.684937 -0.852362 0.507801 -0.138157 -0.795884 -0.830543 -0.815138 0.091233
-0.454345 -0.626968 0.534211 -0.896078 0.187117 0.291217 -0.797077 0.184144 0.353616 0.369537 -0.656600 0.423706 0.784491 -0.679364 -0.086222 0.579404 -0.414892 -0.618630 0.417187 0.896902 -0.175544 -0.571333 -0.466715 0.142253 0.378864 0.053661
-0.924367 -0.424092 -0.653261 -0.037680 0.833916 -0.951717 0.781829 -0.468923 -0.267192 0.183237 0.574848 -0.350408 0.977924 -0.645772 0.018918 -0.146524 -0.316990 -0.085678 0.273224 0.300336 -0.452362 0.719663 -0.094906 0.161515 -0.488958 -0.486872
-0.329390 0.553584 -0.541707 0.089383 0.535418 0.909988 -0.102997 -0.438631 0.562746 0.232071 -0.904935 -0.899358 0.811199 0.951858 0.773606 -0.142025 -0.925727 0.512681 0.252301 -0.244192 0.042197 0.419628 0.243207 -0.529273 -0.409531 0.618887
-0.872896 -0.046705 0.437395 -0.956590 0.977180 -0.382709 -0.270718 0.573438 0.995542 0.529079 0.308507 0.544035 -0.574075 0.064537 -0.268495 -0.820327 0.566044 -0.425243 -0.412525 0.488179 -0.115060 -0.852279 -0.935839 -0.271614 -0.033446 -0.710072
0.796407 0.229859 0.953595 0.604790 0.149579 0.837974 0.942934 -0.971421 -0.065228 0.506304 -0.507214 0.023945 -0.548206 0.193101 -0.059281 0.168568 -0.266804 0.906871 -0.281931 0.685812 -0.669585 0.849066 0.184404 0.503903 0.770853 0.155053
0.468680 0.172710 0.200646 -0.106843 0.279238 0.715176 0.965354 0.878484 0.145512 -0.826132 -0.971445 0.217345 0.290341 -0.572483 -0.128834 0.871036 0.812340 -0.993837 -0.504432 -0.277214 -0.956110 -0.441691 -0.956943 0.446293 0.607844 0.038510
-0.604371 0.227408 -0.160443 -0.651959 -0.911072 0.090706 0.847637 -0.935802 -0.563355 0.484472 -0.645771 -0.649430 -0.986365 -0.921248 0.150316 -0.906461 -0.127869 -0.570687 -0.184951 -0.505837 -0.042550 0.024528 -0.603896 0.806235 0.217072 0.994904
0.251126 -0.995083 0.241917 0.592943 -0.409476 0.313865 -0.968897 -0.565139 -0.387712 -0.468288 0.827507 -0.836355 0.253194 -0.077561 0.232722 0.387591 -0.837176 0.793805 0.480905 0.215833 0.681432 -0.158799 -0.452652 0.303258 -0.702445 -0.992006
-0.622980 -0.348098 0.179099 0.304505 -0.684404 -0.831003 0.672295 -0.809917 -0.037953 0.865746 -0.697726 -0.572131 -0.339039 -0.033400 0.381013 -0.557213 0.394862 -0.224700 -0.047056 -0.118840 -0.960017 -0.076143 0.271620 -0.087802 -0.013893 0.614306
0.531743 0.115070 -0.862844 -0.820522 0.771747 -0.903170 -0.696201 -0.542256 0.338175 -0.063834 0.058629 0.724635 -0.824546 -0.875568 0.146416 -0.545650 -0.438396 -0.853520 -0.998207 -0.396236 -0.174094 -0.837390 -0.373930 0.386763 0.267338 0.794749
0.587157 0.491865 0.222937 0.641489 0.680679 -0.963926 0.805311 -0.913445 0.421195 -0.134543 -0.968443 -0.549758 0.070505 0.738501 -0.446367 0.449185 -0.571002 -0.762218 0.343148 0.084911 -0.765217 -0.068672 0.659643 -0.312561 -0.681253 -0.981106
-0.843553 0.594204 -0.215058 -0.170759 0.717966 0.241187 0.572771 -0.481020 -0.392701 0.151078 -0.003802 -0.517776 0.098990 0.030261 -0.719043 0.838970 0.544095 0.734530 -0.124112 0.125191 0.636175 0.794655 -0.378434 -0.475475 0.222042 -0.808720
-0.769362 -0.159363 0.270223 0.133835 0.186924 -0.019147 -0.616008 0.544496 0.343140 0.144089 -0.668071 0.681726 0.268777 -0.636151 -0.575909 0.250423 -0.694184 -0.871940 -0.364861 0.183481 0.338627 0.139839 0.672027 0.510640 -0.481300 0.041659
0.697067 -0.033615 -0.567591 0.617067 0.960042 -0.706040 0.729142 -0.969681 0.198976 -0.029606 0.067124 0.488566 -0.052276 -0.284157 0.205575 -0.966382 -0.780390 0.805293 0.377482 0.726841 -0.242738 -0.394264 0.001722 -0.942325 -0.719815 0.158124
-0.661807 -0.880496 -0.715705 -0.882173 -0.228821 -0.668268 -0.349625 -0.050155 0.555131 -0.500480 -0.742874 0.939210 -0.189258 0.882805 -0.263086 0.331827 -0.336676 0.079030 -0.516845 0.633555 -0.435533 0.470823 0.783923 0.963903 0.432219 0.141709
0.511392 0.904726 -0.464702 0.392109 -0.435672 -0.369501 0.796135 0.982277 0.151580 0.760993 -0.022189 -0.865023 -0.747431 0.782493 0.991044 -0.149508 -0.797128 0.164881 -0.352268 0.012092 -0.346305 0.853447 -0.617409 0.166365 -0.911416 0.222015
-0.868347 -0.880300 -0.371786 -0.681686 -0.474778 -0.811985 0.975330 -0.502299 -0.434724 -0.618455 0.744239 0.759350 0.638175 0.715083 0.454986 0.520423 0.007890 0.703391 -0.753813 -0.242332 0.656389 0.920531 -0.968072 0.246428 -0.385020 0.610330
0.700104 0.492836 -0.504542 0.006983 -0.487496 -0.875622 -0.540113 0.430951 0.278448 -0.426305 -0.386613 -0.943541 0.690821 -0.481708 0.232321 -0.074041 -0.013595 -0.291826 0.398583 -0.531618 -0.827156 0.732642 0.448628 0.042146 0.661012 0.519941

Bias w0 (Sa獮a):
-0.397884
-0.862929
-0.163328
-0.529363
-0.671033
-0.547949
-0.709769
0.574238
-0.815430
-0.289347
0.227433
-0.388326
0.767591
-0.881371
0.051695
0.600043
-0.561449
0.442544
-0.009125
-0.250107
0.649846
-0.659808
0.566096
0.105160
0.695672
-0.044156
