Pesos v (Entrada -> Oculta):
0.527570 0.417854 0.453566 -0.709020 0.358365 -0.468482 0.244533 0.979176 0.009858 -0.077366 0.665030 -0.158698 -0.264034 0.334375 0.246725 0.465146 0.424280 0.885340 0.107822 -0.604017 0.784559 0.722710 0.842935 0.646726 -0.716942 -0.251711 -0.284899 0.793011 -0.073802 -0.313583 0.154630 -0.448517 -0.455136 -0.486286 -0.875060 1.015256 -0.112127 0.571481 -0.723327 -0.915214 0.773307 0.685362 -0.732753 -0.363796 0.466463 -0.113435 -0.861238 0.622364 0.734173 -0.296920
-0.754504 0.060625 -0.513187 -0.073074 -0.345968 -0.286341 -0.403250 -0.642185 -0.939853 -0.292051 0.312935 -0.047294 -0.301956 0.856896 0.186113 0.477962 0.523542 -0.305376 -0.504075 -0.784562 0.263400 0.094024 0.202213 0.470878 0.962985 0.469688 -0.067014 0.480266 -0.390767 0.018149 0.621566 0.037866 -0.430475 -0.767731 -0.318402 0.000120 0.248951 0.051175 -0.012119 0.317861 0.932528 -0.360519 0.059912 0.555824 0.499604 -0.222931 0.224071 0.230673 -0.186393 -0.651533
-0.446797 -0.408396 -0.332536 -0.771944 0.326433 0.630089 0.503213 -0.675391 0.695827 1.107570 -0.771635 -0.378288 0.593688 -0.923157 -0.620959 0.080624 -0.241638 -0.048414 0.727037 -0.350498 -0.126186 0.106303 -0.720562 -0.348265 -0.691368 0.362703 -0.409852 0.032472 0.184477 -0.579705 -0.734166 1.002332 0.777202 0.154749 0.847814 0.746758 -0.815729 0.790089 0.048375 -0.258500 -0.815600 0.182160 -0.091935 0.486603 -0.387737 0.855372 0.228496 -0.646586 -0.158740 -0.643885
-0.575807 0.447831 1.035567 0.758301 0.510597 0.574135 0.180613 -0.144075 -0.570723 0.383069 0.160902 -0.592497 -0.514723 0.196671 -0.628853 0.939298 -0.229669 -0.997349 0.956190 0.603705 -0.565830 0.994952 0.441852 -0.888722 0.104585 0.866623 0.159482 0.602646 0.630146 0.632206 -0.993659 -0.402438 -0.666777 0.356526 0.410841 0.199015 -0.793419 -0.199702 -0.321862 0.356328 0.826138 -0.586138 -0.247664 0.196614 -1.033537 0.820188 0.655200 -0.796079 0.747776 -0.247988
-0.865400 -0.944819 0.597218 -0.021874 -0.959982 -0.722988 0.323682 0.424451 1.023457 -0.853565 0.254947 0.634086 -1.022740 0.300098 -0.110961 0.412048 -0.098106 0.520226 0.920657 0.646043 -0.322646 0.304613 -0.840612 -0.282514 -0.810994 -0.390303 0.008265 0.412439 -0.429943 -0.127839 -0.842569 -0.724746 -0.755699 0.981783 0.423358 -0.923851 -0.462723 -0.410011 0.632660 0.203135 0.201630 -0.029949 0.289330 0.608474 0.543132 -1.115346 -0.980239 0.038427 -0.330250 -0.837571
-0.816637 0.413027 0.235697 -0.994446 0.029118 -0.071296 -0.217249 0.511533 -0.313751 -0.057651 0.243510 0.423342 -0.042389 -0.388504 -0.986906 -0.507692 -0.977898 -0.453561 -0.389252 0.435726 -0.781344 -0.643036 0.223375 0.653032 0.547502 0.794599 -0.277962 0.356758 -0.467408 -0.835258 0.325744 -0.609449 0.789749 -0.731980 0.498611 0.768889 0.412997 -1.089974 -0.804004 -0.742285 -0.438624 0.242190 0.354164 0.940861 0.291566 -1.278892 -1.017997 0.055794 0.394615 -0.130707
-0.723580 0.131681 1.028023 0.841249 -0.324173 -0.077602 0.189521 0.069676 0.130055 0.583469 -0.520364 0.273887 0.259237 -0.679113 -0.157003 -0.419025 0.659550 0.273057 -0.660670 -0.529244 0.510900 -0.112074 0.857984 -0.403713 0.291387 -0.461307 0.131522 -0.068955 -0.016605 0.947464 -0.213907 1.067271 1.272395 -0.239598 -0.694102 0.303911 -0.058840 -0.716011 0.118272 -0.772438 -0.694326 -0.702030 -0.160049 -0.490069 -0.117989 0.284890 0.081269 -0.572920 -0.714340 -0.191187
-0.903206 0.532587 0.291196 -0.455969 -0.019034 -0.002966 -0.554182 -0.188657 0.558447 -0.843883 0.436717 0.412266 -0.178392 0.012962 -1.010530 0.560001 0.966149 -0.486610 -0.582068 0.444436 -0.084115 0.542107 0.281485 -1.111007 -0.769826 0.030757 0.335281 0.030530 -0.744387 0.843569 -0.530035 -0.090269 -0.535928 -0.081750 -0.308982 0.094897 0.884888 -1.038512 0.262592 -0.598286 -0.123182 0.779584 -0.219239 -0.739367 0.177931 -0.452346 0.836628 0.721891 0.612106 0.861741
-0.786890 0.373803 -0.726256 0.742800 0.271489 0.240146 -0.196719 0.194464 0.568325 0.381932 0.078410 0.371505 -0.154403 0.305155 -0.251014 0.147217 0.859658 -0.551321 -0.360773 -0.148047 -1.011015 -0.251547 -0.381173 0.755032 0.690924 -1.008368 0.681376 -0.903924 0.059700 -0.008212 0.779600 -0.427270 -0.155355 0.360576 -0.202651 0.659382 0.412234 0.238381 0.068867 0.039062 -0.029741 -0.052942 0.371599 -0.883698 0.520230 -0.778039 -0.632837 0.397051 -0.588551 -0.146568
0.655967 -0.253695 -0.422696 0.542709 -0.377123 -0.877723 -0.433555 -0.487218 -0.710741 -0.376793 0.854828 -0.103675 0.086598 -0.076028 -0.871040 -0.105927 0.437937 0.613926 0.843316 -0.577537 0.711266 -0.820118 0.160159 0.222560 0.514109 0.792785 0.188060 0.617450 -0.735786 -0.886397 0.803224 -0.545963 -0.696036 -0.011781 0.785445 -0.563111 -0.037846 0.780294 -0.714912 -0.525301 0.755801 0.509635 -0.987508 0.416725 0.420251 -0.237972 0.282640 0.592571 0.526503 0.364164
-0.901392 0.603035 0.176518 -0.503482 0.415191 0.643156 1.008246 0.978510 -0.624107 0.275073 0.208957 -0.366697 -0.922607 -0.055414 0.891298 0.747984 0.137504 -0.866409 1.031296 0.243989 0.158941 -0.840022 -0.300649 -0.080450 0.759855 -0.290391 -0.501962 -0.290642 -0.610717 0.992015 -0.558621 -1.016485 -0.662319 -0.035541 -0.803678 -0.500042 0.612478 1.026101 -0.918377 0.720476 -0.821742 0.760258 -0.457587 -0.070485 0.629221 -0.753116 0.540808 -0.807709 -0.276506 0.027491
-0.702921 -0.809435 0.847763 0.515864 0.281723 -0.015182 -0.708125 0.641336 -0.004363 0.725056 -0.693462 -0.114451 -0.595368 -0.964278 0.304495 -0.701352 0.739328 0.043691 0.569837 0.283998 0.746110 0.790835 0.763105 0.828497 -0.888578 -0.573961 0.702505 0.097481 0.695552 0.028796 -0.151242 -0.757679 0.654925 -0.391471 0.649435 0.505509 -0.102186 -0.385236 0.223104 0.970519 -0.940981 -0.825936 -0.193504 -0.538167 -0.321201 0.725954 0.502627 -0.479642 -0.531331 -0.210003
0.729978 -0.007191 -0.192334 -0.835788 0.726452 -0.533482 -0.821063 -0.866223 0.714680 -0.358450 0.409880 0.857871 -0.055935 0.455177 -0.628159 0.571541 0.187335 0.469493 0.995651 0.614762 -0.827325 -0.643732 0.022630 1.115961 0.309732 -0.068446 0.890872 -0.809663 0.375863 -0.904072 0.680883 0.427616 0.426651 -0.251758 0.286294 -0.513761 0.344303 -0.817294 -0.713190 -0.682025 0.228359 0.647441 -0.235171 0.640411 0.591018 0.080485 0.592851 0.592849 0.366157 0.001564
0.006261 -0.672616 0.139895 0.636811 0.159180 0.152675 0.070277 -0.132738 0.428295 0.763742 0.643597 -0.290534 0.198009 0.073895 -0.434177 -0.531370 0.626776 -0.547627 0.487807 -0.138764 -0.722778 0.873531 0.380120 -0.452141 -0.103052 -0.940666 -0.516750 -0.701604 -0.754548 0.344767 -0.554407 -0.486362 -0.264204 0.103906 0.295066 -0.845601 0.264206 0.842084 0.118787 -0.523973 -0.092301 -0.397792 0.544301 -0.684530 -0.886140 0.582665 -0.642409 -0.704795 0.423169 0.369448
-0.142099 0.403749 0.722711 0.460623 0.668927 -0.064327 -0.157631 -0.601924 -0.856878 0.749899 0.580783 -0.400202 -0.157027 0.158899 0.228439 -0.300074 0.632300 0.934287 0.085737 0.489258 0.732505 -0.131174 -0.162631 0.209837 0.023589 -1.026617 -0.157912 0.754454 -0.459183 -0.590390 -0.860188 -0.386464 0.414877 0.625636 0.422251 -0.752285 0.245204 0.421475 -0.348818 -0.455662 -0.616595 0.584685 -0.559594 0.678474 -0.620748 0.060677 -0.798861 0.012082 0.364471 0.143296
-0.815323 -0.036141 0.092457 0.492886 -0.929857 -0.649880 0.065651 -0.976578 -0.569698 -0.322339 0.261116 -0.921113 0.645843 -0.402138 0.033620 0.424605 0.190643 -0.148194 -0.300745 0.562416 0.059281 -0.437237 -0.459379 0.523131 -0.250456 -0.918188 -0.048777 0.590239 -0.378156 0.025303 0.093562 -0.682382 0.635263 0.448435 0.643959 0.601682 -0.712589 0.184406 0.884040 0.325161 -0.134540 -0.410936 0.877519 -0.294508 -0.664610 0.036959 -0.638585 -0.569365 -0.220469 0.264499
-0.932243 -0.890614 0.933063 0.421614 0.559731 0.940000 0.436883 0.711071 -0.901989 0.575113 -0.120804 0.018159 -0.869906 -0.273167 -0.534575 0.536362 -0.194455 0.274930 0.235914 -0.064719 -0.612591 -0.100275 0.495483 -0.234326 -0.861209 0.364047 -0.939606 0.123881 -0.576626 -0.892982 -0.738748 -0.836680 0.193881 0.491684 0.855904 -0.605972 -0.453261 0.019815 0.115619 -0.224839 0.138840 0.151946 -0.591210 -0.273271 -0.047988 0.530631 -0.675938 -0.326067 -0.089394 -0.405566
0.632753 -0.805722 1.010639 0.550885 -0.288681 1.133201 -0.624239 -0.071454 0.859826 0.216102 -0.281408 0.909142 -0.341936 0.043988 0.588388 0.429802 0.884018 -0.485251 -0.638329 -0.030262 -0.914960 0.506861 -0.156169 -1.241095 -0.769546 1.036599 -0.323983 0.438701 0.741829 -0.033842 0.294317 0.211441 0.150435 1.051161 0.815452 0.792318 -0.992885 -0.096453 -0.990609 -0.207048 0.608796 0.337418 -0.478693 0.582573 -0.159413 0.545293 0.971563 0.343629 -0.446929 -0.892938
0.001529 0.878474 0.465049 -0.257378 0.493506 -0.115474 -0.032432 0.933681 0.750292 -0.271560 -0.018550 -0.098139 -0.512349 -0.620635 0.520148 0.636049 -0.127751 -0.580876 -0.715683 0.753474 0.339113 0.674770 0.477647 -0.301847 -0.962921 -0.011488 -0.783899 0.685040 0.576300 0.577738 0.274453 -0.175600 -0.002768 -0.003613 0.510308 -0.563517 -0.692874 -0.208837 -0.678426 0.702211 -0.501352 -0.749845 0.257796 -0.386194 -0.105700 -0.170649 0.549113 0.049672 0.494864 0.108132
0.382591 -0.827740 -0.498556 0.762110 -0.723877 -0.266731 -0.785785 0.271582 0.236372 -0.366055 0.866514 0.901816 0.290722 -0.219800 -0.048557 0.407251 0.349988 -0.840819 -0.111108 -0.955667 0.025394 0.698737 0.460964 -0.357411 -0.091408 0.754692 -0.702447 -0.495565 0.872340 -0.836542 -0.883657 0.489910 1.160033 -0.522177 1.024879 -0.932808 -0.825412 -1.275531 -0.462754 -0.482792 -0.033121 -0.889815 0.855916 0.518403 0.484433 -0.196225 -0.143149 0.589570 -0.307343 0.512322
0.364498 0.872965 -0.105667 0.851019 -0.884203 -0.012320 0.773394 -0.301656 0.032576 -0.416147 -0.596913 0.374360 -0.280335 0.147742 0.283969 -1.007088 -0.183644 0.979023 -0.828872 -0.364522 0.391369 -0.465151 0.576821 -0.481951 -0.214238 -0.557410 -0.709430 0.427560 0.500422 0.847912 -0.101898 -0.585100 -0.716157 -0.407487 0.167610 0.029199 0.113678 -0.022223 0.866452 0.600729 -0.618151 0.908672 -0.494327 -0.072222 -0.426771 -0.794135 -0.754288 0.783841 -0.666850 0.397696
-0.815903 0.788786 0.155461 0.568816 0.068966 0.270213 -0.669565 0.075200 0.786991 -0.072632 0.527377 0.633479 0.359966 -0.864787 0.711919 0.869540 -0.871519 0.546035 -0.841782 -0.014279 0.948481 0.185378 -0.185987 1.166158 -0.673896 -0.898476 0.234816 0.270683 -0.128115 0.145361 -0.460108 -0.443391 -0.991709 0.199886 0.406325 0.798008 -0.428138 0.436378 0.572948 0.833366 -0.482561 0.194897 0.129840 0.439217 0.101146 0.373554 -0.372613 0.633361 -0.779454 -0.834932
-0.196361 -0.800189 -0.088635 0.873402 -0.565652 -0.053718 0.445717 0.158657 -0.718328 -0.125729 0.851087 -0.544013 -0.668434 0.635787 0.881036 0.556321 -0.249211 0.688434 0.261217 0.619044 -0.697699 0.391325 -1.048299 -0.502010 0.191585 -0.629937 -0.081357 0.706651 -0.366949 -0.636901 -0.433289 0.830641 -0.879492 -0.216214 -0.686246 0.852049 0.029480 -0.533833 -0.734885 0.323812 0.768736 0.541488 -0.899202 -0.889621 -0.797878 0.729603 0.210163 -0.310266 0.043955 0.358365
-0.257030 0.292163 -0.648163 0.559132 -0.113957 0.049951 0.929710 -0.892975 -0.415181 0.874374 -0.632474 0.655196 -0.384564 0.344845 -0.740832 0.416494 0.767810 0.836914 0.615192 0.611967 -0.325534 0.759340 0.254544 -0.152230 0.565767 0.053626 0.031623 0.439782 0.657908 0.038945 -0.544445 0.593827 0.043569 -0.451639 -0.033808 0.147684 0.731867 -0.328709 -0.703811 0.576342 0.497309 1.028477 0.297185 0.497014 -0.312655 0.028261 -0.431531 -0.209796 0.091562 0.744566
-0.963769 -0.579513 -0.603581 0.716947 0.714290 0.331865 0.123227 -0.167842 -0.232851 -0.148869 -0.070895 -0.530995 0.771610 -0.855624 -0.954273 -0.601739 0.227412 -0.925110 0.862070 -0.913331 0.733694 -0.885084 0.245951 0.181847 -0.643921 -0.581097 -0.660925 0.289327 0.408081 0.432694 -0.233579 0.419142 -0.208683 0.656124 0.896631 0.470983 -0.978455 -0.745623 -0.503637 -0.272969 0.463992 0.011872 -0.309839 -0.384985 0.177088 -0.333981 0.329843 -0.642519 -0.272017 0.301635
-0.307888 -0.240119 0.210359 0.038420 -0.308246 -0.552906 0.824154 0.767985 -0.358724 0.469581 -0.502386 -0.466974 -0.245460 -0.157184 -0.617065 0.758577 0.135162 0.328314 0.564967 -0.016404 0.284208 -0.410100 0.460374 -0.251756 1.012674 -0.295158 -0.437390 0.034604 -0.251045 0.261373 0.349036 -0.394391 -1.094263 -0.502804 0.745983 -0.228190 0.925206 0.815892 -0.614637 0.208075 -1.055246 0.805254 0.350297 0.302271 0.228453 -0.293962 -0.754487 -0.750594 0.680183 -0.212337
0.169802 -0.676046 -0.719921 0.573678 0.428673 0.217382 0.626189 -0.165366 -0.017758 0.847645 1.056617 0.692775 0.109810 -0.604624 0.955085 0.234518 -0.768732 0.400313 -0.035713 0.799260 -0.050564 0.092891 -0.187394 -0.595521 0.887473 0.646828 0.240188 -0.927079 -0.628262 0.406419 0.652833 -0.054289 0.803112 -0.448033 0.532412 0.181593 0.215316 0.413756 0.099557 0.278087 0.767603 0.381020 -0.355275 0.184064 -0.417202 0.221070 0.927257 0.947576 0.575118 -0.692156
0.820154 0.600872 -0.295088 0.347525 0.632329 0.212276 -0.819379 -0.095868 0.884528 -0.418056 0.345478 -0.363007 -0.722029 0.643131 -0.134440 0.964656 -0.993157 0.039470 -0.303727 0.850706 0.015722 0.608272 0.910279 0.302245 -0.683273 0.074726 -0.403513 -0.397898 0.686528 -0.707624 -0.487280 0.275498 -0.370226 -0.390358 -0.360239 0.046246 -0.962130 0.667769 -0.792180 0.093298 0.080077 0.647134 0.303854 0.339428 -0.531580 -0.557154 0.418781 0.507807 -0.738562 0.022432
-0.813186 0.279484 0.056638 -0.579352 -0.122674 -0.534369 -0.926559 -0.881158 -1.001294 0.020937 -0.394481 -0.134267 0.782435 -0.361800 -0.716326 0.727310 -0.335455 -0.352744 -0.717505 -0.291963 -0.252317 -0.299586 -0.307667 -0.137804 -0.018034 0.562804 -0.826644 -0.301023 0.961267 -0.357754 -0.331204 -0.994632 0.766853 0.794541 -0.006148 0.577153 -0.320825 -1.307721 -0.374078 0.780669 -0.775542 0.423830 0.952717 0.616359 -0.447271 0.099458 0.512330 -0.820664 0.072592 -0.772206
0.848000 -0.479254 -0.372877 0.833294 0.924139 -0.305639 -0.490545 -0.741926 0.729364 0.651464 0.479224 0.628233 -0.186121 -0.026681 -0.215196 0.228544 -0.757787 -1.084417 -0.450938 0.930458 -0.736248 0.090542 -0.070863 -0.181061 0.360609 0.423739 0.596222 -0.851324 -0.421792 0.319994 -0.764085 -0.558045 0.545291 -0.706091 -0.508270 0.213458 0.588884 -0.087932 -0.876430 0.306792 0.919875 -0.443598 0.057965 0.538276 -0.373152 0.361517 0.577544 -0.078766 0.755899 0.600980
0.292484 0.604577 -0.669834 0.589223 -0.428483 0.496036 0.448227 -0.535142 -0.315752 0.021019 0.308578 -0.544385 0.292074 0.594875 0.485555 0.818751 0.677278 -0.374206 -0.141290 -0.027199 0.566182 0.354268 -0.670021 -0.997689 -0.121143 0.737475 -0.540749 -0.166508 -0.907925 0.259324 0.181525 0.890756 0.878828 0.431216 0.239046 -0.633808 -0.857184 0.701608 -0.133383 -0.567312 -1.018132 -0.338814 0.995797 -0.342347 -0.487250 -0.516709 1.005640 0.312494 0.670298 0.664524
0.845398 -0.990188 0.361343 0.951342 0.080674 0.178715 0.605061 0.643232 -0.070166 0.215446 -0.157216 -0.039546 -0.300227 0.583076 0.564624 -0.544288 0.502682 0.380636 -0.920019 0.685522 -0.996152 -0.793989 -0.418044 -0.259876 0.825578 1.127094 0.564536 -0.805936 -0.677429 0.323860 -0.452156 -0.410530 -0.268097 0.325942 -0.021510 0.272731 -0.060961 -0.733362 -0.027944 0.622383 1.011837 -0.932902 0.519950 -0.334327 0.649530 -0.455222 -0.176833 0.296053 0.435864 -0.894642
0.372174 0.905827 -0.449907 0.115027 0.457841 -0.578961 -0.712503 -0.259345 0.891893 -0.641730 -0.032560 0.854001 0.792453 0.088216 -0.364341 -0.592904 0.460604 -0.769982 -0.595504 0.492477 0.332764 -0.840796 -0.502641 -0.931157 0.723708 -0.125813 -0.415252 -0.674237 0.809939 0.466909 0.843119 -0.808384 -0.698255 -0.389779 0.822626 0.492714 -0.676542 -0.326696 0.776665 0.028275 0.728996 0.101730 0.558678 0.516564 -0.671849 -0.619876 0.391152 -0.069190 0.431894 0.048159
-0.753298 -0.978370 -0.320209 -0.685681 0.643063 0.620308 -0.749990 -0.189572 -0.485289 0.530328 -0.629352 0.249514 -0.681831 -0.033872 0.949565 -0.245478 0.531268 0.134197 -0.790065 0.123439 0.180848 0.558863 0.594397 -0.659432 -0.048871 -0.116798 0.962466 -0.970518 0.004520 0.642486 -0.340179 -0.248247 0.946687 0.001727 0.383424 -0.314713 -0.452704 0.094528 0.882242 -0.419139 0.635920 0.364816 0.549834 0.976624 -0.734752 0.491143 -0.394121 0.789120 -0.820570 -0.587888
0.006488 -0.358844 -0.642948 0.929155 0.882962 0.583469 0.929384 0.275161 -0.271426 1.007995 -0.332718 -0.551169 -0.936143 0.027320 0.015330 -0.261270 0.546861 -0.320579 0.549517 -0.086311 -0.095999 0.689394 0.498355 -0.259548 -0.753724 0.876569 -0.445525 -0.307363 0.516078 0.538494 0.114663 0.754817 0.445407 -0.592954 -0.699007 -0.916498 0.625573 0.376699 -0.991619 0.964526 0.386784 -0.166566 0.975057 0.167049 0.021440 0.808647 0.371784 -0.475591 0.062386 0.864177
0.224527 0.197155 0.098373 -0.268630 0.733904 0.140414 0.081120 0.070307 0.148288 0.250017 0.013621 -0.603575 -0.269620 0.587700 0.273195 -0.278448 -0.053639 0.715841 0.182472 0.804257 -0.677735 0.792599 0.382908 -0.367959 -0.922685 -0.757083 -0.547188 -0.354799 0.923656 0.176436 1.041685 0.139301 0.676389 -0.332548 0.647505 -0.306856 0.339212 -0.334494 0.139718 -0.775684 0.500876 0.062835 -0.822249 -0.057982 1.029919 0.652939 -0.081123 -0.179339 0.423539 -0.255603
0.342097 0.105845 -0.134098 -0.377585 -0.054754 -0.872639 0.248839 -0.657570 -0.345641 0.634586 -0.055940 0.608643 -0.060334 0.550525 -0.243140 0.302470 0.389640 -0.824918 0.688041 -0.062455 0.536903 0.262729 0.861414 -0.873080 -0.389166 -0.554514 -0.072256 -0.698119 -0.009938 0.795202 0.781423 0.396822 -0.811155 0.092925 -0.500219 0.986753 -0.939744 -0.309273 0.080933 -0.646155 0.415255 -0.554572 -0.128952 0.520760 0.085587 -0.087697 0.274477 -0.272549 0.002138 0.783081
0.622469 -0.159098 -1.057215 0.553370 0.599821 -0.618813 0.525420 -0.968187 -0.722784 0.592342 -0.524117 -0.870575 -0.391256 -0.520922 -0.439332 -0.252701 -0.948503 0.175288 -0.193855 -0.272069 0.544735 0.722199 0.430232 0.116052 -0.565660 -0.303418 -0.290501 -0.211635 -0.646731 0.578566 -0.417811 0.523315 -0.270830 0.168858 0.081510 0.761441 -0.584465 0.229351 0.735411 -1.021597 0.298130 0.283532 0.065798 0.015194 -0.050261 -0.754758 -0.907351 -0.284151 0.514341 -0.793644
0.756951 0.474427 0.046367 -0.908918 -0.741208 -0.539598 0.824675 0.932555 -0.027381 -0.310584 0.957705 -0.013616 -0.824454 0.452875 0.899045 0.660402 0.860626 1.041534 0.948158 -0.228229 0.734651 0.455746 0.138931 -0.060562 0.085171 -0.224570 -0.443995 0.277704 -0.952505 -0.067525 -0.543573 0.148190 -1.041736 -0.510463 0.818464 -0.284348 -0.075371 0.404339 -0.727722 0.176236 -0.061648 -0.245786 0.458795 0.617049 -0.860242 0.113928 0.287535 -0.033786 0.002316 -1.013169
0.650154 -0.248136 0.409233 0.861527 -0.677842 0.608767 -0.713526 -0.300194 -0.920482 0.514882 0.994746 -0.662303 0.487459 0.552476 -0.351828 0.683023 0.351231 -0.157348 0.749184 0.888487 -0.787336 0.347299 0.461354 0.333580 -0.226093 0.708033 -0.244438 -0.242715 0.328609 -0.433339 0.452368 0.318915 0.218550 0.033262 -0.510717 -0.042310 -0.032851 0.294942 0.809555 -0.337239 -0.538853 0.387208 -0.353437 -0.824369 1.047794 0.227343 0.279471 0.772611 -0.113735 -0.701693
-0.400814 0.877829 -0.310878 0.474190 0.788851 -0.224649 -0.294880 0.678659 -0.037537 -0.132524 0.450766 0.222874 0.320075 -0.478677 0.631895 -0.426032 -0.459241 0.082091 -0.360159 0.217760 0.553145 -0.031246 -0.721521 -0.108150 -0.496669 -0.432240 -1.010408 0.218043 0.477550 -0.403717 -0.774750 -0.652917 -0.994102 -0.688114 -0.845440 0.527997 0.693895 0.232604 0.527276 0.206575 -0.151342 0.749260 -0.663666 0.334673 0.873861 0.149603 -0.521773 0.023816 -0.536484 0.556739
0.256926 0.794254 -0.119024 -0.405112 0.151385 0.266985 0.088579 0.883731 -0.844290 -0.841787 -1.032976 -0.613303 -0.226442 -0.383497 0.368648 -0.396304 0.516875 0.087658 0.116960 -0.675963 -0.190905 -0.608724 -1.164146 0.750422 -0.653489 0.014562 -0.972814 -0.555382 -0.975955 -0.667651 0.725986 -0.758202 -1.093462 -0.762025 -0.844276 0.681466 -0.271244 0.466502 -0.799013 0.653888 0.914791 0.654624 -0.382022 -0.345120 -0.700403 -0.217465 0.488783 -0.099133 -0.029736 0.286646
-0.415450 -0.725815 0.595754 -0.435707 0.128703 -0.569920 -0.702094 -0.085081 0.722826 0.132166 0.161227 0.133516 -0.534575 0.413360 0.074052 -0.323690 0.166782 -0.661403 -0.436849 0.137137 0.088688 -0.886304 -0.090991 -0.676688 0.536320 -0.986409 -0.172196 -0.687539 -1.008133 -0.710294 0.829955 -0.315855 -1.061621 -0.509905 0.208810 0.669434 0.287178 1.214726 0.457936 0.013033 0.988565 0.666746 0.323187 0.572024 -0.859276 0.681728 -0.977912 -0.794747 0.269795 -0.618813
0.526523 -0.868218 -0.826712 -0.034438 0.010619 -0.233822 -0.820232 0.616603 -0.259922 -0.310179 0.739146 -0.893111 -0.559198 -0.811901 -0.299281 0.525665 0.778520 -0.528110 0.577009 -0.942079 -0.305772 0.825574 0.220240 0.448212 -0.072501 0.824444 -0.913870 0.647116 0.155874 -0.038859 0.486222 -0.378728 0.692867 -0.281414 1.127249 -0.954182 -0.885872 -0.922705 0.810536 -0.538845 0.571435 -0.278931 0.882709 0.949988 0.757888 1.189977 -0.747448 0.000564 0.858523 -0.143128
0.212697 0.703350 0.504599 -0.354064 -0.508560 1.029415 0.805004 0.584362 -0.386935 -0.074887 -0.339336 0.163844 -0.809313 0.436160 0.866180 0.334312 -0.017622 -0.354867 0.406356 0.668798 0.508725 -0.197225 0.166244 -0.306666 0.001519 1.101265 -0.169446 0.291714 -0.573535 0.880046 -0.415040 -0.195084 -0.062188 -0.160217 -0.222727 0.089009 -0.091246 -0.637333 0.949877 0.862138 0.143844 -0.127674 -0.219211 0.258517 1.221318 -0.970503 -0.539720 0.730339 -0.572058 -0.491477
0.620965 0.196768 0.070845 0.220986 0.899285 0.101945 0.387777 0.103552 -0.296604 -0.420859 0.509113 0.967112 -0.631366 0.943540 -1.014095 0.927377 0.833951 0.239970 -0.916486 -0.666474 -0.409118 -0.889154 0.437963 0.909202 0.388976 0.648326 0.746618 0.742717 0.358325 0.635911 0.706758 -0.575101 0.131906 0.199168 0.356806 -0.364811 -0.751069 -1.091661 0.809062 -0.623164 0.370684 -0.006143 0.873555 0.542425 0.824129 -1.261337 0.934299 -0.455915 -0.401411 0.224887
-0.411422 -0.878815 0.473338 -0.767273 0.741645 -0.685699 -0.501279 -0.182996 -0.586362 -0.480497 0.721411 0.259546 0.920836 0.221866 0.989863 0.348240 0.312811 0.760516 0.745744 0.305077 -0.822546 0.843478 0.690515 1.084816 -0.769242 0.597882 -0.805532 0.315824 0.513468 -0.796138 -0.377764 -0.419434 0.353938 -0.919092 -0.789187 0.699647 0.328430 0.436481 -0.494871 -0.515652 0.475685 0.171074 -0.014496 0.359743 -0.475636 -0.350273 0.200530 0.318513 0.136099 0.351367
0.630427 -0.836009 -0.121106 0.526433 0.814321 0.574378 0.099263 -0.160270 -0.539702 0.447986 -0.817961 -0.526800 -0.904097 -0.947933 0.171910 0.322072 0.224304 -0.137324 0.623462 0.562286 -0.803238 -0.282848 -0.646319 0.103920 -0.716064 0.098790 -0.232696 0.877161 0.479550 -0.783048 -0.672805 0.454705 -0.364002 -0.397883 -0.540430 -0.284138 0.049950 0.257829 0.200703 0.838135 0.265496 0.954547 0.479424 -0.219711 0.360104 -0.054467 0.725186 -0.131992 -0.964864 0.239863
-0.407996 0.047406 -0.502241 -0.179408 0.741917 0.462245 -0.165202 -0.806119 0.637399 -0.047371 0.207833 0.190589 0.273469 0.674772 0.543529 0.671309 -0.249840 -0.577170 -0.370755 -0.359421 -0.391619 0.554409 0.347598 -0.763818 0.984931 0.051698 -0.677503 0.754535 0.049110 -0.214210 -0.016074 -0.621743 -0.857627 0.707329 -0.196332 -0.314703 -0.235766 -0.396490 0.059498 -0.197661 -0.808744 -0.026387 0.076662 -0.691482 0.039063 -0.031281 -0.327219 0.157110 0.193391 0.247008
0.621751 -0.536178 -0.840705 -0.028382 -0.021283 0.374065 -0.120263 -0.634262 -0.181800 -0.495423 -0.843759 -0.861336 0.818991 -0.407728 -0.003198 0.680393 0.711100 0.030956 0.943500 -0.201083 -0.776929 0.434540 -1.009220 -0.089220 0.314580 -0.486087 0.637721 0.348120 -0.366253 -0.565216 0.292026 0.016595 -0.448685 -0.838286 0.641543 0.916247 -0.331231 -0.617008 0.599633 0.509209 -0.138031 -0.236680 0.022655 -0.822771 -0.705821 -0.336041 0.693665 0.003801 0.870808 -0.718247
-0.719006 0.512309 -0.943049 -0.651272 0.363665 -0.948763 0.047654 0.897548 -0.734201 -0.520321 0.134401 0.725537 0.074536 0.877587 0.250093 0.661395 0.286635 0.100689 -0.345212 -0.640531 -0.510647 -0.340127 -0.746033 -0.760942 -0.224477 -0.471127 -0.644718 -0.310916 0.181183 0.544052 -0.011969 -1.002298 -0.553069 0.705355 0.617597 -0.910877 0.518845 -0.800178 0.429819 -0.878467 -0.331154 -0.421495 0.690706 0.162677 0.690615 -0.239375 -0.732280 -0.146257 0.288152 0.590352
-0.586760 0.937552 -0.922700 -0.573934 -0.397795 -0.502140 -0.431307 0.577909 -0.509538 0.539422 -0.403598 -0.276070 -0.471966 -0.892563 0.844784 0.163358 -0.473367 -0.221577 -0.422343 0.350781 0.271987 0.122386 0.986270 -0.829071 -0.976219 0.545721 -0.871869 -0.392165 0.893628 -0.814526 0.036691 -0.981463 -0.689278 -0.006961 0.465202 0.049394 -0.716955 -0.707421 -0.704119 0.869926 0.129646 0.190318 0.332561 0.064556 -0.317870 -0.813798 -0.022412 0.194708 -0.488934 -0.580798
0.331419 -0.805956 -0.153794 -0.217241 -0.246136 0.363820 -0.843703 -0.439675 0.302577 0.232200 0.403679 -0.252949 0.180184 -0.619543 0.630626 0.654985 0.567730 -0.777035 -0.347833 -0.646052 0.346301 -0.790678 -0.895467 0.922142 0.287697 -0.320428 0.608461 -0.614138 0.712969 0.374071 1.084422 -0.844739 0.218843 0.192918 -1.033106 -0.336249 0.262627 -0.043856 -0.041043 0.989409 0.608068 0.603194 -0.950146 -0.544801 0.570593 0.353093 -0.146134 0.436009 0.493623 -0.371389
0.370097 0.972132 -0.146188 0.715327 -1.243126 0.174861 -0.173034 -0.517425 0.207691 -0.784490 -1.029396 -0.254049 0.053248 -0.343016 -0.856615 0.978569 0.343825 0.679103 -0.072766 0.607770 0.255833 0.784488 0.310486 0.404519 0.321610 0.691869 -0.473297 0.937507 -0.233889 1.054801 0.515664 -0.557542 0.155929 -0.194880 -0.139691 -0.981012 0.404025 0.821631 0.738915 0.141383 1.053257 1.029561 0.698254 -0.132675 -0.941102 0.868270 -0.861093 0.770354 -0.590817 0.748991
-0.604903 0.391674 -0.680459 0.590873 -1.007364 -0.482871 0.810588 -0.481753 -0.888702 -0.880608 -0.007978 0.413900 0.382433 0.318023 -0.815614 0.973743 0.899207 0.731837 0.096885 -0.859918 0.428081 0.089448 0.611049 -0.129952 0.885518 0.349604 -0.537534 0.071065 -0.545925 0.150189 0.951890 0.682508 0.754973 -0.233020 -0.579166 0.375775 0.057244 0.979245 -0.728709 0.220436 0.142026 -0.365418 0.869445 -0.790894 -0.924579 0.667532 -0.793933 -0.023120 0.317937 0.851046
-0.091461 0.202434 -0.980613 -0.503265 -0.689307 0.828044 -0.427632 -0.940450 0.677749 0.197517 -0.618112 0.999247 0.853613 -0.195225 0.966526 0.617581 -0.886833 -0.804663 -0.415158 -0.511731 -0.321814 0.138945 0.570012 -0.463103 -0.810846 0.653521 0.095114 0.443391 -0.463657 0.261695 -0.352516 -0.588774 -0.144022 -0.076872 -0.190116 0.324842 -0.972101 0.251980 -0.002586 -0.770451 0.473969 0.945633 0.389121 0.991339 0.213264 0.035827 -0.966516 0.474951 -0.702477 -0.630526
0.718763 -1.005464 0.206915 -0.743746 -0.539471 -0.688027 0.973642 -0.523666 -0.322166 0.490941 0.893897 -0.695818 -0.805269 -0.645003 -0.894573 -0.503679 0.170833 -0.263934 -0.211897 -0.160926 -0.721842 -0.983817 0.176824 0.216556 -0.725637 0.865581 -0.693219 0.388693 -0.101541 1.028054 0.257026 0.797250 0.548077 -0.307629 1.069137 0.973927 -0.199791 -0.531296 -0.216586 0.290543 -0.653687 -0.744717 0.497139 0.166847 -1.042760 -0.365129 0.982803 0.937794 0.915914 -0.760569
-0.605549 -0.161221 -0.333920 -0.983578 -0.663056 -0.357466 0.968766 -0.835809 -0.957015 -0.422847 -0.254307 -0.422545 -0.238338 0.350513 0.577547 -0.129978 -0.241866 -0.162692 0.756718 0.227104 -0.323178 0.040305 0.129729 0.147517 0.175421 0.663718 0.195508 0.679455 0.263665 0.244329 -0.313950 -0.077894 -0.556837 -0.214122 0.654677 -0.018456 0.181430 0.200323 -0.926594 -0.224913 0.240544 -0.674969 0.058918 -0.180633 0.564707 0.587633 0.018923 -0.840316 -0.016964 -0.448308
-0.106812 0.195384 0.404140 -0.710456 0.169077 -0.297452 0.617035 -0.923821 0.270928 0.976528 -0.326817 0.045019 0.136733 0.391302 0.207788 -0.619054 0.058007 -0.515934 -0.968096 0.361330 -0.247725 0.201139 -0.842942 -0.571867 0.466499 0.088532 -0.964229 0.319055 0.936680 0.600213 0.424511 0.479008 -0.273254 -0.314540 -0.562989 -0.669481 0.667919 -0.289459 0.363853 -0.760320 0.215243 -0.153389 -0.354917 0.132788 0.981075 -0.745536 -0.279745 0.427023 0.578385 -0.624837
-0.325830 0.750099 -0.023994 0.459356 -0.236746 -0.370986 0.399398 0.724213 -0.573825 0.531149 -0.472866 -0.435432 -0.009739 0.351590 -0.705540 0.512072 0.302446 0.870074 -0.755752 0.084810 -0.550402 -0.036437 -0.683795 0.591183 -0.158084 -0.784392 0.747903 0.745182 0.549044 -0.880115 0.012908 -0.558226 1.026810 0.119364 0.599974 0.485154 0.162468 0.495246 -0.177011 -1.003727 -0.283472 -0.402387 0.404647 0.421596 -0.702175 0.207339 0.126270 0.287198 0.696704 -0.097154
0.585920 -0.204992 0.684387 -0.667161 0.156791 0.633990 -0.339889 0.034090 -0.374659 0.190844 -0.842388 0.688323 0.339067 0.901682 -0.532846 -0.803506 0.972660 -0.461550 0.822391 -0.106128 0.730366 -0.699741 0.755290 0.289530 1.000729 -0.652147 0.404851 -0.523120 -0.142074 0.099097 -0.216554 -0.175187 -0.305271 -0.741765 -0.121841 -0.272456 -0.608000 0.190474 0.961118 -0.472631 -0.599452 0.893218 -0.901940 0.640935 -0.882998 -0.025729 0.777836 -0.461928 0.914982 0.025201
-0.815004 -0.169859 0.834902 -0.482406 0.472738 -0.916864 0.600225 0.520508 0.342930 0.530388 -0.042976 0.787090 1.014657 -0.582066 0.327925 0.993143 -0.059230 -0.092832 -0.191188 0.491220 0.074001 -1.040740 0.658950 0.262495 0.820257 -0.266004 0.712267 -0.766521 0.921263 -0.795637 -0.575339 -1.004634 -0.302145 0.205984 0.921862 0.029885 -0.349494 -0.068756 0.136740 -0.650654 0.065270 0.087519 0.032552 -0.579813 -0.416108 0.224832 0.300794 0.222505 -0.085946 -0.217880
-0.501406 -0.597502 -0.622055 -0.802075 0.172528 -0.698020 -0.449735 -0.533929 -0.893887 0.890626 0.933407 0.134426 -0.130501 -0.476057 0.913555 -0.693879 -0.384523 0.197376 0.665127 0.759125 -0.503405 -0.932227 -0.584304 -0.220397 -0.402288 0.563879 0.935506 0.661101 -0.365281 0.206898 0.871654 0.118623 0.597664 -0.633720 0.230751 0.846634 -0.997889 0.648136 0.509296 -0.685329 -0.511238 -0.788110 0.756341 -0.893709 -0.896678 0.193712 0.714371 1.002794 -0.061354 -0.744765
0.814617 -0.857734 0.449776 -0.067467 0.432717 -0.677177 -0.017107 -0.883366 0.881575 -0.007953 1.056965 0.650908 -0.083617 -0.148450 0.646602 0.365098 0.837820 0.622068 0.027217 -0.089371 0.601196 -0.792327 0.164326 0.192878 -0.395033 -0.063924 0.223084 0.467409 -0.304266 -0.319027 -0.642456 -0.890112 -0.430696 0.336170 -0.726354 0.284397 0.542560 0.630066 0.748123 0.299218 0.690898 0.862503 -0.912338 -0.775479 -0.155463 0.938451 0.657346 0.171478 -0.247008 0.458250
0.423177 0.004210 1.027569 0.055674 -0.424274 0.086054 -0.494480 0.283910 -0.520813 -0.397819 0.233412 0.607602 0.553013 0.895659 -0.121955 -0.324275 0.215128 0.411338 0.629562 -0.558715 0.158399 -0.044060 -0.581162 0.906251 0.217141 0.331619 0.529396 0.773274 -1.003025 0.920015 0.770147 0.155131 -0.558355 -0.536929 -0.006356 -0.542831 -0.711894 0.832066 0.102118 -0.105761 0.309082 0.803799 0.192792 -1.065463 -0.956175 1.047083 0.509701 -0.599268 0.288225 0.722954
0.307850 -0.159405 -0.446987 0.195440 -0.047857 -0.840032 -0.389682 0.808220 -0.328119 -0.834904 -0.220411 -0.786320 -0.518410 -0.632776 0.910121 -0.008628 0.962784 0.763150 0.868397 0.171065 0.241276 -0.812347 0.118723 -0.095336 0.117348 0.068430 0.047215 -0.724682 -0.313663 -0.079714 -0.089281 0.865610 0.551171 -0.558119 0.720883 -0.252056 -0.233054 0.361420 -0.124549 -0.822856 -0.737496 -0.059447 0.393827 0.139306 -0.975210 -0.419890 -0.794367 0.414386 -0.712280 0.391571
0.606804 -0.750767 -0.345215 0.346233 0.033389 -0.058689 -0.061515 0.896900 0.811844 0.266635 0.238238 0.205697 0.485621 -0.371016 -0.601325 -0.294490 -0.513699 0.333224 0.401377 0.444600 0.084418 -0.156370 -0.640321 0.455128 -0.870574 0.468837 0.094538 -0.406030 -1.000476 -0.945427 -0.295606 0.261166 -0.778961 -0.692966 -0.138246 -0.210966 -0.319430 -0.618224 0.202163 0.089601 0.945800 -0.860739 -0.561852 -0.476413 -0.023332 -0.004354 0.018778 0.751424 -0.278031 0.717160
0.141214 -0.650430 0.067080 0.625843 -0.640044 0.551286 0.799894 0.326875 0.104098 -0.023405 -0.011990 -0.809693 -0.609807 -0.259036 -0.143728 0.799461 -0.515602 0.971332 -0.747466 -0.801508 -0.008471 -0.987325 -0.258251 0.107279 0.749376 0.506329 0.518091 0.210220 0.681291 0.562441 -0.567885 0.691296 0.056493 0.803302 0.241973 -0.597189 0.936628 -0.444167 -0.870794 0.745230 -0.736971 -0.658125 -0.445400 0.019124 -0.199065 0.317348 -0.784966 0.285136 -0.553398 0.201823
0.966939 -0.051776 -0.712290 -0.060464 0.638704 -0.355970 -0.589250 0.697313 0.320621 -0.995326 0.083354 0.259120 -0.150141 -0.419294 0.629810 0.383641 -0.971723 -0.799307 -0.010192 -0.751868 0.025353 0.635186 0.286721 -0.185636 -0.944978 0.158326 -0.811112 0.473755 0.524564 -0.745525 -0.789042 -0.165526 0.199961 0.285249 0.297457 -0.445171 -0.592301 0.463041 0.630796 0.484855 -0.325706 0.950558 -0.209977 0.795137 0.802627 -0.062863 -0.595652 -0.511287 -0.896712 0.757947
0.127698 0.558996 -0.492132 0.764130 -0.278249 0.340256 -0.798138 0.130798 -0.259347 0.828114 0.142002 -0.350138 -0.907356 -0.266339 0.366313 -0.367815 0.588457 0.622245 0.338998 0.030415 0.462109 -0.336300 -0.366422 -0.458123 -0.075827 0.660109 -0.227416 0.818574 -0.247859 0.051246 0.471117 0.110781 0.264759 -0.857078 0.541516 0.261321 -0.919378 0.127624 -0.141355 0.150934 -0.711009 0.091677 -0.676736 -0.278102 0.752101 -0.469183 0.679867 0.312873 0.260852 0.299741
0.554163 0.063540 -0.903686 0.764089 -0.953114 0.156218 -0.446749 0.447863 -0.945658 -0.875714 -0.784650 0.296543 1.004178 -0.637509 -0.812507 0.722094 0.785562 -0.947437 0.927423 -0.266030 -0.330876 0.260561 -0.286017 -0.626771 0.295481 -0.603136 0.645754 -0.647680 0.935585 -0.699305 0.374860 -0.047015 -0.290962 0.006661 -0.139133 0.750603 -0.668129 0.644407 0.268756 -0.453145 -0.572029 0.492310 0.418102 -0.736762 0.938685 -0.028747 -0.328967 -0.140817 0.002727 -0.142522
0.281977 -0.852094 0.648988 0.497502 0.220563 0.453977 0.391897 -0.923432 0.906544 0.627726 -0.396137 -0.302036 0.280795 0.722393 0.900796 0.289959 -0.847806 -0.344275 -0.111072 0.781906 -0.778444 0.539699 0.358563 0.422594 -0.202019 0.654025 -0.016107 0.314751 0.764260 -0.883162 -0.793740 0.118165 0.028732 -0.039154 -0.924720 0.752090 0.459056 0.134032 0.048671 -0.656205 -0.024772 -0.537689 -0.328952 -0.267427 0.241044 -0.009903 0.901853 0.790079 0.472989 0.282464
0.378175 -0.331146 -0.200452 0.517116 0.725381 -0.144342 -0.554773 -0.200346 0.246878 0.856557 -0.377282 0.950256 -0.189881 0.710638 0.270147 -0.057623 -0.027420 0.588966 -0.920393 -0.048717 0.573710 0.649636 -0.325944 0.421570 0.339628 -0.795919 0.077323 0.104456 0.067167 -0.336682 -0.221620 -0.934713 -0.773717 -0.913660 0.121937 -0.540042 0.914902 -0.718273 -0.032306 -0.407627 -0.320017 -0.564523 -0.987064 -0.466907 0.719442 -0.772488 0.504325 0.639353 0.256991 0.887822
0.554272 -0.581103 -0.506658 -0.001891 0.636755 -0.440863 -0.733596 0.362126 -0.653739 0.516741 -0.646243 -0.563303 -0.807320 0.983785 0.615790 -0.751952 -0.742633 -0.475781 -0.320296 0.647577 0.967933 0.735510 0.425896 0.821672 -0.873335 0.095060 0.720488 0.970473 0.344868 0.276400 0.246598 0.967143 -0.768826 0.349827 -0.670222 0.095872 -0.818920 -0.696195 0.072387 -0.029438 0.343236 -0.832382 -0.123512 0.726518 0.161924 -1.053271 0.639199 0.308489 0.744587 0.433301
-0.662207 0.427121 0.516236 -0.526119 0.489449 0.566810 -0.910523 -0.313240 0.741277 -0.000706 -0.645948 0.248777 0.110411 -0.180757 -0.666466 0.277335 0.799898 -0.570486 -0.617138 -0.612543 0.423391 0.941577 -0.506286 -0.365394 -0.831929 -0.193052 -0.099750 -0.484439 0.105454 0.549755 -0.413472 -0.174620 -0.080043 0.504096 -0.432009 -0.274764 -0.206370 0.090630 -0.168043 0.372455 0.909540 0.066334 0.362584 0.405943 0.272485 -0.264212 0.084113 -0.804757 -0.178394 -0.769316
0.045690 0.427882 -0.811285 0.678023 0.871982 0.137767 0.720830 0.610815 0.694979 -0.421779 -0.006063 0.159616 -0.462280 0.546346 -0.057869 0.398543 -0.688383 0.574227 0.044364 -0.372361 0.620611 -0.979477 -0.135064 0.823035 0.884093 0.790940 -0.223132 -0.555135 0.273331 0.648097 0.174971 0.729684 -0.785387 -0.324859 -0.283363 0.439300 -0.628383 -0.219342 0.788463 0.439618 -0.821828 -0.217235 0.404465 -0.994283 0.047067 -0.018757 -0.933184 0.269962 0.804897 -0.990632
-0.357523 0.596358 -0.637265 -0.582385 -1.048274 -0.085300 0.620372 -0.834622 -0.633845 0.923780 -0.606888 -0.676199 0.214539 0.026313 0.014684 -0.530980 0.575162 0.085518 0.688773 0.217106 -0.830328 -0.492682 -1.024758 0.134814 -0.401613 0.295905 0.388451 -0.729380 0.176019 1.085479 0.326261 -0.697468 0.741225 -0.720907 0.712231 0.680677 0.850034 0.319960 -0.479948 0.433959 -0.513275 -0.219668 -0.806792 0.100665 -0.512553 -0.727052 0.614734 -0.795574 -1.028119 -0.001792
-0.376951 -0.845101 0.650206 -0.253110 -0.152563 0.387645 -0.893984 -0.341363 -0.229004 -0.093055 -0.719854 -1.017148 0.770506 -0.723946 0.810374 -0.365317 -0.817822 0.178287 -0.178961 0.026715 0.712144 0.583412 -0.972832 -0.601720 0.320715 -0.748720 0.641222 0.614352 0.172471 0.228049 0.189927 -0.320308 -0.251753 0.496088 0.219328 -0.647995 -0.769354 -0.424951 0.340124 0.671910 0.922002 -0.021044 -0.721623 0.622430 -0.464763 -0.646730 -0.078301 -0.647238 0.903898 0.255636
-0.377195 -0.783125 -0.325032 0.038696 -0.003364 0.646218 -0.478897 0.045949 0.342406 -0.544176 -0.516549 0.035807 -0.143612 -0.782649 -0.388873 -0.654566 0.386240 -0.813459 0.976621 -0.858650 -0.082991 -0.039655 -0.249308 0.510184 0.747602 -0.498170 -0.549254 -0.386405 0.378047 -0.608342 1.066529 -0.963342 0.057065 -0.223955 -0.790200 0.395502 -0.624423 0.950589 0.048635 -0.760361 -0.538155 0.576424 -0.250389 1.066799 0.035856 -0.165767 -0.060745 -0.803554 1.110536 0.572669
0.185711 -0.365125 0.310657 -0.174560 -0.512377 0.729914 -0.238292 -0.231768 0.837991 1.047668 0.928957 0.145020 -0.560231 -0.315910 -0.755502 0.074382 -0.833724 0.614429 -0.752568 -0.591950 -0.431177 0.903573 0.203219 0.481214 0.769330 0.141800 -0.016803 0.746142 -0.729042 0.980793 -0.759589 -0.285503 -0.174192 -0.465243 -0.124068 -0.146526 0.047603 0.065138 0.340795 0.070386 -0.633865 -0.642920 0.369751 -0.865332 0.395949 -0.657653 0.741832 0.069060 0.921781 0.593139
0.340412 0.888571 -1.088802 0.139607 0.839343 0.751446 -0.601571 -0.675806 0.089552 -0.721695 0.979875 0.793062 -0.735740 0.050683 0.432757 -0.044362 -0.057756 -1.050921 0.369767 -0.949532 -0.490942 0.224817 0.259923 0.742042 -0.241703 0.483887 0.690312 -0.605812 0.856472 0.506753 -0.569173 -0.676470 -0.429880 -0.223938 0.773582 0.079333 0.284474 -0.234813 -0.023834 0.764673 -0.249727 -0.214613 0.359390 -0.255331 0.020377 0.301041 -0.392022 0.093695 0.008925 0.879231
-0.389171 0.545943 0.034155 -0.676024 -0.401628 0.983319 0.432785 0.584239 -0.274115 -0.278314 0.438805 -0.032420 -0.553561 0.624163 0.196195 0.099446 -0.937859 -0.063635 -0.917137 -0.942536 0.735052 -0.725166 0.759910 -1.000248 0.182467 -0.384670 -0.216281 -0.760687 -0.125381 0.688517 -0.958400 0.040625 0.775296 0.639244 0.020510 0.362203 0.087247 0.640673 0.058650 -0.306111 -0.135697 0.858432 -0.679615 -0.745677 0.795425 0.457474 0.414059 -0.686594 -0.537232 -0.566086
-0.993255 -0.864477 0.500398 0.560937 -0.800581 -0.951039 0.585747 -0.537015 -0.683148 -0.876752 -0.796592 0.363409 -0.592735 -0.859831 -0.698522 -0.021382 -0.317845 -0.996930 0.471238 -0.183161 -0.136186 -0.319864 -0.190829 -0.103237 0.227443 0.511350 -0.853671 0.489941 -0.594226 -0.546090 -0.690340 -0.480312 -0.031913 -0.650851 -0.476446 0.721546 0.431933 0.910106 -0.142079 -0.848087 0.930364 -0.415435 -0.381705 -0.174738 -0.453777 -0.491045 0.193076 -0.378068 0.233621 0.927916
-0.142163 -0.436151 0.931136 0.697945 -0.340455 -0.327734 0.768603 -0.527253 0.509385 0.868133 -0.859905 0.532693 0.280495 0.680810 0.492312 -0.788876 -0.305777 0.343455 0.752358 -0.344397 0.360730 -0.004252 -0.879429 -0.877577 0.304327 -0.514488 0.534586 0.940881 -0.447406 -0.108540 -0.361010 -0.668051 -0.057359 0.150606 -0.312073 0.345519 0.193282 -0.677054 0.335693 -0.118273 0.138820 -0.873666 -0.188003 0.913081 -0.688396 0.370610 0.652208 0.350799 -0.786184 0.540115
-0.238044 0.370926 0.058579 -0.571153 -0.829106 -0.675562 -0.378649 0.045700 -0.451671 0.391642 -0.925616 0.413638 0.722824 0.123502 -0.670448 -0.350599 -0.189326 0.836169 -0.569995 0.586886 -0.691205 -0.156303 -0.800532 0.331623 0.075623 0.295650 0.215780 -0.009297 -0.066635 0.826342 0.323649 -0.411063 -0.767685 0.872524 -0.315019 0.434333 0.998731 -0.306499 -0.994877 -0.610397 0.566340 -0.540427 -0.013707 -1.063164 0.988597 -0.812666 0.163104 0.820492 0.387773 -0.317115
-0.435017 0.609767 0.357297 0.549326 -0.087827 -0.693373 0.898971 0.831702 -0.121380 0.223125 0.104083 0.762118 -0.328090 0.648226 -0.635631 0.636793 1.000456 -0.826253 -0.192210 0.895010 0.973120 0.394100 -0.873111 0.235473 0.175988 0.838853 0.340379 0.842772 0.512098 -0.108029 -0.536687 0.247918 0.784704 0.225844 -0.791326 0.537567 0.829126 -0.152149 -0.363457 0.190280 -0.314700 -0.180060 -0.543880 -0.633927 -0.831914 0.878669 -0.132168 0.563329 -0.361691 0.451268
-0.798255 -0.477328 -0.041479 0.738375 0.683601 0.348142 0.374982 -0.183855 -0.505056 -0.821268 0.381231 0.446346 -0.679136 -0.228878 -0.837064 0.767544 -0.462083 -0.608216 0.100926 -0.115113 -0.746259 0.889422 -0.660271 -0.888184 0.993760 -0.760711 -0.025817 -0.310065 0.824475 -0.906491 -0.488100 -0.063934 -0.194395 0.819547 -0.385828 -0.298745 -0.938509 -0.256526 0.600824 -0.193907 -0.646053 0.991367 -0.429553 -0.764491 0.003452 -0.398982 0.898064 -0.159095 -0.226038 -0.419753
-0.770126 0.900099 -0.860757 0.128687 0.406534 0.747033 -0.171990 0.005759 -0.927815 -0.721110 -0.421464 0.331904 -0.940268 0.045985 0.637074 -0.413145 -0.182312 -0.061708 -0.586900 -0.107524 -0.829669 -0.839512 0.433324 0.213475 0.027043 0.382828 -0.965642 0.706681 0.217097 -0.120033 -0.715295 0.364876 0.619071 0.840594 0.360755 -0.726731 0.705164 -0.846087 -0.335512 0.101284 0.442834 0.026755 0.916909 -0.483028 -0.096384 -0.850778 0.852222 -0.472449 0.691862 0.932554
-0.866424 -0.520681 0.658455 -0.610665 -0.334293 -0.447644 -0.661390 0.517594 0.039534 -0.878265 -0.808526 0.313536 0.677895 0.345611 -0.489353 0.180871 0.891476 0.628652 0.205265 0.467115 0.257608 -1.252609 0.466463 -0.601459 -0.875957 0.781330 0.631495 0.462156 0.499011 0.173678 0.623845 0.548637 0.238875 -1.070970 0.469762 0.901696 0.135021 0.278555 -0.549650 0.083447 0.693108 0.258786 -0.611647 -0.107751 -0.884107 0.391487 -0.785594 -0.787900 -0.439272 -0.775167
0.744015 -0.540795 -0.792978 -0.136715 -0.548405 0.575215 -0.288703 0.610731 0.845410 0.232219 -0.924839 -0.842481 0.573937 0.526731 0.618602 0.284565 -0.016324 1.057154 -0.057954 0.502650 -0.283163 -0.185947 -0.849279 1.096190 -0.434845 0.646052 0.430076 0.033417 -0.147540 0.022404 -0.456775 -0.572009 0.707652 0.565555 -1.102894 0.727839 0.262980 0.439125 0.196335 -0.845811 -0.831143 -0.066650 -0.726007 -0.386713 0.464647 -0.288823 0.200874 0.517073 -0.680451 -0.419249
0.877552 0.747253 0.463861 0.883523 0.669766 0.784669 0.174044 -0.142128 -0.037999 -0.210254 0.131410 -0.910357 0.793786 -0.513104 0.238594 0.883166 -0.200346 -0.677402 -0.325516 0.264914 -0.822758 0.776651 -1.034261 -0.863694 0.687238 0.090819 0.568958 0.633009 0.396053 0.049062 0.829200 0.835177 0.810210 -0.697507 -1.077253 -0.882273 -0.869773 -0.412183 0.988324 -1.147101 -0.878949 0.877749 -0.063158 -0.092609 1.003344 -0.253391 0.421818 0.259392 0.161339 0.464448
-0.453369 0.202739 0.748005 0.688372 -0.014639 0.555255 0.748354 0.432221 0.651814 -0.468776 -0.275971 1.113416 0.317374 -0.378949 0.640896 0.381851 0.598091 0.367376 -0.296784 0.276441 -0.774258 0.523334 -1.127743 0.598739 0.174839 -0.187207 0.259300 -0.946023 -0.661264 -0.982258 -0.911730 -0.064814 -0.512946 0.792931 -0.124387 -0.326966 0.611352 -1.160955 0.019287 -0.373754 -0.538202 0.023745 0.132563 0.079910 0.276110 0.376880 0.455422 0.019970 -0.418046 0.817226
0.023908 -0.275036 -0.174292 -0.580481 -0.541059 0.619429 -0.528858 -0.700598 -0.328668 0.016042 0.044376 0.179671 -0.373233 -0.037017 -0.745626 -0.305778 -0.828998 0.464628 0.548283 0.067881 0.352688 0.616531 -0.087646 0.199684 1.085875 1.015271 -0.985164 0.325605 -0.086279 -0.590519 0.104061 0.239842 0.648317 -0.691489 0.262177 0.922439 -0.296333 0.501130 0.499261 0.512009 -0.052043 -0.667080 0.771363 0.514758 0.152944 0.644801 -0.719933 0.384391 -0.095154 0.722214
-0.173321 -0.750690 -0.331266 0.011126 0.810628 -0.096049 -0.698126 -0.383720 0.063871 0.879784 -0.808851 0.242844 -0.711425 0.448048 -0.784254 -0.661701 -0.560316 0.202884 0.471638 0.136558 -0.639649 0.705580 -0.571136 -0.632216 -0.609681 0.009014 0.027591 0.417564 -0.796411 0.746183 -0.807086 -0.658081 0.856813 0.951589 0.378745 -0.686955 -1.025824 -0.152759 0.121887 0.323478 0.356958 0.460396 0.946811 -0.195677 -0.619911 -0.884273 0.254519 -0.963911 -0.390809 -0.097633
-0.865732 -0.229040 -0.594447 0.955398 0.702067 0.900345 0.917459 -0.922112 -0.640790 0.634520 0.067740 -0.557063 0.968895 0.800118 -0.040714 -0.200974 0.333174 -0.223816 0.082704 0.099242 -0.122055 -0.994609 -0.336126 -0.824331 -0.688097 -0.805800 -0.938361 -0.684888 -0.026032 0.485321 -0.884586 -0.018187 0.774157 -0.712362 0.128172 0.802761 -0.516365 -0.050705 -0.817370 0.755163 0.413914 -0.489603 -0.540292 -0.742289 0.140969 0.860110 -0.207802 0.507486 0.833070 -0.606860
-0.751100 0.575627 0.247340 -0.504238 -0.953838 -0.987072 -0.150959 0.342067 -0.929695 0.399587 0.222172 -0.769030 0.629964 0.766416 0.330873 0.891807 0.079667 -0.716651 -0.390440 -0.718515 0.291309 0.439734 0.228212 -0.292822 0.343344 -0.486753 -0.099961 -0.794006 0.571091 -0.649881 -0.630219 0.112614 0.304407 0.152267 0.777119 0.310608 0.097884 -0.721663 0.508297 0.116630 0.031050 -0.718403 0.069513 -0.915759 0.083266 -0.958606 0.145688 -0.897111 0.907119 -0.587441
0.781054 0.723139 0.606256 -0.532214 0.101638 0.633863 -0.093308 -0.662952 0.631264 -0.939959 -0.149721 0.913374 -0.414973 0.238427 0.721703 0.153371 0.866549 -0.929932 0.629474 -0.591780 -0.984567 0.342795 0.220261 -0.370380 0.650534 0.873978 0.349454 0.562351 -0.852058 -0.418381 -0.187868 -0.813023 0.735412 0.526741 0.333142 -0.048909 -0.711967 0.724520 -1.004076 0.478459 0.125555 0.143666 -0.958723 0.429583 -0.071439 0.645174 -0.845379 0.201593 -0.227484 -0.792198
0.165507 -0.958609 -0.533536 0.698177 -0.479870 0.110011 -0.147356 0.058046 0.049906 -0.404045 -0.379759 -0.206045 0.296529 0.929457 0.836528 -0.070151 -0.770536 -0.684531 0.093384 -0.970443 -0.756441 0.190683 -0.964504 1.024171 0.007887 0.930959 -0.173641 0.256794 0.070078 0.929885 -0.650043 0.286262 -0.164265 -0.323955 -0.935671 0.469194 -0.060796 -0.341110 -0.131933 0.654159 0.464267 0.812454 0.031725 -0.039951 -0.633048 -0.033440 0.116429 0.393157 -0.140830 -0.276021
0.678872 -0.744658 -0.373726 0.714191 0.542553 -0.773910 -0.980533 -0.213253 0.054859 0.732583 0.247214 -0.502608 0.080521 0.030707 0.646257 0.579109 0.931466 0.245607 0.421429 0.473660 -0.845735 -0.458821 0.519744 1.087689 0.375508 -0.882641 -0.718054 0.051346 -0.411641 -0.538404 0.936977 0.847208 0.223631 0.041958 -0.056520 -0.075704 0.175891 0.373675 0.366843 -0.851971 -0.510737 0.151706 0.882867 -0.304098 -0.516163 0.863362 0.587928 -0.983673 0.617845 0.900039
0.196969 -0.794403 0.162739 -0.225180 0.457641 0.564783 0.154644 -0.219826 0.234207 0.541248 0.006217 0.175438 -0.894684 0.287558 0.539810 0.427526 0.172647 0.194960 0.874152 -0.025389 -1.038419 -0.431385 -0.412600 -0.650261 -0.207628 -0.109317 0.580865 0.154845 0.704509 0.546118 0.490325 -0.931169 0.639526 -0.640558 0.312203 -0.450355 0.276836 0.061441 -0.830835 -0.575503 0.155770 -0.702516 0.670814 -0.654141 0.254972 -0.404874 0.162043 0.482739 0.816114 0.815054
0.299816 0.713906 1.045080 0.896433 0.491410 -0.049865 -0.889949 0.399067 -0.009995 0.389937 0.791739 -0.705190 0.369447 -0.547699 0.264865 0.392386 1.007851 -0.237785 0.397872 -0.505709 -0.057929 0.396881 0.758349 0.635657 -0.136343 0.881031 -0.587470 -0.186275 0.208591 0.319559 -0.733308 0.137417 0.209398 -0.784730 0.477247 -0.013869 0.095069 0.563692 -0.810574 -0.241767 -0.269722 -0.274467 0.019444 -0.090567 0.714335 0.411373 0.736730 0.061688 -0.385088 -0.096563
-0.585637 0.116412 0.363806 -0.896951 0.456240 -0.096196 -0.026259 0.871671 0.790508 0.317211 -0.185810 -0.246874 -0.865740 -0.227330 0.449026 0.933951 0.860917 0.300392 0.242952 0.748098 0.394009 -0.538491 -0.194371 -0.179144 0.610174 -0.845104 0.482184 0.208115 0.043318 -0.774016 0.300953 -0.212655 -0.261611 -0.289363 -0.513845 -0.213772 0.071684 -0.758520 0.289450 -0.285447 0.351628 0.665834 -0.543199 -0.843413 0.486301 0.058010 -0.124262 0.185385 -0.511058 -0.901183
-0.714669 0.073280 -0.172148 0.947112 0.954864 -0.743138 0.985428 -0.395089 0.540085 1.027131 -0.766024 0.016537 -0.856152 0.779020 0.218078 0.797865 -0.602029 0.082955 -0.646128 0.962326 -0.710029 0.227430 0.652748 -0.593232 0.387931 -0.725959 0.990771 0.833516 0.580611 -0.546713 -0.070286 -0.127681 -0.830017 0.184710 -0.207758 -0.888677 0.195778 0.325677 -0.595734 -0.956008 0.502855 0.558476 0.704639 0.469966 0.688247 0.042221 0.987940 -0.142035 -0.609933 0.256885
-0.281126 0.347599 -0.172986 -0.744178 0.830219 0.109005 0.845933 0.233963 -0.528130 -0.368935 0.232097 0.469271 0.689774 0.492051 0.206153 0.916372 -0.598614 -0.164287 -0.717409 -0.882919 0.449670 0.686663 0.089911 -0.311761 0.063532 0.780866 0.027411 0.670401 0.341399 0.105817 0.495636 -0.933275 -0.339337 1.022419 0.554049 0.568376 0.673991 -0.449445 0.474713 0.429128 0.556158 -0.382484 -0.225577 -0.334919 0.004904 -0.152035 0.562582 0.264331 0.723240 0.194099
0.390057 -0.134495 0.094089 -0.978865 -0.588352 -0.126328 -0.999875 0.294562 -0.294693 0.733637 0.522178 0.720313 -0.129462 -0.260189 -0.694001 -0.783442 -0.133560 1.040558 -0.099528 -0.848480 0.054212 -0.088169 -0.818462 -0.589526 0.096817 0.097829 0.334015 0.707346 0.386054 0.652094 -0.633722 -0.688794 -0.567252 0.505671 0.690566 0.773865 -0.074844 -0.026386 -0.024056 -0.500905 -0.406649 0.016319 -0.636233 -0.350621 0.481414 0.198764 0.450763 -0.708247 -0.232734 -0.349463
-0.387848 -0.943765 -0.816867 -0.998071 0.536703 -0.201617 -0.504262 -0.740078 0.095084 0.905852 0.989947 0.093130 -0.457085 0.959538 0.337409 -0.233810 -0.356200 1.011923 -0.477601 -0.649910 0.009240 -0.812438 -0.499022 1.120918 -0.800415 0.682963 0.096105 0.995001 0.963909 -0.858669 0.062412 -0.574986 0.803130 0.077438 -0.599380 0.103003 -0.001356 -0.476199 0.079571 -0.886910 0.222007 -0.355742 0.074591 0.387883 -0.042867 0.597420 -0.395901 -1.126524 -0.649171 -0.367706
-0.799184 -0.057618 0.124832 -0.754673 -0.323498 0.183082 0.716158 -0.595794 -0.369960 0.627297 -0.185312 1.007987 -0.104443 0.374700 -0.165912 0.374698 0.075190 0.770255 0.363046 0.465654 0.930657 0.696563 -0.755983 0.813939 -0.584044 0.406764 0.990771 -0.802951 0.286326 -0.943317 0.785247 -0.041778 -0.372161 -0.979987 -0.608805 0.785861 -0.616588 0.512005 -0.265863 -0.330122 -0.327157 -0.267741 -0.793402 -0.268415 0.654266 -0.269291 -0.040524 -0.480774 -0.828445 0.588165
-0.155598 -0.189490 0.889424 0.320063 0.393410 0.105726 -0.891152 -0.044185 -0.351592 -0.512644 0.188139 0.272908 -0.877487 0.349070 0.327409 -0.687497 -0.784977 0.565537 0.807876 0.172084 -0.176169 0.006807 -0.889705 -0.595118 0.231377 0.045203 0.632427 -0.179403 0.928231 -0.650546 0.165203 -0.389349 0.497890 0.360579 0.497645 -0.298904 0.297806 0.446620 -0.691471 0.626960 0.752933 -0.469007 -0.758919 -0.877751 -0.565381 -0.450886 0.166226 0.644350 0.621007 -0.577894
-0.752189 0.302578 -0.478344 0.963424 0.025122 0.729841 -0.403381 0.156096 -0.136006 -0.871141 0.190595 0.047509 0.885990 0.484923 0.316973 0.359065 0.918396 0.318609 -0.823840 -0.519951 -0.059144 -0.082749 -0.713673 0.652209 0.004742 0.496417 -0.096563 0.568218 0.662949 0.589331 -0.282169 0.784122 -0.327254 -0.384624 -0.245917 -0.329376 -0.912329 -0.877094 0.857549 0.079837 0.577687 0.135962 -0.842580 -0.688959 0.841961 -0.224234 -0.932472 -0.114746 -0.322264 0.737622
-0.644362 0.256914 0.433191 0.333868 -0.969284 -0.395081 -0.783604 -0.882611 0.603805 -0.565884 -0.957913 -0.226626 -0.394611 0.859234 0.068244 -0.338279 0.302747 -0.044604 -0.860283 -0.313096 0.810980 -0.802762 -0.360325 -0.332265 0.908943 0.693909 0.766851 0.080896 -0.285040 0.717165 0.498477 -0.146562 -1.030585 0.790550 0.726349 0.787744 0.480495 -0.444974 -0.889237 0.616026 0.914093 0.171051 0.607197 0.002903 -0.627403 -0.528744 -0.340741 0.624558 -0.558057 0.021135
-0.338472 0.353468 -0.961734 0.052566 -0.559931 0.051168 0.181287 -0.619397 -0.455070 -0.722948 -0.916119 0.097455 0.976807 0.246908 0.166729 0.062409 0.398347 -0.572616 0.311212 -0.467544 0.530704 -0.251817 -0.310994 -0.653849 -0.720462 0.681431 -0.100826 -0.801395 0.368419 0.278260 -0.621974 -0.353060 -0.198360 -0.864866 -0.194288 0.968878 -0.969633 0.463199 -0.005910 -0.071103 -0.859687 0.267426 0.599176 -0.944474 0.222349 -0.022180 0.182824 -0.403024 -0.194682 -0.144913
-0.951719 -0.209380 0.907232 -0.114824 0.385984 1.002228 0.744962 0.636911 0.424972 -0.888390 0.770775 -0.923907 0.515682 0.787593 -0.382050 0.556688 -0.511682 -0.700393 0.081150 0.176837 -0.699954 0.551101 1.153423 -0.058036 -0.570316 -1.013334 0.568542 -0.271312 -0.791269 0.692361 0.157522 -0.597469 0.364183 -0.886287 -0.483547 0.260971 -0.056154 -0.289516 -0.033940 0.647205 -0.285136 0.372418 0.410179 -0.869047 -0.603227 0.254687 0.950496 0.245139 0.156009 0.112988
-0.790847 -0.528987 -0.624991 -0.302709 -0.881853 0.752689 0.468666 -0.281802 0.072352 -1.103408 -0.106044 0.424448 0.790199 -0.571449 -0.249992 -0.718740 -0.996247 -0.113347 0.009800 -0.828947 -0.468355 0.668924 0.576297 -0.589036 -0.778507 -0.451486 0.733161 0.254730 -0.780012 0.735535 0.332787 0.654510 0.342006 -0.585387 -0.801202 -0.857060 -0.958672 -0.109830 0.757911 0.710716 -0.334077 0.917566 -0.841381 -0.763142 0.798270 0.423524 0.646147 -0.836074 0.771644 0.957468
-0.050314 -0.479302 -0.722050 -0.141181 0.232385 -0.068430 -0.836857 0.887400 0.301870 0.333132 -0.249913 0.830993 -0.100009 0.586116 -0.278152 -0.928572 -0.071804 0.050426 0.266665 0.332963 0.419002 1.249290 0.159370 -0.306720 0.180689 0.041288 0.372663 -0.790636 -0.752797 -1.010028 -0.504277 -0.007146 -0.259750 0.122675 -0.776396 -0.695598 -0.168098 0.383751 0.068827 -0.731509 1.010084 -0.470216 -0.782699 0.191767 0.808462 0.759761 -0.624928 0.332154 0.918330 0.364696
0.954346 -0.188082 0.620105 0.947525 0.436386 -0.128475 0.117544 -0.250311 0.307163 -0.297508 -1.030937 0.311233 -0.144255 -0.000747 -0.092580 -0.436194 0.609819 -0.206861 0.666446 -0.943029 0.401210 0.771633 -0.125950 -0.733414 -0.599365 0.622027 0.229055 -0.614536 0.317697 -0.804633 -0.278182 0.030910 0.538895 -0.465592 -0.661833 0.337417 -0.024291 -0.513940 -0.410128 0.399314 0.378270 -0.620479 0.377769 0.340906 1.064384 -0.958242 0.773010 -0.207721 0.352164 0.158629
0.369471 0.384406 0.900188 -0.547854 0.487829 -0.517842 -0.670402 -0.930636 1.020439 -0.117549 -0.433779 -0.582754 -0.065412 -0.899078 -0.466740 0.190659 0.037268 0.090103 -0.020652 0.005885 0.630707 0.375519 -0.725619 0.944648 -0.613349 0.442673 -0.299549 0.898648 -0.994470 -0.061127 -0.126032 0.385775 -0.360078 0.144556 -0.066905 -0.781969 1.032735 -0.145212 0.164112 -0.845821 0.742290 0.152440 0.994325 -0.579165 -0.350279 -0.498166 0.203026 0.116298 -0.429544 -0.458825
-0.198381 0.438583 -0.356681 -0.483798 0.417266 -1.066444 0.289201 0.714358 0.538479 -0.765835 -0.501047 0.791775 -0.107939 -0.419546 -0.809779 0.530696 -0.314423 0.281901 -0.645680 -1.045887 0.443808 -1.149202 0.808063 0.239318 0.368985 0.408401 -0.263493 0.498142 -0.273934 0.276072 0.128396 0.019197 -1.058662 -0.501912 0.401071 0.743119 0.351662 0.663206 -0.422234 -0.760846 0.039443 -0.316745 -0.692661 -0.272923 -0.197976 -0.191660 0.637701 -0.713290 -1.107106 -0.125901
0.684256 0.284991 -0.278758 -0.402146 0.246413 0.199390 -0.936258 0.197584 -0.586863 0.570039 0.507984 0.024105 -0.812417 0.979995 -0.327432 0.032785 0.263685 -0.510174 0.791719 -0.538679 0.750416 -0.008546 0.046210 0.935628 0.390155 -1.034716 0.884130 0.743620 -0.571031 0.701852 0.420585 -0.286890 -0.813857 0.171657 -0.307949 0.934873 -0.874120 -0.614559 -0.623530 -0.594825 -0.192783 0.438159 -0.036408 0.812935 -0.391654 1.082745 0.579184 -1.000532 0.384880 -0.330761
-0.406287 -0.302462 -0.495445 0.840697 -0.509840 0.604897 -0.419352 0.804448 -0.814332 0.622334 0.930508 -0.297941 0.488425 -0.252309 -0.313684 -0.478262 -0.235669 0.909571 -0.629690 0.170902 0.821677 0.014251 0.270522 1.003053 -0.594143 -0.366853 1.020736 -0.923374 -0.338906 -0.899046 -0.144767 -0.289327 -0.022186 0.616586 0.087926 0.028948 0.356238 -0.617149 -0.799248 -0.950107 0.600387 0.606994 0.679663 -0.372123 0.116887 -0.728824 -0.159979 -0.849295 -0.882233 0.343347
0.726867 0.881344 -0.771305 -0.778000 -0.741653 0.357952 0.328919 0.133772 -0.452243 -0.067088 0.233065 -0.299438 0.130058 0.467617 0.133279 -0.329059 0.113926 -0.500950 -0.237603 -0.212919 -0.676652 -0.568306 -0.609591 0.086143 -0.537031 0.837937 0.418524 -0.018771 -0.383685 -0.401723 0.295854 0.265401 -0.875527 0.411921 -0.418278 0.032318 -0.442076 -0.994158 -0.261948 0.214760 -0.655121 0.814802 0.039982 -0.798753 0.123932 -0.520622 0.933421 0.277871 0.245340 -0.745694

Bias v0 (Oculta):
0.196539
-0.967590
0.061174
-0.455313
-0.162263
0.941830
0.809349
-0.495145
-0.607709
0.555651
-0.096936
0.171052
-0.457002
-0.305694
-0.818745
-0.368668
0.547860
0.572430
-0.744564
-0.735510
0.046869
-0.434031
-0.151157
-0.624543
0.135016
0.065365
-0.341694
-0.536476
-0.464077
-0.489885
-0.654606
-0.726270
0.943302
-0.286138
0.636048
0.263806
-0.229053
-0.034336
-0.267982
0.658775
0.544536
-0.278656
-0.918813
0.603051
-0.471513
-0.568972
0.394862
-1.044671
0.414561
-0.086753

Pesos w (Oculta -> Sa獮a):
-0.316626 0.035894
-0.645420 -0.340632
1.087454 -0.868715
0.478816 0.796351
0.291283 -0.451691
0.872542 -0.784401
-0.297506 -0.401824
0.669249 0.041244
0.655955 -0.269804
-0.878214 0.425304
1.364498 -1.062636
0.605389 -0.384967
-0.420127 -0.149865
-0.891358 -0.402714
0.098921 0.669789
0.182306 -0.133384
-0.442423 -0.476194
-1.103942 0.619141
0.111746 0.885066
0.234108 -1.108025
-0.678668 0.697022
0.965164 -0.895544
0.860965 -1.191831
-1.325658 1.105770
-0.721162 0.332070
0.688433 -0.831139
0.166325 0.203603
-0.296519 0.190134
0.385247 -0.012983
-0.206955 0.681485
-0.408944 0.603446
0.676716 -0.210503
0.767939 -1.005651
0.637828 -0.396467
0.879145 -0.368297
-0.733024 -0.151578
-0.072891 1.087349
-1.235095 1.517460
0.371517 0.097800
-0.930762 0.717214
-0.031018 1.238365
-0.690666 0.799255
0.405577 -0.650649
0.702711 -1.167495
1.645027 -1.557329
-0.821377 0.688236
0.325641 -0.156033
0.625630 -0.810499
1.077030 -0.768268
-0.595293 -0.185631

Bias w0 (Sa獮a):
-0.503115
0.431476
