Pesos v (Entrada -> Oculta):
0.374408 0.924707 0.593930 -0.110870 0.040632 -0.250323 0.002277 -0.755039 -0.483281 0.116866 -0.780149 0.132715 -0.638425 0.935588 0.142039 0.382551 -0.901351 0.606607 0.691233 0.592554 0.346942 -0.976812 0.408172 0.978174 0.216882 0.198378 -0.238022 0.559607 -0.985798 -0.660413 0.349514 0.160852 -0.658698 0.447576 0.634280 0.706283 -0.827960 -0.879517 0.656162 0.020497 -0.845553 0.364297 0.569512 -0.394546 -0.235945 -0.398858 0.933688 0.575399 -0.279739 0.028208
0.698876 -0.273590 -0.028050 0.327543 -0.101165 0.357670 -0.583184 0.516626 0.871379 0.083623 -0.098582 0.474297 0.715859 0.904808 -0.663252 0.180540 0.457346 -0.144884 -0.115042 -0.523149 0.175221 0.882721 0.446553 -0.864530 0.725563 0.516991 -0.550334 0.549214 -0.170819 -0.542425 -0.876628 -0.659474 0.547496 -0.255356 0.345095 -0.058535 0.601772 -0.350216 -0.001906 -0.756649 0.921220 -0.108698 -0.871212 0.385254 0.002405 -0.415558 0.618611 0.204117 0.685384 -0.345772
0.559737 -0.564748 -0.996486 0.479377 0.774369 0.777098 -0.876775 -0.607450 -0.091977 -0.449019 0.682202 0.315089 0.464757 -0.100215 0.940494 -0.593048 0.728464 -0.334004 0.367554 0.025535 0.722682 0.031766 0.918946 0.467523 -0.638104 0.417555 0.375090 0.872924 0.720085 0.086887 0.948460 0.452920 0.283545 0.814758 0.050259 -0.333308 0.736162 -0.089002 -0.299292 -0.721474 -0.844122 -0.373111 0.290513 -0.388973 0.878266 -0.019496 -0.320551 -0.431534 -0.674220 0.558468
0.225431 0.581609 0.834886 -0.271155 -0.145541 -0.603694 0.747695 0.516655 0.542953 -0.796082 0.942525 0.746795 0.919182 0.087981 0.723031 -0.699416 -0.183004 -0.192742 -0.980275 0.497287 0.547875 -0.248322 0.938461 -0.203399 -0.108086 0.064148 -0.360794 0.555386 -0.154670 -0.032598 -0.148280 -0.687522 0.720813 0.334884 0.332788 0.995797 0.280773 0.481245 0.985523 0.783727 -0.079674 -0.193317 -0.566119 0.306745 -0.196680 0.177241 -0.021068 -0.082445 -0.088024 -0.179196
0.616856 -0.518135 0.669599 -0.846976 -0.717174 0.733098 0.180834 0.027285 -0.358960 -0.164765 0.781750 0.310371 0.594815 0.337741 0.077586 -0.040955 0.938318 0.927489 0.579907 0.468591 0.551282 -0.487636 -0.937214 0.784211 0.056296 -0.621391 -0.854195 0.581614 0.934944 0.455968 0.329565 -0.379849 0.002973 0.707453 -0.205470 -0.695139 0.420302 -0.929664 0.764889 -0.485114 -0.566022 0.188697 0.995766 -0.793560 -0.510993 0.921044 0.135798 -0.685569 -0.816136 0.160965
-0.242809 -0.632326 0.439128 -0.919070 0.222831 -0.479684 -0.063774 0.803954 -0.409130 0.311014 -0.691209 0.902122 0.545682 0.467186 0.769945 0.143490 -0.510697 0.979590 -0.261022 0.993785 -0.825769 -0.541098 0.652475 -0.185177 0.439529 0.036772 0.162274 0.334758 -0.121560 -0.969621 0.702912 -0.757089 0.960494 -0.724855 -0.086841 -0.080457 -0.741129 -0.432658 0.326949 -0.866531 0.906832 0.315286 0.208921 -0.380069 0.031937 -0.728843 0.428918 0.767277 0.054427 -0.219336
0.020593 0.795519 -0.086654 -0.722256 0.255224 0.935297 -0.249406 -0.785876 -0.981570 0.450644 0.056638 0.726324 0.059735 0.917043 -0.526545 0.597020 -0.820253 -0.625151 0.013714 -0.344064 0.963228 0.779471 -0.179853 0.241701 -0.844086 0.835936 0.487867 -0.274666 0.940873 -0.278231 -0.192766 -0.214153 -0.758448 0.964740 -0.780670 -0.426149 0.980234 -0.792847 0.334388 0.378216 -0.617962 0.101067 0.944292 -0.227825 -0.190400 0.921827 0.981444 -0.860633 -0.100745 0.821795
0.754712 0.152839 0.125108 -0.254583 -0.642172 0.655178 0.139568 -0.506906 -0.522281 0.261687 0.415187 0.531222 0.355629 0.203820 0.497280 0.491948 0.947410 0.915170 -0.586864 -0.265839 0.133390 -0.066686 -0.475163 0.265674 0.198937 0.353429 -0.927212 0.775203 -0.086898 -0.276845 0.628052 0.526408 0.210399 0.011425 -0.428534 0.988662 0.173375 0.132842 -0.566274 -0.718378 -0.295975 0.176995 0.603085 -0.631056 -0.155913 -0.898654 -0.465198 0.752045 -0.023182 0.227694
0.864933 0.037473 0.053414 -0.042747 0.237210 0.635483 -0.484973 0.625471 -0.853438 0.367358 0.043233 0.378825 -0.819885 -0.046922 0.394107 -0.214699 -0.018793 0.031191 -0.653555 -0.244026 0.938544 0.316608 0.971185 0.161287 0.374080 0.088633 -0.723587 0.977478 -0.377755 0.638482 0.044647 -0.650792 0.177096 0.138048 -0.323627 -0.998169 -0.391011 0.078696 -0.940926 -0.812427 0.859680 -0.983599 0.755471 0.428821 -0.798523 0.961859 0.114140 -0.016664 0.424359 0.725158
0.530899 -0.596735 -0.654669 0.672457 0.980597 -0.902780 0.115259 0.973775 0.764700 -0.595176 0.458115 -0.351568 -0.373484 -0.134677 -0.753245 0.977480 -0.160815 -0.127298 -0.983347 -0.120843 0.000121 -0.843490 0.819597 -0.607576 -0.861473 -0.320754 0.791920 0.744746 0.992194 -0.014825 -0.115906 -0.331048 0.696000 -0.625232 0.784550 0.378490 0.866539 -0.591075 0.113410 -0.712682 0.225565 -0.085157 -0.662045 0.820365 0.260812 -0.845324 -0.752538 -0.052228 -0.841826 0.701456
0.687458 -0.447559 0.941058 -0.815867 -0.837631 0.828837 0.130644 -0.500655 0.339199 -0.706244 0.405544 -0.362462 -0.992728 0.527909 -0.693405 -0.810345 0.413759 -0.275161 0.604543 0.039989 -0.655623 -0.730689 -0.024525 0.281789 -0.076857 -0.002071 -0.391074 -0.557785 -0.919639 -0.203569 -0.066914 0.732351 -0.058900 0.900249 -0.719903 0.875993 -0.681068 -0.955962 0.721544 0.022904 -0.337267 -0.942207 -0.111652 0.592679 0.008916 -0.117360 -0.887587 0.291781 0.520452 0.973689
0.255546 -0.406455 -0.799807 -0.875714 -0.198025 -0.290708 0.913782 0.894288 0.847659 -0.800155 -0.362269 -0.726438 -0.464359 -0.687374 0.323471 0.886223 -0.592362 0.590398 -0.138900 0.013398 0.688300 -0.780506 -0.271683 -0.070063 0.153587 -0.949855 -0.195952 0.893338 0.301270 -0.966222 -0.209574 -0.720649 0.179911 0.873150 0.391096 0.672803 0.939421 -0.219523 0.800107 0.665176 0.673248 0.547424 -0.702261 -0.536602 0.337289 0.572132 -0.165072 0.384321 -0.264754 0.946817
-0.070750 -0.905183 0.638324 0.513080 0.215633 -0.356335 0.942730 0.330178 -0.037131 -0.887513 0.176630 -0.499926 0.038573 0.287340 0.147299 0.940044 -0.710375 -0.086647 -0.537591 0.433997 -0.683290 -0.662131 -0.471036 -0.291190 -0.917741 0.911705 -0.117136 0.066085 -0.097523 0.144179 0.056353 -0.726128 -0.227953 0.007007 0.252419 0.983693 -0.966517 -0.359212 -0.810930 -0.199804 0.028749 -0.573490 -0.652411 0.180427 -0.475796 -0.133540 0.686486 0.009533 -0.401187 0.205745
0.877115 0.569428 0.989538 -0.745302 0.558976 0.297047 -0.834840 -0.796744 -0.463467 0.173228 0.840426 -0.718903 -0.891253 -0.451723 0.990264 0.697913 -0.613425 0.297189 -0.910800 0.881869 -0.307865 0.773176 -0.134038 0.602303 0.443035 0.972202 -0.068584 0.654572 0.146653 -0.770161 -0.573598 0.208516 0.984879 0.917021 -0.533314 -0.905426 0.373758 -0.753134 0.997163 -0.167450 0.297876 0.318736 0.629641 0.537963 -0.368646 -0.084165 0.778435 -0.751417 0.034618 0.447812
0.107902 0.019684 -0.659626 0.330452 0.827232 -0.526058 0.152669 0.361472 -0.092909 0.168263 0.967515 -0.955210 -0.519442 -0.866111 -0.256219 -0.806595 0.333293 0.609082 -0.083039 -0.766572 -0.001733 0.991110 -0.833653 -0.574652 -0.234603 0.255765 -0.338526 0.481192 -0.100214 0.951116 -0.415498 -0.790997 0.644566 0.291671 0.505090 -0.839374 -0.869658 0.616225 0.692118 0.852514 -0.539730 0.530702 0.062097 0.207509 0.626514 0.195981 -0.467322 0.172701 -0.603375 -0.480783
0.797023 0.813197 -0.751306 -0.399929 0.164820 0.070059 0.434813 -0.844355 0.523597 0.782269 -0.194128 -0.216053 -0.067679 0.711504 -0.067880 -0.037656 -0.390038 0.286484 -0.413847 0.946345 -0.153485 -0.816878 0.393085 0.051728 0.507791 -0.065118 -0.574324 -0.649872 0.739264 -0.076762 0.237361 -0.540174 0.523264 -0.490103 -0.791991 0.415395 -0.221452 -0.188999 0.490693 -0.456155 -0.828615 0.770319 -0.526149 -0.151456 -0.695703 -0.617589 -0.797310 -0.087019 -0.811788 0.781719
-0.830016 -0.521273 0.860449 -0.848897 0.716743 -0.835266 -0.987812 -0.581403 0.429211 0.332470 -0.554891 0.859432 -0.708540 -0.368262 -0.291750 -0.808347 -0.559233 0.787727 -0.853975 0.790369 0.150066 -0.546033 -0.105912 0.871896 -0.899689 0.330037 -0.412143 -0.338736 -0.560489 -0.161885 -0.573236 0.971426 0.696290 0.154692 -0.275711 0.131852 -0.305057 0.873081 0.389539 0.815569 0.596174 0.198705 0.737653 0.966195 0.014828 0.737133 -0.575230 -0.053388 0.902233 -0.572708
-0.136192 -0.094689 0.430679 0.562020 0.174886 -0.830578 0.865380 0.047319 -0.469198 -0.349313 -0.931721 0.687870 0.249415 -0.157162 -0.052191 0.463884 0.710756 0.862660 -0.975462 0.385988 0.750213 -0.111376 -0.493242 -0.497611 -0.637899 -0.135128 -0.590474 -0.923263 0.788045 -0.900395 0.967613 0.591450 0.751942 -0.838031 -0.557107 -0.104462 0.476028 -0.920532 -0.720802 0.299045 -0.252850 -0.755495 -0.902272 -0.860594 -0.455325 0.680354 -0.430337 -0.999328 0.905779 0.964477
0.658748 -0.561283 -0.363002 -0.083176 -0.277577 0.474735 0.062007 -0.421194 0.739374 0.347120 0.423900 0.513192 -0.531336 0.760500 -0.866653 -0.376805 -0.225280 0.941023 0.995980 -0.897610 -0.882291 -0.513446 -0.963626 -0.161610 0.673470 0.162015 0.788609 0.872982 0.394070 -0.087160 -0.064701 -0.910873 -0.258907 0.102425 0.415830 -0.278211 -0.170512 -0.691568 -0.046427 -0.883512 -0.689666 -0.178157 -0.247407 -0.033677 0.960053 -0.565963 -0.986629 -0.035797 0.334399 -0.847836
-0.076433 -0.239763 -0.065615 -0.152033 -0.525270 0.666284 -0.202540 0.861096 0.040560 0.780127 0.420741 0.381761 -0.014407 0.319667 -0.596156 0.315633 -0.980510 -0.934082 0.211938 -0.883992 -0.679589 0.616873 0.373202 -0.139174 0.476677 -0.882068 0.613446 -0.559268 -0.731055 0.118915 -0.298197 -0.879249 0.648226 0.062983 -0.417328 -0.988370 0.809046 -0.168725 0.091620 0.297105 -0.386645 -0.208121 -0.995355 -0.184865 0.459105 -0.546573 -0.980247 0.201134 0.324056 -0.193544
0.574919 -0.109366 0.561548 -0.226790 0.466463 0.943413 0.375133 -0.536688 0.361486 0.410783 0.240998 -0.644539 -0.448323 -0.747645 -0.551178 -0.357475 0.504378 -0.323319 -0.056465 -0.741466 0.034928 -0.672953 -0.663680 0.092775 0.688486 0.623555 -0.532788 0.552872 -0.233525 0.856795 -0.143299 0.442163 0.444299 -0.997730 -0.078930 0.394367 0.156411 0.497520 -0.237813 0.501579 -0.937499 -0.024723 -0.154712 0.543438 -0.064944 -0.405494 -0.077685 -0.533416 0.248898 -0.570280
-0.986777 -0.903365 0.770838 0.383854 -0.348772 0.589953 0.219988 -0.087771 -0.142052 -0.558137 -0.974283 -0.558088 -0.382851 0.396071 -0.476756 -0.146659 -0.058792 -0.762424 -0.941350 0.800764 0.325818 0.449270 0.423925 0.970112 0.691047 0.337429 -0.244317 0.648308 0.699995 0.428714 -0.807661 -0.336405 -0.362676 0.692937 -0.568333 0.409760 0.283186 0.330674 0.930975 0.412385 0.673218 0.478433 -0.502160 -0.550132 0.864391 0.508364 -0.851897 0.264937 -0.026952 0.219503
0.746065 -0.180282 -0.899165 0.723118 -0.040448 0.661066 -0.639511 -0.023207 0.456168 0.577716 -0.602492 0.416185 0.122405 0.769309 0.746613 -0.189048 0.549605 -0.093486 0.586933 0.389185 -0.552165 -0.789689 0.043526 -0.898427 -0.390524 0.914542 0.168422 0.462331 0.181042 0.375143 0.663093 0.563829 0.697018 -0.800503 -0.274895 -0.452248 0.162842 -0.158726 -0.464087 -0.082231 -0.409957 0.766391 0.550413 -0.878716 0.614465 -0.064737 -0.392513 0.859447 -0.948810 0.941028
-0.516545 -0.206531 0.084647 0.961631 -0.131027 -0.789194 -0.935753 0.274736 0.073009 -0.684178 0.384203 -0.694818 -0.933222 -0.709290 -0.074698 0.074929 -0.129463 0.970166 0.621441 -0.828245 -0.818475 -0.230532 -0.823261 0.672072 -0.236549 -0.714947 0.782115 -0.314998 -0.123767 0.258293 -0.230965 -0.724488 0.397605 -0.985422 -0.593136 -0.796490 -0.129310 0.838477 -0.879194 -0.548851 0.125810 -0.480994 -0.203437 0.292614 0.871955 -0.345821 0.971840 0.292823 0.881973 0.698078
-0.016923 0.083642 -0.727201 0.651703 -0.357243 0.683707 0.021416 0.154918 0.925024 0.798956 0.838476 -0.735641 -0.442464 0.578702 -0.447629 -0.162077 -0.964927 0.905291 0.671656 -0.861128 -0.561263 0.417886 0.115000 -0.688592 0.677900 0.269580 0.245544 0.782505 -0.685763 0.001832 -0.967497 0.325501 0.816889 -0.571914 -0.198326 -0.117252 -0.998916 -0.672048 0.617430 -0.851471 0.333112 -0.032217 0.750342 0.486619 0.644892 -0.445769 0.423561 0.603913 -0.758713 -0.232933
0.625619 0.110302 -0.615935 0.504693 0.091862 0.800857 -0.296480 0.729124 -0.987585 0.732333 0.673075 -0.727131 -0.981389 0.132304 -0.182017 -0.613655 0.218047 -0.174529 -0.604671 0.640898 -0.209922 -0.739158 -0.444300 -0.667901 -0.483314 -0.137662 -0.626793 0.690766 0.067577 0.283307 0.356414 -0.771242 -0.777064 0.032291 0.683203 0.065962 -0.597976 -0.044645 0.137069 -0.890527 0.098630 -0.824355 0.904789 -0.684815 0.914225 0.290842 -0.594948 -0.957320 -0.239989 -0.863588
-0.369553 -0.814310 -0.085589 -0.645014 -0.609643 0.227670 -0.787779 0.924331 0.682404 -0.893948 0.065284 0.480948 -0.395621 0.476427 0.731607 -0.460691 -0.699828 -0.396715 0.286835 -0.839142 -0.415324 -0.400071 0.406300 0.016404 -0.275580 -0.044340 -0.151059 -0.797737 -0.490974 -0.117345 -0.172074 -0.527154 0.968940 0.145783 -0.098667 0.978318 0.529564 0.892836 -0.109342 0.506049 0.879707 0.895088 -0.308688 -0.078109 0.550588 0.875548 -0.285557 0.457333 0.516920 0.243249
-0.023457 -0.266950 -0.840071 0.727263 0.158009 0.166296 0.043599 -0.206789 0.377695 -0.315214 0.274971 -0.053752 0.579629 0.794376 -0.901036 -0.356874 -0.448590 0.766298 0.477614 0.740555 -0.531205 -0.747624 0.896010 -0.302215 0.943174 -0.093743 -0.160472 0.493312 -0.014472 0.381793 0.856411 -0.877170 -0.416803 -0.203214 -0.986452 0.925622 -0.847040 -0.029151 0.876247 0.164834 0.350195 -0.412070 -0.689892 -0.539526 0.288624 0.068058 -0.673748 0.028131 -0.019785 -0.364148
0.957195 -0.611653 0.203761 -0.653859 -0.450515 0.255051 0.459660 0.762032 0.854576 0.127708 0.984321 -0.186926 0.830539 -0.787546 0.574665 -0.670598 0.424692 -0.149415 -0.515199 0.416903 0.626440 0.666456 0.629901 0.401130 -0.395868 0.432226 0.705607 -0.848597 0.251222 0.661551 0.182319 -0.609664 0.983749 -0.083565 -0.958793 0.589310 0.607409 -0.990817 0.373066 0.918234 -0.384686 0.872249 -0.202814 0.227010 -0.855665 0.425821 0.398069 0.546785 -0.260984 -0.857413
0.787743 0.213098 0.749148 -0.115018 0.645230 0.385195 0.199368 -0.476446 0.200415 -0.636626 0.981465 0.631146 -0.507140 0.890036 0.866722 -0.374241 -0.689506 -0.339968 -0.027160 0.531786 -0.689275 0.995522 0.243879 0.031611 -0.234864 0.845527 -0.671954 -0.305434 0.605133 -0.403191 -0.595755 0.955262 -0.447170 -0.237384 -0.054769 0.297402 0.846001 -0.231894 -0.710970 -0.868927 0.796444 0.543064 0.479166 0.089626 0.941245 0.261470 -0.234083 -0.198461 0.584472 -0.316834
0.892333 -0.107560 -0.601923 0.640081 -0.559522 0.589651 0.078701 0.253886 -0.965375 0.472328 0.330651 0.786600 -0.173520 -0.558229 -0.934243 0.115873 0.566635 0.202912 0.758540 -0.668527 -0.526713 -0.968130 -0.170094 0.652888 -0.310976 0.022596 -0.069041 -0.920572 -0.402307 0.457990 -0.219547 0.682143 0.286148 -0.564369 0.740638 -0.679147 0.861609 0.988274 0.284699 0.676633 0.298456 0.754113 0.147727 -0.436627 -0.682168 -0.231717 0.307059 0.901581 0.220908 0.866682
-0.599584 -0.697398 -0.092843 0.608200 -0.118623 -0.075933 -0.516134 -0.301633 -0.549596 0.649781 0.984688 0.989095 -0.176066 -0.332047 -0.941723 -0.683306 -0.346075 -0.558622 0.711747 -0.264049 -0.933189 0.951958 -0.410034 -0.218260 -0.279759 0.776911 0.709856 0.574600 -0.633004 -0.606939 -0.044468 -0.208397 -0.757414 0.302850 0.523200 -0.809767 0.937874 0.011151 0.219802 0.212706 -0.866717 0.150238 -0.359607 -0.094481 0.077184 0.541075 -0.822797 -0.434003 0.962654 -0.826582
-0.537689 -0.312478 -0.485989 0.253356 0.764539 -0.812849 -0.289801 0.429996 -0.452851 -0.133201 0.287200 0.517512 0.698926 0.497400 -0.586586 0.838450 0.103456 -0.859506 -0.315353 -0.676739 0.211685 -0.532362 -0.431377 0.613506 -0.910546 0.328010 0.647332 -0.320232 -0.510158 -0.820367 0.630890 -0.435630 -0.903150 -0.394996 -0.880630 -0.598828 -0.666235 0.335302 0.911176 -0.783823 -0.176134 0.019734 -0.107020 0.206509 -0.008467 0.709823 0.149119 0.015051 -0.511981 0.520393
0.588998 -0.061452 0.269017 0.945651 -0.024335 -0.875540 -0.664497 0.204928 0.965793 0.037071 0.840970 -0.178426 -0.088011 0.981966 0.191701 -0.347190 0.381033 0.318179 0.120315 -0.991374 0.741804 0.289684 0.113755 -0.401351 -0.822630 0.836953 -0.752684 0.661907 -0.134374 0.729810 -0.098734 0.656333 0.755590 0.380738 -0.812433 0.716090 -0.485969 -0.000932 -0.823583 0.978023 -0.290286 0.867907 0.393782 -0.515632 -0.775450 -0.569249 0.865171 0.172011 0.334586 0.133762
0.914098 -0.549236 0.124486 0.391942 -0.666681 -0.354373 -0.691621 -0.194986 -0.179865 -0.066683 -0.604170 0.993519 -0.480067 -0.963372 -0.216423 0.874019 -0.457348 0.230352 0.993060 0.050797 -0.088242 0.398028 0.985714 0.380248 -0.678843 0.875744 0.465258 0.808764 -0.815565 0.730169 -0.489434 0.727100 0.939960 0.147037 0.211578 0.207001 0.952446 -0.001985 0.529117 0.404175 -0.965779 0.385345 -0.855721 0.768042 0.392771 0.101855 -0.674388 -0.317314 0.538544 0.140946
-0.585692 -0.948101 -0.169457 -0.123772 0.302495 0.551703 -0.884201 -0.013758 0.585414 -0.864198 0.883538 -0.680467 0.500690 -0.264467 -0.412035 -0.043936 0.312901 -0.451232 -0.858542 0.066017 -0.430212 0.880519 0.090624 0.304408 0.738574 -0.604829 -0.647500 0.562322 0.309142 -0.654885 -0.292602 -0.414798 0.443414 -0.302783 0.053885 0.256469 -0.461295 -0.163101 -0.252439 -0.683308 -0.708873 -0.318809 0.760462 0.241589 -0.674793 -0.503128 -0.621773 0.103188 -0.348037 0.197211
-0.353718 -0.916746 0.750317 -0.224638 0.343676 -0.940450 0.338701 0.022779 0.432500 0.307741 -0.934480 0.787814 0.039036 0.949431 -0.838511 0.743159 0.250737 -0.831391 0.282031 -0.499988 -0.255698 0.543294 0.507233 -0.999129 0.927775 0.916510 0.713918 0.234799 0.710995 0.260889 -0.697224 0.456664 0.265935 -0.240743 -0.703330 -0.425158 0.076893 -0.172940 0.429050 0.831893 0.735885 0.026773 0.882023 -0.800488 0.514949 0.913545 -0.496022 -0.067888 -0.156017 0.062696
-0.970341 0.033750 -0.810820 0.910700 0.146226 0.552419 -0.432921 0.878709 -0.058261 0.660927 0.054349 -0.446504 -0.742384 -0.777952 -0.100570 0.826651 -0.534606 0.661521 -0.448964 -0.102611 0.788885 0.753557 0.072294 0.028222 -0.431023 0.606768 -0.741512 0.494395 -0.116110 -0.288418 -0.013624 0.914826 0.771255 -0.834487 0.923799 0.519629 0.105702 -0.605449 0.522532 -0.962221 0.971757 0.889768 -0.065059 0.922767 -0.270127 0.053402 0.217295 -0.959796 -0.086696 -0.332866
-0.190564 -0.309155 -0.718638 -0.597422 -0.453565 0.051329 -0.386534 0.775986 -0.161329 -0.723474 -0.955902 0.577524 0.793808 -0.921184 0.134634 -0.877365 0.597358 -0.540859 -0.451364 0.803478 0.984276 0.369375 -0.928186 0.384205 0.521822 -0.857673 0.705656 -0.491363 -0.075136 0.170826 -0.000944 -0.134410 -0.637759 -0.812205 -0.986349 -0.896961 0.400419 0.770902 0.869621 -0.694452 -0.613513 0.918675 -0.342669 0.067574 0.729483 -0.713005 0.324734 0.513554 0.262841 0.060933
0.844691 -0.117186 0.889748 0.185593 -0.751596 -0.065002 -0.251265 0.121657 0.736455 -0.601407 -0.966312 0.197325 0.726456 -0.487983 -0.101059 -0.753591 0.578751 0.465508 -0.165253 -0.232863 0.620296 0.778581 -0.562749 0.697938 0.938343 0.000473 0.502295 -0.881189 0.987236 -0.454536 0.293722 -0.367126 -0.147246 0.575369 0.331189 -0.486583 0.869349 0.700415 0.113636 0.846738 0.448856 -0.252359 0.365383 0.472509 -0.542406 0.059957 0.626448 -0.760842 -0.588533 -0.018262
-0.488202 -0.635223 0.683600 0.531103 0.995441 0.349706 0.988869 0.092037 0.764058 0.738704 -0.339157 0.442865 0.665540 0.301154 -0.938229 0.059183 0.612069 0.156087 0.901876 0.353040 0.225787 -0.341613 -0.337713 -0.621478 0.659136 0.425654 0.842132 0.675721 0.509026 -0.452400 -0.277746 0.569434 0.292598 0.575359 0.562603 -0.140950 -0.475544 0.121205 0.272467 -0.193954 0.776423 0.459976 -0.872505 0.234802 -0.655902 -0.772435 0.052324 0.156887 0.103803 -0.784663
0.611524 0.894357 -0.105774 0.502760 0.275697 -0.599212 0.024334 -0.090360 0.117893 -0.040276 -0.162370 -0.318096 -0.461210 0.301246 -0.106663 0.508495 0.443063 -0.911586 0.949444 -0.163850 0.826271 0.806743 0.446193 -0.516222 0.522802 0.748345 0.061001 0.539380 0.076977 0.969491 0.294477 0.374055 -0.879042 -0.291758 -0.526971 0.356416 -0.575049 -0.154762 -0.917851 -0.883055 0.734584 -0.023361 0.884600 0.596794 0.729810 -0.734168 -0.196365 -0.935030 0.706735 0.707777
0.525100 0.139125 0.306629 -0.833956 0.329873 -0.600380 0.715944 0.435698 0.938226 0.374665 -0.421798 -0.363178 0.944045 0.355075 -0.467384 0.796542 -0.533963 0.694151 -0.983767 0.120567 -0.220239 -0.890266 0.792794 -0.305623 -0.503618 0.708176 0.678209 -0.856020 0.566513 0.818166 0.223934 0.880565 0.894645 0.929062 0.933002 0.315712 0.733677 -0.659405 0.628699 0.563703 -0.074985 0.329784 0.349834 0.912790 0.408189 -0.891663 -0.160697 -0.125242 -0.840324 -0.035062
0.164438 0.009951 0.293310 -0.302430 0.671621 0.009490 -0.625978 0.727836 -0.064412 0.162922 0.815130 0.401701 0.647633 0.082300 -0.293720 0.166566 -0.192543 0.292347 0.826826 -0.918806 0.999012 0.577792 0.444866 -0.377475 0.149658 -0.131484 0.580965 0.814869 0.576556 0.677712 0.421091 0.061667 0.429809 0.996146 0.000843 0.470513 -0.959723 0.862927 0.130093 0.236106 -0.803442 0.241621 0.169848 0.688227 0.239569 0.888085 0.861874 -0.777983 -0.365384 -0.227603
-0.462723 0.287819 0.355805 -0.292885 -0.387635 0.649445 0.324830 0.912955 -0.316043 -0.821272 -0.808279 -0.469953 0.879524 -0.545474 0.533186 0.952423 0.260998 -0.800172 0.352353 0.704536 -0.381068 -0.261416 -0.597314 -0.097924 0.965642 0.001046 0.193195 -0.899372 -0.420405 -0.439052 0.055883 0.782010 0.622595 -0.908842 0.768438 0.063444 -0.603446 -0.514817 -0.327068 0.655995 0.067195 -0.767684 -0.151503 -0.094586 -0.120623 0.687416 0.479102 -0.545802 0.838355 0.659432
0.229757 0.459513 -0.098953 0.518554 0.408059 0.971577 0.873310 0.382938 0.149692 0.011944 -0.234087 0.274765 0.237107 -0.374075 -0.569621 -0.083325 0.410511 0.301321 0.461302 0.548815 -0.422749 0.799266 -0.680455 -0.000698 0.878133 -0.686590 0.921854 0.934975 0.217044 0.379048 0.313506 -0.265521 -0.140734 0.109866 0.786062 -0.937121 -0.559160 -0.018035 0.715632 0.589626 0.944714 -0.842012 -0.450492 0.821909 0.758676 0.640295 0.999450 -0.906180 -0.988293 -0.285340
0.183236 0.263566 -0.158930 -0.893259 -0.877048 0.596760 -0.603541 0.155088 -0.158827 -0.565164 0.394702 -0.496543 0.681273 -0.210550 0.053417 0.320188 0.396006 0.883426 0.581766 -0.756163 -0.696771 0.798845 0.785290 0.504033 0.062980 0.648514 -0.337925 0.037376 0.508886 -0.849324 0.970059 -0.948565 0.131639 -0.730285 0.773036 0.781329 0.220363 -0.739849 0.444805 -0.041185 0.642739 0.294775 -0.089027 -0.902656 -0.210206 -0.849317 -0.872799 0.601706 -0.489987 0.710662
-0.519959 0.488532 -0.790834 -0.277728 0.336691 0.817005 -0.802037 -0.208259 0.637584 -0.457249 0.871116 -0.650584 0.338770 0.440688 -0.386692 0.722817 -0.893768 -0.421533 0.969441 -0.984120 -0.750901 -0.557567 0.104360 -0.242766 -0.953897 -0.391036 -0.329681 -0.661843 0.597245 0.093698 0.572870 0.233804 0.861756 -0.694691 0.707726 -0.649530 0.304411 -0.275404 -0.891463 -0.603644 -0.143167 -0.107806 -0.210153 0.557383 0.457401 -0.863030 0.324779 -0.949111 -0.469052 -0.472118
-0.514162 0.355499 -0.945215 0.072975 -0.631709 -0.355971 -0.515445 -0.060028 0.224808 0.734229 0.632990 -0.040796 -0.677250 -0.166574 0.433988 0.392550 0.647764 0.752057 0.213613 -0.277770 -0.108987 -0.400071 0.563302 0.507222 -0.355580 -0.539520 0.549035 0.338025 -0.126839 0.093351 -0.576548 0.921213 -0.543901 -0.374587 -0.343304 -0.507912 0.602808 -0.480526 -0.597704 -0.083007 0.671409 0.048075 -0.199667 -0.635802 0.080885 0.188985 0.459016 -0.535152 -0.998562 0.005177
-0.375654 -0.680016 -0.784903 -0.633372 -0.657594 0.337969 0.153117 0.200246 -0.488323 -0.734352 -0.664113 -0.707829 -0.751936 -0.980330 0.089450 0.851067 -0.754587 0.494970 0.659705 0.964842 0.699593 -0.080519 -0.529887 -0.600312 -0.011608 -0.838009 0.970947 -0.377925 0.943134 0.199466 0.505998 0.348381 -0.857215 0.695744 -0.005193 0.145475 -0.525680 0.035893 0.817785 0.676409 0.266261 0.900354 0.470544 0.945446 -0.582848 -0.362483 0.232624 0.705505 0.275823 -0.274459
0.480425 0.964347 -0.057790 0.790295 0.686244 -0.241000 0.166344 -0.562008 0.970110 -0.812995 -0.931602 0.846961 0.484663 -0.831932 0.844805 0.353669 -0.296418 0.351745 -0.067558 0.856710 0.301760 -0.959712 -0.988406 -0.938266 -0.587122 -0.633299 -0.307545 -0.514561 0.889219 -0.973992 0.231321 0.651938 0.703743 -0.256818 0.883566 0.118829 0.626981 -0.360326 -0.564515 0.215941 -0.132511 -0.988452 -0.230908 -0.719289 0.705794 -0.847528 0.625558 0.688874 -0.685598 -0.057084
-0.143943 -0.327144 0.758223 0.245962 0.638270 -0.164842 -0.613880 0.243391 -0.436517 0.886749 0.960351 -0.661139 -0.813577 0.827577 0.348730 -0.844826 0.701954 -0.678053 0.874570 -0.525409 -0.394813 0.635221 0.333978 -0.791647 0.369705 0.302274 0.418125 -0.797124 -0.621626 -0.627728 0.318156 0.810599 0.691877 -0.110993 -0.881356 0.869207 0.375632 -0.159429 0.455927 -0.335790 0.196262 0.961569 0.435933 -0.215700 -0.646604 -0.411777 -0.577034 -0.149792 -0.591051 -0.716324
0.386967 -0.965254 -0.675158 -0.114495 0.242632 0.178531 0.974432 0.187740 -0.562605 0.066406 -0.540021 0.234985 0.166921 0.285382 0.511963 0.202884 0.886756 0.078919 0.652168 -0.471820 0.725675 0.063259 -0.832257 -0.380194 -0.375508 0.839139 -0.754563 -0.007054 -0.182059 0.634326 0.570828 -0.349172 -0.950792 0.337285 -0.282884 -0.018276 0.567411 -0.496584 0.602722 -0.875931 -0.926275 -0.848749 0.235225 0.016079 0.105976 0.823794 -0.593253 0.161346 -0.960469 -0.496535
0.797184 0.108836 0.489899 -0.199002 -0.531989 -0.056716 -0.347288 0.940438 -0.611384 0.976975 -0.294101 -0.360593 -0.772030 0.602361 -0.577655 0.201613 -0.195016 -0.722556 -0.830998 0.413638 -0.796235 -0.895797 0.451742 0.338343 -0.673878 0.312276 -0.165099 -0.566268 -0.906030 0.949554 -0.922998 -0.632274 0.195140 0.450899 -0.300655 -0.327168 -0.535126 -0.296838 -0.118880 -0.440948 -0.670042 0.115329 0.931869 0.567094 0.150273 0.515001 0.750724 0.869244 0.023401 0.765257
-0.763971 0.106864 -0.078781 -0.608341 -0.343659 -0.625362 0.191831 -0.513194 0.509436 -0.065576 -0.986962 -0.299066 0.174757 -0.694256 -0.097355 0.556086 0.330131 -0.280779 0.279708 0.109863 0.668654 -0.406434 -0.040614 -0.510266 0.468089 0.217021 -0.854206 -0.930459 0.973427 -0.025846 -0.903284 -0.449987 0.704400 0.834622 0.900633 0.392718 0.133588 -0.106601 0.381291 -0.429059 -0.894747 -0.738317 -0.271351 -0.162592 -0.357461 -0.654500 0.485770 0.141214 0.139868 -0.178283
-0.231238 0.686070 -0.152276 -0.312809 -0.333638 0.382251 -0.226118 -0.541810 -0.072890 0.021911 -0.413111 -0.164610 0.976513 -0.077341 -0.935492 -0.235896 0.037551 -0.705044 -0.196560 0.236122 -0.634435 0.652601 -0.524277 -0.081063 0.513293 -0.316451 0.117140 0.011873 0.579075 0.596139 0.760927 0.334475 -0.663696 -0.651157 -0.116046 -0.092895 0.425021 -0.485817 -0.950851 -0.064313 -0.926061 0.181968 -0.366635 -0.436072 -0.478262 0.753644 0.788208 -0.252309 0.030831 -0.526668
0.703057 0.780527 -0.054459 -0.423694 -0.725397 -0.124338 0.235896 -0.192023 -0.660961 -0.032723 -0.338945 0.701536 -0.029831 0.718859 0.804815 -0.572156 -0.792353 -0.383059 0.304314 -0.283174 -0.183953 -0.997756 0.434722 0.618099 0.021094 0.536577 -0.678905 -0.753291 0.406033 0.985698 0.726104 0.648132 0.218916 0.047034 -0.926450 0.135215 -0.805261 0.216843 0.520178 0.557951 -0.707964 -0.092167 -0.111147 -0.240979 0.249860 0.632903 -0.832627 -0.064246 0.541204 0.191714
0.854459 -0.707379 0.288665 -0.864618 -0.109758 0.203681 0.312579 -0.146466 -0.634149 -0.337070 0.063222 -0.520360 -0.272305 -0.331521 -0.103490 -0.861967 0.968742 -0.274724 0.872299 -0.902070 -0.265459 -0.755840 -0.575908 -0.801578 -0.552275 0.980603 -0.722125 -0.080528 0.938412 0.064610 0.641537 -0.393209 0.669133 0.535794 -0.958662 -0.440564 0.600024 -0.285123 -0.444931 0.769890 -0.223911 -0.697507 0.062533 -0.819858 -0.263473 -0.483775 0.840402 -0.970116 0.158716 -0.343779
-0.913402 -0.931131 -0.869097 -0.608547 -0.337768 0.073122 0.718221 0.368339 0.133929 -0.810183 0.643481 0.428397 0.262460 -0.307963 -0.809155 -0.235313 0.457081 0.931279 -0.520418 0.755679 0.822145 -0.600855 -0.380170 0.790893 0.315300 -0.550837 -0.862322 0.434745 -0.225800 0.007339 0.772585 -0.790930 -0.153281 -0.998760 -0.925311 -0.346935 -0.094322 -0.218486 -0.723844 0.926068 -0.473048 -0.758225 -0.326898 -0.360060 0.323994 -0.507606 -0.258505 -0.018290 -0.559034 0.165671
0.619419 -0.060235 0.368350 0.272109 -0.788620 -0.721554 0.761686 -0.923314 0.066821 0.638555 0.302722 -0.381452 0.147265 -0.023214 0.879024 -0.865282 -0.074718 0.362408 0.546633 0.925741 0.007864 0.062157 0.177834 0.948763 0.999977 -0.027744 -0.726646 0.653923 0.886913 0.511304 -0.327840 0.429168 0.807622 -0.039963 -0.104355 0.034099 0.229665 0.494765 -0.862310 0.955912 -0.362436 0.566341 0.848293 0.121800 -0.140323 0.621279 -0.471801 0.594911 0.530435 -0.122416
0.771872 0.519469 -0.404065 -0.972308 0.913448 -0.874500 0.728229 -0.212890 0.004520 0.943924 -0.755383 0.314131 0.239084 -0.932242 0.288491 -0.933328 0.879141 -0.964301 0.773673 -0.945067 -0.618333 -0.639020 0.362329 0.019214 0.582103 0.925311 0.939103 -0.407732 0.418433 -0.835932 -0.295344 -0.410176 0.293885 -0.811896 -0.753705 -0.046287 0.871007 0.595367 -0.276715 0.629521 0.162149 -0.036524 -0.380255 0.429686 0.525851 0.201607 0.635268 0.400430 0.398984 -0.590770
-0.830169 -0.979480 0.240073 0.831128 -0.608829 -0.914181 -0.739651 -0.055147 0.105409 0.076371 -0.939209 0.291205 0.102627 -0.786818 -0.744320 0.682905 -0.780127 0.681132 0.019121 0.697666 0.901114 0.074155 -0.126041 0.880094 0.025159 0.754265 0.089720 0.076631 -0.046916 0.051328 0.942680 -0.233640 0.172516 0.229129 0.735872 -0.486271 -0.366505 -0.463582 -0.981059 0.234699 0.244761 0.272718 0.914760 0.499747 -0.834156 0.830922 -0.353390 -0.359112 -0.551436 0.924782
0.459115 -0.737978 -0.761700 -0.559448 -0.980265 0.136744 -0.152891 -0.167313 -0.499339 0.032755 -0.489577 -0.181579 0.100076 0.845609 -0.434800 0.915924 0.049601 0.715714 -0.113609 0.241255 0.045119 -0.825979 -0.091850 0.383437 -0.451045 0.300922 0.385175 0.699843 0.390354 0.078938 -0.023738 0.378831 0.404426 -0.840162 -0.004246 -0.458141 -0.684466 0.310055 -0.787129 0.790831 -0.110379 0.285293 0.135318 0.519735 -0.393239 0.296783 -0.656171 -0.689776 0.915431 -0.433791
0.755344 -0.927436 -0.617907 -0.961051 -0.718712 -0.728862 0.407914 0.713087 0.971703 0.453500 -0.878995 0.265134 0.452262 0.163071 -0.172053 -0.655490 0.026167 -0.438952 -0.005288 -0.662293 0.087621 -0.412643 -0.613837 -0.286564 -0.190637 -0.247457 0.986766 0.677572 0.692020 -0.715738 -0.074615 -0.506448 0.192576 0.643570 -0.837091 -0.906926 -0.691352 0.142656 0.493219 0.757406 -0.408404 -0.060255 -0.281458 -0.345306 -0.587327 -0.652525 0.153196 -0.922619 -0.080649 0.122141
0.068097 0.823507 0.119458 0.491897 -0.372793 0.498562 -0.735148 0.449937 0.060096 -0.206187 -0.450787 -0.475954 0.727554 -0.514248 0.320757 -0.921090 0.616225 -0.155506 0.815208 -0.594098 -0.540652 -0.065324 0.610875 0.715567 0.380851 -0.964869 0.770676 0.571093 -0.459371 0.606970 -0.263838 0.279913 0.104692 0.407972 0.176038 -0.285765 -0.728586 -0.297651 -0.159505 -0.697704 0.937177 -0.154642 0.915615 0.087642 -0.882502 -0.229164 -0.613022 0.125908 0.794681 0.447398
-0.495076 0.206803 0.482824 -0.191228 0.597833 -0.749631 -0.084400 0.292390 0.990455 0.583289 0.194957 -0.266554 0.043301 -0.616809 0.180892 -0.426934 0.442788 -0.158577 0.739542 0.851813 0.309421 0.909465 -0.163976 -0.630293 0.946871 -0.405454 -0.512355 0.817361 -0.848881 0.623709 -0.957791 -0.639870 0.399156 0.456529 0.361950 -0.155559 -0.608455 0.074628 -0.309592 0.695954 0.490728 0.701640 0.817687 -0.241220 0.689221 0.128109 0.197227 0.057906 -0.574268 -0.295770
0.880839 -0.826607 0.398067 -0.613904 -0.076040 -0.715486 0.433073 0.573286 -0.950460 0.366203 0.724375 -0.191624 0.875089 -0.546940 0.840674 -0.843064 0.097038 0.695117 0.678882 -0.560974 -0.930257 -0.775388 0.696336 0.944853 -0.711620 0.088617 -0.512864 -0.479863 -0.722085 0.948282 0.077906 0.301051 -0.337390 0.390158 -0.520671 0.400162 -0.181798 -0.233905 -0.821611 -0.267881 -0.122571 -0.362415 0.336961 0.657785 0.401631 -0.025695 0.081691 -0.968246 0.560858 0.038724
-0.776247 0.708400 0.145311 0.809782 -0.436547 -0.339906 -0.670482 -0.420576 0.344275 0.498044 -0.382165 -0.667868 -0.084204 -0.374448 0.898111 -0.246846 -0.378270 0.852672 0.987309 0.394622 0.092558 -0.147109 -0.695202 0.285517 -0.507709 -0.656970 -0.690042 0.699731 -0.559054 -0.811096 0.284534 0.146046 0.399983 0.043892 0.872022 0.050990 0.882255 0.408478 0.060126 0.858701 0.094628 0.559230 0.005112 -0.277735 -0.639179 -0.159760 0.908782 0.244684 0.377895 -0.174253
0.045194 0.515542 -0.163618 0.644632 0.235953 -0.378612 0.840192 0.387015 -0.703943 0.388102 0.872992 -0.986700 -0.254902 0.284397 0.712859 0.247218 0.112415 0.114840 -0.066070 -0.575314 0.551885 0.486344 0.141492 0.481532 0.829968 -0.787700 0.671665 0.399328 -0.625399 -0.903848 0.405993 -0.525140 0.954328 0.751237 -0.136038 -0.776539 -0.257399 -0.477844 0.978316 -0.620169 0.731614 0.799995 -0.988866 -0.716537 -0.550291 -0.825387 0.594759 0.290965 -0.425091 -0.876605
-0.478431 0.461801 0.362979 0.990018 -0.817198 0.604530 0.394553 0.958669 -0.498424 -0.535150 0.744270 0.798871 -0.042872 0.163369 0.066262 -0.521363 -0.909659 0.612387 0.495826 0.422386 -0.073721 0.001900 -0.609947 0.561390 -0.221558 0.673016 -0.305231 -0.741600 -0.095676 -0.216408 -0.568583 0.327729 -0.353037 -0.122235 -0.695419 -0.519370 -0.419833 -0.535153 -0.693600 -0.158731 0.645019 -0.025354 -0.204999 -0.630738 -0.090671 0.558845 -0.980486 -0.554797 0.492311 -0.819860
-0.456520 0.927573 0.045912 0.961094 -0.887873 -0.519370 -0.136742 -0.863900 0.249699 0.480713 0.816517 0.776606 0.326392 -0.470433 0.551040 -0.126158 -0.943191 -0.215408 -0.827284 0.180847 0.074327 0.909638 -0.884961 -0.880180 0.030586 -0.448311 -0.713588 0.969210 0.097829 0.480862 -0.181247 0.615176 0.116051 -0.749904 0.608330 -0.261030 -0.492752 -0.472585 -0.078017 0.483880 0.444578 -0.466983 -0.766712 -0.604146 0.567577 -0.750479 -0.977748 -0.613070 -0.496000 0.962969
0.805397 0.735473 0.203060 -0.351053 -0.875589 0.580805 -0.981581 -0.115952 -0.583501 0.929109 -0.886834 -0.482821 0.675050 0.836737 -0.800990 0.583994 -0.766994 -0.082138 -0.514867 -0.581056 -0.408521 -0.400973 -0.505334 -0.310761 -0.321189 0.688698 -0.921134 0.295778 0.324975 0.381925 -0.614254 0.052998 -0.838312 0.077132 -0.069734 0.575740 -0.103804 0.539969 0.820637 -0.946818 -0.918197 -0.766338 -0.606708 0.001984 -0.542616 -0.940891 -0.376843 0.333252 0.471253 0.253607
0.038405 0.075783 0.091232 0.621598 0.296637 -0.883333 0.250294 0.732899 -0.437055 -0.821617 0.729167 0.023561 0.740364 0.393014 0.364812 -0.443955 0.967277 -0.563802 0.312533 0.445069 -0.110268 -0.556283 -0.105408 0.613200 0.351462 -0.024101 -0.306800 -0.181245 0.840846 0.464884 -0.183230 -0.044019 -0.520827 0.156031 0.316457 0.432887 0.057032 -0.474972 0.516505 0.701262 -0.474173 0.225963 -0.999268 0.603151 -0.437110 0.348031 0.942532 0.338787 -0.147635 0.743935
0.799640 -0.845054 0.758349 -0.968117 0.641232 -0.612766 0.563764 -0.533086 0.365175 -0.807095 -0.241988 0.916027 0.585929 -0.015174 0.884062 0.628992 0.633867 0.564622 -0.879905 0.176108 -0.897077 -0.489655 -0.110249 0.462175 -0.378818 0.004054 0.996858 -0.525116 -0.106265 0.173603 0.655251 -0.088393 0.276942 -0.771766 0.187316 0.461287 -0.389251 0.058631 -0.432958 0.279297 -0.499751 0.717541 0.928407 0.594813 0.453151 -0.586198 0.638699 -0.100828 -0.469635 0.112035
-0.001654 0.786014 -0.030597 -0.200032 -0.047111 -0.357080 0.831986 0.390184 0.907566 -0.040173 0.918744 0.557490 0.659120 -0.881561 -0.824994 -0.769678 0.363845 0.786482 -0.449873 -0.194127 -0.793714 -0.100753 0.624464 0.180916 0.447476 0.940457 -0.419653 -0.211108 0.566798 -0.817533 0.116841 -0.487868 0.996313 0.742917 -0.890621 0.567106 -0.559832 0.742554 0.240470 -0.938901 -0.287110 -0.372465 -0.617072 -0.373832 0.861245 -0.469276 0.800488 -0.996211 0.609656 -0.225736
0.627299 -0.313709 0.029013 -0.453433 0.857382 -0.038192 0.366608 -0.758831 0.112302 0.127621 -0.503623 -0.270715 -0.424763 0.357432 -0.605900 -0.764714 0.511289 0.483846 0.342588 -0.792881 -0.419837 0.540089 -0.546245 0.325816 0.999816 -0.593253 -0.866357 0.401474 -0.108302 0.921424 0.064868 -0.077679 -0.763483 -0.151142 -0.239562 -0.447277 0.649693 0.602625 0.458982 0.772770 -0.133244 -0.874227 0.436949 -0.510044 -0.589965 -0.183269 -0.843252 0.352605 0.720407 -0.097940
0.450788 0.468549 -0.157282 0.022137 -0.457570 -0.557819 -0.738930 -0.664392 -0.104388 0.530354 0.983928 0.043225 0.975851 0.427555 -0.341347 0.598034 -0.811783 -0.101051 -0.677881 -0.224928 -0.306144 0.144965 -0.677344 -0.249158 0.377224 -0.023607 -0.482091 0.708541 -0.859791 0.355445 -0.919651 -0.470945 0.963621 0.054012 0.853817 0.837262 -0.376163 -0.668737 -0.785255 -0.103685 0.907754 0.072428 0.918852 -0.036395 -0.929709 0.585147 0.533566 -0.284025 -0.755839 -0.663987
-0.108940 -0.556097 -0.784957 -0.425865 -0.424280 -0.851798 0.509014 0.618295 -0.886761 0.591097 0.667645 -0.996924 -0.901936 0.926370 -0.913475 0.747669 -0.059434 0.581854 0.132064 0.275788 -0.059049 -0.955700 0.189303 -0.174539 -0.535516 0.046713 -0.129574 -0.741446 0.205572 0.797922 0.224313 -0.733183 -0.846804 -0.926681 0.280116 -0.737913 -0.609702 -0.650451 0.460794 -0.256698 0.605294 -0.383877 -0.136432 -0.125949 0.731975 -0.067674 -0.027161 -0.597637 0.589298 0.809171
-0.919243 0.421682 -0.628211 -0.403476 -0.207806 0.678427 -0.158528 -0.904712 -0.595035 -0.683838 -0.966430 -0.594793 0.620251 0.976356 0.169998 0.113397 -0.036188 -0.641063 -0.867990 -0.103569 0.076313 -0.574899 0.705262 0.827285 0.120577 -0.664018 0.993204 -0.854026 -0.300261 -0.385344 -0.397610 -0.344360 0.399282 0.651515 -0.381230 -0.726922 0.573302 0.238990 0.480776 0.692573 -0.370412 -0.481334 0.962220 -0.366111 0.239965 0.465548 0.590328 -0.276620 0.784701 0.489248
0.320060 -0.680980 0.976500 0.445377 0.431945 -0.413584 0.075868 -0.346897 0.379816 0.892784 0.118642 -0.479950 0.247610 0.021223 0.418842 0.785205 -0.857541 -0.716994 0.975347 -0.669106 -0.735927 0.641687 0.684620 -0.487742 0.787802 0.701257 -0.567889 -0.037128 0.858557 0.319856 -0.632529 -0.209021 0.309214 -0.029787 -0.696677 0.358704 -0.567701 0.500435 -0.024347 -0.829223 -0.344302 0.144928 0.278124 0.650157 -0.328769 0.038897 0.122635 0.135748 -0.903920 0.424796
-0.457601 0.766481 0.939551 0.807957 -0.919965 0.903203 0.293479 0.522602 -0.129379 0.173086 0.451001 -0.910720 -0.163549 -0.924988 0.277967 0.886841 0.388163 -0.385297 -0.264718 -0.171723 0.864974 -0.132028 0.735859 0.844842 -0.188809 0.517455 -0.958306 -0.086526 0.072809 -0.295662 -0.839540 -0.392095 -0.061472 -0.326433 -0.912490 0.577083 -0.860442 0.294073 0.317881 0.277835 0.993420 -0.923539 0.228386 0.514948 0.649721 -0.753039 -0.813076 0.815839 -0.838448 0.320600
-0.514799 -0.818573 0.119819 -0.183573 -0.495413 -0.666485 -0.743519 0.157623 -0.816565 0.780384 -0.456752 0.110848 0.454030 0.321249 -0.911236 -0.433635 -0.781324 -0.825144 0.084060 -0.271247 -0.828279 0.856119 0.897044 0.846454 -0.899847 -0.569200 0.239204 0.516020 -0.253339 0.252100 -0.851844 -0.891987 0.861264 0.209933 0.734995 0.200391 0.055637 0.462141 -0.728890 -0.691869 -0.953352 -0.796822 -0.302354 -0.270540 -0.603314 0.621360 -0.666274 0.060475 0.321865 -0.352487
0.303758 0.602741 -0.738863 -0.343533 0.986187 0.275606 -0.844876 -0.618307 0.291637 0.846137 -0.893789 -0.172135 0.973969 -0.489403 -0.416799 -0.957182 0.809594 0.277066 0.636060 -0.214852 0.184825 0.117302 0.073553 0.253615 -0.622330 -0.199352 -0.994894 0.671962 -0.285328 0.993277 0.162305 0.545149 0.608371 -0.929369 0.711105 0.823801 -0.185058 -0.289197 -0.791119 -0.309503 -0.545613 0.763162 0.991421 0.362836 0.576340 0.040052 0.289748 0.941452 0.070250 0.460460
-0.895939 0.658047 -0.653645 0.146733 -0.024624 0.384851 -0.776405 0.765047 0.353097 0.114410 -0.074846 0.741550 -0.811760 0.557094 -0.142963 0.012375 -0.143666 -0.289900 0.885127 0.163835 0.137261 0.322767 -0.153989 0.649896 -0.466537 -0.563771 0.702721 0.992035 0.038329 0.489231 -0.767954 -0.101764 -0.432733 -0.333650 -0.281132 0.648248 0.533929 0.171705 0.746378 0.148750 -0.079955 -0.837818 0.998100 -0.204377 0.304636 0.188513 -0.490858 -0.392976 -0.227175 -0.533265
-0.539276 -0.457599 0.552803 0.865412 0.275716 0.485746 -0.995928 0.839831 -0.181527 -0.587744 0.624386 -0.922089 0.741698 0.479717 -0.098438 -0.476113 -0.200199 -0.391279 0.649592 -0.226027 0.429777 0.824380 -0.590380 0.397461 -0.772635 -0.725999 0.258302 -0.516202 0.120399 0.004938 0.410188 0.834673 -0.572401 0.746488 0.731235 0.512140 -0.086135 -0.558552 -0.859807 -0.588211 -0.791918 -0.399856 0.219850 -0.134598 -0.876230 -0.680574 -0.785136 -0.018433 -0.719791 -0.082678
0.261158 -0.918322 0.914169 -0.589691 -0.298475 0.131780 0.698638 -0.564582 -0.326684 0.783933 -0.602547 -0.614771 -0.055791 0.911755 0.043974 -0.502378 -0.933307 0.835236 0.170976 0.097993 -0.278217 -0.774087 0.510881 -0.651226 -0.999130 0.755520 0.999285 -0.099473 0.100564 -0.410170 -0.727179 -0.240003 -0.743779 0.359222 -0.189886 0.790851 0.891293 -0.662840 0.223540 -0.789368 -0.351326 0.226349 -0.291244 -0.640679 0.992779 -0.627133 -0.191043 0.204435 -0.431942 0.422303
-0.644478 -0.758720 -0.753300 0.366841 -0.473650 0.798640 -0.091391 0.633381 0.275036 0.731956 0.697947 -0.954650 0.666370 0.835290 0.478971 -0.404482 0.946755 -0.451717 -0.191156 -0.828139 0.704515 -0.605053 -0.430181 0.948595 -0.155713 0.008329 -0.427668 0.730845 0.669517 0.665756 -0.668851 0.711927 0.994551 -0.978177 0.147057 -0.298771 0.958110 0.526796 0.979082 0.109339 0.057726 0.755549 -0.785486 0.010106 -0.819934 0.700156 0.830095 -0.902142 -0.512915 -0.267253
-0.050970 -0.472836 0.348802 -0.418261 -0.071118 -0.127845 -0.891466 0.561873 0.177125 -0.333095 0.485430 -0.670657 -0.230371 0.119134 -0.861271 -0.305231 -0.376840 0.143888 -0.261067 -0.170139 -0.328948 -0.840103 0.490452 -0.668942 0.584070 0.208644 -0.216438 0.624172 -0.169368 -0.834220 0.061984 -0.255167 0.391098 -0.886594 0.227123 0.854387 -0.450131 0.391362 0.299330 0.309047 0.156029 0.825522 -0.063933 0.906330 0.477814 -0.015235 -0.081697 0.889890 -0.106565 0.552688
-0.181267 -0.564679 0.144682 0.468557 0.166891 0.713857 0.084178 -0.092781 -0.186079 -0.580874 -0.167249 0.434032 -0.238129 -0.498838 0.043836 0.603064 -0.586231 0.186171 0.394226 -0.030821 -0.935632 0.329585 0.500069 0.678533 -0.344995 0.175728 -0.824738 0.552180 0.708285 -0.210984 0.295174 0.941893 -0.018228 0.982431 0.637920 -0.222616 0.945555 0.998345 0.147820 -0.526313 -0.500098 0.826542 -0.579292 -0.052521 -0.180279 -0.235609 0.095637 -0.433376 -0.790461 -0.894552
0.723156 0.829709 -0.046054 0.705105 0.692527 -0.895709 -0.037167 0.557500 -0.694451 0.319336 -0.331920 -0.778381 -0.366441 0.516889 0.229855 -0.277529 0.104196 0.146426 0.871719 -0.028233 -0.746146 0.649604 -0.398560 0.047083 -0.140654 0.172398 0.716648 0.504324 0.808818 -0.143903 -0.867932 -0.073642 0.036010 0.004408 -0.856560 -0.840403 0.961744 0.460063 0.348250 -0.023205 -0.874318 -0.138724 0.626898 0.538163 -0.292777 -0.749840 0.524534 0.572954 0.349067 0.439690
0.693855 0.899183 -0.213569 0.807306 -0.035722 -0.100517 0.451722 0.715190 -0.529793 0.740425 0.644271 0.931028 -0.113455 0.064771 0.897427 0.313581 0.235395 0.717644 -0.071316 -0.901133 -0.121191 0.706624 0.358736 0.146791 0.483150 -0.060380 0.853505 -0.527347 -0.781904 -0.766567 -0.661147 -0.269941 -0.669425 0.533455 0.961888 0.084227 0.517309 0.910219 -0.761150 0.192490 -0.292989 -0.026293 -0.373225 0.504706 0.705526 0.864954 0.253111 -0.134416 0.074438 0.965390
-0.907092 0.613890 -0.729660 -0.187799 0.930208 -0.699747 0.991227 -0.455111 -0.596349 -0.018428 -0.214834 0.424914 -0.819570 -0.280229 0.252012 0.396052 -0.310053 -0.532227 0.362826 -0.000205 -0.589764 0.307292 -0.031901 -0.240201 0.753092 0.887683 0.941272 -0.261674 0.350022 -0.062059 0.965605 -0.960260 -0.645546 -0.867401 0.432033 -0.717770 -0.376886 0.948117 -0.831784 0.471637 -0.258460 0.228687 -0.207632 0.389949 0.777498 -0.245691 0.869846 0.749177 -0.644272 -0.618925
-0.165076 -0.639827 -0.742409 -0.670875 -0.390073 -0.355798 -0.273554 -0.180529 0.447666 0.324334 -0.527074 -0.867234 0.609217 0.277477 0.256603 0.656712 -0.176860 -0.862413 0.379589 -0.710084 0.839541 0.238587 -0.337703 0.260034 -0.907821 -0.584485 -0.531491 -0.460054 0.485251 0.832475 -0.315365 -0.256133 -0.994037 -0.375978 0.294919 0.771585 -0.684889 0.333494 0.313935 -0.440522 0.740809 -0.271097 -0.187020 -0.474216 0.491969 0.426505 0.015087 0.784966 0.881574 -0.690318
0.798891 0.640365 0.898152 0.082737 0.648825 0.410557 -0.432459 0.563308 -0.116503 -0.990672 0.844675 0.693507 -0.676381 0.185005 0.147143 0.757980 0.630716 -0.599212 0.732599 -0.871330 0.897901 -0.887592 0.246887 0.296479 0.812961 0.885204 0.247180 0.253956 -0.284792 -0.101749 0.223749 -0.673449 0.738524 0.832541 -0.094051 -0.500287 0.558829 -0.129056 -0.420955 0.310529 0.444194 -0.080360 0.902647 0.160331 -0.142962 -0.771275 0.735063 -0.581307 0.843153 0.038225
-0.431968 0.448052 -0.193902 0.388163 -0.623623 0.882673 0.763983 0.582882 0.049777 -0.195785 -0.777745 0.273481 0.748053 -0.894648 -0.304608 0.918257 0.214021 0.017642 0.443889 -0.112259 0.304022 -0.322999 0.683957 -0.804306 0.645773 -0.543101 -0.519190 0.140271 0.198202 -0.074124 -0.103259 0.431148 -0.714072 0.907565 -0.049187 0.612920 -0.295631 0.897061 -0.233223 -0.322885 -0.334786 -0.181401 -0.250980 -0.239364 0.702649 0.240666 -0.657488 0.045364 -0.544542 0.170564
0.356214 0.849236 -0.800031 0.285179 -0.776409 -0.915951 0.412665 0.938072 0.072644 0.343917 0.904560 0.483368 -0.951268 0.695067 0.980700 -0.193595 0.526574 -0.253175 -0.681414 -0.463588 -0.034197 -0.390155 -0.900364 0.728356 0.263417 0.852523 -0.449010 -0.975100 -0.628801 -0.905145 0.512866 0.732179 0.075079 0.280421 0.503587 0.787262 0.819371 -0.500684 -0.022680 -0.468525 0.704413 0.225068 0.174743 0.377205 0.037890 0.188739 -0.029299 0.847387 0.922878 0.791565
0.897054 0.607046 0.194254 -0.760215 0.896950 0.341983 -0.611335 -0.814395 -0.815573 0.478445 -0.605595 0.489901 -0.628256 0.236156 -0.100264 0.715265 -0.991482 0.643935 0.737548 0.573231 0.509237 -0.567421 -0.715840 0.242584 0.367349 0.239272 -0.113741 0.516506 0.361394 -0.567865 0.071160 0.608668 -0.373898 -0.903373 0.595097 -0.140607 -0.694177 0.798177 -0.195767 0.729720 -0.109219 -0.435493 -0.074270 0.739445 0.839579 0.589418 0.947137 0.764833 0.962473 0.634761
-0.437335 -0.970823 0.776688 -0.366545 -0.830970 0.070336 -0.245443 0.010766 -0.142930 0.984854 0.967876 0.151902 0.308465 -0.845219 -0.335018 -0.653286 0.070945 0.265104 0.351200 -0.624427 0.829536 -0.406110 0.777620 -0.670597 0.465317 0.329678 0.153916 -0.012138 -0.802655 0.943491 -0.964953 -0.234236 0.986621 -0.011876 -0.098067 0.225247 -0.186672 -0.584883 -0.730027 -0.691526 0.267446 0.221089 -0.557073 -0.498261 -0.004304 0.481682 0.563332 -0.987009 0.199797 0.432597
0.778377 -0.999446 -0.638989 -0.337805 -0.054557 -0.952032 0.924208 0.117004 -0.090359 -0.447062 0.793471 0.654292 -0.523829 -0.680163 0.570185 0.551894 -0.421272 0.716119 -0.475315 -0.860374 0.683762 -0.473253 -0.750060 0.624274 0.080269 -0.937599 -0.754882 -0.045904 0.441556 -0.403041 0.688033 -0.726835 0.514553 -0.672863 0.008900 -0.560117 -0.629017 0.706278 -0.934710 0.651715 0.315928 -0.354382 -0.405543 0.341979 0.428265 -0.656423 0.062109 0.705081 0.177213 0.354056
-0.365555 -0.075823 -0.337815 0.516915 0.219784 0.821569 -0.745007 0.808875 -0.606313 -0.699117 0.362808 -0.342964 -0.603067 -0.782718 0.611850 0.921973 0.659180 -0.387781 -0.076380 -0.517408 -0.210061 -0.548541 -0.013635 0.616536 0.389836 0.185875 0.136576 -0.435457 0.691771 -0.276380 0.925832 -0.112040 0.312507 -0.259920 0.665722 -0.335555 0.630724 0.555023 0.105394 0.861673 -0.336557 0.785004 0.900682 -0.927972 0.643945 0.973574 -0.832117 -0.173192 0.785916 0.532231
-0.792470 -0.394889 -0.441055 -0.142590 0.840672 0.188441 -0.893189 -0.297158 -0.431327 -0.271629 0.591801 -0.142861 -0.831269 -0.289988 0.836519 -0.553541 -0.338373 0.347508 0.841734 -0.775781 -0.934151 -0.669018 -0.654152 0.639553 0.397327 0.869940 0.600161 0.041537 -0.788272 -0.615960 -0.137354 -0.683508 0.647818 -0.927836 0.201221 -0.635163 0.213408 0.614697 -0.217584 -0.099646 -0.199749 0.686180 -0.110337 -0.402999 0.226671 -0.261290 -0.849375 -0.452087 0.814788 0.776016
-0.219196 0.784083 -0.018971 0.057053 0.177847 -0.283364 -0.079959 0.534663 0.621592 -0.882664 0.516299 0.174569 0.971263 0.974996 0.547719 -0.801211 -0.173987 -0.021340 -0.505924 -0.440654 0.674331 -0.894847 -0.245921 0.659303 0.947736 0.758664 -0.587227 -0.443470 0.632772 -0.367443 0.591954 -0.017455 -0.724506 -0.549692 0.384128 -0.321186 -0.670545 -0.289633 0.978979 -0.755631 0.389798 0.143823 0.150680 0.284054 0.160331 -0.581859 -0.373211 -0.987996 -0.848968 -0.123798
0.028223 0.248980 0.795602 -0.831503 -0.347103 -0.251526 -0.140330 -0.282221 -0.284181 0.949741 -0.442625 0.145515 0.951525 -0.247704 -0.182502 0.330628 -0.859600 -0.079305 -0.461836 -0.427780 0.177427 0.600063 0.949928 -0.080651 -0.338288 -0.837304 -0.411549 0.934557 0.105349 -0.356512 -0.560994 -0.932688 -0.316366 -0.558050 -0.500537 -0.494300 -0.413423 -0.079066 -0.442234 -0.432032 -0.285392 -0.150294 -0.956956 -0.337892 0.250625 -0.479748 0.140596 -0.872345 0.906976 0.406207
-0.684825 -0.387532 -0.219736 -0.107933 0.802942 0.535492 -0.470841 -0.871151 -0.855629 0.188805 0.031872 0.208832 -0.539882 0.177232 0.255273 0.434863 0.123982 -0.523604 -0.954384 0.980901 0.835523 0.563732 0.642185 -0.470022 -0.662849 0.113468 0.790966 -0.563189 0.871520 0.140463 0.576102 0.026584 -0.791485 -0.512588 0.556161 0.545918 0.081915 -0.675758 -0.147602 0.707896 0.510891 -0.430611 0.818511 -0.757474 0.513651 -0.287404 0.368973 -0.842378 0.970695 -0.303947
0.687606 0.328516 0.969029 -0.299192 0.251619 0.392855 -0.613876 -0.587962 0.056374 0.042838 -0.093848 0.834377 0.684215 -0.415680 0.650484 0.310490 0.808699 -0.129619 0.615113 0.304575 -0.646874 0.571652 0.168551 0.145888 0.372398 -0.109324 0.416576 -0.999524 0.252439 -0.044028 -0.487365 0.433523 0.593922 0.943997 0.698945 0.307565 -0.172599 0.550158 -0.721484 0.913206 0.315645 0.563668 0.772781 -0.371753 0.193160 0.957794 0.978888 -0.189801 0.767355 0.109041
0.814842 0.886021 -0.832355 0.399737 -0.247165 0.971279 -0.122982 -0.916364 0.803029 -0.298732 -0.036000 -0.345650 -0.346320 -0.024705 0.524357 0.946616 0.937495 0.546788 0.939966 -0.582712 0.993013 0.299143 0.004303 -0.527912 0.955718 0.958865 -0.338204 0.656249 -0.272751 0.356223 0.532373 0.230704 0.667235 -0.846803 -0.341643 -0.195770 -0.878841 -0.710014 -0.417290 -0.671876 0.762205 -0.129693 -0.464641 0.955198 -0.650132 -0.869139 0.453998 0.535429 0.804554 -0.748816
0.893524 -0.739612 -0.337861 0.096782 -0.955076 0.110757 0.905621 0.650769 -0.782527 -0.874519 -0.199724 0.913440 0.446413 0.346646 -0.729433 0.523639 -0.300529 0.064612 0.673970 -0.982050 0.227061 0.208013 -0.979390 0.076355 -0.851909 0.102223 0.158791 -0.585557 0.937051 -0.662537 0.900073 0.050760 -0.735000 0.590046 -0.329912 -0.552163 0.936570 0.603747 -0.942801 0.272104 -0.431888 0.548979 -0.234764 -0.388023 -0.116342 -0.551144 0.984880 0.284144 -0.981382 0.158708
0.776584 -0.476743 0.931696 -0.732671 0.343594 -0.467090 0.801192 -0.142353 -0.991159 -0.911525 0.994265 -0.741025 -0.027880 -0.132254 0.937606 0.550895 -0.941647 0.416264 -0.771426 0.302255 -0.067803 -0.114776 -0.338948 -0.084766 -0.297266 -0.880705 0.556692 0.734250 0.176518 0.927890 0.631726 -0.591661 -0.222923 0.188146 -0.633872 -0.233497 0.646163 -0.430002 0.323246 -0.930227 0.602195 0.682444 0.904307 0.652945 -0.175094 -0.126632 -0.166977 0.879761 -0.025794 -0.432347
0.648058 -0.460815 -0.666811 0.490350 -0.178162 0.880736 0.136119 -0.931969 0.504865 0.777007 -0.165504 -0.837874 0.671102 -0.209730 0.369452 0.792302 0.947612 -0.141741 0.061215 0.193331 -0.914289 0.740857 -0.218753 -0.219020 -0.754964 0.287450 -0.113934 -0.013000 0.428834 0.941330 0.535485 -0.679643 -0.734677 -0.351725 -0.676835 0.635790 -0.113409 0.826890 0.132580 -0.150323 0.557172 0.452763 -0.236692 -0.241867 0.372992 -0.342831 0.491553 -0.972917 -0.950527 0.307873
-0.614169 -0.068244 0.657022 0.956394 0.159639 -0.050850 -0.866017 0.909805 -0.883203 0.835584 0.757805 0.258487 0.769321 0.184582 0.980276 0.256458 0.576879 0.338695 -0.057597 -0.665976 0.780885 0.807148 -0.368021 -0.633778 0.035934 -0.412165 0.480166 -0.371232 -0.624637 0.203965 0.100478 -0.949801 -0.007346 -0.992543 0.389025 0.788881 0.082175 0.273382 -0.130823 0.698947 -0.452613 -0.532654 0.019608 -0.112871 0.624451 0.710045 -0.322529 -0.552724 0.413016 0.172171
0.343586 -0.886910 0.154888 0.492333 -0.869944 -0.562329 -0.290629 0.710348 0.187557 0.731857 0.494709 0.976959 0.763703 0.953878 -0.342996 -0.865453 -0.035225 -0.578258 -0.248562 0.179905 -0.181375 -0.663953 0.208228 0.020399 -0.162244 -0.465573 -0.853425 -0.653340 -0.038908 -0.477565 0.519400 0.501729 -0.616492 -0.107796 0.359918 0.022287 0.771009 0.743034 0.527583 0.303229 0.168438 0.677910 -0.497905 0.655778 -0.685429 -0.768765 -0.305035 -0.692910 0.307209 -0.961545
-0.289381 0.677123 -0.301245 -0.765396 -0.353747 -0.005859 0.488571 0.383422 0.738237 0.127729 0.600751 -0.605221 0.160607 0.507446 0.756733 0.903983 -0.685993 0.341242 0.404052 0.832439 -0.049935 0.119467 0.495275 -0.820286 -0.617052 -0.287426 -0.706384 -0.615200 0.429928 -0.350983 0.523445 -0.363759 0.461635 0.286668 -0.157984 0.842283 -0.289176 -0.467278 0.151989 -0.539920 0.463438 0.406727 -0.749386 -0.155626 0.884724 -0.935794 -0.346867 -0.606111 0.643899 -0.593771
0.401547 -0.944312 -0.609508 0.062432 -0.338146 0.223393 0.202147 -0.551298 -0.649520 -0.306328 -0.100183 0.703005 0.332775 0.030268 -0.070406 -0.210685 0.754643 0.369708 -0.303950 -0.719529 0.072040 0.275941 0.740446 0.886424 -0.840837 -0.759768 0.930865 -0.948860 -0.773691 -0.637653 0.504743 0.832727 0.620376 -0.634965 -0.637464 0.395349 -0.546723 0.830508 -0.372446 0.198219 -0.582214 0.582986 -0.872610 -0.317768 -0.962394 0.217659 -0.793081 0.127887 -0.563888 -0.685166
0.125764 -0.402734 0.277014 -0.095846 -0.142351 -0.865157 0.627415 -0.333913 0.924940 -0.851885 -0.297710 -0.899216 0.639433 0.875309 0.728490 -0.689384 0.541747 -0.093133 -0.558012 0.365475 0.626009 -0.559540 -0.722335 0.518926 -0.238973 -0.578908 -0.297260 0.782270 -0.220514 -0.242040 -0.054467 -0.127139 -0.482203 0.281637 -0.506727 -0.217797 -0.116435 -0.846924 -0.589337 -0.392080 -0.616242 0.240710 0.243347 -0.631332 -0.096283 0.129301 0.059317 0.967417 -0.290384 0.634390
-0.321563 -0.833423 -0.420118 0.385784 -0.908534 -0.132762 0.286908 0.489590 0.613834 0.618098 -0.975075 -0.697488 0.158878 0.816256 0.748354 -0.191410 0.249435 0.180619 -0.268391 0.292213 -0.501109 -0.303241 -0.795130 -0.749370 -0.554684 0.753019 -0.781737 0.495018 -0.145558 -0.935591 0.317484 -0.287145 0.322805 0.520242 -0.507657 -0.888693 -0.159613 -0.908755 0.267668 -0.009108 -0.457227 -0.235473 0.125928 0.715409 0.683254 -0.683142 0.621539 0.632604 -0.712065 0.048665
-0.819903 -0.948212 -0.260165 -0.857752 -0.651613 -0.735611 -0.001213 0.367741 -0.376635 -0.945519 -0.524466 -0.101155 -0.849826 -0.187124 0.645149 0.381081 0.259485 -0.380443 0.936778 -0.910387 -0.258501 -0.128908 0.123110 0.796593 0.588481 -0.290054 0.592002 -0.856486 0.558854 0.724225 0.894084 0.910147 0.411981 0.986555 0.150092 0.699684 -0.910776 -0.923982 -0.798507 0.914533 -0.000252 -0.217243 0.711540 0.482566 -0.030917 -0.132506 -0.775293 0.454144 0.455182 0.966636
0.664661 -0.332433 -0.589466 -0.093968 -0.639023 0.960826 0.900796 0.628994 -0.438554 0.781681 -0.567144 -0.732936 -0.210037 0.644563 -0.569723 -0.805987 -0.618404 0.954053 -0.266668 -0.709780 0.977522 0.539118 0.436838 -0.344887 -0.704236 0.825312 0.603981 -0.903852 0.771291 0.903364 0.163107 0.142520 -0.401607 -0.370568 0.934899 0.763159 -0.965913 -0.721414 0.871097 0.210281 0.912208 -0.309189 0.624327 0.199018 -0.732160 -0.190187 -0.818073 -0.810263 -0.643856 -0.131865
-0.562752 0.299954 -0.301578 0.084658 -0.200492 0.618870 0.268708 0.212234 0.777919 0.815274 0.843466 -0.194287 -0.189360 -0.063295 -0.782085 -0.756291 0.259862 0.467102 0.827398 -0.478782 0.270838 0.681047 0.917461 0.928615 0.214585 0.286923 -0.198004 0.578834 0.611693 0.439002 0.791512 0.181129 0.992942 -0.666562 0.063241 -0.502405 -0.529688 -0.545512 0.576706 -0.559784 0.071078 -0.874322 -0.556168 0.709707 0.590663 -0.329879 -0.404533 -0.792851 0.928041 -0.542232
-0.792367 0.617141 0.002701 -0.782231 0.432862 0.584525 -0.157573 0.907869 -0.494489 -0.388826 -0.770375 0.639456 -0.939367 0.370091 0.117156 -0.704180 0.660806 -0.693882 -0.614647 0.833764 0.962879 -0.766390 -0.492640 -0.641680 -0.561123 0.827124 -0.754638 0.727048 0.550518 -0.380810 -0.759859 -0.723437 -0.274236 0.454040 -0.001389 -0.354725 0.847793 -0.316950 -0.722752 -0.118251 -0.463519 -0.356526 0.789882 -0.573324 0.934237 0.815610 -0.385770 0.929960 0.083051 -0.021875
0.276613 -0.484070 0.287906 0.258677 -0.408357 0.142137 0.802842 -0.307536 0.345980 0.776905 -0.042845 -0.010376 0.997428 -0.410487 0.968238 -0.693724 -0.451811 -0.393030 -0.782462 0.108903 -0.500710 0.172644 0.681206 -0.541315 -0.097989 0.031647 -0.885829 -0.239691 0.964582 -0.633683 0.482234 -0.951820 -0.532147 -0.758625 -0.858838 -0.173897 -0.521922 0.235433 -0.492127 0.144411 -0.450080 -0.965052 0.221734 0.954806 -0.776485 -0.784564 -0.081432 0.133479 0.274874 0.899244

Bias v0 (Oculta):
-0.760453
-0.083789
0.285041
-0.564643
0.766056
0.132683
0.942908
0.901584
0.365152
-0.477013
-0.121431
0.565068
0.477566
0.416922
-0.676263
0.517629
-0.246865
-0.652873
-0.403393
-0.729581
-0.991157
0.327649
0.592774
0.494581
-0.404219
0.479404
-0.655062
-0.349516
0.592616
-0.562998
0.368261
-0.346524
-0.734694
0.682568
0.186020
-0.890312
0.884732
0.180463
0.970787
-0.273861
0.030094
0.188830
-0.215694
0.678335
-0.501043
-0.551369
-0.760705
0.780507
0.433590
0.639412

Pesos w (Oculta -> Sa獮a):
-0.347561 -0.873594
-0.137914 0.125879
-0.459615 -0.098173
0.127281 -0.916526
0.072751 0.240544
0.382246 0.990929
-0.965109 0.455204
-0.755798 0.050845
0.356163 -0.400999
0.454394 -0.423163
-0.720444 0.936903
-0.100880 0.958347
-0.551210 -0.226316
-0.523163 0.090065
-0.865717 0.647416
0.871125 0.208279
0.024029 0.410010
-0.361195 0.930667
0.589529 0.910828
0.695544 -0.721397
0.087984 -0.627088
-0.142417 0.891272
-0.990754 0.852837
-0.835777 0.079781
0.162178 -0.418719
-0.834407 0.194740
0.912944 -0.688284
0.665118 -0.361884
-0.957639 -0.377974
0.573361 0.911549
-0.286216 -0.784130
0.955576 -0.462638
0.624655 0.092302
-0.489376 0.129953
-0.829154 -0.422639
0.976798 -0.085029
-0.916200 -0.545501
0.189777 -0.349330
-0.552359 0.007818
0.446681 -0.793593
0.529399 -0.653523
-0.704609 0.222044
0.299139 -0.827865
0.916983 -0.097895
0.034142 -0.334033
0.242457 0.225934
0.692513 -0.395841
0.761344 -0.205498
0.600137 0.697730
0.429355 -0.933487

Bias w0 (Sa獮a):
-0.808565
-0.507839
