Pesos v (Entrada -> Oculta):
-0.813762 0.154963 0.042407 0.286713 -0.229414 0.575485 1.637476 -0.476844 0.799630 0.014388 0.531672 -0.125721 -0.518200 -0.512699 -0.731799
0.279895 -0.181449 -1.432982 1.337810 1.432895 -0.616245 -0.097933 -0.389523 -0.418145 -0.757342 0.714265 0.802951 -0.819285 -0.247440 -0.583788
-0.097831 0.456681 -0.582936 -0.282692 0.169969 1.179316 0.488472 -0.651150 0.231395 -0.054296 -1.352713 -0.843389 -0.868218 -0.224625 -0.410418
1.790773 -0.579280 -0.110790 0.129144 1.224314 -0.339408 -0.010407 -0.301753 -0.073735 -0.079949 -0.802729 -0.124881 0.933560 -0.870977 0.513027
-0.337327 -0.086612 -0.500347 0.441432 -0.433645 -0.449643 0.442270 -1.190169 -0.860114 0.482327 -1.002123 -0.500407 0.869483 -0.030376 0.544318
-0.153899 -0.223578 0.568402 -0.766409 -0.008242 0.539067 1.538169 -0.714405 -0.833335 0.027966 -0.203499 -0.480560 0.469370 0.977431 0.310797
-0.626825 0.238622 -1.058467 1.546301 -0.218800 0.171126 -0.019650 -0.481054 -1.144842 -0.969615 1.501114 -0.261686 2.115571 0.947503 1.110110
-0.853371 0.019762 0.277034 0.292836 0.354477 0.916995 1.832978 -0.054329 -0.456053 -0.075781 -0.420158 -0.107522 0.877650 1.503679 0.023418
-0.463893 -0.404128 0.296160 -0.064472 -0.476068 -0.110284 0.181355 0.536627 0.670603 0.948915 -1.720244 -0.130343 0.045322 1.612863 -0.927968
0.515304 -0.038057 0.549294 0.314873 -0.444898 0.802059 -0.701773 1.474589 -0.157545 0.226288 -0.037756 0.619787 0.471152 0.788628 -0.473525
-0.375511 -0.466055 0.129767 -1.170195 -0.006156 -0.538319 -1.158718 0.457456 1.239427 0.362949 -0.400012 0.101712 0.012173 0.333448 0.928962
-0.528103 0.787071 1.224521 -0.665285 -0.699761 0.207766 -1.116564 0.944820 -0.517224 -0.226109 0.771367 0.571299 0.634807 0.336702 -0.317655
-0.042639 0.767579 0.346818 -0.678189 0.284585 0.762099 -0.905518 0.013439 -0.992354 -0.050771 -1.262956 -0.644639 0.268514 0.315610 0.009816
-0.155330 0.411078 -0.628075 -0.619718 0.970523 -0.068319 -0.100249 -0.357113 0.398323 -0.344685 -1.004353 0.428429 -0.525829 -0.072087 0.270345
-0.620169 -0.092201 0.180943 -0.758920 0.063354 0.503991 2.091257 -0.496746 -0.266496 0.994031 -1.929777 -0.667805 -1.142964 0.650315 -1.526214
0.795620 -0.253226 -0.543897 -0.892706 0.432223 -0.367900 0.880611 -0.225275 0.836980 0.171149 -0.616905 -0.018000 -0.505705 -0.440735 0.148784
1.059573 0.768684 0.504282 0.265236 0.146566 0.525877 0.536601 -0.187329 -1.042899 0.524096 -0.102495 -0.169676 -0.842396 -0.930939 -0.213725
-0.138871 -0.803172 0.099655 0.267092 -0.416913 0.203209 0.897308 -1.801341 -0.868615 -0.492575 -0.666799 0.555680 0.837741 0.703505 1.867897
-1.015522 -0.413188 -0.326028 0.438396 0.503995 0.473659 0.018982 -1.042657 -1.436700 0.245109 0.103057 -0.878680 1.907257 2.017658 -0.160240
-0.769218 0.206758 -0.876275 0.495794 -0.528900 0.082338 -0.177808 0.366393 1.172300 -0.257216 -0.757052 0.729502 0.702031 0.590482 0.277854
-0.186744 -0.511546 0.204727 -0.084017 0.305646 0.154611 -0.148402 1.037518 -0.286644 -0.584709 -1.396969 -1.058042 -0.867656 0.969376 -0.727049
0.206397 -0.640570 0.115111 -0.152830 0.113118 -0.744317 -0.299146 1.641254 0.870045 -1.083506 -0.981602 -0.073019 -0.659977 0.998450 -0.289698
-0.281869 0.867580 0.748138 -1.422459 -0.560980 0.003459 -0.616048 0.919348 0.483869 -0.174462 -0.282803 -1.013691 0.192949 0.758689 -0.512013
0.100028 -0.645028 0.298343 0.600976 -0.507982 1.453159 -0.792107 -0.362273 0.803461 0.898084 -0.707513 -0.068514 0.664317 -0.280265 0.907881
-0.109121 0.648495 0.065550 -1.420451 0.243592 0.538446 -0.304006 0.054324 -0.003598 -0.096816 -0.636617 -0.644132 -0.661503 -0.184843 0.622563
0.311723 -0.509928 -0.687792 -1.380270 -0.620307 -0.138778 -0.347760 -0.477971 1.305641 0.692164 -1.358800 -0.760109 0.865119 0.999496 -0.746972
-0.802139 -1.313188 0.933153 -1.152426 1.006156 0.174360 -0.635487 -0.484592 0.105806 0.093749 -0.519550 -0.013015 -1.620023 0.025274 -0.035939
0.335261 -0.172681 -0.119855 -0.396686 -0.370444 0.213384 0.203058 -0.510236 0.149724 -0.219955 -0.231418 -0.722180 -0.147381 0.293321 -0.480910
-0.418530 0.892216 0.246454 -0.058057 -0.448277 -0.122070 0.815653 -1.207723 1.135365 0.481901 -0.082181 0.265701 0.065535 0.459564 -0.348686
0.073172 -0.118168 0.700409 1.244432 0.060502 0.084165 -0.593782 -1.110690 -0.954540 -0.644097 -0.170343 0.638330 -0.573503 0.566568 1.118933
0.636428 0.524500 0.015338 1.254256 -0.251713 -0.335860 0.617762 -0.595630 -1.379428 -0.317064 -1.174052 -0.310250 0.963572 1.130817 0.563844
-1.214448 0.350231 -1.635951 0.091857 0.210314 -0.048654 0.082115 -0.208218 0.070247 0.165279 -1.074349 0.216652 0.749865 1.450272 -1.606202
-0.239347 0.119303 0.028682 -0.045253 -0.293391 -1.704830 -0.639918 -0.219628 -0.923976 0.310930 -1.246674 0.015682 -0.309634 1.037963 -1.406471
-0.803263 0.439195 -0.132772 -0.535299 0.472398 0.825295 0.564033 0.209669 0.052997 0.233417 -0.027185 -0.320801 -0.501579 1.111120 0.072437
-1.046621 0.618598 0.184123 -0.885642 0.656282 0.753760 0.080455 -0.214559 -0.209375 0.143802 -0.932042 -0.978223 0.370288 -0.391168 0.428257
0.380658 -0.759253 0.745842 0.724740 0.029199 1.137905 -0.379389 -0.555397 -0.135662 0.174641 -0.231989 0.845085 -0.676080 -0.382435 -0.581308
0.800337 0.583516 -0.900576 -0.952529 0.244670 0.900993 -0.446220 -0.009713 0.204805 -0.183669 0.504919 -0.745540 -0.124792 0.374755 -0.263899
-1.074918 -0.204564 0.307913 -0.150687 -0.778953 1.480001 0.596892 -0.863281 -0.298411 -0.217318 -0.821914 0.070715 -0.874760 -0.386878 0.744717
0.030257 0.626152 -0.214336 -0.126262 -0.743077 0.863660 0.199907 -0.046132 1.250395 0.747115 -0.052581 -0.492941 0.119137 0.360927 0.820992
-1.251025 -0.426052 0.520215 0.310803 0.125892 -0.111211 -0.102831 -1.329415 1.158116 0.836105 0.460608 -0.120012 -0.540970 0.383135 -0.556890
0.500380 -0.036519 1.185455 -1.011056 -0.562233 0.112704 0.743309 -1.461912 0.152956 -0.374421 0.292623 -0.677272 -0.443581 -0.703103 0.664988
1.114466 -0.545976 0.644751 -1.031305 -1.442778 0.755032 0.148862 -0.085101 -1.448004 0.991945 1.669452 0.329699 -1.084603 0.161017 -2.993564
-0.107768 -1.315585 -1.678961 0.248518 0.763214 -0.181786 1.511694 -0.254097 -1.750858 0.399099 0.289165 0.844761 -0.557919 0.211257 -0.901032
-2.672960 0.729387 -1.171966 0.530846 1.305340 -1.453927 1.435515 -1.223982 0.332036 0.292015 -0.175951 0.204215 0.176790 -0.676061 0.107574
-1.965985 1.544371 -0.682970 -0.700341 3.102470 -0.774072 1.073869 -1.154393 -0.442191 -0.311066 -0.446837 -0.897615 0.722642 0.092981 0.341419
-1.114897 0.358105 -1.154662 0.693393 1.230632 -0.616804 -0.087061 -1.950589 1.017479 -0.537171 -0.327660 0.149055 0.545628 -0.113896 -0.048696
-0.137840 0.186354 0.038319 -1.095450 1.424212 0.669001 -0.891965 -1.037110 -0.137379 0.354237 0.581845 -1.158090 0.087509 0.020673 -0.712457
-0.210821 0.696320 -0.519536 -0.615443 -0.763357 0.210257 -1.141843 0.637733 0.777649 0.927231 -0.030871 0.718165 -1.014584 1.266269 -0.980148
-0.346112 -0.568638 -0.013302 0.363116 -0.427695 0.958560 -0.033674 -0.275368 -0.613370 0.810144 -1.190715 -0.035830 0.370620 0.802234 0.764190
-0.503527 0.926519 1.562844 -0.438520 -0.496673 0.607576 -0.694614 0.265681 0.701726 -0.154111 0.420233 -0.312896 0.555293 0.010852 0.349256
-0.620694 0.187685 0.835258 0.065720 0.243250 0.106998 -0.666731 0.024594 0.579064 -1.108987 -0.659974 -0.459988 -0.414642 -0.942797 0.557220
-0.861381 0.417688 0.581899 2.090346 -1.313361 0.238193 -0.368108 -0.440069 0.612160 -0.231134 0.679298 -0.631090 -0.188134 0.144517 1.261356
0.487595 0.517317 -0.751372 1.013555 -1.934173 1.031347 0.820238 -0.685506 0.993190 -0.840913 1.059559 -0.017067 -1.576243 -0.311898 0.286490
1.585376 -1.118470 1.449781 -1.396936 -1.570734 0.294456 -1.178226 -0.684814 1.199800 -0.458383 2.160435 -0.666603 0.635591 0.276706 -2.588603
-0.035158 -0.425814 -2.387801 0.767904 -0.352596 -0.214566 -0.106525 1.053361 2.000201 -0.334393 -0.721578 0.574387 -0.496746 0.284152 1.704834
-0.360470 0.284790 -1.919497 -0.101357 0.540603 -0.347826 -0.302793 -0.562134 0.830998 0.048965 0.364106 0.288576 -0.707919 0.163091 -0.565961
-0.757620 0.445774 -1.224416 -0.028924 2.277353 -0.417550 0.220060 -1.208834 0.607479 0.473441 -0.947237 -0.691820 -0.749638 -0.456683 0.499615
-1.376368 0.439977 -1.053123 -0.290767 1.842126 -1.006320 0.860729 -1.246406 -0.882920 -0.186154 -0.518742 -1.141926 -0.407449 -0.033915 0.164298
-0.489092 -0.239673 -1.091003 -1.208371 -0.087271 -0.147578 -0.523184 -0.241541 0.689254 0.144828 -0.229459 -0.016747 0.764865 -1.234631 -0.400170
0.810356 0.790521 -0.461691 0.645820 -0.354546 1.133519 -1.006246 0.342324 0.572590 0.235864 0.240925 -0.140673 -0.970589 -0.392679 -0.217787
0.349585 -0.478910 -0.034249 0.508485 0.128275 -0.773098 -1.430101 -0.705686 0.006766 0.824535 -0.037065 0.761099 -0.161917 0.067322 0.309578
0.313755 1.011136 0.702437 1.195548 -1.435832 0.402320 -0.489717 0.573358 -0.293579 -0.165480 -0.599770 0.035347 -0.096326 -0.322175 0.158332
-0.569495 0.614283 0.806252 0.539083 -0.659367 0.803463 -0.701677 -0.609288 -0.523058 -1.320729 -0.326075 -0.515805 -0.131790 -0.646083 1.001518
0.423179 0.724905 -0.177418 0.813795 -0.673146 1.254235 -0.082743 -0.638774 -0.299424 1.272145 -0.660306 1.143947 -1.224050 -0.299115 0.691357
0.708470 1.142321 -1.347740 0.873563 -1.043135 0.068259 0.658969 -0.110312 0.579058 -0.579063 0.454032 -0.375793 -0.590067 -1.017757 0.353738
0.972372 -0.947936 0.635847 0.969470 -0.643146 -0.411498 0.191266 0.110572 0.778251 -0.231832 1.516706 0.669950 0.257657 0.147390 -2.294733
0.516184 -0.424139 -1.982780 -0.539798 0.494238 0.476284 0.050102 -0.674221 1.528615 -0.926381 0.165508 -0.227090 0.252214 0.311418 0.997233
0.036287 0.770397 -0.771720 0.117158 -0.725564 -0.132021 -1.036096 0.149176 1.187847 0.075805 1.475683 0.685651 0.480513 -0.038155 2.490341
-0.295618 0.308461 -0.379780 0.007404 0.744177 0.092567 -1.676905 0.936001 0.196766 0.456367 0.686344 0.138773 -0.278643 -1.246984 -0.207626
0.353972 0.604383 -0.248286 -0.754529 1.270026 0.119630 -0.559637 0.055449 0.087882 0.658509 0.619099 -0.207988 0.635298 -1.499974 0.286696
-0.740170 -0.268504 0.306124 -0.298805 0.372249 -0.597952 0.650692 -0.716835 -0.500916 0.177915 0.892830 0.921815 0.847916 -0.275019 -0.368477
0.629835 0.514251 1.380355 1.219502 1.104561 -0.045993 -0.134170 -0.521941 0.525333 0.856301 -0.119565 0.797994 0.696214 0.659296 0.345746
0.124647 -0.425479 0.073692 0.454622 -0.248418 0.407233 -0.180018 -0.939825 0.522869 0.111337 -0.247391 0.075709 -0.096080 0.325797 0.317759
-0.618008 0.303430 0.570754 0.487642 -1.204817 0.787168 -1.440054 0.324625 -1.253389 -1.145232 -1.121175 -0.349623 -0.305335 -1.804069 0.342382
-1.228232 0.197497 0.219238 0.742489 -0.604628 -0.656018 -1.275315 1.019439 -0.225604 0.271191 0.132966 0.643256 -0.538158 -0.868787 -0.005634
-0.100627 -0.425613 -0.801132 -0.321857 -0.592156 0.396307 0.275180 1.974022 -0.539188 0.216618 -1.131635 1.486440 -0.349320 -0.944950 0.989820
0.388791 0.246384 -1.374826 -0.547213 0.346013 0.358264 0.678083 0.909300 -1.092414 -0.866199 -1.055473 0.418887 -0.221805 -0.521122 -0.206964
0.584052 0.354797 0.976574 -0.604660 -0.978037 -1.022807 0.914496 0.403797 -0.404188 0.623711 0.628627 0.242046 -0.522629 0.196160 -1.035669
1.251800 -0.829876 -0.294836 -1.560120 0.543447 0.542004 -0.737377 0.000534 -0.475842 -0.779553 1.461082 -0.530554 -0.449209 -0.234820 0.762394
0.643999 0.226249 1.197674 0.307176 -1.110310 -0.216732 -1.404020 -0.133089 0.132992 0.065362 1.486905 1.271098 1.532765 0.387564 1.684901
-1.011576 -1.723647 1.104208 -0.452412 -1.841669 -0.028383 -1.503497 -0.510510 1.460129 1.033644 0.678831 -0.086779 0.734635 -1.621083 0.434220
0.425261 -1.323981 0.401781 0.316741 0.022068 0.239715 -0.363999 -1.411933 0.429386 0.260970 0.061650 0.273685 1.277925 -0.148287 -0.307320
-0.185362 1.390348 -0.835297 0.083341 -0.301237 0.532196 -0.158221 0.078275 -0.404093 -0.513788 0.019148 0.163336 0.698797 -0.693862 0.076650
0.672719 0.125480 0.992425 0.957156 0.020208 1.026170 -0.260075 0.578776 -0.284255 0.487116 0.848122 0.384157 0.090682 1.492541 0.798745
0.411222 1.179191 -0.298713 1.067558 -0.025051 0.910447 -0.167396 -0.463639 0.058761 0.430931 -0.890036 0.956980 0.665479 0.126972 -1.030392
0.003156 0.695748 0.058243 -0.424699 -0.721676 0.141939 -1.067351 0.668247 -0.153426 -0.161492 0.169726 0.026158 -0.626454 0.084943 0.222080
1.321892 0.218790 -0.535475 -0.398041 -0.606029 -0.572221 -0.787096 0.063076 -1.552983 0.566627 0.571702 -0.177302 0.379301 -0.362598 0.083181
0.421227 -0.049521 -0.196129 -0.263435 0.226350 0.752926 -0.175557 0.246131 -1.128949 -0.434957 0.192445 -0.145578 -0.083602 -0.859064 0.787649
0.177049 -0.507190 -0.322016 -1.767357 0.922619 1.137966 -0.228537 1.156266 -1.780705 0.101918 0.148890 -0.292394 0.007331 -0.066721 0.308201
-1.185942 -0.714335 0.461489 -1.090683 -0.329966 -1.027090 1.331835 1.001908 0.223325 0.735387 1.539172 0.689077 0.798731 0.155299 0.412413
0.720989 -2.133010 -0.871776 -1.328790 1.145316 0.820089 0.621868 -0.668684 -0.804651 -0.492757 0.492394 -0.703940 0.085973 -0.396954 1.923207
0.560759 -1.588705 0.962147 -0.667394 0.769669 -0.769945 -0.475018 -0.594098 -0.849735 0.646322 2.546815 0.366653 0.003296 -1.449337 0.584623
0.447384 0.158501 0.056580 -0.918163 0.099973 -0.179351 -0.217800 -0.903940 0.720809 -0.032511 1.177426 -0.349565 0.513147 -0.122014 0.810155
-1.456740 -0.166568 -0.158600 -0.173773 -0.848551 -0.815025 -1.114540 -0.979115 1.544292 -0.247078 0.313187 -0.606384 0.226096 -0.663763 0.052224
0.782591 0.069277 -0.190086 -0.057566 0.232341 0.846829 -0.868795 -0.345950 0.292113 0.777351 0.840579 0.754983 0.533190 0.315382 -1.145297
0.524539 -0.435610 1.291637 1.089347 0.902706 0.586985 -1.151071 0.906778 0.351987 0.930983 -0.345900 1.345095 -0.508821 -0.130169 -0.638912
-0.789624 0.516511 -0.425756 -0.304162 -0.386905 -0.583055 1.146031 0.322070 1.028647 -0.328274 -0.364370 -0.196387 -0.066004 0.177425 -0.465336
0.732574 1.141368 -1.625411 0.269337 0.189277 0.036806 1.303244 0.146089 -0.150135 0.533548 1.756122 0.860709 -0.953304 -0.696810 -0.658046
2.022162 -0.500539 -0.902434 0.961692 1.683410 0.451180 0.373969 -0.076523 -0.737474 0.646652 1.111399 0.695921 -0.242000 -0.446235 -0.788477
0.877534 1.051372 0.093637 1.772036 0.979395 -0.042628 -0.210624 0.204868 -1.044336 0.327652 -0.009841 0.050595 -0.043919 0.495524 0.368426
-1.207055 0.018516 0.659968 0.644308 -0.020233 -0.142512 0.166826 0.635389 0.970029 -0.337397 -0.938335 -0.598264 0.059853 -0.319619 0.669571
-0.133043 -2.069943 0.633743 0.090331 -1.042808 -1.685573 0.551404 0.771596 1.211315 0.648277 -0.284137 0.247414 1.894851 0.341120 0.175312
-0.306841 -1.477445 -0.476730 -0.494456 -0.504949 -0.706640 0.333186 0.964105 -0.446792 0.355524 -0.020384 -0.400081 -0.039427 -1.213432 -1.257111
0.618793 -1.285300 1.003080 0.191426 -0.396593 0.295333 -0.255322 -0.123313 0.389054 0.306714 1.669957 -0.254669 0.144645 -1.277324 -0.603863
0.889526 0.408462 -0.030604 -0.642571 -0.162636 -0.418152 0.504231 0.735418 -0.204847 -0.242681 0.450790 0.084374 -0.152426 -0.501009 -0.599458
-0.228968 0.363013 0.755142 -1.394768 -0.899202 -0.183589 -0.622968 1.455931 -0.433617 -0.104560 1.842254 0.966275 -0.051150 -0.922694 0.422653
0.790001 -0.341165 0.574233 1.109601 -0.296298 0.513829 0.507779 0.509096 0.166048 0.479660 0.782421 0.706363 -1.079032 0.125319 -1.629093
-0.225757 0.473620 1.362838 -0.665423 0.450870 0.932445 0.344024 0.868758 0.097183 0.621903 -0.968653 0.955511 -0.777588 0.250817 0.775725
0.265118 0.876306 -0.349240 0.122572 -0.763766 -0.679303 -0.134830 -0.123592 -0.421946 0.403526 0.604695 1.103102 0.050232 -0.462019 0.026638
0.310788 0.916090 -0.252580 -0.025834 -0.603111 -0.312242 0.857041 -0.250450 -0.115757 0.623837 0.739089 0.607497 0.044241 -0.018451 -0.609143
0.709584 0.597399 -0.998276 0.687060 0.251876 -0.726623 0.367349 -0.098215 -0.457317 0.589166 1.313414 0.785852 0.582362 0.234038 0.422571
-0.068052 -0.297409 -1.096673 0.859146 -0.333812 0.342990 0.297740 -0.123822 -0.360250 0.241172 -0.264456 -0.764776 0.290539 -0.514819 0.242085
-0.061555 -0.365053 -0.767905 2.538961 -0.286141 0.095547 -0.279419 0.853429 -0.282104 0.703261 0.514659 0.571037 -0.314657 0.832210 0.814050
-0.534269 -1.156026 1.205456 0.073153 -0.739399 -1.273355 0.508613 0.795738 0.896508 0.540667 -1.872133 -0.754504 0.903364 0.687523 0.029321
-0.955482 -2.134177 1.025725 -1.246126 -0.861808 -0.935843 0.462658 0.059462 0.259360 -0.082178 0.178648 0.431887 0.324381 0.493804 -0.766009
1.299326 -1.563293 0.758519 -0.306134 -0.547568 -0.991022 -0.376996 0.033221 0.994132 -0.643338 0.696151 -0.715491 1.879724 -2.349749 -0.947045
2.062733 0.528035 0.221543 0.027828 -0.216018 -0.711316 0.507489 0.641123 -0.143702 -0.731371 1.635948 0.413890 -0.694775 -1.451023 -0.454568
1.539954 0.368895 0.044273 -0.252738 -0.573449 -0.948987 0.653603 0.799077 0.666379 -0.613447 0.571515 0.156965 -0.168778 -0.189285 -0.150457
0.145218 1.016809 -0.699062 0.271996 -0.507442 -0.720220 0.472128 -0.778014 -0.262022 0.183134 -0.170544 0.537619 0.208689 -0.701810 -0.286146
-0.376946 -0.715087 1.354801 0.131584 1.048633 -0.185488 -0.281992 1.245976 -0.277748 -0.404081 0.518867 1.215785 0.898980 1.044309 -0.991247

Bias v0 (Oculta):
-0.012495
-0.258042
1.141624
0.577117
0.907488
0.621432
0.257171
0.856473
-0.094163
1.317615
-0.150669
0.845482
0.131227
0.397178
-0.452239

Pesos w (Oculta -> Saída):
-1.492671 4.015488 3.772144 3.068682 -3.538465 -2.381257 0.249746 -2.322396 -0.524976 -0.518572 -1.483818 -4.029084 2.641456 -2.883660 1.189643 1.825363 1.654697 -3.189072 -3.464923 -2.600595 1.273761 1.556842 -1.709328 -2.122570 1.254411 -2.001528
-0.082808 1.860132 -0.766689 0.807907 2.966354 -4.155429 0.552138 -4.047678 -0.521313 1.093034 -0.350099 -0.018231 -4.920398 1.814486 -1.569502 -5.195478 0.488540 -0.359579 1.002446 -0.486637 1.236814 2.286165 0.003068 -0.683029 0.691114 -1.550081
0.246054 2.319664 -5.296048 1.200192 2.788635 1.371616 -1.907361 1.380725 -2.043298 1.835890 0.887477 -5.325883 0.373936 -3.189845 -2.400598 0.465067 -2.232733 0.755248 -2.271310 -5.793246 -2.369873 0.465726 1.198582 2.765656 0.451534 3.703846
-0.066728 -2.637315 -1.967581 -3.339830 -3.040612 -1.955339 0.026397 -2.701140 0.494306 -2.082117 -4.952437 -2.264157 2.983828 2.727267 -2.585598 -1.612723 5.049137 -3.198572 -1.205956 0.750639 -1.589515 1.962611 2.864514 4.614698 -0.346687 -2.712209
0.791117 1.459315 1.963100 -1.937583 2.506397 2.731070 3.760470 -1.486389 2.353370 -3.331092 1.658176 0.455847 1.014228 -2.743423 -3.618508 -3.331324 -3.725264 -4.905904 1.058814 0.772132 -4.051105 -3.264133 -1.033792 -1.898705 1.443266 -1.291555
0.203922 -1.704456 -1.571899 -1.250425 0.644983 -3.669534 0.653341 0.055005 -0.009675 0.591326 -3.926098 0.298531 -0.409592 -0.170870 -0.512767 0.560635 -1.253749 -0.904179 -0.146947 -1.640305 -1.445352 -0.297084 -4.855012 -2.172217 -2.761534 -1.948567
-1.008526 -3.034192 -1.201985 -3.790732 -1.738504 0.043599 3.076602 3.984070 -1.165060 -0.484778 -1.537844 -3.436561 -2.722642 0.548962 3.941175 -2.123012 -3.520789 -4.021138 -0.810930 -0.878346 3.847593 -1.656154 3.580705 -2.490730 -0.897274 -0.236255
-0.883496 1.430566 -1.750504 1.120285 -3.815917 -1.088473 -3.735146 -2.720938 -1.851300 -3.897562 -2.068994 -1.996697 1.252231 2.359436 3.428506 2.226155 -0.657453 2.253619 4.039414 -1.306191 -4.543507 -2.378362 -0.520514 -3.184562 0.224994 -1.677949
1.852245 -4.931354 1.040025 2.709134 -3.420193 -0.137513 -0.446679 -3.997349 0.317011 2.388725 -0.458059 0.892338 -3.697850 -4.044129 -0.817043 0.746958 1.364906 1.521845 -1.724091 0.780626 -0.340638 -2.533029 2.849441 0.921324 -5.327679 1.001714
-0.116781 -0.621562 -0.232143 -5.828854 -2.695082 -0.325965 -1.984402 -0.365218 -1.261618 0.009730 -2.092611 -1.901573 -2.198827 -1.481445 0.438265 -1.159556 -0.492328 -1.400761 -0.171402 -1.830418 -2.129840 -1.668008 -1.811079 -3.009846 -1.957011 -1.834236
-2.616481 -1.208660 1.766661 0.699824 2.158243 1.627308 -0.776236 -1.535435 -5.309410 -3.079745 -3.146653 1.483789 -0.060572 -2.770328 2.880942 1.518571 0.204818 -4.602603 -2.850775 5.911312 2.504960 0.160749 -1.840928 -3.571789 0.989331 3.329436
-6.548843 -2.356682 -0.561829 -1.444892 -0.464186 0.067425 -1.366494 0.024300 -1.218655 -0.213815 0.466885 -0.032256 -1.950885 -1.214299 -1.597199 -0.992447 -0.917976 1.223906 1.422465 -1.435031 -2.010615 -1.614715 -0.444517 -0.417720 -0.977921 -2.460429
0.200552 -1.460558 0.787013 -0.960380 -0.079365 1.833751 -4.518208 0.765107 -4.294026 -3.951960 1.390752 1.960483 0.772518 0.987557 -4.331795 0.277256 -3.717865 1.578496 -2.831284 -0.601902 2.649358 2.857366 -1.445893 1.935285 1.710402 -2.468734
0.900228 1.727341 -4.240064 3.496843 -0.455007 -3.603377 2.459122 1.389247 -2.420904 -3.514604 3.695516 2.704431 2.608487 1.449584 -1.212494 -3.489528 0.495702 0.870283 -3.492407 -2.458609 1.115474 -4.228259 -0.049480 -0.936898 -4.270367 -1.930220
-2.324286 -2.043264 -2.948012 -0.519151 -3.730630 -2.411591 -2.383447 -0.796891 4.187205 -4.401368 4.283874 -2.134107 0.366337 0.694177 -0.097015 -1.358107 -1.560567 -1.621736 -3.282262 3.427725 -1.083354 -4.080357 -1.006998 3.420080 5.479882 5.685212

Bias w0 (Saída):
0.104385
-3.351601
-2.083635
-2.684403
-3.559799
-0.798251
-2.770054
-0.450008
-0.625912
0.185914
-2.986599
-1.959777
-1.809680
-1.751923
-2.112552
-1.949534
-1.979911
-1.850726
-1.595640
-2.464846
-2.627840
-1.303942
-0.711533
-2.920580
-2.075937
-2.292832
