Pesos v (Entrada -> Oculta):
0.889389 -0.039081 0.156928 -0.596804 -0.040832 0.190420 0.773073 -0.142022 -0.670711 0.271072 -0.786589 0.186954 -0.885709 0.531072 -0.514440 0.895974 0.472271 -0.148800 -0.510504 -0.971040 0.137236 -0.000218 0.128385 0.974645 0.985194 0.382401 0.636128 -0.412942 0.579022 -0.632842
0.637641 -0.099964 0.097816 -0.675640 0.647931 0.223189 -0.288978 -0.048148 -0.474118 -0.979530 -0.287995 0.307546 0.769815 0.785391 -0.130626 -0.202094 -0.788652 0.889492 0.689342 0.337499 -0.612235 -0.618267 -0.109335 -0.659654 0.623362 0.487658 0.288805 -0.894021 0.517304 -0.363456
-0.884706 -0.500879 -0.436376 0.154745 -0.263503 0.305033 -0.467254 0.312445 -0.319914 0.724888 0.455042 -0.249569 0.542561 0.798306 -0.810577 -0.539569 -0.428426 0.236840 -0.488766 0.020383 0.636156 0.843082 -0.634245 0.726006 -0.171537 -0.061956 0.966757 0.878920 -0.278951 -0.669164
0.819320 -0.423366 0.857035 -0.222650 0.136021 -0.318988 -0.057781 0.009614 -0.580747 0.960652 -0.803747 0.834239 0.300858 0.874520 0.450892 0.403461 -0.631658 0.569408 0.260416 0.977384 -0.268092 0.764857 -0.395280 -0.512638 0.133524 0.551935 0.937946 0.402151 0.811612 -0.975790
-0.037462 -0.605309 0.008128 -0.236914 -0.293441 -0.046156 0.003809 -0.317491 0.266560 0.145042 0.721578 0.947715 0.299061 -0.421283 0.068251 0.606561 -0.081446 0.891556 -0.281609 -0.935896 0.145156 -0.549705 0.948780 0.736676 0.034403 -0.479911 -0.879888 0.226682 -0.978946 0.235675
0.102065 0.833255 -0.125222 0.644239 0.439124 0.198018 -0.901429 0.718834 0.508494 -0.458665 -0.853105 0.572885 -0.790697 -0.197757 -0.472784 0.662217 -0.283852 0.374241 0.376736 -0.615194 -0.899794 0.040379 0.771863 0.707887 -0.728494 0.693763 0.961039 -0.361564 0.933827 0.043921
0.482374 0.638151 -0.059342 0.387527 -0.542419 0.866236 -0.810644 -0.026506 0.058244 -0.265572 -0.093207 0.941534 -0.412555 -0.960311 -0.781739 0.321643 0.519785 -0.759782 -0.898800 -0.666605 0.506645 0.284874 0.058549 -0.606449 -0.951443 0.322658 -0.641132 0.020815 -0.953483 -0.518758
-0.113269 -0.260455 0.311137 -0.519758 0.344343 0.651983 -0.329585 -0.042623 -0.394522 0.619366 -0.935296 -0.458242 0.999068 -0.810218 0.927709 0.144159 -0.565854 0.824815 0.371541 -0.132020 -0.676873 0.687762 -0.841051 -0.542677 -0.229527 0.970962 -0.763825 0.741165 -0.683794 -0.607074
0.142080 -0.681746 0.552783 0.803766 0.266715 -0.696515 -0.012602 0.186004 0.094552 0.216808 0.794430 -0.183343 0.078894 -0.815541 -0.584210 0.102434 0.953075 -0.095885 0.082029 0.569868 -0.134824 0.084782 0.102651 0.051401 0.039868 0.368579 -0.391014 0.828256 0.097056 -0.743793
0.852494 -0.936877 0.153476 -0.134458 0.187011 -0.369242 0.190267 0.146674 -0.179018 -0.944603 0.594478 0.051423 -0.910663 -0.615931 -0.809649 -0.047414 0.128248 0.486848 0.520319 0.584478 -0.866784 0.153655 -0.496521 -0.360960 -0.180432 -0.722438 -0.637315 0.346548 -0.475060 0.370011
-0.564705 0.761814 0.219972 0.621371 -0.061288 -0.786126 -0.183421 -0.240028 0.847552 0.792638 -0.959130 0.402541 -0.166592 -0.118956 0.539648 0.784114 0.845074 -0.130211 0.651895 0.414170 -0.025762 -0.474053 0.885745 0.828856 0.019183 0.531966 0.314897 -0.187754 -0.463776 0.837128
0.015184 -0.223325 0.438344 0.798175 0.796738 -0.095965 0.210539 0.178605 0.224155 -0.597652 0.019354 0.451967 0.055997 -0.173632 0.523737 0.029726 -0.931963 -0.549026 0.672171 0.312202 -0.781475 0.319187 -0.699325 -0.334663 -0.962760 0.485136 0.825837 0.585374 -0.560499 -0.994169
-0.708693 -0.240735 -0.550343 -0.413408 0.127243 0.592940 0.904434 -0.123991 -0.875193 0.269552 -0.403568 -0.220769 -0.633877 0.887089 0.610721 0.592452 -0.797660 0.055526 0.472293 0.297153 0.712096 -0.821634 -0.081591 0.173661 -0.970722 0.414188 -0.824666 -0.271545 0.207325 0.307125
0.175753 0.925529 -0.931526 -0.550156 0.647498 -0.276852 0.382229 0.198316 0.324719 -0.818448 -0.450575 0.582243 0.820314 0.639133 0.055318 0.076958 0.205092 0.077524 0.946137 -0.824394 0.817800 -0.171398 0.581640 0.527602 -0.248381 -0.418785 0.406604 -0.494675 -0.906527 0.257403
-0.565109 -0.511370 -0.855823 -0.708587 -0.809392 0.221897 0.820755 -0.954570 0.995929 0.978810 -0.687656 0.662537 0.966864 0.677046 0.284083 0.477700 -0.044910 -0.446277 0.419088 0.750928 0.783214 -0.385567 0.289336 0.890959 0.920487 0.722350 0.571611 -0.792290 -0.076251 -0.293135
0.252608 -0.143631 0.478019 0.597771 -0.542998 0.182161 -0.956772 -0.292247 0.456808 0.990708 -0.893040 -0.911695 -0.569077 -0.063451 -0.244816 -0.483539 0.630703 -0.165656 0.166560 -0.746305 0.227979 0.204480 -0.345512 -0.599592 -0.371142 -0.199534 -0.374058 -0.835315 0.700604 -0.662318
-0.732510 -0.318092 0.235052 0.055539 0.638389 -0.685960 -0.053496 -0.486093 0.215111 0.713526 -0.396707 0.426852 0.464326 0.852296 -0.344766 0.194228 0.068917 0.335829 -0.121993 -0.781816 0.319421 -0.698330 0.912637 0.404014 0.295163 0.522318 0.263208 -0.568655 -0.335830 0.653879
0.960105 0.925400 -0.955855 0.752779 0.453926 0.028124 -0.117699 -0.412816 -0.163440 -0.492533 0.831162 0.675452 0.616446 0.080119 -0.385349 0.431862 0.007314 0.231473 0.015694 -0.488271 0.092773 -0.622461 0.450394 -0.223148 -0.812051 -0.423227 0.054872 0.109783 -0.402078 0.397308
0.601344 -0.756755 -0.912300 -0.443680 -0.178978 0.269624 -0.103219 0.956529 -0.625524 -0.292946 -0.342505 -0.667471 0.337009 -0.521509 -0.947780 -0.153681 0.341130 -0.957552 0.669114 0.543593 0.021545 0.764740 -0.375722 -0.176573 0.415671 0.645936 0.501639 -0.907205 0.922989 -0.986545
-0.571669 0.764287 0.522770 0.214651 0.228314 -0.073640 0.139521 0.771534 0.760507 -0.962245 -0.504708 0.043664 -0.327702 0.615228 0.824393 -0.557344 -0.865212 -0.967687 0.313744 0.275535 0.585684 0.271468 -0.806029 0.660725 -0.692772 -0.097120 0.082926 0.345063 -0.245790 -0.632552
0.466573 -0.377642 -0.599992 -0.560484 0.353268 0.253637 0.359627 0.275127 0.407188 0.482563 0.260605 -0.598326 -0.695889 -0.394203 -0.855405 0.353220 -0.678634 -0.838626 0.118387 0.529270 0.052368 0.788645 -0.556974 -0.419451 0.017783 -0.120956 0.325801 0.086813 0.594158 -0.099407
0.233727 0.852111 -0.993393 -0.591841 -0.691704 -0.000072 0.397077 -0.682972 -0.101505 -0.680242 -0.898297 -0.895951 -0.937365 0.703931 -0.714179 -0.107243 -0.156406 -0.714196 0.749770 -0.845013 -0.846455 0.297537 0.809694 0.928513 0.988224 0.755046 0.026703 -0.454461 -0.564065 0.805568
-0.648963 -0.947266 -0.248305 0.348737 0.651045 0.830472 -0.639720 0.247442 0.438397 -0.021834 0.972810 -0.433466 0.096015 -0.234348 0.056536 -0.539257 -0.431348 0.239302 -0.965069 -0.548844 0.823444 0.174186 0.028833 0.046380 0.569689 -0.679973 0.654074 -0.579868 0.811842 -0.416262
0.196317 0.928754 0.843211 -0.197063 0.568984 0.928480 0.932694 -0.994445 0.576834 0.021529 0.980050 0.567774 0.344892 0.894414 0.414531 0.191251 -0.932029 -0.218656 -0.310384 -0.523066 0.086880 0.045683 -0.916691 0.568090 -0.401483 -0.961450 0.680260 0.973488 0.977151 0.384068
-0.711891 -0.281390 0.617495 -0.964773 -0.950629 -0.680307 -0.380199 -0.207008 -0.692369 0.532402 0.273306 0.535774 0.757118 0.946373 0.891014 -0.111195 -0.693290 -0.384657 -0.230656 0.575351 0.358251 -0.258379 0.804514 -0.923778 0.829854 0.990914 0.883085 0.534733 -0.026757 0.859796
-0.381714 0.105413 0.467558 0.292404 0.293015 -0.728930 -0.228423 0.143728 -0.125503 0.309030 -0.861419 0.339143 -0.294331 0.676926 -0.499912 0.896765 -0.804443 -0.608988 0.582071 0.131837 -0.720784 0.244961 0.897686 -0.447229 0.653522 -0.401818 -0.866550 -0.071661 -0.468502 -0.628864
-0.522895 0.738267 0.873543 0.248167 0.610178 0.628107 -0.743876 0.000292 -0.010253 0.470758 0.172094 -0.055147 -0.826204 -0.705080 0.919808 0.357897 -0.508486 0.681962 -0.915708 0.990546 -0.573819 -0.120247 0.489670 -0.057808 -0.608159 -0.452645 0.592339 -0.770749 -0.203009 -0.436733
-0.990383 0.257568 0.196392 0.491322 -0.122106 0.580114 0.350434 -0.449924 0.409211 0.222365 -0.463971 -0.983644 -0.971369 -0.243818 0.290312 0.866821 -0.684952 0.210593 -0.740919 -0.150484 -0.280827 -0.652759 -0.299893 0.341327 -0.745293 0.557736 0.450001 -0.915339 -0.940100 -0.450161
0.662441 -0.842361 -0.512996 -0.287757 0.963638 -0.654642 -0.755705 0.775420 0.937871 -0.857517 -0.833790 0.867373 0.520221 -0.015331 -0.703935 -0.405099 -0.466199 -0.026714 -0.425466 -0.915624 0.081383 0.686748 0.497317 0.376810 -0.634488 0.347562 0.273552 -0.702051 0.710373 0.497811
0.085581 -0.646238 -0.635068 -0.012418 0.764011 -0.499664 -0.911900 -0.039588 -0.387398 -0.518335 0.567125 0.135856 -0.609965 -0.973987 0.367556 -0.532483 -0.522340 0.608549 0.164435 -0.924499 -0.859313 0.342277 -0.565121 0.345206 -0.298613 -0.488172 -0.390600 0.432492 0.775159 -0.934190
-0.389131 -0.100309 -0.736253 0.615458 -0.091885 -0.925309 0.194435 -0.209153 -0.512671 0.160654 -0.900005 0.265393 -0.148630 -0.015616 -0.998611 0.649642 0.497560 -0.783357 -0.757497 -0.019829 0.496198 -0.361084 -0.244935 0.278296 0.013778 -0.227149 -0.090584 0.223822 0.952464 -0.168307
-0.438418 0.669905 0.233609 -0.176823 -0.043684 -0.855017 -0.894775 -0.684737 0.393886 0.969542 0.073562 -0.438348 0.682202 -0.970267 0.764827 0.850925 -0.440552 -0.831641 0.487109 -0.175047 0.431323 -0.738756 -0.450030 0.895551 0.230727 -0.025183 -0.698449 -0.439180 -0.992752 -0.432713
-0.511334 0.001161 0.044683 -0.434020 -0.496863 0.538744 0.102519 0.905375 -0.564743 -0.937617 0.392883 0.145526 0.054210 0.040101 -0.168135 -0.385437 -0.720999 0.602944 -0.396266 -0.680524 -0.585918 0.872464 0.776987 -0.042741 -0.485606 0.228201 0.161562 -0.712942 0.336289 0.119384
0.076229 0.046927 -0.219873 0.092038 -0.482458 -0.907540 -0.733621 0.227554 0.777495 -0.704688 0.651469 0.659992 0.508340 -0.411933 0.912776 0.554255 0.210359 -0.691992 -0.600932 0.801087 0.005500 -0.922897 -0.085400 0.938464 0.407210 -0.358979 -0.700085 -0.916098 -0.596416 0.249855
0.282824 -0.476129 0.738664 0.777296 -0.565251 -0.782407 0.640516 -0.701142 0.626532 0.167575 -0.402484 0.165548 -0.341539 -0.916844 0.342166 0.321150 0.856133 -0.114923 0.928597 -0.641643 0.720960 -0.924357 0.824877 -0.047805 -0.464855 -0.377970 0.048797 -0.233707 -0.047471 -0.744542
-0.716564 -0.238383 0.327311 -0.495215 0.194136 -0.408187 0.095691 0.160408 0.377687 0.972119 0.919976 0.889074 0.873335 -0.311447 0.166394 -0.557289 0.627923 0.831192 -0.095317 -0.228445 0.621460 -0.094774 0.763954 0.068295 0.509654 0.854357 -0.302393 0.117629 0.652988 -0.575210
-0.114453 0.402038 -0.155445 -0.575533 0.663331 -0.198086 -0.922274 0.711562 -0.808078 -0.109777 -0.511975 -0.075556 -0.774953 0.589825 0.045068 -0.703519 -0.684492 -0.573747 0.217448 -0.181718 -0.667646 -0.183923 -0.843121 0.971272 0.305285 0.424393 -0.732528 0.563374 0.263228 -0.731623
-0.054630 0.119321 0.215501 -0.125661 -0.736188 -0.542487 0.618810 -0.371041 -0.712219 -0.590422 -0.706860 -0.472245 0.956932 0.415186 -0.309951 0.623937 0.806661 -0.801544 -0.139073 0.352597 0.110348 -0.687664 0.771044 -0.847569 -0.260091 -0.475924 -0.625062 -0.016053 0.015413 -0.292827
0.711338 -0.007756 -0.512141 -0.455433 -0.237948 -0.125505 0.681109 0.580090 -0.369168 -0.316992 0.581080 -0.503379 0.447807 0.208534 0.459829 0.173254 0.647099 0.755316 0.000818 -0.982594 -0.116866 0.406169 -0.754530 0.214553 0.820278 0.952108 -0.564099 -0.004232 -0.512263 0.983333
-0.717904 -0.684546 0.018141 -0.514173 0.088277 -0.586083 0.935164 -0.737597 0.435938 -0.147059 -0.337679 0.705217 0.844061 0.431531 -0.801487 0.547322 0.479563 0.626046 0.809839 -0.229509 0.074977 0.053589 -0.564771 -0.990698 -0.199547 -0.211384 -0.541866 0.810561 0.187522 -0.697372
0.947324 0.885443 0.213873 -0.340625 -0.884764 0.523436 0.324349 0.433124 0.931034 -0.592053 -0.126929 0.669426 0.911631 -0.585774 -0.395712 -0.453409 0.257402 0.394013 0.570476 0.699525 0.794379 -0.422097 -0.912779 0.731320 -0.818702 -0.575247 -0.901954 0.655996 0.191020 0.333933
-0.106148 0.856040 -0.048025 -0.419929 -0.722150 0.245675 -0.036419 0.492455 -0.621183 -0.968607 0.478505 0.088997 -0.593707 0.240914 0.464026 -0.735696 -0.669204 -0.797574 0.681471 -0.051992 0.276352 0.506939 -0.804483 0.496347 0.309173 -0.679639 0.107306 -0.843202 -0.738154 0.316569
0.252136 0.779743 0.275066 0.957890 0.864978 -0.891414 -0.739870 0.324090 0.504973 -0.904905 0.372603 0.646458 -0.836745 0.714140 0.920234 -0.381044 0.148546 0.174539 0.093415 0.562022 -0.373052 0.188793 0.502260 0.626661 0.265691 -0.340703 -0.672255 -0.705920 0.539803 0.374552
0.803586 -0.530072 -0.423019 0.857293 -0.656203 0.565417 0.990305 -0.327432 0.152554 0.211899 -0.529501 0.111532 -0.619144 0.780568 0.244280 0.367262 -0.007449 -0.115601 0.263027 0.622065 0.018814 0.519260 -0.664248 -0.375144 0.594960 -0.542965 -0.926003 0.510849 -0.147531 0.988261
-0.620891 0.306096 -0.520415 -0.089787 0.248632 0.586154 -0.302546 -0.681050 0.085805 -0.141203 0.280898 0.045847 -0.108355 -0.584199 -0.641808 -0.808414 -0.046733 -0.102981 -0.373519 0.882977 -0.973501 0.495229 0.265966 0.972084 -0.447818 -0.795834 -0.946113 0.464662 0.573667 0.771700
-0.525314 -0.986800 0.107211 -0.805635 -0.125539 0.478658 -0.887797 0.022015 -0.666140 0.896569 0.544299 -0.836094 0.800426 -0.910937 0.612291 0.186747 0.916623 0.463581 -0.583624 0.981564 0.251883 0.068699 -0.549942 0.354390 -0.672754 0.942124 0.563731 0.526710 -0.393362 -0.886611
0.070265 -0.235764 0.385306 0.581404 -0.881596 0.870134 -0.660050 0.947756 -0.895852 -0.772043 -0.420817 -0.340630 0.631865 -0.636375 -0.743739 -0.747750 -0.276788 -0.293823 -0.854843 0.730846 0.521714 -0.408026 -0.490845 0.540256 0.668472 -0.990564 0.413902 -0.674090 -0.235648 0.246881
-0.825540 0.375307 -0.444689 -0.669617 0.231550 -0.218641 0.365118 -0.278224 0.580664 0.332027 0.072437 -0.806232 0.848207 -0.284233 0.073579 0.340600 0.217296 -0.314256 -0.519319 -0.656772 -0.569123 0.199862 -0.433233 -0.169818 -0.989876 -0.393624 0.216639 0.310739 0.657424 -0.877321
0.274614 -0.187603 0.644166 -0.919743 0.926831 -0.591837 -0.872624 0.247478 -0.451634 -0.580946 0.813196 0.269723 0.822214 -0.949541 0.396506 -0.251206 -0.925557 -0.543478 -0.116196 0.224971 -0.055792 0.189553 0.258241 -0.407693 0.718851 0.029357 -0.514944 -0.338916 0.201152 0.184069
0.913038 -0.497587 -0.132376 0.154736 -0.431739 0.634624 0.374248 0.945901 0.808025 0.931417 -0.725150 -0.235549 0.543648 -0.169283 0.980815 -0.017314 -0.894739 0.574607 -0.489313 -0.036215 -0.080268 -0.061525 0.441156 0.447184 -0.051554 0.509756 -0.986885 0.767110 0.858856 -0.053124
0.826151 -0.649691 -0.270295 -0.287123 0.658101 0.617233 0.634371 0.935933 -0.604122 0.496557 -0.970828 0.237950 0.416198 -0.954929 -0.223663 -0.788105 0.609390 0.909864 -0.590130 -0.609117 -0.557507 0.628242 -0.605996 -0.223807 0.375017 -0.072529 -0.714571 0.383687 0.175534 0.403064
-0.524253 -0.288457 0.059561 -0.417877 -0.957630 0.301704 -0.270463 -0.057734 0.605617 -0.999169 -0.369014 0.442771 -0.395722 0.338051 0.011968 0.243390 0.295772 -0.234019 -0.295464 0.327884 0.271887 -0.329289 0.532339 -0.638541 0.031362 -0.856209 -0.688347 -0.224343 0.799704 -0.311728
0.410644 0.208015 -0.038357 0.843942 -0.654280 -0.614654 -0.478133 0.344904 0.821265 -0.504276 0.970946 0.935423 -0.853360 -0.162614 -0.694489 -0.944402 -0.313708 -0.990346 -0.978229 0.162904 -0.248152 -0.588947 0.102030 -0.119292 -0.217163 0.103310 0.635865 -0.538504 -0.815451 0.865647
-0.784203 0.457218 0.310916 0.132943 -0.842288 0.356045 0.182599 -0.976153 -0.013385 -0.365269 -0.784462 -0.573624 -0.852562 0.219627 -0.601741 -0.563284 -0.809654 -0.436527 -0.833173 -0.914944 -0.467292 0.322983 0.125844 0.104720 -0.032452 -0.011232 -0.305195 -0.160003 0.737899 0.971172
0.260291 0.977765 -0.542778 -0.657421 -0.953601 -0.583478 -0.153272 0.835394 0.189499 -0.137932 -0.420491 0.903583 0.110278 -0.804511 -0.631192 -0.998970 0.206272 -0.428210 0.622861 -0.202847 0.105646 0.919365 -0.018911 0.178315 -0.162607 0.968677 0.361344 0.788335 0.411989 0.417468
-0.180416 0.296839 0.886873 -0.021746 0.737164 0.741474 -0.191709 0.873047 -0.898021 0.704067 0.950067 -0.067666 -0.044920 0.538363 -0.252181 -0.025950 0.177662 0.335898 -0.236718 0.454207 -0.231248 0.418821 0.504042 -0.268235 0.169394 -0.139877 0.700716 -0.511872 0.155661 0.506277
0.146388 0.033064 -0.517146 -0.502312 -0.565023 0.952568 0.051611 -0.496847 -0.171086 -0.156470 0.786752 0.280326 0.334007 0.403475 -0.559732 -0.049503 0.608357 0.223744 0.350094 0.771315 -0.883046 -0.567237 -0.440093 0.915417 -0.684157 -0.045840 -0.099182 0.871932 -0.663304 -0.455425
-0.099269 -0.909825 -0.617750 0.811238 -0.897488 0.400974 -0.272619 -0.363383 -0.069544 -0.900977 -0.682276 0.076396 0.507085 -0.073673 0.980962 -0.953193 0.716832 -0.536979 -0.638554 0.070255 -0.781276 0.601325 0.210737 -0.166243 -0.750428 0.018830 0.379269 0.469542 0.650301 0.305732
0.775577 0.973350 0.456323 -0.776604 0.903218 -0.249684 -0.632399 -0.981723 0.995098 -0.456230 0.863678 0.547774 -0.215418 0.535398 -0.733935 -0.295351 0.769314 0.853733 -0.196002 0.334491 -0.708719 0.484071 -0.681612 -0.762615 0.205299 0.918442 -0.346042 -0.493392 0.101547 -0.836761
-0.899278 -0.838485 0.949435 -0.082295 0.306520 -0.996685 0.372592 0.964089 0.424452 -0.610023 0.878262 -0.415452 0.575989 0.171513 0.892520 -0.685421 -0.880943 -0.953234 0.816119 0.512299 -0.415383 0.324973 -0.715335 -0.827586 0.177213 -0.341480 0.646239 0.042926 0.428089 -0.668517
0.349482 0.628210 0.343541 -0.798537 0.606919 0.404870 0.724262 -0.759408 0.949378 -0.638085 -0.413794 0.200097 0.944437 0.499892 0.697151 -0.531473 -0.975059 0.667567 0.013720 0.011332 -0.988735 -0.293965 -0.466219 -0.046878 -0.883647 0.767541 0.942587 -0.583525 -0.515423 -0.994003
-0.534786 0.502236 -0.510463 -0.900073 0.649534 0.794340 -0.158262 -0.949132 0.214520 -0.719346 -0.755294 -0.099127 0.368404 -0.997930 0.666621 -0.393574 0.800583 0.541604 -0.403798 -0.987564 0.703650 -0.426683 -0.546919 -0.552819 -0.447215 -0.818986 -0.860237 -0.092653 -0.579003 0.932364
0.052910 0.433455 0.017699 0.334581 0.756861 -0.092129 -0.118864 0.193851 -0.128751 -0.390177 0.622521 -0.299463 -0.231835 0.661460 -0.572995 -0.653295 -0.789935 0.058820 0.320274 -0.564005 -0.591329 -0.655868 0.126375 -0.314387 0.509892 -0.519021 -0.155055 0.471754 -0.514367 0.646904
-0.255852 -0.157342 0.495128 -0.302062 -0.433064 -0.566738 -0.840990 -0.682382 -0.726611 0.794336 0.027872 0.121724 0.985099 -0.590604 0.974315 -0.223576 -0.816344 -0.076944 -0.608559 -0.056884 0.509286 -0.531620 0.632234 -0.362298 -0.559238 -0.160167 0.329456 -0.030441 -0.021678 0.762732
0.701690 0.397878 0.054547 0.860495 0.950265 0.177908 -0.138773 0.293254 -0.602001 0.745356 0.488336 0.796085 -0.730537 -0.928897 -0.824201 0.857685 -0.647177 0.763829 -0.874587 0.025567 -0.663006 -0.115457 0.068904 0.433253 -0.310946 0.835831 0.548191 -0.626896 -0.572565 0.670355
0.752163 -0.708537 0.791440 0.160252 0.787780 0.196258 0.809327 -0.572465 0.030307 -0.610582 0.462382 -0.775785 -0.672411 -0.588461 -0.487435 -0.203814 0.210312 0.223273 -0.717429 0.039580 0.027870 -0.393299 0.963262 0.090433 0.146124 0.247809 0.237360 0.280409 0.872927 0.363060
-0.099149 0.687553 0.604542 -0.883624 0.517260 0.120257 -0.380319 -0.149884 -0.930942 0.076774 -0.048070 -0.367128 0.802496 0.715521 -0.178259 -0.282220 0.184350 0.672007 0.184090 0.453316 -0.084194 0.328188 -0.145533 -0.359208 -0.874538 0.845612 -0.375067 -0.310685 -0.155934 -0.096926
-0.628003 0.667500 -0.367489 0.479416 0.123369 0.092565 -0.594606 0.056183 -0.441781 -0.890656 0.278812 -0.433740 -0.511814 -0.448711 -0.581540 -0.326672 -0.952635 -0.050152 -0.002409 -0.323382 -0.576749 0.625482 -0.682310 0.053845 -0.276806 0.467206 -0.911727 -0.730796 0.665618 0.475200
0.387112 -0.104412 -0.849761 0.228548 0.853862 -0.003611 0.073715 -0.702327 -0.615450 -0.030129 -0.664309 -0.868705 0.209671 0.934924 -0.867994 -0.403101 0.289044 0.605511 -0.029507 -0.783797 0.543039 -0.010756 -0.352168 0.331461 0.313698 -0.982335 -0.984954 0.799465 -0.667603 0.651045
0.738891 0.650070 0.647394 -0.406329 0.284456 0.550602 0.400964 -0.599627 0.804354 -0.015081 -0.086930 0.162774 0.939071 -0.653237 -0.847200 0.450411 -0.786914 0.193119 0.393177 -0.264615 -0.254349 -0.001072 0.958072 0.431570 -0.192301 0.202976 0.442438 -0.964918 0.174591 -0.832621
0.891440 0.206098 0.518960 -0.430009 -0.260485 0.675247 0.800443 0.355705 -0.076859 -0.882945 -0.418266 0.558760 0.978900 0.028746 0.068192 0.825918 -0.112507 0.510797 -0.643574 0.319595 0.124149 0.791716 0.829627 0.723544 0.257277 0.291867 0.790381 0.512313 0.479185 -0.033362
-0.219835 0.942812 -0.282086 -0.642922 0.319880 0.245015 0.412240 -0.404681 0.978153 0.333003 0.494586 0.605179 -0.620524 0.876334 0.496769 -0.386373 0.037809 -0.788705 0.196547 0.846636 0.399744 0.966878 -0.366244 0.925371 0.327978 0.328463 0.131771 -0.584969 -0.848781 0.300436
-0.687233 -0.310992 -0.904038 0.791776 0.276888 0.985859 -0.410050 0.949605 -0.284838 0.641561 -0.922973 -0.082643 0.292834 -0.298365 -0.480605 0.435498 0.766196 0.672055 0.834548 -0.163788 0.434213 -0.465473 0.903630 -0.476125 -0.484803 0.663975 -0.517037 -0.787390 -0.362356 0.217040
-0.306229 0.910188 -0.121138 -0.867106 0.744356 0.978095 0.692127 0.953079 -0.228924 0.252713 0.289293 0.884297 0.903806 -0.397514 -0.996419 0.982019 -0.038612 0.830436 -0.565779 -0.209080 0.728107 -0.864352 0.397781 -0.817369 -0.108421 -0.188629 0.735050 0.672968 0.067609 -0.368338
0.081982 -0.901516 0.681325 0.209438 -0.932186 0.146389 0.578376 -0.795134 0.872919 0.204660 -0.966420 0.013159 0.333871 0.920238 0.745352 -0.086939 -0.751641 0.671815 0.022851 0.796477 0.072597 -0.878594 -0.337208 -0.253780 -0.526704 0.395860 -0.426300 -0.574648 -0.033095 0.391291
0.354309 -0.134676 0.957443 -0.241605 -0.143462 -0.274746 0.023963 0.308150 0.565375 0.220152 -0.686932 -0.178009 0.737896 -0.446750 -0.608049 -0.972305 0.383027 0.890200 -0.646195 -0.446092 -0.449205 -0.333567 -0.038169 -0.331728 -0.362125 -0.455028 -0.367029 -0.154369 0.059953 -0.347961
-0.971134 0.372644 0.006691 0.612864 0.957881 0.047531 0.310263 -0.883825 -0.866397 -0.273803 -0.100445 0.917971 -0.360669 -0.276160 -0.498813 0.713359 0.803563 0.325709 -0.832001 0.030833 -0.779126 -0.671116 -0.075372 -0.867383 0.188699 0.982064 0.173804 0.662501 0.825048 -0.233174
-0.612658 -0.574668 0.055954 0.490746 -0.543522 -0.578101 0.537220 0.513412 0.765476 0.384717 0.911037 0.475057 0.879674 0.071741 0.892962 -0.855560 0.734376 0.175781 0.524606 -0.009620 -0.082184 -0.691105 0.661228 0.517890 0.332369 0.777961 -0.029020 0.700011 -0.761352 -0.119184
0.489861 0.748134 -0.166087 0.267037 0.618730 -0.785545 0.855271 -0.953967 0.361644 -0.826841 -0.909732 -0.569622 -0.218259 -0.989830 0.563911 -0.431882 0.965075 -0.482719 0.842936 0.799035 -0.774932 0.845612 -0.312804 -0.979594 -0.120390 -0.055232 0.148789 0.120045 -0.552337 -0.698790
0.949207 0.537834 0.257370 0.421326 0.506601 -0.049824 -0.997968 0.762552 0.466065 -0.714743 0.990154 -0.060119 0.055983 0.172040 0.141679 -0.356116 0.967052 -0.096162 -0.600613 -0.429669 0.998408 -0.798798 -0.326135 0.332361 -0.813601 -0.662439 0.240134 0.372269 -0.196951 0.665329
0.800227 0.447843 -0.585931 -0.733218 0.884132 -0.609152 0.315740 -0.170146 0.518534 -0.006971 0.741141 0.290357 0.562250 0.364951 -0.266414 -0.154748 -0.312981 0.533857 -0.044931 -0.178621 0.543205 0.408386 0.628851 -0.344820 0.209708 -0.232060 0.181635 -0.013166 0.982164 -0.982224
0.125360 -0.318304 0.891550 -0.015229 0.813539 -0.296074 0.526769 -0.583781 0.565009 -0.582563 -0.304160 0.634685 -0.614733 0.919056 -0.221628 -0.474819 -0.853052 0.934978 -0.933298 0.515718 0.604209 -0.947933 0.631397 -0.931737 0.349324 0.893267 -0.332798 -0.315409 0.616359 0.064745
-0.852185 -0.940832 0.098551 0.585227 0.590474 0.184456 0.777850 0.565521 0.992601 0.115227 0.972949 0.729097 0.386812 0.546665 -0.344028 0.475328 0.389651 -0.693931 0.100734 0.534063 -0.080020 0.841651 -0.842114 -0.433442 0.269674 0.159305 0.911186 -0.631646 -0.460247 -0.460440
0.691577 -0.259399 -0.997942 -0.392936 -0.852700 -0.978204 -0.092306 -0.375918 -0.354706 0.139851 0.740914 -0.885303 0.283758 0.062960 0.905774 0.492854 0.899113 0.884699 -0.222661 -0.150471 -0.817452 -0.584999 0.068362 0.455389 -0.751798 0.729195 -0.028518 0.371856 0.731883 -0.686071
0.357362 -0.247257 0.985050 -0.685162 0.396771 0.947403 0.606997 0.476407 0.451486 0.256442 0.197839 -0.035499 -0.474887 0.322401 0.382551 0.146765 -0.625424 -0.984120 -0.716455 0.013338 0.541693 0.241008 -0.406013 0.777651 0.016861 -0.816488 -0.670312 -0.815422 -0.251702 0.982157
0.573939 -0.067471 -0.858573 -0.505088 0.117388 0.155838 -0.894517 0.034848 -0.713152 0.833215 -0.647138 -0.075421 -0.893298 -0.352234 0.112725 0.182339 -0.557687 0.950027 -0.114256 -0.452973 0.772277 0.062092 0.628960 0.142295 0.465293 0.799100 0.993850 0.558912 0.238743 0.526442
-0.815625 -0.474907 0.848060 0.968385 0.996382 -0.903536 0.403198 -0.663723 -0.558573 -0.604850 0.646175 0.261046 -0.910804 0.595645 -0.123016 0.837505 -0.930921 0.275743 -0.035087 0.998171 0.335061 -0.850559 0.496112 0.035850 -0.687026 0.504606 0.593596 0.596524 -0.190691 -0.379290
0.035937 0.777617 0.085886 -0.902821 -0.098890 -0.765638 0.302663 0.394668 0.852817 0.628233 -0.751758 -0.997400 -0.974650 0.937721 0.755950 -0.591992 0.188189 -0.588687 -0.193822 -0.460545 0.838657 0.869376 0.033006 -0.338801 0.368001 0.092973 -0.535951 -0.834933 0.133809 0.435957
-0.775654 0.954420 0.458511 0.386194 -0.582394 -0.958136 -0.766218 0.498374 0.011722 0.943509 -0.536338 0.887494 0.333706 0.532290 -0.188272 0.627741 0.583977 -0.371672 -0.380658 -0.094009 -0.574861 -0.894430 -0.867462 0.465942 -0.478795 0.169996 0.468449 0.334419 -0.899419 0.359845
-0.241386 -0.060254 0.965634 -0.891243 0.667329 -0.287616 -0.600682 0.973177 0.008031 -0.199177 0.005874 0.361816 0.053426 -0.560016 -0.855926 -0.383311 0.539477 0.148946 0.550508 -0.765925 0.332748 0.672731 -0.819488 -0.488724 -0.065650 0.449455 -0.694906 0.005860 -0.867738 0.434355
0.171360 -0.196183 0.861454 0.578211 0.030674 -0.569888 -0.190073 0.270606 -0.546620 -0.586174 0.658701 0.245255 -0.211609 0.482339 -0.979049 -0.674916 -0.372987 0.726522 -0.278230 -0.166723 0.631104 0.603600 -0.247648 -0.324527 -0.492381 -0.452415 -0.168058 -0.756304 -0.363513 -0.127168
-0.091412 -0.419065 0.494857 0.488502 0.842905 -0.697895 0.147637 -0.801411 0.503357 -0.636933 0.128580 0.093649 -0.195397 -0.964683 0.522411 -0.040431 -0.561134 -0.035015 -0.885144 -0.706474 -0.691671 -0.312199 0.894023 0.926540 -0.812384 -0.977545 0.434599 0.024220 0.857278 0.202134
-0.257804 -0.229193 -0.272447 -0.918788 0.513045 -0.219176 0.612035 -0.387051 -0.445208 0.781108 0.181914 0.446239 0.836818 -0.494589 0.528141 -0.658910 -0.189597 -0.898295 -0.563147 0.429666 -0.437366 0.757717 -0.951830 0.185882 0.251631 -0.509317 -0.378279 -0.454069 0.425965 0.516406
-0.443846 0.282093 -0.353680 0.908441 0.395455 0.225710 0.523457 -0.006601 -0.899705 0.092813 -0.274119 0.211913 -0.883621 0.916579 0.645643 0.813360 -0.423925 -0.353608 0.466895 -0.438357 0.109105 0.931584 0.295341 0.300699 0.752108 -0.868841 0.443774 -0.065707 -0.764211 0.822665
0.317590 0.494204 0.650164 -0.126688 -0.544773 -0.738901 0.698312 -0.648225 0.039817 -0.119964 -0.968317 -0.360103 -0.520624 0.280495 -0.206997 -0.588604 -0.353457 0.207790 0.903255 -0.473591 -0.623911 0.008640 -0.250288 -0.585073 0.436881 0.337088 0.810930 -0.251474 0.035985 -0.283022
-0.941801 -0.002824 0.778996 -0.478038 -0.788157 -0.457557 -0.739723 -0.029632 0.378263 -0.937164 -0.804699 0.013133 -0.954917 -0.863522 -0.955942 0.264769 0.405737 0.796405 -0.530709 -0.273765 -0.462250 -0.975488 0.694186 -0.783598 -0.782703 0.735732 0.330792 -0.687858 -0.070553 -0.351141
-0.572335 -0.614123 0.667922 0.675420 -0.719970 0.129544 0.172785 0.576203 -0.314631 0.506093 -0.776806 -0.642913 -0.458763 0.020017 0.392427 -0.850059 -0.892337 0.895053 -0.787676 0.838676 -0.303025 -0.207617 -0.963297 0.609788 -0.430381 -0.164372 -0.454648 -0.191682 -0.121566 -0.446175
-0.989165 -0.937792 -0.220096 -0.839912 0.324203 -0.274145 -0.121092 0.732932 -0.277880 0.750126 0.969621 0.230517 -0.246296 -0.496683 -0.037648 -0.482661 0.034065 -0.231132 -0.051449 -0.423513 0.360616 0.906063 0.401347 -0.797708 -0.224676 0.227544 0.178910 0.768935 -0.453971 -0.138051
0.573817 -0.639442 0.333342 -0.691502 0.714282 0.830623 0.201502 0.229496 -0.827169 -0.512144 -0.635577 -0.423394 -0.178211 -0.358530 -0.527997 0.761325 0.706707 -0.405005 0.792510 -0.592938 0.824687 0.667702 0.317608 -0.761680 -0.687320 0.243547 0.040635 0.497219 0.958801 -0.680845
-0.192976 -0.169945 -0.780602 0.042542 0.024860 -0.756428 0.108627 0.167953 0.484385 -0.530262 0.709071 -0.620618 0.087435 0.424949 -0.447132 0.695154 0.529380 -0.923201 0.704391 -0.565603 -0.377553 0.524039 -0.297919 0.208230 0.372988 0.560206 -0.476550 0.074148 -0.213051 0.991704
0.077757 0.137870 -0.903365 -0.185057 -0.924950 0.998633 0.209330 -0.029220 -0.304443 0.251697 -0.366403 0.978315 -0.278066 -0.915949 0.416352 0.696854 0.199912 0.253854 0.272922 -0.455095 -0.517489 0.910517 -0.120422 0.680447 -0.157699 0.921624 0.314406 0.280634 -0.285072 -0.342337
-0.210857 0.170005 0.044908 0.621593 -0.406648 0.094209 0.210082 0.217459 0.803212 0.830044 -0.589928 -0.611341 0.326372 0.532736 0.571110 0.664952 0.562217 -0.906141 -0.456716 0.819481 -0.659237 0.354297 -0.094378 -0.023146 -0.437438 0.190212 -0.906983 -0.995240 -0.060832 -0.320847
-0.615394 -0.089618 0.364469 0.254062 -0.867989 -0.238834 0.940869 0.681394 -0.176742 0.175856 -0.443898 -0.295177 0.538838 0.087583 -0.886620 -0.418497 -0.874485 -0.591769 0.211607 -0.352617 0.663258 -0.877042 -0.069108 -0.611660 0.102329 -0.371839 -0.089193 0.472242 -0.118723 0.635507
-0.495172 -0.590077 0.423271 -0.780221 -0.190631 0.062939 -0.397871 0.765473 0.514503 -0.548748 -0.793607 -0.575016 0.601940 -0.351936 -0.893042 0.694346 0.152711 0.240102 -0.731325 0.920044 0.795929 0.421402 -0.698262 -0.174656 -0.456450 0.481800 -0.273703 0.704918 0.454947 -0.298369
-0.696986 -0.445582 -0.850014 0.078363 -0.059540 -0.560695 -0.732045 -0.772395 0.802380 0.070168 0.755256 -0.550929 -0.377920 -0.895922 -0.353309 -0.968825 -0.652866 0.165365 0.869157 0.807729 -0.959687 0.731008 -0.569230 -0.108449 0.296601 0.973351 0.193675 -0.997310 -0.446931 -0.542821
0.177574 0.453770 -0.851147 0.411932 -0.982562 0.388356 0.729353 0.856405 -0.989496 -0.179767 0.986543 -0.560788 0.335271 -0.901642 0.613820 -0.929940 0.938810 -0.403386 -0.781150 0.653683 -0.146222 -0.963328 -0.152963 0.949614 0.192374 -0.069533 0.980613 -0.591804 0.577152 -0.449998
-0.191746 0.791119 0.773527 0.059569 0.228425 0.650321 0.892093 0.341252 0.661071 0.295283 -0.435789 -0.675278 0.838171 0.578938 -0.827281 0.287319 0.934769 0.330278 0.371197 0.113617 -0.134395 0.648808 0.959265 0.345887 0.516514 -0.550790 -0.415143 -0.044323 0.803796 0.958468
0.062064 0.662791 0.363595 -0.751122 -0.586328 0.859500 0.187764 -0.993126 0.229343 -0.921328 0.581884 0.114513 -0.355357 0.191446 0.782609 -0.993674 0.369060 0.309338 0.673297 -0.502979 0.849420 -0.451212 0.146933 0.593137 0.366076 -0.724981 -0.319565 0.637051 0.789507 0.002092
0.539409 0.458079 -0.306028 0.213430 -0.444558 0.880200 -0.064308 -0.582831 -0.425497 -0.038728 0.166436 -0.437571 -0.557319 0.428252 -0.696396 -0.791559 0.000288 0.740514 0.158586 -0.316276 -0.968619 0.699035 0.942284 0.701582 -0.874386 0.569654 0.255641 0.064286 -0.416622 -0.050375
0.042216 -0.969466 -0.067356 0.244010 -0.606368 0.701470 -0.798689 -0.748523 0.727286 -0.091405 -0.067856 -0.629627 0.570354 0.452801 0.297548 0.731079 -0.736405 0.890436 0.199907 -0.861166 0.470703 -0.387145 0.388422 0.814025 -0.705575 -0.875161 -0.929146 0.546172 -0.359902 -0.985138
0.270041 -0.740647 0.195911 -0.853627 -0.477551 0.398775 -0.505213 0.617775 0.521913 -0.847419 -0.415733 -0.146950 -0.558807 -0.660297 0.431675 -0.276849 -0.632382 0.172292 -0.692211 -0.841181 -0.637454 0.848044 0.945118 -0.658665 -0.490816 -0.508107 -0.954124 -0.388471 -0.075518 0.324724
-0.110225 -0.892401 0.961573 0.849344 -0.500198 0.263641 -0.334039 0.795193 0.583599 -0.133455 0.734599 -0.846947 0.750197 0.401449 0.821902 -0.832166 0.768070 0.095609 -0.358811 0.248605 -0.863544 0.281199 0.793538 -0.703464 -0.518517 0.990137 -0.019487 -0.672622 -0.920853 0.756654
0.684641 0.311549 -0.453022 0.034069 -0.285571 0.369945 -0.076034 0.391040 -0.749214 -0.414967 -0.227327 -0.018111 -0.224725 0.713464 -0.129822 -0.074649 -0.136065 -0.408151 0.986079 0.103835 -0.784973 -0.073221 -0.259761 -0.607162 -0.431261 -0.836327 0.414339 -0.493404 -0.555342 0.318534
-0.024560 -0.161474 0.135553 -0.966945 -0.364614 0.734255 0.252058 0.279018 0.552138 0.588786 0.264530 -0.587312 -0.497585 0.970855 -0.946916 0.971987 0.669959 -0.192257 0.330453 0.923129 -0.181479 0.504428 -0.545618 0.340852 -0.435877 0.451523 0.643378 -0.972669 -0.480996 -0.431209
0.254548 -0.615588 -0.320191 -0.891714 -0.232610 -0.967035 -0.849374 0.038743 0.092101 -0.357690 0.391225 -0.116124 0.161224 -0.269995 0.409945 0.388227 -0.142992 0.239181 0.714263 0.349501 0.998144 -0.830096 -0.345226 0.381954 0.042668 0.899789 -0.219206 -0.515406 0.546080 0.968424
0.747616 -0.760955 -0.853789 0.868752 0.153217 -0.054355 0.533769 -0.946521 0.800993 0.421970 -0.164744 0.936278 -0.386442 0.375088 0.930822 0.984977 0.875490 0.727935 -0.864011 0.041743 -0.542229 0.797555 -0.721324 0.675942 0.916747 0.860221 -0.315620 -0.475332 -0.720863 -0.492073
0.861992 -0.796992 -0.585011 0.775705 0.520238 0.371584 -0.667441 0.489237 0.334347 0.169498 0.144876 -0.348260 0.327610 -0.481499 0.934044 -0.454338 -0.560078 -0.576692 0.166157 0.884324 0.503842 -0.583136 -0.256619 -0.482996 -0.771914 -0.596280 -0.338696 0.182943 0.595922 -0.287871
0.987816 -0.925669 -0.976414 -0.812246 0.147912 -0.820222 -0.237156 -0.130862 0.579649 0.635292 -0.432210 0.046206 -0.000693 -0.952646 -0.615397 -0.016722 0.805854 0.324543 -0.460843 0.372704 -0.481296 0.377315 -0.915084 -0.366833 -0.886948 0.208464 0.410547 0.272603 -0.458631 -0.799749
-0.606389 0.274694 -0.089290 0.151484 -0.371836 -0.707094 0.625913 0.472330 0.484793 0.777359 0.902206 0.383601 0.382231 -0.095452 0.248683 -0.139779 0.088644 -0.551725 -0.364576 0.549871 -0.763629 0.645853 -0.880110 -0.679487 0.678456 0.570562 0.145705 -0.576438 -0.695097 0.757286
0.418273 -0.870088 0.093701 0.966776 0.927784 -0.926888 0.867965 0.757162 0.180011 -0.306427 0.814703 0.779518 0.039609 -0.903778 0.267570 -0.179789 0.949495 -0.556624 -0.982159 -0.876073 0.595335 -0.676276 0.163746 -0.575554 -0.951416 0.963926 -0.164663 -0.211532 0.320701 0.126667

Bias v0 (Oculta):
0.517848
-0.250221
-0.939144
0.805175
0.729260
0.056721
-0.174197
-0.528201
-0.799896
0.968108
-0.323059
0.268525
-0.807625
0.163562
0.085264
0.390145
0.440588
0.094218
0.438133
-0.267227
0.794677
0.612192
-0.553476
0.906321
0.057612
-0.496792
0.947375
0.390306
0.617832
0.797079

Pesos w (Oculta -> Sa獮a):
0.454624 0.797137
-0.688162 0.037392
0.157195 0.183374
-0.860909 -0.237113
0.514503 -0.273254
0.372584 -0.833132
0.411997 -0.413432
0.662446 -0.747531
0.518096 0.520787
0.414375 -0.488406
0.588266 -0.526934
0.780130 -0.215855
0.187744 0.737694
-0.790703 0.781948
0.270871 -0.847268
0.286607 0.287458
0.599185 0.361658
-0.735613 -0.010059
-0.079646 -0.561446
-0.665583 0.110946
-0.643987 -0.487335
0.800513 -0.442906
-0.330054 0.727842
-0.654088 -0.051879
-0.829668 0.403207
0.294195 0.723211
-0.656771 0.138821
0.028397 0.878578
-0.788049 -0.101819
-0.660396 -0.676060

Bias w0 (Sa獮a):
0.432917
-0.295458
