Pesos v (Entrada -> Oculta):
-0.736751 -0.800888 -0.505902 -0.787824 0.062943 0.841259 0.900183 0.944246 0.020343 0.865036 -0.843813 -0.159097 -0.118369 -0.414168 0.753350 0.059365 -0.639969 0.297213 0.325197 -0.825189 0.822712 0.583955 -0.260699 -0.763450 0.013655 0.486977 0.069214 0.647416 0.761718 -1.057154 -0.833397 0.471563 -0.710244 0.454377 -0.523491 -0.338659 -0.844405 -0.928888 0.044955 0.996507 -0.600287 0.853774 0.036360 0.758986 -0.925793 0.385631 -0.556142 0.619716 0.177567 0.287640
-0.344733 -0.036036 -0.444998 -0.603747 -1.127816 0.517780 -0.443021 0.442371 -0.713691 0.159535 -0.492985 -0.859609 -0.714727 -1.002017 -0.553938 0.648498 0.767254 -0.321947 0.585542 0.190826 0.916537 -0.817039 -0.873230 -0.279933 0.695056 -0.126557 0.221829 -0.692807 -0.281285 -1.114366 0.271475 -0.552321 -0.409049 0.010052 -0.828368 -0.987325 0.796337 -0.716759 0.776725 0.299545 0.819203 0.829431 -0.402319 0.156898 -0.934409 -0.246370 -0.611139 -0.508462 0.163003 0.546384
0.062861 -0.044508 0.791952 -0.509925 -0.216470 0.583310 -1.013522 -0.626635 0.686450 -0.819280 -0.192772 -0.105944 -0.039568 0.032923 0.592351 0.542778 0.984480 0.619903 0.271969 -0.205013 0.866560 0.664963 -0.065697 -0.311462 -0.914215 -0.281876 0.191577 -0.926789 0.651104 -0.782894 -0.112336 -0.622090 -0.802099 -0.578606 -0.479961 0.660774 -0.925049 0.206143 -0.946447 0.776753 0.418087 -0.207560 -0.856501 -0.853349 0.557334 0.568580 0.343072 -0.481826 0.798223 -0.204755
-0.975050 0.571564 0.652244 -0.799943 0.746382 0.582415 0.826133 -0.460454 -0.826444 0.468182 -0.672341 -0.132734 0.744697 -0.691853 0.735259 -1.006124 -0.525876 0.133659 0.475493 -0.222779 -0.352759 0.858735 -0.314233 -0.631677 -0.001759 -0.158140 -0.279002 0.688659 -0.221667 -0.925474 0.904064 0.803221 0.890459 0.542298 0.449566 -0.621738 -0.571832 -0.140880 0.094091 -0.892670 -0.945137 0.011605 0.492118 0.153287 0.989444 0.867290 0.092798 -0.871159 0.692382 -0.386785
-0.224322 -0.441353 -0.781744 1.079211 -0.559598 0.427825 -0.396533 0.445278 0.977665 0.379255 -0.992097 -0.108110 -0.509690 -0.708089 0.754966 -0.282138 -0.132600 0.480806 -0.254856 -0.656940 0.841088 1.111700 0.149842 -0.527256 0.422534 0.871965 0.964298 0.773461 0.441420 -0.189623 1.041476 -0.773433 0.472882 0.551711 -0.096829 -0.123676 -0.851611 -0.614046 -0.108947 -0.294741 -0.915784 0.109670 0.245386 0.976018 0.224707 0.120579 0.567615 0.498456 -0.247014 -0.464079
0.573910 -0.518146 -0.978263 -0.511642 0.988110 0.540598 -0.955629 -0.067819 -0.655971 0.374874 -0.887580 0.201138 0.358999 0.775880 -0.934633 0.135296 0.813935 -0.448686 -0.378856 -0.310405 -0.712013 1.048470 -0.174972 0.216847 0.047520 0.056190 0.943446 -0.799370 0.592493 0.341246 -0.469740 -0.852457 0.308853 -0.663603 0.053985 -0.339332 -0.733047 0.620114 -0.671448 -0.464707 -0.290356 0.215293 -0.527399 0.967278 -0.131899 0.208360 0.949303 -0.539285 0.450074 0.974685
-0.310641 -0.985804 -0.405626 -0.677935 0.104262 0.137213 -0.107888 -0.713867 0.774584 -0.014888 -0.032731 -1.032854 -0.501100 0.514890 -0.437898 0.760344 0.885619 0.895030 0.360259 -0.790706 -0.034191 0.239472 0.840962 -0.285369 0.718508 0.225963 0.654097 0.312671 0.220667 -0.537237 0.072095 0.438938 -0.471175 -0.130989 0.948730 0.999811 -0.023427 0.051989 -0.529506 0.975255 0.326624 0.215173 0.307839 0.928839 -0.735044 -0.051004 -0.739019 -0.551519 0.009396 0.474494
0.359769 -0.734355 -0.165419 0.414666 -0.218916 0.453809 -0.716622 0.239535 0.259041 0.347754 0.578236 -1.045627 0.043225 0.704435 0.081099 -0.141452 -0.214116 0.104943 -0.350151 -0.481685 -0.759367 0.570272 0.736796 0.862771 0.230302 0.912215 0.868323 0.775388 0.543421 0.248269 0.262034 0.469438 0.174689 0.663139 0.448155 0.567786 0.180359 0.466993 1.213922 -0.389582 -0.414510 0.132655 -1.425417 -0.538844 -0.698429 -1.094693 -0.606892 0.377939 -0.838880 -0.044474
-0.957788 0.718282 0.676375 0.823452 0.744121 1.113950 0.741322 0.671632 0.235704 0.480695 0.285992 -0.845454 -0.753400 0.904102 0.778772 0.658784 -0.226626 0.126008 0.156963 -0.335722 -0.527975 0.552451 -0.579662 0.315477 -0.458718 0.315144 -0.413742 -0.884395 -0.895087 -0.557753 -0.038080 0.907589 0.714402 -0.242988 -0.886410 0.951727 0.595725 0.476692 0.524450 -0.620540 -0.463850 0.725876 0.686347 -0.135740 -0.580702 -0.583599 0.690014 0.907716 -0.933549 -0.140581
0.511391 0.669043 -0.899357 0.774386 0.788336 0.673335 0.681633 -0.908528 0.590758 0.532048 -0.855597 0.375678 -0.417949 -0.463177 0.331149 -0.563981 -0.570786 -0.107661 -0.955686 0.047494 -0.891234 -0.890995 -0.314262 0.827368 -0.519940 -0.241754 -0.613919 -0.261969 0.547192 -0.367638 -0.316572 0.847946 -0.634391 0.624624 0.209132 -0.532843 -0.401723 -0.147506 0.043963 0.543436 -0.881841 0.799329 0.593031 -0.476753 -0.165908 0.426837 0.886528 -0.698761 0.252964 -0.046652
0.462571 0.746613 0.448272 0.235732 -0.039641 -0.020768 -0.541447 0.160240 0.518572 -0.841667 0.652493 0.628028 -0.157167 -0.833056 -0.345163 -0.168306 0.908881 0.237638 0.152863 0.382181 -0.575537 -0.801936 0.468395 -0.056040 -0.877208 -0.288422 0.557218 0.296815 0.843832 -0.919503 -0.956273 -0.696815 0.242768 0.024943 -0.197721 -0.281011 0.487273 -0.945423 -0.229723 0.033161 -0.488381 0.260774 0.235925 -0.007584 -0.595524 -0.418851 -0.683143 0.851136 0.961157 0.939411
-0.255594 -0.396172 0.578768 -0.328867 0.196183 -0.128869 0.042901 -0.320120 -0.023680 0.512929 -0.016355 -0.731545 -0.814014 -0.022578 0.641169 0.921832 -0.011863 -0.972501 -0.984771 0.025634 0.728684 0.738755 -0.751456 0.212976 -0.624321 -0.147996 -0.689245 0.443508 0.398075 0.475786 0.072857 0.824761 0.326288 0.170793 0.539501 0.405970 0.475805 -0.858104 -0.370424 -0.681291 0.133088 -0.784598 0.749894 -0.759390 0.287384 -0.015317 0.244890 0.129570 0.849204 -0.115271
0.807685 -0.057528 1.036086 -0.306697 0.691807 -0.458946 0.922246 0.308295 -0.915464 0.952566 -0.594544 0.777790 -0.568718 0.929048 -0.249465 0.658888 0.255856 0.923726 0.022541 -0.783562 -0.399729 -0.410062 -0.049632 -0.585216 -0.452150 -0.820217 0.289680 -0.512629 0.390572 0.412418 -0.638519 0.630427 -0.797294 -0.516566 0.281687 -0.908633 -0.595591 -0.843501 -0.705812 0.396517 -0.787188 -0.157625 0.393935 -0.878909 0.643598 0.839908 -0.476109 -0.437641 -0.283724 -0.018504
0.363978 -0.488206 -0.832133 0.890915 0.073315 0.168757 0.432645 0.236478 -0.598097 -0.570037 0.222173 0.671867 -0.415841 0.925111 -0.831533 0.235566 0.313097 0.567412 0.743422 -0.254899 0.935445 -1.003896 -0.375871 -0.602957 0.658411 -0.240433 -0.826316 -0.637851 0.967843 0.735840 0.083194 0.385409 0.898866 -0.111222 0.636423 0.266136 0.571400 -0.628495 -0.080262 -0.427395 0.724531 0.326850 1.099729 -0.682050 -0.874746 0.684499 -0.111519 -0.287493 0.822761 0.013313
-0.472520 -0.591286 -0.222742 -0.147842 -0.463454 0.577371 0.540753 0.740555 0.372928 0.020939 0.780418 0.757614 -0.096602 -0.712239 -0.434413 -0.611915 -0.032497 0.052373 -0.644023 0.504084 -0.792870 0.149812 0.459864 0.549430 -0.098421 0.028794 -0.058193 -0.156923 -0.618786 0.399606 0.706580 0.220873 0.326187 0.880015 -0.871580 -0.424140 1.020432 0.124879 0.056871 -0.698873 0.796278 0.688826 -0.479753 0.513442 -0.443990 0.713093 0.406593 -0.740954 -0.857176 -0.082838
0.221651 0.017957 0.822527 -0.586140 0.208266 0.674373 -0.794683 -0.570199 -0.641903 -0.077897 0.633318 -0.585864 0.139143 -0.300222 -0.410035 -0.551325 0.045147 0.083939 -0.982495 -1.032319 0.849880 -0.727154 0.076300 0.809735 -0.001730 0.744822 -0.725515 -0.742464 -0.281100 0.210157 -0.577372 0.707126 0.119641 -0.249289 0.309779 0.090137 0.101584 -0.478512 0.647497 -0.013047 0.340760 0.098625 -0.514015 -0.341856 0.088347 0.238952 -0.190886 -0.227600 0.851985 0.212365
-0.073837 -0.462476 0.382830 -0.933545 -0.283954 -0.279427 0.289934 -0.956216 0.390499 0.653180 -0.142567 0.086580 -0.494981 0.682354 -0.043696 -0.235527 -0.370998 -0.536397 -0.668541 -0.773265 -0.463993 -0.440790 0.463523 -0.113662 0.603196 0.795084 -0.431974 -0.640044 0.083902 -1.114177 0.296957 0.811634 0.742721 -0.329577 -0.240075 -0.426155 0.066456 -0.743881 0.331882 -0.278143 -0.717170 0.170828 -0.520957 0.820358 0.572679 0.574904 0.839771 1.154477 -0.709799 -0.475400
-0.054483 -1.261122 0.449365 -0.109339 -0.692400 0.688082 0.598353 0.150485 0.782705 0.686205 -0.085090 -1.005104 -0.398052 0.328094 0.320977 -0.227277 1.096728 -0.311471 -0.805651 0.769239 -1.063050 -0.164378 0.065518 0.106529 -0.130105 -0.627559 1.352891 -0.971636 0.731354 -0.757966 0.634583 -0.606353 -0.773280 0.795132 -0.235687 0.359768 -0.388323 0.962041 0.741811 0.517179 -0.073957 -0.418149 -0.852896 -0.621095 0.984475 -0.573397 0.925595 0.882726 0.400885 0.896538
-0.472043 -0.729909 0.223498 -0.114038 -0.418512 -0.685633 -0.114945 0.325933 -0.871814 -0.286246 0.531965 -0.907375 -0.211709 -0.170269 0.227287 -0.114663 0.258111 0.259816 1.370489 -0.779360 0.694906 -0.150548 0.765980 -0.550267 0.626040 -0.225041 0.284901 -0.842847 0.134610 0.328073 0.849574 0.085833 0.703794 0.846550 -0.472575 1.156402 0.526074 -0.051687 0.588059 -0.636668 0.043752 0.361335 -0.699361 0.893108 0.106241 0.724300 -0.337279 -0.032727 0.238929 0.354214
0.085438 -0.489116 -0.975286 -0.481174 0.232756 0.662323 0.710380 -0.138342 -0.725113 1.048813 0.139341 -0.687935 0.244777 -0.514636 -1.034752 -0.120079 1.013041 0.701750 -0.458160 0.516378 -0.861864 0.563352 0.057914 -0.523941 -0.516744 0.102228 -0.712767 -0.031041 0.773551 0.299787 -0.250840 -0.924523 -0.096619 0.035950 0.869675 0.520300 0.685317 0.363716 0.735452 -0.227085 0.139054 -0.202920 0.756695 0.105211 -0.499752 -0.597506 0.522653 0.268205 0.044645 -0.815769
0.396564 1.500647 -0.993534 -0.762277 -0.979607 -0.493938 -0.963904 0.671515 0.421754 -0.754831 -0.975229 -0.273787 0.235019 -0.086735 0.630008 -0.824985 -0.504140 -0.529781 -0.295490 0.736400 -0.210698 0.857813 -0.289872 0.371143 -0.926030 -0.730186 -0.078075 0.561965 -0.487867 -0.811405 -0.473898 -0.676387 0.925119 0.524414 -0.480313 0.371589 -0.058281 -0.118772 0.618930 -0.461945 -0.819511 0.063569 0.891453 0.376467 0.585655 -0.855322 0.140387 0.061026 -0.116826 -0.389237
-0.887663 0.619395 0.572556 -0.813508 0.686399 -0.302271 -0.130744 -0.530100 -0.623930 0.413027 -0.535828 -0.126506 0.439815 -0.183070 0.767432 0.119691 -0.164948 0.815821 -0.339860 -0.685165 0.317302 -0.901271 0.237016 -0.419571 0.643839 0.479269 -0.770346 -0.675158 0.938626 0.670987 0.691304 -0.156809 -0.309735 -0.018502 0.147828 -0.921950 0.291473 0.713393 -1.132294 0.818815 -0.490976 -0.870601 0.623891 0.436408 -0.106959 -0.675146 -0.759959 0.222418 0.058109 0.231441
0.419489 0.594365 1.006538 -0.703550 0.412252 0.179641 0.072630 0.473183 0.842630 -0.807925 1.060436 0.136451 0.002902 0.084675 0.312588 -0.810219 0.193624 -0.241388 -1.112556 0.613339 -0.098563 0.627088 0.023356 -0.803481 0.769164 -0.164288 -0.820017 0.650540 0.991414 0.567776 0.384833 -0.292744 -0.243319 0.384278 0.019355 -0.340242 0.823568 0.961488 -0.781314 -0.016491 0.791679 0.897973 0.983360 -0.192733 0.134541 0.669947 -0.125074 0.603130 0.252696 0.835742
0.085442 -0.456487 -0.412695 0.439620 -0.004521 -0.617574 -0.717353 0.112337 -0.403321 -0.238719 0.236635 0.285470 0.756823 0.240420 0.023033 0.619140 -0.351158 0.997946 0.915001 -0.886446 0.682434 -0.213338 -0.924546 0.442424 0.786708 -0.308140 0.935737 -0.006855 -0.026582 -0.377694 -1.008501 -0.670277 0.754731 0.078067 -0.460989 -1.026621 -0.014344 -0.637379 -0.298393 1.022649 -0.778759 0.973040 -0.734824 -0.188257 -0.318661 0.212505 0.348245 -0.163517 0.773774 0.507023
0.851284 -0.069465 0.225166 -0.067138 -0.125364 0.754307 0.072395 -0.975138 0.279177 0.821941 0.603368 -0.285101 -0.862337 0.094092 -0.080766 -0.302829 0.701535 0.974803 -0.670618 -0.507752 0.977381 -0.529929 -0.919481 0.512574 0.424463 -0.085000 -0.983816 0.683179 0.875433 -0.466466 -0.485646 -1.078343 0.292268 0.307864 1.011007 -0.041807 0.385059 0.305992 0.674386 -0.826636 -0.871563 0.326106 0.372939 0.478546 -0.108539 0.519397 0.029380 -0.208103 -0.110831 0.673210
0.807235 0.180600 0.570443 -0.019855 0.151401 -0.537411 -0.945712 -0.536917 -0.787425 -0.874763 0.666745 1.173895 0.891639 0.959285 0.363804 -0.160783 -0.783055 0.379855 0.929113 -0.575133 0.683294 0.698195 -0.139576 -0.814236 -0.839280 0.873125 0.366066 0.395374 -0.539598 0.002121 0.026337 -0.824342 -0.461959 -1.048986 0.728651 0.030498 -0.936426 0.780477 -0.888481 0.749092 0.285001 0.950005 -0.168261 -0.593878 0.961508 -0.703333 -0.573789 -0.382382 0.262688 -0.307479
0.118607 -0.227204 -0.661056 0.791743 -0.671148 -0.174281 -0.812235 -0.272752 -0.577389 -0.093969 -1.035759 0.460773 -0.547303 0.848402 -0.290933 -0.111685 0.141510 0.595140 0.970456 0.371813 -0.134883 -0.405249 0.180107 -0.098756 0.141530 -0.512631 -0.621801 0.697460 -0.029847 -0.865897 -0.625586 -0.844090 -0.738282 -0.951180 0.537997 -0.613018 0.846742 0.225037 0.855577 -0.167330 0.250015 -0.341465 0.052172 0.121132 -0.651552 -0.006106 -0.302176 -0.972706 0.568018 0.514378
0.888751 -0.433520 0.457238 0.040318 -0.229527 -0.540210 0.284760 0.952883 -0.703265 -0.048737 0.275777 -0.137559 0.103326 -0.771761 0.097467 -0.037368 -0.007578 -0.679213 -0.548071 -0.173045 0.622378 -0.848935 -0.039656 0.020593 0.319312 -0.133975 0.594030 0.112162 -0.861103 -0.235656 0.296712 0.674056 0.916845 -0.279212 -0.615087 -0.913377 0.544777 -0.080000 0.635073 0.675012 -0.419371 -0.073888 -0.242288 -0.478376 0.279712 -0.246649 0.198087 0.670368 0.119564 -0.239198
0.092573 -0.739936 0.633103 -0.227250 0.570061 -0.261391 0.988350 0.863792 -0.322624 -0.020775 -0.405575 -0.474760 -0.644598 -0.911640 0.009453 0.248106 -0.388749 -0.009194 -0.526265 0.054411 -0.979155 0.277102 0.681910 -0.086027 0.424988 0.433961 -0.039897 -0.556865 0.596492 0.372368 0.077939 -0.491967 0.315836 -0.129762 0.829606 -0.973520 0.678448 -0.748997 -0.891926 0.704952 0.907515 -0.439842 0.465792 0.742369 0.551731 0.382203 0.455356 0.483238 1.111394 -0.764182
0.207585 -0.713688 0.643090 -0.523749 0.145516 -0.840659 0.121290 -0.587263 0.691049 -0.528114 -0.869661 -0.668432 -0.432502 0.454357 -0.736032 0.611506 1.049288 0.355632 -0.466854 0.318926 -0.898543 -0.578886 0.952504 -0.524230 -0.226367 0.050281 -0.186468 0.536542 1.054202 -0.160783 0.099871 -0.268470 0.948736 0.168848 -0.482103 0.742923 0.747242 -0.337000 0.428728 -0.735337 0.340134 0.488849 -0.835856 -1.205586 1.012339 -0.167684 1.061547 -0.806146 0.730104 0.396235
0.308600 -1.184699 0.610274 -1.080792 0.163573 0.118211 -0.470336 -0.936212 -0.592799 -0.166024 -0.698740 -0.741370 0.117739 0.125991 0.091593 0.768116 -0.479584 -0.266251 0.148853 -0.064124 0.314008 0.211350 -0.654352 0.569482 -0.510589 0.004978 0.491473 0.660617 -0.273428 0.698592 -0.672602 0.505451 0.911866 0.450178 0.720857 -0.509314 -0.572679 0.539009 1.052456 -0.150796 0.076564 -0.900272 0.280323 0.412526 -0.817862 -0.174618 -0.789553 -0.161009 -0.068147 0.703448
0.427722 -0.722306 -0.865248 0.827495 -0.017859 0.512016 -0.594670 0.607406 -0.294444 1.209215 0.384717 -0.763605 -0.694242 -0.344858 -0.438241 -0.068664 1.234138 0.463068 0.552445 -0.441271 0.402243 0.127366 0.190176 0.796754 0.261074 0.143577 -0.624093 0.465800 0.427316 -0.484823 0.125892 0.472903 0.197961 0.365309 0.226956 -0.196855 0.135574 -0.254536 -0.941537 -0.148557 0.364420 0.762406 -0.244136 -0.504365 -0.118332 0.940323 0.801343 0.274074 0.734758 0.161303
-0.466967 -0.729949 0.637257 0.491127 0.134491 0.028137 0.787143 0.339809 -0.113605 0.712747 -0.439385 0.131070 0.029812 -0.787901 0.620693 0.518688 -0.821316 0.467790 -0.178319 -0.894533 0.002193 0.290738 0.002439 -0.085740 0.159397 0.200359 0.928807 0.637413 0.538629 0.893759 -1.124046 0.774214 -0.307397 0.641768 -0.850021 0.120309 -0.546113 -0.883504 -0.632111 -0.473117 -0.777131 -0.218816 0.797937 0.536836 -0.894105 -0.813300 0.766516 -1.148538 -0.625908 -0.155346
0.650300 0.513879 -0.248837 0.331351 -0.275951 0.420202 0.322897 0.208247 0.360075 0.406112 0.466493 -0.316331 0.204219 0.004706 -0.885311 -0.312117 0.444625 -0.532903 -0.060107 0.497700 -0.919505 0.978192 -0.404480 -1.003199 -1.019273 0.377806 1.107615 0.301898 -0.178576 0.237637 -0.340401 -0.172511 -0.458947 0.632298 -0.671857 -0.651715 -0.210473 0.651474 0.172253 -0.024965 0.569610 0.761604 0.838287 -0.646018 0.699232 0.634433 0.662879 -0.223694 -0.374504 -0.250524
-0.213478 0.374711 -0.121917 0.560232 0.244139 -0.365985 0.033045 -0.619165 -0.995989 -0.369990 0.315207 0.099934 0.413509 -0.863212 -0.750959 -0.253032 -0.339531 0.857367 -0.914988 -0.797322 -0.467661 0.907326 -0.154033 0.955813 0.266703 0.337056 0.104546 0.204036 0.688656 -0.679640 0.080217 0.453218 -0.548426 -0.686251 -0.671250 -0.616037 0.677558 0.424611 0.595007 0.711385 -0.972039 -0.218206 0.744783 0.428935 0.060307 -0.950390 0.445282 0.162093 0.867527 0.841122
-0.661551 0.383181 0.833606 -0.118637 0.648976 0.551732 -0.150630 0.207709 -0.849442 -0.014188 -0.537256 -0.645148 0.828970 0.257015 0.743681 -0.112777 0.380882 0.511913 0.062556 -0.568553 0.543342 -0.098914 0.059371 -0.951782 0.937926 0.495774 0.662581 -0.690267 -0.060286 0.202991 0.307482 -0.953341 -0.165437 0.771967 0.316098 0.281140 0.564794 -0.868971 0.889536 -0.693723 0.967336 0.367500 -0.103141 0.439216 -0.900105 0.507100 0.902112 -0.012703 0.230279 0.608682
-0.674951 -0.496833 -0.486065 0.044070 -0.125513 0.365813 0.117686 0.826900 0.482924 0.105182 -0.499754 0.045516 0.839378 -0.851020 -0.064868 0.851536 -0.372576 -0.731744 -0.272839 0.052786 0.041995 0.495385 -0.096672 0.215537 0.086354 0.024405 0.016945 -1.021031 -0.566158 -0.386078 -0.977498 -0.765223 0.239685 -0.697093 0.093852 0.488600 -0.237228 -0.410945 0.040668 -0.954699 -0.404435 0.751955 0.554328 0.982971 0.955078 -0.102777 -0.375449 -0.847082 0.446737 -0.816482
-0.829637 -0.394236 -0.083614 -0.371413 0.151250 0.658910 -0.955673 0.950664 -0.416224 0.368284 -0.813874 -0.533411 0.754634 0.036965 0.321473 0.414464 0.578715 0.543586 -0.724676 0.047371 0.133337 -0.690159 0.253274 -0.538379 -0.103949 0.623039 0.077383 -0.397298 -0.509148 0.509431 -0.014408 -0.976849 0.471146 0.207691 -0.467755 0.818208 -0.495182 0.849686 -0.907547 -0.024709 0.285085 -0.203143 0.345220 0.783229 -0.494813 0.873898 0.952390 -0.076645 -0.598287 0.403466
-1.004295 -0.401316 -0.460585 0.861281 0.975108 0.757814 -0.560986 0.756158 -0.810675 -0.347255 0.343552 0.017951 -0.717302 -0.016470 0.382326 -0.308960 0.094101 -0.674098 1.235068 0.768120 0.720659 0.494577 -0.850401 0.342081 -0.776146 0.192282 -0.147482 0.069766 0.625130 0.785071 0.435026 -0.040486 0.307090 -0.969495 0.308963 -0.622429 -1.058460 0.215650 -0.898454 0.641109 -0.581406 -0.075265 0.571756 -0.823946 -0.589674 -0.765208 -0.023653 -0.327510 0.151535 0.951048
-0.762661 -0.406273 -0.900755 0.429711 0.945191 -0.056429 0.274920 0.691842 -0.364155 0.357355 0.661008 -0.238255 0.078240 0.012220 -0.725917 0.457237 -0.287385 -0.664331 0.834537 0.556915 0.976206 -0.742971 0.135374 -0.684622 -0.664602 -0.556930 -0.290381 -0.161854 0.645694 0.972979 0.951101 -0.104504 0.792530 0.263174 -0.707761 0.808454 -0.127037 -0.211051 -0.851013 -0.964671 -0.465755 -0.110076 0.175576 -0.367116 0.238289 -0.152559 0.494248 0.918366 0.590566 0.937473
-0.284795 0.326122 -0.674822 -0.191549 -0.408430 -0.230301 0.448470 -0.130847 -0.493680 0.801277 -0.718340 0.783280 -0.183329 -0.251014 -1.143722 -0.061153 0.498914 0.232502 0.017347 0.790693 0.043537 0.871179 -0.348238 0.217955 0.322709 -0.644933 -0.440912 0.937709 -0.458576 -0.615242 -0.965936 -0.175730 -0.968098 -0.285027 0.265886 0.686462 -0.267477 -0.120124 0.033186 -0.947589 0.297954 -0.089200 0.075107 -0.745210 -1.038672 -0.436611 -0.506228 0.572152 -0.583351 0.897397
-0.005591 -0.424783 -0.368331 -0.791576 -0.785581 -0.957744 0.911949 0.087512 -0.677652 -1.289030 0.777554 1.006381 0.656213 0.111538 -0.743832 -0.400697 -0.095932 0.356185 -0.994715 0.582803 0.199237 0.719065 0.176787 0.626904 -0.540042 -0.055958 0.716935 0.299962 0.811200 -0.361689 -0.600180 -0.955690 -0.349478 -0.708537 0.344729 -0.419842 -0.140935 -0.840948 -0.152870 0.773911 -0.633039 0.927555 -0.574856 -0.460826 -0.407064 0.775071 -0.678080 -0.888828 -1.032742 0.724573
-0.372481 0.203581 0.585625 -0.991537 -0.784336 -0.475647 -0.573562 0.407834 0.915138 0.471576 -0.117834 0.298723 0.809698 0.106974 -0.105055 -0.731305 -1.020865 0.118834 0.548916 0.181986 -0.932318 -0.469675 -0.066590 0.325911 -0.715578 0.646555 0.317942 0.474805 0.149952 0.217926 -0.815754 -0.542878 -0.813576 0.501554 -0.097305 0.786348 1.030124 0.559688 -1.105547 0.519428 -0.395241 0.146642 -0.083809 -0.949552 -0.328505 -0.241515 0.413131 -0.456024 -0.338364 0.860050
0.239660 -0.915962 -0.325078 -0.479503 0.742762 -0.443069 0.809073 0.434603 -0.177630 1.063850 0.988322 -0.336164 0.874332 0.221470 -0.656772 -0.707093 1.192848 0.434652 0.981068 -0.839479 0.494117 0.665461 0.460002 -0.410004 -0.663443 0.866041 0.467063 0.824036 0.304460 -0.172900 -0.288443 0.739696 -0.378166 -0.117149 -0.154288 0.304789 0.660616 0.158094 0.364531 -0.889172 0.697617 0.964506 -0.247481 -0.029915 -0.089754 -0.386428 0.554956 0.403490 -0.342935 0.282404
-0.106558 -0.043143 0.840904 0.630090 0.562064 0.047693 0.221814 -0.674163 -0.578789 0.281915 -0.993435 -1.072483 1.146013 -0.369019 -0.277575 -0.080235 1.133704 0.794108 1.456609 0.305290 -0.171935 0.753135 1.161513 0.840260 0.079039 0.877066 1.082407 0.183430 0.206860 0.300111 -0.336473 0.160553 0.189795 -0.277965 -0.494752 0.001061 0.468660 0.060395 -0.630212 0.157988 -0.618166 0.521590 -0.091236 0.550628 0.303422 -0.125691 0.631934 -0.301500 0.145557 0.972437
0.915572 -0.053796 0.445934 0.168553 0.967109 -0.623007 0.800500 0.518628 0.787588 0.841452 -0.749651 -0.499078 -0.559717 -0.148300 -0.190340 0.498440 0.460413 0.779975 0.558159 -0.392254 0.795054 0.247472 0.649657 0.866322 -0.709333 -0.699514 0.216964 -0.562394 -0.691150 -0.270216 -0.298830 0.275058 0.645807 0.286629 0.587938 -0.723030 0.650935 0.937129 -0.270149 -0.980930 0.824079 -0.405683 -0.169930 0.269295 -0.073329 -1.009314 0.231397 -0.311916 -0.559356 0.117945
-0.366215 0.442997 0.606195 0.326910 0.159533 0.598878 0.461891 -0.132682 0.042630 0.465139 1.003877 0.167682 -0.755945 -0.464676 0.273502 0.164197 0.368949 0.024701 -0.740608 -0.168909 -0.371055 0.503303 -0.134843 -0.849476 0.382131 0.469808 0.700024 -0.660468 -0.171034 0.271912 -0.102536 0.041195 -0.601012 -0.714200 0.861442 0.007159 -0.852813 -0.175806 -0.164735 -0.557594 -0.648922 0.469447 -0.642440 0.895572 0.249824 -0.703984 0.813008 0.185051 -0.034776 0.894096
0.986989 -0.289124 0.244520 0.355387 -0.858976 0.150407 -0.703152 0.595313 0.842157 0.664538 -0.104199 0.693369 0.167954 0.119024 -0.147660 0.188653 0.711597 -0.740841 0.457421 -0.340235 -0.695942 0.322044 -0.818516 -1.007978 0.289786 -0.843094 0.100386 -0.211078 -0.106434 -0.243995 -0.767187 0.605174 -0.150765 -0.359558 0.579648 -0.595993 0.678902 0.847099 0.774091 0.825551 -0.481656 -0.645268 -0.099806 0.317568 -0.945446 -0.009274 -0.645078 -0.142069 0.033798 -0.778588
-0.141508 -0.328927 -0.210556 -0.829119 0.291002 -0.046864 0.758569 0.373811 0.827878 -0.836574 -0.750406 -0.422473 0.513167 0.273812 0.396637 0.902618 -0.334066 -0.895936 -0.014199 0.144302 -0.706488 -0.759774 0.848111 -0.485733 0.406801 0.748504 -0.927187 0.522809 -0.279216 -0.053814 0.739173 0.883176 0.244559 0.009176 0.448757 -0.923171 0.256099 -0.159890 -0.428631 0.561277 0.121567 0.884658 -0.352817 0.023708 0.493472 -0.886982 -0.112727 0.602417 0.587126 0.389301
0.888276 -0.007201 0.213077 -0.467475 -0.396059 -0.708061 0.753304 0.866154 -0.183153 0.113427 -0.436375 -0.271543 0.363013 0.810596 0.294389 -0.001587 -0.600765 0.744627 -0.124829 -0.025227 -0.731804 -0.243415 0.641795 0.921273 -0.984448 0.556071 -0.356490 -0.934169 -0.199954 -0.642705 0.407238 -0.842085 -0.303536 0.269158 -0.807560 0.121938 -0.564749 0.535777 -0.418758 0.586676 0.124166 0.497027 -0.002634 0.436695 -0.034608 -0.957685 -0.861200 0.038337 -0.871670 -0.773777
0.370738 -0.417826 -0.114943 0.995566 0.498443 0.458362 -0.994289 0.624569 -0.586121 0.865783 -1.024968 0.163509 0.013866 -0.489483 -0.366560 -0.767315 -0.244830 -0.281198 -0.197230 -0.552981 0.369586 -0.459373 0.482134 0.787052 -0.708285 0.357865 -0.450902 -0.142487 -0.854753 0.924829 -0.362496 0.004815 -0.502467 -0.532577 0.040844 0.511003 0.678875 0.772639 -0.097946 0.012670 -0.747205 -0.702696 0.101749 0.924665 0.530918 0.600224 -0.802047 -0.174531 0.131269 0.999623
-0.148575 0.153987 0.117398 0.692532 0.341328 -0.352954 -0.459190 -0.413792 -0.064241 -0.037537 0.066755 -0.547213 0.634243 0.930825 -0.950138 -0.638434 1.096028 0.696840 -0.296289 0.039156 0.615756 -0.404964 0.222186 0.632774 0.757489 0.801736 -0.404232 0.553829 -0.353381 0.615616 0.644569 0.798359 -0.765298 -0.948005 -0.661470 -0.427250 -0.842324 0.441777 -0.011485 0.042098 -0.645880 -0.964892 0.430808 -0.374289 0.854510 0.277823 -0.214063 0.355200 0.724781 0.452324
0.601457 -0.299030 -0.359587 0.180702 0.639449 -0.547854 0.709068 0.592818 0.055837 0.169722 -0.447780 1.446551 -0.681701 0.596056 0.177755 0.386085 -0.994289 -1.015913 -0.777132 0.390598 0.710205 -0.639130 -0.886014 -0.298597 -0.635024 -0.845252 0.253332 0.494857 0.371355 0.536330 0.108093 0.375281 0.544179 0.180442 -0.082844 0.502915 -0.824991 -0.097381 -0.260559 -0.104028 0.201925 -0.305457 0.970163 -0.117708 0.347507 -0.004702 -0.850387 0.413553 -1.047121 0.763380
-0.426657 0.982046 -0.701595 -0.848289 -0.350437 0.672672 -0.339464 -0.603322 -0.084202 0.429803 0.301793 1.035096 -0.992245 0.481541 0.871229 -1.111664 -1.140609 -0.452559 -0.309273 0.716736 -0.592114 1.019748 -0.554239 -0.462095 0.869565 0.084272 -0.737021 -0.482461 -0.153623 -0.698326 -0.671384 0.680231 0.885664 -1.026681 -0.174314 -0.147676 0.321438 -0.353764 -0.220540 0.073657 0.265156 -0.514509 0.537050 -0.768958 -0.501542 -0.362097 0.328054 -1.021178 0.669910 0.758715
0.312122 -0.383806 0.828669 0.922892 -0.430168 -0.346349 0.269569 -0.614135 -0.255552 -0.496521 0.709114 -0.295516 0.280203 0.007272 0.930139 -0.508459 -0.643181 -0.741099 -0.692594 -0.117864 -0.424171 0.215031 -0.333081 -0.791717 -0.815832 0.704893 -0.704558 0.440032 1.003841 0.191415 0.103517 -0.825890 -0.319461 0.042292 -0.200374 0.180004 -0.087751 0.795190 -0.206822 0.477336 0.317503 -0.345984 0.819991 -0.753156 0.729982 0.938697 -0.221554 0.199682 -0.455992 -0.423454
-0.371732 0.169710 0.856195 0.002835 0.460834 0.847756 -0.686583 0.822174 -0.429362 -0.903572 0.118413 0.857938 -0.050792 -0.635412 -0.687166 0.865673 -0.345109 -0.533136 -0.132853 -0.907837 0.315612 -1.121332 -0.906063 0.252119 -0.872756 0.907685 -0.054739 -0.342231 0.913653 0.795830 -0.714904 -0.553412 0.394091 0.785891 0.182232 -0.915405 -0.184538 0.302303 0.146197 0.148498 -0.992964 -0.679719 -0.001162 -0.210615 0.833563 0.460089 0.766347 -0.892803 0.660005 -0.670751
0.973427 -0.590355 -0.847814 0.496219 0.100191 -0.583720 0.090639 -0.326919 -0.435638 -0.519363 0.155350 0.009277 -0.414577 -0.986423 -0.485705 -0.325008 0.958182 -0.576297 0.080405 0.472728 -0.826105 -0.749552 -0.319006 0.716798 0.527532 0.034920 0.831529 -0.948916 -0.538123 0.876257 -0.240502 0.452311 0.085522 -1.048480 0.006616 -0.831025 -0.112592 -0.071292 0.701385 -0.595814 0.079393 -0.904550 -0.459999 -0.533874 -0.670813 0.096449 -0.153576 0.019097 -0.526822 0.311098
0.745063 0.110532 -0.602461 -0.091464 0.343168 0.645984 0.835480 0.072529 -0.290370 -0.509059 -1.044243 0.358806 -0.083184 0.228647 -0.306990 0.209617 -0.012181 -0.410487 -0.535569 0.858332 -0.947563 -0.062589 0.788424 0.756244 -0.901988 -0.176843 1.115688 0.570039 0.402743 -0.526787 -0.584024 -0.090652 -0.730255 0.198949 -0.951322 0.437711 0.409483 0.060391 0.620716 -0.245921 0.576022 0.595249 -0.892415 -0.353447 0.257100 -1.215101 -0.864899 0.869908 -0.737785 0.322411
0.379442 0.351314 1.068774 -0.763367 -0.937379 -0.802879 0.837037 0.985217 -0.026545 -0.754876 0.148155 -0.502591 -0.016731 0.304930 0.210267 -0.472497 0.201882 0.177806 -0.316561 0.223855 0.686082 0.261280 0.617228 -0.947523 -0.663349 -0.730643 0.571842 -0.974142 1.005172 0.442263 -0.493892 -0.487236 0.738704 -0.005896 0.689626 0.806576 -0.188198 -0.906837 -0.519546 0.267270 -0.807189 -0.182741 -0.747754 0.368192 -0.147699 0.567312 -0.771770 0.212055 0.799839 0.372890
-0.783308 -0.788448 0.561353 -0.169110 -0.831687 0.446505 -0.050719 0.606417 -0.508258 0.414224 0.835658 0.436104 -0.635224 -0.138350 -0.435877 -0.648837 0.944283 -0.839867 -0.846408 -0.996287 0.473922 -0.447377 0.417988 -0.441105 -0.533942 0.420866 0.632180 -0.154321 0.666566 0.938145 0.937088 0.249357 0.536824 0.609963 -0.083657 -0.901460 -1.031980 0.260554 0.435019 -0.108568 0.242577 1.010595 -0.227013 0.018276 0.900696 0.218220 -0.698224 -0.583319 -0.792512 0.114673
-0.961980 0.962807 0.031834 -0.215111 -0.675907 -0.475705 -0.418401 -0.338199 0.633647 0.253570 -0.226621 0.754475 0.594743 -0.942582 -0.202680 -0.108424 -0.900908 -0.105945 -0.540449 0.526649 -0.890113 0.267361 0.373417 -0.472340 -0.585242 0.260023 -0.289638 -0.206029 0.179276 -0.955880 -0.376010 0.672698 -0.566602 -0.303741 0.980901 0.011841 0.392086 0.891188 -0.647632 -0.857787 -0.929066 -0.895435 -0.036329 0.248705 -0.831198 0.666343 -0.444366 -0.442396 0.650418 0.601856
-0.973622 0.088473 0.401742 -0.519128 -0.704600 -0.607364 -0.219575 0.625455 0.432985 -0.476636 0.137996 -0.775221 -0.104239 0.411636 -0.009037 -0.641959 -0.726282 -0.218839 -0.437728 -0.112029 0.046650 0.249849 -0.351564 -0.884730 -0.246667 0.813074 -0.773050 0.004668 0.218043 -0.656269 0.720270 0.444029 0.753578 0.087422 0.443816 -0.151135 -0.774849 0.539791 -0.758881 0.324500 -0.219039 0.827985 0.140047 0.743226 0.268047 -0.070217 -0.100781 -0.335137 0.614807 -0.650623
-0.124033 0.405756 -0.891800 0.702091 -0.818140 -0.967049 0.328901 0.892877 0.739300 -0.452628 0.760368 0.703087 0.632322 -0.486400 0.849434 0.882629 1.058330 -0.808666 -0.721381 -0.334030 0.891782 0.072112 0.237722 -0.221615 0.205139 0.067672 1.198101 0.547552 0.531867 0.264898 0.085556 -0.293775 -0.164183 -0.455814 0.215341 -0.644277 -0.709477 0.929994 -0.505626 -0.577669 0.265650 0.540112 -0.295576 0.529321 0.560554 -0.636226 0.401008 0.503147 -0.095206 -0.511664
0.202336 0.457136 0.357123 0.370911 0.851062 -1.027340 0.340448 -0.102599 0.678470 -0.786724 0.075298 0.549877 -0.341878 -0.519869 -0.527866 0.120147 -0.524352 0.942348 0.187816 -1.031102 -0.257220 -0.270128 -0.699501 0.637033 0.495454 0.231842 -0.653857 -0.282149 0.538514 0.462880 0.317102 0.795277 0.909829 -0.813165 -0.959425 0.761645 -0.248000 -0.365862 0.056559 -0.959982 0.808733 -0.407879 0.237985 -0.424471 -0.828688 -0.075993 0.183904 -0.406147 -0.082899 -0.147009
0.562804 -0.263127 -0.657263 0.413280 -0.426117 -0.931452 0.486395 -0.477715 0.680697 -0.471305 1.229013 0.199882 0.166164 -1.015055 -0.226882 0.304079 -0.351786 0.190282 -0.705492 -0.713808 0.296298 -0.569414 -0.206280 -0.433620 -0.622759 -0.164475 -0.559991 -0.141894 0.542294 0.461952 0.913458 0.077680 0.871209 0.253667 -0.318465 0.733467 0.252478 0.099618 -0.603765 1.091639 0.426836 0.329362 -0.060009 0.832624 0.390599 0.205210 -0.900830 0.364592 0.371409 0.745136
-0.237118 0.001507 0.546472 -1.127638 -0.282216 0.977712 -0.037666 0.301978 -0.741212 -0.668707 0.190687 0.361834 -0.514335 -0.262399 0.211643 0.215947 -0.584187 0.266315 0.218404 0.465365 0.156163 -0.169665 0.345374 0.334328 -1.023681 -1.048782 -0.520329 -0.775453 0.258289 -0.479393 -0.625548 0.697029 0.096250 0.497502 0.576783 0.830653 0.001653 0.908364 -0.356188 0.639541 0.880028 -0.352519 0.600720 -0.741999 -0.647883 0.563572 0.780118 -0.383502 -0.290869 -0.302589
0.481586 -0.167492 0.380000 0.620835 -0.889451 0.494158 0.355945 0.995068 0.219206 -0.223291 -0.619088 -0.630886 0.634698 0.140249 0.672507 -0.762104 -0.322115 0.757618 -0.459471 -0.039556 -0.865372 0.862020 -0.519914 0.480265 -0.952210 -0.143096 1.100109 -0.491654 -0.216308 0.769568 -0.227292 -0.013612 -0.522350 0.232544 -0.013042 0.131329 0.026511 0.810585 0.703956 0.554432 -0.174560 -0.719082 0.410471 0.278327 0.218905 0.562702 -0.178941 0.512099 -1.006081 -1.001232
-0.523545 -0.512222 -0.625457 0.479782 -0.636624 0.519306 0.965856 -0.794673 -0.253251 -0.728629 -0.503632 0.842482 -0.510496 0.324628 -0.426115 -0.198551 0.454852 0.174868 0.162062 -0.005643 1.065036 0.408536 -0.350094 -0.005106 -0.013374 0.533609 -0.305110 0.379005 -0.372198 -0.876401 -0.772580 -0.140119 -0.422141 0.877669 -0.397690 -0.130347 -0.504120 -0.360773 0.588661 -1.138373 -0.135837 -0.755349 0.309012 -0.349118 0.973216 -1.091289 0.681491 0.012204 0.392850 0.411250
0.890646 -0.060492 0.768807 -0.110311 -0.335799 0.217388 -0.424292 -0.046621 -0.280203 0.669906 0.668998 -0.505984 0.595963 -0.195418 -0.183488 -0.142220 0.064266 0.656186 0.949229 0.289120 -0.255600 0.580128 -0.359632 -0.277326 0.202428 0.228453 0.517927 -0.291889 0.444489 -0.813309 -0.874488 -0.966149 0.687539 -0.880709 0.038226 0.022005 0.182379 -0.920171 -0.565174 -0.314831 0.181026 -0.878796 -0.084114 -0.781100 -0.391660 -0.215958 0.883443 0.534166 -0.547205 -0.705908
0.246528 -0.797649 -0.977664 0.999592 -0.663016 -0.358002 -0.953449 0.940434 0.245399 0.191871 -0.620004 -0.571883 -0.068988 0.808363 -0.898915 0.550562 0.249023 -0.942648 0.275708 0.906056 0.690513 0.635898 0.427826 -0.982945 -0.625851 -0.732632 0.778186 -0.355263 0.526750 0.631780 -0.263756 0.599065 -0.277919 0.873893 0.192436 -0.190525 0.586639 -0.611620 0.076208 -0.540571 -0.970535 0.659936 0.251993 0.068346 -0.572534 -0.815699 -0.606516 0.397144 -0.661834 -0.608731
-0.439740 0.838017 0.794601 0.565208 0.936217 0.379642 0.950495 -0.487816 -0.471339 -0.098975 0.769805 0.402110 -0.316611 0.151019 -0.950071 -0.146725 0.259751 -0.107283 -0.228428 -0.947900 0.704470 -0.158342 0.424320 -0.835018 -0.365305 0.730469 0.560761 0.878500 -0.868699 -0.808457 -0.839466 -0.947391 0.467645 -0.319085 -0.954645 0.549125 0.286265 -0.871314 -0.825544 -0.165034 -0.079625 0.018499 0.258266 0.342102 0.533418 0.822611 -0.452725 0.660185 -0.729766 0.840455
-0.150792 -0.756228 0.040011 0.205392 0.491753 0.865396 -0.557134 0.690585 0.925956 -0.819689 0.357652 0.328152 -0.503937 0.898236 0.800605 0.503689 0.366614 -0.325694 -0.650207 -0.307684 0.150694 0.687394 0.266960 -0.837513 -0.579697 0.824669 -0.400107 0.891428 0.592784 -0.270070 0.461001 -0.561034 -0.436237 0.454119 -0.743754 0.835729 0.706118 0.784661 0.533697 -0.246256 -0.132644 0.715360 0.013462 -0.885172 -0.199615 0.476959 -0.845388 0.565527 -0.277238 0.869566
0.006630 -0.360474 0.090781 0.317809 0.283791 0.534693 -1.013605 0.786948 -0.343056 0.176823 -0.740736 0.502798 0.282002 -0.145143 0.646636 -0.890657 -0.478732 0.336456 0.300648 -0.900607 -0.470440 0.483164 0.928174 0.236599 0.186282 0.635800 -0.614054 -0.793076 -0.527632 -0.630197 0.463650 0.856359 0.037059 0.413785 -0.017365 -0.584398 0.212983 -0.040278 -0.836997 0.273967 -0.346001 -0.705457 -0.319620 0.889165 0.339417 -0.278516 0.593207 0.351587 0.837148 -0.571674
0.537667 -0.851616 0.106719 0.652850 -0.360243 -0.992531 0.261061 -0.359338 -0.650147 -0.557463 0.771107 0.184523 -0.484471 -0.624604 0.294219 -0.303987 0.359748 0.946448 0.746749 0.539007 0.091907 -0.751480 -0.901586 -0.538873 0.282613 -0.408365 0.073302 0.764029 0.171199 0.745220 1.029672 0.562423 0.202803 -0.949458 -0.036784 0.877652 0.126038 0.774685 0.878632 0.716031 0.422063 0.235061 0.273122 -0.452375 0.603881 -0.124605 0.661408 -0.653665 0.522024 -0.907930
-0.008608 -0.427218 0.071478 -0.259684 0.194269 -0.116344 0.514993 0.436598 0.073617 0.726805 0.417791 0.007490 -0.574306 -0.834728 -0.836911 0.035951 1.031512 0.609619 -0.117441 -0.989365 0.325488 0.171546 -0.477460 -0.357974 0.763996 0.510335 -0.612418 -0.103303 0.728537 0.045135 -0.796920 0.407882 0.858842 0.070349 -0.771621 -0.847612 0.896495 0.935768 0.699639 -0.311886 0.113107 0.000551 -0.615863 0.425242 0.172598 -0.519381 -0.324844 -0.222900 0.646228 0.056146
-0.673424 0.873162 0.194056 -0.582591 -0.937610 0.357050 -0.175409 0.866129 -0.231381 -0.460689 0.240023 0.327966 0.348183 0.677962 0.571840 -0.781625 0.890685 0.696986 0.438391 0.183402 0.663799 0.099757 -0.817793 0.280498 0.188960 0.543710 -0.304645 1.001812 0.467345 -0.908109 0.231193 0.210692 0.425096 0.857994 0.030585 -0.482798 -0.893499 -0.638571 -0.146066 0.727681 0.617800 -0.040271 0.303863 -0.857774 -0.299260 0.184610 0.533826 0.854373 -0.512691 -0.947927
0.429736 0.900779 -0.497741 0.356668 0.749484 0.553826 -0.347370 -0.144395 -0.602229 0.021843 0.613861 -0.181538 0.116479 -1.004894 -0.178207 -0.966932 0.092265 -0.497840 0.046029 0.860776 -0.870197 -0.533230 -0.265607 0.234898 -0.122175 0.083639 -1.216245 0.364000 -0.029413 0.265149 -0.502990 1.006444 0.445913 -0.046807 -0.604279 0.655965 -0.131711 0.307372 -0.475799 0.031852 -0.266094 0.210490 0.811650 0.069490 -0.955735 -0.435278 -0.819946 -0.827126 -0.557800 0.085056
0.084105 -0.180651 -0.238327 -0.683361 -0.941331 0.748636 -0.690360 0.423273 0.786368 -0.347972 0.720952 -0.779305 -0.947029 0.128640 -0.566396 -0.911290 0.202066 0.888453 0.086240 -0.813777 0.064861 -0.676652 -0.315389 -0.666533 0.723267 0.024375 0.389054 -0.838095 0.342240 0.391600 -0.894656 0.442199 -0.758366 0.029055 -0.324449 0.404028 0.035657 -0.368470 0.402385 0.258428 -0.442578 -0.096090 -0.616536 0.235212 -0.833810 0.578407 0.747093 0.339490 -0.061338 -0.432184
0.801061 -0.652375 -0.992264 0.351233 -0.849332 0.198358 0.805834 0.893790 -0.929197 -0.320814 -0.762789 0.280300 -0.774081 0.841041 0.318394 -0.267519 -0.784511 0.514351 1.000656 -0.291859 0.747198 -0.604759 -0.363389 -0.654797 0.480914 0.566584 0.124435 0.282207 0.992391 0.449807 -0.461471 -0.748515 0.182258 -0.462747 0.053460 0.249247 0.452418 0.026972 -0.537433 -0.984643 0.777560 -0.586086 -0.109771 0.709870 -0.851862 0.728190 -0.262369 0.461546 -0.468147 0.864732
1.014020 -0.295419 0.132634 -0.338651 0.653915 -0.387276 0.952348 0.068424 -0.425728 0.417726 -0.015886 0.474943 0.080380 -0.100192 0.509389 0.663930 0.530914 -0.639435 -0.270848 -0.394696 0.914193 -0.346824 0.110926 -0.370089 -0.360700 -0.171604 -0.155380 0.340372 0.407406 1.108865 -1.115935 -1.126612 0.464066 0.898251 0.267565 -0.549855 1.000170 -0.836573 -0.536977 -0.603576 -0.755906 0.964285 -0.808480 0.638254 -0.466588 -0.556956 0.619973 -0.433016 -0.598049 0.465382
0.498903 -0.344338 -0.842333 -0.149402 0.927971 -0.529520 0.535729 0.895715 0.570191 0.199286 0.694016 0.702945 0.238744 -0.225872 0.612453 -0.643690 -0.347651 -0.240167 1.015604 0.614652 -0.575174 -0.325626 0.127784 0.435706 0.281728 -0.196077 -0.553798 -0.198984 0.512569 1.060044 -0.897414 0.382801 -0.020371 0.022829 0.111368 -0.371039 0.475403 -0.864136 -0.107511 -0.499923 0.287470 0.746576 0.791186 0.202347 -1.023172 -0.897336 0.556079 0.493025 0.333209 0.295769
-0.621258 0.502908 0.101156 -0.340489 -0.653194 0.805750 -0.574799 0.916690 -0.915321 -0.062425 0.530922 -0.085397 0.441863 0.382938 -0.898858 0.217890 0.327871 0.027080 -0.185988 -0.654555 -0.011938 0.748493 -0.458932 -0.284898 0.663387 0.502179 -0.575765 0.363128 -0.386675 0.684381 0.339476 0.509835 -0.745645 0.206338 -0.778155 -0.039913 0.599308 0.624165 -0.483370 -0.138299 0.744642 -0.263790 0.595783 -0.178267 -0.389501 0.043309 -0.772132 0.641945 0.391247 0.200039
-0.647920 0.563246 0.263594 -0.438326 -0.428340 0.027392 -0.578300 -0.022366 -1.012514 0.475349 0.356291 -0.693731 0.546847 0.319476 -0.256004 0.930630 0.844314 0.460814 0.557104 0.743472 0.488990 0.842051 -0.402666 0.546362 0.542810 0.015785 -0.240922 0.210436 -0.664474 -0.151093 0.013573 0.299483 -0.888088 -0.460875 0.635931 -0.056141 -0.500161 -0.131719 -0.924775 -0.013046 -0.798094 0.820345 -0.219184 0.685871 -0.940263 -0.000366 0.215969 0.741209 -0.696223 0.901650
-0.859808 -0.281899 -0.592561 -0.072067 0.770492 0.594100 -0.340281 -0.174743 -0.073528 -0.697032 0.465095 -0.206864 0.463931 0.412056 -0.646284 0.239467 0.307147 0.926786 -0.886683 0.444227 0.724487 0.281016 -0.866817 -0.258740 0.550101 -0.668367 -0.680781 -0.127704 -0.395581 -0.821703 0.629725 -0.469571 0.144749 0.282872 0.110640 0.880319 -0.236595 -0.468756 0.594332 -0.262357 0.414234 0.160171 -0.207930 -0.094811 -0.818163 0.383286 -0.146514 -0.779869 0.299706 -0.486308
0.260871 0.815374 0.877856 -0.311475 0.878685 -0.135274 -0.188199 0.738579 0.631448 -0.372715 0.060647 -0.597229 0.025196 -0.927866 0.664257 0.255035 0.915596 0.443859 -0.279002 -0.062773 -0.860537 0.516743 0.164379 0.690193 -0.699096 -0.804807 0.367461 0.039950 -0.369099 0.364550 0.391328 0.304576 0.649200 -0.239886 -0.461153 -0.538434 0.130874 0.821531 -0.700167 0.684494 -0.186611 -0.318305 -0.517972 0.805972 0.798849 -0.255476 -0.849103 0.460982 -0.352072 0.777908
0.147492 0.245987 -0.052775 -0.276627 -0.639306 -0.665432 0.539473 0.448810 -0.575694 -0.621475 0.200868 -0.471242 -0.563370 0.926618 0.577005 -0.031753 -0.761527 -0.208599 -0.528665 0.958132 -0.401802 0.209016 0.194130 0.752514 0.041487 -0.122452 0.066459 -0.315413 0.582120 0.017709 -0.295773 -0.330056 0.029358 -0.461099 -0.813975 0.548816 0.772925 0.719640 -0.635637 0.581394 -0.053474 0.758630 -0.104491 0.582181 -0.893476 -0.422183 -0.599759 -0.710936 -0.282139 0.896293
-0.916168 -0.007659 0.284346 -0.963486 0.652366 -0.580308 0.392876 0.102378 -0.300359 -0.668908 -0.203542 0.409042 0.492276 -0.591968 0.239417 -0.011035 0.339651 0.795018 -0.317319 0.384702 0.089829 0.684142 -0.365778 -0.195727 0.401822 0.368546 -1.017003 -0.813436 -0.697225 0.014145 -0.112933 -0.518582 -0.073563 0.824225 -0.699941 -0.435192 0.398305 0.502433 0.982613 0.004807 0.133609 -0.323082 -0.550221 0.293239 -0.408635 1.132801 0.439138 0.254888 0.171030 0.534213
-0.603656 0.131809 -0.781658 -0.798798 0.929652 0.045426 0.289114 -0.266113 0.099638 0.353766 0.864116 0.277923 0.414057 0.899938 0.396068 0.978358 0.838161 0.263865 -0.134399 -1.063195 -0.413768 -0.793717 -0.298701 0.301296 -0.747391 -0.309934 0.494733 0.372016 0.650023 0.346197 -0.901303 -0.723018 -0.510232 -0.337055 -0.533569 0.384117 -0.764545 0.903656 0.369384 0.220331 0.508046 0.310199 0.877390 -0.693042 -0.575026 -0.648651 -0.112870 0.506516 0.929750 -0.069225
0.420385 -1.072012 0.404786 -0.076864 0.162826 1.097595 0.464254 0.845177 0.397537 -0.405155 0.665130 -0.164112 -0.187291 -0.206279 0.552527 0.527867 0.459024 0.328515 -0.121904 -0.305212 0.579712 -0.335956 -0.687396 -0.465683 0.201195 -0.584241 0.006230 0.878269 0.871648 0.585902 0.121689 -0.243089 0.545587 0.123390 0.493347 0.615247 0.373571 0.434068 0.492555 -0.768216 0.122704 0.566707 0.640515 -1.338267 0.830166 0.536614 -0.478761 0.796338 0.800052 0.749217
-0.349696 0.188569 0.285927 0.411782 0.350365 -0.224979 0.344538 0.976362 -0.270576 0.277336 -0.870670 0.378473 0.492296 -0.386150 0.570848 -0.919009 -1.034455 -0.343066 -0.148142 -0.045511 0.056128 1.083504 -0.147101 0.111078 -0.936015 -0.083936 0.182256 0.601454 0.384497 -0.861255 -0.050481 0.973590 -0.609254 -0.547381 0.625899 0.462910 0.747589 0.580408 -0.316181 0.851524 -0.174959 0.475338 -0.931076 -0.964072 0.502257 -0.084564 1.012686 0.935475 -0.156055 0.199268
-0.025411 -0.290105 0.427245 0.251341 0.266803 0.540240 -0.392871 -0.641937 0.953388 -0.769886 -0.271292 -0.081716 -0.585509 0.858555 -0.049009 -0.004464 -0.128080 -0.301892 0.142954 -0.980684 -0.320348 0.117609 -0.051409 0.370985 0.823534 0.344352 0.158966 -0.817106 -0.771243 0.905276 0.774541 0.459120 -0.368825 0.264467 -0.280921 -0.763712 0.286616 -0.468159 -0.817177 -0.348035 -0.755760 0.886172 0.244910 0.582637 0.262176 -0.013631 0.780230 -0.370307 0.003096 0.090368
0.003155 0.193677 -0.520090 -0.497679 0.032938 -0.133291 -0.068322 -0.752303 0.378074 0.916873 0.250361 -0.914295 -0.612461 1.034036 -0.805926 -0.681304 0.095934 1.062983 -0.510604 -0.665497 0.079383 0.133965 -0.711565 0.278282 0.702404 0.057548 0.404827 -0.814588 1.050912 0.195798 -0.931553 -1.028344 -0.590274 -0.349388 -0.734957 -0.389516 -0.743120 0.093537 0.368821 -0.726957 -0.186534 0.562644 -0.892322 -0.365225 -0.568881 -0.758247 0.906844 -0.694124 0.860929 0.065043
-0.469037 -0.411707 0.014906 0.884867 0.527443 0.443096 0.917247 -0.136552 -1.003814 0.456584 -0.552400 -0.380824 -0.702800 0.924693 -0.468499 0.031843 -1.090285 1.160014 0.449703 0.496261 0.735817 -0.807241 -0.147146 0.701091 -0.640275 0.680260 0.755585 0.003916 0.969663 0.414271 0.254094 -0.209753 0.092715 -0.533305 -0.464472 -0.546118 -0.175091 -0.507425 -0.694507 0.195154 -0.548770 -0.822198 -0.379853 0.238300 -1.085204 -0.068148 1.026624 -1.046077 -0.409750 0.345380
0.481693 -0.445781 -0.870244 0.246180 -0.221125 -0.094560 -0.940341 -0.180101 -0.406707 0.358409 -0.794382 -0.086499 0.084569 0.579352 0.630160 0.047304 -0.326216 -0.250170 0.835693 -0.603946 -0.511799 -0.855956 0.282950 0.709494 0.307398 -0.130630 0.465591 -0.031905 0.989488 -0.303698 -0.170331 -0.678583 -0.761296 -0.059141 -0.534831 -0.269612 -1.006121 -0.506142 -0.242056 0.133646 0.205766 0.056459 0.743557 0.146873 0.118362 -1.201051 0.599804 -0.868563 -0.477118 -0.586597
0.140079 -0.351750 -0.768018 0.793094 0.964529 0.032810 0.283949 -0.154148 -0.827177 1.050275 -0.113318 0.966574 -0.071827 -0.856917 0.947045 0.371999 -0.322299 -0.517400 0.503185 -0.198602 -0.071503 0.393788 0.311894 0.642164 -0.553857 0.621549 0.805177 -0.495149 -0.406234 0.299609 0.572863 -0.526600 0.428807 -0.044733 -0.075841 -0.559278 0.045544 0.539352 0.306914 0.555471 -0.772797 -0.534790 -0.965239 0.484433 -0.121296 0.468546 -0.114288 0.386144 0.156899 0.080741
-0.266169 -0.582798 0.219829 -0.069622 0.107173 0.852351 -0.023610 -0.540646 -0.111642 -0.328939 0.930871 0.570253 -0.549672 0.638914 0.197734 -0.386306 -0.767331 0.976853 -0.703275 -0.315330 0.558192 0.334970 0.053501 -0.216736 0.231022 -0.918109 0.370976 -0.582424 0.838023 0.814195 -0.931447 -0.247562 -0.305427 -0.386034 0.875124 -0.307584 0.077819 0.262301 0.445812 0.747562 0.203381 0.701626 0.680329 -0.818836 -0.390219 -1.051280 -0.179381 -0.543099 0.011482 -0.585481
-0.898206 -0.368239 -0.727287 -0.137153 0.300364 -0.721202 0.162443 -0.633149 0.233368 0.818816 0.485818 -0.202011 -0.091991 0.221794 0.186166 -0.874191 -0.046456 0.833970 0.597690 0.368874 0.209035 -0.334759 -0.801242 -0.439538 0.937130 0.533775 -0.508638 0.097992 0.962952 -1.010565 -0.926920 0.388604 -0.209466 0.757891 -0.819965 0.280138 0.445117 0.512937 0.272399 -0.013124 -0.145241 0.851244 -0.325251 0.586909 0.345537 0.096713 -0.500772 0.764029 0.965545 0.233626
0.258394 0.637769 -0.214218 -0.561926 0.449210 0.661711 -0.738044 -0.421162 -0.585592 0.042609 0.197520 -0.483572 0.123869 0.607058 -0.261237 -0.066552 -0.854033 -0.703377 0.181697 -0.152099 0.196709 0.144871 -0.646441 -0.430979 -0.658418 -0.792758 -0.741307 -0.010626 0.447038 0.439370 -0.641055 0.580942 -0.162828 0.678223 0.250069 -0.953971 0.903540 -0.209752 -0.209642 -0.660672 0.056178 -0.105026 0.062606 -0.388761 0.567938 1.011561 0.115386 0.545593 -0.659050 -0.678683
0.809856 -1.252232 -0.966434 0.577972 -0.622792 -0.846820 -0.107104 -0.609430 0.857203 -0.206648 -0.005003 0.926225 -0.299507 0.888051 0.050466 0.144698 0.400451 0.735208 0.370202 0.608493 0.307074 -0.116953 0.168200 0.166548 0.773466 0.855734 -0.247930 0.916547 0.639305 -0.478328 -1.146604 -0.509759 0.225268 -0.406452 -0.559959 0.886462 -0.618448 0.350507 -0.504753 -0.663898 -0.373991 -0.863601 0.464737 -0.427033 0.571538 0.895559 0.432280 0.209201 -0.773464 0.090301
-0.328723 -0.491019 0.240885 0.499440 0.293825 -0.119116 0.976145 0.818845 0.782806 1.128373 0.335748 -0.738704 0.496861 -0.792446 -0.604077 -0.546737 -0.168731 0.861780 1.006774 0.565270 -0.793948 0.848657 0.386458 -0.972905 0.917693 -0.200048 0.597156 -0.102901 0.772615 -0.661020 0.880541 -0.851992 -0.679984 0.602317 -0.686185 0.771922 -0.411938 0.054401 -0.479146 -0.076836 0.809188 -0.649660 0.755644 0.277204 0.015912 -0.416512 -0.913152 -0.559732 0.185030 -0.024357
-0.411911 1.106659 0.632156 -0.309180 0.417811 0.892881 -0.570477 -0.054012 -0.180988 -0.430063 -0.594202 0.259539 0.309393 0.722418 -0.918913 -0.213351 0.847437 0.576509 0.494837 0.793749 -0.530531 0.497388 -0.189404 -0.148209 -0.696599 0.660617 -0.460702 0.521224 0.563447 -0.228419 0.575414 0.694194 -0.091705 0.099299 0.865451 0.649427 -0.356383 0.406003 0.045276 -0.245529 0.211786 0.192502 -0.483276 -0.799904 0.449282 0.569581 0.822382 0.670486 -0.206325 0.365944
0.537811 -0.170453 0.510438 0.889548 -0.147937 -0.632363 0.120852 -0.610551 0.363143 -0.306288 -0.909495 0.299650 -0.965810 -0.251873 0.431402 0.351380 -0.239022 -0.326267 0.243387 -0.537896 -0.556476 0.564785 0.272162 0.591666 0.918730 -0.443588 -0.233742 0.328663 0.000304 -0.967629 0.469780 -0.801939 -0.637106 -0.860247 -0.674329 -0.360176 -0.256135 -0.438471 0.026406 0.903062 -0.238939 0.874983 -0.773428 -0.368767 0.718007 -0.453859 0.802349 1.337854 0.394982 0.325440
-0.903545 1.031397 0.843744 0.574561 0.109742 -0.740242 -0.414138 0.237380 -0.298374 0.511741 -0.179851 0.029231 0.108453 0.526844 -0.668538 -0.786090 0.537434 0.526789 -0.723739 -0.442119 -0.423131 -0.735436 0.838926 -0.318191 0.150905 -0.026257 0.895546 -0.603080 -0.891579 -0.469251 -0.307433 0.701871 -0.420237 -0.420057 -0.267869 0.423515 0.838804 -0.377684 0.778006 0.003669 -0.178062 0.736625 0.024717 -0.162582 0.689541 -0.757898 -0.613691 -0.994872 -0.935380 -0.531758
0.838928 -0.951350 -0.243035 0.614339 -0.516572 -0.718825 0.476776 -0.498527 -0.913478 -0.261446 -0.010471 0.489638 0.762938 0.143859 -0.058752 -1.000968 0.463077 0.667260 -0.765639 -0.062847 -0.690322 -0.953165 0.048357 0.814285 -0.608207 -0.514230 0.908379 0.830808 -0.874276 -0.832626 0.085679 0.457928 -0.423617 0.272031 0.452358 -0.670953 0.937178 -0.605570 0.652570 -0.899307 -0.643446 -0.890628 -1.000880 0.327946 -0.264773 -0.514901 -0.805933 0.427100 0.965049 -0.184450
0.447292 0.764714 -0.488491 0.300113 0.746765 -0.191615 0.315604 -0.890188 0.926707 0.331109 0.592977 -0.162822 -0.780146 0.338915 -0.835151 -0.878706 0.928365 -0.585879 0.656251 0.322573 -0.800164 0.217083 0.175236 -0.049110 0.753560 -0.672322 -0.513391 -0.670002 0.069844 -0.462736 -0.941659 0.204813 0.132399 0.284689 -0.787151 -0.638710 0.138562 -0.513964 -0.387613 0.752264 0.786517 0.823213 0.921397 -0.577452 0.433723 -0.380942 -0.677376 -0.526457 -0.022282 -0.900926
0.028139 -0.269144 0.540818 0.489992 0.021013 -0.731541 -0.942822 0.480554 -0.626928 0.567470 -0.640569 0.747888 -1.027113 -0.174835 0.363624 -0.860689 0.685916 0.925716 0.485457 -0.612271 0.509101 -0.435157 -0.563753 0.658959 -0.466149 0.489012 -1.098509 0.993483 -0.549551 -0.273507 -0.182395 -0.838620 -0.646279 -0.072914 -0.808226 0.089975 -0.931610 -0.364810 -0.503130 -0.032962 -0.941066 -0.677620 -0.743574 -1.033412 -0.605662 -0.568793 -0.940162 0.733368 0.792456 0.223040
0.342380 0.185092 -0.900071 0.133112 -0.911520 0.932907 -0.510922 0.069871 -0.964958 0.457160 0.737457 -0.276368 -0.543389 -0.348355 -0.185859 -0.151556 0.806873 -0.544326 0.786294 0.777861 0.841545 -0.608960 0.582578 0.651997 0.130440 -0.048481 0.334709 -0.366389 0.912235 0.339027 -0.380330 0.632084 -0.403122 -0.088648 0.890573 0.888917 -0.119573 0.052206 0.673539 0.262636 0.019124 0.406744 -0.224455 0.161969 0.537620 0.079157 0.610131 -0.310914 0.656239 0.009320
-0.966476 0.547122 0.092416 -0.782554 0.902677 -0.667092 -0.201674 0.627190 -0.690639 -0.596430 -0.948255 0.000874 0.526714 0.590484 -0.434138 -0.660954 -0.986590 0.761307 0.042915 0.487911 -0.442644 -0.343970 -0.562333 -0.359203 -0.409084 0.993324 -0.618926 -0.323924 0.071004 0.885413 0.843776 0.030529 -0.202833 -0.219408 -0.155387 0.465534 0.353842 0.869295 0.905370 0.032136 0.707667 -0.058678 0.268621 0.953447 -0.221724 -0.066206 -0.893234 -0.575981 -0.355346 -0.536411
0.540153 0.792830 0.835368 0.062116 0.090169 -0.586120 -0.990000 0.464711 0.589487 0.159751 -0.000393 -0.297779 -0.591401 0.769294 -0.274176 0.764250 -0.638056 0.408333 0.493562 0.919042 0.798669 0.653719 -0.724847 0.243486 -0.928877 0.650765 -0.833001 0.082279 0.609644 0.373414 -0.866874 -0.674260 -0.100935 -0.273492 0.379524 0.832779 0.228293 -0.350566 0.641311 0.189227 0.495032 -0.390699 0.086971 0.605620 0.183181 -0.601034 -0.288601 -0.442732 0.802910 -0.792145
-0.289819 0.295152 -0.492686 0.407489 -0.760787 0.938463 -0.395284 -0.970861 0.289870 -0.317295 -0.721304 0.183405 -0.200259 0.587744 -0.461175 -0.188188 0.070744 -0.488062 -0.137266 0.675949 -0.830664 0.830346 0.865352 -0.707569 -0.992804 -0.128571 0.072619 -0.085891 0.536556 -0.278527 -0.221741 0.604603 -0.846657 0.529293 -0.062864 -0.992831 0.838589 0.605658 -0.448818 -0.751524 -0.566814 0.245610 0.110235 -0.699792 0.867317 0.853424 0.405883 0.665056 -0.328576 -0.465688
0.120080 0.962256 -0.034581 -0.113318 -0.912600 0.444159 -0.126472 0.283601 -0.064405 0.075840 0.715013 0.706540 -0.262423 0.662659 -0.008494 0.837821 -0.597263 0.034397 0.257162 0.610904 -0.665185 -0.021826 0.288883 -0.204984 0.765359 0.532639 -0.496368 0.261871 -0.675783 -0.309321 -0.152448 1.032978 0.499762 0.390156 0.899238 0.967095 0.277974 -0.308555 -0.126769 -0.816481 0.849987 0.752966 -0.124964 0.212682 0.570165 0.654736 0.290062 -0.584511 0.400636 -0.860981
0.061430 -0.314884 0.751568 -0.692202 0.337630 -0.296645 -0.517228 -0.901700 0.162187 0.020239 -0.196394 -0.236184 0.947889 0.264823 0.338700 -0.335908 0.133014 0.808035 -0.212223 0.740646 -0.116851 -0.771165 0.759801 0.951269 -0.512422 -0.030658 0.614844 0.339784 -0.734104 -0.389465 -0.369801 0.058712 0.066935 -0.582822 -0.612263 -0.785737 -0.932576 0.784583 0.598792 0.871191 0.711446 -0.758533 -0.075194 0.528763 -0.456137 -0.503480 0.511433 1.273355 -0.382697 0.296804
0.009961 -0.832998 -0.705341 0.344988 -0.864537 -0.009001 -0.666154 0.214487 -0.492733 0.046530 -0.671354 -0.838656 0.147955 0.264292 -0.221873 0.926106 0.046192 -0.375673 -0.149865 -0.144144 -0.538492 -0.623438 -0.300575 -0.400224 -0.618201 0.855346 0.279856 0.684352 0.000043 -0.196074 -0.430477 -0.950398 -0.109715 0.786106 0.623902 -0.459879 -1.058439 -0.652795 -0.352974 -0.670891 0.850059 0.894488 -0.342973 0.367182 -0.311884 1.138535 -0.226427 0.964427 0.468246 0.062146
1.060392 0.170430 0.669003 -0.075703 0.756150 0.668510 0.486644 -0.287270 -0.859291 1.047671 0.388544 0.648166 0.598654 -0.691189 0.649082 -0.831709 0.475959 -0.838983 0.348841 0.436170 0.665423 -0.794750 0.641521 -0.765351 0.202955 -0.915300 -0.652838 -0.291947 0.287177 -0.295890 0.735105 -0.940737 -0.661284 0.266949 -0.673060 0.010097 -0.299932 0.475454 0.658306 -0.336308 -0.233842 -0.870699 0.763894 -0.256967 0.684634 -0.919192 -0.872155 0.575180 -0.237687 0.334006
0.643753 0.461465 -0.092900 -0.661330 -0.796155 -0.063498 0.779473 -0.775057 -0.297352 0.436113 -0.385814 -0.345069 0.504652 -0.356205 0.439664 0.477889 -0.060517 -0.836971 -0.711513 -0.638691 0.266886 -0.962636 -0.598048 0.426899 0.048923 -0.458128 0.507620 -0.031467 0.595945 -0.895768 0.507879 -0.069730 -0.244982 0.042156 -0.845876 -0.539777 0.531401 0.239755 0.597551 -0.268338 0.295353 -0.499497 0.468961 -0.381177 0.112082 -0.770851 0.166640 -0.231138 0.813497 0.868345
0.938822 1.063337 -1.029673 0.387451 -0.502289 -0.648990 0.925349 0.970096 -0.179692 -0.449503 0.687280 -0.802254 0.618008 -0.345724 -0.102422 -0.713658 -0.001135 0.391755 -0.695438 -0.359055 0.375102 -0.243823 0.493474 -0.612966 -0.504486 0.821326 -0.539036 -0.624472 -0.408260 0.096822 0.189816 -0.038794 -0.337662 -0.156145 -0.719392 -0.227533 0.742387 -0.411123 -0.091057 -0.616100 0.065751 -0.326892 -0.030309 -0.396750 0.612558 -0.293050 -0.119906 0.995484 -0.028544 -0.113302
0.294406 0.559697 -0.097324 0.008513 0.401118 -0.146112 0.963489 0.969876 0.269675 -1.240259 0.217689 0.763206 0.643780 -0.766501 -0.583170 -0.777750 -0.103626 0.455233 0.802657 -0.521928 -0.822422 -0.549724 0.739444 -0.157954 -0.102467 0.570108 -0.330415 0.982117 -0.493312 -0.445806 -0.158111 0.254760 0.791442 -0.394977 0.911670 0.370988 0.805450 0.645439 -0.033441 0.058217 0.255689 -0.786608 0.550265 -0.440656 -0.708368 -0.827762 -0.493358 -0.740832 -0.891135 0.591051
0.156950 -0.231288 0.496465 -0.670320 -0.342306 -0.101882 0.878055 -0.408974 -0.664018 -0.432533 -0.085011 0.768394 -0.001490 0.756617 -0.327965 -0.737787 -0.003670 -0.254149 0.067236 -0.071455 -0.598812 0.114450 0.053738 -0.198647 -0.129122 0.018453 -0.627681 0.618436 0.866875 -0.514623 -0.197742 -0.437291 -0.867378 -0.746093 0.548916 -0.000823 -0.204760 0.559401 0.319044 -0.143420 0.537700 -0.706772 -0.789397 -0.469923 -0.258362 0.126468 -0.648255 0.241102 0.296907 0.018424
-0.301418 -0.928534 -0.014808 -0.574860 -1.018616 -0.223173 -0.163651 -0.355032 0.110774 0.289195 -0.083090 0.378193 0.075138 -0.500665 -0.226864 0.848752 0.472086 0.393068 -0.205452 -0.587330 0.754428 0.609019 -0.807672 -0.652910 0.367495 -0.875630 0.108107 -0.423363 -0.355452 0.316573 -0.203439 0.022863 -0.114022 0.022287 -0.869051 -0.711351 -0.947354 -0.190885 0.657779 -0.852891 -0.590158 0.397342 -0.344483 0.743423 0.205359 -0.484676 -0.037940 -0.249829 0.039500 0.821029
0.591937 0.410538 -0.664796 -0.161425 -0.790487 -0.061194 0.435618 -0.143365 0.764083 0.972145 0.884641 -0.560964 -0.315750 -0.944300 0.807410 -0.108783 -0.780115 0.426065 -0.100563 0.359867 0.691751 0.453859 0.048316 -0.620713 -0.800260 0.148975 -0.692666 0.387034 -0.920117 0.308217 0.617233 -0.924958 0.859400 0.487133 0.136763 0.181585 0.106544 0.397793 0.554621 -0.385728 0.375522 0.413303 0.691901 -0.365387 0.231867 0.608518 0.987056 0.738020 0.124920 -0.220052

Bias v0 (Oculta):
0.555322
-0.709573
0.382700
0.168545
-0.135799
-0.392708
-0.344728
0.362511
0.510900
-0.442815
-0.166784
0.424575
0.274880
-0.589991
0.008848
-0.667256
-0.256312
-0.800925
-0.841572
-0.892422
-0.315869
-0.776378
-0.421252
-0.638790
0.657998
-0.762892
1.039828
-0.520459
0.027769
-0.782323
0.694347
-0.943533
-0.331270
-0.435094
0.486079
-0.061168
-0.455064
0.291574
-0.172804
-0.048354
0.444485
0.332986
-0.927930
-0.651636
-0.872361
-1.008937
-0.341985
0.548971
0.275419
-0.807125

Pesos w (Oculta -> Saída):
-0.554208 0.371817
-2.337371 1.905934
-0.823675 0.155808
1.251545 -1.508271
1.081846 -0.764453
-0.677368 1.205007
0.232427 0.140681
-0.094145 0.490060
0.457362 0.187631
1.355867 -1.374873
-0.817242 0.714620
-1.892886 2.208907
0.739223 -0.007743
0.535656 -0.343308
-0.585604 0.229254
0.203341 -0.714935
1.359238 -1.625282
-1.077377 0.179050
1.430459 -1.511700
-0.573584 0.894879
-0.847333 0.516751
0.700744 -1.299305
1.585403 -1.071819
-0.047357 -0.193112
0.387731 -1.127570
1.030065 -0.535658
1.348663 -1.550223
-0.743117 0.371125
-1.082749 1.183871
1.550689 -1.053231
2.036008 -2.045942
-0.899739 1.074974
-0.457444 -0.392388
0.410642 -0.541056
-0.085838 -0.230675
0.830260 -0.565013
-1.293514 0.703373
0.123554 -0.609516
1.273444 -0.706914
-1.182359 1.197333
-0.200120 -0.709128
0.360980 0.059248
-1.356023 1.110750
1.325421 -1.474164
0.586875 -1.076384
-1.093264 1.738809
0.008965 -0.136919
1.001411 -1.338608
0.549571 -0.499984
-0.129524 0.880972

Bias w0 (Saída):
0.016118
0.925664
