Pesos v (Entrada -> Oculta):
0.132770 0.467124 0.015045 0.908936 0.512207 0.881407 -0.512766 -0.660663 -0.064884 -0.788566 0.563786 -0.986453 0.633604 0.360195 -0.488147 0.489253 0.210420 0.611911 -0.866320 -0.684749 0.426433 0.041660 0.315580 0.204617 0.400796 -0.721941 -0.496249 0.641844 -0.812157 -0.132970
0.930483 -0.031106 0.716483 0.428689 0.212502 -0.972405 0.028492 -0.691150 -0.361609 -0.855685 -0.784612 0.676092 0.669097 -0.595863 -0.685143 0.410643 -0.438015 -0.818159 -0.875995 0.869870 0.721694 -0.973763 0.386680 -0.519795 -0.684657 0.892619 0.298275 0.411192 0.814439 -0.778883
-0.249044 -0.820995 0.322704 0.023553 -0.514069 0.720134 -0.523240 -0.467258 -0.680662 0.760263 -0.063027 -0.165934 0.468684 0.732583 -0.034414 -0.532928 -0.706557 -0.895932 -0.429774 -0.294434 0.715086 0.770924 0.542280 -0.819409 -0.278983 0.566828 0.639165 0.272204 -0.736620 0.065285
-0.005072 -0.253457 -0.029030 0.659558 0.399406 0.349321 0.904292 -0.237920 0.190442 0.225975 -0.267277 0.656303 -0.229284 -0.894461 0.149054 0.298941 -0.453315 0.172505 -0.572271 0.192839 -0.763996 -0.776451 -0.509715 0.277698 -0.629858 0.918731 -0.189230 0.192612 -0.468494 0.041928
0.172419 0.655016 0.268798 0.655899 -0.057723 0.449094 -0.834434 -0.704724 0.908640 0.619681 0.988016 0.857998 0.176611 -0.580560 0.772201 -0.267624 0.334740 -0.223777 -0.187970 -0.881339 0.828924 0.680841 0.734611 -0.081236 -0.210436 0.493274 0.625007 -0.055692 -0.421190 -0.279855
-0.579670 -0.442476 0.949890 0.372130 -0.712124 0.255882 -0.728109 -0.589707 -0.899481 -0.578759 0.419954 0.236912 -0.956453 -0.798643 0.363018 -0.739583 0.546267 -0.579152 -0.952177 -0.484669 0.762427 0.655983 0.846092 0.948575 -0.968131 0.291469 0.898575 0.455149 0.085983 0.577628
0.421500 -0.832544 0.491594 -0.977589 -0.350102 -0.589545 -0.159388 0.159675 0.650494 0.489008 0.352498 -0.373623 -0.237192 0.424165 0.132587 -0.040577 -0.350145 0.486068 -0.151167 0.070119 -0.645831 0.764485 0.222879 -0.961014 0.531355 -0.874669 -0.460854 -0.060050 -0.585621 -0.520890
-0.529030 0.499731 0.489225 -0.671815 -0.475183 -0.374698 -0.254146 0.143770 0.924175 -0.348101 0.550706 0.606979 0.173215 0.327382 0.841078 0.181966 0.849999 0.796962 0.021469 -0.339391 -0.388530 -0.413214 0.027459 -0.322155 -0.360772 0.972465 0.327541 0.314303 0.063883 -0.662285
-0.798879 -0.318833 0.208275 -0.426940 -0.030923 -0.431911 -0.504192 -0.468158 0.845168 -0.464126 0.568069 -0.064684 0.446065 -0.304976 -0.644454 -0.241885 0.955146 0.493342 -0.774732 0.603164 0.249011 0.266575 0.496339 0.657395 -0.673290 -0.914126 -0.329991 -0.359845 0.448314 0.304478
0.621940 -0.793766 0.851780 0.795369 0.341165 -0.444335 0.676550 0.849775 -0.573818 0.577806 0.375077 0.212432 -0.020293 0.157305 -0.072117 0.315411 0.961420 -0.102111 -0.648060 0.559359 0.226153 -0.978226 0.716476 0.787828 0.855914 -0.601662 -0.532207 -0.921465 -0.802981 -0.683454
-0.598408 0.494511 -0.835163 0.883056 -0.506371 0.979482 -0.851953 -0.737011 0.733986 -0.036481 0.382207 -0.699082 0.813110 -0.202178 -0.587824 -0.137056 -0.581116 0.195008 0.073849 0.739251 -0.891946 0.286105 -0.865644 -0.802366 0.443293 -0.030675 0.943246 -0.289679 -0.924620 -0.977818
-0.274165 -0.105387 -0.858975 -0.501310 -0.569017 -0.030182 0.894194 0.153345 -0.810586 0.767358 0.294724 0.847713 0.114469 0.199030 -0.670839 0.131296 -0.288860 0.269096 0.974569 0.863306 -0.890852 0.625477 0.835082 -0.210968 0.796518 -0.512238 0.432371 -0.023659 -0.383307 0.958210
-0.028906 0.271479 -0.823516 -0.675620 -0.609932 0.478422 0.487763 -0.671536 -0.999404 -0.859423 -0.687315 0.801258 -0.604031 -0.569519 0.511403 -0.123390 0.921792 0.424078 0.082160 -0.752117 -0.170481 -0.778364 0.451160 -0.913293 0.726198 -0.943621 -0.348969 -0.561852 0.978459 -0.320276
0.733290 0.645635 -0.607162 0.570289 0.219244 -0.512625 -0.481990 0.474338 0.993893 -0.262727 0.042027 0.993220 0.515626 0.901713 -0.732767 0.384257 0.203132 -0.696747 -0.405750 -0.551854 -0.442518 0.391863 0.543772 0.300156 0.383941 0.064298 -0.492432 -0.630215 0.063356 0.034203
0.693076 0.694887 0.247313 0.549076 0.027485 0.336529 -0.469533 0.507499 -0.656620 -0.500724 -0.645742 0.113147 0.565054 -0.517099 -0.200409 -0.752006 0.173372 -0.900700 0.015720 0.844429 0.350219 -0.061713 0.248327 0.179563 0.227594 0.189822 0.741986 0.415724 0.645895 -0.952267
0.202678 0.954991 -0.521563 0.739628 0.688345 -0.038373 -0.501677 0.349460 -0.966217 -0.060994 0.844635 -0.135269 0.890139 -0.949004 0.233802 -0.707748 -0.766497 -0.498315 -0.166603 -0.065996 0.670861 -0.187927 0.910027 -0.936958 0.989763 0.701569 -0.477642 0.765787 0.808638 0.492913
0.483041 -0.516235 -0.862481 0.777434 -0.193569 0.209635 0.489030 0.580952 -0.217512 -0.943560 0.283763 -0.153282 -0.880321 -0.902254 0.043293 -0.074733 -0.616327 -0.101390 -0.307746 -0.554209 -0.208041 0.211554 -0.780167 -0.939064 -0.738461 -0.590043 0.739391 -0.247617 0.330693 -0.691282
0.655535 0.238477 0.943990 -0.615835 0.539525 -0.197279 -0.853203 -0.295505 0.684135 -0.050995 0.572026 -0.003229 -0.748282 0.025427 0.031731 0.470560 -0.535468 -0.848168 0.107544 0.602315 0.720179 -0.492551 -0.585386 0.887127 0.854959 0.668312 0.413042 -0.807295 -0.490180 -0.860148
0.305027 0.072979 0.176247 -0.857727 -0.800712 -0.986631 0.496947 -0.860733 0.611202 0.523560 0.401404 0.609819 -0.082024 -0.562522 0.628251 -0.357607 -0.343123 -0.259050 -0.857612 0.705216 -0.792263 -0.087722 0.898822 -0.989913 -0.199283 -0.596189 -0.166362 0.812375 -0.221785 -0.411553
-0.221859 -0.309645 0.387976 -0.600994 -0.613656 0.283615 -0.366217 0.071276 -0.529251 0.993575 -0.360196 0.754897 -0.206407 0.790840 -0.448680 -0.240260 0.854251 0.324358 0.994484 0.780097 -0.034769 0.682950 0.698198 0.568752 -0.132022 0.355830 0.597871 -0.554228 -0.197337 0.228854
0.256522 0.761499 -0.330934 -0.542532 0.250018 0.332144 -0.252910 0.746940 -0.861284 -0.879566 0.378249 -0.227793 0.044833 -0.459269 -0.936950 0.171291 -0.495689 0.772330 -0.517973 0.721926 -0.235950 0.346776 0.380027 0.593564 0.127838 0.908238 0.472965 0.232925 -0.487281 -0.123274
0.826556 -0.386952 0.417245 0.797811 -0.492409 -0.393002 -0.117593 -0.635686 0.304274 -0.891129 0.050853 -0.592635 -0.057411 -0.670405 0.888759 -0.836387 -0.647724 -0.276090 -0.226777 0.066675 0.379189 -0.846394 0.387253 0.176505 0.033397 0.943153 0.918424 0.575141 -0.653385 -0.331730
0.249804 -0.731524 -0.611024 0.687748 -0.195182 -0.995781 -0.301667 0.226676 -0.829272 -0.743589 -0.800769 0.553408 -0.289333 0.115836 0.895198 0.816864 0.693243 0.775966 -0.844823 -0.248228 0.434054 0.690796 0.162324 0.613814 -0.771751 -0.277365 0.553003 -0.223143 0.244510 -0.314182
-0.737993 0.019859 0.609524 -0.020614 0.960751 0.970453 0.894776 -0.283685 0.847655 -0.111112 -0.897521 -0.307911 -0.620542 0.186144 0.604871 0.696052 0.223486 -0.644005 0.795772 0.863634 -0.193476 0.237940 -0.902499 0.252630 -0.934594 0.703600 0.495501 0.930913 0.067373 0.084286
0.141783 -0.220575 0.867064 0.192756 -0.205770 0.546696 0.733798 0.342266 -0.654291 -0.891548 0.260183 0.513695 -0.086218 0.610818 -0.447843 0.372203 -0.968247 -0.465931 -0.573169 -0.024100 0.545209 -0.566146 0.812075 -0.105252 0.129776 -0.197826 -0.806896 0.931323 -0.481595 0.852851
0.890514 0.256533 0.650665 -0.609861 -0.724014 -0.141570 -0.312851 0.072091 -0.638605 -0.625450 -0.650090 0.714660 -0.509918 0.638879 0.276194 0.644991 -0.103740 0.492593 -0.533771 0.133966 -0.969418 0.825485 -0.575534 -0.388562 -0.632688 -0.276008 -0.101820 0.687741 -0.686576 0.844798
-0.397795 0.259223 -0.611978 -0.702801 -0.677875 0.548515 0.798707 -0.091112 0.291982 0.315164 0.524044 0.430260 -0.636403 0.739345 0.774391 -0.577868 -0.406911 -0.449239 -0.595821 -0.803563 -0.235166 0.797776 -0.321053 0.688012 0.671381 -0.898912 -0.544829 0.776833 -0.987537 -0.943148
0.147053 0.941643 0.681984 -0.975599 -0.573719 0.427094 0.124669 0.368229 -0.898038 0.616746 0.645587 -0.277234 -0.868217 -0.172357 -0.458721 0.781182 0.029970 0.102949 0.030165 -0.828772 -0.852460 0.145198 -0.067123 0.410458 -0.715116 0.959219 0.173162 -0.514815 -0.047516 0.303668
0.490443 -0.493444 0.990853 0.003923 0.500828 -0.729342 -0.010032 -0.717234 -0.624283 -0.413758 0.721681 0.075428 -0.935984 -0.857566 -0.125171 -0.992779 0.018296 -0.785874 0.588016 -0.573697 -0.546921 -0.897190 0.282094 -0.335146 -0.817746 -0.612611 -0.159762 -0.782063 -0.658567 -0.775448
0.357158 0.684085 -0.064921 -0.055847 -0.515111 -0.541479 0.302619 -0.568611 -0.010265 -0.237209 -0.139994 -0.000465 0.550787 0.810671 0.330527 -0.074265 -0.553785 0.212280 -0.571585 -0.949215 0.788842 0.688499 0.651109 0.242200 -0.590923 -0.540324 0.480464 0.140641 0.353709 0.765854
-0.283103 -0.184975 -0.449378 -0.698427 -0.567555 -0.056745 0.390306 0.797552 -0.388726 -0.277945 -0.126816 0.347793 -0.333738 0.392914 0.363342 0.613656 0.086089 0.337116 -0.578304 0.259905 0.529570 0.936893 -0.294456 -0.524364 0.902871 -0.178097 -0.371166 -0.101584 -0.409024 -0.938848
0.116836 -0.254727 -0.384745 -0.419463 0.842074 0.533660 0.395876 0.454714 0.716193 -0.664854 -0.997213 0.316967 0.014341 -0.052627 -0.374176 0.539331 -0.573659 -0.371462 -0.577468 -0.320724 0.762284 -0.203831 -0.050314 -0.237666 -0.346228 -0.701564 0.910427 -0.770230 -0.172721 0.643886
0.306266 -0.331583 -0.308813 -0.242034 -0.110237 0.721517 -0.629479 -0.721995 -0.877117 0.919506 -0.986711 -0.317063 -0.171660 -0.037416 0.259320 0.532586 0.638710 0.951700 -0.374847 0.839341 -0.772837 0.942630 0.617725 0.880936 -0.391357 -0.881768 -0.698398 -0.490723 0.793796 -0.747266
-0.854938 -0.809224 0.167248 0.987239 -0.080731 0.549034 0.951356 0.273800 0.888825 0.326814 0.855979 -0.523276 -0.590859 0.160439 0.628785 0.967945 0.573457 -0.275570 -0.172347 -0.129371 -0.437743 0.200586 0.575333 0.588169 -0.910022 0.003282 -0.503167 -0.030880 0.930154 -0.216804
0.207696 -0.006051 0.624876 -0.291867 -0.276659 0.253853 -0.986029 0.198541 -0.432964 -0.160335 0.121447 -0.751116 0.179304 -0.165612 -0.865445 -0.732889 -0.486762 0.342502 0.538640 0.253924 0.159193 -0.904077 -0.213760 0.990763 -0.972965 0.846788 0.022912 -0.122639 -0.580953 -0.146994
-0.534222 -0.544592 -0.615762 0.374834 0.652233 0.173510 -0.287966 -0.470808 0.211069 -0.944892 -0.347614 0.220776 0.580685 -0.116312 0.195466 -0.327262 -0.258664 0.488446 0.919552 -0.961429 -0.803224 0.627796 -0.792140 0.814253 -0.629093 0.621057 0.714036 -0.406845 0.332730 -0.155854
0.862967 -0.373790 0.980501 -0.854244 -0.983392 0.048120 -0.490643 -0.955741 0.593449 0.627567 0.667718 0.495785 0.319841 -0.534155 -0.175888 0.049692 0.464827 0.708434 0.022090 -0.971943 0.022371 -0.386687 0.463954 0.068128 0.630202 -0.498406 0.514256 -0.169909 -0.635031 0.175440
-0.782285 -0.494851 -0.267161 -0.789879 0.500294 -0.156078 0.509966 -0.644482 0.106956 0.869838 0.589753 0.804633 -0.176625 0.284084 -0.418000 0.396075 0.496812 0.633252 -0.389575 -0.487478 -0.000118 0.096218 0.628814 -0.971127 -0.009756 0.812094 -0.413129 0.329374 0.791241 -0.560050
0.094546 -0.346750 -0.290422 0.884482 -0.786564 0.471551 -0.440263 0.688373 -0.425652 -0.783341 -0.515613 -0.595944 0.884868 0.644073 0.555182 0.371834 0.593359 -0.398314 0.865714 -0.196987 0.177499 -0.195662 -0.047023 0.864740 -0.303920 -0.220884 -0.613336 -0.475066 -0.303212 -0.124734
-0.035110 -0.601022 0.211513 -0.499991 -0.526013 0.598600 -0.906500 -0.640165 -0.543978 -0.892510 0.326410 -0.677895 -0.502667 0.566146 -0.956002 0.353436 0.073942 0.905391 -0.147288 0.528956 0.291827 -0.292800 0.227254 0.704858 0.268447 0.189763 0.215389 0.043309 -0.450212 -0.988422
0.755117 0.508869 0.685495 -0.508299 -0.933208 -0.278998 -0.893717 0.307081 -0.992958 0.827395 0.062085 -0.632324 -0.247576 0.838721 0.557021 0.517400 -0.884502 -0.774520 0.742175 -0.676150 -0.757440 -0.483646 -0.957810 -0.705055 -0.455368 0.696234 0.930255 -0.722697 0.596589 -0.494590
0.029539 0.301562 -0.938760 0.520792 0.189485 -0.957930 -0.969636 -0.251700 -0.610814 0.728891 -0.580009 0.864152 -0.522805 0.695344 0.074857 -0.428449 0.561320 -0.466727 -0.997538 -0.588042 0.725036 0.762930 -0.434004 -0.361405 0.884494 0.379734 -0.787963 0.970211 -0.631305 0.514772
0.476486 -0.777740 0.943596 0.154037 0.878776 -0.625361 -0.968851 -0.134303 -0.834032 -0.038826 -0.557659 -0.382175 0.781882 -0.572708 0.358062 0.651340 -0.274126 0.866002 -0.497070 -0.467794 0.035318 -0.978475 -0.545559 -0.546444 0.719595 0.737279 -0.253041 0.054477 0.496107 -0.867723
0.638662 0.829186 -0.869933 0.453237 -0.298773 -0.652135 0.012700 0.347433 0.788088 -0.513973 0.003810 -0.343511 -0.307368 0.267762 0.890186 -0.357259 -0.653832 -0.514991 -0.857929 -0.474706 -0.959110 -0.262116 0.931067 0.348281 0.921352 0.776728 -0.066044 -0.457030 -0.811253 -0.244623
0.261236 0.502681 0.104340 0.249756 -0.647000 -0.553912 0.521304 0.478960 -0.184271 -0.585987 0.631483 0.164592 -0.620033 -0.924819 -0.708104 -0.069149 -0.022882 0.981093 -0.861158 0.072003 0.754393 0.052064 -0.687499 -0.295973 0.685552 0.687037 -0.700855 0.557389 -0.071562 -0.589095
0.627035 0.534939 -0.793784 0.287978 0.745751 -0.096473 0.881362 0.218700 -0.440718 -0.462210 0.906013 0.928115 -0.733314 0.892935 0.747873 -0.082118 0.651114 0.889872 -0.957710 -0.701827 -0.601185 0.470533 -0.622446 -0.300575 0.303469 0.979588 0.897120 -0.094558 0.961890 0.780425
0.461140 0.931652 0.998395 -0.875888 -0.904291 0.676192 -0.377039 0.231951 0.230826 -0.917882 0.051937 0.518077 0.576433 -0.786884 -0.035538 -0.159936 0.401685 0.012893 0.546765 0.431320 0.427934 0.957928 -0.465186 0.684082 -0.501463 -0.444409 0.986098 -0.376374 -0.494963 0.780699
0.112585 -0.180564 -0.390352 -0.979282 0.711308 -0.003274 -0.490363 -0.392032 -0.969604 0.082564 -0.300174 0.042349 0.910012 0.161119 0.045657 0.489501 -0.849065 0.291184 -0.962604 -0.354408 0.989479 -0.633516 0.563928 -0.652509 -0.925602 0.762111 0.924368 0.472211 -0.898298 -0.037148
-0.885723 0.144925 0.271302 -0.596799 0.202736 -0.946040 -0.713014 0.030064 0.744635 0.535235 -0.929693 0.875559 -0.843637 0.382414 0.941777 -0.727658 0.824093 0.459142 0.548223 0.081407 -0.177396 -0.100573 -0.868363 -0.074582 -0.702592 0.488890 0.867538 -0.662300 0.160841 -0.247089
0.388082 0.753689 0.337909 0.998500 0.987870 -0.908727 0.137541 -0.484000 0.970627 -0.638935 0.709209 -0.409671 -0.888788 0.794109 0.680453 -0.086402 0.563469 0.589744 -0.125832 0.395010 0.396315 0.268943 0.694269 -0.318352 -0.168697 0.702847 0.729112 -0.365576 0.345135 0.023671
0.994931 0.905819 -0.693216 -0.999547 -0.395435 0.273841 -0.444876 0.658980 0.700490 -0.740954 -0.954430 -0.464980 -0.808669 -0.183489 0.122199 -0.318406 -0.919320 -0.547313 0.444173 0.306549 0.066804 -0.788276 -0.959722 -0.084584 0.608577 0.679152 0.802338 0.486324 0.538576 0.432869
-0.689845 -0.592793 0.886740 -0.185772 0.109845 -0.504969 0.767671 -0.175007 0.363017 0.765902 0.742448 0.664979 0.375747 -0.233243 -0.498488 -0.495329 0.707860 -0.029607 -0.690020 0.581978 -0.881444 0.078488 0.401738 -0.769349 -0.127483 0.314919 0.380838 -0.825110 -0.665952 -0.751477
0.881451 0.361738 0.278217 0.763712 -0.276334 0.211625 -0.155992 -0.837661 -0.367118 0.966680 -0.197084 0.730729 0.465878 0.628721 0.273709 0.319944 0.298072 -0.814372 -0.389879 -0.777383 -0.921875 0.262256 -0.363063 0.902750 0.878025 0.933299 0.037315 0.256235 0.438975 0.478842
0.457337 0.582967 -0.174012 -0.596801 0.916101 -0.649353 0.782099 0.206378 -0.791079 0.861781 -0.252412 0.048363 -0.714511 -0.968076 -0.612507 0.335453 -0.247181 -0.171849 0.401403 0.934908 -0.496472 0.661339 0.601967 0.216753 -0.285266 0.757719 0.424164 0.156247 0.933178 -0.816255
0.558852 0.044507 -0.359070 -0.687875 0.099911 0.404512 -0.134566 0.083857 0.075434 0.687565 0.504340 0.378818 0.791360 0.791028 0.905670 -0.181759 -0.917197 0.943685 -0.511704 -0.234277 -0.119202 0.340698 -0.219833 -0.835216 0.955556 0.125229 0.459915 0.574795 0.154997 0.442548
0.717190 0.411803 -0.390777 -0.805202 0.298289 -0.450914 -0.688510 -0.840230 0.597652 0.677657 0.782858 -0.372353 0.644407 -0.156875 0.749006 -0.521549 0.903133 0.773349 -0.992242 -0.996458 0.716474 0.277201 0.184353 0.114257 -0.022493 0.531856 -0.599950 -0.220571 -0.392239 -0.404700
0.661876 -0.720770 -0.197749 -0.302896 -0.520439 0.554972 0.204818 0.525214 -0.935573 -0.084003 -0.994916 -0.669355 -0.276482 -0.284927 -0.921381 -0.142552 -0.369098 0.478571 0.859712 -0.306213 0.859777 0.883536 -0.506212 0.403597 -0.015954 0.047762 0.572109 -0.324420 0.636320 -0.626142
0.699754 0.567452 -0.654112 0.819225 -0.175438 -0.448059 -0.711345 0.285351 -0.256232 -0.796650 0.465519 -0.584181 -0.351361 0.358013 -0.262449 0.960703 0.651684 -0.492881 0.999184 0.693353 -0.631363 -0.067362 -0.122864 0.475583 -0.700662 0.802407 -0.046076 -0.692603 0.148843 -0.923273
-0.673857 0.661660 -0.553220 0.546008 0.435122 0.316755 -0.376334 -0.610419 -0.861643 0.826526 -0.527679 -0.558535 -0.084676 0.103058 0.938269 0.370215 0.791227 0.580850 0.205064 0.074832 0.975724 -0.494900 0.496143 -0.973163 -0.777352 0.973429 -0.564483 0.714200 -0.328075 0.203228
0.730012 -0.905827 0.134426 -0.948438 -0.147140 -0.500575 0.180910 -0.937466 -0.986166 -0.070068 -0.497554 0.680669 -0.070931 -0.811197 -0.749439 0.660521 -0.856197 -0.988713 -0.192136 -0.510102 -0.794039 0.186515 -0.286132 -0.092407 -0.284790 0.728359 -0.120855 -0.206357 -0.590933 0.344111
0.727325 -0.920632 -0.416112 0.434305 -0.563771 0.178373 -0.357235 -0.334436 -0.704689 -0.619642 -0.787855 -0.671810 -0.772329 -0.102870 -0.368850 -0.305685 -0.803399 -0.931840 0.255117 0.083555 -0.823492 0.295999 -0.401105 -0.389890 -0.841818 0.500164 0.262079 -0.831549 -0.941787 0.326988
0.461433 0.144229 0.869325 -0.279292 0.642606 -0.888478 0.367639 -0.523047 -0.401819 0.089324 0.682960 0.461639 -0.440972 0.146921 0.142358 0.407005 0.844991 0.195975 -0.878897 0.543592 0.325978 0.081153 -0.413568 0.029163 0.692557 -0.157788 0.872154 -0.690208 0.159087 0.197813
-0.664374 -0.264490 0.373636 0.914595 0.371697 0.104461 -0.157296 0.894180 -0.753307 -0.953144 -0.506433 -0.523127 0.143260 0.049005 0.248508 -0.502804 -0.271031 0.716713 -0.654348 0.783309 -0.310035 0.941812 -0.518869 -0.257943 -0.970198 -0.336358 -0.222723 0.645005 -0.282418 -0.972072
0.895774 -0.512906 -0.680439 0.376982 0.251861 -0.258137 0.281592 -0.937739 -0.879570 -0.551386 0.566837 -0.468608 0.175417 -0.273994 0.732154 0.152547 -0.632552 0.957115 0.721707 0.878741 -0.010073 -0.077779 -0.231080 -0.451983 -0.774666 -0.499628 0.220541 -0.846278 -0.805552 0.725170
-0.313244 0.933518 0.474530 -0.265996 -0.881629 0.400101 0.025724 -0.553195 0.187803 0.882472 -0.170827 0.401688 -0.121243 -0.186986 0.516417 -0.822188 0.605650 -0.121290 -0.248854 -0.602375 0.411143 -0.649099 -0.399328 0.386225 -0.620711 -0.069976 0.380658 0.891209 -0.474182 -0.035283
-0.145201 -0.248636 0.867351 0.043449 0.729284 0.853439 -0.330901 -0.150620 0.598636 0.554430 -0.513351 0.977582 -0.400309 -0.254774 -0.016416 0.863724 -0.931716 -0.320271 0.825635 0.032912 -0.672103 0.759934 -0.303875 0.997919 -0.958209 0.065852 -0.030488 0.538387 -0.392761 0.344196
0.610043 -0.564227 -0.607818 0.766478 0.056596 0.830116 0.808575 0.079530 0.970159 -0.580106 0.365678 -0.934713 0.669563 0.566398 0.608252 -0.397371 0.023331 -0.986445 0.360183 -0.874529 -0.992852 -0.047063 -0.968297 -0.544692 0.555953 0.880422 0.554912 0.566621 -0.443006 -0.863872
-0.635632 0.944389 0.313395 -0.434952 0.515172 -0.657708 -0.999658 -0.179501 0.911307 -0.301849 -0.844673 0.503657 0.598679 -0.249451 -0.548109 0.008453 0.136505 0.096731 0.485648 -0.758717 -0.096074 -0.415944 0.814372 -0.363826 0.183092 -0.655501 0.777384 0.186408 -0.046310 0.544497
0.976826 0.774663 0.610296 0.051734 -0.993039 -0.121564 -0.093417 0.011253 0.595969 0.631562 -0.817743 -0.281186 0.946201 -0.665675 -0.356888 0.305473 0.600884 -0.256860 0.316138 -0.932020 0.997814 -0.324955 -0.680803 -0.544715 -0.596147 0.381419 0.891921 0.910550 -0.756848 -0.867527
0.375308 0.087068 -0.933170 0.698525 -0.791915 0.667827 -0.041246 0.662831 -0.054001 -0.867194 0.995805 0.858497 -0.251551 0.707633 0.287688 -0.032110 -0.566573 0.598677 0.686909 0.202532 -0.739091 0.970482 -0.872487 -0.775062 0.482911 -0.855651 0.778476 -0.201124 0.403195 0.813794
-0.613221 0.930743 0.775782 -0.082364 -0.930009 0.893905 0.181418 0.218396 0.885931 -0.960914 0.580908 0.118876 -0.662190 0.608969 -0.313504 0.665464 0.426560 0.793485 0.731197 -0.006686 -0.457979 -0.485967 0.240954 -0.232895 0.807869 0.134032 -0.365371 0.850003 0.101594 0.055278
0.890356 0.842622 -0.916799 0.857542 0.426678 -0.127603 -0.189181 0.917436 0.840406 -0.428908 0.575445 -0.934547 0.047472 0.742788 -0.421971 0.614507 -0.947329 -0.240885 -0.774407 -0.722842 -0.115589 0.267226 0.287172 -0.375646 0.541858 -0.953744 -0.572019 0.165847 -0.235667 0.846511
-0.481619 0.182691 0.659772 -0.690914 -0.652039 0.495154 0.314683 0.928028 0.797722 -0.385655 -0.220146 0.250891 -0.319153 -0.255389 0.716173 0.376494 0.807910 -0.518838 0.192783 -0.696061 -0.912288 0.791563 0.622638 -0.790807 0.977715 -0.615806 -0.539384 0.771423 -0.943445 0.016788
-0.102852 0.040021 -0.821999 0.874225 0.847210 0.426844 -0.558411 -0.002651 0.734792 0.812577 -0.853375 -0.805315 -0.277929 -0.228511 0.807255 -0.300124 -0.236182 0.737309 -0.905779 0.881786 -0.791478 0.999636 0.413317 0.451851 -0.363608 0.105226 -0.651548 0.448048 0.352545 0.003390
-0.721574 -0.465654 -0.471663 0.843825 0.758443 -0.315759 -0.080699 -0.810082 0.396986 -0.451643 0.861942 0.054542 0.581733 0.119758 0.341810 -0.797996 -0.799085 0.365498 0.947887 0.585145 -0.205927 0.869024 -0.194854 -0.986069 -0.875945 -0.289430 -0.938823 -0.124872 0.708811 -0.323125
0.648251 0.080750 0.771251 0.168594 -0.783660 -0.347350 0.058783 0.513178 0.591330 -0.100413 -0.602806 0.685114 0.284675 0.040564 0.455643 0.764186 0.202269 -0.643700 -0.542972 -0.981549 0.626688 0.840587 0.671096 -0.688239 -0.305681 -0.736333 0.565478 -0.945131 -0.244558 -0.299462
-0.418826 -0.909794 0.299343 -0.974349 -0.194218 0.614215 0.873224 0.513872 0.091025 -0.925634 0.781500 -0.519221 -0.339845 0.207015 0.220931 0.656526 0.634463 -0.224880 0.715971 -0.624944 0.700046 0.975889 -0.923482 0.050953 0.140771 0.379652 -0.460000 0.068665 -0.713003 -0.080461
0.691398 -0.324392 0.156454 0.886239 -0.995685 -0.446813 -0.688862 0.483956 -0.061131 -0.208122 0.629334 0.180565 0.428433 -0.432458 -0.016260 -0.794386 0.638716 -0.216195 0.633013 0.158497 0.857572 -0.599562 -0.424783 -0.287028 -0.524532 0.320662 0.313712 -0.804463 -0.893047 0.040711
-0.161672 -0.087358 -0.674003 0.217737 0.947758 0.540291 0.390756 -0.754306 0.556272 0.900796 0.817498 0.742550 -0.902675 -0.708856 0.200953 -0.484227 -0.803784 0.619691 0.942775 -0.098587 -0.991145 -0.198404 -0.938730 -0.147965 0.356401 -0.108717 -0.087740 -0.047032 0.596349 0.889169
-0.879748 0.161135 0.732133 -0.031572 0.412085 -0.876056 0.482664 0.076058 0.983952 0.829253 0.228866 0.509717 -0.213657 -0.084360 -0.506574 -0.296156 0.814031 -0.363383 0.082366 0.898725 -0.760305 0.241458 -0.765495 -0.473948 0.223604 0.973123 0.024051 0.210604 0.183982 -0.123778
0.036913 0.881503 -0.625019 0.189301 -0.881076 0.490851 0.233372 0.501566 -0.758662 -0.147876 -0.567577 -0.615174 -0.381716 -0.876999 0.670863 0.206447 0.257721 0.080466 -0.675294 0.036099 0.182909 0.959146 -0.451500 -0.953414 -0.852567 0.428444 0.701944 -0.952237 -0.567403 0.114379
-0.539483 -0.977517 0.664910 0.200939 0.853294 0.821718 -0.653513 0.344697 -0.488831 0.018595 0.237935 -0.788569 0.680946 -0.017739 -0.187209 -0.262430 0.007172 0.696934 0.947854 -0.471789 -0.477665 -0.891230 -0.105109 -0.406092 -0.215160 0.792173 0.718861 -0.426978 -0.620468 -0.276172
-0.795594 0.129410 0.050225 -0.828687 -0.094475 0.337481 -0.180185 0.291059 -0.420816 -0.222985 -0.559858 -0.613379 0.528779 -0.510877 0.966716 0.435054 -0.315125 0.275911 0.685116 -0.733998 0.973631 0.803963 0.302240 0.517313 0.630342 -0.635527 -0.614351 -0.265703 -0.597663 -0.127420
-0.564306 -0.730451 0.378465 0.200811 0.969911 0.902461 -0.480907 0.928226 -0.405923 -0.532626 -0.745901 0.333414 -0.677833 -0.395362 -0.922448 -0.344425 -0.400069 0.916908 -0.534757 0.887875 -0.314341 0.983346 0.992998 0.061727 -0.951387 -0.913504 0.988062 -0.575632 -0.056590 -0.499927
0.616957 0.245228 -0.922646 0.964908 0.915787 0.804595 -0.370745 0.154412 0.352593 -0.169129 0.021253 -0.843296 -0.516985 0.559972 -0.500375 0.852428 0.541612 0.746911 -0.604622 0.584589 -0.195430 0.170143 0.473266 0.926337 0.513481 0.945167 0.851061 -0.696035 -0.620663 -0.071587
0.602163 -0.389448 -0.170723 0.425361 -0.938392 0.923722 -0.293657 0.825373 -0.136162 0.948614 -0.141677 -0.408091 0.786484 -0.975463 -0.115224 -0.130033 0.627020 0.925081 0.089814 -0.324469 0.376498 -0.054012 -0.574524 0.393145 -0.843878 0.805846 -0.063397 -0.475838 -0.877410 -0.293292
-0.403245 0.591722 0.064073 0.816720 -0.515359 0.963055 -0.459605 0.838930 -0.780743 -0.520498 -0.027200 0.720179 0.293630 0.588308 -0.092965 -0.942043 0.352062 -0.534884 -0.464490 -0.720998 -0.790464 -0.193419 -0.512676 -0.217157 0.181407 0.797417 0.966713 -0.168741 0.068914 -0.207383
-0.718836 -0.903411 -0.718891 0.855760 -0.257447 -0.353020 0.218402 0.848830 -0.857558 -0.513360 -0.072747 0.715142 -0.444795 -0.126689 0.386542 0.405465 0.668505 0.881668 0.777458 0.064198 0.784241 0.740126 0.344324 -0.716004 0.780487 -0.310686 0.990225 0.209160 0.599644 0.892206
-0.351765 -0.621083 0.895038 0.875775 -0.508417 -0.299765 -0.679095 0.163990 -0.139345 -0.687113 0.033885 0.086458 -0.020310 0.195553 -0.894224 0.463598 0.639411 -0.460524 0.875854 0.710641 0.588571 0.217891 -0.984843 0.096091 -0.650376 0.075938 -0.539103 -0.902769 -0.960043 -0.032168
-0.064343 0.319536 0.623140 -0.177181 -0.319263 -0.641580 -0.069122 -0.467220 -0.260250 0.476106 0.386638 0.470614 0.165445 0.626114 0.033588 0.498022 -0.856266 0.601519 0.179138 -0.814560 0.979702 -0.908528 -0.673187 0.005165 0.341648 0.655914 -0.972948 0.162211 -0.019407 -0.849068
0.491135 0.209143 0.764805 -0.049696 0.864222 0.260733 -0.852366 0.275134 -0.079268 -0.535759 0.755747 0.682037 0.735445 0.629205 0.128883 -0.322700 0.029692 0.624127 -0.447089 0.423075 -0.202434 -0.837774 0.774117 0.689244 -0.202780 0.033378 -0.025041 0.397751 -0.491090 0.747745
0.301650 -0.116907 -0.158277 -0.959221 -0.765509 -0.248718 0.424256 -0.885058 -0.588623 -0.114560 -0.536927 0.391250 -0.790836 0.887059 0.755600 -0.895246 -0.101847 0.522452 0.526283 -0.835226 -0.603199 0.635469 -0.943503 0.583360 -0.752718 -0.009448 -0.918835 0.559836 0.352771 0.747093
0.513314 -0.462008 -0.806091 0.100764 0.292029 -0.083115 0.797078 -0.389485 0.660163 0.622707 -0.285357 0.629767 -0.143227 0.915475 -0.711273 0.283187 0.789900 -0.524805 0.657062 -0.932916 0.429509 -0.960962 -0.705057 -0.554382 -0.764407 0.431147 -0.586811 -0.548514 0.668329 0.800525
-0.723666 -0.347916 -0.878046 0.562956 -0.228626 -0.125408 -0.903103 0.579465 -0.088231 0.409542 0.827964 0.402168 0.309165 0.898710 0.717687 -0.097330 -0.684774 -0.223424 -0.244571 -0.264338 -0.379103 -0.927522 0.338017 0.012466 -0.112659 0.887987 -0.678019 -0.672901 -0.243863 -0.491051
0.824857 0.385459 0.607495 0.387760 0.540790 0.099282 -0.491162 0.797391 -0.423647 0.406589 -0.572742 0.182404 0.657431 -0.666076 0.305895 -0.573479 0.813081 -0.441454 -0.999877 0.175994 -0.430893 -0.603480 0.869549 0.749336 -0.718253 -0.142380 0.630921 -0.441970 -0.189638 -0.775670
-0.856530 -0.381026 -0.849409 -0.782288 0.911828 -0.882214 -0.215557 -0.434404 0.153776 0.879218 -0.342603 -0.395306 0.120813 -0.836423 -0.528481 -0.055674 0.586315 -0.926680 -0.740778 0.493642 -0.720639 0.726879 0.890307 -0.204062 -0.275276 0.353356 -0.828454 0.785716 -0.164270 0.465867
0.781169 -0.026125 -0.590898 0.624801 -0.694262 -0.959922 -0.621593 -0.921729 0.541145 -0.462376 -0.640897 0.292311 0.369872 -0.676119 -0.582069 0.812163 -0.621963 0.563049 0.834845 -0.402107 0.698026 0.948289 -0.362322 -0.657669 0.451222 -0.522152 -0.298850 0.684804 -0.099537 -0.544646
0.025598 -0.904539 -0.065296 -0.610409 -0.954407 0.535379 -0.489375 -0.114337 -0.788350 0.643827 0.720721 0.959680 -0.639947 -0.870333 0.234435 0.218999 -0.246452 0.254363 -0.556768 0.832017 0.655072 0.170594 -0.210721 0.230048 -0.182497 0.809464 -0.136028 0.324253 0.575130 -0.557954
0.491398 -0.620996 -0.897763 -0.970405 -0.381572 0.049532 -0.107418 -0.949135 -0.677074 0.476939 0.643120 -0.221627 -0.288086 -0.425810 -0.387208 0.160275 -0.944976 0.170392 0.855927 -0.752885 0.455418 0.481896 -0.753270 0.068378 -0.923533 0.593893 -0.809518 -0.961703 -0.413650 0.081715
0.967607 -0.767223 -0.934843 0.962857 -0.500895 0.097933 0.556813 -0.107249 0.284947 0.795731 -0.627643 0.460897 0.306135 -0.062248 0.118630 0.102600 -0.916083 -0.827688 -0.640705 0.542787 -0.213635 -0.327728 -0.549869 -0.095602 0.702519 0.966737 0.998460 0.714966 -0.969769 -0.431112
0.539355 0.454824 -0.698176 -0.641301 0.235118 0.029660 -0.768218 0.984889 -0.526249 -0.729717 -0.593144 0.895208 0.895425 0.014708 0.866584 -0.104006 -0.249333 0.521464 0.656642 0.855114 0.586370 0.902976 0.980914 0.812166 0.738119 -0.126339 0.086546 -0.722496 -0.954938 0.504691
-0.243712 0.506049 0.527863 0.851982 0.396975 0.198675 -0.429501 -0.319329 -0.701622 0.313993 -0.026896 0.146923 -0.709686 0.869885 0.006374 -0.007062 0.016080 -0.796057 -0.539534 0.046599 -0.397798 -0.899644 0.791031 0.625845 -0.677683 -0.062736 0.779465 -0.608283 -0.202007 -0.175630
0.865714 -0.853192 -0.277315 0.316900 -0.663082 -0.814283 0.241662 0.325281 0.814323 0.719763 -0.485828 -0.950689 0.092830 -0.347244 0.330860 0.103408 0.412260 0.476271 0.398430 0.599277 -0.048253 0.415136 -0.350158 -0.403435 0.722063 -0.328737 0.235238 -0.391248 0.055063 -0.079536
-0.251096 -0.153585 -0.018205 0.185941 -0.012711 -0.688142 0.772713 0.149238 0.716414 -0.547455 0.481537 -0.021128 -0.013529 0.256909 -0.097446 -0.123525 -0.988726 -0.921853 0.130341 -0.004951 -0.841458 0.194708 -0.984608 -0.187811 -0.279658 -0.655205 -0.020407 0.650925 0.557231 -0.622774
0.181436 -0.391139 -0.297251 -0.922714 -0.857711 -0.162922 -0.651276 0.635922 0.213896 -0.441847 0.578345 -0.718352 0.767034 0.552186 0.181341 0.638658 -0.406037 -0.497024 -0.434988 0.233502 -0.761109 0.759865 -0.042124 0.655054 0.661121 -0.576000 -0.071479 0.573170 -0.637298 -0.507158
0.261502 0.755222 0.985279 -0.201459 0.135783 0.176756 0.553963 0.485302 -0.608010 -0.596505 0.813335 -0.463399 0.941512 -0.580509 -0.364307 0.211317 0.282024 0.582335 -0.901904 -0.019107 -0.024200 0.528650 -0.260860 -0.432845 0.899885 -0.812664 0.064325 -0.428581 0.305517 0.055790
-0.344882 0.532609 0.744191 -0.721110 0.675881 -0.343744 0.826554 0.210632 0.494662 -0.836865 -0.933749 0.180482 0.950379 0.315959 -0.211421 0.741846 0.444488 -0.688216 -0.897901 -0.320758 0.762697 -0.396465 -0.697337 -0.608282 0.465574 -0.175670 0.707017 -0.300200 -0.141133 0.343296
0.546355 0.889264 -0.606053 -0.726068 -0.216745 -0.527254 -0.385488 -0.558466 0.816366 0.537737 -0.178523 -0.165932 -0.160715 0.475039 -0.065059 -0.030750 -0.977934 -0.140703 0.598138 0.842020 0.792093 -0.229487 -0.773267 0.128416 -0.361087 0.359082 -0.070073 -0.812287 -0.582434 0.175613
-0.150136 -0.703302 -0.179416 0.671263 0.555524 0.141950 -0.366224 0.032376 -0.791138 -0.049352 -0.785536 -0.509395 0.873821 -0.116270 -0.378938 -0.004755 -0.326754 -0.636692 -0.612837 -0.975424 0.409840 0.947519 0.309036 0.898182 0.933579 -0.943888 -0.186362 0.794229 -0.780661 -0.486462
-0.289226 0.665218 -0.652263 0.604352 0.617933 0.153974 0.137667 0.279718 0.183388 0.055069 0.768161 0.551953 0.824224 0.428896 -0.340672 0.642622 0.783779 0.949208 0.876135 0.007925 0.420012 0.469232 -0.295610 0.045340 0.578632 0.169066 -0.818283 -0.291872 -0.239739 -0.916084
-0.039374 0.638808 -0.475072 0.135526 0.714224 -0.156144 0.088381 -0.145761 0.670569 -0.862093 -0.784299 -0.949668 -0.309878 0.518240 -0.031018 -0.226885 -0.121311 0.275245 -0.589366 0.287646 -0.282505 0.371353 -0.027548 0.719122 -0.669674 -0.865661 -0.083695 -0.003200 0.096425 -0.848889
0.724766 -0.016392 0.591522 0.284349 -0.247334 0.417093 0.406329 0.533376 0.004556 -0.040890 0.853027 -0.252089 -0.952004 -0.127140 -0.034893 -0.273621 -0.088669 -0.471452 0.117383 -0.419710 -0.247840 -0.623148 0.438547 0.002977 -0.827445 0.868676 -0.549718 -0.411891 0.811323 0.937559
-0.507075 0.884804 0.440403 -0.178014 -0.104550 -0.464745 0.295254 -0.441659 0.051827 -0.802672 -0.402219 -0.260703 0.529740 0.656668 0.516905 -0.232733 0.149650 0.112611 0.653292 0.340461 -0.782198 -0.867238 0.666774 0.946848 0.472312 0.992097 -0.694119 -0.154877 0.604674 -0.889962
0.767323 0.912852 0.029253 0.919642 -0.102674 -0.992902 0.678132 0.302237 0.607799 0.169734 0.912816 0.198113 0.616264 0.796708 0.560378 -0.491137 -0.246205 -0.102681 0.716024 -0.538105 -0.895854 0.134826 -0.108609 -0.708905 -0.870762 0.635232 -0.155403 0.142489 0.586568 -0.651039
-0.211524 0.646888 0.996191 -0.293216 0.379513 0.404153 -0.618894 -0.635913 0.673108 -0.945009 -0.814875 -0.066843 0.268372 0.463576 -0.761018 -0.411453 0.845493 -0.480863 0.572146 0.260422 -0.928086 -0.603021 -0.980790 0.473368 -0.617157 0.414380 -0.135242 0.649099 -0.062228 0.385641
0.698119 -0.811531 -0.411982 -0.786420 0.412242 -0.905827 0.871668 -0.939519 0.269298 -0.554060 -0.736250 0.651713 0.118875 0.068054 -0.267765 -0.487112 0.488553 0.327117 0.956986 0.745387 0.843439 0.892848 0.054902 -0.266271 -0.361268 0.376445 -0.546733 -0.727800 0.081173 -0.115651
-0.447621 0.415267 0.491069 0.533317 -0.816863 -0.520975 -0.226086 0.631312 -0.748549 -0.974597 0.113534 0.039165 -0.847897 0.536458 -0.896752 -0.896303 0.244765 -0.284214 0.300661 0.325647 0.742400 0.932585 -0.871700 -0.107020 -0.747511 -0.704646 -0.875264 -0.165354 0.206547 0.348154
0.140813 0.511048 0.129145 -0.913268 0.470120 -0.880618 -0.737626 -0.679591 0.907623 -0.765768 0.853489 -0.308157 0.352328 0.896494 0.458585 -0.827381 0.372171 -0.122209 -0.491622 0.862637 -0.103958 0.387130 0.369050 -0.735159 -0.882274 0.075818 0.569436 -0.243150 -0.527272 -0.738152
0.932729 0.765288 -0.943394 0.337192 0.355386 0.308457 -0.065754 -0.922954 0.200494 -0.325583 0.108385 -0.294024 -0.457682 -0.462641 -0.337696 0.995413 -0.934118 -0.876310 -0.801910 0.043468 0.211054 -0.620294 -0.833394 0.489550 0.575605 -0.421503 -0.822283 0.997376 -0.558776 -0.336915
-0.525411 -0.408500 -0.626664 -0.870862 0.140522 0.129519 -0.782922 -0.189128 -0.066871 0.608797 -0.386757 0.400869 -0.387042 -0.216321 -0.226324 -0.365520 0.349910 -0.889851 -0.682786 0.348240 0.199762 0.772181 0.858975 0.888232 0.133725 -0.358148 -0.892686 -0.087708 0.322499 0.567092

Bias v0 (Oculta):
-0.550691
0.875630
0.430009
0.536023
-0.509780
-0.029590
-0.780202
-0.577532
-0.136376
-0.894500
0.442209
-0.738669
-0.241967
0.611596
0.467830
0.391816
-0.753557
-0.761481
0.215357
0.220321
0.230729
0.603550
-0.216559
-0.868987
0.274133
-0.224305
-0.874008
0.982490
0.076018
-0.163899

Pesos w (Oculta -> Saída):
0.356360 0.443874
0.877509 0.938233
0.098440 0.050848
0.553102 -0.459389
-0.086220 -0.070818
0.986906 0.853138
0.070679 0.693161
0.701797 -0.695574
0.301149 -0.825007
-0.540662 -0.499352
-0.097734 0.205326
-0.032135 -0.123146
-0.125980 -0.394018
-0.175406 0.058863
-0.843211 0.171557
0.554700 -0.376924
0.714219 0.901876
0.281013 -0.006799
0.775683 0.319831
0.059761 -0.091109
-0.936850 -0.241632
-0.180032 0.882200
-0.198524 -0.331866
-0.625559 -0.319405
0.311119 0.056760
0.530933 -0.919722
-0.196270 -0.345129
-0.849832 0.978735
0.677284 0.198600
-0.799902 -0.499786

Bias w0 (Saída):
-0.081502
0.602566
