Pesos v (Entrada -> Oculta):
0.179770 0.613236 -0.379191 -0.734924 -0.132795 -0.647591 0.025505 1.045002 -0.857154 0.460743 -0.321470 0.813624 0.000682 0.558460 0.175535
0.004663 -0.457870 0.362698 -0.376688 -0.852345 0.159348 0.806844 0.399401 0.079397 0.564609 0.411295 -0.476835 0.000232 0.110460 -0.106432
-0.093316 0.096571 0.620610 -0.478491 -0.850365 0.699069 -0.954995 0.239309 0.531689 0.788956 -0.545758 0.216050 -0.905817 -0.088830 -0.042753
0.206069 -0.656583 -0.292575 0.651283 -0.049263 -0.714644 -0.883938 -0.050540 0.918266 -0.290863 -0.219183 0.517572 -1.191812 -0.469527 -0.260001
0.821404 0.696522 -0.499833 1.360350 -0.860443 -0.200307 -0.036577 0.584666 0.296989 0.778156 -0.416453 0.233135 -1.066622 -0.481100 0.621453
0.959533 1.063104 0.595711 1.426790 -0.061714 -0.122474 -0.805582 0.689593 0.481846 0.993221 -0.860950 -0.017614 -0.881503 0.092039 0.478226
-0.199758 1.114913 -0.308243 1.011590 0.901970 -0.562507 0.663227 -0.121511 0.697218 -0.552633 -1.026260 0.567406 0.325652 -0.716345 0.609731
-0.367241 -0.319661 0.104899 0.799914 -0.509674 0.510411 -0.455652 0.385305 0.028265 -0.140268 -1.154644 0.275654 -0.029287 -0.612133 0.141190
-0.235916 -0.618603 0.249361 -0.704862 -0.053908 -0.015873 0.708124 -0.834705 -0.867270 -0.751724 -0.182355 0.812577 0.234978 0.252577 -0.862474
-0.824686 -0.842866 0.371549 -0.669878 -1.230024 -0.802573 0.471124 1.000456 0.457115 1.113843 0.659143 0.820443 0.995245 -0.245574 -0.040746
0.025558 -0.882173 -0.268386 -0.374485 -0.540535 0.947759 -0.201024 0.229197 0.146843 -0.321172 0.365181 -0.829841 -0.475065 0.718878 -0.172565
-0.068947 0.945449 0.258013 -1.107325 -0.905997 -0.185263 0.854069 0.061329 -0.000451 0.858560 0.761456 -0.847980 0.644678 -0.337039 0.129272
0.468490 -0.800323 -0.796037 -0.399876 -0.719644 0.492637 -0.120726 0.448927 -0.221948 -0.776311 -0.071172 -0.324333 -0.514878 -0.895134 -0.975423
0.579658 -0.836200 -0.035078 -0.050154 0.167469 -0.473260 0.342284 0.163179 -0.108873 0.379704 0.921088 -0.473825 -0.416596 -0.768072 -1.005127
-0.688370 0.790132 -0.769326 0.154273 0.621398 -0.390963 0.058514 -0.716294 -0.456374 -0.576394 -0.152295 0.626533 -0.619536 -0.475640 -0.096783
0.253735 -0.037636 -0.053674 -0.215541 0.180262 -0.257283 0.234341 -0.022847 0.378925 -0.491880 -0.419014 0.780255 0.336795 0.363552 0.362351
-0.099134 0.765759 0.570340 0.782897 0.096906 0.659598 -0.033730 -0.294384 0.587104 -0.640606 -0.383612 0.936298 0.146356 -0.437104 0.558841
0.609625 -0.225850 -0.240822 1.701621 0.402116 -0.545360 -0.427177 -0.783092 0.205265 0.278246 -0.676355 -0.443643 -0.076094 0.608322 0.081601
-0.623145 -0.786298 0.043049 0.437424 -0.321434 0.490097 -0.133724 1.258755 0.597755 0.658873 -1.273039 -0.600413 -1.128264 0.372041 1.669927
0.676959 -0.510183 0.060326 0.416057 -0.710060 0.491727 -1.054360 0.449780 -0.597834 0.378766 -0.076258 0.726822 -0.654128 -0.792395 0.873064
-0.668334 -0.752466 -0.707751 -1.375758 0.747520 -0.103122 -0.503533 -0.611617 -0.085117 0.663590 -0.423888 -0.638357 0.355699 0.521680 -1.880637
0.781722 -0.715672 0.128236 -1.385205 -0.501026 -0.767209 -0.744128 0.649164 -0.555980 -0.663286 0.104892 -0.889518 0.660906 0.703178 -1.443012
0.887042 -0.855149 -0.746823 0.473044 -0.023878 0.246746 0.976995 0.521127 0.067605 -0.143735 -0.575823 0.991756 0.313006 -0.151722 -1.140454
0.779151 0.770046 0.601384 0.085390 -0.594431 -0.822811 0.516727 -0.640414 0.616668 0.932326 -0.725400 -0.580121 0.413820 0.318697 -0.037056
-0.497967 -0.666285 -0.958757 -0.737725 0.142036 -0.356453 -0.301390 0.635050 -0.728340 0.607847 0.158173 0.948439 0.396705 -0.309111 -0.428905
0.996008 0.402135 0.718438 0.460614 0.422293 0.113311 0.750018 0.123650 0.133893 0.877788 -0.795322 0.779708 0.257154 -0.285963 -0.676626
-0.776219 0.312045 0.521904 0.414247 -0.113189 -0.221523 -0.202078 -0.210346 -1.053836 1.048724 -0.517596 0.671866 0.684667 0.187422 0.015058
-0.798003 0.658757 -0.768500 -0.440934 -0.819722 -0.282742 0.915266 -0.660337 0.700308 -0.226763 -0.394631 0.898648 1.228903 -0.159454 -0.259867
-0.146549 -0.193939 0.118432 0.368899 -0.663458 -0.955731 0.589857 0.052574 -0.323278 -0.117707 -0.552200 -0.751031 0.936841 0.584369 0.992334
0.280271 0.792378 0.406646 0.948490 -0.081031 -0.237567 -0.588214 -0.603677 0.647070 0.224062 -1.129391 0.668666 0.522159 1.237628 0.535044
-0.235320 0.889231 -0.121781 0.134668 -0.653373 -0.680460 0.907963 0.379453 0.291919 -0.872492 0.513308 0.270378 -1.095079 -0.189245 0.328296
-0.889408 -0.595538 0.801434 0.736265 1.084199 -0.969239 -0.673723 -0.139674 -0.182556 0.599127 0.514842 -0.341672 -0.189427 0.307263 0.438785
0.313693 -0.515534 -0.801435 -0.946881 0.795421 -1.099463 -0.307891 -0.096475 -0.395793 -0.911153 -0.438504 -0.742357 1.161906 0.970167 0.333805
-0.219132 0.229390 -0.053558 -0.090850 0.479980 -0.197554 0.835031 -0.110827 0.199201 0.002473 -0.151511 -0.502365 0.015583 1.077101 -0.426902
0.244175 -0.036989 0.831909 -0.398958 -0.515912 0.433266 -0.030017 -0.406880 0.211084 0.806646 -0.075498 0.744463 0.252952 0.336419 0.759923
0.162680 0.347933 0.616833 0.456507 0.951304 0.472431 0.508738 0.491109 -0.191718 -0.033904 -0.857526 0.377920 -0.122871 -0.690211 0.908823
-0.839080 0.905543 -0.045936 0.443975 -0.354155 -0.453338 -0.411196 -0.486899 -0.808525 0.076081 -0.868767 -0.256358 1.223581 0.144500 0.471286
-0.933452 -0.420837 0.855291 -0.273925 0.680042 0.820633 0.888274 0.123580 -0.806294 -0.136227 -0.673142 -0.616760 -0.338738 -0.375721 0.100912
0.252981 0.025926 -0.335276 -1.023408 0.479212 0.192693 1.001376 -0.580861 0.457884 -0.124951 0.494003 -0.250483 0.090058 0.711287 0.138812
-0.759647 -0.813936 -0.067189 -0.247789 -0.429590 -0.532143 0.543632 -0.388827 0.206345 -0.862452 -0.700176 -0.982548 -0.616050 -0.330209 -0.631416
0.744903 0.873293 0.004579 -0.306413 -0.552901 -0.764769 0.927383 -0.009559 -0.663727 -0.289413 0.832096 -0.093189 0.390701 0.931689 0.583659
0.754925 -0.940124 -0.170652 -0.187911 -0.127179 1.099934 -0.516860 0.888603 -0.081160 -0.168521 0.189543 0.505315 0.054821 0.248532 0.923824
0.218120 0.152703 -0.583117 0.352226 0.032313 0.757543 -0.000878 -0.069294 -0.381759 0.690049 -0.027636 0.694600 -1.062814 -0.921581 1.235892
0.010987 -0.294028 0.833228 0.521225 -0.012259 0.404253 -0.808818 -0.292171 0.675918 0.045051 -0.761199 -0.679225 0.291579 1.481242 1.513101
-0.300571 -0.785916 0.031673 1.277327 1.056232 -1.060682 -0.268147 0.017806 0.509648 -1.388821 -0.424283 -0.595554 1.275527 0.698024 1.196156
0.285466 0.740979 0.199856 0.398176 -0.067048 -0.879454 -0.562255 -0.754295 0.258632 0.648330 -1.249652 0.904214 -0.832191 1.043281 0.503492
0.576923 -0.362742 0.396529 -0.115773 0.897473 0.447415 0.714295 0.651976 0.286058 -0.031002 0.027760 -0.839150 0.371211 -0.575838 -0.351822
0.599362 -0.473969 0.806576 0.272914 -0.063199 0.949153 -0.796098 0.051508 -0.491851 -0.722081 -0.615971 0.526544 -0.761405 0.184389 0.110618
0.883765 -0.470157 0.544883 -0.853802 -1.024678 -0.399562 1.055432 0.515541 0.396296 -0.606852 0.879700 -0.898172 0.793049 0.359036 -0.359992
0.822935 -0.917670 0.310077 -0.710254 -0.905873 -0.803964 -0.567784 -0.784522 0.729984 -0.407531 0.474679 -0.159463 0.747283 -0.998673 0.330704
-0.600276 -0.573520 -0.626836 -0.124268 -1.256875 -0.171176 0.123833 0.108709 0.440077 0.503437 -0.324052 -0.828942 0.640454 0.425526 -0.720830
0.983809 -0.242422 -0.111745 -0.372373 -0.889504 0.945081 -0.473581 0.270774 0.798533 -0.255560 0.538015 -0.117784 0.107644 0.337303 0.325296
0.660336 -1.179547 0.726765 0.104093 -0.522777 -0.624072 -0.606442 -0.181223 -0.840310 0.833720 0.655114 0.490375 -0.180519 -0.387219 -0.170239
-0.873669 -0.860575 -0.425284 -0.648360 0.322173 0.722889 0.655856 0.025306 -0.848277 0.155530 -0.141487 -0.818021 -0.027290 -0.413051 -1.271142
-0.560493 -0.484538 0.423248 0.286856 -0.128699 -0.398534 0.224728 -0.529676 0.170683 0.437367 1.147234 0.632711 0.363219 -0.403424 0.191165
0.169437 -0.253775 -0.789593 0.192609 -0.665738 0.390383 0.543174 -0.508783 0.552035 0.426030 -0.233075 0.865725 -0.184586 0.262377 1.150105
-0.118601 0.640367 -0.766392 0.406160 0.422498 0.344126 -0.325834 -1.215778 0.914082 -0.483002 -1.092728 0.139305 0.449947 0.824914 0.931180
-0.860056 0.618518 0.674170 1.644247 -0.291583 -0.136268 -0.237425 -0.230265 1.256991 -0.216838 0.348480 0.304579 -0.714899 1.166849 -0.263874
-0.583741 0.244365 0.515571 1.093927 0.672806 -1.003503 -0.704709 -0.457599 -0.551504 0.848280 0.548557 -0.411408 -0.119056 -0.257123 0.127352
0.201735 0.091935 0.256322 -0.563088 0.469279 0.340553 -1.012962 -0.464665 -0.193317 -0.375346 0.644109 -0.146221 -0.284248 0.573031 0.705201
0.505548 -0.182722 -0.694717 -0.795931 -0.273240 0.778559 -0.118026 -0.866176 0.561923 0.757678 0.603418 0.955311 0.754192 -0.461019 0.240394
-0.799829 -0.667411 -0.567814 -0.520660 -0.339150 -0.578950 -0.698678 0.352953 0.018796 0.150399 -0.428584 -0.406043 0.594511 0.486523 0.441065
0.791857 0.623591 -0.205166 -0.418309 -0.621957 0.710593 0.625144 0.637153 0.348680 -0.160340 -0.390434 -0.131809 0.486581 0.178769 -0.224206
-0.955289 0.865762 -0.695490 0.308130 -0.577969 -0.610509 0.571102 0.514403 -0.014537 -0.157095 0.161477 -0.197339 0.849506 0.561701 1.171587
-0.614395 0.522256 -0.066599 0.810827 -0.705772 -0.318091 0.364620 -0.832369 -0.300608 -0.647020 0.524439 -0.308889 -0.489227 -0.937596 -0.803664
0.915861 0.748653 0.276244 -0.971457 -0.009149 0.740653 -0.492185 -0.337108 0.646175 0.446505 0.220387 0.298415 -0.359436 0.628595 -0.433629
-0.600779 -0.544641 -0.017948 -0.570054 0.826335 0.432120 -0.327092 1.046516 -0.781945 0.836850 0.497387 -0.173143 -0.439260 -0.605370 0.555449
0.277606 0.716739 -0.072953 0.952465 -0.419648 0.555241 -0.114972 -0.224645 -0.653561 0.811085 -0.561599 0.509043 0.528882 0.701206 -0.168898
-0.115417 0.385856 -0.503802 -0.414314 -0.575831 -0.739856 -0.226774 -0.303157 -0.777443 -0.773975 -0.922341 0.506175 0.245892 0.687415 -0.010951
0.665369 0.128237 -0.278552 1.110790 -1.004306 -0.498544 0.394076 0.060543 -0.302092 -0.453837 0.494761 -0.461900 -0.234229 -0.673326 0.701241
0.726445 0.172133 -0.579707 1.386712 -0.086798 0.258587 0.208039 0.120511 0.458011 -0.641922 -0.761407 -0.734817 0.462190 -0.305047 0.124257
-0.133476 0.204038 0.719895 -0.167878 0.946220 0.014881 0.061250 0.518146 0.903180 0.685265 0.456698 -0.070699 0.400826 -0.745977 -0.343080
-0.909829 -0.518602 0.841890 0.093253 -0.581347 0.919823 -0.717482 -0.132678 -0.177589 -0.924465 0.774917 0.135743 -0.401242 -0.893259 0.620583
-0.033623 -0.465649 0.875180 0.125182 -0.129660 -0.219748 0.547630 0.987220 0.428343 0.997411 -0.323531 0.912116 0.003383 -0.341512 0.171261
0.175048 0.299444 0.970274 0.435613 0.759660 0.753431 1.085090 0.017419 0.364811 0.681817 -0.215708 0.497486 -0.074435 0.640868 -0.487694
0.222756 0.761986 0.088736 0.145343 -0.570585 0.974676 -0.687225 -0.254802 -0.156729 0.590221 0.199957 -0.385814 0.965827 0.705951 0.466190
0.281232 -0.329516 0.534298 0.491021 0.113335 -0.471994 -0.420857 0.448061 -0.544913 -0.602167 -0.394821 0.881352 -0.753501 -0.797082 -0.254809
0.476143 1.140795 -0.683697 -0.638578 0.772862 -0.454368 0.001849 0.379379 -0.732850 -0.949804 -0.139877 0.444367 -0.509365 0.359770 -0.335263
-0.905024 0.659224 -0.245902 0.299026 0.511904 0.707618 -0.801159 -0.160834 -0.207134 -0.055345 0.938086 0.257609 0.017787 -0.482844 -0.155254
0.190684 0.574569 0.468021 -0.213899 -0.614456 0.040130 -0.173552 -0.384870 -1.007082 -0.027492 0.623212 0.757289 0.195529 0.931040 0.059270
-0.065284 -0.661814 -0.862101 0.390447 0.230922 -0.299790 0.963841 0.550303 0.455979 0.324071 -0.617843 -0.661904 -0.095205 0.667330 0.157653
-0.643611 0.633609 -0.523473 -0.120453 0.369952 -1.109828 0.861865 0.357585 0.192652 0.613739 -0.944010 0.971051 0.108829 0.061598 -0.443027
0.225080 0.402785 -1.011812 0.953969 -0.723437 -0.847690 -0.045821 -0.254302 0.752036 0.362079 -0.022339 -0.937722 -0.782127 -0.587061 -0.677993
0.176668 0.325630 0.244617 0.056209 0.271486 -0.153717 0.513120 -0.927851 -0.739459 -0.187110 -1.069543 -0.312218 -0.430672 0.105554 -0.556007
-0.183552 0.380439 0.329608 -0.342291 0.579462 -0.773374 0.606057 0.793630 -0.110521 -0.825297 -0.477608 0.284296 0.633971 -0.824533 -0.069296
0.342931 -0.925624 0.154609 -0.539721 -0.315894 -0.720655 0.326076 -0.318403 -1.047192 -0.225916 0.660088 0.525143 -0.636923 -0.622591 0.133483
-0.784798 0.600641 0.791895 0.404506 -0.624185 -0.128963 0.212404 0.326230 -0.521790 -0.309707 -0.281130 -0.232697 0.947442 0.122087 -0.175275
0.411179 -0.496814 0.805220 0.879817 0.738005 0.758118 0.700862 0.259955 0.400168 -0.656074 -0.741397 -0.287327 -0.400763 0.089174 -0.341445
0.715305 -0.732284 -0.136103 0.148094 -0.646420 -0.333729 0.350803 -0.191669 -0.421653 -0.734997 0.425809 -0.675551 0.500822 0.127975 -0.020908
0.332803 0.184152 -0.598160 -0.036917 -0.672150 -0.903628 -0.950425 0.662077 -0.375256 0.104447 -0.934460 -0.196901 0.814547 -0.453038 -0.107151
0.229657 0.591322 -0.333076 0.473157 0.244134 0.767871 -0.644262 -0.994783 0.591665 -0.461131 -0.121685 -0.932946 -0.145090 0.190977 0.042599
-0.898763 0.536039 -0.913721 0.672061 0.836043 0.853412 0.410026 0.740590 0.215255 0.263033 -0.463629 0.365301 -0.186246 0.384948 0.160808
0.435948 0.430752 -0.273642 0.116209 -0.248603 0.910682 -0.843084 -0.020022 -0.381571 -0.912262 -0.650887 0.505749 -0.026833 -0.249246 0.393627
-0.293291 0.725328 -0.111224 0.984700 -0.070590 0.156228 -0.822214 0.159334 0.163771 0.058322 -0.636465 -0.617737 0.635584 0.677861 -0.304236
0.920132 -0.145346 0.126521 0.414246 0.286989 0.784590 0.119467 0.700595 -0.789618 -0.914600 0.022364 -0.041135 0.519515 -1.020342 -0.084381
0.129065 0.927519 -0.190829 -0.841024 0.464820 -0.385551 0.820255 -0.930989 0.887926 -0.201362 -0.489416 -0.615087 0.365621 0.894468 -0.264841
-0.822366 -0.166080 -0.826487 0.648881 -0.930159 -0.173516 0.134892 -0.047819 0.958933 0.919982 0.638927 0.560390 -0.100792 0.014089 -0.254996
0.545642 -0.383119 -0.318566 0.422099 -0.644188 0.555836 -0.305854 0.129000 0.597071 0.447057 -0.357050 -0.042911 0.832551 0.334459 0.773957
0.870375 0.547734 -1.022598 -0.181208 -0.524796 0.939282 1.102912 -0.384429 0.088553 -0.374228 -0.617744 0.385801 -0.724361 0.280000 0.772317
0.718171 -0.889531 -0.891893 -0.075682 0.632782 0.948744 0.751811 -0.089713 0.099115 0.796107 -0.041638 -0.177886 -0.018215 -0.359118 -0.291130
0.341253 0.277040 0.099411 -0.579798 -0.670998 -0.371346 -0.137220 -0.373998 0.374383 0.365253 0.456662 -0.113013 0.042124 0.120577 -0.028548
-0.540796 -0.593702 0.730863 -0.656290 -0.672210 -0.261119 -0.219297 -0.043922 1.033431 0.882553 -1.029010 0.591712 -0.502842 -0.580617 -0.441864
-0.668924 -0.233269 0.555899 -0.368468 -0.606271 -0.397074 -0.706543 0.517614 -0.256835 0.858657 -0.134561 -0.824781 -0.614944 -0.622586 -0.043668
0.877036 -0.609551 -0.613620 0.486772 -0.637269 -0.402524 0.757522 -0.985217 0.071442 -1.072075 0.391300 0.287717 0.284591 0.556924 -0.033931
-0.596935 1.017810 -0.141251 -0.623474 0.134839 0.623288 0.022229 -0.951830 0.287323 -0.668853 0.577470 -0.134725 0.160428 0.690900 -0.767700
0.334503 -0.236069 0.669561 -0.071486 -0.549775 -0.659999 0.313373 -0.257158 0.190131 0.921670 0.325082 -0.396852 0.977758 -0.917720 0.918586
0.227947 0.542939 0.808633 -0.772084 -0.137207 0.919048 0.473138 0.059122 0.340871 0.093946 -0.324218 -0.093125 0.836769 0.519481 0.866958
0.870907 0.661468 0.558421 -0.468020 0.534790 0.277657 -0.602846 0.718152 0.068543 -0.064023 -0.581878 -0.138419 -0.408312 -0.517391 0.453521
-0.644631 -0.008414 0.722117 -0.948393 0.469630 -0.221214 -0.178384 0.059040 -0.489920 0.963701 -0.088011 0.795870 0.563931 -0.101331 0.823622
0.430534 0.483065 -0.347438 0.345812 0.492413 0.340503 0.841971 -0.371848 -1.023074 -0.945179 -0.077283 0.430578 0.415801 0.175165 1.050053
0.271127 0.524200 0.962395 0.055812 0.280849 1.075166 0.688778 0.212240 -0.024052 0.124324 -0.683380 -0.696876 0.789412 -0.140023 -0.533888
0.117618 0.428434 0.316377 -0.451094 0.354279 -0.447277 -0.561568 0.843111 0.775944 0.718829 0.591544 0.387495 -1.016172 0.588379 0.921813
0.164635 0.712669 0.295257 -0.666698 -0.561239 -0.040560 0.769818 1.180190 -0.018965 -0.176361 -0.959792 -0.270197 -0.910701 -0.785317 0.237075
0.034565 -0.181451 -0.796190 -0.218810 -0.873634 -0.126587 0.894124 0.593504 0.074471 0.434030 0.648516 -0.605038 -0.528973 -0.529800 -0.828496
0.326849 -0.063532 0.367973 0.068659 0.593699 -0.434916 -0.762730 -0.616191 0.932368 0.106251 -1.064764 -0.049076 0.562459 -0.762943 -0.120813
0.007408 0.541762 -0.656931 0.046617 -0.464863 0.669957 0.284248 0.028019 0.459317 -0.156026 -0.850409 -0.124449 0.390055 0.251813 -0.407238
-0.510098 0.049468 1.052054 -0.022533 -0.709698 -0.098315 -0.872548 0.595722 -0.420663 0.903386 0.087791 0.012504 0.111216 -0.232205 0.650827
0.498157 0.726037 0.027809 -0.495915 -0.841379 -0.217481 -0.050326 -0.775257 0.124942 -0.291469 0.073722 -0.739857 0.014449 0.385223 -0.737966
0.904740 0.115794 0.364814 0.352685 0.981197 0.966344 -0.032789 0.591723 0.509606 -0.683071 -0.317710 -0.234941 0.348247 0.085876 0.385810
-0.038850 0.198780 0.465156 0.086183 -0.473168 -0.775119 0.897738 -0.879767 -0.198054 -0.503758 0.502265 -0.611284 0.856959 0.340894 0.841628

Bias v0 (Oculta):
-0.332899
0.534881
0.765277
0.585102
0.927273
-0.352292
-0.683132
-0.342765
1.030646
0.121218
-0.291557
0.353080
-0.270141
-0.481826
-0.005007

Pesos w (Oculta -> Sa獮a):
-0.045028 0.103573
1.647594 -1.674361
-1.269427 0.115565
3.671124 -3.628712
1.418727 -1.349923
-0.707897 0.844293
-1.307530 1.306513
-1.212496 1.341063
1.558754 -1.758355
-0.847380 0.908338
-1.900699 1.699722
-0.365993 0.370788
-1.959987 1.935009
2.554583 -2.665796
2.827075 -2.842321

Bias w0 (Sa獮a):
0.421574
0.598221
