Pesos v (Entrada -> Oculta):
0.540231 0.237034 0.582671 -0.529488 0.608071 0.418232 -0.811319 0.601507 0.872772 -0.706032 0.858751 0.030348 0.652521 -0.094996 -0.588692 -0.475164 0.309656 0.712163 -0.672255 0.018840 -0.624698 -0.060023 0.984001 -0.167712 0.306886 0.976184 -0.902429 0.088501 -0.216804 0.001970 -0.480445 0.940454 0.341958 0.035441 0.982591 0.955784 0.533989 0.669102 0.161489 0.128591 -0.210754 -0.747075 -0.702916 0.498131 0.789413 -0.855534 -0.359417 0.547329 -0.749466 -0.357223
-0.755314 -0.962732 -0.958581 0.521024 0.662175 -0.500783 -0.666574 0.209379 -0.521452 -0.080505 -0.903322 -0.549033 -0.861708 0.348718 0.643330 0.236256 0.300705 0.279615 0.250703 -0.423955 0.333025 -0.707953 0.231349 0.342082 -0.072848 -0.011535 -0.319224 -0.114792 -0.957442 0.795177 -0.824457 -0.252187 -0.172691 -0.768441 -0.624204 0.411949 0.180727 -0.476030 0.117799 -0.637895 -0.058694 -0.221609 -0.599406 -0.584900 -0.978830 0.033275 0.004935 -0.463538 -0.066913 0.591812
-0.851529 -0.242797 0.544443 0.489001 0.846567 -0.735784 -0.110895 0.169932 0.526191 -0.634659 0.046191 -0.353092 0.165505 -0.884036 0.967445 0.073800 -0.378214 -0.864021 -0.742674 0.944047 0.554668 0.161462 0.595802 -0.543508 -0.383060 -0.191557 0.985729 0.394440 0.455310 0.732201 -0.576263 0.859811 0.185326 0.445045 -0.758708 -0.986893 -0.320802 0.617566 0.804289 -0.864493 0.180756 -0.508322 -0.096595 -0.861043 -0.106510 -0.504887 -0.061999 -0.805927 -0.798428 0.407383
0.354057 -0.376461 0.532726 -0.179598 0.959319 0.452989 0.737517 0.551704 0.218815 -0.804686 -0.404959 -0.079206 -0.604125 0.394760 -0.021569 -0.755269 0.050953 0.278204 0.332745 -0.541988 0.058295 -0.853857 -0.443868 0.039880 -0.309063 0.633995 0.132009 0.206885 -0.955433 0.178708 0.011132 0.469332 -0.048663 -0.101782 -0.052068 -0.436888 0.751904 0.833955 -0.900105 -0.961864 0.615349 -0.434025 0.457019 0.694140 -0.505152 0.298699 0.238970 -0.991776 -0.229527 -0.515505
-0.651168 0.602200 -0.828833 -0.216170 -0.152268 0.380635 -0.480208 -0.260400 0.319746 -0.223202 0.352365 0.486924 -0.116737 -0.938491 -0.979572 -0.581932 0.579177 -0.375515 -0.830123 0.960742 -0.388569 -0.574277 -0.885789 0.451426 0.647209 -0.763225 -0.930286 -0.478235 -0.113431 0.506220 0.450439 -0.733030 0.356908 -0.258608 0.122075 0.443704 -0.268479 -0.536231 0.074368 -0.551323 0.009253 -0.729592 0.504765 0.683097 -0.656525 -0.142461 -0.952392 0.095806 -0.980552 0.409803
-0.563362 0.697574 -0.194951 0.777677 0.251363 0.151477 0.032757 0.315879 0.947198 0.161279 -0.573156 0.970504 -0.034488 -0.550095 -0.597064 0.601555 -0.753385 -0.885165 -0.379901 -0.629567 0.206521 0.020897 -0.923887 0.663392 -0.673542 -0.908644 -0.242244 0.350788 0.115471 0.612224 0.737499 0.870667 0.716865 0.830508 -0.915341 -0.383830 -0.950069 -0.689670 0.064704 0.673032 -0.668381 0.696280 0.028406 -0.986107 0.861798 0.439242 -0.587250 -0.994551 -0.629990 0.942452
-0.448124 0.540907 -0.323966 0.013952 0.824084 0.269615 -0.771780 0.253041 0.774508 -0.846293 -0.630473 0.516563 0.938650 0.843336 -0.305778 -0.625775 -0.037688 0.660949 0.087514 0.127354 0.988956 0.837582 0.134125 0.102321 -0.797788 -0.975821 0.777940 0.416323 0.309265 -0.872343 0.565941 -0.126002 0.264217 -0.167783 -0.650956 -0.886915 -0.194999 -0.489937 -0.618073 -0.326929 0.922781 0.580999 -0.164678 -0.014386 0.308064 -0.904179 0.699632 -0.735201 0.299623 -0.826040
-0.700643 -0.078784 -0.802901 -0.827373 0.698347 0.228133 0.987456 -0.011146 0.495607 -0.998529 0.306255 0.088436 -0.149140 0.889818 -0.861462 -0.102788 -0.430089 0.294168 0.104775 -0.349666 -0.704353 -0.911984 0.042671 0.037606 -0.669507 0.496723 -0.367677 0.419291 -0.131126 0.905073 0.866842 0.544775 -0.430223 -0.575235 0.098162 0.217380 -0.683976 0.371559 -0.130579 0.933396 -0.395236 0.656670 0.185000 0.217485 -0.487874 0.002576 -0.391872 0.942494 0.401650 0.795220
-0.064147 -0.272796 0.789503 0.328651 -0.512087 0.721734 -0.598490 -0.279521 0.142954 0.013042 -0.263000 -0.484390 -0.609747 0.236604 0.321704 -0.726865 0.569583 -0.049503 0.135532 -0.009960 0.358736 -0.183761 0.938334 -0.971270 -0.046114 -0.058449 0.980764 -0.932500 0.852749 0.291534 0.375756 0.373501 -0.799861 0.763730 0.976185 -0.920943 0.144579 0.453590 0.463559 0.212763 0.414932 0.942318 -0.787524 -0.029048 -0.414685 -0.766030 0.787823 -0.390505 -0.153488 -0.347042
0.479857 -0.869418 -0.675994 -0.682577 0.957628 -0.055609 -0.162513 -0.966192 -0.440676 -0.722372 0.392569 -0.235912 0.411735 -0.047032 0.711751 -0.163016 -0.294620 -0.194645 0.667665 -0.675333 0.190871 0.158672 0.762489 0.684933 -0.622146 -0.018253 -0.674301 0.432690 -0.675317 0.437963 0.807559 0.279488 0.536808 0.705140 -0.597496 0.267286 0.072123 0.351793 0.720678 0.976326 0.084485 0.238510 -0.417953 -0.891738 0.109419 0.746361 -0.422781 0.913446 -0.143737 -0.661194
-0.962067 -0.416600 -0.117680 0.167161 0.322745 -0.404889 -0.230840 -0.012789 0.968331 -0.018872 0.592639 -0.051982 -0.442834 -0.549017 0.710681 0.207526 0.856351 0.002022 0.863829 0.014409 0.595299 0.864172 -0.714725 -0.557777 0.064886 -0.513016 -0.406786 0.293634 -0.989985 -0.548766 0.076527 0.179876 -0.940107 0.297591 -0.455806 0.056186 0.653300 0.021066 0.051901 -0.101453 0.243469 -0.007089 -0.126381 0.564764 0.401458 -0.283226 0.012534 -0.479953 0.595480 0.198808
0.176086 0.812886 0.277072 0.413688 0.556572 -0.236797 0.505055 0.748411 -0.313987 0.351447 -0.996308 0.727440 -0.022555 0.312516 0.684935 -0.475734 0.219204 -0.590372 -0.114696 -0.421433 -0.129604 -0.259583 -0.207612 0.832093 -0.198303 0.117519 0.984123 -0.072208 -0.079133 -0.523873 -0.039286 0.372707 -0.476836 -0.804803 0.665278 -0.730420 0.068286 0.160041 0.381592 -0.202278 -0.161981 -0.630050 0.764882 -0.029198 0.118115 -0.255276 0.865144 -0.819733 0.586271 -0.353337
-0.806061 -0.946650 -0.838130 -0.068861 -0.720197 0.388703 -0.221999 -0.755862 0.677550 -0.538308 -0.918995 0.750976 -0.469545 -0.704131 0.064530 0.106534 -0.098670 0.961987 0.572276 -0.373916 0.809223 -0.945596 0.551657 0.356029 0.975898 -0.063477 -0.461255 0.737881 0.534702 -0.810800 -0.264970 -0.773335 0.140943 -0.769080 -0.149850 -0.837452 -0.104503 -0.333323 0.173532 -0.412311 0.487314 -0.167211 -0.990384 -0.769927 0.205590 0.975242 -0.926410 -0.799975 -0.836008 0.956637
-0.087538 -0.212005 -0.549325 -0.590043 -0.903475 -0.704067 -0.001728 -0.479033 -0.691369 -0.043990 -0.150555 0.076057 0.342461 -0.609453 -0.155544 0.184388 0.021476 -0.464369 0.747772 0.494061 0.483588 -0.245024 0.397719 -0.635561 -0.388260 0.267741 0.611767 -0.559096 -0.455851 0.894296 0.557368 -0.183336 -0.275807 0.718515 -0.356277 0.885742 0.527881 -0.336024 0.504306 0.506854 -0.664862 -0.832181 -0.364605 -0.052818 0.629176 -0.239295 -0.448878 -0.193207 0.401254 -0.962053
-0.225057 -0.520327 0.573015 -0.010116 -0.682968 0.095341 -0.789819 0.238144 0.820581 0.010296 -0.197305 -0.231045 0.879934 -0.106619 0.052956 -0.598818 0.045613 0.424981 0.690892 -0.103618 -0.127046 -0.692127 -0.045542 -0.789008 -0.041932 0.012060 -0.605512 -0.614940 -0.859224 -0.049361 0.022668 0.361516 -0.601412 -0.623246 -0.756888 0.032669 -0.023453 0.231815 0.511202 0.611716 0.278398 -0.065532 0.159859 0.950170 -0.487897 -0.517087 0.236821 0.213585 -0.035118 0.286845
0.687082 -0.631113 -0.919268 0.979198 0.159387 -0.335760 -0.297331 -0.652230 -0.367063 -0.249012 0.614577 0.872108 -0.461933 -0.612421 -0.702098 -0.095729 0.349568 -0.834503 -0.561050 0.218155 -0.925450 -0.576713 -0.647412 0.452959 0.228617 -0.588673 0.260313 -0.946298 0.441994 0.284955 0.334220 -0.996179 0.218254 -0.889967 0.377328 0.802602 0.415700 0.660485 -0.434698 0.155362 0.826157 -0.650252 0.246667 0.392404 0.463460 0.932552 -0.470824 0.608729 0.194449 0.989013
-0.667750 -0.038841 -0.876533 -0.124645 -0.037684 0.521648 -0.818755 -0.538946 -0.656360 0.865147 0.738537 -0.696129 0.364246 -0.038527 -0.479640 -0.842389 -0.708384 -0.351434 -0.142221 0.581820 0.467194 0.177424 -0.530163 -0.987447 0.795629 0.335404 -0.778024 -0.745548 0.405386 0.069358 -0.596527 -0.993848 -0.118351 0.396902 0.994602 -0.731331 0.544981 0.975295 0.277487 -0.243746 -0.171529 -0.952153 0.769809 0.726041 0.266113 0.932581 0.689763 0.286985 -0.298444 -0.212127
-0.195109 -0.033497 0.133119 0.869793 0.991475 0.403420 0.973548 -0.911172 0.327766 0.318863 0.276497 0.142653 -0.502830 -0.026157 -0.076811 0.659714 -0.013113 0.438202 0.617458 0.021346 0.305073 0.999817 0.186095 0.916136 0.297877 -0.318219 -0.130470 -0.569468 -0.347987 0.419870 0.654546 -0.794685 0.307635 0.249728 -0.975736 0.351064 0.642567 0.025993 0.744942 0.138810 0.756818 -0.293030 0.447136 -0.448636 0.315127 0.386113 0.984174 -0.378134 -0.908656 0.631786
-0.832784 -0.045590 -0.659304 0.472806 0.965469 -0.209811 0.859261 -0.053620 0.471006 -0.332775 0.008674 0.207844 0.105510 0.300263 -0.358772 -0.016019 0.511087 -0.677101 0.727109 -0.682837 -0.551811 -0.609835 0.801159 -0.464362 0.428911 -0.382426 -0.188889 -0.510812 0.421141 -0.059717 -0.209405 0.747100 -0.070210 0.500471 -0.340643 -0.895515 -0.275745 0.397310 0.750590 -0.886289 -0.376931 0.013960 0.628787 0.273558 0.637677 -0.976796 -0.585212 -0.065349 0.195007 0.597624
0.025482 -0.366901 -0.974555 -0.187661 -0.935449 -0.444556 0.092534 -0.633785 0.522196 -0.794901 -0.401860 0.732707 -0.480341 -0.858626 0.239305 -0.791883 -0.674188 -0.591812 0.218991 -0.433363 -0.308330 -0.360541 -0.672202 0.465858 0.881495 0.280985 0.796638 0.097696 0.385843 -0.121574 0.221137 -0.038599 0.146803 -0.811110 0.598698 0.810464 -0.995214 0.091288 0.758035 0.744595 0.056909 -0.257931 0.020425 -0.139362 0.964531 0.426521 0.316478 -0.534213 0.293887 -0.300754
-0.397127 0.076717 0.563786 0.106181 0.791504 -0.292413 0.948014 0.096995 -0.642488 -0.252404 0.077384 -0.336413 -0.432757 -0.134654 -0.618827 -0.483977 -0.803829 0.580637 -0.281837 -0.764698 -0.391058 -0.010504 -0.843321 0.121887 0.674671 -0.168013 0.751715 0.968556 0.978562 -0.201044 0.874753 0.327334 0.535365 -0.077267 0.696596 -0.906212 0.329062 -0.169013 -0.957261 -0.818124 0.968873 0.470920 0.829293 -0.388985 -0.028045 -0.457591 0.885751 -0.359115 -0.177243 0.500478
0.507691 0.843430 0.781430 0.709533 0.053954 0.109127 0.108370 0.270426 -0.087832 0.192640 -0.845709 -0.008242 0.250136 0.578237 -0.320506 -0.248915 -0.533709 0.201249 0.973895 -0.963344 -0.715836 -0.340224 0.702304 0.483156 -0.391274 0.837873 -0.842365 -0.870420 0.689629 -0.507680 0.411163 -0.275292 -0.666011 0.314853 0.153099 -0.060253 0.929270 0.806730 0.902015 -0.906214 -0.868031 -0.234274 0.800274 -0.235107 -0.686813 0.957871 -0.184460 -0.378496 0.735745 0.309959
-0.680228 -0.628793 -0.290770 0.766827 -0.991769 0.700397 0.949547 0.145239 -0.785545 0.394823 0.768537 -0.196731 -0.984327 0.397292 -0.252630 0.046917 0.921950 0.655098 -0.070930 0.634051 -0.183765 0.186159 -0.450610 -0.048188 0.521548 0.691680 0.829400 -0.067819 -0.449611 -0.916738 -0.116740 0.556181 0.471066 -0.267064 -0.173322 -0.671582 0.285792 0.877550 -0.713859 -0.018867 -0.428187 -0.710781 -0.183951 0.105293 0.733672 -0.798671 -0.417619 0.648796 -0.527686 -0.833557
0.454378 0.359004 0.439342 -0.447304 -0.607065 -0.771671 -0.849834 -0.979822 -0.168851 -0.555715 -0.142652 -0.019540 0.204325 0.843701 -0.814245 -0.867766 -0.855644 -0.848358 -0.797001 -0.701439 0.928186 0.347939 -0.056298 -0.029916 0.871473 0.202572 -0.019289 -0.732033 0.080456 -0.927079 0.068648 -0.977961 0.809814 0.844256 -0.778218 0.219381 -0.837681 0.049532 -0.585146 0.143843 -0.883868 0.539228 -0.976913 0.711259 -0.078583 -0.250230 -0.579664 0.367763 -0.558129 -0.689797
0.856991 0.640675 0.567977 0.410325 0.309004 -0.952920 -0.925336 -0.613345 0.422894 0.012728 0.857788 -0.205756 -0.223266 -0.616741 -0.024421 0.034888 0.876106 -0.236871 0.469659 -0.735124 -0.639485 -0.101226 0.017406 0.325231 0.821856 -0.742663 0.348434 -0.350584 -0.611575 0.277797 -0.242981 0.200385 -0.217245 -0.999719 -0.280731 0.864630 -0.718179 0.087281 0.255666 0.201446 -0.409625 -0.412373 0.654749 -0.932152 -0.436993 -0.892427 0.109513 0.279158 0.027754 0.608195
0.728251 -0.929497 0.893784 0.265411 -0.982994 0.823359 -0.544181 0.701541 0.947725 -0.276907 -0.714054 -0.536937 -0.560111 0.112426 -0.671526 0.504541 -0.582735 -0.371159 0.488807 -0.518130 0.999751 -0.471812 0.368518 -0.250493 0.541572 -0.384674 0.122555 0.880400 0.816438 0.361630 0.664427 0.453245 -0.428521 -0.252592 0.840992 -0.997465 -0.759871 -0.705955 -0.035471 -0.966516 -0.216126 -0.141579 0.301449 -0.928753 0.445125 -0.435799 -0.136219 -0.503663 -0.386123 0.062928
0.440696 0.653121 -0.764449 -0.447169 0.902662 -0.200647 0.776015 0.326137 -0.330075 -0.907165 0.165622 0.372550 -0.531239 -0.654425 -0.509910 -0.923595 0.582650 -0.117130 0.284152 -0.236187 0.855782 -0.033957 -0.327999 -0.522540 0.059880 0.240311 -0.480770 -0.317882 -0.010630 0.100897 0.381022 0.632582 -0.881769 -0.240086 0.826881 -0.260294 0.338182 -0.782216 0.927073 0.117814 0.282288 0.007390 0.828609 -0.626819 0.143582 0.460123 -0.137862 0.445785 -0.203362 0.614020
0.467191 -0.712814 0.338824 0.822441 0.613261 -0.516836 0.346578 -0.816325 0.660021 0.598251 0.646560 -0.459692 0.186295 -0.096509 0.950117 -0.714797 -0.899021 -0.146652 0.286088 0.271665 0.750011 0.645895 -0.605288 0.107819 -0.225674 0.645835 0.836240 0.734716 -0.888038 0.994019 -0.374728 -0.933634 -0.558542 -0.088900 -0.020777 0.252758 0.100967 0.157158 -0.865711 -0.621015 -0.845612 -0.662066 0.997964 -0.068367 -0.516187 0.597687 -0.389688 -0.344331 0.068055 -0.698178
-0.085942 0.008209 -0.530736 -0.755370 -0.730259 0.939602 -0.162291 -0.082853 -0.743855 0.864557 -0.267837 -0.995187 -0.756052 -0.401215 0.189352 -0.714919 -0.255721 -0.323636 -0.806490 -0.667869 0.377836 -0.464085 -0.181494 0.553395 -0.514591 -0.027876 0.662597 0.623459 0.091726 0.549170 0.538708 0.975729 0.795617 -0.301588 -0.456957 -0.451197 -0.740249 -0.397009 -0.399501 -0.390474 0.894774 0.197350 -0.325294 0.313940 0.111250 -0.539761 0.904474 0.789267 0.851694 -0.849708
0.309580 0.447415 -0.208044 0.164976 -0.336686 -0.556700 -0.457373 -0.579121 -0.028474 -0.897347 0.904131 -0.107845 0.851472 0.168247 -0.916973 0.548910 0.295786 -0.308303 0.400209 0.757935 -0.110866 0.357257 -0.697152 0.190254 -0.459715 -0.121023 0.751842 0.106864 0.814228 0.198367 -0.100763 0.586141 0.831027 -0.071700 -0.576586 -0.571077 -0.441331 0.431880 0.999336 0.445828 -0.387849 0.487487 0.932345 -0.417661 -0.193129 -0.869135 0.644651 -0.561507 0.466817 -0.715376
-0.463543 -0.468083 0.757021 0.386243 -0.118631 0.733320 0.633346 -0.919288 -0.425889 0.224714 0.110353 -0.982746 -0.687372 -0.461974 -0.101197 -0.969756 -0.320015 -0.316256 0.121923 0.002089 -0.808626 -0.067025 0.136873 0.149679 0.020569 0.267246 -0.445999 0.122778 0.332012 0.467650 -0.055546 -0.185367 0.339352 -0.428580 0.473500 -0.809715 -0.447822 -0.759407 0.874997 -0.927274 -0.168473 -0.881113 -0.196190 0.362558 0.720206 0.823855 0.318065 -0.448949 -0.797379 -0.281961
-0.959105 -0.387354 0.392001 -0.018737 0.368809 0.635170 0.951397 -0.048125 0.987618 0.335040 0.823585 -0.568639 -0.235828 0.646254 0.233442 0.226091 0.138427 0.962642 0.102002 0.236045 -0.572867 0.307999 0.077229 0.724221 -0.317396 -0.589851 0.095957 -0.888511 0.201738 0.205043 0.859074 0.868989 -0.624590 -0.051010 -0.345568 -0.796673 -0.225488 0.183093 0.546044 0.660342 0.417794 -0.995698 -0.170143 -0.081394 0.970630 0.970401 0.904249 -0.968183 -0.278265 -0.906177
0.604904 -0.988005 0.266186 0.581511 -0.436955 -0.569908 -0.112090 -0.918453 -0.245530 -0.603920 -0.642474 -0.016237 0.264560 -0.910128 -0.229790 -0.291582 -0.357679 0.416770 -0.353458 -0.123071 0.364019 0.940032 -0.099775 0.307629 0.449986 -0.553112 0.640806 0.980467 0.403539 -0.398216 0.908209 -0.493168 0.500969 -0.851222 -0.706999 0.878096 -0.033689 -0.027851 0.810489 0.442254 -0.183505 -0.596209 -0.423803 -0.405268 -0.129022 -0.538882 -0.066646 0.995135 -0.850513 -0.833672
0.099522 -0.861904 -0.976355 -0.804272 -0.079674 -0.061542 -0.733670 -0.189693 -0.831221 -0.689955 0.582003 0.386791 0.348768 -0.029531 0.380133 -0.820428 -0.291542 0.284072 0.820494 0.595464 -0.507610 -0.607678 0.484584 0.862825 -0.315522 -0.009780 -0.906185 -0.299047 -0.866272 0.720832 -0.933074 -0.669844 -0.263035 0.309250 -0.909473 0.006402 -0.183501 0.231831 -0.292196 -0.974777 0.967421 0.672220 0.134160 -0.299213 0.074413 0.722148 0.441452 -0.047360 -0.394527 -0.752221
-0.401791 0.830684 -0.475592 -0.608252 0.696701 -0.607728 0.655642 -0.655929 -0.904306 -0.322679 -0.866136 -0.020839 -0.375384 0.246774 0.756409 0.425954 -0.853024 0.077558 0.881044 0.340550 0.023404 0.491153 0.398360 0.260657 -0.883249 -0.563649 0.251868 -0.029591 0.444703 0.750823 -0.430487 0.798350 -0.536722 0.924184 0.563517 -0.069052 -0.815986 0.460202 -0.554240 -0.628123 -0.809539 -0.427619 -0.177262 -0.838280 -0.672090 0.691337 0.153102 -0.567340 -0.360083 -0.028106
-0.911059 -0.889080 0.968853 0.855471 -0.069116 0.251668 0.165256 -0.985215 0.041030 0.503048 0.534366 0.505697 0.180290 -0.807653 -0.976172 -0.522109 0.271474 -0.084341 0.283221 -0.925084 -0.057226 -0.967316 0.409237 -0.604640 -0.660059 -0.270648 0.129408 -0.023571 0.245231 -0.383125 -0.291099 -0.005765 -0.677698 0.774561 -0.584246 0.322520 -0.070286 0.510483 -0.870382 -0.655145 0.933301 -0.521432 -0.521480 -0.557862 0.145182 -0.826682 -0.910836 0.952276 0.967611 -0.022851
0.692611 0.938696 0.383728 0.442780 0.331534 -0.363425 0.319783 -0.858984 -0.959663 0.433798 -0.915392 0.619237 -0.403085 -0.866066 -0.056756 0.909283 -0.060821 0.036428 -0.581783 0.663609 -0.275594 0.842990 0.388342 -0.548136 0.191546 0.570350 0.965512 -0.047348 0.150727 -0.175570 -0.015641 -0.472671 0.052086 -0.406237 -0.875800 -0.512859 0.635743 -0.100216 0.228013 -0.699708 -0.880066 -0.487004 -0.532304 -0.177923 -0.850402 0.469551 -0.236064 -0.993236 0.813741 0.406509
0.978332 0.201473 -0.861571 0.089146 0.198239 0.901077 -0.926639 -0.899618 0.482916 0.993069 -0.107179 -0.357774 0.495813 -0.208664 0.672690 0.642295 -0.255991 -0.395070 0.475470 0.003579 0.898644 0.536281 -0.381800 0.332406 -0.934373 -0.136649 -0.644052 0.315263 -0.792522 0.143437 0.427406 0.441705 -0.745799 -0.992739 -0.332660 -0.486088 -0.457901 0.386294 -0.627372 -0.972316 -0.794350 0.933150 -0.037579 0.329651 -0.047754 0.252389 0.207759 -0.800531 -0.283991 -0.356625
-0.371274 0.787117 -0.699677 -0.464897 -0.846933 -0.492631 -0.973637 0.716838 0.936255 0.052758 -0.154727 0.883346 0.544536 -0.406289 -0.260097 -0.886269 -0.500668 -0.477776 0.467312 0.947743 0.428695 -0.285817 0.174327 0.873999 -0.612158 -0.576621 0.826935 0.412947 -0.514224 0.798126 -0.846980 0.158164 -0.934115 -0.709553 0.694002 0.689571 0.038281 -0.780788 -0.483391 0.241184 -0.460196 0.452653 0.329376 0.377219 0.025845 -0.361253 0.921599 0.346859 0.893949 0.023284
0.772036 -0.189863 -0.914001 -0.600531 0.378118 0.841225 -0.099381 0.093656 0.141477 -0.709607 0.357228 -0.697819 -0.092370 -0.929402 0.574623 -0.416272 -0.358643 -0.596886 0.947851 -0.620831 -0.251153 0.128466 0.124913 0.513817 0.075421 -0.862619 -0.564271 0.967019 0.334061 -0.443893 0.650128 0.654556 -0.704216 0.016862 -0.040493 0.846529 -0.176543 0.151278 -0.133829 -0.656782 -0.602747 0.080469 0.058604 0.202994 0.508640 0.428504 -0.992164 0.743870 0.947888 0.692601
0.406231 0.354498 -0.098140 0.424441 0.805805 0.436861 0.080112 0.278158 -0.904645 0.456391 -0.599249 -0.081347 -0.520528 -0.844306 0.284571 -0.261725 -0.644873 0.323992 0.754657 0.378432 -0.775654 -0.332420 -0.244491 0.718397 -0.499353 0.481621 0.291477 -0.282710 0.550190 -0.283309 -0.878937 -0.274657 0.695835 -0.984452 0.081041 0.723301 0.792995 0.079673 0.745683 0.634655 0.069087 0.803731 -0.124349 0.631442 -0.664362 -0.479970 -0.967952 -0.854511 0.666366 -0.852013
0.833822 0.524008 -0.391121 0.127302 0.700546 0.695317 0.875782 -0.904686 0.666524 0.400132 0.998457 0.044515 -0.195824 0.832096 -0.561555 0.506368 0.251779 0.646930 0.482878 -0.077629 -0.455429 -0.198300 -0.598562 -0.231759 0.228101 0.262864 0.030701 -0.117912 0.824029 -0.441515 0.729461 0.538804 -0.027086 0.805747 0.989430 0.537610 -0.893963 0.989225 0.246375 -0.550608 0.023690 -0.944951 0.092711 -0.228990 -0.258293 -0.300418 0.312371 -0.803966 0.666788 -0.494776
-0.120559 0.852507 0.595953 0.514071 -0.666173 -0.313197 -0.836602 -0.188340 0.723539 -0.396502 0.028881 -0.182262 -0.033053 -0.449003 0.123945 0.661741 -0.264810 0.325665 -0.684483 -0.017602 0.675421 0.212683 -0.826496 -0.535514 0.410016 -0.965717 -0.065038 -0.991104 -0.828064 0.275239 0.545695 -0.675326 0.386370 0.948568 0.607697 -0.542167 -0.404686 -0.814522 0.233449 0.750877 0.648885 -0.660325 0.394173 -0.740588 0.667088 -0.949788 -0.941470 -0.911037 0.749813 -0.795719
0.064015 0.010299 0.181140 0.896482 0.054833 0.584569 -0.141943 0.979384 -0.775298 -0.436453 -0.128385 -0.362388 -0.009478 -0.262594 -0.785648 -0.107483 -0.013437 -0.017352 -0.192699 -0.739130 -0.061731 -0.444336 0.501006 -0.619201 0.687561 -0.836325 -0.060669 -0.226313 -0.814780 0.941297 0.782011 0.389404 0.540076 0.052568 -0.974038 0.336882 0.835545 0.626309 0.644895 0.944243 0.058779 -0.043662 0.878344 -0.938164 -0.625365 -0.222215 -0.240103 0.770657 0.911345 -0.140922
0.321102 -0.171410 -0.642578 -0.311267 0.699008 0.353114 0.451209 0.021238 0.328705 0.878105 -0.101400 0.097330 -0.308045 0.238904 -0.484442 -0.497189 -0.677866 0.883163 0.265026 -0.154079 0.155626 0.438687 -0.548553 -0.353425 0.344556 -0.368291 -0.053507 0.759497 0.878164 -0.965624 0.377497 -0.826590 0.447331 -0.245724 -0.265841 -0.495162 0.937665 -0.252730 -0.557169 -0.506014 0.696428 -0.195143 -0.976898 -0.737424 -0.410766 0.984328 0.130163 0.587377 -0.862144 -0.110377
0.572581 -0.570148 -0.296740 -0.353807 -0.825019 -0.360084 -0.645690 0.338015 -0.710998 0.401171 0.905649 0.512651 0.877805 -0.424435 -0.146230 0.027448 -0.087995 -0.701493 0.258716 -0.846358 0.754025 -0.938358 0.932356 -0.638597 -0.132668 -0.407428 -0.891341 0.672559 0.692360 -0.752104 -0.965332 -0.333315 0.828066 -0.791923 -0.367419 -0.104330 0.754313 0.941399 0.407882 -0.692233 0.459822 -0.465879 -0.302283 -0.993995 0.378722 -0.924960 -0.453703 -0.826522 -0.306742 -0.705044
0.369400 -0.998828 0.007045 0.131921 -0.620560 -0.185911 -0.982388 0.092397 -0.600943 0.801217 0.100237 0.496512 -0.096731 0.920828 -0.418294 -0.657186 -0.777123 -0.957638 -0.306745 0.778887 -0.672090 -0.618998 -0.201609 -0.343142 0.787823 -0.226942 -0.368209 0.841040 -0.344750 -0.260389 -0.131665 0.443905 -0.576738 -0.780602 -0.932529 -0.418182 -0.967380 0.066245 -0.527434 0.853632 0.300947 0.179451 -0.003927 0.053031 -0.673918 -0.921172 -0.458324 -0.198519 -0.941816 0.575720
0.581281 -0.239027 0.531010 -0.979265 -0.823472 0.602669 -0.257855 0.259530 -0.909424 -0.375502 -0.492074 -0.247702 0.009645 -0.593362 0.589204 0.008124 -0.353866 -0.506832 -0.557883 -0.682522 0.441225 -0.278727 -0.996357 0.162967 -0.874141 0.854826 -0.965681 -0.474897 -0.491997 0.100533 0.583286 0.207795 0.419009 -0.293423 0.802865 0.339228 -0.455552 -0.015786 0.991824 -0.446782 -0.643055 0.383265 -0.578127 -0.874623 -0.139343 0.913222 -0.149262 -0.123124 0.368886 0.125107
0.507007 -0.568505 0.267345 -0.590805 0.102838 -0.844404 -0.261264 0.342641 0.759010 0.089046 0.168678 -0.554285 0.294545 0.902267 -0.546595 -0.910133 -0.315653 -0.576791 0.829428 -0.157460 -0.485689 0.336977 0.424318 -0.679753 -0.189818 -0.289805 0.829344 0.532846 0.389443 -0.671174 0.801503 -0.815229 0.344008 -0.591124 -0.906914 0.392887 -0.974435 0.695523 -0.042863 0.605944 0.244028 0.832717 -0.644072 -0.128975 -0.661732 -0.901103 0.713445 0.615979 -0.071325 -0.265726
0.077172 -0.745071 0.521548 0.607067 -0.853609 0.691219 0.011162 -0.440688 -0.484126 0.560391 -0.690539 0.617879 0.380181 -0.017572 0.750809 0.077022 -0.059356 -0.900905 -0.217885 0.246622 -0.747308 -0.512065 0.656981 -0.792925 0.781884 0.363264 -0.898262 0.963356 0.122140 -0.100705 -0.478908 0.259743 -0.209148 -0.359819 0.338100 0.281467 -0.386114 -0.514952 0.142577 0.344043 -0.900312 0.705594 -0.933971 0.135981 0.610518 -0.566719 -0.383588 0.328816 0.236603 -0.420044
-0.375060 0.689712 0.590608 0.370747 0.013161 -0.109622 0.771502 -0.225690 0.606537 0.270745 0.289204 0.726345 0.859312 -0.111846 -0.875792 0.427218 0.849946 -0.268116 0.494954 -0.234559 -0.451789 -0.367344 0.280335 0.646643 0.815361 -0.056471 0.574150 -0.346810 0.043206 0.989248 0.526531 0.559716 -0.721621 -0.724856 -0.834265 0.848106 0.466361 0.435558 -0.986492 -0.236884 -0.051625 -0.732562 -0.915307 0.211551 -0.040284 -0.631117 -0.898883 -0.926351 0.471713 0.105043
0.381274 -0.375140 -0.256303 -0.278938 0.838299 -0.580518 0.337469 -0.247451 0.807912 -0.346207 0.711864 -0.508310 -0.920029 -0.470562 -0.448688 0.687972 0.373640 -0.608013 0.418476 -0.730587 0.544594 -0.045693 -0.463764 -0.609216 -0.170971 -0.130497 0.554285 -0.458784 0.518139 -0.904365 0.092602 0.901952 0.832864 0.622299 0.874768 0.490387 0.179349 0.785297 0.101503 0.684280 0.702455 -0.625009 0.390191 -0.921714 -0.086003 0.098195 -0.340870 0.120105 -0.908430 -0.983987
0.485199 -0.603344 -0.884403 0.063116 -0.963993 -0.561150 0.190008 -0.029614 -0.357874 -0.176430 0.972531 0.391325 0.738906 -0.190357 0.941023 0.323008 -0.732295 -0.380056 -0.848896 0.157133 0.595304 0.358327 0.310712 -0.836702 -0.957825 0.793891 -0.435240 -0.669804 0.595559 -0.362634 -0.552530 -0.714187 -0.897114 -0.154491 -0.484436 -0.628591 0.047850 -0.029557 0.974730 0.764675 0.042459 -0.248991 -0.723242 0.825630 -0.343674 -0.299198 0.974456 0.779086 0.933074 -0.616763
-0.637731 -0.597812 -0.887413 -0.818529 0.571513 0.984851 -0.505244 0.745462 0.611921 0.411364 0.658068 -0.003527 0.826064 0.746808 0.688439 -0.605385 0.717995 0.701419 0.482404 0.112448 0.050806 -0.967115 -0.514591 -0.687853 -0.169177 0.593002 -0.612054 0.962000 0.204840 0.500882 0.778551 -0.389502 -0.240286 -0.934082 -0.191791 -0.146317 -0.011159 -0.684782 -0.006000 -0.353519 0.230580 -0.664383 -0.586328 -0.418776 0.641817 0.413558 0.491376 0.999423 0.735503 -0.686241
-0.593697 0.548216 -0.119056 -0.556561 0.964967 0.088443 0.772501 -0.894667 0.182251 0.180417 -0.968610 0.081074 -0.315687 -0.965781 0.706001 0.562556 0.592478 -0.127783 -0.993975 -0.660914 0.332870 0.326542 -0.061373 -0.759111 -0.878435 -0.840874 -0.124673 -0.556458 -0.478733 -0.794200 0.915837 -0.112234 0.321429 0.932885 0.340518 0.486062 0.886003 -0.620786 -0.151685 0.813083 0.391194 -0.716333 -0.562396 0.591830 -0.903067 0.501013 -0.305690 0.762268 -0.241239 -0.009414
-0.448912 0.174104 -0.604377 -0.381970 0.089817 0.650970 -0.998347 0.255258 -0.279054 0.180109 -0.223713 0.634508 -0.644875 0.123585 -0.624308 -0.364902 0.962385 0.225096 0.221867 -0.125305 0.966530 -0.859260 0.835557 -0.534263 -0.393256 0.840206 0.345036 0.184613 -0.981438 -0.283889 -0.588790 -0.412675 -0.111349 -0.150365 0.848121 0.197354 -0.908602 0.909217 0.118761 0.893120 -0.237672 0.993689 0.085477 -0.567649 -0.543221 0.899202 -0.198879 -0.810270 0.053368 -0.237322
0.697283 0.477187 -0.348614 0.749861 0.589982 0.914013 0.458695 0.455881 0.448007 -0.404232 -0.021223 0.229488 0.730125 -0.415951 -0.125780 0.805648 -0.508779 0.796230 -0.219772 -0.818307 0.475442 -0.500261 0.449386 0.606336 -0.782220 0.148175 -0.895685 0.277697 0.415567 -0.280702 0.274874 -0.980247 0.025548 -0.989387 -0.204002 0.326553 -0.396126 0.166314 0.045697 -0.080096 -0.455438 0.772374 -0.280139 -0.994885 -0.571542 0.176257 -0.761681 -0.800360 -0.091549 0.850025
-0.120171 -0.560286 0.023199 -0.737300 -0.561484 -0.027065 0.203822 0.041668 -0.271190 -0.701085 -0.300899 0.201060 0.989891 0.976779 0.903875 0.414580 -0.008479 -0.273576 0.027273 0.416305 -0.909157 0.369983 0.814737 -0.674290 0.096668 -0.376463 -0.935626 0.319131 -0.610724 -0.719588 0.689447 0.640963 0.121664 -0.717266 -0.544829 -0.043468 -0.741921 -0.819970 0.155917 0.621163 0.929541 0.253860 -0.264798 -0.259802 0.871391 0.807285 -0.015692 0.367424 -0.694745 0.437573
-0.806421 -0.910640 -0.065592 0.395641 -0.140507 0.926299 -0.707105 0.107020 -0.610235 -0.007122 0.768561 -0.913502 0.452901 -0.083280 0.678815 0.226141 -0.346845 -0.381259 0.264856 0.829554 0.653244 0.459800 -0.514624 0.260123 -0.650208 -0.146219 -0.155871 0.729967 0.655157 -0.473294 0.855769 -0.941025 0.930377 0.319028 -0.032823 0.693920 -0.650559 0.945858 0.179062 0.119473 -0.046882 -0.848235 -0.860038 -0.625686 -0.106128 -0.545759 0.865347 -0.052413 0.979244 0.871122
-0.735637 0.250666 -0.115446 0.277874 0.939092 -0.724606 -0.739833 -0.522247 0.560828 -0.830238 -0.370062 0.895235 0.812184 0.373447 0.943014 -0.352841 -0.927078 0.184576 0.261858 0.292930 0.534339 0.599864 0.435909 -0.692072 -0.990749 -0.305182 -0.763280 0.340665 0.671108 0.219401 0.536053 -0.967623 -0.532198 0.200459 -0.550492 -0.317651 0.238738 -0.784103 0.970093 0.085806 0.766365 0.320069 -0.252521 0.512204 0.632411 0.705211 0.066359 0.836724 0.459116 -0.682113
0.209832 0.684562 -0.999235 -0.960088 0.006087 -0.620553 0.960309 -0.590909 0.675231 0.983723 -0.256249 0.761107 0.214244 0.865314 -0.567589 0.764250 0.678363 0.260950 0.646438 -0.165544 -0.537131 -0.982466 0.428522 -0.526654 -0.022749 0.172205 -0.674000 0.897099 -0.027613 -0.533296 -0.876476 0.665361 0.553584 -0.205927 -0.983836 0.392318 0.605347 -0.551846 -0.693890 -0.281396 -0.364994 0.193975 -0.491818 -0.749476 -0.001611 -0.527789 0.973873 -0.483446 0.926887 -0.177018
-0.351339 -0.961436 -0.356982 0.215086 -0.077137 -0.340510 -0.008510 -0.325967 -0.183484 0.533457 0.464062 0.293739 0.269152 0.628762 -0.820664 0.118931 0.989913 0.175921 0.563805 0.259486 -0.936904 0.378020 0.684668 -0.768325 0.016999 -0.183740 -0.577507 -0.436200 0.700380 0.073246 0.422355 -0.680282 0.558273 -0.966126 -0.970018 -0.149726 -0.783064 0.595822 -0.951157 0.733530 0.068459 -0.982046 -0.791755 0.215363 0.804655 0.540835 0.736107 -0.517827 -0.456126 0.818678
-0.558576 0.835633 -0.943823 -0.458668 -0.477886 0.396554 0.815284 -0.677456 0.373337 0.474529 0.767838 0.746187 -0.336616 0.655555 0.572880 0.489470 -0.041943 -0.303290 -0.729386 -0.975467 -0.408190 -0.925634 -0.452525 0.502273 -0.114743 -0.705519 0.154323 0.978868 -0.833411 0.381920 0.825309 -0.020243 -0.145571 0.068859 0.783643 0.287609 0.714200 -0.680768 0.233654 -0.073324 0.440657 0.347763 -0.480602 -0.341218 0.890784 -0.438937 -0.427470 0.046996 0.365420 0.312831
-0.084549 -0.285711 0.431928 0.475838 0.641456 -0.352053 0.635667 0.070669 0.131580 -0.021582 -0.524167 0.968845 -0.453441 -0.697481 0.848668 -0.185883 -0.746190 0.588043 0.848649 0.120054 0.273091 0.017429 -0.052334 -0.487061 0.769247 0.283517 -0.780772 0.280526 -0.293227 -0.459477 -0.920116 0.458078 -0.726280 -0.850498 -0.522910 0.492753 0.076440 0.526777 0.224633 0.861051 0.684592 0.368172 -0.906378 0.285377 -0.848779 -0.635181 -0.139111 0.343798 0.380178 0.099551
0.765790 -0.055080 -0.737728 0.105666 0.614645 0.116212 0.092537 0.520546 -0.458194 -0.982426 0.882829 0.629854 0.139268 0.618430 -0.671192 -0.602134 -0.877019 0.037131 -0.245772 0.471123 0.093660 -0.727856 -0.461066 0.394249 -0.189557 0.773001 0.245811 -0.402603 -0.980406 0.766509 -0.773639 0.388722 -0.169225 -0.287180 0.712703 0.321921 -0.189314 0.397272 -0.711148 -0.796237 -0.135508 -0.893243 0.965221 0.160758 0.730917 0.639761 0.340965 -0.825954 -0.162421 0.610378
-0.001856 -0.986052 -0.210659 0.615267 -0.572052 0.806103 0.790625 -0.336237 0.986779 -0.408766 -0.060343 0.481079 0.581758 0.925021 -0.591835 -0.462955 0.503869 -0.567255 0.149646 -0.607758 -0.648714 0.098295 0.343879 -0.481302 0.793296 -0.582741 -0.717379 -0.646581 -0.620221 -0.053619 -0.802344 0.772819 -0.483672 -0.560116 -0.378650 0.892805 -0.362961 0.687910 -0.864991 0.373310 0.520426 0.842614 -0.656663 -0.359150 -0.842330 -0.045211 0.450150 0.294517 0.185052 -0.042860
0.238124 0.891945 0.940970 0.489805 0.390587 -0.821252 0.855687 0.971982 -0.173858 -0.677795 -0.368808 0.064141 -0.462665 -0.827286 0.161417 -0.729597 -0.782165 0.728577 0.009313 -0.211608 -0.901316 0.248110 -0.500405 0.203265 0.400751 0.194099 -0.111924 -0.453939 0.366726 -0.256138 -0.523716 0.718870 -0.723446 -0.014886 0.742243 0.844870 -0.868809 0.403720 0.603911 0.604099 0.452204 -0.752034 -0.486992 0.393658 -0.561904 0.123481 -0.716561 -0.924546 0.610648 0.251165
0.834413 -0.314767 0.625842 -0.249431 0.954898 -0.494020 0.179551 0.191246 0.191333 -0.355786 0.129815 -0.033898 0.633844 0.916397 0.705357 -0.659586 0.705136 -0.635503 0.068452 0.049516 0.057683 -0.879836 0.668218 0.395137 -0.136985 0.344495 0.866620 -0.746722 0.780175 -0.684842 0.500995 -0.457337 0.630073 -0.133111 0.729714 -0.767794 -0.841648 0.292072 -0.655223 -0.023509 -0.812505 -0.726072 -0.674425 -0.870895 -0.636672 -0.973396 -0.766241 0.308465 -0.387769 -0.267914
0.542384 -0.632436 0.752294 -0.286148 -0.592586 -0.404884 -0.226955 0.988565 0.576453 0.838663 0.936501 -0.266070 0.351706 -0.042433 0.091191 0.284080 -0.696654 0.801722 -0.335756 -0.759407 -0.334874 -0.587094 -0.514636 -0.254107 -0.820286 -0.039331 -0.646517 -0.826737 -0.369280 -0.484869 0.633123 -0.061528 -0.705300 0.586205 -0.542305 -0.471854 0.057493 0.875779 0.919251 0.960567 0.462526 0.863567 -0.032419 -0.016483 -0.627830 0.917486 -0.927636 -0.281429 0.830397 0.489727
-0.977130 -0.577644 0.926676 0.536871 0.343460 -0.951734 -0.467087 -0.417887 -0.109540 0.104098 0.830863 -0.473590 0.774388 0.586555 -0.664417 -0.222716 0.423841 -0.733173 0.359608 0.812379 -0.442424 -0.983939 -0.902016 -0.722188 -0.229665 0.110272 -0.055963 0.045937 -0.107609 0.163451 -0.663950 0.289092 -0.583464 -0.292561 0.164055 0.445013 0.162199 -0.478321 -0.974003 -0.468150 0.976312 0.627657 -0.813197 -0.936516 0.681442 -0.856881 0.778671 -0.314444 0.277464 0.746512
0.402277 0.438532 -0.037898 -0.892959 -0.488263 -0.325372 -0.751097 -0.600494 -0.154926 -0.363276 0.919499 0.156940 0.438270 0.028269 0.950126 0.403526 -0.864439 -0.474494 0.035693 0.003790 -0.845817 -0.180260 0.383665 0.310701 0.094742 -0.462982 0.707938 0.714269 0.621214 0.152254 -0.574122 0.276578 -0.306302 -0.811948 -0.852005 0.578194 0.859792 0.048325 -0.552119 -0.756919 -0.802344 0.571411 -0.978403 0.416977 0.296216 -0.853458 -0.813867 -0.279569 -0.722305 -0.856495
0.833098 -0.728030 -0.873931 -0.395492 0.205847 -0.690483 -0.343003 -0.195707 0.456472 -0.427466 -0.359786 0.104522 -0.502801 0.604598 -0.167987 -0.379735 -0.995308 -0.163424 0.606881 -0.981668 0.114619 0.748087 -0.416019 -0.824309 0.239079 0.798094 0.059501 0.396884 0.954019 -0.897540 -0.240203 -0.890839 -0.293453 0.812835 -0.822530 0.478659 -0.157515 -0.610013 0.714333 0.877949 0.624741 -0.077874 0.696692 0.556287 0.216221 0.958730 -0.987176 -0.869979 -0.822365 -0.076090
0.415250 -0.102451 -0.027417 0.089284 0.229995 -0.054112 -0.413414 -0.787950 -0.595857 -0.745975 0.235320 0.085460 0.232114 0.875933 0.829210 0.709008 0.988845 0.617580 0.752624 0.694573 -0.824304 0.692350 0.136423 0.718148 0.395187 -0.061027 -0.016757 0.707789 -0.640085 0.924451 -0.241546 -0.994839 0.650437 0.015239 -0.889965 -0.922577 0.026144 0.226519 -0.472816 0.378596 0.998376 -0.593162 0.360877 0.654691 -0.758427 0.097105 -0.079791 0.365273 0.325336 -0.778721
0.350680 -0.090092 0.419828 -0.830700 0.079062 -0.887336 -0.474103 0.479105 0.992279 0.331368 0.971291 0.359390 -0.596020 0.707080 0.457348 0.689135 0.282837 -0.882625 0.060624 0.787719 -0.982838 -0.385093 -0.328748 0.699532 -0.650635 0.923452 -0.908029 -0.459192 0.645995 0.732087 -0.010590 -0.240640 -0.095335 0.828631 0.985033 -0.592296 -0.014774 0.683708 0.176790 -0.971220 0.453037 0.857328 0.685046 0.885789 -0.346124 -0.842018 0.434265 0.332192 -0.494544 -0.631958
0.116830 -0.430540 -0.771713 -0.974072 -0.725874 -0.534674 0.242679 -0.435160 0.652933 -0.089152 -0.454349 -0.481475 0.505925 -0.679739 -0.224389 0.149250 -0.062252 -0.453612 -0.994365 0.571173 -0.817302 0.889568 0.957964 0.720194 -0.031951 -0.307816 -0.092993 0.107756 -0.810978 0.286362 -0.921561 0.854891 -0.952950 -0.248499 0.799924 0.942579 -0.518594 -0.657177 0.341765 0.139321 -0.052456 -0.088264 -0.899678 -0.863311 -0.249912 -0.052283 0.550648 0.724386 0.074102 0.671595
-0.519317 -0.780147 0.223604 -0.448580 -0.023478 -0.349581 -0.813563 0.974987 -0.030080 0.677463 0.357876 0.192840 0.056947 0.345701 0.868476 0.910351 0.256923 -0.150633 0.817467 -0.573850 -0.729682 -0.123351 0.196731 -0.892856 0.878162 0.402907 0.586711 0.296583 0.674191 0.353219 0.225853 -0.773578 0.301081 -0.314149 0.959930 -0.274341 0.344509 0.525876 0.154360 0.361082 -0.735463 0.728710 -0.892193 0.134046 -0.741129 -0.357103 -0.228711 0.227172 -0.050935 -0.665321
0.638992 -0.410494 0.523653 -0.913819 -0.402977 0.324349 -0.447959 -0.382491 0.778302 0.016773 0.111335 -0.845119 -0.541208 -0.348437 0.770301 0.774093 -0.359838 0.684884 -0.413081 0.050959 -0.724361 0.353412 -0.285551 0.365458 0.008755 -0.680855 0.438432 0.917163 0.322834 -0.697181 -0.540991 -0.051996 -0.054156 -0.105862 -0.553514 0.121581 -0.535354 0.592229 -0.820490 -0.378246 0.662633 -0.144974 -0.048138 -0.114056 -0.699995 0.782093 0.778356 -0.642944 0.294559 0.803357
-0.089324 -0.072377 0.418635 0.474312 0.342040 0.113462 0.606524 0.960167 -0.797692 -0.403204 -0.259031 -0.855475 0.744464 0.373813 -0.481226 -0.310772 -0.172849 0.185528 0.517313 0.919702 -0.018780 0.029612 -0.852816 -0.695375 0.550411 0.838504 -0.177956 0.374878 -0.693867 0.830863 -0.060970 0.370447 -0.453417 -0.729219 0.731694 0.972157 0.352123 -0.849684 0.446575 0.525270 0.354434 0.711141 0.430411 -0.077801 -0.514579 -0.085323 0.690822 -0.986033 -0.081173 0.902317
-0.030281 0.855884 -0.294931 0.439824 -0.541481 0.575948 0.696648 -0.160876 0.237200 0.754020 -0.692963 0.364881 -0.366551 -0.506984 -0.277132 -0.333132 -0.954793 0.530325 0.260468 0.653844 0.687666 -0.941742 -0.469407 -0.346009 0.566103 0.709949 -0.489392 -0.086158 0.918691 0.087081 -0.634202 -0.123876 -0.495681 -0.013135 -0.200399 0.714221 -0.728737 0.218241 -0.349527 -0.400831 0.200825 -0.786486 -0.515968 0.893545 -0.876724 -0.923171 -0.424234 0.206459 0.924426 -0.759279
-0.341111 0.750100 0.971348 0.958871 0.177287 0.216929 -0.684320 -0.685168 -0.269658 0.150792 -0.048061 0.358919 -0.235777 0.340124 -0.689550 -0.101349 -0.268616 0.579906 0.682280 -0.719820 -0.806608 0.564000 0.838783 0.532454 0.994653 -0.580616 -0.923955 0.777648 0.034995 0.043234 0.286907 0.715576 -0.101210 -0.393233 0.052851 0.309274 0.025768 0.546733 -0.256166 0.666173 -0.713129 0.691845 0.971416 -0.128106 0.549869 0.219860 0.272311 0.882230 0.609182 -0.946875
0.263452 -0.190742 0.901577 -0.742164 -0.936342 -0.681807 0.134584 0.206302 0.641776 0.414105 -0.939641 -0.594232 0.363781 -0.982307 0.272093 -0.158794 -0.512872 -0.012140 -0.624316 0.628805 0.871110 -0.818335 0.981225 -0.673754 -0.440826 -0.840182 0.349557 0.993208 -0.854474 -0.513568 -0.773555 0.200680 0.910303 -0.375959 0.612423 -0.733392 0.624251 0.231728 -0.399595 0.927621 0.201606 0.362467 0.196597 -0.035717 0.190783 -0.261738 0.530328 -0.663231 0.484660 -0.691630
0.894082 -0.950215 0.772917 0.037369 -0.695615 0.696662 -0.726121 0.884201 -0.480128 0.646651 -0.862070 0.634090 0.965725 0.453306 0.484939 -0.144948 -0.118176 0.844359 -0.867475 -0.855176 0.712438 -0.239385 -0.284496 0.573005 0.747119 0.448862 0.924459 0.272756 0.020326 0.934189 -0.017988 -0.144554 -0.531013 -0.161412 -0.562700 -0.331825 -0.002531 0.449561 -0.044019 -0.247819 -0.504876 0.810279 -0.964086 -0.367634 0.770063 0.848677 0.999574 0.053542 -0.207613 -0.906533
-0.874139 -0.460936 -0.588856 0.327558 0.302508 -0.004586 0.217747 0.579072 -0.391984 0.179379 0.587518 0.714115 -0.839992 -0.211951 -0.343085 -0.564815 -0.320635 0.284313 -0.898074 0.646545 -0.386138 -0.143702 -0.505492 0.419134 0.029875 0.862001 -0.332303 0.983208 0.221851 0.873829 0.066376 -0.752889 0.669102 0.626055 0.316832 0.451394 -0.668989 -0.094840 -0.707370 0.516484 -0.908584 0.870527 -0.943711 -0.625195 -0.374351 -0.387976 -0.905516 0.646465 0.684120 0.031438
0.488490 -0.922111 0.239748 0.313239 0.684062 0.549751 -0.897039 -0.739858 0.248664 0.916763 -0.213593 -0.873639 -0.807277 -0.979720 -0.181564 0.176985 -0.277880 -0.827369 -0.650755 0.400709 -0.710120 0.965806 0.908218 -0.677595 -0.813129 0.981716 0.205101 0.838253 -0.122234 -0.242116 0.900201 -0.280752 -0.136602 0.604802 -0.724880 -0.936459 0.427961 0.527955 -0.660619 0.095156 0.993119 0.219031 0.763971 0.774618 0.839402 -0.286661 0.569604 -0.646390 -0.215129 0.682964
0.375838 -0.200663 0.933071 -0.614477 -0.086480 0.995244 0.194726 0.141186 0.916589 0.038029 -0.788132 -0.061808 0.948798 -0.245914 0.616716 0.075165 -0.381856 0.884684 -0.169399 0.637088 -0.007858 0.122572 0.749891 0.902815 0.070527 0.035150 0.449197 -0.957498 0.668023 -0.608894 0.546248 -0.045919 0.151332 0.040848 -0.265597 -0.655649 0.422403 0.573955 -0.292541 0.034858 -0.680750 -0.502352 0.857826 0.012019 -0.268860 0.198442 -0.116354 -0.124764 0.725834 0.945410
-0.580144 -0.933771 0.055942 0.689838 -0.736463 -0.170283 -0.932338 -0.988174 0.173653 -0.736197 0.954233 -0.691814 0.016326 -0.850351 -0.470375 0.488690 0.130468 0.734553 -0.991613 -0.101367 -0.642817 -0.123891 0.181029 0.122278 -0.085162 -0.643744 -0.040031 -0.176405 0.383693 -0.923052 0.469202 -0.608011 0.868849 -0.385546 -0.867565 0.861593 0.952800 0.947624 0.269001 -0.767572 0.370520 0.658434 0.405123 -0.788930 -0.285263 -0.373505 -0.436573 -0.034879 0.308628 -0.241879
0.751960 0.472946 -0.909485 -0.347353 0.534762 -0.235934 0.725271 -0.293773 -0.959296 0.290207 0.199929 -0.093799 -0.615060 0.642027 -0.977091 -0.079010 -0.211399 -0.760601 -0.062518 0.757868 0.364823 0.574526 0.585840 -0.320079 -0.557136 -0.598181 0.871718 0.363944 -0.546792 -0.039412 0.881671 -0.791635 0.305869 -0.621858 -0.819032 0.936024 -0.586721 -0.071757 -0.059462 -0.862015 0.835218 -0.635654 0.251535 0.053609 -0.380618 0.583805 0.399465 0.605610 0.262706 0.026417
-0.751330 -0.108477 0.041892 -0.968780 0.715908 -0.149000 0.552392 -0.287607 -0.811698 -0.409084 0.153091 -0.255357 0.552684 0.958417 0.066226 -0.899294 -0.618222 -0.617595 0.486164 -0.487662 -0.951738 -0.363484 0.120844 -0.066764 -0.179465 -0.155927 -0.568034 0.468366 -0.330980 0.532305 0.960232 0.427424 0.545607 -0.517580 -0.386112 0.375297 -0.454879 -0.648051 0.306164 -0.618665 -0.699768 -0.602420 -0.468237 0.850333 -0.272658 0.512823 -0.045009 0.971354 -0.412760 -0.934056
0.064129 -0.326011 0.661409 -0.403109 -0.031222 0.758926 -0.579736 -0.567898 -0.048002 -0.827852 0.383365 0.484800 0.886064 -0.827156 0.401077 0.770694 0.227832 0.266280 0.759320 -0.895497 0.696831 0.986526 0.229352 -0.193721 -0.485535 -0.536752 -0.790435 0.938498 -0.761132 -0.934831 0.203487 0.133621 -0.117656 -0.643167 -0.123297 0.176999 -0.515331 -0.155163 -0.155245 0.159373 0.170128 -0.443004 0.139892 0.852949 -0.004064 -0.765977 0.498467 0.262749 0.424616 -0.354861
0.478695 0.145514 0.752127 0.632682 -0.226344 0.634737 0.888547 0.905087 -0.741793 0.571966 -0.900159 -0.439776 -0.673256 -0.051586 0.711080 -0.108194 -0.611866 0.534102 -0.319723 -0.762838 0.807190 0.594009 -0.245767 -0.825880 -0.674403 -0.184776 -0.420302 -0.272776 -0.978149 0.942037 -0.566971 -0.793920 0.858967 0.019328 -0.525804 0.215194 0.023106 0.362697 0.674431 -0.559766 -0.293972 0.089492 0.664078 0.158327 0.544610 -0.546817 0.347158 0.646574 -0.146270 -0.537059
-0.401737 -0.625437 -0.951617 0.870946 0.631006 0.191463 -0.667753 0.750749 0.925620 0.074567 -0.443473 -0.693171 0.913037 0.349625 0.898170 -0.592968 0.730290 0.758910 -0.513451 -0.996396 0.702228 0.759541 0.186631 0.420764 0.160487 -0.655746 -0.131439 -0.927661 -0.059160 0.143690 -0.527331 -0.420676 0.158813 -0.251712 -0.692170 0.659824 0.581269 0.655333 -0.746132 -0.583612 -0.172052 0.659089 0.806766 -0.003531 -0.443604 -0.661866 -0.745924 -0.385988 0.444641 -0.365759
0.497352 0.016756 0.978454 -0.727947 -0.833048 -0.252540 -0.966950 0.450853 -0.214973 0.409763 -0.916087 0.380211 0.264808 0.536347 0.304298 0.049852 0.094871 0.634677 -0.101668 0.013296 0.903258 -0.000112 0.392793 -0.077116 -0.317174 -0.146241 -0.057596 0.539536 0.730548 -0.199895 -0.550146 0.298804 -0.658148 -0.900453 -0.655275 -0.761694 -0.048296 -0.573991 0.909883 0.998359 0.843200 -0.111824 0.053960 -0.406066 0.829278 -0.485377 -0.126676 0.661657 -0.278515 0.268682
-0.939270 -0.062297 0.508484 -0.452152 0.032527 0.057242 -0.104393 -0.594972 -0.295082 -0.783970 -0.329919 0.909306 -0.470388 0.472114 -0.633592 -0.661209 0.064619 0.637128 -0.973444 0.302121 0.313813 -0.547006 -0.904353 -0.354004 -0.401985 0.653640 0.466066 0.103259 -0.141518 0.975544 -0.985370 0.778969 -0.676299 0.068945 0.811346 0.694624 0.361143 0.948196 -0.193291 -0.072337 -0.668210 0.305895 -0.417997 -0.826963 -0.626947 0.671917 -0.799024 -0.862000 0.206386 -0.738577
-0.171991 0.218755 -0.742746 0.263884 0.171787 0.784131 0.602505 0.025275 -0.038415 -0.438768 0.285877 0.456420 -0.797758 -0.307338 0.810582 -0.564539 -0.212392 0.819287 0.899692 0.309754 0.741722 0.064504 -0.908719 0.798233 -0.330921 0.694990 0.572354 -0.315148 -0.976226 0.831136 0.323739 0.229280 0.249237 -0.629657 -0.412905 -0.860489 0.207338 -0.144638 -0.204013 0.086306 0.296323 -0.356637 0.986075 0.906366 0.985116 0.088298 -0.584722 -0.721686 0.729985 0.186346
0.627535 -0.061260 -0.727643 0.414577 -0.836184 0.635295 -0.954293 -0.224975 0.358513 -0.988599 -0.786281 -0.748372 -0.435650 -0.935721 0.065339 0.700631 -0.544257 0.780810 0.902961 -0.842792 0.753100 -0.894934 -0.979767 0.713096 -0.705898 0.215347 0.023502 -0.644242 0.148345 0.485833 0.732283 0.175189 0.281874 -0.180307 0.291695 0.193784 0.809695 -0.726891 -0.910843 -0.133748 -0.191941 0.391350 0.429473 -0.300152 -0.610396 0.669315 -0.424276 -0.178274 0.320831 -0.150699
-0.756308 0.443938 -0.067644 0.498256 0.230586 -0.418818 -0.225319 -0.091339 -0.721333 0.510026 -0.502406 -0.965107 0.193383 -0.988705 -0.441442 0.402317 -0.527281 -0.881878 0.550505 0.886850 -0.785848 -0.286767 -0.709231 -0.612534 -0.226496 0.758366 -0.244183 0.907905 -0.135013 -0.141810 -0.197975 0.095895 -0.871918 -0.619946 0.644974 -0.593907 0.207488 -0.052326 0.165245 0.190086 0.808034 -0.345666 -0.039933 0.743723 -0.308714 0.840337 0.419145 -0.430287 0.046472 0.178008
0.490290 0.873416 -0.122669 -0.473152 0.122873 -0.623898 -0.744672 -0.324537 0.043683 0.052755 -0.869037 -0.084288 0.166633 -0.636700 0.181742 0.803909 -0.572054 0.673052 0.409610 -0.926194 -0.869031 0.710898 0.524250 -0.271771 0.467301 0.346782 -0.241420 0.250963 0.392602 -0.769050 0.884662 -0.106702 -0.810371 0.400644 -0.200757 0.243388 0.553843 -0.787534 -0.317342 -0.835616 0.463737 0.423271 0.379951 0.254998 -0.320149 -0.295252 0.463370 0.303529 0.329076 0.727685
-0.798637 0.534165 0.837907 0.964991 -0.936313 0.053421 -0.382172 0.246212 -0.102145 -0.735175 -0.402564 0.277968 0.756743 -0.994621 0.469056 -0.508480 -0.770194 -0.661564 -0.456665 -0.444624 -0.345812 -0.658115 0.860416 -0.023112 0.841319 -0.409677 -0.552286 -0.911047 -0.353301 0.728288 -0.938273 -0.521058 0.170311 -0.961949 0.049274 -0.179076 -0.226881 0.178656 0.311559 0.930541 -0.559438 0.677171 0.552149 -0.789480 0.269216 -0.632306 -0.292440 -0.382537 0.340640 0.172271
0.812361 -0.690678 0.188427 -0.322772 -0.970817 0.440824 0.408056 -0.174092 0.878751 0.626458 0.320240 -0.483076 -0.197736 -0.768686 -0.001275 0.299511 0.867250 -0.029337 0.589307 0.955975 -0.841172 0.134493 -0.032328 0.407949 0.873649 -0.691203 0.109751 0.326563 -0.454595 0.259631 -0.083349 -0.499267 -0.445205 -0.668643 -0.281559 0.371894 -0.658791 -0.519759 0.621089 -0.672371 0.944254 0.742533 -0.208549 -0.202173 -0.896472 0.295502 0.518546 0.052498 0.661798 0.903525
0.428215 0.085404 0.991657 0.082336 -0.746551 0.436983 0.501073 -0.162378 -0.490409 0.776554 -0.111196 -0.403418 0.507461 0.544780 0.454961 0.283244 0.938770 -0.428770 0.425416 -0.692005 0.413118 0.512114 0.321830 -0.953857 0.803885 0.232132 -0.540354 -0.784351 0.213311 -0.873145 -0.049781 -0.854724 -0.327586 0.094552 -0.505367 0.560889 -0.685351 0.185634 -0.503787 -0.205637 -0.204631 -0.045061 -0.118202 0.622334 -0.842485 -0.075679 0.397158 -0.072972 -0.855429 -0.855259
-0.407685 -0.095300 -0.305492 0.661501 -0.260797 -0.171326 -0.040825 -0.683869 -0.491012 0.588795 -0.933422 0.668783 0.940219 0.387183 -0.319199 0.880039 -0.555452 -0.934002 0.143968 0.993708 -0.460186 0.933719 -0.130343 -0.259157 0.397369 -0.077546 0.869782 -0.761900 -0.504306 -0.416818 -0.238347 0.256587 -0.575059 0.018400 -0.828807 -0.176203 0.957964 -0.900260 0.456700 -0.931270 0.576071 0.836321 0.386764 -0.257873 -0.167565 0.116192 0.912661 -0.540093 -0.592235 0.271134
-0.752787 0.863267 0.865253 0.841138 0.562224 0.473738 -0.804767 0.070935 0.377872 -0.572861 0.330352 -0.874499 -0.793925 -0.681892 -0.587410 -0.878404 0.299374 -0.376819 -0.513156 0.098666 0.091155 0.648013 0.180808 0.432083 -0.104862 0.199327 0.975064 -0.559579 -0.027025 -0.247916 -0.506912 -0.485090 -0.955487 0.479171 -0.911955 0.538872 0.308300 0.035592 -0.774441 -0.793034 0.328198 -0.244525 -0.564822 -0.252220 -0.008200 0.164559 -0.834407 0.176057 -0.077042 0.146100
0.880467 0.851199 0.175267 -0.702782 0.922480 0.355859 -0.593715 -0.825235 -0.949662 0.714712 0.675127 0.512130 -0.283189 -0.682262 -0.142172 0.243846 -0.031186 -0.207422 0.179372 0.877693 -0.637011 0.514716 -0.976015 -0.112034 -0.792277 -0.818856 0.852872 -0.299524 0.587068 0.186119 -0.964253 -0.226328 -0.990528 0.526168 0.983442 -0.779637 0.328329 -0.018074 0.833133 0.838370 -0.147300 -0.992426 -0.800661 0.210233 -0.573608 0.414667 0.172695 -0.949262 -0.198135 -0.826465
0.571746 -0.461003 0.727336 -0.835681 -0.387362 0.594591 0.682248 -0.679806 -0.028319 0.360145 -0.191769 -0.958477 -0.575347 0.826814 0.008259 -0.075465 -0.588642 0.015973 -0.803784 -0.325501 0.444471 0.172873 -0.414814 0.974362 0.837911 0.547200 0.999253 0.686553 0.607551 0.057256 -0.888697 0.286599 0.882722 -0.297211 0.639417 -0.143714 -0.355354 -0.906094 -0.240207 -0.505853 0.372247 -0.133441 -0.466789 0.247816 0.460044 -0.800128 -0.024357 0.037161 -0.138253 0.146417
-0.682697 -0.841640 -0.756767 0.751601 0.353967 0.823074 0.850687 0.507272 0.991429 0.931781 0.473877 -0.849821 -0.142493 0.105270 0.167774 -0.350984 0.640124 -0.821365 -0.794069 -0.872907 0.557273 0.162291 -0.288485 -0.375738 0.428463 0.005157 0.055154 -0.145843 -0.399765 0.878945 -0.890362 -0.331769 0.330824 -0.195410 0.610491 -0.127303 -0.396461 -0.746654 0.552959 0.123751 0.237914 -0.006173 0.080146 -0.009790 -0.411994 0.471470 0.111153 -0.924407 0.857181 -0.452540
-0.355209 0.131115 0.867725 -0.877382 -0.927343 -0.240701 0.744577 0.841633 -0.173547 -0.349121 -0.145886 0.826539 -0.189884 -0.225871 0.824060 -0.078839 0.255694 -0.533188 0.397309 0.665363 -0.576020 0.430419 -0.602008 0.496975 -0.942230 0.892820 0.088500 -0.501941 0.624125 -0.097891 -0.467991 -0.202949 -0.262382 0.487767 0.122476 0.447481 -0.793420 -0.980108 -0.786271 -0.398478 -0.825537 -0.196451 -0.254817 -0.806504 0.169677 -0.454826 -0.259992 -0.839238 -0.655055 0.484117
0.236041 -0.402133 0.003943 -0.159415 0.698191 -0.211032 -0.218024 -0.844445 -0.197792 0.056335 -0.053667 0.850259 -0.786681 0.836430 0.825950 -0.453238 -0.408807 0.934828 0.106845 -0.222258 0.047791 -0.226247 0.953296 -0.628870 -0.605855 0.383649 0.389802 -0.171501 0.842761 0.288257 0.436521 -0.615905 -0.784756 0.702066 -0.894929 0.831219 0.798101 0.375110 0.740050 -0.798138 -0.098362 -0.661178 -0.973598 -0.996797 0.061201 0.814901 -0.242235 -0.137271 0.428960 -0.770220
0.849672 -0.116004 -0.955387 0.341298 -0.735783 -0.499775 0.445117 0.407300 0.299275 -0.858917 0.364212 0.363449 0.189819 -0.722617 0.454759 -0.410337 -0.027332 -0.109873 -0.151905 -0.845086 -0.066253 0.295253 -0.678840 0.014618 -0.980988 -0.522367 -0.537537 0.054316 0.556622 -0.582264 0.656811 0.776772 -0.304703 0.428105 -0.598413 0.382441 -0.050902 -0.256623 0.656589 0.939229 0.865163 -0.620753 0.531520 0.275850 -0.074804 -0.791649 0.082588 -0.863874 0.864643 -0.271923
0.596974 -0.270838 0.380492 0.218313 0.948903 0.282097 -0.321130 0.395968 0.265530 0.720855 -0.615655 -0.023217 0.825160 0.992190 0.806434 -0.589869 -0.160142 -0.113625 -0.077806 0.171654 0.828666 -0.133554 -0.782714 -0.443159 0.148953 -0.801904 -0.988393 0.249927 -0.877642 0.500450 0.203281 -0.720089 -0.077813 0.460009 0.245136 -0.689825 0.832183 0.116359 -0.064999 -0.427820 0.333567 0.982070 0.401019 -0.144698 0.102686 0.368881 0.364901 0.506036 -0.948508 -0.943452
-0.746026 0.086675 -0.850450 -0.749122 0.593944 -0.103274 -0.355572 -0.804781 -0.743042 -0.252325 0.603721 -0.845934 0.447260 -0.145647 -0.652000 0.838205 0.634497 0.584640 0.963571 0.327105 -0.170725 -0.098393 0.916336 0.394937 0.678544 -0.541669 0.360303 0.756266 0.561748 -0.401672 0.372771 0.235072 0.087516 0.408034 -0.201337 -0.201940 -0.817427 0.936245 0.416254 -0.987387 -0.846489 0.541054 0.780465 -0.855724 -0.844574 -0.566959 -0.731848 -0.444650 -0.926578 -0.578800
0.457610 -0.417444 -0.443292 0.055986 -0.782559 -0.911110 0.877880 -0.635487 -0.250738 -0.502163 -0.694541 -0.267747 0.039551 -0.048755 0.914155 -0.445197 -0.788089 0.329981 -0.693112 0.067630 0.299799 -0.558972 0.823135 0.766171 0.853350 -0.695634 -0.356980 0.052956 -0.826947 0.791693 -0.505483 0.306396 -0.960264 -0.429978 0.227208 0.889533 0.154238 0.370652 -0.367257 0.232336 0.298493 0.487080 0.266607 0.352755 0.908271 -0.946057 0.644258 0.012039 -0.133324 -0.430376
-0.934989 0.313738 0.809626 0.439459 0.378863 0.796226 0.052465 0.358537 0.625783 -0.795335 0.278927 -0.031530 -0.334527 0.588071 -0.250124 0.795639 0.271347 0.141055 -0.046415 -0.728187 0.826165 -0.899073 0.618142 0.539207 -0.686370 -0.683261 -0.098899 -0.842761 -0.528182 0.032101 0.337682 0.142418 0.337038 -0.992634 0.309929 -0.725353 -0.405645 -0.664028 -0.869732 -0.461786 0.979033 -0.051508 0.819524 0.693958 -0.771743 -0.969611 0.192589 -0.280039 0.017781 -0.587204
-0.662967 0.332535 -0.620516 0.078410 -0.771395 -0.869561 -0.584426 0.513673 0.343562 0.257582 -0.543335 0.757443 -0.622922 0.288873 0.082629 -0.158867 -0.512767 -0.464445 0.905084 0.640461 -0.991665 0.445946 -0.409177 -0.766646 -0.767395 -0.562175 -0.279398 -0.618628 -0.767174 0.854427 0.075588 -0.171382 0.471188 0.056875 -0.315430 0.194172 -0.923178 -0.291865 0.498635 0.363736 -0.141142 -0.788622 -0.083748 -0.409971 -0.232987 -0.105680 0.204526 0.196763 -0.270981 0.721936
-0.943191 -0.019701 0.152791 -0.891039 0.691808 -0.532448 0.851371 0.043804 -0.408563 0.474743 -0.935312 -0.578081 0.154190 -0.335001 0.607418 0.287992 0.023577 -0.606897 0.586691 0.744852 0.924328 -0.540335 0.814713 -0.445151 -0.200467 0.296290 -0.936610 -0.835562 -0.967129 0.068078 -0.697424 -0.410220 -0.832139 0.387946 -0.057018 0.385979 -0.958466 0.003405 -0.553391 0.096984 0.367809 -0.229137 -0.376568 -0.942767 0.362174 -0.275770 0.082127 0.356221 0.364962 -0.983622
0.154066 0.473604 -0.991142 -0.241662 0.485868 -0.290122 -0.309518 0.129316 0.825889 0.346008 0.717841 0.400082 -0.764901 0.395924 -0.092650 0.991493 0.635512 -0.295768 0.627115 -0.868776 -0.442539 0.290798 -0.857110 0.045308 -0.027355 0.632532 0.761321 -0.880687 -0.980725 0.342228 0.623776 -0.745917 0.451473 -0.562301 0.432375 0.753880 0.398053 0.240834 -0.403704 0.146351 -0.134844 0.209959 -0.271017 -0.200638 0.716341 0.189432 0.382002 -0.750555 -0.945932 -0.112313
0.196631 -0.784473 -0.567741 -0.791437 0.353644 -0.165249 -0.857655 -0.683064 -0.405778 -0.303080 -0.440483 -0.652852 0.972476 0.201782 0.052087 -0.576550 0.905514 -0.875453 -0.041558 0.461754 0.297644 -0.089898 -0.426190 -0.955495 0.326165 0.129878 0.938874 0.547357 0.326184 0.173956 -0.139945 -0.851120 0.513349 -0.769767 0.657943 0.839361 -0.861626 0.364696 -0.027068 -0.865344 0.527098 0.692001 -0.588982 0.397529 0.704017 -0.186462 0.163820 0.000721 -0.043686 0.629750
0.130221 0.558575 0.496318 -0.930374 0.211085 0.152359 -0.750719 -0.356977 -0.159257 0.663832 -0.523300 0.343261 -0.851745 0.116325 0.561689 -0.516049 -0.134026 0.809245 0.832141 -0.947222 0.409485 0.460984 0.114152 0.164112 0.078256 -0.588605 -0.601411 0.333677 0.026047 -0.067921 0.910073 0.389811 -0.439376 -0.432759 0.720393 0.283852 -0.634612 -0.694113 -0.244371 -0.608216 -0.581184 0.354122 0.914637 -0.064374 0.029308 -0.977689 -0.761395 0.457705 -0.066096 0.148360
0.285918 -0.829425 -0.574778 0.023528 -0.192515 0.216626 -0.890459 0.869238 0.200354 -0.647293 0.824244 -0.387791 -0.091452 0.985902 0.465728 0.012141 0.946905 0.236660 -0.788132 -0.994834 0.685429 0.812227 -0.960067 0.217996 0.388598 -0.524307 -0.918633 0.515635 0.625907 0.217321 0.338239 -0.826887 -0.129181 -0.954332 0.501173 -0.113394 0.336588 0.557792 0.699223 0.980181 0.816107 -0.553402 -0.973114 -0.156147 0.811783 0.865378 0.300466 0.509454 -0.525118 0.019188
-0.025207 0.933576 -0.921725 -0.176138 -0.514591 0.482855 -0.543879 0.026198 -0.313486 0.303543 -0.356248 0.867822 0.943990 0.508726 0.358589 -0.404154 -0.226971 -0.628143 0.161212 -0.359458 0.169768 -0.593956 0.725915 -0.110825 0.096577 0.243877 -0.222215 -0.939886 -0.268349 0.905816 -0.492235 0.138283 0.899834 0.050830 -0.609634 -0.233120 0.908674 -0.033434 0.941716 -0.680885 0.082501 -0.879232 0.428152 -0.417892 -0.917432 -0.759390 -0.498124 -0.644626 0.331011 -0.281128
0.031156 0.065810 -0.462414 0.265885 0.922870 0.032857 0.370349 -0.487230 0.482748 0.546222 -0.683084 -0.454564 -0.463977 -0.247858 -0.588070 0.777400 0.865298 -0.764148 0.899033 -0.798941 0.310848 -0.422413 -0.254901 -0.913619 -0.596568 0.821128 -0.611920 0.224366 0.393884 0.075175 0.003794 -0.520890 -0.324881 0.706021 0.215001 0.408165 -0.795411 -0.185015 -0.662107 0.777919 -0.234450 -0.858783 0.487777 0.316498 -0.687689 0.132916 0.317881 -0.368180 -0.710701 0.146286

Bias v0 (Oculta):
-0.840020
-0.011934
-0.902575
0.841221
-0.497116
-0.002834
0.265470
-0.647245
0.609547
0.829878
-0.244996
0.204121
-0.009455
-0.046917
0.991046
0.549782
-0.943269
0.405441
-0.985250
0.324688
-0.507012
-0.420633
0.647029
-0.117652
-0.204115
0.549113
0.759523
0.096778
0.403544
0.068666
0.730468
0.591541
-0.173936
-0.710718
-0.709235
0.185362
-0.734280
0.831643
-0.159400
-0.507123
0.356414
0.624128
0.640781
-0.564550
0.093450
0.102992
-0.948087
-0.586617
-0.046711
0.178009

Pesos w (Oculta -> Saída):
-0.460629 0.533044
0.628367 -0.073055
-0.252600 0.670134
0.508758 -0.157820
0.137351 0.451595
-0.957596 0.228745
0.258551 -0.149489
-0.863529 0.503018
-0.186314 0.979676
-0.841934 0.036335
-0.032686 -0.443156
-0.228859 0.226399
-0.529682 -0.294925
0.102290 0.702237
-0.007047 0.120091
0.848482 0.318980
0.717690 -0.512312
0.288846 0.135988
0.206897 -0.793392
0.505856 0.059920
0.445911 0.084310
-0.595709 0.702553
-0.980361 0.672806
-0.762448 -0.880693
0.266675 0.748656
0.576898 0.012574
-0.349791 -0.214734
0.232137 -0.282739
-0.323547 0.335804
0.554202 0.516880
-0.339551 -0.463968
0.599957 -0.754899
-0.277592 0.089630
-0.178747 -0.506900
0.949785 0.605275
-0.426271 -0.805909
0.807651 -0.109247
-0.253627 -0.854935
-0.907092 0.653137
-0.294732 0.425043
-0.589315 -0.519529
-0.100349 0.090592
0.576635 0.224845
0.198793 0.418574
-0.797208 0.927813
0.830621 -0.668454
-0.298754 -0.365862
0.689707 -0.554378
-0.069185 0.753939
-0.440976 -0.757610

Bias w0 (Saída):
-0.893413
0.725553
