Pesos v (Entrada -> Oculta):
-0.798684 0.916778 -0.004628 -0.213242 0.434309 -0.531892 -0.957764 0.302258 0.872149 0.692152 -0.589624 -0.370279 -0.615730 0.308192 0.463856
-0.874117 -0.448447 0.551407 -0.000128 -0.389444 -0.545860 0.669396 -0.607708 -0.470983 0.240678 -0.738038 -0.290464 0.290001 0.461461 -0.081707
0.938909 -0.642859 -0.566112 -0.346606 -0.640542 0.204077 0.273377 -0.807691 0.853587 -0.565170 -0.676677 -0.464330 -0.161612 0.388117 0.739620
-0.964159 0.154751 0.690957 0.992810 0.877189 -0.717978 -0.271123 -0.344138 -0.164818 -0.784781 -0.717620 0.772908 -0.042790 -0.153990 0.464575
0.939153 0.092132 0.753493 -0.716324 0.234596 -0.928290 -0.725631 0.808618 -0.106816 -0.135637 0.843868 0.420952 -0.053372 -0.973183 0.741440
0.801833 -0.510026 0.750728 0.219945 0.755888 0.919078 0.627933 -0.849722 -0.704296 0.106755 0.359701 0.565713 -0.401193 -0.498990 -0.392350
-0.186842 0.250140 -0.255455 -0.141398 -0.054128 -0.898613 0.354407 0.749125 0.533304 -0.260562 0.779321 -0.115434 -0.052997 -0.229357 -0.276040
-0.468792 0.042603 0.119461 0.284976 0.666228 0.202175 0.469995 -0.899856 -0.938829 0.987360 -0.920568 -0.637425 0.333932 0.378331 -0.134445
0.928773 -0.240189 0.231861 -0.431311 0.841678 -0.241076 -0.703080 -0.914788 -0.227314 -0.384199 -0.671310 -0.373488 -0.349500 -0.209182 0.499836
0.463158 0.971712 0.664581 -0.551865 -0.460676 -0.761291 0.535624 0.327954 -0.645341 0.194840 -0.880764 -0.158531 0.392867 -0.920112 0.395893
0.096092 0.749741 0.516042 -0.187187 0.372031 -0.180992 0.542428 -0.272360 -0.559178 -0.195799 0.787284 -0.688741 0.875560 -0.266466 -0.789426
-0.979100 -0.339293 -0.114033 -0.329215 -0.618429 -0.019545 0.380980 -0.024274 0.885892 0.932697 0.324305 -0.534182 -0.487145 0.456598 -0.067008
0.819990 0.534452 0.362147 0.097976 -0.178184 -0.577409 -0.355221 -0.837827 0.961180 -0.561883 0.491036 0.684819 0.563710 -0.248020 -0.236049
0.439508 -0.004570 0.789174 -0.997234 0.480211 0.726601 -0.078917 0.860337 0.897292 -0.406882 0.776134 -0.038138 -0.408031 0.972391 0.774159
-0.997178 -0.035259 -0.991092 0.678382 -0.399200 0.433080 -0.388500 0.770641 -0.706253 -0.145242 -0.417299 -0.412470 0.637624 -0.050191 0.194378
-0.210072 -0.248675 0.799765 -0.856110 0.191330 -0.588568 0.992695 0.228602 -0.201499 -0.273647 0.243522 -0.615515 -0.615860 0.913451 0.136077
-0.072166 0.768225 -0.466107 -0.661687 0.960725 0.048414 -0.271314 -0.539509 -0.932090 -0.435906 -0.160555 0.930379 0.392425 -0.331724 0.651238
-0.728841 0.807060 -0.509752 -0.209618 -0.925284 0.575011 -0.672003 0.943944 0.825483 0.494960 -0.417042 -0.608339 -0.818241 -0.304519 0.245505
0.128987 0.783784 0.240678 0.023393 0.171176 -0.602604 0.081460 -0.388753 -0.231446 -0.327851 -0.093280 0.594836 -0.953398 -0.406782 -0.691621
-0.377108 -0.769272 -0.036621 -0.337753 0.498546 0.199456 0.979315 0.345853 -0.650013 0.664446 -0.497696 -0.460223 -0.698624 0.474726 0.660364
0.981304 -0.493601 -0.671482 0.373266 -0.150961 -0.330767 0.899200 0.527723 0.550107 -0.192468 0.927296 -0.322866 -0.786832 0.121721 0.657989
0.421970 0.959540 -0.782933 0.848348 0.029443 -0.252707 -0.580296 0.591908 0.159216 0.010066 0.381136 -0.566628 -0.769039 0.554085 -0.493221
0.029895 -0.995322 -0.680728 -0.738775 -0.065621 0.554622 -0.846952 0.945030 0.882571 -0.039961 -0.403581 0.477384 -0.569367 0.396866 -0.458984
0.089328 -0.042934 -0.343350 -0.263991 -0.906063 0.753696 -0.688061 0.346884 0.492507 -0.019264 0.606575 -0.757359 0.247875 0.487018 -0.037098
-0.576298 0.671113 -0.253528 0.875013 -0.273131 0.173807 0.017474 0.380131 -0.258905 -0.255189 -0.426519 -0.059786 -0.605683 0.773676 -0.075599
-0.252514 0.461537 0.488233 0.892895 -0.177978 -0.094754 -0.725083 0.868797 0.330023 0.993571 -0.362925 0.540990 -0.574753 0.242119 -0.573621
0.873708 -0.312165 -0.405242 0.599755 0.239780 0.963627 0.755242 -0.449891 0.138830 -0.484653 -0.319226 -0.269775 0.135420 -0.886689 -0.545817
0.645335 -0.946505 -0.634327 0.287308 -0.843123 -0.360973 0.035272 0.045697 0.180653 -0.883117 0.354513 -0.349812 0.810695 -0.678969 0.819352
0.691680 0.626898 -0.503282 -0.006987 0.036061 0.533718 0.331541 0.715123 0.860732 0.283262 0.341181 -0.421993 0.789190 0.902712 0.818734
0.111058 0.491658 -0.865135 -0.563573 -0.076550 -0.681587 0.421241 0.456496 0.558325 0.638992 0.903012 0.879661 -0.538569 -0.370711 -0.143672
0.468453 -0.943902 -0.699094 0.143049 0.345362 0.471967 0.828396 -0.401621 -0.625735 -0.111558 -0.514691 0.318009 -0.404790 -0.619378 0.418627
0.730029 0.906419 0.655929 0.945431 0.599538 -0.861064 -0.333493 0.248513 0.128303 0.474923 0.965635 0.395182 0.929847 -0.669738 -0.564409
-0.205868 0.785381 -0.979995 -0.877716 -0.019774 -0.761704 -0.320535 0.878605 -0.918431 0.558916 0.690008 -0.894423 0.034138 -0.845720 -0.441992
0.768534 -0.874759 0.647699 -0.060162 -0.886921 0.566654 -0.507333 0.678411 -0.018558 0.519926 -0.087985 -0.257618 -0.246921 -0.626841 0.790624
0.449527 -0.713327 -0.457352 -0.771076 -0.056762 -0.061133 0.406952 0.459223 0.973469 0.335407 0.348774 -0.766044 0.779309 0.040802 0.633213
0.194355 -0.534485 -0.799244 -0.427877 0.415807 0.853283 0.314411 -0.281505 -0.081272 -0.574422 -0.717195 -0.026423 -0.301843 -0.218523 0.277184
-0.217895 -0.093971 0.152475 -0.700236 0.118612 -0.628732 0.039932 0.916801 0.855008 -0.122967 0.547210 -0.837059 0.874697 0.374172 -0.460337
0.618961 0.154893 -0.154878 -0.289466 0.417042 0.408347 0.451924 0.455023 0.166684 -0.522542 0.063289 -0.123370 -0.661062 -0.545526 0.593032
0.178644 0.577274 -0.862030 -0.276198 0.332270 -0.689797 0.877780 0.628035 -0.289090 0.227978 0.061333 -0.157036 -0.348668 0.980768 0.802657
-0.732461 0.605559 0.219540 -0.737412 0.935549 0.355944 -0.058893 -0.974555 0.885892 0.524188 0.535466 0.791794 0.641675 -0.148133 0.494765
-0.294884 -0.927248 0.499081 0.064426 -0.980125 0.218482 -0.613856 -0.189025 -0.573156 -0.936067 0.846844 0.030710 0.375874 0.479952 0.881093
0.044637 0.425090 -0.810350 0.684498 -0.306411 0.793526 0.931648 0.513189 0.438168 -0.271269 0.763456 0.150530 -0.653999 -0.728863 -0.300591
0.850353 0.727299 -0.873116 0.450089 -0.331122 0.560318 -0.985309 0.897366 0.692969 0.503692 -0.189561 0.082346 0.326212 -0.332023 -0.455838
-0.632455 -0.827589 0.982720 0.972568 -0.920345 -0.172410 -0.221531 -0.251405 -0.734229 -0.725465 -0.929759 -0.792983 0.396879 0.489817 -0.270230
-0.107244 0.877321 0.169748 -0.626289 -0.046209 -0.053886 0.065218 -0.696452 0.271801 0.223865 0.558538 0.221058 -0.833560 -0.977102 -0.146925
0.202804 -0.129525 0.021586 0.582490 0.139618 0.805246 0.512421 0.634848 -0.685933 -0.838386 -0.279437 -0.850253 0.813986 0.293294 0.077088
0.906584 -0.674855 -0.638559 0.879651 -0.449952 0.557006 0.842659 0.942342 0.434737 0.820064 0.730594 -0.163949 -0.454288 0.879923 0.314354
-0.565864 0.451529 0.161147 -0.389486 -0.728466 0.834057 0.055920 0.158169 0.330809 -0.341578 0.481191 -0.990714 0.809470 0.277249 -0.270586
0.679284 -0.117949 0.137298 -0.335387 0.505853 -0.306951 -0.262316 -0.379518 -0.273375 -0.953257 -0.362795 0.972800 -0.264317 -0.001747 0.108679
0.134428 -0.520391 0.506241 -0.658195 0.750383 -0.548242 -0.223966 0.748699 -0.838574 -0.229191 -0.416073 -0.827246 0.902371 -0.549407 -0.150009
-0.699368 0.628743 -0.283753 -0.908950 0.862209 -0.395624 0.366731 0.615630 0.455338 0.325601 -0.232745 0.623954 0.300613 0.938035 -0.255229
0.615406 0.157313 0.591952 0.026915 -0.063862 0.629961 -0.985751 -0.880903 0.998337 -0.991214 -0.877115 -0.299634 -0.930294 0.560878 -0.801171
0.531877 -0.116150 -0.364422 -0.158499 0.850168 -0.084166 -0.860913 -0.311576 -0.061944 0.046926 0.848265 0.448850 0.521045 0.898808 0.416368
-0.060600 -0.293161 -0.019666 0.643948 0.658884 0.944631 0.572998 0.110904 0.555703 -0.854447 0.666650 -0.188513 0.318873 0.967760 -0.159939
-0.417772 -0.441089 0.614793 -0.497580 0.596518 -0.917960 0.767509 0.468394 -0.986420 0.759335 -0.944820 0.872116 -0.236397 -0.256369 -0.617354
0.637023 -0.287779 0.623485 0.725267 -0.829908 0.944183 -0.205541 0.203547 -0.591716 0.878480 -0.116159 -0.935252 -0.544912 0.846924 -0.986688
-0.713473 -0.996286 -0.420030 -0.888953 0.875644 0.195593 -0.636885 0.192744 0.868591 -0.590345 0.636621 0.033130 0.668547 0.801671 -0.168407
0.542831 0.367899 0.902474 0.283281 -0.498015 0.717992 -0.208513 0.844950 0.647142 0.900464 -0.337726 0.040446 -0.670093 0.689569 0.394399
0.546437 0.091764 0.717784 0.444011 -0.892820 0.730634 -0.806902 -0.325535 0.169639 0.908865 -0.314780 -0.517503 -0.778710 -0.401543 0.841989
-0.297565 0.472511 0.127793 0.188408 -0.693976 -0.293394 -0.634798 -0.923136 0.760969 -0.510927 0.961466 0.120337 -0.472843 0.574166 -0.676804
-0.350378 0.615670 0.425883 0.410174 0.472417 0.610474 -0.909019 -0.519925 0.675383 0.644613 0.518117 -0.213718 -0.592012 -0.070853 -0.923468
0.608513 0.136249 -0.889100 -0.418422 0.968165 0.896595 -0.349859 -0.546921 -0.103631 -0.360050 -0.918932 0.846764 -0.784630 0.569438 -0.340527
0.823739 -0.778550 -0.491973 -0.265062 0.004157 0.514319 0.541309 0.121315 -0.569538 0.188373 -0.306835 -0.483701 -0.409336 0.601722 -0.516641
-0.850002 -0.587488 -0.556157 0.618359 -0.768747 -0.809317 -0.010393 -0.707595 -0.802443 0.678324 0.659563 0.263990 -0.097662 -0.325546 0.175735
-0.924208 -0.626402 0.426258 -0.551611 -0.803493 -0.006287 -0.086425 0.800836 0.255590 0.984417 -0.563145 -0.533239 0.319305 0.233380 -0.869549
-0.246698 0.726439 0.250376 0.822438 -0.100782 -0.889524 -0.592268 -0.814936 0.248282 0.697438 0.685518 0.006944 -0.959269 -0.923018 -0.680445
0.548531 -0.753314 0.668828 0.581717 0.300176 0.745981 0.808064 0.380438 0.730789 0.611468 -0.022736 0.892655 -0.979693 -0.016745 -0.940392
-0.895208 -0.976992 0.386147 -0.582538 0.778977 -0.254829 0.182034 -0.584504 -0.272257 -0.585490 0.010775 -0.142770 0.642845 0.592100 0.182876
0.001056 0.922281 0.488910 0.204007 0.057918 -0.003225 0.464986 0.442279 0.028418 -0.427229 -0.262507 0.463165 0.086014 0.179505 -0.557638
0.612106 -0.120189 -0.966806 0.513454 0.794109 0.536082 -0.964898 -0.639016 0.244189 0.443009 0.821228 -0.709798 0.209212 -0.408159 -0.877027
-0.060109 0.769568 -0.454362 0.613277 0.554674 0.730647 0.995481 -0.174475 0.066427 -0.845534 -0.628040 -0.030400 0.399075 0.419371 0.613127
0.123782 -0.112597 0.455758 0.740980 -0.895187 0.285069 -0.342245 -0.056141 0.496245 -0.459428 0.090538 -0.245688 0.693220 -0.305827 0.657687
0.481767 0.881393 -0.659221 -0.456397 -0.520345 0.075070 0.199223 0.029735 0.443129 -0.275724 0.024394 0.357560 -0.225217 -0.605072 -0.850246
0.603626 0.815526 0.353445 -0.269471 -0.415040 0.381610 -0.698394 0.010136 -0.632341 0.325163 -0.724061 -0.745292 0.471587 0.391465 0.871939
-0.827296 0.677488 -0.807576 -0.124617 0.307135 -0.199790 0.621884 0.176829 0.806460 -0.476178 0.960506 -0.143531 0.631266 0.321774 0.859050
0.560921 0.046445 -0.269969 -0.236883 -0.120087 0.815719 0.511323 -0.797136 0.151855 -0.420504 -0.463961 -0.879263 -0.943867 -0.775960 0.727338
0.289850 -0.930856 0.063985 0.874692 0.748621 -0.822353 -0.212124 -0.368016 -0.027016 -0.670850 0.386378 -0.767772 -0.646660 0.890626 0.225867
-0.655209 -0.887446 0.216929 -0.454503 -0.860609 -0.355134 0.080388 -0.415292 0.686305 -0.727426 0.790542 -0.822454 0.724143 0.854220 -0.623614
-0.357262 -0.119338 -0.471426 -0.267643 0.043845 0.594708 -0.992271 0.501888 0.786784 0.578850 -0.165193 -0.081230 0.591255 0.930308 -0.213822
0.023860 0.996422 -0.139325 -0.857232 -0.765277 0.764823 0.599481 0.866761 -0.962938 0.632312 -0.508674 -0.250668 0.286838 0.660714 -0.684570
-0.005355 -0.354579 0.465700 0.070032 0.475024 0.564509 -0.142870 -0.703007 0.993708 -0.264190 -0.738522 0.299817 0.368157 -0.757736 -0.495059
0.435814 0.920194 0.852894 0.751062 0.142736 0.947102 -0.641368 0.879474 -0.425259 -0.059335 0.082596 -0.150949 0.387958 -0.364815 0.282387
-0.147207 0.441458 -0.384407 -0.387741 -0.964624 -0.336958 -0.268877 0.359018 -0.635891 0.393181 0.655153 0.376272 -0.406311 -0.092896 -0.368392
0.744320 0.816569 0.499688 0.356496 0.313040 -0.265338 -0.704443 0.271573 0.384945 -0.932916 0.654518 0.377511 0.148422 0.251487 -0.641433
0.236274 -0.934799 -0.668331 0.524850 -0.845887 0.988058 0.237910 0.226611 0.951794 0.646902 0.377394 -0.051386 0.852256 -0.713989 0.602440
-0.263312 -0.772425 -0.422061 0.262078 -0.946448 0.270301 -0.028376 0.577221 -0.338390 0.485145 0.360547 -0.244462 0.042914 0.050725 0.351872
0.119294 -0.494268 0.877304 0.727906 -0.686742 0.948130 -0.629484 -0.225375 0.902028 0.782761 -0.525211 -0.101061 -0.878249 0.666625 -0.642875
0.408553 0.693749 -0.641143 0.973663 0.722334 0.665330 -0.240955 -0.950032 -0.063103 -0.803470 -0.212329 0.036651 0.784132 0.666638 -0.939498
-0.661996 -0.302675 -0.796269 -0.530225 0.724977 0.229568 -0.520349 -0.967460 0.088518 -0.107865 0.628702 0.158261 -0.944874 0.290069 -0.071020
-0.282818 0.851785 -0.560238 -0.870822 0.156140 0.369286 0.335878 -0.154729 -0.189968 0.560283 0.618416 0.917348 -0.948981 -0.627649 -0.481287
0.661120 -0.611076 0.080877 -0.693560 0.103621 -0.504381 -0.059163 0.464109 -0.189574 -0.178228 -0.347401 0.346337 0.737242 -0.274952 0.889256
-0.440907 -0.834652 -0.110280 0.579098 -0.435997 -0.540950 0.828318 -0.079780 -0.871954 0.205623 0.873158 0.314905 0.940267 0.006305 0.274226
-0.967345 -0.031640 0.404739 -0.592502 0.178587 0.686880 0.484970 0.185628 0.421817 0.045323 -0.738482 0.274572 0.678931 0.778244 0.166201
0.970625 0.917897 0.137091 0.315883 0.017656 -0.680709 0.473793 -0.885947 0.782726 -0.661555 -0.179564 -0.712151 -0.008455 0.277495 -0.552378
0.579256 0.304476 -0.290272 0.133133 -0.344614 -0.634100 0.072900 -0.012546 -0.275050 0.982970 -0.009106 -0.427975 0.058517 0.690105 0.402870
0.435326 -0.215948 -0.756035 -0.252592 -0.454399 -0.910099 0.869748 -0.930827 0.750484 -0.955826 -0.374015 -0.095070 -0.332519 0.465369 0.337942
-0.847653 0.739877 -0.930389 0.376983 -0.521581 -0.353995 0.972557 0.078393 -0.027074 -0.690508 0.886730 0.756497 -0.689398 0.935911 0.715857
-0.689255 0.118551 -0.745000 -0.717738 -0.921676 -0.094005 0.572368 -0.325215 -0.354779 0.470556 -0.887789 0.044859 -0.013841 0.709562 0.013581
0.984433 -0.346597 0.885898 -0.946745 -0.675939 -0.058231 0.436315 -0.116711 -0.715945 -0.250904 -0.334995 0.883588 -0.516024 0.184388 0.862266
0.282360 -0.185449 0.740424 -0.513737 -0.911444 -0.364609 0.400130 -0.608529 -0.602280 -0.936513 -0.341492 0.838225 -0.334654 0.013605 0.063070
0.413860 -0.385010 0.362102 -0.182519 0.257530 -0.236080 0.327305 -0.501358 0.743843 -0.246012 -0.630056 -0.842560 0.145584 0.731761 0.774697
-0.574465 0.376456 -0.549314 -0.704961 0.924313 0.928442 0.536329 0.560144 0.013513 0.443285 -0.670340 0.547316 0.459509 -0.638667 -0.430061
0.180091 -0.276431 0.364136 -0.895050 -0.042079 -0.029680 -0.301503 0.423314 0.103285 -0.897638 0.709571 0.874130 0.753187 0.072007 0.181522
0.839767 0.996032 0.482695 -0.783061 0.861535 0.220878 0.831149 -0.605899 0.599344 -0.848174 -0.500146 -0.465320 0.926675 0.792449 -0.329623
-0.353192 -0.702206 0.207340 0.897223 0.033031 -0.150542 -0.513334 0.013884 -0.427040 0.336065 0.763495 -0.760575 -0.939555 -0.422079 0.080414
0.569851 -0.213650 0.425760 0.146750 -0.301633 -0.781437 -0.331136 -0.752193 -0.383754 -0.766036 0.713426 -0.016809 0.311645 -0.328244 -0.018086
0.949159 0.610892 -0.858250 -0.926725 -0.891237 0.246147 -0.941118 -0.617239 -0.481363 0.572781 0.777074 0.977956 -0.412258 0.611650 0.670780
0.948115 0.328551 0.633861 -0.376092 0.584871 -0.241858 0.740548 0.772231 -0.415385 0.748572 -0.941719 -0.160553 0.297951 -0.178182 -0.775316
0.953003 -0.537555 0.692917 0.211672 0.539714 0.275088 0.113450 -0.569854 0.730506 0.973551 0.704842 -0.990511 -0.718738 -0.022322 0.172599
-0.321695 -0.972090 0.024565 0.075463 0.739359 0.582882 0.708845 -0.523535 0.189163 -0.618000 0.218527 0.158586 0.987865 0.966261 0.915070
0.952377 -0.906851 -0.260487 -0.346830 -0.572314 0.197394 -0.062591 0.813061 0.321253 -0.834111 0.864013 -0.150638 0.884521 0.987616 -0.128730
-0.972994 0.416840 0.454479 -0.215919 -0.696128 0.277624 0.422103 -0.509753 -0.880744 -0.841340 -0.562942 0.614637 0.802066 -0.164035 -0.176470
-0.799416 0.214152 -0.084740 -0.153472 -0.602998 0.147015 0.442254 0.606838 0.802606 -0.887016 -0.045232 0.429083 -0.386754 -0.454603 0.231203
-0.841862 0.843268 -0.371229 -0.280744 -0.302719 -0.967008 0.980029 -0.915569 -0.240954 0.075447 0.471204 -0.903301 -0.958799 0.535782 0.479053
-0.066705 0.676642 -0.704078 -0.435534 0.600398 -0.102698 -0.501838 -0.104952 -0.623088 0.186609 -0.748102 -0.103792 0.211590 -0.448886 0.071554
-0.300523 -0.750960 -0.974149 -0.623116 0.320551 0.555111 -0.208853 -0.599026 0.599731 0.671037 -0.428790 -0.591237 0.615399 -0.255770 0.933005
-0.875567 0.813769 0.085273 -0.246506 0.607844 0.728193 0.370408 -0.255257 0.614883 -0.786857 0.235371 0.301419 -0.468760 -0.287108 0.018837
-0.664978 -0.583513 -0.165271 -0.953107 0.584718 -0.437247 -0.372661 0.307755 0.362079 0.149660 -0.283610 -0.161085 -0.479418 0.933296 0.830450
0.268980 0.887914 -0.600734 0.922830 0.168482 0.513064 -0.911204 0.382454 -0.031534 -0.469956 -0.539149 0.347376 -0.869809 0.093893 0.258362
-0.769993 -0.601454 -0.985826 -0.729392 -0.228833 0.542963 0.596324 -0.737358 -0.745261 -0.612428 0.808000 0.706188 0.263407 -0.483483 -0.116434

Bias v0 (Oculta):
-0.336434
0.963384
0.549113
-0.661670
0.694267
0.960934
-0.630940
-0.006764
-0.277231
0.013325
-0.660376
-0.496741
-0.235240
0.631794
0.371773

Pesos w (Oculta -> Sa獮a):
0.253997 0.389531
-0.958648 -0.752490
0.424878 -0.335804
0.893213 0.700705
-0.001859 -0.313965
0.751804 -0.050200
-0.686954 0.896265
0.286906 0.253392
-0.418241 0.972512
-0.708959 -0.288028
0.368299 0.775793
-0.767085 -0.615790
-0.962754 -0.061078
0.086388 -0.345965
0.654975 -0.809132

Bias w0 (Sa獮a):
-0.495273
0.150943
