Pesos v (Entrada -> Oculta):
0.007425 0.010619 -0.098000 -0.468505 -0.576601 0.707314 -0.006376 0.969723 -0.879066 -0.178590 -0.753880 -0.594645 -0.310361 -0.202292 -0.540074 -0.423872 0.265985 0.575170 -0.646286 0.655349 -0.984113 -0.040688 0.408717 0.309176 0.553343 0.164120 -0.030528 0.926154 -0.496213 -0.189001
0.789594 -0.305988 0.279896 0.843762 0.871563 -0.485682 0.067654 -0.767599 0.069066 -0.834674 -0.026491 0.190632 -0.591467 0.312577 -0.676520 -0.242833 -0.036862 0.829986 -0.798937 -0.583464 -0.259998 0.051528 0.246160 -0.118052 -0.681116 -0.671621 -0.407843 -0.756147 -0.259527 -0.966416
-0.318933 -0.810793 0.712804 0.779447 0.158678 -0.232888 0.722635 0.523850 0.247871 0.274933 -0.448443 -0.359813 0.188693 0.214015 -0.127238 0.949445 0.654035 -0.323250 -0.094715 0.989193 -0.759789 -0.085503 0.408243 0.318258 -0.935457 -0.449624 0.793078 -0.500259 0.553330 0.873517
0.756744 0.541422 0.669215 0.416070 -0.744876 -0.846877 -0.590814 0.920612 0.013870 -0.347761 -0.040128 -0.612461 0.003524 0.365230 0.146000 0.097819 0.499806 -0.080561 -0.608752 -0.494964 0.676831 0.269490 -0.337501 -0.599674 0.119825 0.130535 0.328795 0.573521 0.676686 -0.230093
0.112263 0.444572 0.836211 0.903258 -0.243628 -0.651014 -0.651138 0.954850 0.647440 -0.796438 -0.720552 0.487634 0.484413 -0.701158 0.715137 -0.187348 -0.591551 -0.601380 0.878798 -0.481903 0.099961 0.547844 -0.239615 -0.678892 0.986888 0.423455 -0.885803 -0.952445 -0.886875 -0.344423
0.717151 0.774426 -0.371546 0.938646 0.422492 -0.385280 0.299902 0.665312 -0.140482 0.751791 -0.530401 -0.154297 0.791719 0.733907 0.505040 -0.357484 0.097751 -0.505792 0.502363 0.225981 0.731593 0.730010 0.127906 0.153186 0.792178 -0.516228 -0.969797 0.738676 0.960090 -0.282850
-0.363025 0.649137 -0.940722 -0.020311 -0.511397 -0.154230 0.562281 0.499964 0.960547 0.864011 -0.141747 0.147485 0.762350 -0.920465 0.972544 0.617745 -0.131578 -0.714895 -0.351926 0.866519 -0.591974 0.484061 -0.592197 0.674918 0.333056 0.912521 -0.411140 0.765261 0.145514 -0.868155
0.259098 -0.544304 0.074447 -0.271984 -0.328754 0.300774 -0.200894 -0.161890 -0.738613 0.258635 -0.100508 0.174702 -0.000387 0.992573 -0.691775 -0.262507 -0.529503 -0.307568 0.537983 -0.226422 -0.284925 -0.891464 0.714710 0.387436 -0.198014 0.344247 0.116627 0.507693 -0.124375 -0.427658
0.537743 0.576407 0.599603 -0.014179 0.273012 -0.838695 -0.252697 -0.180310 -0.838818 0.749976 0.180753 -0.824972 -0.529489 -0.198093 0.095303 0.590114 0.910518 -0.090655 -0.267971 0.921266 -0.789508 0.950375 0.760131 -0.328852 0.772185 -0.768649 0.078462 -0.766265 -0.013125 0.227974
0.403034 -0.953266 0.575128 0.861327 0.357938 0.910571 0.518432 0.294612 0.801952 -0.134009 -0.644594 0.353393 -0.663138 0.114170 -0.810422 -0.796338 -0.048078 -0.557399 -0.852737 -0.966178 0.299037 0.874070 -0.525729 0.145909 0.514013 0.343709 -0.626397 0.651511 0.805160 -0.935761
-0.972410 0.155409 -0.910953 -0.137263 0.764887 0.063928 0.507559 0.257372 -0.907853 0.178898 -0.070514 0.058930 -0.609279 0.896021 -0.523539 -0.832903 0.985016 -0.574525 -0.147070 0.058420 0.514382 0.807685 0.209563 -0.434138 -0.914323 -0.846417 0.868748 -0.324664 -0.566855 -0.837410
-0.333774 -0.045798 0.286896 0.911402 -0.612072 0.252744 -0.867433 0.778755 -0.962767 0.666638 -0.158135 -0.525703 -0.773981 0.545514 0.015678 0.833677 -0.244267 0.848999 0.236915 0.199754 0.710047 0.382339 0.820304 -0.779487 -0.601506 -0.705134 0.915664 -0.774043 0.376919 0.620288
0.558300 0.032151 -0.859352 -0.573023 -0.658565 0.239739 -0.851070 0.246446 0.516497 -0.133986 0.734207 0.027637 -0.257463 0.818127 -0.348538 0.703366 0.122562 0.642826 0.716190 0.135001 0.217235 -0.005234 -0.786607 -0.584856 -0.181974 -0.009588 0.071795 0.167571 0.775548 -0.415160
0.850881 0.434348 0.617050 0.832123 0.867884 0.987709 -0.382964 0.495922 0.411388 0.314100 0.801759 0.230092 0.908012 -0.969223 0.443628 -0.312767 -0.994667 -0.599669 0.339316 0.550447 -0.126129 0.259665 -0.908989 0.287381 0.179802 -0.275139 -0.589572 -0.283323 0.436671 -0.672920
-0.318392 0.153698 -0.605250 0.602339 -0.125969 0.648366 0.130344 0.544586 -0.429394 -0.950024 -0.548285 -0.694607 0.506371 0.952602 0.524830 -0.954632 -0.241462 0.412476 -0.251159 0.835867 0.571212 0.709171 0.906840 0.400405 0.021171 -0.263543 0.541298 -0.369640 -0.535948 0.323236
-0.285447 0.556542 0.326941 0.681791 0.363889 0.428454 0.262151 -0.404045 -0.360299 -0.113353 -0.996867 -0.727703 0.721981 -0.253145 -0.557463 -0.319329 0.575688 0.644488 0.246992 0.850257 -0.251874 -0.749165 0.316495 -0.739772 0.271360 -0.338895 0.857884 0.267289 -0.370720 -0.691551
0.455673 -0.003226 -0.292836 0.909811 0.420544 0.508861 -0.334811 -0.234805 -0.651473 -0.221848 0.809546 0.156616 0.668174 -0.000720 0.548591 -0.765395 -0.292718 0.186896 0.355634 0.080273 0.649506 0.776306 0.441703 -0.916047 -0.998393 -0.048283 -0.733534 -0.558723 0.272217 -0.849357
0.287661 0.756033 -0.459055 0.771408 0.471408 -0.100844 -0.065730 0.073906 0.963236 -0.999742 0.555435 0.168198 -0.129429 0.354422 0.757359 0.611868 -0.632481 -0.247793 -0.117643 0.249615 0.882196 0.477019 0.054010 -0.492719 -0.978486 -0.493718 -0.990822 0.656034 -0.748767 -0.616570
-0.972294 -0.240425 -0.375982 -0.329100 0.886219 0.705529 -0.031592 0.630346 -0.323213 -0.758266 -0.603123 -0.488985 -0.187837 -0.521323 0.047308 0.409311 0.840016 -0.395071 -0.314074 -0.201606 -0.511195 -0.863549 0.377366 0.167943 0.825280 -0.924861 -0.985388 0.003806 -0.652196 0.273717
0.892625 -0.644391 -0.472726 -0.583931 0.608879 0.879102 0.556499 0.402395 -0.109045 0.364790 0.577136 -0.275532 -0.712864 0.666870 -0.214735 -0.853525 -0.263135 0.758933 0.420911 0.813139 -0.303849 0.061589 0.551568 0.371046 0.573451 -0.884861 -0.668841 0.905297 -0.092174 0.930900
-0.910476 0.413389 -0.381880 -0.318808 -0.719352 0.060041 0.662366 -0.980204 0.771254 -0.203052 0.518044 0.331252 0.522852 0.597962 0.349802 0.379649 -0.052496 -0.836866 -0.950405 -0.083581 0.027425 -0.024723 -0.579052 0.595579 0.014678 0.395407 0.038414 0.370160 0.120747 -0.081007
-0.285351 -0.575659 0.282380 0.064438 -0.177757 0.689566 -0.004001 0.684087 0.795703 0.272756 0.227538 0.622463 0.073272 -0.499853 0.296769 -0.754445 -0.001491 0.551275 0.839457 0.622441 0.473762 0.755462 0.891933 -0.598710 0.544620 -0.452957 -0.036979 -0.940749 -0.572559 -0.080237
-0.289835 -0.849364 -0.395959 -0.221368 -0.734937 -0.080308 -0.779870 0.785676 0.680747 0.669169 -0.935333 -0.547726 -0.274424 -0.929031 -0.861177 -0.358719 0.265286 0.583269 -0.516619 -0.419169 -0.234104 0.914422 -0.878617 0.579016 0.707071 0.262904 0.741109 -0.709494 0.848251 -0.947483
0.475530 0.710438 -0.592962 -0.077970 0.660100 0.128387 -0.975480 0.998539 0.300116 0.793698 0.663564 -0.707724 0.161258 0.649153 -0.727395 -0.483709 0.918312 0.970454 -0.056779 -0.685039 0.231104 0.537837 -0.550371 0.599847 0.241625 -0.707834 0.797905 -0.695031 0.629082 0.657187
-0.572043 0.234832 0.825473 0.380183 -0.622356 0.352569 0.310862 -0.826106 0.804357 -0.180734 0.477785 -0.667240 0.683929 0.762371 0.007721 -0.318465 -0.642253 -0.466218 -0.303726 0.767913 -0.667683 -0.576763 0.155499 0.134451 0.090854 -0.402785 0.321629 -0.939355 0.846709 0.772711
0.743426 0.149075 -0.407430 0.620785 -0.770294 0.504949 0.895256 -0.635144 -0.951013 -0.518190 -0.742242 0.572312 -0.351366 0.478033 -0.251946 -0.594774 -0.588474 0.137331 0.633161 -0.310775 -0.068167 -0.529776 0.895230 0.381898 -0.279881 0.576693 0.097021 0.396288 0.444864 0.386118
-0.755510 -0.352990 0.183448 0.245697 0.605103 0.460115 0.652248 -0.052920 0.455426 -0.344483 -0.989952 0.914041 -0.113043 0.587929 0.440678 0.631803 -0.531681 -0.562030 0.383199 0.901176 -0.370739 -0.357406 0.726434 0.999307 -0.541423 0.991833 0.602994 0.422734 -0.511649 -0.913118
0.347298 -0.655041 -0.496872 0.725675 -0.063175 -0.810478 -0.516922 0.904252 0.785330 0.746814 0.374326 -0.984612 0.914824 0.817254 0.851781 0.487188 0.109981 -0.688768 0.682417 -0.434953 0.535301 0.266873 -0.183745 0.331335 -0.642307 -0.745344 -0.690358 -0.340715 0.584924 -0.804606
-0.326937 0.505245 0.955048 0.509956 0.285205 0.465347 0.668662 -0.404954 -0.461839 0.266507 0.117946 -0.581910 0.641939 -0.304965 -0.709223 -0.528504 -0.929327 0.484508 -0.465598 -0.807868 0.590755 0.950281 0.114525 -0.504963 -0.024317 -0.198553 0.482658 0.635579 -0.378725 0.024309
0.745119 -0.622360 0.632764 -0.718054 0.290030 -0.750882 0.232044 0.770463 -0.651100 -0.237600 -0.310687 -0.397248 0.314785 0.292930 -0.041382 0.376140 -0.346134 -0.667097 0.216655 0.072121 0.414150 0.390520 -0.559542 0.245893 0.428262 0.929932 -0.641339 -0.172139 0.740777 0.401570
-0.616306 0.054271 -0.369678 0.711771 -0.596550 -0.838099 -0.257852 0.096470 0.121953 0.685614 0.247246 0.033749 0.839572 -0.117631 0.645096 0.657083 -0.393513 -0.881239 0.477061 -0.844574 0.834840 -0.451949 0.775483 -0.133988 -0.336473 -0.147518 0.961843 0.615434 0.316216 0.804158
0.816087 -0.108300 0.171415 0.241444 0.558709 -0.680277 0.679280 0.637327 -0.064805 -0.777781 0.477195 -0.621757 -0.722239 0.041287 -0.770244 -0.807690 -0.898216 0.301786 -0.453446 0.419146 0.683854 0.147464 -0.422662 0.876433 -0.613453 -0.001231 -0.629790 0.689146 -0.121451 -0.095524
0.273449 0.338039 0.622466 0.651734 -0.740905 0.485251 -0.521741 0.867318 0.121181 0.755784 -0.273724 0.799432 0.038119 -0.177361 0.194680 -0.108040 0.285591 0.365958 -0.095295 -0.015205 -0.710534 -0.974348 -0.387844 0.153923 -0.418162 0.792014 -0.416407 -0.399666 0.275192 -0.165073
0.499550 -0.064841 -0.556095 0.234950 -0.168829 0.868796 0.401234 0.847602 0.049272 -0.445480 0.842333 -0.815917 -0.126960 0.630858 -0.397781 0.735095 0.726816 0.910523 0.715560 -0.143527 0.949187 0.827559 0.582170 -0.954657 0.364669 0.820601 0.524005 -0.089878 -0.262966 -0.593731
-0.304110 -0.584698 0.940032 0.673624 -0.327230 0.688479 0.910045 -0.001921 0.702856 0.231153 -0.207742 0.524994 0.756139 -0.802750 -0.122798 -0.598975 0.728012 0.279310 -0.285970 0.186137 -0.794751 0.373114 0.983113 0.621003 0.978983 0.041630 0.866876 0.422254 -0.691802 -0.106787
0.405726 -0.388474 0.234332 0.489506 -0.017002 -0.348946 0.688618 -0.615116 -0.788468 0.962192 0.840658 0.124504 -0.407326 0.831030 0.751163 0.676560 0.188358 -0.213605 0.741793 -0.286147 0.511022 -0.677720 0.868182 -0.996436 -0.415008 0.694636 0.636513 -0.969053 -0.773099 0.514268
0.801034 0.433493 -0.103622 0.227649 0.048964 -0.345385 0.876109 -0.658953 0.881676 0.927371 0.076068 0.728907 0.325698 0.919658 0.634777 0.868970 0.646715 -0.705723 0.409071 0.921277 0.173959 -0.277111 -0.695913 -0.626810 -0.083909 -0.455166 -0.175983 -0.316430 -0.937127 0.544857
0.403336 -0.768422 -0.077608 0.804924 -0.046176 -0.256939 0.687441 -0.145977 -0.895444 0.419664 -0.030532 -0.925884 -0.084521 -0.992275 -0.594981 -0.032745 0.189408 0.493306 -0.549056 -0.437901 -0.928634 -0.057362 -0.819537 -0.218126 -0.533752 -0.757198 -0.130802 -0.963490 0.362223 0.301316
-0.530265 0.173989 0.728686 -0.199635 0.558626 0.613575 -0.692454 -0.289736 0.060648 -0.441884 -0.976892 -0.055391 0.774424 0.932413 0.658645 0.547171 -0.216478 0.220433 0.308941 -0.405092 -0.092264 -0.940767 -0.426248 0.875863 -0.432688 -0.369589 -0.738007 0.255434 -0.953011 -0.269048
-0.820074 -0.625511 0.408551 0.202137 0.744653 0.542456 0.658793 0.640102 0.064562 -0.627990 -0.587674 0.731510 0.788838 -0.971327 -0.247853 0.988895 0.424922 0.738467 0.586267 0.862338 0.819929 -0.401896 0.614668 0.759598 -0.772779 0.172790 0.441031 0.178041 -0.470470 -0.093354
0.929929 -0.345250 0.795551 0.685943 -0.383155 0.090320 -0.811274 0.031111 0.260850 0.871695 -0.885220 0.592263 0.469766 -0.980233 -0.003284 -0.255663 0.252702 0.615103 -0.338168 0.507765 0.408758 -0.326885 -0.865574 -0.758409 0.944346 0.912319 0.991354 0.117295 -0.052350 0.357246
0.240342 0.515533 0.645229 -0.598995 0.086223 0.654412 0.293582 -0.944487 -0.006330 0.847220 -0.148477 0.910054 -0.348393 -0.771362 0.414441 0.206472 -0.436838 0.123905 -0.966038 0.581582 -0.877101 0.467112 -0.776596 0.116650 -0.563327 -0.057439 -0.406700 0.168900 0.208169 0.579400
0.529460 0.228590 -0.295977 0.581203 0.819292 -0.182337 0.479911 0.833865 0.919623 -0.297620 -0.145716 0.590723 -0.760395 -0.268327 0.870362 0.310952 0.401815 -0.661502 -0.995293 0.285050 -0.879830 -0.682535 -0.056030 0.344058 0.962433 -0.730144 0.334788 0.116664 0.873926 -0.983949
-0.842963 -0.117009 -0.544444 0.014937 0.985783 0.802770 -0.042186 0.389940 0.581304 -0.857169 -0.098087 0.939262 -0.966817 -0.888997 -0.616823 -0.453231 0.801384 -0.330735 0.000308 -0.820397 0.565140 0.491438 0.057853 0.373293 0.378568 0.855117 -0.992884 -0.004200 -0.528976 0.735999
-0.186526 -0.315634 -0.867579 0.397490 -0.309095 -0.386321 -0.702078 -0.345708 0.776253 -0.658865 -0.088668 0.708446 0.093275 -0.889815 -0.596060 -0.676058 0.785050 -0.813094 -0.607281 -0.628994 0.292677 0.099197 -0.049905 0.174899 -0.556806 0.746648 -0.129217 0.506425 -0.667797 -0.779222
0.703283 0.795955 -0.569981 -0.720195 -0.172029 -0.205735 -0.098462 -0.349919 0.484522 0.427014 0.216886 0.258730 -0.179638 0.579733 0.805345 -0.946878 -0.074300 -0.153914 -0.441053 -0.157669 0.874349 -0.586159 -0.032248 0.128858 -0.410802 -0.998011 -0.123485 -0.343261 -0.485721 -0.926527
0.297055 -0.574875 -0.171846 -0.688555 -0.234203 0.429112 -0.081894 0.909127 -0.980447 -0.728950 0.479975 0.006099 -0.257732 -0.659676 -0.274631 -0.154822 -0.194020 0.104221 0.100012 -0.430974 -0.743193 0.280016 -0.484571 -0.443834 -0.396610 -0.270274 0.222556 -0.388077 -0.223397 0.034083
0.686325 0.784939 0.626225 0.003099 -0.081623 -0.324782 0.072282 0.062574 0.132352 -0.703044 -0.137074 -0.814858 0.122004 -0.529377 0.360928 -0.508161 -0.374332 -0.081323 0.265355 0.050642 0.104574 0.780072 -0.047546 0.865997 0.979348 -0.651632 -0.119663 -0.094071 0.530788 0.563231
0.999310 -0.426564 -0.845907 0.642677 0.033507 0.539154 -0.566277 -0.442335 0.612491 0.080230 -0.628954 -0.696756 -0.489080 0.007447 0.836478 -0.136114 -0.628712 -0.164220 0.844570 -0.119128 -0.851771 0.064702 0.006970 0.343238 0.041698 -0.584152 -0.408232 -0.032011 0.590339 0.927005
-0.283851 -0.678030 -0.964801 -0.178921 -0.066471 -0.309250 0.490880 0.558154 0.422965 0.839433 0.555707 0.265758 0.196682 0.287550 -0.473281 -0.532956 -0.072001 -0.481782 0.136911 0.290007 -0.528126 -0.662551 0.501899 -0.893300 -0.440893 -0.130680 -0.279671 -0.338362 0.976223 -0.386516
-0.079100 -0.119039 0.052356 -0.427868 0.517066 0.138921 -0.126340 -0.165417 0.499008 0.785365 -0.695266 0.466723 0.838671 0.292882 0.131268 0.056546 0.005022 0.965355 0.702362 0.170172 -0.492445 0.973649 -0.898135 -0.110420 -0.405430 -0.015204 0.221626 0.388155 0.051146 0.537677
0.584653 -0.519029 -0.129560 0.487770 -0.866836 0.734775 0.367091 -0.209722 0.689741 0.563130 0.298446 -0.286137 -0.660511 0.413056 -0.011962 -0.282635 -0.472137 -0.593478 0.005048 0.576026 0.713564 0.534197 0.680765 -0.788714 0.142684 0.798759 -0.794756 -0.146593 0.009167 -0.342502
-0.287514 -0.166380 -0.195912 -0.105344 0.854590 -0.266242 -0.166499 0.513665 0.494723 -0.404396 -0.766424 0.772793 -0.598099 0.064004 0.225611 0.021452 -0.727493 -0.297026 0.690681 -0.796700 -0.319540 -0.911629 -0.437294 -0.598043 0.157259 -0.260634 -0.799123 0.384017 -0.379295 -0.878306
0.184568 0.116215 -0.200498 0.438813 -0.575111 0.453002 -0.800341 -0.823468 -0.920329 0.144111 -0.570055 -0.807697 0.822478 -0.555756 -0.005379 0.198658 -0.895058 0.611078 0.467174 -0.155145 0.896482 -0.047496 -0.507694 -0.067758 0.059944 -0.738661 0.529968 0.358320 0.584127 0.152710
0.922357 0.860196 -0.615565 -0.113656 0.810032 0.085664 0.961587 -0.678309 -0.211300 -0.067776 0.233188 0.130161 -0.719328 -0.386560 0.163837 0.917135 -0.661811 -0.394999 0.643597 0.770564 -0.573544 0.988999 0.969163 0.111503 -0.959727 0.559008 0.003121 0.178950 -0.702601 -0.312663
0.048480 -0.291099 -0.671332 -0.083656 0.728718 0.448858 0.858833 -0.681852 -0.452982 -0.364714 0.050715 -0.403652 0.607399 -0.197911 -0.186943 -0.406460 -0.487305 0.001075 0.538580 -0.291034 0.976042 0.837186 0.720783 0.116621 -0.335569 0.631718 -0.094390 0.737783 0.323684 0.143757
-0.043997 -0.519805 -0.049622 -0.010050 -0.587823 0.960647 -0.411623 0.683795 0.309283 -0.221302 -0.321804 0.613343 -0.244299 0.635192 -0.485852 0.231896 0.034240 -0.304479 -0.557933 0.521699 -0.570921 0.541605 0.379794 -0.701209 -0.019947 -0.500496 -0.576751 0.710722 0.468356 0.303757
0.510541 -0.348140 0.803923 0.686956 -0.672659 -0.786966 0.283490 0.855755 -0.058454 -0.781205 0.494982 -0.705703 -0.125449 0.747042 -0.543780 -0.023936 0.779708 -0.407042 0.635056 -0.690242 0.619025 0.142058 -0.380907 -0.816468 -0.692152 -0.109754 -0.918906 0.283180 0.574142 -0.502335
-0.836672 -0.338814 0.365976 0.773971 0.730165 0.235298 0.421286 0.741008 -0.894893 0.623342 -0.925073 0.409088 0.721735 -0.375314 -0.627762 0.753012 0.240985 -0.036694 0.824014 0.313037 0.657079 0.799345 0.160283 -0.074641 -0.327665 0.268395 0.899223 -0.062681 0.779514 0.030985
-0.356687 -0.453732 -0.428725 0.952385 0.219032 0.757431 0.835393 0.190944 0.818127 0.807572 0.006478 -0.272229 0.909000 0.418052 -0.859022 0.585681 -0.382541 0.403716 -0.991180 -0.241588 0.133404 0.915947 0.003588 -0.646513 0.702035 -0.631448 0.030744 -0.935114 -0.480260 -0.240550
-0.277676 0.293518 0.755025 -0.275976 -0.432661 0.665201 0.633450 0.963407 0.315095 -0.465656 -0.058386 -0.610021 0.774581 -0.314549 -0.104060 -0.097227 0.435513 0.708317 0.748224 -0.111300 0.831148 -0.271778 -0.195368 0.947975 -0.980601 0.702475 -0.442636 0.537367 -0.950861 -0.326437
-0.636827 0.195151 -0.381985 -0.290909 -0.708506 0.271745 -0.095740 0.968527 0.534044 -0.214390 -0.061261 -0.506088 0.999045 -0.907624 0.311793 -0.648416 0.631871 0.605709 0.011248 0.323155 0.668920 -0.139372 -0.904046 0.520810 -0.392492 -0.890415 0.346275 0.772850 -0.643957 -0.111723
0.022181 0.613781 -0.137470 -0.576120 -0.173757 0.809849 0.304981 -0.967772 0.979100 0.132613 -0.881666 -0.819127 0.811981 0.886720 0.637567 0.794584 0.624459 0.212500 0.079125 0.544149 0.602083 -0.698455 -0.304699 -0.968108 -0.605453 0.764818 -0.067498 -0.296019 0.714273 0.864611
0.533835 -0.672374 -0.552845 0.006718 -0.488816 -0.177627 -0.231174 -0.546918 0.423291 -0.061751 -0.658382 0.160420 0.418282 0.454730 0.669261 0.728420 -0.301426 -0.773412 0.364389 0.462483 -0.449712 -0.987783 -0.001274 0.910024 0.539572 -0.694083 0.969406 0.207466 0.530635 0.596231
0.792766 -0.773793 0.676639 -0.664963 0.087832 0.483178 0.333939 -0.860438 0.621535 0.434857 0.000571 -0.011199 0.379832 0.609988 -0.074364 -0.807966 0.576295 0.372736 0.406670 0.860031 0.955528 0.884790 -0.117356 -0.760334 0.503438 -0.369412 -0.128033 0.875198 -0.491729 -0.358808
-0.625250 0.305009 0.428934 -0.906854 0.934552 -0.522672 -0.446082 -0.624371 -0.309405 0.434324 -0.352874 -0.541523 -0.313185 -0.345550 -0.705522 0.538783 0.601143 -0.959371 -0.608930 -0.726692 -0.343128 0.571301 0.309743 0.703993 -0.320327 -0.237388 0.044062 -0.678654 0.365873 -0.132948
-0.145774 0.326993 -0.361600 0.363150 -0.218337 -0.471924 0.727141 -0.156365 0.852563 0.487416 0.545116 -0.136829 -0.679843 0.394829 0.413431 -0.069749 -0.903977 -0.487595 -0.537597 0.105507 0.201338 -0.743564 0.144496 0.505906 -0.880735 0.424577 0.822109 0.311826 0.616086 -0.884088
0.529226 0.630314 0.125799 -0.253988 -0.413370 0.247920 0.243812 -0.132570 0.438063 -0.810639 -0.555905 -0.401446 -0.514229 0.427503 0.315259 -0.528750 -0.843049 -0.848598 0.814822 0.706050 0.896070 -0.416964 -0.606367 0.594958 -0.076296 0.697970 0.113272 0.793219 -0.557733 0.575031
-0.378692 -0.774826 0.053635 -0.511840 -0.040631 -0.159062 0.457050 0.399900 -0.540002 -0.639646 0.523968 0.023751 -0.489401 0.556221 0.354529 -0.732492 -0.756002 -0.969059 0.796476 -0.098817 -0.362880 -0.217741 -0.249981 0.353193 -0.175270 -0.843250 -0.618894 0.023186 -0.758026 0.782697
0.984944 -0.248957 0.277295 0.709423 0.663143 0.233533 -0.966407 0.887742 0.137079 0.448069 -0.594140 -0.791170 -0.525416 -0.206007 -0.467738 0.411549 0.471646 0.758723 0.784163 0.458200 0.312860 -0.526051 -0.884554 -0.193265 0.046646 -0.746070 0.599288 -0.505305 -0.396882 0.785989
-0.399849 0.461563 0.526439 0.475993 0.030082 -0.677411 0.926529 -0.442275 0.873924 -0.711287 -0.549355 0.263921 -0.997229 0.277719 0.726693 -0.121476 -0.478916 -0.411762 0.941121 0.698964 -0.282801 -0.039716 0.011322 -0.925706 -0.903968 -0.501419 -0.560998 0.643571 -0.849486 0.680360
0.923706 -0.815824 -0.029200 0.774581 0.108170 0.999884 0.492552 0.610051 -0.192646 -0.995971 0.127329 0.079356 0.953879 0.412326 -0.689328 0.329841 -0.552328 -0.456395 0.695597 0.157213 0.535454 0.638679 0.945860 0.509816 0.838603 -0.859913 0.658093 0.249302 0.379341 0.095375
-0.271468 0.643179 0.292245 0.313151 0.285300 0.918587 -0.825378 -0.351317 -0.648892 -0.506701 -0.948966 0.685446 0.918547 0.435012 -0.749871 0.697972 -0.523939 0.808043 0.230520 -0.652635 -0.358048 -0.438773 -0.857264 0.941402 0.491208 -0.726526 0.403524 0.349311 -0.423422 0.525962
-0.984112 -0.111009 -0.044705 -0.719435 0.481202 -0.852774 0.317472 0.764449 0.828433 -0.947390 -0.104103 -0.243574 0.261446 0.527376 0.045755 -0.368836 -0.013655 0.729253 0.960771 0.440650 0.320722 0.032356 -0.347078 0.015757 0.889801 0.671985 0.313063 -0.907786 0.405967 0.861016
0.232236 -0.303024 0.820650 -0.384118 -0.803364 -0.806538 0.721311 -0.118792 -0.411825 0.088897 -0.632299 0.294110 -0.970356 0.922515 -0.777170 0.082498 -0.321350 -0.818844 0.530919 -0.858741 0.860784 -0.848220 0.957981 0.098963 0.403624 0.853809 -0.266507 0.047849 -0.717309 -0.811531
0.685789 -0.665883 0.939784 -0.397416 0.902758 -0.200035 0.736973 -0.599045 0.648573 -0.217875 -0.253552 0.492449 0.027188 -0.313528 -0.574703 -0.185454 -0.794027 -0.113711 0.200914 0.666538 0.491702 -0.706634 0.442783 -0.425635 0.002197 -0.129911 -0.910540 -0.518319 -0.052584 0.103171
-0.810737 -0.605632 -0.671547 -0.474330 -0.807534 0.702161 0.941298 0.886376 -0.614224 -0.784552 -0.307882 0.102400 -0.204163 0.134380 0.511143 -0.971381 -0.393719 0.395704 0.125171 -0.189406 0.574517 0.254765 0.308244 0.341839 -0.046397 -0.501839 -0.354636 0.095398 -0.556621 0.469611
-0.694062 -0.402343 0.317786 -0.887145 0.025017 -0.064323 -0.290588 -0.045722 -0.630852 -0.924475 -0.208591 0.439202 -0.241804 -0.171790 -0.410274 -0.740494 -0.147627 -0.658032 -0.539867 -0.134394 0.003432 0.395559 0.112124 0.616300 -0.796019 -0.503681 0.572585 -0.996759 0.896930 -0.053924
0.338038 -0.985073 -0.937516 0.656491 0.778548 -0.952360 0.500050 0.167237 0.746700 0.907481 -0.761545 -0.654202 -0.275941 -0.283494 -0.240889 -0.016934 -0.417533 -0.906472 -0.650852 -0.522296 0.806212 -0.679744 0.487507 0.414989 0.534549 0.212517 -0.296849 0.804927 -0.049408 0.541941
-0.615761 -0.874984 -0.764819 -0.254872 0.030314 0.865536 -0.930462 0.838885 0.240525 0.238894 -0.414729 -0.448481 0.025283 -0.769112 0.141881 -0.254263 -0.806236 -0.264508 0.093448 -0.161809 0.789767 0.214339 0.020341 0.015571 0.148579 0.925050 -0.610098 -0.084953 0.314259 0.906410
0.811762 0.441781 -0.091889 -0.506804 -0.458580 -0.086561 -0.205136 -0.570846 -0.666725 0.624007 0.632728 -0.328800 0.174797 -0.520764 0.830180 0.570437 -0.436796 0.534485 0.806348 -0.772130 0.525762 -0.461532 -0.079043 -0.034849 0.084826 -0.853459 0.399208 0.195056 -0.038017 -0.482658
0.018407 -0.258820 0.692261 0.023860 0.546837 -0.835230 -0.241426 0.465597 0.285978 0.223608 0.413134 0.427070 -0.984639 -0.592237 0.093173 -0.605198 0.693703 0.555925 0.293108 -0.532035 0.673989 0.611429 -0.064645 0.112676 -0.188031 0.600903 -0.706205 0.025934 0.890339 0.812484
0.509858 0.573547 -0.983967 -0.576051 -0.313440 0.307810 -0.088869 -0.227503 0.242189 0.643003 0.796767 -0.923852 0.853505 0.715062 0.711462 0.724421 -0.368068 -0.821838 0.956170 0.933896 -0.453872 -0.243468 0.318652 0.196898 0.924599 -0.787795 0.211798 0.553840 -0.079086 -0.618877
-0.457076 -0.272769 0.828306 -0.256196 0.547459 -0.570796 -0.113892 0.560827 0.705455 0.922602 -0.086041 0.244980 0.222634 -0.922145 -0.642595 -0.704573 0.077840 0.600046 0.751022 0.994875 -0.857224 0.496309 -0.216554 0.646858 -0.670211 0.428663 0.153694 0.722455 -0.474117 -0.223325
0.132835 0.912765 0.542690 0.245214 -0.461605 0.783951 -0.292773 0.320407 0.831256 0.837232 -0.845056 -0.263758 -0.426130 -0.684137 0.672939 -0.716456 0.581080 -0.006115 -0.471365 -0.269722 0.802167 -0.925420 0.476304 -0.783490 0.149169 -0.928445 0.500014 0.604309 -0.134602 0.162788
-0.729682 -0.845545 0.595514 0.949184 0.589691 0.135881 -0.550648 -0.264753 0.330935 -0.757830 -0.076073 -0.912835 0.315003 -0.790360 -0.213346 0.713290 0.943259 -0.237549 0.767829 0.410331 0.541822 0.358031 0.108577 -0.936058 -0.832502 0.204302 -0.246684 -0.192316 -0.583599 -0.026222
0.910690 0.895742 -0.258302 -0.143278 -0.313739 -0.386740 -0.656961 0.461629 0.565031 0.913917 -0.039750 -0.051473 0.794524 0.455564 0.999704 -0.052040 0.183373 -0.362203 -0.908087 -0.526753 -0.455582 -0.635328 0.931870 -0.247854 0.308928 -0.833209 0.027090 0.424942 0.060100 0.162835
-0.203802 -0.607750 0.593829 -0.795788 0.156662 -0.775372 -0.769615 0.925927 -0.297956 -0.053683 0.419644 -0.879493 -0.074817 -0.441960 0.596905 0.647553 0.873729 -0.928842 -0.625378 -0.397635 -0.700798 -0.797240 -0.851423 -0.244525 -0.500402 -0.676713 -0.329001 -0.222895 -0.894984 -0.283162
-0.201273 0.962671 -0.947400 0.863668 -0.575869 -0.782703 -0.932792 0.658118 0.623231 -0.981124 -0.937710 -0.030872 0.433962 0.481001 -0.972655 -0.010860 0.208178 -0.723177 0.731059 -0.438406 -0.116642 0.227512 -0.186507 0.718196 -0.531672 0.927454 0.815481 -0.573424 0.594928 -0.969600
0.464570 0.343675 0.943372 -0.831218 0.346660 0.654717 0.332122 0.116251 -0.006920 -0.314478 0.984574 -0.674439 0.585595 0.918791 0.006936 0.402732 -0.912352 0.289868 0.797461 -0.939667 -0.230261 -0.193104 -0.201364 0.060040 -0.789903 -0.092347 -0.105140 0.934147 0.215661 0.362841
0.940112 0.390703 0.135308 0.448373 0.129972 -0.410343 -0.844738 -0.596535 -0.420000 0.550924 -0.185444 0.444949 -0.916198 -0.049760 -0.821508 -0.047858 0.507579 -0.820736 -0.778105 0.459235 0.430332 -0.566707 -0.221307 -0.198956 -0.772140 0.527118 0.894028 0.498385 -0.601601 -0.827432
-0.205923 -0.415531 0.153474 -0.144119 -0.386021 0.051249 -0.214897 0.116885 0.858269 0.569074 0.973483 0.458985 0.511692 -0.340637 0.482560 0.794716 0.079856 0.677051 -0.400755 0.259965 -0.582492 0.553072 0.719821 0.933827 -0.065859 -0.840432 -0.484928 0.986420 0.665721 0.855724
0.687485 -0.098840 0.144869 -0.069507 -0.657544 -0.722033 -0.233434 -0.119259 -0.390044 0.336106 -0.956629 0.928358 -0.282928 0.394702 -0.732386 0.069092 -0.595212 -0.980428 -0.309892 -0.037515 -0.188196 -0.279195 0.982965 0.969009 -0.786538 0.696468 0.615459 0.319419 0.626308 0.747707
0.891908 0.195868 0.300858 0.115148 -0.669633 0.518503 -0.706510 0.189450 0.536619 -0.684866 0.118667 0.321687 -0.822825 0.311746 -0.590647 -0.275633 -0.568340 0.197893 0.869160 0.774558 0.720349 0.408929 -0.206780 0.186453 0.322669 -0.585065 -0.582774 -0.838390 -0.112325 0.507281
-0.626021 -0.796496 0.074106 -0.296223 0.687851 0.191024 0.821014 -0.524447 0.562379 -0.218901 -0.459930 0.691439 -0.517963 0.906583 0.370984 -0.700323 0.210336 -0.516386 -0.297604 -0.371661 -0.779086 0.154907 -0.638772 0.853345 -0.653564 -0.467183 -0.315538 -0.597157 0.890187 -0.385168
0.010533 -0.950481 0.128387 -0.306570 0.480837 -0.451728 -0.482501 -0.666190 0.350575 -0.109242 -0.436144 -0.358115 -0.816863 0.903012 0.347144 0.273248 0.579502 -0.106369 0.602573 0.850028 -0.264450 0.534768 -0.493048 0.794275 -0.886725 0.349173 0.666120 0.788151 -0.238244 0.837473
-0.368634 0.856215 -0.391556 0.602734 0.809429 0.294163 -0.436826 0.179743 0.524119 0.249317 0.367803 -0.206700 0.615632 0.049200 0.242047 0.340357 -0.214467 -0.347630 -0.372384 -0.908795 -0.936803 0.469938 0.224311 0.751932 -0.537254 -0.070393 -0.615710 0.478794 0.153240 -0.123231
0.663455 0.550477 -0.165446 -0.132858 0.284957 -0.378252 -0.659970 -0.509231 0.446894 -0.569397 -0.792784 -0.818486 -0.797619 -0.547221 0.761226 0.192762 0.231645 0.523159 0.309286 0.104900 -0.084175 -0.986529 0.960969 0.553717 -0.828824 0.205416 -0.239912 -0.766509 -0.407883 -0.130209
0.203689 -0.866856 -0.757027 0.565124 -0.228509 0.131121 -0.655526 -0.433468 0.809039 0.049415 0.670671 0.356210 -0.665271 0.004885 0.898678 -0.869269 0.575316 0.051994 0.832717 0.886774 -0.834032 -0.500943 -0.458017 0.169279 -0.738818 0.741953 0.306009 -0.756488 0.653261 0.993453
0.852368 0.824552 -0.496592 0.627327 0.985482 -0.975483 0.865030 -0.973278 0.744310 -0.953171 -0.418122 -0.063352 -0.718768 -0.090311 -0.625251 -0.635124 0.879374 -0.101990 -0.606909 0.210913 -0.119117 -0.176478 0.669603 -0.707843 -0.368631 -0.620071 0.506465 0.778626 -0.060672 -0.936434
0.901129 0.263837 0.298258 -0.422750 -0.543387 0.545206 0.762946 -0.231341 -0.149275 -0.758950 0.257576 -0.555855 0.016640 -0.940187 0.879804 -0.927755 -0.599199 -0.052847 0.287649 0.206447 -0.100842 0.213513 -0.074856 0.833567 0.872245 -0.323519 -0.689573 -0.997779 0.913268 -0.412074
-0.636511 -0.701474 -0.325995 -0.311631 -0.514068 -0.268183 -0.325448 0.273094 -0.238445 -0.596408 -0.115400 0.503189 -0.772220 0.474291 0.039296 -0.822185 0.522106 -0.672258 -0.300483 -0.295800 -0.949181 0.260906 0.345655 0.183957 0.676872 -0.613504 0.241687 0.362003 0.387515 0.804632
0.644135 0.514345 -0.948669 0.102125 0.111090 -0.153158 -0.416508 0.116283 -0.419182 -0.435883 -0.787218 0.433475 -0.076917 0.790605 -0.610367 -0.041017 -0.035262 0.082971 0.071482 0.719158 0.062188 0.676816 -0.274336 0.135706 -0.951953 0.944058 0.148178 0.454568 -0.530813 0.699138
-0.239941 -0.240249 -0.043776 -0.449062 0.042236 0.927761 0.740246 0.087054 0.537855 0.910314 0.208961 -0.513209 -0.569741 0.905671 0.525171 0.819532 -0.526634 0.606954 0.915134 -0.911697 -0.990691 -0.487080 0.799601 -0.641757 0.594596 0.231238 -0.747414 0.326925 -0.459197 -0.693280
-0.337735 -0.059967 -0.338935 0.883745 0.049098 0.483569 0.527221 0.761374 0.004115 0.780694 0.855678 -0.073414 0.403382 0.669687 0.575012 -0.408652 -0.220997 -0.684317 -0.783250 0.849337 0.705772 0.556167 -0.739296 -0.858560 -0.519285 0.944158 -0.815876 -0.543889 0.868959 0.649031
-0.901962 0.272453 0.032294 0.285073 0.207374 0.710199 0.154429 0.150122 -0.923282 -0.480589 0.041010 -0.266859 -0.507597 -0.557402 0.023423 -0.689078 0.242868 0.462504 -0.256244 -0.133897 -0.666442 -0.117541 0.923853 -0.061452 0.164002 0.473373 0.754328 -0.978873 0.635146 -0.099083
-0.450711 -0.537704 0.581479 0.289429 0.795134 0.756507 -0.023668 0.542337 0.160680 -0.943144 -0.570449 0.523959 -0.879874 -0.605158 -0.198867 -0.738516 0.363303 -0.102494 -0.855793 -0.403174 -0.619157 -0.235030 0.558149 0.754792 0.902115 0.982899 0.253116 -0.835916 0.899442 -0.421308
0.300886 0.622598 0.907750 -0.123177 0.548075 0.598160 0.200242 -0.074322 0.484343 -0.992308 0.967470 -0.034162 0.595831 0.819498 -0.976651 -0.470182 0.786395 0.268939 -0.649680 -0.829884 0.726417 0.209784 0.888066 0.024211 -0.435206 -0.398196 -0.547278 -0.043520 -0.106207 0.467717
0.431274 -0.672776 -0.647332 -0.848114 -0.873644 -0.553159 -0.372136 -0.505742 -0.831779 0.829502 -0.324980 0.142809 -0.115578 0.215765 0.712448 -0.705752 -0.351222 0.396808 -0.863883 0.879004 0.094088 -0.269577 -0.105516 0.484030 -0.320160 0.689801 0.478553 0.176155 0.191274 -0.622149
0.680773 -0.436743 -0.811743 0.277009 -0.449328 -0.457029 0.114006 0.752099 0.625697 -0.153369 0.562798 0.344595 -0.558475 0.232321 -0.532358 -0.339675 0.689838 0.798844 -0.596290 0.477297 -0.422416 -0.261059 0.056609 0.606132 -0.352277 0.089315 -0.113981 0.962076 0.883628 0.797618
-0.471741 0.943084 0.261819 0.339931 -0.736503 0.168744 0.066927 0.630425 0.149050 -0.759688 0.981395 -0.263353 -0.479132 -0.539379 0.681702 -0.571780 0.175983 -0.608335 -0.757257 -0.332657 -0.320534 -0.019952 -0.364522 -0.743052 0.709547 0.228738 -0.196494 0.081842 0.241515 0.033902
-0.508649 -0.858623 0.341166 0.702399 0.610357 0.919414 -0.671132 0.099108 -0.191468 0.421783 -0.735889 0.279425 0.598989 0.153428 0.224670 0.668358 -0.198718 0.009897 0.050158 0.167087 -0.088450 -0.200523 0.782187 0.021651 -0.030162 -0.428911 0.559214 0.678435 0.783979 -0.457124
0.448360 -0.063961 0.617065 -0.439088 -0.793149 0.772539 0.623790 -0.523171 -0.899717 0.381462 0.311385 -0.225019 -0.574509 0.124659 0.078375 -0.191103 0.357395 0.424146 0.788667 0.884835 0.886762 0.047368 -0.784503 -0.134801 0.825805 -0.668177 -0.551986 -0.140087 -0.158943 -0.780627
0.080741 0.293880 0.973765 0.029511 -0.237322 0.621675 0.281834 0.711370 0.396996 -0.174784 0.110373 0.020365 0.827240 -0.881387 0.853629 -0.859437 0.293117 -0.434618 0.160929 0.360432 -0.723835 0.751048 -0.576294 0.439798 -0.603448 0.373627 0.005356 -0.743850 0.794527 0.304982
0.289480 0.618762 -0.136726 -0.019386 0.100001 -0.843833 0.746062 0.632077 -0.386960 -0.662319 -0.076253 0.866026 -0.315974 0.635958 0.297485 -0.350768 0.365009 -0.534116 -0.965049 -0.145679 -0.930448 0.284088 -0.461904 -0.982053 0.117431 -0.298148 -0.771110 -0.015042 0.123387 -0.456047
-0.692152 0.068816 -0.317893 0.762154 -0.514871 0.051359 -0.782901 -0.273283 0.961040 -0.559804 -0.862923 0.894314 0.996186 0.847207 0.995469 -0.970127 -0.891532 0.946904 0.378658 -0.509599 0.966488 0.780103 -0.820979 0.095015 0.763248 -0.342434 -0.970897 -0.121313 0.674917 0.079239
-0.015289 0.368625 0.115589 -0.103450 -0.505168 0.394035 -0.159709 0.837862 -0.616212 -0.514369 0.763500 -0.363183 0.045368 0.793502 0.551021 -0.148448 -0.057670 -0.224607 0.401230 -0.958501 0.911205 0.006050 -0.060119 -0.586661 -0.395219 0.746312 0.443079 0.033487 -0.039846 0.848018
-0.248018 0.378053 0.023713 -0.595652 -0.626853 0.674008 0.711872 0.164702 -0.085403 -0.254904 0.137913 0.592293 -0.953294 0.849167 -0.675078 -0.590207 -0.189258 0.740953 -0.805547 -0.775964 0.555986 -0.078323 0.667269 -0.912362 -0.110483 -0.001235 -0.257004 -0.344919 0.326393 0.734764
0.116266 0.948651 -0.679200 -0.252427 0.310693 0.928151 -0.553335 -0.827734 0.622616 0.812740 -0.394774 0.933115 0.438647 0.336564 0.406388 0.232329 -0.469969 -0.599806 0.677501 -0.166031 -0.641197 0.133453 -0.001748 0.725140 -0.292889 -0.875725 -0.938857 0.450312 -0.598476 -0.572992
-0.299958 -0.261072 0.631307 0.550628 0.729630 0.176462 -0.299845 0.061469 -0.670831 0.553279 -0.782459 0.246020 -0.372214 -0.719890 0.572071 -0.914582 0.218254 0.098558 -0.526172 -0.622206 -0.338753 -0.582961 -0.991619 -0.995250 -0.504002 -0.543397 0.419865 0.053183 -0.923581 -0.556001

Bias v0 (Oculta):
0.692212
0.176516
0.028682
-0.236098
-0.156019
-0.116985
0.757504
-0.874034
-0.643894
0.919544
0.178513
-0.641306
0.001132
-0.140480
-0.591259
0.395098
0.994526
-0.001450
0.079079
0.216918
-0.621202
0.880079
0.339459
0.074124
0.786480
0.058007
0.004480
0.558675
-0.832309
0.929170

Pesos w (Oculta -> Sa獮a):
0.291194 0.620044 0.770079 -0.637498 0.346806 -0.361469 -0.923732 -0.066308 -0.666279 0.531328 -0.003933 -0.613586 0.881842 0.409756 0.157493 -0.890748 0.079154 0.295810 -0.662413 0.383658 -0.194413 -0.274488 -0.552587 0.201220 -0.771049 -0.649629
-0.339571 -0.968702 -0.138907 -0.957748 0.304266 -0.945047 0.599161 -0.054625 0.150336 -0.016229 -0.226013 0.490244 -0.102613 -0.440924 -0.855665 -0.526965 0.572874 -0.651135 -0.136610 -0.961471 -0.995068 -0.673328 0.809009 -0.461840 -0.276902 -0.109842
-0.627280 -0.270084 -0.198400 0.995178 0.178051 -0.223338 -0.644664 -0.025930 -0.894726 0.750757 0.150070 0.219976 -0.331083 -0.616150 -0.566954 -0.789994 0.125252 -0.623176 -0.345057 -0.490291 0.571855 -0.762381 0.011590 0.336506 -0.706297 -0.384345
-0.331585 -0.269315 -0.728989 0.626468 0.964545 0.250242 -0.476790 0.197874 -0.467896 0.726925 -0.042586 0.873582 0.129556 0.129390 0.403893 0.042142 0.479934 0.179166 0.695739 -0.810942 0.771288 0.080952 -0.522943 0.375405 0.165543 0.704958
-0.823824 -0.585891 -0.579839 -0.349363 -0.053940 0.691633 0.556547 0.936108 0.365275 -0.006837 -0.649474 -0.789843 -0.411676 -0.756872 0.880779 -0.416685 0.616697 -0.664536 0.300171 -0.437375 -0.231461 0.878186 -0.359843 0.726202 -0.899251 -0.307201
-0.056329 -0.871507 -0.097821 0.092742 -0.186319 -0.507292 -0.022953 -0.658381 0.811666 -0.529262 0.670554 -0.048744 -0.207975 0.269255 0.619342 -0.755122 -0.608279 0.091794 0.725845 0.224061 0.781564 -0.266609 0.263761 -0.791758 -0.986338 -0.294350
-0.828549 -0.249079 0.157545 -0.322702 0.104819 0.757481 -0.926123 -0.932685 -0.846345 -0.409039 0.274317 -0.819008 -0.911997 -0.842850 -0.225935 -0.004679 -0.171959 0.949977 -0.369021 -0.791793 0.041473 0.130398 -0.729501 0.830893 -0.914759 -0.667363
-0.285792 0.706734 0.345546 -0.899180 0.867042 0.028912 -0.794829 -0.605422 -0.604058 -0.058631 0.474340 -0.466512 0.933321 0.346907 -0.385677 0.112642 0.891827 0.562142 -0.948137 0.506127 -0.771553 0.922965 0.610764 -0.766270 0.495979 -0.547512
0.261624 -0.690221 0.361220 -0.006975 0.956194 -0.626056 0.007649 -0.708960 -0.146726 -0.809123 -0.601486 0.915559 -0.048563 0.399405 -0.722178 0.051422 0.822035 0.044933 0.094301 -0.129060 0.770665 -0.621639 0.091773 -0.111828 0.682787 -0.369727
-0.836261 -0.899013 0.808726 0.637890 -0.907287 0.811676 -0.625051 -0.646847 0.645112 -0.515171 -0.925694 -0.196442 -0.538739 0.429577 0.238314 -0.060385 -0.284214 -0.072636 -0.960412 0.456787 -0.952729 0.709180 -0.563850 0.836246 0.369889 0.053500
0.194510 0.537842 0.210665 0.926500 -0.899001 -0.108688 -0.808432 -0.800506 0.643417 -0.436664 -0.231148 -0.265215 -0.284164 0.957879 0.294914 -0.293654 -0.137816 0.976391 -0.449331 -0.668452 -0.586835 -0.220681 0.728411 -0.332778 0.262776 0.757910
0.754595 0.729422 -0.176300 0.717391 -0.806935 -0.006320 -0.009597 0.676110 0.622030 0.375627 0.325006 -0.244806 -0.284037 0.559060 0.295571 0.325388 -0.723608 0.598477 0.331456 0.471376 -0.643945 -0.531177 -0.656363 0.454646 0.874227 -0.617621
-0.444029 -0.359776 0.841521 0.043929 0.577339 0.942690 0.792428 -0.998943 0.928018 0.807376 0.878047 -0.759050 0.167185 0.803135 0.228118 0.875383 -0.061372 -0.159534 -0.998769 0.110440 -0.181387 -0.950597 -0.070663 -0.706036 0.186295 0.574662
0.359659 0.447854 -0.921038 -0.794161 -0.513491 0.431981 -0.507657 -0.341538 -0.989623 -0.656573 0.327829 -0.895822 -0.740672 -0.271801 -0.725115 0.527670 -0.626744 -0.866608 -0.215918 -0.810108 -0.285384 -0.703596 -0.728959 0.194376 0.478998 0.199135
0.733709 -0.458084 0.503776 -0.657788 0.148626 -0.592154 -0.572242 0.332689 0.744495 -0.216866 0.536368 0.374060 -0.665303 0.275970 -0.048810 -0.354851 -0.326667 -0.439124 0.189354 0.743539 0.243102 0.853886 0.437952 -0.541180 -0.749077 0.489575
0.511024 0.710164 0.339669 -0.899170 0.989024 0.912392 0.414778 0.852395 -0.745589 0.186231 0.140901 -0.017823 0.443324 -0.817688 0.397816 -0.393598 0.757741 0.965664 0.806347 -0.891575 0.661817 0.571617 -0.651685 -0.222901 0.024011 -0.574038
0.149127 0.372678 -0.404378 -0.926988 0.024791 0.678628 -0.301953 0.988069 0.313420 0.226277 0.589006 -0.308347 -0.847420 0.627636 -0.306219 0.086947 0.985174 -0.846549 -0.055848 0.825424 -0.117095 0.679813 0.746598 -0.268533 0.692538 0.063604
0.647489 -0.376536 -0.609764 -0.485138 0.233278 -0.556875 -0.455425 0.214453 0.256540 -0.023132 -0.964060 -0.238796 -0.438596 -0.256650 0.437372 -0.425701 0.597327 0.461863 0.887524 -0.255989 0.535287 -0.853591 0.375804 -0.559736 -0.153375 0.955429
0.879002 0.538945 0.914516 0.269344 -0.331166 0.774663 0.129031 0.930318 -0.950148 -0.007770 0.597550 -0.365752 -0.841982 -0.678586 -0.523739 -0.851487 0.284165 -0.575003 -0.890048 0.610651 -0.285160 0.115273 -0.367158 -0.893937 0.753689 -0.228414
-0.690779 -0.923257 0.515404 0.413095 0.939759 0.198780 0.226213 -0.047896 0.281679 -0.908914 -0.183241 -0.008734 0.499420 -0.221846 0.954046 -0.258177 -0.797067 0.848010 0.624875 -0.247140 -0.248570 0.490262 0.749461 -0.793684 -0.801316 0.750351
0.492163 -0.618946 -0.431498 0.413143 0.817486 0.863444 -0.238874 0.372724 -0.976431 -0.653602 0.217517 0.579030 -0.424865 0.819069 0.886880 0.696353 0.142930 -0.269960 0.986193 0.134490 0.570772 -0.274706 -0.365015 -0.951298 -0.405535 -0.779844
0.123364 -0.997167 0.485754 0.474124 0.436476 0.225177 -0.972801 -0.010283 -0.589790 -0.604392 0.432793 0.519626 -0.492660 0.305328 -0.196086 -0.936645 0.161010 0.505772 0.750939 -0.489582 -0.677070 0.810721 0.652484 0.862311 0.708890 -0.009984
-0.448216 0.658185 -0.961509 0.819087 -0.795723 -0.275244 -0.064229 0.458600 -0.777774 -0.847333 -0.790180 0.076622 -0.005056 0.984933 -0.782076 -0.363805 0.168966 0.008273 -0.019927 -0.202392 0.335763 0.825424 0.423697 -0.404590 -0.692879 -0.561237
0.567808 0.880139 -0.933255 0.763614 0.811618 0.912417 0.400651 0.937233 -0.378028 -0.980899 0.758310 0.294798 0.729060 0.199059 0.477838 -0.696978 0.003629 0.625090 -0.015483 -0.147992 0.244577 0.241722 -0.021119 -0.249678 -0.449252 0.253153
-0.143925 0.394556 -0.585827 -0.398098 0.682947 -0.682657 -0.203824 -0.876753 -0.148768 0.841558 0.092958 -0.885124 0.752362 0.839953 -0.332466 -0.159639 0.333651 -0.639054 -0.096776 0.907349 -0.632928 0.034174 -0.156376 0.602410 -0.980017 0.420922
-0.380096 0.457420 0.850533 0.310860 -0.199627 -0.241846 -0.754191 0.664952 0.164299 0.055180 0.498120 -0.271391 0.735384 -0.677888 0.067698 -0.517805 -0.574889 0.066266 0.560328 0.654780 0.568054 0.400544 0.552763 -0.451852 -0.207436 0.184717
0.552233 0.324217 -0.610304 0.959193 0.304484 -0.805748 -0.589680 -0.265362 0.495709 -0.621945 -0.673014 0.464056 -0.287022 -0.290011 -0.402020 -0.550372 -0.185382 -0.384875 0.208188 -0.578119 -0.732796 -0.031506 -0.639875 -0.831939 -0.269783 -0.817030
0.830512 -0.421849 0.103960 0.434267 0.177545 0.591092 -0.724879 0.244044 0.901450 0.443954 -0.422541 0.879295 0.071631 -0.454278 -0.647230 0.148126 0.449963 0.914620 0.825972 0.482941 0.364890 -0.149742 -0.888247 0.630857 -0.781666 0.735258
0.150147 0.356590 -0.858821 0.967445 -0.022117 0.737750 -0.390851 0.922451 0.119342 -0.723924 -0.477770 0.056104 -0.410742 0.472066 -0.397055 -0.120254 0.996718 -0.912441 -0.647625 0.040741 -0.912829 0.660117 0.338545 -0.045499 -0.663586 -0.173673
0.134971 0.580469 0.406276 0.655125 -0.086393 -0.745469 -0.390516 -0.566451 -0.296166 0.400662 0.694487 0.102016 0.149898 -0.605857 0.885126 0.764572 -0.407840 0.583835 0.339293 0.135001 -0.823543 0.185794 -0.365829 -0.936425 0.536145 0.600768

Bias w0 (Sa獮a):
0.203023
-0.331915
0.005197
-0.767797
-0.923411
0.875839
0.349057
-0.548949
0.822114
0.740960
-0.444759
-0.167814
0.478758
-0.335377
-0.343941
-0.476002
0.967584
-0.491173
0.022851
-0.311890
0.912784
-0.494554
0.074437
-0.730536
0.478038
0.827758
