Pesos v (Entrada -> Oculta):
0.294556 -0.059705 -0.056205 -0.452919 -0.553101 0.651115 0.117308 1.120097 -0.918815 -0.177787 -0.882512 -0.262784 -0.309413 -0.174195 -0.686537 -0.247756 0.196920 0.553173 -0.738498 0.459215 -1.061800 -0.391184 0.124308 0.121261 0.524390 0.109876 -0.048956 0.851370 -0.566564 -0.238839
0.830477 -0.343692 0.317282 0.701920 1.298564 -0.216024 0.125370 -0.554151 0.117311 -0.579361 -0.051266 0.147750 -0.027737 0.462413 -0.818937 -0.305870 0.037758 1.354017 -1.028024 -0.292620 -0.216438 -0.480754 0.160405 -0.668104 -0.142287 -0.457695 -0.044914 -0.343719 -0.434667 -1.103574
-0.349407 -0.899929 -0.006803 0.593766 0.162426 -0.011165 0.693952 0.806660 0.245908 -0.051155 -0.180338 -0.330474 0.697121 -0.426552 -0.125354 0.782645 0.744534 0.328671 -0.568233 1.480233 -0.576945 -0.389978 -0.091857 -0.299793 -0.204356 -0.641121 1.080250 -0.615722 -0.012639 0.815622
0.469819 0.710338 0.052258 0.441761 -0.838875 -0.676992 -0.458570 1.097156 -0.323607 -0.257848 0.106695 -0.555596 0.674556 -0.004438 0.398087 0.113712 0.128481 -0.188612 -1.092495 0.134341 0.572915 0.701620 -0.244649 -0.487415 0.467205 0.133891 -0.095982 0.301562 -0.256085 -0.220151
-0.015787 0.499494 1.081512 0.758558 0.068431 -0.817780 -0.469876 0.957722 0.094501 -1.069946 -0.693859 -0.002281 -0.002588 -0.626382 0.762400 -0.318242 -0.139320 -0.891848 0.443171 -0.336825 0.087552 0.546593 -0.426868 0.039250 0.846786 0.538481 -1.016595 -1.137769 -1.198969 -1.016229
0.669933 0.862302 -0.163748 0.889785 0.862030 -0.864013 0.317618 0.256641 -0.724399 -0.189444 -0.805188 -0.246686 0.154374 0.837905 0.476765 -0.044891 0.256973 -0.883504 0.271455 0.582798 1.179156 0.264247 0.244809 1.056232 0.386616 -0.704601 -1.571792 0.354845 0.645301 -0.917540
-0.379832 1.080049 -0.353864 0.141000 -0.347782 -0.635345 0.584210 0.123802 0.793910 0.580566 -0.545925 -0.075060 0.079745 -0.531510 0.872989 0.843394 -0.489158 -1.597101 -0.572586 0.153667 -0.520229 0.462601 -0.093010 1.450092 0.276937 0.579114 -1.356851 0.821141 0.051473 -0.699664
0.325524 0.278077 -0.575095 -0.355166 0.199070 0.494972 -0.099454 -0.232408 -0.554086 -0.279146 -0.424967 -0.047736 0.393839 1.569591 -0.326154 -0.224218 -0.823599 -0.451018 -0.010871 0.764642 -0.125841 -0.584115 1.299681 0.743936 -0.338364 0.040877 0.508597 0.918581 -0.285113 -0.202006
0.343825 0.528746 0.418010 -0.356530 -0.344737 -0.646602 -0.294292 -0.514858 -0.514284 0.004279 0.438459 -0.654929 0.196584 0.090279 0.079139 0.302310 0.510359 0.172010 -0.565243 1.721310 -0.781321 0.618086 0.792075 0.373528 0.832243 -0.832719 0.998484 -0.540091 -0.141485 0.114711
0.098102 -0.869526 0.412795 0.659090 -0.453115 0.601818 0.621901 0.506943 0.591677 -0.041253 -0.064405 0.292030 0.257201 -0.163492 -1.127485 -0.685590 -0.090511 0.359146 -1.312630 -0.108215 -0.104646 0.429775 -0.672708 0.284447 0.792419 0.189031 0.379495 0.106976 0.615620 -0.100394
-0.871301 0.093287 -0.642319 -0.239890 0.643901 -0.058548 0.739788 0.327211 -1.039367 0.413670 0.208877 0.370631 0.085973 0.850411 -0.638586 -0.734452 0.601102 -0.510037 -0.176847 -0.021666 0.187266 0.338636 -0.023544 -0.444779 -0.535331 -0.811089 1.062585 -0.522375 -0.702962 -0.531126
-0.097206 -0.072290 0.419823 0.933712 -0.726917 0.095995 -0.698696 0.746306 -1.091035 0.559063 -0.142037 -0.062744 -0.567148 0.613326 -0.147126 0.908858 -0.360063 0.866631 0.285642 -0.013253 0.576829 0.170518 0.686461 -0.839875 -0.525283 -0.671249 0.835616 -0.892509 0.435976 0.546350
1.129373 -0.209036 -0.762238 -0.505004 -0.823103 0.103374 -0.695555 0.102318 0.271137 -0.205934 0.589013 0.861194 -0.175340 0.837831 -0.696563 0.838794 -0.036288 0.533270 1.020788 -0.490482 0.176912 -0.208928 -1.034620 -0.604034 -0.323528 -0.182455 0.254456 0.265496 0.885433 -0.462374
0.936129 0.538964 0.271013 0.840061 0.301663 0.757201 -0.453416 0.461596 0.429477 0.512839 0.522820 -0.315005 0.790188 -0.988632 0.002890 -0.267537 -0.273733 -0.509552 0.358640 0.176653 -0.002475 -0.200898 -1.381534 0.374746 0.290105 -0.606958 0.127681 -0.282290 -0.035318 -0.673569
-0.411460 0.372255 -1.421866 0.555158 0.020003 0.268874 0.183926 0.762193 -1.565788 -0.845648 -1.142840 -0.713853 1.222183 0.318889 0.332132 -0.355720 0.433556 0.351996 -0.253386 0.982187 0.668208 0.288512 0.020123 0.145984 0.330767 0.043830 0.334888 -0.190560 -0.893440 0.430157
-0.403106 0.520935 -0.270375 0.630871 0.551086 0.615372 0.302042 -0.351676 -0.700815 -0.606553 -1.185925 -0.370382 0.505516 -0.279863 -0.080683 0.157952 0.417876 1.108210 -0.074224 1.497727 -0.648677 -0.608408 -0.398132 -0.252460 0.129321 -0.558684 0.262736 0.427814 -0.627328 -1.082625
0.533119 0.054173 0.012242 0.791943 0.006813 0.060508 -0.194194 0.034771 -0.943393 -0.533192 0.248438 -0.447184 0.679228 0.040259 0.336568 0.225154 0.104840 -0.220899 -0.115340 -0.131016 -0.290968 1.071590 0.156621 -0.579810 -0.476866 0.166007 -0.279432 -0.803022 -0.204164 -0.721007
0.610386 0.881033 0.395657 1.001162 -0.101472 -0.543924 -0.099821 -0.122516 1.115548 -0.141774 0.132761 -0.574910 -0.002246 0.516805 0.584855 1.188245 -0.962282 -1.169716 0.309532 -0.170459 0.792736 0.765088 -0.297527 -0.247281 -0.724151 -0.586197 -2.006745 0.016702 -0.320983 -1.104206
-0.431666 0.041270 0.377834 -0.061568 0.143663 0.467117 -0.198304 0.352795 0.184175 -0.794897 -0.362643 -1.173236 -0.329268 -0.077899 0.610859 1.320547 0.861905 -1.750405 -0.354031 -0.673453 -0.290517 0.007737 0.926765 0.709548 1.594332 -0.725060 -0.917436 -0.000533 -0.175233 -0.347288
1.114839 0.371740 -0.160453 -0.497081 0.422364 0.224954 0.430109 0.217161 0.004812 0.250566 0.560391 -0.638795 0.098064 0.500316 0.375959 -0.517997 -0.220102 0.007276 0.499708 0.500623 -0.460793 0.675449 0.845719 0.324300 0.511517 -1.705549 -0.105002 1.234815 -0.093751 0.337276
-0.840038 1.012760 -0.452005 -0.566416 -1.502160 -0.609780 0.483574 -1.090835 0.781389 -0.287338 0.148837 0.590708 1.329954 0.130184 -0.099331 -0.251921 -0.284640 -0.549482 -0.705855 0.625654 0.368251 -0.411659 0.491854 0.840999 -0.090157 -0.195162 0.154082 0.284463 0.287494 0.034751
-0.530698 -0.016037 0.350894 -0.243991 -1.216931 0.020273 0.091949 0.397063 0.453401 0.164155 0.097043 0.744273 0.659378 -0.867970 -0.442974 -0.886130 -0.066463 0.928391 0.679396 0.803024 0.229395 -0.014086 0.574348 0.384766 0.402379 -0.576031 0.660991 -0.891174 -0.296524 0.014276
0.303574 -0.553016 -0.589420 -0.122822 -0.745834 -0.121621 -0.427008 0.742773 0.371615 0.766074 -1.275518 0.251440 -0.083603 -0.789525 -1.185485 -0.393723 0.027105 0.718084 -0.253814 -0.691725 -0.405095 0.704221 -1.113971 0.517897 0.661391 0.393794 0.713250 -1.010345 0.708783 -1.005370
0.947861 0.486149 -0.434522 -0.075393 0.564118 -0.011456 -0.830757 0.935575 0.114337 0.703438 0.581665 -0.189109 0.409073 0.697979 -0.992228 -0.346788 0.741180 0.892628 0.038690 -1.066396 0.131949 0.401587 -0.810020 0.628171 0.496925 -0.724796 0.856841 -0.639385 0.686849 0.642617
-0.033478 -0.022406 0.769443 0.446883 -0.817259 0.207502 0.409757 -0.981749 0.468977 -0.274270 0.343123 0.205501 0.752811 0.785986 -0.374489 -0.170673 -0.814650 -0.621870 -0.041146 0.205244 -0.644782 -0.780066 -0.126694 0.150192 -0.060167 -0.619167 0.497152 -0.785577 0.947542 0.748889
0.636771 -0.044833 -0.416196 0.786608 -0.987013 0.315180 0.907716 -0.737090 -1.168549 -0.444051 -0.691584 0.832037 -0.579314 0.742333 -0.362140 -0.475619 -0.721838 0.310682 0.658779 -0.198359 0.119008 -0.643498 0.321247 0.306942 -0.561122 0.372192 0.404571 0.567159 0.136436 0.462605
-0.962187 -0.106463 0.308680 0.210296 0.331124 0.171888 0.695395 0.286266 -0.124800 -0.224414 -1.283985 -0.123588 0.040750 0.267188 0.023004 0.818689 -0.323284 0.301707 -0.114228 0.938308 -0.573353 -1.239452 0.057164 1.124509 -0.470947 0.676131 0.827557 0.135208 -0.854643 -0.227357
0.401875 -0.243500 -0.195424 0.582304 0.532711 -0.835523 -0.416422 0.959533 -0.180479 -0.379483 0.675428 -1.039481 0.960802 0.484903 1.238574 0.277285 0.180349 -0.007824 -0.011729 0.201747 -0.392484 -0.524298 -1.016422 0.408301 -0.739915 -0.328921 -0.178127 -0.079875 0.158187 -0.366298
-0.514918 0.487738 1.629552 0.346175 0.553945 0.155420 0.745369 -0.580476 -0.282759 -0.514896 -0.412694 -1.272786 0.802224 -0.004384 0.304321 0.219666 0.263433 0.277276 -0.192258 -0.985470 0.237606 0.388951 0.045165 -0.411354 -0.511190 0.021091 -0.373658 0.791006 -0.482362 -0.601055
0.515822 0.560833 0.125207 -0.564833 0.025272 -0.697654 0.274855 0.706581 -0.560831 -0.184213 -0.732101 -1.031926 0.078189 0.605950 -0.451793 0.468197 -0.262767 -0.732642 0.607034 0.822693 0.224108 0.324811 -0.305615 0.275077 -0.437919 0.717049 -1.322974 -0.126388 0.288116 -0.123117
-0.538233 0.758182 -0.488328 0.984123 -0.391319 -0.813383 -0.178891 0.163032 0.636484 0.586148 -0.221016 -0.644946 0.727815 0.778367 0.509496 0.895595 0.216416 -1.291569 0.417361 0.044637 0.641527 0.661762 0.994502 -0.336140 -0.747455 -0.735443 0.233817 0.475726 0.448068 -0.020645
0.498685 0.945448 0.039269 0.399816 0.567376 -0.214536 0.615190 0.825859 0.701096 -0.893530 0.537454 -0.470795 -0.589737 0.158583 0.192173 -0.736703 -0.019070 0.507475 -0.335177 -0.179308 -0.035568 0.800638 -0.517378 0.152815 -1.065006 -0.480414 0.851074 0.804866 0.139315 -0.517010
0.222267 0.914844 0.537888 0.749848 -0.366174 0.113154 -0.351054 0.673700 0.334285 -0.223342 -0.145977 -0.494480 0.541956 -0.502706 0.360513 -0.138543 -0.246527 0.026856 -0.105189 0.089193 -0.924907 -0.779837 0.296734 0.159907 -0.691427 0.630554 1.041843 -0.279422 0.033422 -0.820958
0.196753 0.483108 -0.647927 0.247696 -0.934255 0.712784 0.527167 0.944222 0.266138 -0.508406 0.589322 -0.467062 -0.165306 -0.171440 -0.481388 0.532910 0.612468 1.211514 0.640923 0.176644 1.031066 0.645443 0.284874 0.074093 0.250788 1.055085 0.972336 -0.270358 -0.771490 -0.570705
0.058652 -0.241480 0.753138 0.782975 -0.480778 0.551840 1.058377 -0.253590 0.801619 -0.022671 -0.512174 1.383295 0.652631 -0.606850 -0.396175 -0.771558 0.412815 0.258722 0.001246 -0.136240 -0.717224 0.194746 0.366450 0.614472 0.908416 -0.132648 0.992098 0.393224 -1.173958 -0.017620
0.601468 -0.493793 0.398861 0.462422 -0.006100 -0.400930 0.864370 -0.477376 -0.973255 0.826377 0.866767 0.305293 -0.142178 0.902997 0.571527 0.741535 0.171813 -0.240960 0.791186 -0.542675 0.390875 -0.745247 0.806160 -0.971300 -0.156252 0.773304 0.635246 -1.020380 -0.705191 0.406560
0.975586 0.279957 -0.009272 0.207141 -0.104067 -0.430738 1.038364 -0.811394 0.860497 0.790177 0.248967 1.247316 0.432389 0.806276 0.363049 0.854428 0.395217 -0.824813 0.650723 0.538557 0.207103 -0.394791 -0.870399 -0.537494 -0.224367 -0.624291 -0.191241 -0.253347 -0.835974 0.478306
0.540741 -0.954652 0.186488 0.990581 0.019335 -0.456088 0.717689 -0.370374 -1.151642 0.630944 -0.013179 -0.352487 -0.653131 -0.442805 -0.600243 -0.001027 -0.098640 0.289250 -0.327567 -0.673111 -0.849437 0.017249 -1.180348 -0.231944 -0.509675 -1.227721 -0.055316 -0.800641 0.286492 0.289318
-0.895357 -0.244665 1.579716 -0.274351 -0.115273 -0.009619 -0.675597 -0.206721 0.276179 -0.129119 -1.083230 -0.181878 0.465168 0.341289 0.512050 -0.040972 -0.409817 0.640154 0.308554 -0.379493 -0.092663 -1.463553 -0.939804 0.509227 -0.129524 -0.584792 -0.390239 0.441877 -1.182929 -0.281308
-0.939583 -0.785636 0.613809 0.200761 -0.036100 0.257134 0.649643 0.615100 -0.236168 -0.182448 -0.385197 -0.368228 1.072274 -0.705190 0.328422 0.431916 0.436665 1.346791 0.548030 -0.448492 0.272349 -0.940452 -0.209453 0.573550 -0.938916 0.094332 0.800504 1.051992 -0.403785 -0.369940
0.755474 -0.512097 1.163552 0.378976 0.457423 -0.359452 -0.661574 -0.095630 -0.698481 -0.078142 -0.878249 -0.267563 1.354909 -0.679266 0.577867 0.633595 1.063622 0.460352 0.516176 0.763866 0.327329 -1.504645 -1.086339 -0.714401 -0.684765 0.607316 0.353491 0.947778 0.004879 0.719069
0.378986 0.275970 0.560943 -0.649938 0.325239 -0.196073 0.430721 -0.979574 -0.062245 0.031882 -0.580349 0.177770 -1.428578 -1.079758 -0.369744 0.476580 -0.417694 1.505348 -0.534766 0.887462 -1.233317 0.757936 -0.076836 -0.011463 -0.929762 -0.495474 0.336989 -0.260737 0.601678 0.486269
0.495681 0.614612 -0.846186 0.751745 1.092867 -0.435257 0.728917 0.593373 1.308869 -0.993980 -0.801377 -0.083886 -1.811444 -1.026530 0.416509 0.615927 0.809540 -0.311304 -0.804421 0.910389 -0.565702 -0.390747 0.538492 -0.058415 0.036093 -0.623773 0.933196 -0.182491 0.847686 0.033629
-0.890148 0.391908 -0.806312 0.087125 0.752505 1.459559 -0.095494 0.273131 1.387170 -0.029066 -0.375646 0.411547 -1.177180 -0.860896 -0.431281 -0.650667 1.696789 0.195615 0.565390 -1.080213 0.051632 0.697522 -0.374334 -0.309530 0.623527 1.477874 -0.390569 0.060257 -0.831586 -0.828771
-0.278003 1.175246 -1.309794 0.532563 -0.298690 0.211402 -0.382982 -0.374760 1.777577 -0.881333 -0.133095 0.156510 -0.008155 -0.649956 0.039133 -1.321905 0.394802 -0.947007 -0.741952 -1.091370 -0.107022 1.215505 -0.310277 -0.251963 -0.423155 0.830252 1.042856 0.176506 -1.637822 -0.983892
0.635405 1.821579 -0.999557 -0.642151 -0.070550 0.394722 -0.007741 -0.448793 0.653226 0.524812 -0.326386 0.421953 -0.149373 0.645842 0.986049 -1.038148 0.119987 -0.545706 0.586127 -0.134172 0.370226 -0.128955 -0.126445 0.326006 -0.630114 -1.203295 0.145845 -0.292739 -1.375025 -1.285541
0.673442 -0.345403 -0.717015 -0.624808 -0.432872 0.371455 0.051422 0.759001 -0.707177 -0.853372 0.246410 0.704122 -0.412760 -0.615385 -0.483163 -0.335046 -0.347414 -0.156826 0.313848 -0.677609 -0.699996 0.318454 -1.051639 -0.424792 -0.247501 -0.406992 0.069990 -0.403863 -0.694905 -0.003830
0.848378 0.808795 0.799428 -0.086234 0.069112 -0.333595 0.337924 0.291363 0.047931 -0.831659 -0.072325 -0.716055 0.345244 -0.375068 0.238240 -0.449553 -0.402137 -0.083329 0.301225 -0.092326 -0.027267 0.737209 0.187845 0.910468 1.212658 -0.497081 -0.262826 -0.228587 0.621541 0.455641
0.908153 -0.463755 -0.539427 0.614892 -0.066709 0.437228 -0.323534 -0.517985 0.627524 0.140068 -0.332528 -0.306652 -0.294432 -0.145403 0.694664 -0.142119 -0.906296 -0.230922 0.939035 -0.317362 -0.811268 -0.047115 -0.086861 0.409076 -0.055069 -0.499030 -0.518101 -0.113844 0.749052 0.753167
-0.054326 -0.959612 0.012805 -0.021956 -0.086825 -0.509853 0.606830 0.267960 0.229292 1.038751 0.546384 0.684924 -0.349828 0.503253 -0.507816 -0.462688 -0.464743 -0.572775 0.643837 0.205975 -0.280879 -0.611806 0.061840 -0.700171 -0.381794 -0.315093 -0.264011 0.024198 1.090515 -0.357730
-0.221704 -0.656261 0.291593 -0.573331 -0.384769 -0.593423 -0.051138 -0.205881 1.013949 0.714020 -1.173903 0.894774 0.585147 -0.059260 -0.182827 -0.647043 -0.361530 0.962132 0.646193 0.435974 -0.580995 0.631717 -1.319867 -0.539872 0.111767 -0.019612 0.334429 0.378168 -0.266958 0.502477
0.155224 -0.511415 -0.255570 0.654781 -0.703275 0.615070 0.334695 0.024664 0.278050 1.575063 0.440815 -0.024604 -0.358735 0.285623 -0.036998 -0.236694 -1.117640 -0.359144 -0.531800 -0.460948 0.102460 0.094113 -0.099564 -0.647608 1.252780 0.458592 -0.355695 0.603760 0.187811 -0.834546
-0.119180 -1.244472 -1.015880 -0.169251 1.881885 0.166325 -0.060443 0.064313 0.526217 0.408933 -0.096748 -0.211830 0.556019 -0.396684 0.446947 0.387415 -1.157390 0.362299 0.711989 -0.441292 0.615969 -1.442771 -0.349558 -0.554364 0.281191 -1.089337 -0.476129 0.893415 0.279958 -0.636491
0.597102 -0.415897 0.315066 0.319927 0.107439 0.154763 -0.582520 -0.750014 -1.478053 0.779559 -0.744198 -0.928796 0.529654 -1.189217 0.309042 0.738199 -2.142160 0.708733 0.490771 -1.030541 0.859561 0.694658 -0.223535 -0.025417 -0.472276 -1.686809 1.413809 0.871541 0.300598 1.024557
0.926333 -0.446195 -1.171206 0.001262 1.043908 0.800389 1.098269 -1.075112 -0.161767 -0.013618 0.619228 0.058398 0.241728 -0.254531 -0.639352 0.118946 -1.357421 -1.121997 0.956994 0.570544 0.106350 0.660069 0.627187 -0.452725 -0.165210 0.504567 0.013830 0.492745 0.226930 0.662537
-0.290121 -0.267186 -0.289631 0.159351 0.779260 0.711689 0.655646 -0.985673 0.277152 0.051754 0.764585 -0.323656 0.763111 -0.380901 -0.019619 -0.438618 -0.630589 -0.216548 0.616626 -0.036568 0.609154 0.750802 0.499245 -0.168478 -0.028948 0.855783 -0.018470 0.495479 0.041252 -0.292693
-0.133651 0.694567 -0.091461 0.110609 -1.165562 0.873503 -0.176794 0.572454 0.557090 -0.491734 -0.297602 0.281137 -0.322072 0.557476 -0.059702 0.144057 1.370752 -0.398071 -0.323588 0.265690 -1.304355 0.738775 0.011078 -0.634027 -0.228994 -0.481141 0.467110 0.807097 -0.334405 0.555895
0.337775 0.912389 0.016738 0.750821 -0.733205 -0.563380 0.374014 0.759422 -0.500591 -0.976070 -0.118253 -0.647045 -0.382327 0.903508 -0.425177 0.265565 0.724360 -1.150347 1.385680 -0.721336 0.055870 0.095075 -0.434372 -0.572975 -1.055330 -0.162118 -0.929303 0.522572 -0.628097 -0.866371
-0.507792 -0.269331 0.357039 0.772961 0.531189 0.044257 0.554379 0.586621 -0.670863 0.383530 -1.068962 0.835734 0.682990 -0.525147 -0.712352 0.604678 0.130230 -0.199353 0.931868 0.217918 0.679286 0.771497 -0.282102 -0.079799 -0.473005 0.327419 0.673531 0.012085 0.516824 -0.091138
-0.233604 -0.401556 -0.202879 0.901201 0.379586 0.760856 1.095271 0.427504 0.696767 0.674171 0.064763 -0.245267 1.131659 0.572598 -0.972615 0.645187 -0.394170 0.441877 -0.982349 -0.356879 -0.011795 0.873363 0.288892 -0.610530 0.792896 -0.454375 -0.069014 -1.105605 -0.392581 -0.348149
-0.407779 0.280881 1.045252 -0.342012 -0.377296 0.657846 0.922331 1.104798 0.289950 -0.427128 0.268113 -0.531982 0.737968 -0.462803 -0.241807 -0.077950 0.382405 0.661397 0.855637 -0.358522 0.848066 -0.317438 -0.090824 0.916990 -1.084692 0.873886 -0.592309 0.335118 -0.784252 -0.524409
-0.437251 -0.075182 0.720607 -0.177973 -1.004349 0.094671 0.003754 0.567848 0.740972 0.019999 0.157748 -0.336903 0.355139 -0.680373 0.269124 -0.301994 0.332946 0.551103 0.509515 0.276012 0.883833 -0.115233 -1.010118 0.619506 -0.521428 -1.074634 0.251098 1.179464 -0.251647 0.085926
-0.289682 0.294811 0.465211 -0.593713 -0.677718 0.607193 0.407230 -1.114054 1.612290 0.094926 -1.115928 -0.536049 0.556109 0.701789 0.860449 -0.006979 0.181176 0.254479 -0.164768 0.021265 0.727181 -0.535938 -0.165334 -1.640673 -0.173139 0.654833 0.254621 0.342158 1.428307 0.360142
0.244753 -0.296636 -0.626630 0.171583 -0.044988 0.433527 -0.221818 -0.136558 1.611756 0.488527 -0.759939 0.539768 0.076880 0.457281 0.961852 0.594436 -0.303938 -0.292652 0.205555 0.713872 -0.493295 -0.768955 0.006093 -0.126208 1.391095 -0.627704 0.769274 -0.029472 -0.240490 -0.176290
0.754852 -1.186290 -0.407453 -0.738674 0.475579 1.004113 0.364426 -1.467688 0.915297 0.299797 0.230027 -0.252997 0.808950 0.316314 -0.115707 -0.277017 -0.421908 0.718929 0.221635 1.235143 1.491888 0.334555 0.090701 -0.895404 0.739091 -0.883834 -0.198666 0.747195 -0.504720 -0.971012
-0.344765 -0.180401 0.413276 -0.991601 0.920763 -0.393610 -0.233245 -0.495906 -1.419450 -0.011144 -0.434403 -0.929800 0.008385 -0.130395 -0.383993 0.626712 -0.440824 -0.682756 -0.297151 -2.123815 -0.281469 0.631177 0.182637 0.382512 -0.106702 -0.810417 0.482979 0.074143 0.481592 0.126692
0.017149 -1.379903 -0.904786 0.179953 0.755345 0.106164 0.698313 -0.237490 0.537106 0.317917 0.793883 -0.651625 0.635996 0.560166 -0.126951 -0.548273 -1.142559 -0.951153 -0.511330 0.167988 0.638092 -0.508518 0.033872 0.259321 -0.657331 0.166628 0.845854 0.638544 -0.054645 -0.154359
0.530249 -0.400899 0.441009 -0.146352 0.231149 0.577211 0.287450 -0.478982 0.365671 0.555654 0.220888 -0.672568 -0.540650 0.876778 0.290081 -0.837753 -1.374327 -0.958302 0.509789 1.343022 1.022378 0.205409 -0.569816 -0.269998 0.355806 0.939851 -0.157828 1.796647 -1.037746 0.047410
-0.228643 -0.347753 0.237983 -0.461906 -0.412271 -0.194801 0.634921 0.569585 -0.946745 0.357886 0.214037 -0.814522 -0.723189 0.144787 0.348914 -0.905902 0.047718 -1.155973 0.780003 0.295334 -0.907898 -0.011824 -0.680224 -0.415895 -0.158400 -0.464514 -0.006379 -0.029841 -0.199301 1.200216
0.751823 0.225359 0.355685 0.809050 -0.054660 0.012674 -0.909801 0.810637 0.126564 0.608543 -0.524839 -1.073184 -1.071116 -0.351223 -0.284229 0.355736 0.023536 0.129361 1.034909 0.065877 -0.247970 -0.557837 -1.450111 -0.059111 0.183254 -1.054809 0.296501 0.147812 -0.740621 0.828047
-0.160129 0.532241 0.423404 0.427589 -0.025364 -0.850364 1.025287 -0.439886 0.669375 -0.945860 -0.775639 0.241618 -1.231238 0.351994 0.747869 -0.198726 -0.629021 -0.314550 0.518715 0.613186 -0.419182 -0.135121 -0.219848 -0.842824 -1.002863 -0.167090 -0.736739 0.818884 -0.991892 0.604063
1.084114 -0.738752 0.197752 0.720815 0.315153 0.986734 0.847740 0.881694 -0.277910 -1.078516 0.185714 0.076735 1.186430 0.583333 -0.784560 0.378655 -0.566914 -0.418372 0.704817 0.055691 0.390075 0.608107 1.311719 0.545799 0.930029 -0.615545 0.553896 0.034448 0.469603 -0.011801
-0.196229 0.656357 0.459184 0.238682 0.415225 0.913651 -0.476552 -0.142421 -0.887006 -0.593694 -0.943174 0.690729 0.947582 0.499680 -0.837447 0.746706 -0.472156 0.829355 0.310695 -0.836013 -0.458378 -0.476147 -0.715010 0.889147 0.371475 -0.519133 0.295231 -0.032088 -0.314542 0.368645
-0.798077 -0.569024 0.232263 -0.626867 -0.088422 -0.941610 0.469348 0.280813 0.925363 -0.548409 0.522412 0.315375 -0.351741 0.551879 0.006277 -0.237078 -0.651993 0.629525 1.268178 0.571209 0.546001 0.015420 -0.360188 -0.045569 1.366584 0.485140 0.097697 -0.754780 0.618306 1.114583
-0.167848 0.210323 0.830699 -0.375346 -1.102382 -0.497101 0.621915 -0.097234 0.201355 -0.205316 -0.842587 0.045305 -1.602727 0.367734 -0.831410 -0.529895 -0.288198 -0.795052 0.189247 -0.834530 0.926626 -0.531954 0.651310 -0.694364 0.762924 0.781508 0.109437 0.253631 0.343374 -0.370527
0.607653 0.317332 0.334170 -0.214670 0.537284 0.587944 0.645658 -0.371707 1.237032 -0.144120 0.058385 1.539135 -0.566976 -0.143340 -0.162766 0.008599 -0.364235 -0.006072 -0.125934 1.323899 0.459101 -0.156339 0.702148 -1.347490 0.249410 0.461096 -1.209930 -0.902634 -0.527673 0.597173
-0.788500 0.068518 -0.937193 -0.606547 -0.124135 0.721433 0.930862 0.675047 -0.104174 -0.894696 0.079549 1.246762 -0.294616 -0.308487 0.340870 -0.565854 -0.124333 0.404468 -0.378137 -0.479205 1.115181 -0.082430 0.565111 -0.494984 0.087965 0.154610 -0.142921 -0.796401 -0.263259 0.379269
-0.926327 -0.793483 0.847620 -0.941615 0.179761 -0.345144 0.008930 0.122077 -0.385756 -0.051872 0.284134 -0.715913 0.016847 -0.157343 -0.130112 -0.935341 -0.042488 0.005802 -0.269577 -0.834089 -0.202699 0.269801 0.367921 -0.121952 -0.570988 0.644944 0.822987 -1.654116 1.290861 -0.614912
-0.040543 -1.452828 0.028616 0.855465 -0.315422 -1.812163 0.535348 0.083196 -0.226363 0.634195 -1.401385 -0.930870 0.682237 -0.015342 -0.221451 0.472481 -0.318830 -0.289873 -0.498003 -0.539611 0.384691 -0.628744 0.212637 0.404576 -0.430331 0.834298 -0.036652 0.740944 -0.614206 0.875160
-0.485492 -0.862515 0.097007 -0.071400 -0.417944 0.730255 -0.904159 0.605892 0.503543 1.832880 -0.708614 -0.145516 -0.318248 -0.759561 0.106632 -0.126190 -0.676200 -0.729776 -0.261914 -0.398050 -0.229111 0.687446 -0.577058 0.299854 -0.199554 0.647121 -0.531349 0.988005 0.876609 0.919323
0.847112 0.584556 0.417803 -0.437037 -0.881963 0.165000 -0.061435 -0.656844 -0.540522 1.847847 0.412878 -1.722881 -0.084679 -1.257906 1.111581 -0.108203 -1.442077 0.888270 0.496665 0.373309 -0.181590 0.823994 -1.423534 -0.206203 -0.416417 -0.182761 -0.010081 0.043859 -0.275924 0.699265
0.022402 -0.559882 0.651359 0.063389 0.146527 -0.579821 -0.113564 0.753709 -0.397001 0.424023 -0.058174 -0.374022 -0.982849 -1.068580 0.197910 -0.474523 0.607734 0.162008 0.458408 -0.729115 0.850357 0.996890 -1.257656 0.367171 -0.472674 0.729811 -1.151176 0.861631 0.051857 0.566989
0.655922 0.593525 -1.062192 -0.540687 -0.233902 0.226826 0.085372 -0.108869 0.262730 0.308055 0.554077 -1.028636 0.400137 0.457640 0.612691 0.845092 -0.071849 -0.727769 0.734786 0.635678 -0.646393 -0.386807 0.463794 0.075413 0.859434 -0.646654 0.088050 0.402257 -0.154394 -0.722756
-0.296668 -0.195697 1.055258 -0.309963 0.754441 -0.583946 0.241295 0.832470 0.620192 0.840057 -0.027656 0.242359 0.455186 -0.751138 -0.737827 -0.655758 0.063254 0.638069 0.760242 0.893352 -1.002604 0.465738 0.149305 0.682842 -0.578786 0.673031 0.049498 0.507602 -0.383855 -0.330501
0.208074 0.925943 0.709629 0.170745 -0.331679 0.779015 0.056053 0.529303 0.593142 0.750240 -0.839264 -0.258475 -0.397095 -0.619469 0.585363 -0.667723 0.632863 0.015197 -0.391191 -0.453099 0.701836 -0.962794 0.618558 -0.835745 0.029436 -0.721052 0.391721 0.222911 -0.025722 0.005471
-0.769014 -1.198487 0.220263 1.094281 0.467417 -0.087195 -0.354738 -0.438466 0.051864 -0.436264 0.633228 0.141994 -0.029216 -1.161844 -0.018803 0.717374 1.133163 -0.264560 1.234227 0.272593 0.697213 0.419359 0.241892 -0.824832 -0.736112 0.073623 -0.552511 -0.478622 -0.464100 0.579272
0.827986 0.447468 -0.101422 -0.129881 0.017102 -0.795413 -0.801592 0.373360 0.033685 0.806314 -0.177198 0.415248 -0.021315 -0.414440 0.851007 -0.224212 0.079704 -0.921080 -0.813030 0.196639 0.074822 -0.074532 0.864433 -0.991506 0.251941 -0.751813 0.220732 0.311165 0.383363 0.706551
-0.300473 -0.348931 0.843319 -0.625020 0.222814 -0.698963 -0.905190 0.654183 0.612432 0.129923 0.513010 0.267032 -0.877533 -0.135907 0.614733 0.507649 0.624416 -0.586646 -0.538355 0.296055 -0.383529 -0.753565 -0.037924 -0.639353 -0.871941 0.309964 -0.058392 -0.038933 -0.358926 -0.130861
-0.714684 0.643379 -0.303950 0.753497 -0.215341 -1.542666 -0.937435 0.244619 0.719291 -1.925450 -0.998490 0.895334 0.134000 0.343732 -1.232833 0.109081 0.515507 -0.440748 0.499137 -0.496048 0.740516 -0.326592 0.463714 0.725148 -0.951664 1.864876 0.047190 -0.267990 0.189830 -1.023572
-0.120740 0.062063 0.345635 -0.866000 -0.719522 0.070874 0.485351 -0.067132 0.422935 -0.389333 0.758014 -0.433533 0.102435 1.239402 -0.746751 -0.587166 -1.359025 0.587555 0.899615 -1.114235 -0.303153 0.002143 0.113313 1.072073 -1.248232 0.528837 -0.041877 0.474248 -0.234101 0.342231
0.812172 0.271210 0.061645 0.704262 -0.316165 -1.236965 -0.654322 -1.017631 -0.169263 1.701451 -1.078856 0.571184 -0.455734 0.340607 -1.085789 0.776846 0.167795 -0.266736 -0.749387 -0.281414 0.028959 -0.359414 0.633889 0.560307 -1.175590 0.149193 0.035978 1.629815 -0.880001 -0.393183
0.129339 0.205695 0.198245 0.063594 -0.132646 -0.294546 -0.124442 -0.452340 -0.040579 1.693418 -0.177202 0.183556 0.366344 0.109624 0.768327 0.767198 0.332906 -0.054238 -0.854148 -0.167841 -1.032061 0.253319 0.393707 0.849977 -1.015048 -0.066686 -1.170415 0.830911 -0.370348 0.938770
0.562881 0.369438 0.132019 -0.107814 -0.343243 -0.511944 -0.245674 -0.021167 -0.021134 0.755080 -1.646041 0.395016 0.243948 -0.427156 -0.181683 -0.686411 -1.052141 -0.761866 -0.415226 0.005662 -0.349887 -0.070247 -0.275385 0.471496 -1.016140 0.446380 0.361876 0.608377 0.980272 1.174344
0.715936 0.354025 0.052654 0.214666 -0.287695 1.189373 -0.665344 0.366646 1.143523 -0.145559 -0.264821 -0.658044 -1.298482 -0.643959 -0.623886 0.124428 -0.345176 0.158484 0.920011 0.182172 0.777986 0.288034 -0.443561 0.108796 0.023627 -0.979550 -0.480880 -0.073409 -0.228675 0.391425
-0.509129 -0.765855 0.225133 -0.356189 0.794156 0.143948 1.069264 -0.319369 0.469865 -0.353255 -0.562646 0.649043 -0.722588 1.010179 0.323907 -0.641545 0.248863 -0.444304 -0.252915 -0.491774 -1.005805 0.110390 -0.389795 0.766196 -0.718261 -0.300511 -0.603900 -0.913617 1.000100 -0.475159
0.170941 -0.873409 0.355339 -0.360337 0.687819 -0.464878 -0.127314 -0.394547 0.265312 -0.191787 -0.377759 -0.360736 -0.584312 1.074018 0.251912 0.322063 0.564916 -0.068346 0.611794 0.748505 -0.409830 0.504197 -0.127189 0.830258 -0.795300 0.593541 0.561923 0.573297 -0.147982 0.730297
-0.186367 0.752157 -0.457072 0.520250 0.887825 0.264394 -0.016104 0.597268 0.252035 -0.190238 0.492615 -0.207461 0.495534 0.107981 0.302155 0.373438 0.245495 -0.280625 -0.282116 -1.261080 -0.993086 0.333280 0.550439 0.691170 -0.849512 0.188862 -0.700873 -0.172581 0.109466 0.042153
0.858420 0.274239 -0.329923 -0.228839 0.763360 -0.238124 -0.338445 -0.583611 0.143666 -0.798493 -0.988170 -0.325177 -0.781061 -0.646230 0.968614 0.943070 1.408120 0.190065 0.495746 -0.194428 0.251137 -0.850194 1.264432 -0.428193 -0.562934 0.077680 -1.079485 -1.490818 -0.571622 0.527695
1.121186 -1.026562 -1.144917 0.683657 0.438329 0.490707 -0.786129 -0.230879 -0.315960 -0.080712 -0.266873 0.087002 -1.175195 -0.117627 0.698005 0.388837 0.370272 -0.427366 0.013105 0.580272 -0.271748 -0.205385 -0.084946 0.076957 -0.754173 0.668141 -0.390346 -0.401247 0.476222 0.807408
1.160735 0.238795 -1.069451 0.604521 1.140646 -0.837359 0.681325 -0.744506 0.083955 0.076323 0.399847 0.820588 -0.344753 -0.353479 0.046223 0.135562 0.967169 -0.458020 -0.615824 -0.351312 0.757110 -0.638780 0.610202 -1.368282 0.347975 -0.054026 0.370975 0.590988 0.265955 -1.297155
1.017289 0.444250 0.545688 -0.384276 -0.561211 0.324033 0.802950 -0.295114 -0.471432 -1.012392 0.380294 0.924994 0.442911 -0.357320 0.630526 -0.943222 -0.086108 0.077118 -0.414209 -0.532498 0.040761 0.549899 -0.025325 0.200318 0.674032 0.148794 -0.549896 -0.911587 1.113540 -0.741614
-0.321005 -0.836831 -0.635729 -0.279399 -0.617564 -0.157830 -0.272913 -0.193225 -0.707119 -0.615982 0.139813 0.608803 -0.733019 0.680045 0.012996 -1.426610 0.272799 0.334196 -0.115486 -0.427943 -1.365108 0.977529 -0.054183 0.475373 0.982733 -0.369503 -0.622401 -0.364847 1.112757 0.157385
1.112234 0.611723 -0.985456 0.269954 0.508654 0.272011 -0.134804 -0.088145 -0.364585 0.291098 -0.360277 0.846171 0.388066 0.865366 -0.695901 0.217336 -0.126513 0.688643 0.533265 0.271166 -0.033826 0.748117 0.362062 0.037139 -0.244497 0.345652 -0.658136 -0.969620 0.275054 0.667698
-0.438487 -0.012417 0.308935 -0.319935 -0.062396 0.810713 0.747721 0.179667 0.611752 0.503061 -0.878994 0.428657 -0.094017 0.294593 0.811209 0.444356 -0.379439 0.479293 0.704379 -2.069763 -0.688111 -0.825454 0.588524 -0.996152 0.614988 0.273218 -0.977147 -0.236195 0.017296 -0.009531
-0.687595 -0.398286 -0.341867 0.734535 0.202305 -0.205392 0.404191 0.748897 -0.285115 0.490215 0.552571 -0.320307 0.551213 -0.346864 0.971528 -0.613219 0.252135 0.228728 -0.477648 0.272896 0.811979 -0.433042 0.873145 -0.956466 -0.460511 0.831893 -0.616309 -0.249869 1.062524 0.994352
-0.958067 -0.237263 0.253942 0.362505 -0.066755 0.795254 0.215101 0.355988 -1.163810 0.029113 0.250605 -0.447770 -1.093589 -0.690852 -0.121591 -0.826995 -0.283312 0.472338 -0.203140 -0.484485 -0.736744 -0.496213 1.285774 -0.540662 0.165246 0.681620 0.253246 -0.591379 0.596972 0.425169
-0.332930 -0.510339 0.631985 0.218705 1.036278 0.709812 0.297872 0.770916 0.378127 -1.017413 -0.659025 0.364358 -1.069779 -0.485379 -0.246037 -0.656228 0.466805 0.316775 -0.777999 -0.530526 -0.852750 -0.497159 1.110935 0.518740 0.801145 1.062068 0.110327 -1.205063 0.699392 -0.544285
0.461291 0.699624 1.065122 -0.176954 0.690359 0.510367 0.521826 0.194207 0.423478 -1.074723 1.046734 -0.025331 0.787957 0.990214 -1.071879 -0.421368 0.771810 0.307050 -0.624156 -0.935810 0.580714 0.170867 1.240938 -0.021649 -0.344227 -0.157460 -0.651507 -0.269468 -0.026655 0.360563
0.476933 -0.666695 -0.514344 -0.905319 -0.488489 -0.521585 0.076157 -0.312700 -1.067815 0.803912 -0.304030 0.146890 -0.156086 0.075150 0.651399 -0.611206 -0.204203 0.391502 -0.725944 0.747420 -0.002889 -0.295495 0.100944 0.395571 -0.537726 0.853461 0.327810 -0.185279 0.373425 -0.647007
0.351474 -0.102083 -0.852553 0.272790 0.445906 -0.109654 0.452283 0.491283 -0.050755 -0.524997 0.326748 0.026634 -0.654433 0.263622 -0.434839 -0.009085 1.070002 0.316646 -0.659260 0.590169 -0.417143 -0.153547 0.969666 0.273112 -1.044158 0.530907 -0.409519 0.130716 0.655999 0.765714
-0.350747 0.887971 -0.448736 0.371628 0.210759 0.081082 0.081322 0.877968 -0.339289 -0.836786 -0.269240 -1.149442 -0.861573 -0.709150 1.032400 0.248748 0.525067 0.100226 -1.267518 -1.032271 -0.198926 0.215714 0.086186 -0.695072 0.321925 0.162116 -0.623951 -0.012451 -0.343426 0.525906
-0.362045 -0.735538 -0.483303 0.654971 0.850557 1.193524 -0.640834 0.382240 -0.748954 0.596281 -0.878925 0.409016 -0.488983 0.292379 0.452247 1.052826 0.539252 -0.203748 -0.465575 0.212693 0.276109 0.158328 -0.064006 0.392900 0.381629 -0.116461 -0.074491 0.208970 0.574235 -0.794546
0.092834 -0.127367 0.044639 -0.506332 -0.383187 0.902953 0.689219 0.129918 -1.148694 0.855927 0.439664 -0.582125 -0.743476 0.198636 -0.387798 0.318951 0.450803 0.266971 0.268588 1.108908 0.862371 0.042711 -0.269660 -0.326979 0.700564 -0.503766 -0.508023 -0.002884 0.956740 -1.162982
-0.335691 0.446322 0.616730 0.002359 -0.243833 1.028441 0.348506 1.002003 -0.294420 -0.497915 -0.070864 0.355162 1.032142 -0.794197 0.284200 -1.242788 0.351024 -0.191226 0.020022 0.346717 -0.980568 0.786686 -0.452566 0.963010 -0.307027 -0.037739 -0.514879 -1.071235 1.386897 -0.564321
0.181354 0.466355 -0.659142 0.015787 0.093292 -0.261834 0.916767 0.742603 -0.539416 -1.440590 -0.509654 1.878599 -0.360061 0.896063 0.104126 -0.570583 -0.560151 -0.754246 -1.225608 -0.796525 -0.961130 0.535388 0.047803 -0.093545 0.614531 -0.519450 -1.310767 -0.847608 0.440283 0.472676
-0.766011 -0.384828 -0.055710 0.720983 0.388067 0.158194 -0.642794 -0.345777 0.499778 -0.028737 -0.597159 1.522571 0.592451 1.175990 1.946771 -0.886830 -1.435532 0.714866 -0.072466 -0.514244 0.705222 0.712739 0.187981 -0.266128 0.542916 -0.328021 -0.807808 -0.105622 0.360996 0.221792
-0.295783 -0.241073 0.103590 -0.065675 0.376819 0.061272 -0.311281 0.172425 -0.254530 0.299548 -0.187381 0.291638 -0.134603 0.986195 1.316869 -0.104290 -0.573720 -0.109665 0.052032 -0.863984 0.925112 -0.731674 1.248855 -1.862148 -0.512602 0.898291 -0.857749 -0.273551 -0.486446 1.112812
-0.441014 -0.207974 -0.258974 -0.494172 -0.259320 0.494479 0.719366 -0.289774 -0.206905 0.323103 -0.265737 0.761009 -0.833718 1.383021 -0.411329 -0.529948 -0.658610 0.513421 -0.840129 -0.792043 0.454408 -0.584175 1.234039 -0.859382 -0.332902 0.070722 -0.293568 -0.092862 0.393965 0.951081
0.217319 0.896873 -0.536823 -0.304779 0.511131 0.936540 -0.203619 -0.632027 0.692124 0.874231 -0.366480 0.681494 0.382564 0.579550 0.385851 0.273949 -0.283298 -0.646591 0.739907 -0.292363 -0.763663 0.095117 0.395657 0.661062 -0.434876 -0.607833 -1.267964 0.006709 -0.473481 -0.882745
-0.139550 -0.184001 0.858260 0.496862 0.936612 0.163312 0.055343 0.333112 -0.756095 0.470734 -0.724074 0.243399 -0.139663 -0.548884 0.476840 -0.865768 0.203668 0.136581 -0.516952 -0.723728 -0.484132 -0.613532 -0.625760 -0.959267 -0.412577 -0.299029 0.315669 -0.161670 -0.833319 -0.663177

Bias v0 (Oculta):
0.852620
0.253588
0.255635
-0.289864
0.050964
-0.130135
1.112692
-0.602391
-0.729158
0.836999
0.236899
-0.643927
0.233683
0.030526
-0.686491
0.443912
0.979940
0.036573
0.088299
0.115395
-0.766582
0.849508
0.705318
0.110108
0.877905
0.302375
-0.099716
0.343822
-0.742048
0.821994

Pesos w (Oculta -> Sa獮a):
0.388628 -0.892808 0.661499 -2.434870 -0.494671 -1.031343 0.123500 -0.111016 -1.114905 0.148683 0.354738 -1.060193 0.970329 -0.672802 0.045237 -0.619743 -0.391556 -0.308310 -1.523006 0.197772 -0.363215 -0.911240 -2.718986 -0.280399 -0.857972 -1.447681
-0.549681 -1.127105 -1.621574 -2.296910 1.022821 -1.059066 1.312221 0.481403 0.291459 0.198272 0.204703 2.344154 0.491904 -0.758845 -2.649608 -1.175052 -1.394674 -0.375462 0.840567 -2.784283 -1.475812 0.525076 1.086384 -0.266132 0.433578 -2.638036
-0.764048 0.100620 -1.863263 1.269598 -0.094020 -0.769984 -3.544793 -0.097529 -1.449468 0.549939 -0.005715 -0.052377 0.344823 -2.691279 -2.990898 -1.038453 -0.660129 -0.211681 0.296717 -0.753612 -0.112274 -1.803607 0.465932 0.219812 -0.120870 0.340711
-0.103215 -0.652022 -0.805815 -0.283981 0.025933 -0.378152 -1.427174 -0.653685 -0.947467 0.381861 0.092482 0.013837 -0.061766 -0.899962 0.139276 0.000209 -0.757450 -1.744386 0.142569 -1.017896 0.554729 -0.017043 -1.124499 -0.038165 -0.155188 0.683107
-2.184648 -1.823285 1.704372 0.115287 -1.576688 -0.240716 2.406181 1.429667 -0.337679 -0.977116 -1.651392 -1.431574 -0.828777 0.273020 1.606100 -1.603105 0.823660 -1.548389 -1.851587 1.400775 0.626784 1.085970 1.019897 -1.402141 -2.949829 -2.524924
0.320768 -3.164201 0.264851 -1.151873 -1.514317 -0.948863 1.285428 -1.966075 -0.102999 -0.207993 0.204930 -0.130529 -1.870113 -0.187633 0.828321 -0.625282 0.277531 0.136577 0.209017 0.026078 0.210307 0.059694 0.422759 -0.081229 -1.635114 -0.870296
-1.814677 -0.941514 -0.219555 -1.013091 -0.864939 0.059677 -1.710005 -1.557287 -1.783796 -0.767312 -0.055010 -1.502645 -1.745057 -1.460080 -0.794222 -0.527546 -0.731784 0.314430 -1.020252 -1.052425 -0.360729 -0.529683 -1.058051 0.559011 -1.268378 -0.985585
-0.623862 0.307774 0.692102 -2.413875 -0.008911 -0.535653 -1.035254 -1.459658 -1.059006 -0.285919 0.118580 -0.935082 0.070885 -0.197568 -1.064529 0.093934 0.095844 0.187264 -1.109608 0.163402 -1.217261 0.980633 -0.006831 -0.679830 -0.072678 -0.464381
-1.283491 -2.261794 -1.035146 -0.607800 1.590473 -0.926223 0.192483 -1.683287 0.203159 -0.532571 -1.896192 1.477706 -2.186658 1.600824 -1.532086 -2.213925 1.833291 -2.061519 2.722565 0.073694 -0.079876 -2.204733 -1.135768 1.943383 2.052852 0.724485
-2.010893 -1.197663 0.371094 -0.092397 1.452238 0.521375 -1.624130 -2.005761 1.507251 -1.809933 -2.249160 -0.183406 0.220854 -1.512393 0.073925 2.880339 -0.796612 -1.663147 -3.830299 0.510768 -1.866912 0.990025 -1.740518 2.070622 0.949676 0.824354
-1.427817 0.939155 -0.152276 1.470744 -0.771653 -0.303861 -1.594120 -1.792820 0.022163 -0.940322 1.188018 -0.536780 -0.218224 1.484671 -1.347924 -0.884832 0.926395 0.971276 -0.946055 -0.798462 -1.202363 -1.439972 0.827625 -1.681939 -0.146816 0.141526
0.287561 0.335761 -1.441774 0.525406 -1.762859 -0.081932 1.200773 1.483741 1.209644 0.278488 -1.005199 -2.682907 0.330632 1.514591 -0.018921 1.376142 -3.030220 1.738516 1.419153 0.615506 -2.931245 -1.843956 -2.578492 0.438620 1.364310 -2.792162
1.403926 -0.995554 -1.436511 1.123351 -1.931492 0.279827 -0.266847 -0.632994 1.927370 3.341079 0.711330 -1.462524 0.800393 -0.064842 1.320962 0.064530 -0.426433 -1.327323 -2.876122 -2.521914 -0.502520 -2.353830 0.493521 -1.470308 -1.335641 0.397979
0.003909 0.619101 -0.978031 -0.251136 -2.184040 -0.180358 -1.149937 -0.528481 -2.082270 -0.845920 -0.813827 -1.198495 -0.801023 -0.464992 0.823809 0.472344 -4.006602 -2.555584 0.092988 -0.830386 0.058034 -0.403514 -0.692694 0.337132 0.033946 0.119767
-0.259262 -0.882652 -0.984825 -1.170189 -0.254982 -0.761115 -1.785140 -1.052499 0.734346 2.459932 -0.362677 0.374635 -0.095492 -0.855679 -0.928524 -0.738461 -1.369449 -0.554394 -1.122147 1.859090 -1.660812 2.929913 0.828625 -1.152588 1.035113 -1.312548
0.337088 1.736552 -0.974514 -2.570178 0.233497 0.361631 0.415351 1.015936 -1.806786 -0.343459 -0.554843 -0.771026 2.149343 -1.770948 0.813825 -1.122001 1.478787 0.652213 0.092075 -1.566896 1.304685 0.251910 -1.429277 -1.160445 0.571588 -0.077802
1.444905 1.820891 -1.742593 -2.814323 1.684952 0.297086 1.714054 1.586178 2.104903 -2.029574 1.511383 -1.251189 -1.148524 0.757341 -2.710539 -1.762730 0.205024 -1.482154 -0.222956 1.473982 -2.045927 0.589176 0.583533 -1.087568 0.182778 -0.914306
1.271430 -0.027671 -0.228338 0.021179 0.640029 -0.755240 0.156652 0.154059 -0.370456 1.386865 -4.370741 -2.678881 -1.683466 -1.443732 1.121727 1.516559 0.114454 2.190029 1.459147 -0.465678 -1.023452 -1.723446 1.701233 -1.531990 -3.021302 1.441520
0.793540 -0.123477 0.816217 1.188653 -1.182079 0.172617 -0.076680 0.378045 -1.031890 0.023933 0.574353 -0.411987 -3.196056 0.331178 -2.671435 -0.646807 -0.707516 -0.768018 -0.748326 0.541018 0.372531 1.027102 -1.257883 -0.228309 0.127744 -0.110458
-0.442568 -0.799623 -0.385893 -0.994498 -0.913634 -0.234532 -0.392846 -0.758221 3.722187 -1.104114 -0.073200 0.103719 1.197835 -0.029021 1.616997 -1.314699 -0.405077 1.966049 1.496379 -2.960926 -1.151671 -1.161590 1.381418 -0.154868 -0.588610 0.938181
-0.113567 -1.413369 -0.797667 1.764661 0.139347 0.437574 -0.608511 -0.523258 -0.070270 -1.564240 0.142779 -0.149564 -0.156781 0.402153 0.638851 -0.657156 0.849892 -0.867345 0.025938 -0.135378 2.401642 -1.243737 -0.091056 -1.345285 -0.010332 -1.226467
0.107153 -3.334680 1.795235 -0.172488 0.530905 -0.400987 -0.289385 0.682945 -2.374958 -1.630773 0.701408 -0.222966 0.259119 -0.079990 -0.998891 -0.909665 -1.430041 1.664812 -0.688899 -2.066516 0.352454 -0.919449 0.725417 1.228041 0.501806 -1.477333
-3.566364 1.191211 -2.096993 1.479039 -2.010464 -0.964411 1.013375 0.228263 -0.572165 -1.803531 -1.947144 0.643822 0.408268 1.546417 0.115474 0.113215 0.741485 -3.810443 0.846895 -0.592180 0.790484 0.444952 0.788574 -2.604847 0.332246 -1.496968
0.785125 1.216770 -1.180494 1.013047 1.608514 0.366946 -0.334938 1.320767 -2.348562 -3.312597 1.844304 1.527446 -0.330803 0.785272 -0.685221 0.604465 -0.985215 -0.122850 -2.167030 -1.333641 0.582992 -1.475493 0.253000 0.002367 -3.144692 -0.421125
0.651813 -0.064769 -1.119170 -0.907900 -0.711806 -0.949232 -1.859603 -2.290908 -1.431987 -0.192823 -1.450372 -1.496133 2.960770 2.255099 -0.810192 -0.742565 0.889474 -0.696148 -0.995455 1.607272 -1.236084 -1.645596 0.439550 2.064224 -1.153198 0.305313
-1.770811 -1.156939 -0.655783 -1.183654 0.631168 -0.173355 -2.539373 -0.279209 0.752366 -0.998702 0.588495 -1.736536 -0.170530 -1.166395 1.784513 -1.349944 -0.936949 -1.757653 0.763325 1.547757 0.278567 -0.711066 0.782814 -0.557923 -0.845327 0.588435
1.573818 2.323362 0.544381 2.276499 1.372701 -1.148594 1.763705 -2.194629 1.699093 -1.558649 -1.999705 1.542277 -1.435777 -1.239812 0.625127 -3.648171 1.223347 0.259477 -0.034751 -0.912717 -3.435988 -1.923562 -1.499157 -2.130008 -2.599875 -0.393654
0.242220 -1.158905 0.814554 -0.748219 -1.924983 0.073438 -1.251943 0.069588 1.793886 -1.306129 -1.184434 3.168950 0.697191 -1.027700 -1.967507 -1.032891 -0.641087 -0.134422 -1.303654 1.268155 0.774561 -1.676459 -0.406587 -0.204779 -1.014295 2.451496
-1.248426 -0.348198 -2.010717 1.278797 -1.928399 0.227772 -2.119399 2.670765 -0.604440 -1.700502 -2.038000 -1.286576 0.168867 1.190301 -0.951405 1.657845 2.067174 1.587132 -2.095670 -0.576784 -0.586370 1.561023 -0.394222 -1.172396 -2.779997 -0.951779
-3.398900 1.519592 1.140682 -0.384927 0.779029 -0.929981 -1.010300 -2.981258 -2.018788 1.347589 1.146380 0.432969 -0.655864 -2.150929 0.575011 1.017604 0.434778 1.553391 0.354448 -0.329977 -0.528668 0.415371 -1.470936 -2.925408 1.014902 0.297616

Bias w0 (Sa獮a):
-1.071280
-1.120042
-0.486445
-1.634471
-2.007698
0.064488
-0.561519
-1.400075
-0.441034
0.054933
-0.992353
-1.157536
0.120474
-1.352830
-1.002384
-1.139926
0.140978
-1.215478
-0.810732
-0.699852
0.296545
-1.371976
-0.236551
-1.125126
-0.179251
0.258020
